,ID,cc_cons,cc_cons_apr,dc_cons_apr,cc_cons_may,dc_cons_may,cc_cons_jun,dc_cons_jun,cc_count_apr,cc_count_may,cc_count_jun,dc_count_apr,dc_count_may,dc_count_jun,card_lim,personal_loan_active,vehicle_loan_active,personal_loan_closed,vehicle_loan_closed,investment_1,investment_2,investment_3,investment_4,debit_amount_apr,credit_amount_apr,debit_count_apr,credit_count_apr,max_credit_amount_apr,debit_amount_may,credit_amount_may,credit_count_may,debit_count_may,max_credit_amount_may,debit_amount_jun,credit_amount_jun,credit_count_jun,debit_count_jun,max_credit_amount_jun,loan_enq,emi_active,account_type,gender,age,Income,Emp_Tenure_Years,Tenure_with_Bank,region_code,NetBanking_Flag,Avg_days_between_transaction
0,12554,20014.0,24893.0,378.0,10288.0,29664.0,16291.4,11432.0,2.0,26,10,48,14,47,430000,1,1,1.0,1,593.2,1244.14,787.0,6885.0,85919.48,25192.0,24.0,6,25296.0,11527.5,191777.13,2,40,24563.0,30051.32,12761.0,2,65,50836.0,Y,1674.09,current,M,35,MEDIUM,15.0,1,708.0,0,17.0
1,17645,10173.0,18941.62,966.0,20672.0,287.0,4217.0,885.0,1.0,7,13,3,21,31,127500,1,1,1.0,1,213557.15,172678.56,90525.0,1500.0,12255.75,88693.37,35.0,36,80750.0,92276.57,71162.0,2,78,23948.0,42119.05,76206.0,21,63,23226.0,Y,13043.34,current,M,35,HIGH,15.0,6,123.0,0,14.0
2,7604,16095.0,5678.87,2724.0,1964.5,3933.11,23956.25,5168.0,43.0,32,102,4,1,80,199999,1,1,1.0,1,165907.57,470000.0,25524.0,3735.0,34193.0,84880.0,72.0,9,38466.0,19343.0,70978.0,2,82,10752.0,58373.25,75283.0,7,1,27036.0,Y,25375.27,current,M,55,MEDIUM,24.5,1,802.0,1,3.0
3,1590,7707.0,30489.5,1236.0,12609.88,9138.14,17521.0,13650.3,53.0,1,50,1,1,10,155000,1,1,1.0,1,81872.65,223379.4,48500.0,-4679.0,11558.23,236326.0,43.0,30,52732.0,43867.91,63033.84,23,38,12607.0,69851.51,68708.0,21,83,43037.0,Y,3544.33,current,F,29,MEDIUM,4.5,6,867.0,1,4.0
4,16556,96408.0,7441.4,6906.04,4364.0,1939.0,2121.0,6829.18,67.0,47,82,54,16,68,297000,1,1,1.0,1,568.8,385000.0,183999.0,6916.0,17022.81,58897.03,46.0,36,19613.0,153253.71,30286.0,24,50,25213.0,10071.0,80140.0,8,32,32044.0,,12780.44,current,M,34,MEDIUM,12.600000000000001,4,802.0,1,7.0
5,19106,130263.0,2328.22,1597.54,19979.75,1045.85,11686.255,628.0,6.0,7,59,25,3,12,150000,1,1,1.0,1,63590.4,142608.5,96558.0,-4664.0,33149.03,34463.0,11.0,2,18433.0,35826.7,19584.0,43,2,21440.0,52292.68,199925.5,2,35,17284.0,Y,5026.5,current,M,27,MEDIUM,4.9,3,958.0,1,11.0
6,10086,113479.0,1643.81,5009.13,8921.62,2151.0,6677.955,1185.0,10.0,2,5,1,44,17,187000,1,1,1.0,1,48796.45,74599.9,33774.0,3983.0,23194.85,18825.0,42.0,5,19157.0,56060.5,64994.0,2,25,20444.0,27354.56,200391.0,58,12,6779.0,Y,1534.93,current,M,32,HIGH,4.800000000000001,6,805.0,1,18.0
7,3045,7463.0,5768.5,1963.0,84272.63,1956.0,6794.46,1225.0,26.0,1,59,25,2,7,120000,1,1,1.0,1,291969.2,51531.0,19400.0,5464.0,15211.28,74444.0,46.0,15,58876.0,47179.94,78997.0,1,63,5473.0,52411.93,7422.0,5,58,56900.0,Y,14689.56,current,M,28,MEDIUM,4.800000000000001,5,448.0,0,16.0
8,17368,5712.0,721.0,2405.9,28933.37,5672.0,21473.0,1009.0,92.0,34,84,1,18,1,110000,1,1,1.0,1,9624.6,156215.3,24619.0,4856.0,37737.64,57512.0,2.0,4,10887.0,32616.0,36852.0,70,81,27418.0,59500.9,10425.53,2,79,12626.0,Y,4583.09,current,F,67,MEDIUM,42.300000000000004,6,631.0,1,12.0
9,9756,7647.0,48575.24,4003.8,2112.49,2572.0,15782.52,5623.4,6.0,4,87,51,3,34,170000,1,1,1.0,1,139323.25,135552.85,4000.0,-5439.0,64904.66,14864.78,103.0,36,71395.0,71617.81,120696.0,17,82,1145.0,285604.5,49972.5,2,63,18524.0,Y,16839.22,current,M,37,LOW,17.0,4,516.0,0,4.0
10,14772,15896.0,66617.0,15049.0,23214.0,3562.0,72910.0,1486.5,44.0,65,59,57,27,2,390000,1,1,1.0,1,72937.76,76365.24,908.0,4795.0,2832.01,5272.0,11.0,4,12515.0,165676.48,84667.36,3,31,15636.0,35823.52,153848.0,43,11,21564.0,Y,296.29,saving,M,46,MEDIUM,10.4,5,325.0,1,11.0
11,16901,140730.0,1928.0,3562.0,3184.14,6815.5,19197.62,1338.0,1.0,66,13,22,21,9,330000,1,1,1.0,1,5688.0,60481.0,579.0,7478.0,32302.87,50436.39,67.0,43,15550.0,58411.71,60430.0,4,12,56665.0,1021.0,35132.0,94,10,171363.0,Y,2391.74,current,M,38,MEDIUM,12.600000000000001,10,867.0,1,3.0
12,9853,164613.0,9304.07,10117.0,19837.97,1015.0,860.0,1956.0,7.0,77,67,18,9,9,240000,1,1,1.0,1,165907.57,100000.0,,2921.0,138532.76,93317.0,77.0,0,33300.0,41518.57,46213.0,9,11,17785.0,126930.15,30335.0,2,106,63214.0,Y,,current,M,64,HIGH,22.0,5,805.0,1,20.0
13,678,18331.0,20743.54,6748.0,1582.48,888.0,2479.5,1017.0,52.0,36,9,1,12,2,267000,1,1,1.0,1,12.19,1752254.0,51520.0,5730.0,47510.89,72342.0,40.0,15,9400.0,125301.0,169247.87,9,5,25578.31,19113.13,92443.0,94,50,155924.0,Y,3862.96,current,F,33,HIGH,9.1,7,723.0,0,20.0
14,11040,12329.0,18560.26,5431.86,11728.92,3021.0,2321.3,5150.0,531.0,22,19,1,36,29,49999,1,1,1.0,1,471.05,15395.48,300500.0,1465.0,42363.6,37242.25,16.0,5,31486.0,22907.1,141080.0,3,108,28870.0,20763.12,748139.0,3,12,24813.0,Y,3362.62,current,M,62,MEDIUM,29.400000000000002,3,243.0,1,18.0
15,6147,10069.0,4375.13,1035.0,14183.42,12489.0,10521.5,5124.0,,27,79,8,1,6,199999,1,1,1.0,1,28482.5,152664.0,,10770.0,61196.87,46606.0,32.0,3,32717.0,8910.0,135737.0,2,12,19669.0,39971.35,461.79,3,83,10040.39,Y,288.38,current,F,28,LOW,4.0,3,385.0,1,
16,1585,222566.0,15465.26,2854.21,291.5,3400.0,17374.765,7945.2,16.0,19,7,82,55,77,410000,1,1,1.0,1,4614669.901,134890.0,16114.0,20513.0,28217.0,116884.0,12.0,13,69973.0,12844.5,96092.0,4,7,14898.58,58501.21,11867.0,43,68,388145.0,Y,1945.12,current,M,29,MEDIUM,9.0,10,860.0,1,10.0
17,19346,14694.0,23354.88,7177.5,3750.43,2277.0,11712.0,14268.0,2.0,77,2,24,31,1,403000,1,1,1.0,1,22086.05,38173.0,14904.0,0.0,110396.5,8039.0,7.0,1,17175.0,21397.26,177596.0,6,14,47709.0,40627.38,466079.25,94,25,20040.0,Y,21718.02,current,F,28,MEDIUM,7.2,1,863.0,1,20.0
18,7262,3045.0,23517.0,10675.26,6612.45,1897.0,4801.0,3800.79,43.0,31,5,1,25,34,461000,1,1,1.0,1,3247.5,610000.0,3570.0,5464.0,11828.0,23582.0,1.0,6,1430.0,23084.0,406833.05,6,105,2555.95,29073.75,26238.0,5,68,65571.5,Y,3593.73,current,M,66,MEDIUM,23.0,5,700.0,1,20.0
19,1202,279.0,21434.0,12764.0,1245.76,188.0,4648.3,21927.62,6.0,77,82,25,3,47,327000,1,1,1.0,1,1895.04,30453.0,583.0,2921.0,70927.84,35252.21,29.0,31,167077.0,66113.3,175193.0,4,50,45065.0,85276.0,44530.0,19,10,30352.0,Y,1893.46,saving,M,55,MEDIUM,24.5,7,928.0,0,20.0
20,7791,14040.0,41998.07,3872.0,4447.65,368.0,22165.0,6767.2,5.0,27,46,3,15,5,427000,1,1,1.0,1,19087.6,1475000.0,8417.0,1992.0,89682.36,38030.0,10.0,1,69308.0,33053.13,12874.0,50,12,2951.0,12439.39,11299.0,16,26,48649.0,Y,452.76,current,M,60,MEDIUM,4.0,5,685.0,1,15.0
21,5438,5108.0,14644.43,15571.55,4404.27,1032.26,10298.0,2203.0,26.0,11,67,47,5,36,371000,1,1,,1,3950.0,9866.01,610000.0,-6885.0,32448.27,77527.0,,7,33838.0,36015.75,148243.0,11,6,30325.51,100081.57,202601.38,47,25,241771.0,Y,7734.92,current,M,40,MEDIUM,10.0,3,685.0,0,17.0
22,18797,19705.0,6249.52,2031.0,9147.97,6052.75,9809.545,22068.77,101.0,18,85,2,21,98,124000,1,1,1.0,1,67833.35,1475000.0,6100.0,20513.0,48276.36,18995.0,16.0,3,51024.0,28130.0,10168.0,4,20,129509.0,36622.4,81066.0,12,24,5309.0,Y,7958.53,current,M,29,MEDIUM,2.7,2,883.0,1,19.0
23,8661,24455.0,18724.5,177.0,6529.53,3524.57,1685.0,21126.0,17.0,85,2,57,18,42,75000,1,1,1.0,1,39851.93,190887.4,5905.0,12415.0,52190.05,198914.0,103.0,2,52831.0,18571.98,39030.0,0,42,31658.0,58012.62,29443.0,2,49,15938.0,Y,12397.88,current,M,63,MEDIUM,17.2,4,503.0,1,9.0
24,17362,10846.0,6712.78,6942.0,10403.8,1670.25,14758.87,1486.0,7.0,14,5,5,1,5,298000,1,1,1.0,1,24832.0,39833.19,11580.0,0.0,9174.88,40237.0,16.0,2,20916.0,46533.3,382738.0,7,171,56643.0,44428.74,12273.75,4,6,62247.0,Y,11084.29,current,M,30,MEDIUM,7.0,6,700.0,0,13.0
25,10693,17352.0,38460.93,1067.0,24747.18,2879.58,1229.0,2922.23,1.0,2,4,6,9,11,565000,1,1,1.0,1,173732.5,68663.61,583.0,-4679.0,25999.25,17350.0,91.0,1,45114.9,50294.48,137144.72,2,11,396556.0,34280.06,73905.0,21,50,13360.0,Y,10988.24,current,M,56,LOW,7.2,2,606.0,0,9.0
26,3905,2774.0,1703.09,14604.69,2451.97,11619.8,5488.805,5610.0,12.0,5,35,7,2,70,466000,1,1,1.0,1,566914.0,470000.0,230000.0,1411.0,20603.18,23582.0,17.0,13,13822.0,27725.25,15231.0,3,2,25583.0,53790.25,204518.16,14,79,15178.0,Y,12123.58,current,M,32,MEDIUM,12.0,4,447.0,0,12.0
27,3334,9086.0,8594.225,16379.52,35300.38,2841.0,1223.94,820.3,14.0,18,89,3,2,26,70000,1,1,1.0,1,76.0,77000.0,583.0,2921.0,422862.95,69227.91,11.0,0,13943.0,22105.78,12294.0,20,108,18548.0,32653.62,951555.0,3,79,41945.0,Y,8445.94,current,M,62,MEDIUM,25.200000000000003,5,314.0,0,5.0
28,17536,13533.0,26025.37,1058.28,1131.95,824.67,1430.0,11800.26,7.0,99,3,10,6,17,289000,1,1,1.0,1,1500.0,165970.9,24619.0,12163.0,33133.51,37344.0,16.0,26,33916.0,116899.24,808.0,24,82,140000.0,7877.33,10184.0,4,106,29792.0,Y,17350.88,current,M,34,LOW,12.600000000000001,4,950.0,1,5.0
29,7552,141413.0,732.93,3332.48,3723.7,1624.0,8534.0,4450.5,8.0,36,6,18,2,1,525000,1,1,1.0,1,102494.2,470000.0,68000.0,20513.0,66633.78,23240.0,55.0,3,17150.0,20204.0,84431.0,1,16,11648.0,131557.52,379.0,6,11,5555.0,Y,38442.24,current,M,46,HIGH,18.2,10,911.0,0,9.0
30,18876,2806.0,12170.54,1515.0,2061.33,1590.0,10913.0,949.0,19.0,26,30,21,18,5,408000,1,1,1.0,1,165907.57,105000.0,24619.0,6441.0,11109.25,517343.79,77.0,5,16177.0,78764.42,20631.0,2,59,249900.0,48211.67,23719.0,6,103,126467.0,Y,7637.51,current,M,47,MEDIUM,21.6,10,424.0,1,5.0
31,8129,80.0,5768.0,23030.56,2385.84,2189.0,6726.0,156.0,6.0,128,32,42,25,13,136000,1,1,1.0,1,138129.4,12929.0,54101.0,1332.0,28796.0,144266.5,10.0,14,12252.0,43750.54,47245.0,6,21,243528.0,20597.5,3876.0,43,50,26153.06,Y,1694.71,saving,M,49,MEDIUM,2.9000000000000004,4,508.0,1,7.0
32,6042,13135.0,29762.0,7947.0,56468.02,3755.0,7735.74,7183.0,53.0,46,117,50,9,34,581000,1,1,1.0,1,7455797.87,93.35,2214.0,-6281.37987999999,908833.0,146093.0,10.0,15,24704.0,2320.0,188474.71,30,67,24150.0,335734.75,97411.7,7,38,46846.0,Y,2161.21,current,M,33,MEDIUM,6.5,6,653.0,1,5.0
33,10499,20360.0,2448.575,6619.0,1416.5,3228.0,3194.2,6508.58,6.0,29,11,30,5,79,296000,1,1,1.0,1,250631.8,13299.0,300500.0,1444.0,35623.77,77501.38,4.0,4,23739.0,39857.78,30404.0,43,20,5675.0,10588.37,54491.0,22,0,118159.0,Y,1237.82,current,F,118,LOW,39.2,6,525.0,0,11.0
34,11677,17076.0,18051.34,42350.9,1601.16,5368.44,7495.0,6738.0,1.0,29,3,2,4,98,44000,1,1,1.0,1,12315.0,992890.32,4812.0,7478.0,44134.77,122621.0,18.0,4,64875.0,20221.5,34365.0,1,63,2777.0,83525.75,17442.0,4,12,700.0,Y,6003.5,current,M,29,MEDIUM,2.7,5,945.0,1,18.0
35,3259,98963.0,9310.0,1370.0,35356.0,1535.5,15673.5,243.0,5.0,84,20,18,1,79,564000,1,1,1.0,1,4039029.9,25404.0,50000.0,173.0,228573.2,173349.0,10.0,3,39834.0,78498.01,44669.0,3,14,49365.0,17529.0,65682.0,21,103,86256.0,Y,8528.42,current,F,31,LOW,3.3000000000000003,3,796.0,1,3.0
36,1584,165997.0,8211.35,11309.79,25430.85,1810.02,11077.0,2326.0,531.0,3,2,52,3,11,17000,1,1,1.0,1,690.0,107639.28,43798.0,24326.0,112830.01,115211.91,91.0,43,18357.0,34077.48,4173.0,1,23,2070113.0,50076.03,8623.0,40,13,26721.0,Y,4430.1,saving,M,32,MEDIUM,7.2,9,505.0,1,14.0
37,2909,6730.0,10643.0,1985.02,8385.5,4550.86,16406.0,1715.23,2.0,84,30,8,2,1,371000,1,1,1.0,1,173732.5,895000.0,1526.0,20513.0,29120.22,44375.0,10.0,1,28008.0,24103.38,34155.0,2,11,27624.0,100158.5,25379.0,9,83,24909.0,Y,492.11,current,F,69,LOW,24.5,4,249.0,1,9.0
38,1638,14559.0,419.0,3892.0,4329.42,11070.0,1313.4,5258.0,4.0,34,49,4,1,44,75000,1,1,1.0,1,3618670.8,560000.0,300000.0,0.0,12968.94,35129.77,42.0,4,134246.0,55435.03,52927.0,1,7,36421.0,46555.21,43988.0,21,103,36280.0,Y,9953.25,current,M,66,MEDIUM,9.200000000000001,8,445.0,0,18.0
39,3079,7279.0,15670.995,5378.0,18833.95,4118.0,2883.925,542.14,12.0,83,89,57,1,34,402000,1,1,1.0,1,153410.0,25172.0,38599.0,1444.0,172700.03,86589.0,55.0,36,30539.0,97334.41,137772.0,2,8,44838.0,63806.93,23579.25,12,12,45639.0,Y,4536.83,saving,M,33,MEDIUM,13.0,8,866.0,1,5.0
40,19990,7771.0,5104.69,19038.16,14352.0,7230.4,4351.52,2361.11,10.0,3,87,1,4,1,59000,1,1,1.0,1,3299447.136,41.26,50000.0,12415.0,13915.5,38251.0,40.0,2,36349.29,16997.25,14396.0,0,8,10333.0,40775.6,47658.53,19,107,16966.0,Y,1998.63,current,M,66,MEDIUM,36.800000000000004,5,801.0,1,16.0
41,582,4161.0,3914.16,19656.0,4199.31,8741.3,17865.0,1967.0,60.0,66,84,24,12,1,75000,1,1,1.0,1,4400.0,69370.0,8764.0,-4679.0,27966.61,35397.5,16.0,26,51101.22,421718.75,45551.0,35,8,19247.0,68267.56,85643.0,11,32,28979.0,Y,7013.96,current,M,33,MEDIUM,5.2,5,268.0,1,6.0
42,11396,14310.0,2452.0,1221.0,14390.47,34158.95,16830.735,7223.4,19.0,34,67,15,1,58,199999,1,1,1.0,1,10008.0,120000.0,51520.0,2921.0,269277.63,109723.0,40.0,2,29694.0,130651.54,67585.0,1,38,25336.0,275923.71,31028.36,5,79,20007.0,,20118.7,current,M,32,LOW,12.0,1,385.0,1,15.0
43,15030,28694.0,11249.075,22835.65,1936.55,6662.0,960.1,1263.0,60.0,22,16,10,7,77,35800,1,1,1.0,1,10008.0,132324.01,90525.0,-6281.37987999999,21186.0,127943.28,12.0,5,22215.0,38258.13,19718.0,9,20,25057.0,40584.7,70078.79,1,61,182529.0,Y,2884.16,current,M,28,MEDIUM,1.6,9,249.0,1,15.0
44,16342,205661.0,7970.44,3323.0,14398.0,1403.0,2615.75,3264.0,43.0,6,135,5,18,1,267000,1,1,1.0,1,13732.93,267421.4,30000.0,5340.0,46083.65,52492.0,46.0,2,67144.0,10139.25,173189.0,4,171,25746.31,45934.0,66458.83,12,80,11995.0,Y,2605.91,saving,M,32,MEDIUM,10.8,5,485.0,0,17.0
45,11264,320483.0,22112.95,4621.0,660.0,4051.0,16028.0,3457.55,531.0,10,1,60,55,3,390000,1,1,1.0,1,270.0,10947.0,73217.0,12415.0,27536.62,31195.0,23.0,33,229819.0,42827.99,30888.0,4,11,38900.0,48408.89,45732.0,4,103,15141.0,Y,334.74,saving,F,38,LOW,16.2,7,653.0,1,17.0
46,7103,621.0,14501.03,1637.0,28074.34,1341.0,5282.0,11432.0,124.0,32,20,11,2,3,326000,1,1,1.0,1,386666.75,5350.0,4198.0,5464.0,147824.2,52872.0,11.0,14,68695.0,19717.65,55638.04,10,23,54761.13,23512.0,77188.29,53,0,48440.0,Y,19971.71,current,F,47,MEDIUM,8.1,7,354.0,1,14.0
47,5600,3076.0,6471.25,1897.0,7697.48,5647.0,7452.0,1439.0,19.0,3,7,4,9,98,581000,1,1,1.0,1,13849.4,143000.0,11580.0,8723.0,65347.01,69605.5,11.0,7,31385.0,36773.63,10407.0,4,82,31945.0,17326.28,88499.0,11,0,24082.0,Y,23807.13,current,M,34,MEDIUM,8.4,9,534.0,0,14.0
48,8871,19221.0,9078.34,232.6,37625.5,4426.95,1715.0,29798.0,4.0,26,4,25,9,62,358000,1,1,1.0,1,6014.12,191000.0,100000.0,5439.0,59157.19,48273.0,2.0,36,48600.0,20694.0,48339.26,6,82,96.91,35616.18,115293.75,4,1,12647.0,Y,4651.09,saving,M,47,MEDIUM,13.5,3,762.0,1,14.0
49,16898,4943.0,2378.28,3099.0,989.93,23903.5,11502.6,11737.0,7.0,4,4,8,2,9,379000,1,1,1.0,1,8209320.0,202560.0,27809.0,1500.0,23972.74,245240.91,11.0,0,95200.0,58903.25,377772.36,9,20,17852.0,45875.25,68277.0,3,104,65428.0,Y,2285.92,current,M,34,MEDIUM,12.600000000000001,1,911.0,1,14.0
50,14003,17595.0,23517.0,4892.0,1192.04,3838.0,1766.095,4514.0,10.0,10,7,2,2,54,453000,1,1,1.0,1,32805.0,232235.65,27809.0,1992.0,63856.65,64193.0,42.0,7,46598.0,312874.02,24730.0,7,20,185332.0,96493.15,79268.0,6,120,72429.0,Y,58.68,saving,M,33,MEDIUM,11.700000000000001,3,923.0,1,3.0
51,2403,12317.0,32785.94,19656.0,28298.0,4574.0,28437.15,127.0,24.0,85,13,35,4,26,198000,1,1,1.0,1,568.8,278360.16,15477.0,9415.0,179819.25,83479.0,22.0,7,31397.0,45928.0,56112.38,2,36,30629.0,49696.22,150853.0,14,58,38495.4,Y,4768.81,current,F,28,LOW,5.6000000000000005,8,766.0,1,18.0
52,12375,14956.0,13592.95,59694.0,4663.76,7761.93,4918.0,2875.0,60.0,47,84,1,3,47,400000,1,1,1.0,1,800.8,130000.0,925.0,-5998.43994,66426.29,50205.0,41.0,3,30116.0,50118.0,19829.0,50,8,27220.0,58725.14,15155.0,3,8,23738.12,Y,1923.52,current,M,38,MEDIUM,12.600000000000001,3,683.0,0,12.0
53,12821,178734.0,45218.54,10292.0,53798.97,4642.0,3872.0,1255.52,15.0,1,5,1,62,30,402000,1,1,1.0,1,21220.0,82907.34,492.0,-5715.49022999999,47598.69,75540.91,90.0,3,99.43,42080.01,41440.0,4,8,25898.0,1077.0,93344.01,5,113,39647.0,Y,261.01,current,M,27,MEDIUM,2.8000000000000003,1,818.0,0,14.0
54,3192,13638.0,7506.0,883.8,13595.78,5995.68,2628.125,3426.0,92.0,99,10,1,1,47,34000,1,1,1.0,1,15079.5,97523.61,105000.0,2921.0,200844.23,109188.0,62.0,1,33879.0,114464.62,24404.0,1,81,76920.0,70628.44,58842.58,3,3,30430.0,Y,8980.45,current,M,35,MEDIUM,7.5,9,254.0,0,16.0
55,17782,15239.0,4666.01,1113.0,2481.0,2272.0,28524.66,1544.0,92.0,3,64,57,31,26,481000,1,1,1.0,1,684495.7,24703.0,248000.0,20513.0,48545.74,63040.0,10.0,26,2928.0,15818.0,16170.0,4,2,31930.0,77147.13,155257.0,21,80,25245.0,Y,11685.9,current,M,40,MEDIUM,18.0,1,723.0,0,15.0
56,1336,8797.0,2085.8,6220.29,12760.19,11209.0,26831.09,1289.48,44.0,1,67,1,2,31,98000,1,1,1.0,1,360978.37,90829.65,925.0,-6885.0,20799.48,24159.0,90.0,4,40544.0,56738.89,34483.0,6,25,16492.0,26757.3,198653.0,47,104,87473.0,Y,5251.76,current,M,37,MEDIUM,8.5,2,710.0,1,17.0
57,7533,13363.0,8926.5,3677.75,2076.59,9049.0,15383.135,1485.0,7.0,6,9,47,36,47,579000,1,1,1.0,1,70310.6,157000.0,54101.0,20790.0,68979.83,16565.0,38.0,14,13907.0,15289.0,62372.0,8,20,26765.0,30527.88,85194.0,12,103,45686.0,Y,403.81,current,M,37,MEDIUM,15.3,3,748.0,1,2.0
58,9282,18383.0,140059.47,7467.0,2386.87,989.44,86965.225,901.0,63.0,71,9,7,1,42,127500,1,1,1.0,1,115.45,64215.6,8929.0,5773.0,72164.0,62388.0,6.0,2,8560.33,20635.0,150124.36,2,171,348255.0,11180.0,66846.42,2,120,32616.0,Y,3784.02,saving,M,53,LOW,23.1,6,385.0,1,15.0
59,17485,508.0,22319.75,761.24,1216.86,2272.0,4231.385,12824.0,1.0,5,13,25,18,11,26000,1,1,1.0,1,86865.0,30000.0,16114.0,2921.0,54584.94,15926.97,4.0,4,115012.0,19453.42,238.58,1,69,63585.0,119096.0,33790.12,8,49,20969.0,Y,5476.02,current,M,53,MEDIUM,29.700000000000003,9,748.0,0,9.0
60,13471,322012.0,6241.51,4681.5,31128.73,1689.28,6518.085,831.88,10.0,26,61,57,23,81,533000,1,1,1.0,1,11878.6,110135.86,73217.0,-4679.0,204022.0,88532.0,20.0,2,20417.0,34563.46,102522.0,9,108,27159.0,4777.62,257926.79,6,57,140759.0,Y,8004.35,current,M,53,LOW,26.400000000000002,4,710.0,1,17.0
61,16144,337631.0,5232.5,7082.0,1689.5,6038.72,5532.815,4468.2,8.0,25,6,20,4,47,302000,1,1,1.0,1,47.35,76157.6,800.0,5350.0,345.75,5033.0,2.0,3,28480.0,150728.82,18993.0,4,20,144270.0,135966.72,59813.05,2,14,48763.0,Y,43.07,current,M,49,MEDIUM,17.400000000000002,7,330.0,1,4.0
62,12968,8571.0,6484.98,892.0,13170.0,14949.16,951.0,3052.0,5.0,5,110,1,55,18,381000,1,1,1.0,1,105453.65,10701.0,30011.0,-5439.0,104081.25,5217.91,103.0,18,14270.0,12079.68,7064.0,2,7,85989.0,191223.41,77413.98,3,18,11884.0,Y,1662.97,current,M,55,MEDIUM,14.0,7,445.0,1,4.0
63,13835,391355.0,3327.0,4464.44,5794.78,2876.04,292.4,4536.0,17.0,22,3,18,55,70,67000,1,1,1.0,1,73010.0,157000.0,539.0,-3506.17993,54396.5,77959.0,1.0,31,22309.0,136301.61,93694.0,6,171,28127.16,65079.72,44777.0,12,58,551.0,Y,3206.16,current,M,44,LOW,12.0,2,448.0,1,5.0
64,6174,313106.0,97692.57,76.0,1994.14,5647.0,8140.0,9092.0,14.0,6,49,52,7,56,410000,1,1,1.0,1,61186.36,674291.83,908.0,1931.0,85087.0,75875.0,3.0,1,35549.0,112977.19,28465.0,4,81,63388.0,221292.35,40633.0,47,73,29657.0,Y,18029.33,current,F,60,LOW,40.0,2,244.0,1,6.0
65,12686,136251.0,19219.42,1889.0,2900.5,2701.06,9736.11,9654.0,5.0,22,64,2,6,13,595000,1,1,1.0,1,154363.25,278360.16,3570.0,3897.0,663.25,13820.0,11.0,1,94567.0,222.41,23037.0,4,1,50087.0,28584.0,20276.0,1,38,37258.0,Y,9555.63,current,M,62,LOW,12.600000000000001,5,725.0,1,12.0
66,583,38.0,3615.12,2695.0,5190.5,12486.47,8802.0,87.0,56.0,18,13,2,18,80,406000,1,1,1.0,1,45463.0,6.0,15756.0,2351.0,17584.92,159724.0,18.0,36,12713.0,2323.0,26305.79,1,11,142276.0,56545.89,95053.0,4,11,142097.0,Y,468.69,current,F,53,MEDIUM,26.400000000000002,8,366.0,0,11.0
67,13458,326187.0,9867.21,1946.45,9634.0,3167.97,18706.205,6308.88,12.0,2,7,20,2,4,272000,1,1,1.0,1,4900.4,25000.0,14904.0,2351.0,41680.88,31408.0,0.0,36,23937.0,85126.27,10518.0,9,81,15769.0,36260.01,11299.0,9,6,31900.0,Y,50883.43,current,M,47,MEDIUM,5.4,3,516.0,1,7.0
68,8875,18593.0,19153.0,10966.59,8438.29,29664.0,18777.98,214.0,14.0,99,9,25,2,8,373000,1,1,1.0,1,384550.05,142608.5,12016.0,0.0,45257.76,95390.0,91.0,7,69836.0,21146.0,36315.0,1,171,13210.0,44284.63,100641.75,4,8,100113.0,Y,57243.38,current,M,44,MEDIUM,24.0,5,538.0,1,3.0
69,13417,6018.0,7504.0,1708.0,7126.76,7399.2,2999.075,167311.0,15.0,36,87,48,7,12,350000,1,1,1.0,1,811000.0,784499.0,768.0,977.0,90238.0,14244.0,68.0,0,148401.0,114286.21,55750.0,2,8,21600.0,89182.06,143165.0,4,0,30028.0,Y,830.71,current,M,66,LOW,9.200000000000001,3,758.0,0,3.0
70,15679,17230.0,2500.4,1068.64,15316.7,539.44,11145.0,9468.0,60.0,2,52,22,25,47,267000,1,1,1.0,1,115.45,470000.0,300500.0,553.0,24459.25,48079.0,4.0,4,39859.0,29946.0,224.43,11,24,126843.0,9557.0,46753.0,18,11,27875.0,Y,5755.95,current,M,53,MEDIUM,19.8,9,864.0,1,9.0
71,16111,19980.0,24592.7,2202.0,17546.0,2696.0,12183.0,4947.95,6.0,32,48,23,4,9,518000,1,1,1.0,1,181073.75,38173.0,4458.0,9415.0,68453.08,59569.0,18.0,1,36579.0,38276.88,7854.0,3,108,106409.0,149576.73,31868.5,58,133,14715.0,Y,212.53,current,M,33,MEDIUM,3.9000000000000004,1,537.0,1,10.0
72,5820,10403.0,29715.0,11739.0,3786.05,22181.0,11021.095,1574.71,12.0,5,67,5,5,4,371000,1,1,1.0,1,1910215.0,165000.0,3975.0,0.0,13555.54,65124.81,4.0,2,42989.0,89055.44,19104.0,0,59,37188.0,35226.0,48877.0,6,14,19871.0,Y,6478.98,current,M,44,HIGH,2.4000000000000004,5,268.0,1,12.0
73,18688,15815.0,2057.0,3240.53,6526.9,1131.23,7132.89,9289.55,7.0,43,84,1,60,55,507000,1,1,1.0,1,123295.4,117729.97,5797.0,12415.0,38624.25,72512.82,42.0,1,52600.0,15446.0,81445.0,4,20,25740.0,66910.23,84298.0,7,61,46343.0,Y,1977.2,current,M,42,MEDIUM,11.0,1,614.0,1,3.0
74,2728,40223.0,11429.0,6399.0,22625.76,913.4,9548.41,622.59,10.0,7,20,24,6,68,136000,1,1,1.0,1,138272.2,360000.0,798.0,5464.0,10449.17,59330.5,11.0,36,31333.0,29684.06,49311.66,2,30,28251.0,26219.33,100334.0,8,18,59939.0,Y,13723.45,current,M,33,MEDIUM,6.5,8,346.0,0,6.0
75,10372,27930.0,2080.0,240.0,1052.3,2047.0,1069.0,1023.0,43.0,85,48,20,4,8,75000,1,1,1.0,1,13180.0,237365.38,25639.0,0.0,4049.29,54172.0,11.0,1,35557.0,43229.61,35150.31,10,9,23349.0,15350.0,36734.26,5,21,24821.0,Y,2183.1,current,M,34,LOW,2.8000000000000003,9,631.0,1,11.0
76,1929,9796.0,4759.44,801.0,181144.89,5720.43,21267.0,428.52,25.0,3,6,1,38,7,47000,1,1,1.0,1,15279.79,150000.0,5101.0,13135.0,9259.48,66190.0,18.0,7,23967.0,193717.43,24148.81,23,82,283399.0,45716.16,36030.23,93,15,40673.0,Y,419.51,current,M,44,MEDIUM,16.8,1,485.0,0,19.0
77,8146,9437.0,9425.91,23561.21,1911.5,6209.0,14787.0,38571.75,7.0,30,6,1,60,13,184000,1,1,1.0,1,41883.6,96096.0,1001.0,2921.0,42921.1,78522.41,10.0,3,248701.0,76394.71,47538.32,2,8,24402.0,91664.62,119453.0,6,113,20908.0,Y,1500.22,current,M,40,MEDIUM,2.0,4,503.0,1,3.0
78,15114,16955.0,25316.49,2969.0,2391.24,1876.81,14417.01,6710.0,66.0,601,13,18,8,98,350000,1,1,1.0,1,213557.15,232235.65,254000.0,2351.0,10870.25,54473.0,59.0,3,39589.0,20328.52,15198.04,5,75,21397.0,39408.28,54358.0,2,52,147947.0,Y,868.21,saving,M,47,MEDIUM,21.6,4,693.0,1,2.0
79,16874,19009.0,5718.68,3300.01,4206.56,3407.0,47598.0,1772.0,44.0,1,9,8,25,55,100000,1,1,1.0,1,31454.1,159415.3,15654.0,0.0,24150.48,116097.0,23.0,0,36358.0,219565.69,51381.0,1,87,165407.0,186773.76,72171.0,117,10,30172.0,Y,2670.0,current,M,67,LOW,23.5,8,594.0,1,6.0
80,8644,15401.0,14295.68,16889.78,6960.53,6052.75,289.0,1875.0,26.0,5,53,3,31,4,379000,1,1,1.0,1,25976.2,674291.83,68000.0,6613.0,67610.87,62899.41,63.0,6,23701.0,126223.65,101191.0,6,23,64496.0,65505.68,48487.0,117,83,65571.5,Y,40438.02,current,M,33,HIGH,11.700000000000001,5,633.0,1,6.0
81,14576,7586.0,14002.56,6855.0,10973.46,11182.0,4721.0,9488.52,6.0,26,110,42,4,98,306000,1,1,1.0,1,15772650.74,560000.0,68000.0,5340.0,45799.3,54181.99,42.0,2,194250.0,51846.89,18099.0,8,82,78089.0,50802.81,8983.0,2,54,47301.29,Y,997.8,current,M,30,MEDIUM,9.0,7,516.0,1,18.0
82,17402,12237.0,3895.0,7944.0,892.01,2913.65,25960.0,623.0,2.0,43,50,1,5,68,298000,1,1,1.0,1,70310.6,134000.0,23500.0,2351.0,61528.5,25395.5,90.0,6,25019.0,28963.46,100159.0,23,82,97660.0,6539809.92,68847.0,3,28,28359.0,Y,5175.29,current,M,38,MEDIUM,18.0,6,748.0,0,7.0
83,19577,238271.0,6042.83,5076.02,24356.195,4319.0,5384.415,2326.0,5.0,2,44,2,1,1,48000,1,1,1.0,1,4614669.901,13299.0,583.0,5464.0,24751.1,62786.0,4.0,7,15930.0,13732.7,3345.0,2,82,25150.0,10832.7,60855.0,3,22,11554.0,Y,2076.25,current,M,55,LOW,35.0,8,324.0,0,6.0
84,9865,16444.0,34162.0,505.0,4293.21,748.38,1502.785,2825.13,6.0,26,52,8,7,75,87000,1,1,1.0,1,1665.0,165970.9,130000.0,5340.0,593299.76,347424.0,32.0,3,142896.0,3361.35,28974.0,2,46,88653.0,31458.87,46753.0,62,68,21116.0,Y,14653.27,current,M,47,MEDIUM,16.2,9,911.0,1,19.0
85,14846,19171.0,9554.97,1042.0,22091.79,1425.22,5875.42,71638.0,1.0,17,13,3,7,16,519000,1,1,1.0,1,668728.4,26000.0,12000.0,-3625.0,65204.23,46225.0,11.0,0,52780.0,57122.88,82908.0,0,8,21728.0,47219.86,10831.0,6,3,79682.0,Y,250.62,current,M,46,LOW,5.2,5,633.0,1,18.0
86,11063,13004.0,55700.65,2185.6,51445.42,4728.0,33868.445,3488.1,9.0,8,50,50,45,13,395000,1,1,1.0,1,7089.7,680956.4,25524.0,1079.0,17557.0,10604.0,10.0,4,46598.0,43439.75,315563.31,6,8,2298.94,15044.0,67467.53,10,58,28618.0,Y,3696.16,saving,M,62,MEDIUM,8.4,6,330.0,1,18.0
87,6572,19027.0,5440.6,4573.0,4850.83,4719.0,438.0,885.0,1.0,10,48,1,26,79,0,1,1,1.0,1,3938.25,39833.19,51520.0,-5998.43994,260923.2,42645.0,62.0,26,30820.0,71591.0,92860.0,6,12,3368.0,267477.55,95837.17,5,12,63288.0,Y,9887.32,current,M,36,MEDIUM,6.4,9,836.0,0,20.0
88,19880,2560.0,18390.52,1899.0,5149.59,3569.12,2263.01,1134.0,6.0,3,67,24,24,4,523000,1,1,1.0,1,168265.55,300000.0,25524.0,1992.0,45030.85,90009.0,36.0,2,98516.0,109414.51,21181.0,17,25,124950.0,11929.26,48818.0,14,9,33754.0,Y,2263537.26,saving,M,32,MEDIUM,3.6,10,537.0,1,6.0
89,17051,13434.0,3412.6,2909.34,1077.36,3084.5,4615.97,6693.0,19.0,10,2,53,1,42,358000,1,1,1.0,1,331.2,130000.0,300500.0,12174.0,25210.23,27532.37,103.0,36,28579.0,44974.63,42852.0,1,108,97916.0,45253.64,47635.0,2,18,19947.0,Y,3448.84,current,M,30,MEDIUM,7.0,5,956.0,1,20.0
90,11491,449.0,18133.76,3877.0,6123.78,5597.43,64620.0,6117.0,4.0,60,1,4,1,17,114000,1,1,1.0,1,5809950.0,3.0,610000.0,2351.0,30937.0,50784.0,40.0,35,25379.0,117575.67,24257.0,1,4,25125.0,12912.33,18369.0,3,49,20585.0,Y,3812.69,current,M,37,LOW,10.200000000000001,8,966.0,1,5.0
91,7433,11968.0,6363.65,735.49,8799.0,13768.0,38266.0,2638.0,2.0,83,47,4,62,42,360000,1,1,1.0,1,27324.0,176487.6,2156.0,3735.0,12940.25,26345.0,11.0,3,19224.0,14646.35,38306.0,70,11,38546.0,93567.51,26713.0,47,49,13950.0,Y,9432.9,current,M,33,MEDIUM,3.9000000000000004,3,505.0,1,15.0
92,14606,32029.0,12765.66,4429.16,16745.86,6360.0,29063.97,3711.0,12.0,2,16,24,12,58,155000,1,1,1.0,1,370776.0,63000.0,26241.0,0.0,78122.15,49660.0,42.0,26,72186.0,14719.0,46132.05,43,1,180315.0,176394.48,35062.74,3,37,37018.0,Y,144.61,current,M,63,LOW,25.8,6,631.0,0,15.0
93,8381,16394.0,27819.7,1944.0,7006.5,2228.5,1096.25,1065.0,15.0,13,61,7,5,80,362000,1,1,1.0,1,10006.2,7216.53,13873.0,-4679.0,6855.71,933699.0,46.0,35,18867.0,189938.76,37191.0,2,14,13480.0,3167.0,19056.0,2,15,24274.0,Y,1887.89,saving,M,33,MEDIUM,6.5,7,698.0,0,9.0
94,18278,2660.0,12042.0,7896.15,33092.1,4586.13,20139.0,967.0,1.0,2,9,1,60,34,406000,1,1,1.0,1,1539496.64,118976.0,1727.0,4512.0,44370.0,50651.0,43.0,30,36850.0,95955.5,145970.36,4,8,60445.0,259864.66,109406.8,3,50,47.41,Y,9758.48,current,M,58,HIGH,15.200000000000001,5,685.0,1,13.0
95,14847,16157.0,12889.56,67801.63,11593.2,656.67,8650.5,318.87,4.0,26,90,8,31,58,326250,1,1,1.0,1,3247.5,232235.65,60000.0,1411.0,24203.75,22213.75,84.0,1,31476.0,83531.47,62573.0,6,28,20411.0,46532.25,29320.48,4,58,23750.0,Y,9851.62,saving,M,34,MEDIUM,2.8000000000000003,8,505.0,1,2.0
96,15315,214314.0,84321.25,10039.61,34449.58,2399.0,13663.0,7987.0,43.0,3,30,1,2,1,35000,1,1,1.0,1,5210.85,6.0,10973.0,4856.0,42782.99,22440.65,20.0,11,24889.0,107447.85,16639.0,6,4,145033.0,42824.31,204537.25,40,50,23184.0,Y,4004.23,current,M,47,LOW,27.0,9,748.0,1,9.0
97,16912,12335.0,2265.54,8087.0,18413.2,25259.0,1295.52,2726.0,2.0,65,87,30,7,79,49999,1,1,1.0,1,98543.96,376600.5,25000.0,0.0,47570.7,175513.0,4.0,4,195632.0,21947.75,276256.0,2,44,38546.0,3797.0,26097.0,7,50,37550.0,Y,3865.87,current,M,47,MEDIUM,21.6,10,448.0,1,8.0
98,1313,332701.0,56862.0,446.0,3031.0,9447.93,2625.31,8713.0,3.0,43,59,24,44,91,411000,1,1,1.0,1,41441.27,200015.58,68000.0,3897.0,10060.63,288.82,90.0,13,42370.84,72846.85,5683.36,2,18,197500.0,84434.2,65861.0,3,1,43663.0,Y,1713.03,current,M,29,LOW,2.7,4,700.0,1,10.0
99,10076,11635.0,1134.92,3018.0,5245.72,16999.17,8382.0,2346.94,18.0,77,14,5,3,1,421000,1,1,1.0,1,510.6,10465.48,925.0,3897.0,126054.7,23766.0,62.0,1,47061.91,37761.47,39996.0,31,20,44866.0,82501.26,33010.0,40,13,12817.0,Y,8101.76,current,M,34,MEDIUM,11.200000000000001,9,723.0,1,15.0
100,1613,317146.0,57060.84,719.01,60818.82,2901.96,3239.0,15173.75,92.0,85,30,24,12,26,124000,1,1,1.0,1,8043.25,143000.0,3975.0,6885.0,438713.25,2279968.41,36.0,30,21756.0,57653.99,143540.0,1,17,10166.0,18793.51,120139.32,14,13,76031.0,Y,10923.95,current,M,33,LOW,3.9000000000000004,4,485.0,1,4.0
101,915,209357.0,3492.0,354.0,8978.99,2039.92,855.0,10111.2,7.0,43,1,82,14,79,191000,1,1,1.0,1,472.0,43397.0,126001.0,2921.0,23614.0,101855.0,42.0,36,30539.0,65974.52,121505.0,43,81,32620.0,69944.93,60855.0,36,8,26647.0,Y,2874.82,current,F,44,MEDIUM,2.4000000000000004,7,628.0,1,2.0
102,2191,9883.0,6263.0,8463.61,4735.03,5744.68,5047.0,4005.0,7.0,10,135,1,44,2,350000,1,1,1.0,1,204585.76,64091.0,43798.0,6885.0,36381.01,20111.0,90.0,7,20242.0,145576.5,12718.5,6,82,23071.0,42467.5,10493.0,47,11,20304.0,Y,43935.34,current,M,36,MEDIUM,11.200000000000001,4,762.0,1,12.0
103,1857,14489.0,61802.23,4950.77,12975.57,2070.0,6909.3,2826.13,66.0,10,135,3,1,6,270000,1,1,1.0,1,360978.37,21698.0,6100.0,4889.0,139852.04,25486.0,62.0,7,22541.0,33445.0,106800.0,2,82,977.62,121011.14,91955.5,1,3,1120.0,Y,17350.88,current,M,32,MEDIUM,10.8,3,508.0,1,12.0
104,2175,4825.0,7457.25,496.72,79323.3,4648.0,1927.3,1697.0,44.0,30,49,4,3,41,371000,1,1,1.0,1,13668.25,20098.0,16114.0,2000.0,23041.3,53230.11,12.0,19,34292.0,117506.0,50244.0,5,63,46098.0,214875.36,44719.58,1,18,25483.0,Y,991.53,current,M,27,LOW,0.7000000000000001,8,355.0,0,17.0
105,4633,180768.0,67183.18,1468.1,2810.0,1426.0,16802.28,1994.32,66.0,29,3,2,3,13,226000,1,1,1.0,1,181073.75,55000.0,1515.0,1500.0,54487.47,48296.0,87.0,3,33651.0,23822.32,4796.86,1,70,56442.0,95378.96,37988.0,9,24,169712.95,Y,590.02,current,M,28,MEDIUM,5.6000000000000005,3,330.0,1,9.0
106,10264,16839.0,13316.44,1078.0,7745.5,2802.0,12589.965,12824.0,44.0,30,112,1,25,53,58000,1,1,1.0,1,161704.0,537476.4,130000.0,553.0,38218.25,41425.0,7.0,19,10250.0,109149.49,52543.0,2,24,27010.0,57784.44,204537.25,4,12,10677.0,Y,31.54,saving,M,53,LOW,33.0,9,944.0,0,13.0
107,6292,81803.0,9788.85,15469.0,2006.0,7087.0,15941.665,1904.0,10.0,18,2,18,51,8,150000,1,1,1.0,1,21220.0,159308.0,28985.0,5773.0,13938.25,49211.0,70.0,3,28250.0,27535.1,9587.0,5,23,20064.0,31212.78,42182.0,3,38,31133.38,Y,4367.25,current,M,46,MEDIUM,26.0,4,249.0,0,9.0
108,18637,14554.0,37797.87,1446.01,11592.3,565.0,35167.0,4895.0,15.0,6,29,20,2,31,192000,1,1,1.0,1,4614669.901,64491.0,15654.0,5350.0,41390.0,22752.0,10.0,3,43865.0,29059.0,154021.0,0,23,169327.0,262234.12,1986.0,4,2,22419.0,Y,448.65,current,M,30,LOW,10.0,9,805.0,1,18.0
109,14800,15583.0,13368.62,2349.0,1185.78,932.41,4727.28,4905.0,14.0,6,102,17,1,8,48000,1,1,1.0,1,158135.2,93.35,4895.0,12299.0,162787.14,1466.0,46.0,4,12555.0,75641.85,4371.65,6,12,117500.0,156202.42,134949.0,3,110,11083.0,Y,312.6,current,M,62,MEDIUM,16.8,10,921.0,1,14.0
110,3899,12795.0,16624.48,3904.14,14105.82,4942.05,9041.5,5446.0,12.0,9,13,62,2,55,276000,1,1,1.0,1,8209320.0,1300000.0,51520.0,-4664.0,19993.75,98026.91,11.0,4,49934.0,22441.63,18862.73,0,23,25115.0,6444.13,84305.42,12,14,50759.0,Y,319598.66,current,M,37,MEDIUM,6.800000000000001,2,737.0,1,17.0
111,14064,31329.0,22853.49,33761.8,8832.8,2110.5,1500.0,3700.0,4.0,66,3,50,21,5,483000,1,1,1.0,1,2216.0,95199.02,641.0,-4679.0,18823.25,71519.0,46.0,3,45950.0,86207.38,30086.0,10,5,24595.0,27749.93,589586.0,11,61,21960.0,Y,918.15,current,M,40,MEDIUM,2.0,3,394.0,1,13.0
112,19905,304876.0,11303.0,6972.0,20280.84,3808.0,11407.56,7881.0,6.0,25,87,3,2,18,199999,1,1,1.0,1,168265.55,61022.63,768.0,14509.0,10257.25,29115.38,10.0,0,44901.0,22346.36,7083.0,6,6,57907.0,31904.32,39010.0,4,21,49374.0,Y,33874.7,current,F,30,MEDIUM,1.0,2,249.0,1,3.0
113,15144,9166.0,15776.0,1343.0,54353.63,2133.79,6928.0,366.0,1.0,77,47,18,11,1,84000,1,1,1.0,1,3247.5,278360.16,5905.0,6613.0,145690.29,33151.48,5.0,3,22655.0,43113.75,91962.5,3,86,25595.0,130812.42,37507.0,3,73,41213.0,Y,4103.0,saving,F,44,MEDIUM,9.600000000000001,6,883.0,0,2.0
114,13492,1025.0,735.95,1197.34,4126.4,3880.89,6854.0,1216.0,1.0,84,59,3,2,1,395000,1,1,1.0,1,86865.0,60040.0,73217.0,903.0,97839.3,34816.0,29.0,3,18285.0,15446.15,1880.0,31,30,58036.0,154679.36,80140.0,9,15,33732.0,Y,6121.8,current,M,46,MEDIUM,10.4,7,866.0,1,15.0
115,13398,179330.0,27109.0,4774.0,4860.0,4477.18,2523.0,25078.55,6.0,10,38,42,62,68,52000,1,1,1.0,1,68908.5,24000.0,6100.0,1931.0,63303.68,1051552.35,16.0,1,32790.74,16926.88,54670.6,70,171,231101.93,790150.48,10407.46,2,75,10000.0,Y,7793.26,current,M,35,HIGH,3.0,9,867.0,0,4.0
116,16106,7572.0,15731.66,640.0,1137.2,18421.84,20570.0,5804.0,57.0,29,10,44,3,1,49999,1,1,1.0,1,937.0,1187335.5,3570.0,0.0,5422.5,72270.0,39.0,36,12102.7,24793.5,10245.0,7,67,18702.0,69302.15,57684.75,7,64,29601.0,Y,16084.47,current,M,42,LOW,22.0,6,647.0,0,18.0
117,11605,406.0,15285.66,126.0,6422.0,4556.23,19844.195,760.72,20.0,3,67,48,1,44,575000,1,1,1.0,1,825.0,146793.0,90525.0,5340.0,51974.25,130707.0,2.0,2,11474.0,285065.82,44375.5,5,171,348255.0,13399.0,372302.8,2,80,22295.0,Y,8042.22,current,M,55,LOW,28.0,1,858.0,0,12.0
118,5099,6861.0,8555.86,492.0,1476.47,2731.0,4019.375,27985.1,1.0,65,23,2,5,42,293000,1,1,1.0,1,27747.0,8000.0,908.0,35346.0,16178.72,314957.0,84.0,4,37548.0,33618.0,38387.0,4,8,17997.95,88323.02,41724.0,36,49,4690.0,Y,749.68,current,F,42,LOW,17.6,8,748.0,1,9.0
119,16206,14673.0,7804.67,1831.16,10440.5,3187.12,2624.0,322.21,29.0,3,10,47,3,4,225000,1,1,1.0,1,13180.0,1024477.47,30000.0,8572.0,19332.79,12139.0,4.0,7,85254.0,306402.27,77705.0,1,11,37498.0,6633.82,20664.25,5,10,16212.0,Y,23372.4,current,M,60,MEDIUM,4.0,4,748.0,1,18.0
120,13746,165283.0,6708.11,1641.0,28001.74,831.0,7481.0,949.15,531.0,30,102,18,2,1,336000,1,1,1.0,1,23669.0,38173.0,25524.0,1500.0,19128.08,23587.25,39.0,5,107175.0,37754.08,70258.0,43,59,20741.0,36362.28,23896.0,4,3,3961.0,Y,18649.33,current,M,66,LOW,13.8,10,867.0,0,17.0
121,19640,6495.0,6250.01,10540.2,2029.13,8871.46,1655.0,1198.0,10.0,34,10,1,6,98,480000,1,1,1.0,1,67833.35,500358.79,579.0,-6281.37987999999,593299.76,96638.29,42.0,1,26612.0,67444.0,215276.0,3,29,43986.0,129910.0,108685.0,3,39,24635.0,Y,5642.53,current,M,32,MEDIUM,12.0,4,928.0,1,20.0
122,7922,1502.0,6304.28,1925.0,1582.0,1573.0,1189.0,1009.0,3.0,77,82,4,36,30,480000,1,1,1.0,1,68908.5,76365.24,610000.0,5350.0,52634.0,50273.0,11.0,1,39846.0,78115.43,61574.0,45,2,28595.0,38019.79,472779.03,39,18,5090.0,Y,13908.12,current,M,27,MEDIUM,2.1,8,623.0,1,2.0
123,8818,19619.0,23030.61,6990.5,16486.59,9366.0,15030.0,1299.0,12.0,56,52,2,2,25,199000,1,1,1.0,1,1641785.0,38928.0,925.0,4856.0,91869.67,73985.0,40.0,9,29647.0,12124.24,157500.0,1,3,100500.0,106677.0,24815.0,2,11,23457.0,Y,30340.33,current,M,42,MEDIUM,13.200000000000001,6,258.0,1,13.0
124,16159,12278.0,15091.53,1703.0,4673.5,11459.38,26730.56,5294.03,63.0,23,653,1,14,39,49999,1,1,1.0,1,46730.2,1425000.0,925.0,14509.0,13057.6,15094.0,90.0,36,23770.0,139238.23,103405.0,3,26,34522.0,20824.75,48882.76,2,38,56660.0,Y,4210.65,current,M,27,MEDIUM,3.5,7,554.0,1,20.0
125,11056,343513.0,142081.0,29926.25,1650.19,19620.0,12290.0,2358.67,8.0,36,19,1,1,17,170000,1,1,1.0,1,33784.35,560000.0,56305.0,1411.0,52482.64,44887.0,52.0,3,51518.0,87286.76,46257.0,2,4,17089.0,189067.38,98874.0,49,7,14675.0,Y,177.27,current,F,66,LOW,4.6000000000000005,6,928.0,1,6.0
126,17313,14474.0,2606.15,7222.0,6406.0,10061.34,2484.0,5246.0,8.0,23,47,48,2,1,218000,1,1,1.0,1,32200.0,169779.0,33774.0,0.0,30314.75,55670.0,23.0,30,25353.0,59202.75,113183.0,9,6,35241.0,8892.2,23907.0,13,124,15656.0,Y,4625.45,current,M,33,MEDIUM,1.3,5,698.0,0,6.0
127,16628,4083.0,15576.0,17337.38,9537.43,3259.0,9114.3,1132.04,8.0,2,13,4,25,4,100000,1,1,1.0,1,1727970.9,267421.4,2156.0,1429.0,59867.85,44997.0,94.0,27,98462.0,46666.71,12893.0,9,12,55308.0,77028.9,94137.0,7,13,57905.0,Y,1786.49,current,F,42,LOW,6.6000000000000005,5,867.0,0,8.0
128,14129,13757.0,48113.72,1483.05,28298.0,4165.0,7329.05,8697.0,6.0,29,52,8,1,8,327000,1,1,1.0,1,36122.87,42000.0,1630.0,12415.0,26850.25,60076.0,42.0,29,33777.0,8046.13,34311.0,1,11,31048.0,69888.74,75050.09,4,42,58628.0,Y,34670.03,current,M,60,LOW,40.0,3,574.0,1,19.0
129,9863,7614.0,3269.0,844.96,15869.43,1189.0,16125.5,3111.0,66.0,3,59,1,4,14,287000,1,1,1.0,1,1112.4,12257.0,2130.0,903.0,737.53,33967.0,40.0,2,50112.0,18466.84,286788.0,1,20,312379.0,46329.06,29259.0,3,14,106368.0,Y,5511.79,current,M,60,MEDIUM,8.0,6,623.0,1,8.0
130,10398,109525.0,12438.0,14320.02,5402.0,6315.81,5661.0,1961.32,1.0,36,6,1,2,70,27000,1,1,1.0,1,41883.6,184514.0,126001.0,5340.0,8139.04,459.0,5.0,2,20026.0,1210025.36,12054.0,1,26,87926.0,107627.48,164.0,9,7,22167.0,Y,3802.06,current,M,40,MEDIUM,20.0,9,464.0,1,2.0
131,18970,17597.0,7521.91,6096.0,3965.91,2371.0,44976.0,79043.0,6.0,10,50,2,21,1,520000,1,1,1.0,1,13849.4,295150.9,4699.0,2921.0,269503.75,47049.0,42.0,17,37240.0,18802.43,266673.75,9,8,20949.0,4906.65,52601.5,7,72,12645.0,Y,1044.96,current,M,27,MEDIUM,3.5,5,750.0,1,16.0
132,6702,129403.0,8218.61,15068.0,10914.0,5082.0,28448.99,445.0,7.0,77,47,1,2,70,400000,1,1,1.0,1,237823.88,462000.0,48500.0,0.0,10344.82,665223.0,94.0,26,18987.0,41701.25,43929.0,43,108,125238.0,72575.72,180168.0,117,106,4203.0,Y,272.87,saving,M,46,MEDIUM,20.8,1,638.0,1,3.0
133,3380,8081.0,21825.61,321.23,642.49,2551.0,2493.0,7945.2,8.0,46,4,5,12,4,44000,1,1,1.0,1,16317860.0,190887.4,908.0,-5439.0,18379.8,74496.0,3.0,0,9368.0,117393.12,49490.78,2,8,67960.0,30824.11,25469.0,8,12,25456.0,Y,6990.29,current,M,56,MEDIUM,14.4,9,424.0,1,14.0
134,8364,7634.0,1362.0,1218.85,2887.0,4023.16,23976.01,4855.0,44.0,18,10,7,25,80,410000,1,1,1.0,1,99984.83,95000.0,610000.0,3735.0,23005.47,43250.0,0.0,1,344.0,84221.0,37929.29,4,20,34440.0,60968.55,15566.0,5,10,48365.0,Y,1437.82,current,M,66,MEDIUM,27.6,2,243.0,1,6.0
135,12416,17361.0,8672.6,23902.24,527.0,12917.35,374.2,8467.62,3.0,26,7,50,2,34,255000,1,1,1.0,1,825.0,138732.3,4895.0,173.0,65894.02,173316.0,95.0,4,47964.0,27864.29,155031.0,0,63,4003.0,183372.41,11066.0,2,50,12479.0,Y,9351.78,current,M,35,MEDIUM,7.5,9,385.0,0,5.0
136,2662,14666.0,20447.0,4069.13,10349.86,2067.5,5322.7,24148.83,7.0,10,30,50,2,67,139999,1,1,1.0,1,39851.93,195088.0,2644.0,167.0,26589.26,29115.38,72.0,5,58756.0,54024.0,216571.0,43,25,81117.0,35823.52,39248.5,12,14,15759.0,Y,407.55,current,M,42,MEDIUM,22.0,7,867.0,0,14.0
137,15880,20334.0,9660.86,1557.0,26557.1,3447.0,20961.0,1113.0,63.0,10,1,5,5,98,461000,1,1,1.0,1,58928.67,43397.0,50000.0,-4664.0,198281.15,10010.0,67.0,1,29565.0,13732.45,17846.0,3,104,51835.0,248344.03,143165.0,44,103,66817.0,Y,31745.07,current,M,223,LOW,121.80000000000001,8,245.0,1,11.0
138,4353,533.0,2044.1,3853.75,1924.65,7649.59,8012.5,12825.4,100.0,6,74,48,2,39,379000,1,1,1.0,1,5809950.0,21577.06,100000.0,2351.0,1008.0,23603.0,16.0,1,9500.0,4800.96,42828.0,3,16,40142.56,45716.16,77271.93,21,96,28590.0,Y,18552.73,current,F,29,LOW,4.5,8,966.0,0,7.0
139,16259,20706.0,1526.52,3623.0,4876.0,3391.0,8795.28,2486.2,16.0,23,35,57,9,16,212500,1,1,1.0,1,291969.2,730000.0,891.0,5773.0,11218.81,20026.0,11.0,0,40657.0,114187.91,57402.59,2,42,8175.0,90706.41,943.0,36,96,197385.0,Y,4839.48,current,M,33,LOW,6.5,5,245.0,1,20.0
140,19838,290918.0,12400.0,1839.01,5716.21,11069.0,7205.425,704.0,7.0,1,64,2,6,80,97000,1,1,1.0,1,8209320.0,31730.49,5905.0,5730.0,346718.77,21341.0,77.0,1,25267.0,61670.8,20767.0,7,20,150430.09,44896.33,32980.5,62,13,169915.0,Y,8877.71,current,M,60,MEDIUM,24.0,7,914.0,1,2.0
141,15766,169676.0,18560.26,25065.34,18769.0,1962.08,534.73,16846.0,9.0,3,7,10,8,7,518000,1,1,1.0,1,516.8,1194405.5,65000.0,7478.0,95810.45,160897.0,7.0,2,82655.0,12264.81,28636.0,71,31,37498.0,17057.0,92448.0,6,35,73000.0,Y,1243.58,current,F,32,MEDIUM,10.8,5,799.0,0,11.0
142,15550,18774.0,32028.73,1944.0,16560.66,1429.11,23465.89,1576.99,57.0,26,90,5,3,30,453000,1,1,1.0,1,21941.0,482147.0,25728.0,1500.0,118269.97,62525.0,11.0,15,15091.0,19324.88,39466.0,4,29,24571.0,38431.0,42429.0,3,10,129500.0,Y,4866.36,current,M,33,LOW,10.4,4,823.0,1,19.0
143,4409,293691.0,22232.54,325.52,634.0,417.0,3763.0,1412.0,26.0,3,13,1,1,98,119000,1,1,1.0,1,9649.6,385218.7,492.0,2921.0,92270.75,128512.0,4.0,1,73909.0,18193.72,32894.0,9,81,53903.0,14789.48,42360.0,7,65,11628.51,Y,5861.8,current,M,33,MEDIUM,2.6,6,626.0,1,20.0
144,5037,10764.0,7190.46,314.88,85440.58,6457.62,4357.0,1697.0,7.0,5,71,1,4,58,153000,1,1,1.0,1,91.6,335948.0,519.0,3897.0,102139.25,23352.0,6.0,4,25450.0,8470.4,27332.81,9,7,28884.0,160609.3,138462.0,2,39,17249.0,Y,1814.73,current,M,28,MEDIUM,3.2,1,700.0,0,6.0
145,16158,84779.0,12820.11,11358.0,3304.0,1008.0,24352.57,537.67,17.0,26,38,4,11,30,125000,1,1,1.0,1,1727970.9,69370.0,610000.0,26601.0,59368.13,175977.0,4.0,36,197960.0,33853.84,23405.0,5,171,28106.0,90932.03,27472.43,19,104,67787.0,Y,2633.92,saving,F,118,MEDIUM,98.0,3,535.0,1,13.0
146,13900,312171.0,2291.25,27738.94,27050.46,2372.0,5226.2,2486.2,5.0,1,105,1,7,1,240000,1,1,1.0,1,209110.5,200926.0,711.0,5350.0,11861.8,93403.5,84.0,36,47910.0,226478.32,45332.5,1,8,25886.0,48467.42,428.0,47,24,81162.0,Y,9797.91,current,M,33,MEDIUM,11.700000000000001,7,516.0,1,4.0
147,3528,317266.0,61257.0,8168.26,14769.0,1973.42,13843.1,11821.0,63.0,9,50,2,2,70,272000,1,1,1.0,1,180615.02,157624.24,711.0,977.0,55533.89,43204.16,11.0,5,38368.0,156176.25,62573.0,6,26,27426.0,46621.46,19690.5,8,7,15124.0,Y,2509.31,current,M,27,LOW,7.0,4,882.0,1,11.0
148,13015,5602.0,11903.58,1180.0,4737.04,118.0,6705.335,1845.0,1.0,85,51,48,1,8,481000,1,1,1.0,1,1665.0,385218.7,4699.0,-4679.0,74983.52,34498.37,91.0,36,34280.0,4485.61,3415.45,3,11,32841.0,183852.99,60840.75,21,32,18110.0,Y,156.07,current,M,29,MEDIUM,3.6,1,658.0,1,8.0
149,13561,4797.0,2348.16,18702.63,24229.0,4536.0,2342.0,19108.0,6.0,2,26,26,2,10,139000,1,1,1.0,1,1466675.0,9000.0,508.0,1332.0,70882.93,13561.0,3.0,5,171157.0,42027.56,78783.0,45,29,11422.0,24544.29,11570.0,2,18,10646.0,Y,1239.2,current,M,66,MEDIUM,9.200000000000001,5,595.0,1,9.0
150,4727,6448.0,26753.5,3375.0,2809.7,7513.0,8996.435,11432.0,44.0,8,50,8,2,26,378000,1,1,1.0,1,73010.0,189246.0,3570.0,-3506.17993,12504.5,124508.0,3.0,5,20146.0,74063.39,443440.0,9,50,34658.0,202688.12,26994.6,39,12,120211.0,Y,13840.05,current,F,40,LOW,8.0,5,723.0,0,3.0
151,9941,10524.0,8131.74,2763.25,18782.4,3965.0,8178.0,376.0,531.0,6,74,1,1,26,17000,1,1,1.0,1,3070.5,17000.0,30011.0,19765.0,11378.5,166534.0,55.0,3,56567.0,26430.5,88378.0,43,11,76843.0,62031.01,165478.48,3,104,26970.27,Y,4232.62,saving,M,37,LOW,11.9,6,812.0,1,5.0
152,326,14343.0,4797.07,3994.8,722.5,9864.95,5014.49,869.0,7.0,23,44,4,1,9,1000000,1,1,1.0,1,3101.3,330001.0,3975.0,4856.0,68953.25,65183.0,11.0,13,22974.0,7552.26,7640.5,2,4,18999.0,32868.46,82157.59,21,83,14521.0,Y,3184.71,current,M,66,LOW,46.0,10,254.0,0,20.0
153,11450,634.0,2990.63,2302.34,5146.4,1423.0,17163.0,12468.2,6.0,39,30,42,6,1,225000,1,1,1.0,1,28482.5,229809.2,544.0,3897.0,5651.25,59876.97,11.0,19,21991.0,49353.87,50869.0,43,13,8481.0,34873.0,162467.0,12,80,6138.0,Y,3310.21,current,M,60,LOW,32.0,10,485.0,0,13.0
154,1111,1223.0,3321.72,24988.34,59903.0,332.0,2041.905,874.81,10.0,5,20,24,62,77,186000,1,1,1.0,1,684495.7,64491.0,16068.0,-5998.43994,50419.17,28454.0,4.0,4,50691.6,49362.45,7083.0,47,13,270456.0,49785.83,148216.5,5,103,32450.0,Y,1244.37,current,M,25,MEDIUM,4.5,4,958.0,1,11.0
155,869,13440.0,1344.0,3111.0,6144.5,302.0,11539.475,13272.0,23.0,2,47,1,1,5,429000,1,1,1.0,1,472.0,52098.99,5905.0,-5942.0,54783.09,18134.0,11.0,3,48940.0,2129.0,61065.74,50,86,53491.0,11182.14,30450.88,47,12,28901.0,Y,2620.97,current,F,66,LOW,23.0,7,945.0,1,14.0
156,3205,8012.0,3926.6,4213.29,3700.5,6574.0,11499.0,1751.0,29.0,23,10,17,3,16,587000,1,1,1.0,1,1112.4,330001.0,550.0,5340.0,91615.18,19036.0,11.0,5,21257.0,6078.57,397.0,47,108,34370.0,49595.27,137231.0,4,75,97839.0,Y,8004.35,current,F,34,MEDIUM,4.2,10,314.0,0,14.0
157,6145,12641.0,5243.4,4299.0,12297.0,1834.0,71118.79,37001.45,5.0,10,46,1,2,56,293000,1,1,1.0,1,1466675.0,65480.0,2019.0,20513.0,47033.13,139583.0,4.0,1,13790.0,80268.45,26033.0,11,20,82266.0,40457.89,61092.1,62,83,16595.0,Y,5573.92,saving,M,47,HIGH,10.8,5,525.0,1,6.0
158,8688,8629.0,2362.0,2461.0,5247.49,3279.0,6629.78,8927.8,43.0,3,50,18,1,20,54000,1,1,1.0,1,715554.75,117890.0,539.0,20324.0,25049.25,17315.0,32.0,3,122017.65,62787.08,72140.5,0,70,77174.0,22152.93,6081.0,2,12,40088.0,Y,18715.54,saving,F,53,MEDIUM,29.700000000000003,2,802.0,1,14.0
159,18380,18658.0,4956.79,10039.61,18282.23,6209.0,6233.85,10517.0,100.0,65,3,20,25,7,152000,1,1,1.0,1,20141240.0,95081.0,59414.0,6613.0,33452.5,41277.31,2.0,7,33033.0,19722.85,29828.5,4,20,21253.0,38222.68,47938.56,6,113,135317.0,Y,9636.27,current,M,30,LOW,10.0,1,743.0,1,20.0
160,7798,20396.0,42783.98,4426.0,33323.75,921.0,3326.0,428.52,2.0,30,47,21,62,79,400000,1,1,1.0,1,107700.0,184514.0,3975.0,12415.0,40476.16,30127.0,62.0,1,34197.0,26092.0,112145.0,11,13,37765.0,23996.25,50820.0,40,54,6631.4,Y,4863.44,current,M,27,MEDIUM,3.5,8,883.0,1,18.0
161,6334,10114.0,635.5,46980.1,24465.85,2428.0,66874.0,4355.0,6.0,46,32,22,4,54,306000,1,1,1.0,1,825.0,43397.0,2214.0,1500.0,20333.91,28533.07,91.0,2,145980.0,33197.2,54631.0,4,20,69052.0,97700.06,7561.0,5,3,44066.0,Y,7997.95,saving,M,34,MEDIUM,11.200000000000001,5,658.0,1,13.0
162,12598,304620.0,20260.07,68684.77,28688.5,2374.16,31920.5,2304.0,6.0,17,71,8,3,3,345000,1,1,1.0,1,98062.5,110135.86,33950.0,5439.0,89264.25,68781.06,68.0,6,99416.0,609.0,34254.0,6,44,96685.0,23032.0,126496.0,14,83,18514.0,Y,2701.96,current,M,32,MEDIUM,10.8,1,503.0,1,5.0
163,15121,19611.0,2425.99,142905.29,73629.66,3187.8,13137.295,463.73,1.0,4,30,1,6,2,302000,1,1,1.0,1,80163.75,110135.86,16215.0,1079.0,14819.19,377950.07,91.0,28,13338.0,11527.5,34303.0,20,8,21334.0,39380.56,71267.5,40,1,24191.0,Y,38566.24,current,M,53,MEDIUM,23.1,9,258.0,1,15.0
164,15234,966.0,23657.84,6463.95,283.65,9272.15,6850.5,15647.48,60.0,2,47,8,3,17,381000,1,1,1.0,1,84446.0,237365.38,3792.0,2351.0,23474.05,8263.0,69.0,3,53025.0,56548.4,98992.0,2,78,19821.0,67181.6,365.76,4,12,18600.0,Y,20586.84,current,M,35,MEDIUM,12.0,6,503.0,1,19.0
165,10416,15972.0,41033.24,2096.75,1974.87,494.04,872.0,252.0,19.0,14,3,48,1,1,47000,1,1,1.0,1,4322.5,330001.0,38599.0,-5998.43994,16201.17,2031.0,4.0,1,32966.0,21255.0,162734.0,0,5,53897.0,4285.0,46245.0,2,49,6158.0,Y,12778.23,saving,M,33,LOW,2.6,8,464.0,1,4.0
166,19646,138235.0,36637.79,9186.0,2650.08,18665.23,1561.505,3877.0,24.0,71,74,44,1,4,378000,1,1,1.0,1,111.4,330001.0,8943.86,1411.0,13035.89,32216.0,16.0,2,23770.0,40415.88,67022.0,9,7,70.74,41192.89,64742.75,13,21,2730.0,Y,26.35,saving,M,30,MEDIUM,6.0,2,737.0,0,14.0
167,2776,16750.0,7317.51,7285.0,3733.31,263.0,61364.0,6480.0,531.0,84,67,2,3,1,17000,1,1,1.0,1,496065.0,182359.2,954.0,5350.0,90919.11,32304.0,89.0,0,103334.0,44330.98,19343.0,10,44,67048.0,27397.0,210379.0,6,7,10650.0,Y,257.17,current,M,37,LOW,5.1000000000000005,4,887.0,0,9.0
168,17265,11115.0,5237.31,3277.5,26501.63,3773.0,27545.0,4327.0,1.0,99,17,22,11,54,524000,1,1,1.0,1,65640.0,43021.0,230000.0,-6885.0,578617.65,23515.0,12.0,4,47238.0,51799.64,108209.0,1,6,23387.0,22108.0,154013.0,2,12,24459.0,Y,1293.36,current,M,28,LOW,0.8,8,737.0,1,14.0
169,179,39778.0,7776.0,2812.0,21563.85,741.0,1203.72,4519.0,16.0,71,67,30,1,79,232000,1,1,1.0,1,81872.65,19000.0,34550.0,2008.0,1380.0,18862.3,43.0,43,31281.0,64221.15,45174.5,6,40,52560.0,25424.82,32669.0,47,22,13145.0,Y,427.57,current,M,46,LOW,7.800000000000001,1,269.0,1,5.0
170,13738,12205.0,34793.88,6391.0,5056.34,475.0,6442.8,23197.0,4.0,3,50,26,55,16,66000,1,1,1.0,1,27747.0,82907.34,50000.0,7478.0,9641.25,167325.52,16.0,19,34043.0,51891.36,943.0,4,108,10615.0,15491.14,308124.0,4,39,19487.0,Y,3362.62,saving,M,51,MEDIUM,6.2,9,748.0,1,12.0
171,11897,10938.0,2649.35,307.0,16655.77,122.0,8653.0,6870.0,2.0,3,86,10,15,37,524000,1,1,1.0,1,72383.25,93.35,49000.0,3983.0,53076.2,40560.0,42.0,5,32879.0,18684.0,75209.0,10,20,23120.0,29260.16,34162.0,7,106,56900.0,Y,1072.58,current,M,60,LOW,28.0,4,836.0,1,18.0
172,6909,304549.0,1951.0,18740.0,3261.0,1204.0,17022.22,967.0,80.0,17,59,1,1,8,461000,1,1,1.0,1,168.75,74599.9,4000.0,6885.0,44453.39,20023.0,29.0,3,23673.0,45046.41,76765.0,1,38,32951.0,75693.0,26785.0,47,7,128600.95,Y,1002.95,current,M,33,LOW,7.800000000000001,10,801.0,1,12.0
173,10916,304253.0,9344.86,15759.0,74409.37,3994.58,11464.29,2871.0,6.0,99,74,20,37,10,345000,1,1,1.0,1,153410.0,251131.79,6146.0,2008.0,33496.82,22397.0,90.0,4,115000.0,70138.22,3295.0,4,9,28151.0,147067.05,35327.0,2,75,19771.0,Y,235.49,current,M,28,MEDIUM,4.0,2,503.0,1,13.0
174,2611,90968.0,23204.0,11269.0,5580.0,13439.0,4998.0,992.0,44.0,23,1,2,18,42,198000,1,1,1.0,1,5215.0,119898.8,105000.0,7478.0,60578.68,54136.0,77.0,2,28883.0,50714.0,40911.0,1,108,30192.0,29995.17,30598.5,13,22,53554.0,Y,368.94,current,M,31,MEDIUM,1.1,6,945.0,1,4.0
175,13112,10883.0,13424.97,8490.2,426.5,5435.92,10212.0,1101.14,44.0,85,74,4,2,77,429000,1,1,1.0,1,13180.0,274285.17,891.0,-5998.43994,36266.25,19372.0,42.0,19,26179.0,150728.82,32833.27,3,9,11186.0,37750.25,84714.0,7,65,122742.0,Y,13298.25,current,M,34,LOW,14.0,10,860.0,1,6.0
176,14607,19845.0,2962.0,144.0,24356.195,1945.13,6248.71,1897.0,531.0,81,35,15,5,30,152000,1,1,1.0,1,5215.0,16000.0,4367.0,2000.0,320788.76,37728.0,4.0,19,42265.0,194724.88,37221.86,0,4,13675.0,6053.5,64827.0,12,21,25826.0,Y,4374.6,saving,M,30,MEDIUM,9.0,9,945.0,1,4.0
177,9953,8372.0,12078.0,253.0,1171.0,3289.0,4205.69,901.25,92.0,3,6,15,1,25,167000,1,1,1.0,1,59703.93,50000.0,12000.0,10455.0,9429.2,34402.0,4.0,7,134074.0,35418.23,18585.0,2,25,35083.0,36021.14,38717.0,4,12,17866.0,Y,2706.22,current,M,32,HIGH,10.8,2,966.0,1,17.0
178,11183,3398.0,32465.97,1738.5,1649.64,10461.0,902.52,624.0,32.0,3,13,2,3,81,427000,1,1,1.0,1,41883.6,51000.0,300500.0,5439.0,23847.0,52451.0,5.0,5,69562.0,54663.45,475218.0,9,8,22183.0,32868.46,153654.04,12,124,577.0,Y,4575.39,current,F,44,HIGH,19.200000000000003,2,258.0,0,4.0
179,18479,28366.0,31433.85,1141.0,32899.54,5140.0,2512.0,12625.0,1.0,18,29,3,6,47,232000,1,1,1.0,1,4435.0,31000.0,49975.0,0.0,5109.25,191584.38,46.0,14,142893.0,62288.01,512087.0,4,6,38323.0,60566.44,114029.0,4,10,34410.27,Y,6452.71,current,M,25,MEDIUM,4.5,6,485.0,1,12.0
180,2493,269.0,13537.0,8615.96,1443.0,1517.15,54650.0,3092.0,56.0,9,135,1,1,18,152000,1,1,1.0,1,9542.5,26884.0,6000.0,0.0,96302.5,39348.0,16.0,6,39048.0,57122.88,45166.85,1,20,69200.0,71426.92,19219.65,21,113,30969.25,Y,39.56,current,M,46,MEDIUM,2.6,1,595.0,0,15.0
181,12279,13526.0,37058.82,10140.5,15024.135,1934.0,100747.0,188.5,124.0,3,23,7,1,6,11000,1,1,1.0,1,4323.0,43397.0,3975.0,-3053.0,64703.75,367699.99,8.0,7,47978.0,19522.48,11031.0,9,11,154500.0,41492.18,33819.47,18,18,54820.0,Y,7770.03,current,M,53,HIGH,33.0,7,354.0,1,16.0
182,6922,30832.0,52126.93,703.0,19837.55,956.46,51605.0,2649.43,1.0,77,35,50,9,1,147000,1,1,1.0,1,27747.0,1425000.0,678.0,7478.0,28969.05,12784.5,5.0,19,26019.0,52417.98,87.76,3,28,31609.12,38265.78,79156.0,12,28,8950.0,Y,1185.8,current,M,38,LOW,10.8,4,801.0,1,17.0
183,13869,7453.0,3658.17,3451.57,7944.83,35084.3,485.0,3365.37,1.0,99,5,2,2,54,410000,1,1,1.0,1,291969.2,500358.79,1633.0,-6885.0,8404.9,257838.0,5.0,26,75925.0,40180.75,31092.17,4,82,77174.0,107732.0,83714.0,4,8,36945.0,Y,20472.96,current,M,33,MEDIUM,10.4,9,686.0,0,17.0
184,5859,405.0,4293.0,2923.0,10110.34,1545.0,5573.43,4401.8,5.0,9,1,1,6,13,138000,1,1,1.0,1,39851.93,278904.9,1633.0,6916.0,25413.22,111283.0,5.0,26,64471.0,27717.24,12098.0,4,12,95362.0,37717.17,41511.0,3,58,1275.0,Y,1358.04,current,M,40,MEDIUM,14.0,9,799.0,0,20.0
185,11611,222067.0,4785.0,8397.3,22249.0,1871.0,1164.0,1882.0,6.0,8,35,1,1,8,533000,1,1,1.0,1,25506.67,121927.8,4000.0,6441.0,37098.38,59826.1,9.0,1,13260.0,15297.88,10530.0,9,86,59584.0,42792.02,77716.47,47,11,93060.0,Y,26.74,current,F,30,MEDIUM,5.0,10,723.0,0,6.0
186,16023,88417.0,11405.0,11814.16,5383.13,888.0,64620.0,3137.0,24.0,26,50,26,21,10,192000,1,1,1.0,1,67833.35,110135.86,13873.0,-3506.17993,50258.0,125127.0,29.0,36,32157.0,6994.3,32324.86,1,87,13747.0,76903.1,23267.5,10,32,37066.0,Y,83.12,current,M,47,LOW,21.6,1,748.0,1,4.0
187,5193,392.0,7489.0,11903.55,27734.97,1945.0,6018.6,1005.21,50.0,8,3,3,2,44,373000,1,1,1.0,1,15079.5,43.0,130000.0,0.0,522.0,44671.0,20.0,36,40823.0,54875.65,18599.0,31,14,65967.0,77428.8,40445.0,11,35,18560.0,Y,0.0,current,M,39,MEDIUM,5.7,1,863.0,1,18.0
188,13199,3037.0,2066.21,325.0,7272.85,1348.0,43699.01,224.0,57.0,10,7,24,3,47,98000,1,1,1.0,1,19.95,53749.0,1727.0,-6885.0,59424.0,90017.0,3.0,19,21896.0,54534.0,102522.0,4,20,1324439.0,155164.46,162805.0,94,75,54365.0,Y,4152.31,current,F,33,HIGH,5.2,5,454.0,1,6.0
189,10929,7449.0,2417.78,1227.0,6132.65,5517.0,29881.0,3208.0,531.0,43,50,42,11,26,525000,1,1,1.0,1,41070.0,105000.0,583.0,-6281.37987999999,22237.6,24840.0,87.0,4,17452.0,86081.88,11262.0,10,2,29764.0,154040.92,51298.78,49,17,36242.0,Y,153327.5,current,M,63,MEDIUM,12.9,5,683.0,0,4.0
190,18321,8879.0,6895.31,4608.64,11339.93,20024.0,4758.625,1361.1,7.0,6,72,45,16,1,271000,1,1,1.0,1,55700.0,195088.0,583.0,20513.0,10102.68,30035.0,18.0,6,83923.0,8181.62,22681.0,2,13,61725.0,14775.66,33790.12,9,12,16423.0,Y,17480.93,current,M,66,LOW,9.200000000000001,7,723.0,1,4.0
191,6907,16900.0,9059.26,6041.0,17464.98,10627.48,5249.0,4450.5,26.0,84,38,52,2,9,302000,1,1,1.0,1,39851.93,15300.0,33330.0,1332.0,33679.21,146562.0,42.0,36,50909.0,372840.88,58455.98,3,20,27395.0,15857.51,225418.0,4,21,29311.0,Y,8255.71,current,F,40,MEDIUM,16.0,7,713.0,1,6.0
192,5280,16331.0,66617.0,14654.2,17684.06,6185.0,5632.0,4912.0,12.0,31,44,15,4,8,510000,1,1,1.0,1,26360.0,172131.0,25000.0,2921.0,1576.07,31041.0,5.0,35,33840.0,41174.9,338101.0,1,75,35694.0,49697.36,333247.0,3,11,55571.63,Y,964.69,current,M,37,MEDIUM,11.9,3,958.0,0,2.0
193,9522,5115.0,12133.78,3831.0,10399.92,658.0,1685.52,10016.0,24.0,8,3,1,55,29,453000,1,1,1.0,1,942327.7,41.26,2214.0,-6281.37987999999,15982.25,30018.87,11.0,2,236068.0,103352.19,39700.5,47,7,33356.0,5660.61,28368.0,2,13,16197.0,Y,7163.79,current,M,47,MEDIUM,8.1,6,488.0,1,2.0
194,10202,15891.0,12979.58,1308.0,10771.29,2374.16,14497.54,21189.3,6.0,10,10,1,7,16,47000,1,1,1.0,1,111.4,280000.0,23500.0,3481.0,165363.2,58949.12,42.0,7,11018.0,126043.25,8717.0,0,44,58685.0,45015.44,37177.75,117,32,65146.0,Y,5371.53,current,M,220,HIGH,60.0,1,248.0,1,15.0
195,19877,5860.0,4286.86,21787.0,985.73,5534.47,20859.2,2825.0,5.0,36,11,52,7,42,510000,1,1,1.0,1,53374.97,16671.0,24619.0,-12179.0,93258.21,93756.45,4.0,14,900.0,43427.74,25207.0,6,12,27565.0,255860.4,202274.53,3,11,424727.0,Y,15684.27,saving,M,60,MEDIUM,32.0,1,860.0,1,18.0
196,7361,405867.0,13400.0,5979.58,15140.83,12872.0,3049.42,936.06,8.0,10,1,1,3,98,170000,1,1,1.0,1,32951.25,68663.61,768.0,0.0,18832.33,5202.0,6.0,19,31515.0,16735.51,59274.0,2,108,37604.0,34335.75,1377.0,5,39,123.0,Y,4452.44,current,M,66,MEDIUM,4.6000000000000005,9,244.0,1,7.0
197,4007,7637.0,35449.8,1289.0,4459.98,6570.0,2163.81,475.0,19.0,14,10,60,27,80,59000,1,1,1.0,1,86865.0,370000.0,155205.0,20513.0,34006.9,1658.0,63.0,4,58439.0,2919.44,34303.0,5,20,4220.0,26723.96,21326.0,9,8,21227.0,Y,1626.1,current,M,32,MEDIUM,6.0,1,385.0,1,18.0
198,12086,165609.0,20214.85,9673.14,6689.32,2825.75,29557.0,8629.0,2.0,27,50,1,62,56,100000,1,1,1.0,1,181073.75,11772.76,678.0,5439.0,244591.5,31154.0,11.0,5,17057.0,318193.05,191043.0,7,25,20844.0,19838.0,94629.0,11,11,177569.0,Y,2060.86,current,M,35,MEDIUM,10.5,4,866.0,0,3.0
199,18662,8293.0,707.0,10039.61,5629.0,20056.0,7925.345,3589.39,124.0,36,87,7,31,1,579000,1,1,1.0,1,21220.0,95000.0,5540.0,5730.0,21093.19,82644.5,62.0,3,17583.0,67549.09,47089.2,3,1,32937.0,16834.0,71795.23,1,107,24993.0,Y,2336.31,current,F,25,MEDIUM,4.0,1,485.0,1,15.0
200,15922,10985.0,10669.0,4060.0,17941.98,22181.0,1740.2,1891.0,44.0,30,4,6,3,47,98000,1,1,1.0,1,13279.75,245000.0,16215.0,903.0,27083.4,144341.0,32.0,3,23743.0,119350.33,17862.0,2,89,68170.0,64192.06,61907.8,4,7,13574.0,Y,13486.59,current,M,28,MEDIUM,4.800000000000001,5,537.0,1,10.0
201,11463,18013.0,620.16,2404.0,3039.59,9952.89,2278.34,15231.63,4.0,11,62,53,21,13,16000,1,1,1.0,1,1727970.9,27867.3,100000.0,12174.0,29356.5,109337.0,55.0,26,25944.0,17114.68,67793.26,1,69,43134.0,23765.19,27934.5,40,49,80561.0,Y,183.03,saving,M,28,MEDIUM,6.4,8,538.0,1,8.0
202,10590,221578.0,4463.2,941.72,827.26,808.0,1981.0,1538.5,3.0,31,47,2,16,4,125000,1,1,1.0,1,117168.65,111000.0,731.0,-3506.17993,15726.0,49119.0,62.0,3,28480.0,427532.95,155219.0,2,28,18900.0,64408.5,77192.0,62,83,21316.0,Y,1683.28,current,M,37,MEDIUM,11.9,6,766.0,1,14.0
203,3920,342519.0,35837.35,25744.96,6612.32,2371.19,1740.0,10111.2,7.0,29,64,24,11,47,595000,1,1,1.0,1,977377.25,5729.0,155205.0,3735.0,43778.4,35204.0,36.0,3,49270.0,30305.0,123983.0,0,13,74448.0,28929.01,39825.15,47,63,1111.0,Y,5772.93,current,M,37,MEDIUM,17.0,1,538.0,1,2.0
204,4957,320341.0,16024.37,1564.64,9974.84,3162.0,8187.485,5347.43,29.0,2,2,24,18,42,337000,1,1,1.0,1,72383.25,610000.0,2214.0,1079.0,16348.74,24390.0,48.0,9,54532.0,45350.45,32856.0,1,13,435000.0,94752.72,32014.0,94,32,28437.0,Y,15.21,current,M,32,MEDIUM,7.2,2,245.0,1,4.0
205,4068,5701.0,40307.89,9725.0,4318.03,671.0,6245.7,3613.85,19.0,3,7,4,1,5,136000,1,1,1.0,1,97.5,162288.3,20000.0,8723.0,189173.97,53670.0,69.0,31,16988.0,51789.76,46562.0,6,20,10816.0,36267.26,26546.0,5,50,29066.0,Y,37763.15,current,M,53,MEDIUM,16.5,5,802.0,0,16.0
206,14000,8830.0,18206.0,11309.79,1000.42,2248.0,39064.0,4461.0,1.0,77,50,57,4,10,352000,1,1,1.0,1,199690.5,88482.8,631.0,2921.0,40007.25,187746.0,36.0,5,22580.0,31725.0,26474.0,11,11,39886.0,164724.46,30722.0,9,79,70575.0,Y,8308.44,current,M,62,MEDIUM,12.600000000000001,2,269.0,0,20.0
207,14121,6439.0,11674.64,2317.14,8647.85,2639.6,35351.0,7787.0,57.0,9,35,6,3,5,44000,1,1,1.0,1,120285.0,64491.0,126001.0,0.0,81409.3,44398.27,43.0,2,45556.0,77094.51,59686.0,42,13,40909.0,37106.97,82907.51,14,80,5184.0,Y,1680.0,current,F,35,LOW,3.0,8,537.0,1,13.0
208,6485,16393.0,31691.0,3136.0,29011.22,17211.15,2077.94,7318.83,4.0,3,23,24,11,8,293000,1,1,1.0,1,185669.2,15036.0,6146.0,1429.0,8945.75,54113.0,22.0,2,33749.0,21230.5,76765.0,2,63,40018.0,144656.29,187307.0,18,83,11388.0,Y,7613.93,current,M,32,HIGH,9.600000000000001,9,700.0,1,20.0
209,7027,6367.0,4214.72,208.55,599.9,11489.52,5970.0,38792.9,6.0,30,7,82,26,17,192000,1,1,1.0,1,204585.76,190887.4,1209.0,20324.0,30774.53,37884.25,55.0,7,31416.0,34067.0,40985.0,5,14,3900.0,163992.7,15566.0,117,63,189.29,Y,17489.19,current,F,37,LOW,8.5,7,658.0,1,4.0
210,9116,299477.0,146396.99,14606.34,3495.0,54646.02,6151.27,5300.0,1.0,23,89,7,55,8,326000,1,1,1.0,1,46730.2,3.59,230000.0,6885.0,21701.6,56689.91,2.0,4,47963.0,211031.25,368195.0,45,171,129800.0,100538.71,37638.0,13,103,37744.0,Y,276.99,current,M,30,LOW,6.0,9,566.0,0,7.0
211,14048,11736.0,125498.97,8000.5,30842.74,488.0,33900.0,29897.32,16.0,17,48,24,7,4,520000,1,1,1.0,1,2100.0,1244.14,54101.0,-5439.0,225889.75,66274.0,52.0,2,43578.0,39100.95,7245.0,11,13,55498.0,53991.49,56535.0,8,50,29867.0,Y,2204.48,current,F,69,MEDIUM,4.9,4,516.0,1,11.0
212,2054,301658.0,11047.74,31377.18,2958.44,5516.43,2567.775,9928.8,1.0,27,6,82,1,4,523000,1,1,1.0,1,61186.36,52098.99,24250.0,4314.0,45031.0,25032.0,2.0,33,37872.0,21569.16,29912.0,3,63,21690.0,73251.0,9839.72,2,15,34956.0,Y,66839.75,current,M,33,LOW,11.700000000000001,10,685.0,0,17.0
213,12616,14028.0,9833.65,14164.0,21816.45,1901.7,1568.145,2111.45,57.0,32,13,20,16,6,297000,1,1,1.0,1,47.35,12257.0,766.0,-4664.0,49017.69,44989.0,29.0,36,84991.0,27121.0,67100.0,35,21,49880.32,60035.5,45424.0,18,22,26685.0,Y,13740.99,current,M,30,LOW,3.0,10,863.0,1,3.0
214,758,970.0,28156.37,1113.0,20468.0,26643.0,6725.75,5669.0,5.0,84,11,18,9,1,104000,1,1,1.0,1,3380.0,11897.0,1036.0,-402.0,5167.25,34484.0,2.0,13,55961.0,42875.94,385.0,6,42,11760.0,61755.1,119319.0,1,3,29922.0,Y,5185.25,current,F,47,HIGH,18.900000000000002,6,708.0,1,15.0
215,16049,947.0,25245.61,5036.1,1292.52,2078.34,6518.085,1576.99,44.0,36,9,3,6,1,520000,1,1,1.0,1,2.13,1475000.0,16114.0,1500.0,191336.63,117709.89,27.0,15,17888.0,117540.36,89082.0,1,28,142276.0,1585.71,270269.0,10,11,42043.0,Y,3657.64,current,M,33,MEDIUM,13.0,8,887.0,1,17.0
216,17956,111888.0,6111.02,1565.74,35562.32,1615.0,11497.29,1105.0,44.0,65,48,1,2,8,548000,1,1,1.0,1,11027.5,3.59,33774.0,-4664.0,38395.56,76699.1,42.0,4,17322.0,26473.56,77262.57,0,81,46852.0,55645.5,39005.0,14,76,112000.0,Y,36630.43,saving,M,120,LOW,80.0,2,270.0,1,18.0
217,10849,34064.0,2954.46,17925.04,21211.03,13972.3,19693.295,715.0,6.0,29,48,1,2,70,472000,1,1,1.0,1,98062.5,470000.0,126001.0,6441.0,107101.5,126339.0,4.0,13,74052.0,114014.49,22317.0,23,82,88260.0,44352.21,27878.98,47,50,32683.53,Y,1097.5,current,M,37,LOW,10.200000000000001,10,911.0,1,10.0
218,14974,4567.0,5416.95,424.3,3542.3,4031.0,1517.0,866.0,92.0,26,32,1,60,16,306000,1,1,1.0,1,4500.0,128314.74,30011.0,977.0,16635.77,103330.0,7.0,19,27510.0,43126.14,194688.47,47,13,72658.25,28675.19,35980.0,5,17,20999.0,Y,686539.12,current,M,42,MEDIUM,11.0,7,485.0,1,5.0
219,17606,15859.0,34710.29,10852.0,1825.66,5647.0,23916.0,524.76,531.0,7,29,52,1,47,48000,1,1,1.0,1,168265.55,76365.24,678.0,1429.0,64441.57,61713.0,77.0,3,21390.0,85676.54,95233.0,3,20,68595.0,31466.56,112420.51,4,27,22418.0,Y,220.56,current,M,32,MEDIUM,7.2,8,366.0,0,14.0
220,13537,8571.0,12502.56,12801.29,12113.35,860.0,3519.405,1247.73,2.0,6,13,54,38,68,306000,1,1,1.0,1,9220.2,545000.0,25524.0,6916.0,328.95,20350.0,94.0,3,23500.0,74493.24,54237.0,2,24,5630.0,12297.92,29246.0,4,63,23454.0,Y,9060.09,current,M,34,MEDIUM,5.6000000000000005,3,535.0,1,12.0
221,2779,1223.0,56001.71,10876.11,7447.46,16077.96,15931.6,1068.0,136.0,22,105,48,6,1,75000,1,1,1.0,1,26360.0,169779.0,49975.0,6885.0,16401.2,97974.0,22.0,6,135601.0,199.63,92052.0,2,5,67746.0,104276.13,25776.0,4,63,16421.0,Y,10923.95,current,M,33,MEDIUM,3.9000000000000004,3,945.0,1,17.0
222,11601,16269.0,13111.32,589.96,13610.91,3137.4,1821.86,1861.31,1.0,1,35,1,4,18,575000,1,1,1.0,1,1377313.45,25404.0,48950.0,1245.0,46542.47,243657.0,4.0,13,17354.0,67953.0,38552.5,4,5,101145.0,39606.75,30520.0,36,21,39988.0,Y,3470.57,current,M,29,HIGH,2.7,2,503.0,0,3.0
223,5347,14880.0,3194.0,844.96,20830.61,1638.0,16527.0,2472.0,80.0,30,3,25,1,79,190000,1,1,1.0,1,497317.93,674291.83,50000.0,6885.0,18229.0,24067.0,11.0,1,103341.0,23778.0,12980.84,5,35,29134.0,80786.26,356.25,19,52,31397.0,Y,3696.16,current,M,38,LOW,9.0,2,623.0,1,20.0
224,17577,12706.0,4991.88,2400.0,12129.08,1876.5,61364.0,16846.0,7.0,8,50,45,51,79,423000,1,1,1.0,1,331.2,225000.0,11580.0,-4664.0,76103.86,25026.0,11.0,4,59690.0,862969.02,48168.0,6,108,16452.0,41812.94,35726.12,3,65,205084.0,Y,2263.83,current,M,35,LOW,1.5,9,737.0,0,20.0
225,793,2021.0,44664.0,2610.0,16334.69,16729.0,3422.0,2658.0,92.0,13,89,2,62,54,371000,1,1,1.0,1,154363.25,235.17,20887.0,1500.0,28669.0,49413.0,91.0,5,29880.0,114184.56,111419.0,50,44,36426.0,42298.1,217490.77,3,36,54018.0,Y,3934.66,current,M,27,MEDIUM,6.300000000000001,8,737.0,1,20.0
226,6782,12460.0,9877.885,4846.89,41803.1,1550.4,17537.21,5356.52,6.0,7,7,42,6,22,28000,1,1,1.0,1,1146.0,31730.49,20887.0,5439.0,69900.84,110287.38,11.0,1,12791.0,27279.35,25494.0,43,23,10625.0,72614.47,101145.5,7,49,29910.0,Y,2152.5,current,M,27,MEDIUM,2.8000000000000003,2,324.0,1,3.0
227,14050,8507.0,12240.0,2862.48,8436.52,481.0,3649.5,608.0,31.0,10,3,1,6,10,87000,1,1,1.0,1,8256.6,1752254.0,1097.0,24326.0,18926.88,16157.0,62.0,3,7260.0,61679.98,111419.0,8,108,23948.0,91442.86,49887.0,9,83,17632.28,Y,10870.72,current,M,35,MEDIUM,1.5,6,698.0,0,14.0
228,18155,16345.0,3984.78,2018.33,2030.0,894.0,7057.135,3098.0,52.0,85,4,1,11,1,276000,1,1,1.0,1,48675.31,100000.0,2214.0,0.0,5264.58,40252.0,23.0,7,16632.0,64195.0,8640.0,3,171,163384.0,17092.0,140303.0,19,8,139352.0,Y,3148.74,current,M,53,MEDIUM,33.0,9,766.0,1,18.0
229,6101,295331.0,61121.46,1568.0,28688.5,824.67,68256.0,5135.0,66.0,2,13,1,4,3,87000,1,1,1.0,1,75240.45,10465.48,4699.0,5730.0,100690.6,15061.0,4.0,3,30252.0,499340.51,94346.0,4,7,94771.0,92296.98,26970.0,6,68,148547.0,Y,8078.91,current,M,40,HIGH,10.0,8,855.0,1,9.0
230,15205,2693.0,56642.97,1781.9,10130.0,1707.04,10409.0,3933.0,28.0,30,50,3,9,36,187000,1,1,1.0,1,46451.38,446457.0,25524.0,6885.0,54506.01,30250.0,52.0,15,79931.0,51295.13,33733.0,31,20,21762.0,67260.87,8559.0,7,50,32891.0,Y,5959.31,saving,M,53,HIGH,3.3000000000000003,7,385.0,1,10.0
231,2541,18455.0,21052.7,20959.0,1856.92,33281.0,12642.88,2938.0,6.0,56,50,50,55,47,68000,1,1,1.0,1,170590.75,500358.79,20000.0,844.0,46017.42,21220.0,16.0,2,26448.0,59840.27,20353.0,0,25,4100.0,17955.59,118445.58,4,1,53738.0,Y,7132.59,current,M,35,LOW,10.5,10,594.0,1,19.0
232,8326,5998.0,29308.0,6942.0,3605.0,3471.0,8269.54,969.0,14.0,18,61,4,15,7,524000,1,1,1.0,1,331.2,257406.7,300000.0,6613.0,32482.04,54394.0,42.0,3,44352.0,266682.76,40532.0,1,108,15483.0,41858.5,25173.0,9,12,23443.0,Y,7879.04,current,M,53,MEDIUM,19.8,4,445.0,1,9.0
233,16880,169512.0,14396.0,60095.0,27117.06,1204.0,3375.21,5246.0,43.0,60,30,82,1,62,46000,1,1,1.0,1,472.0,470000.0,1052.0,1332.0,48881.4,279.0,42.0,26,27672.7,135918.88,45360.5,47,50,36907.0,60491.48,20783.0,6,49,66688.32,Y,8757.9,current,M,53,HIGH,19.8,5,614.0,1,9.0
234,18629,10975.0,27109.0,12408.0,65605.0,6755.0,4129.0,143.0,10.0,61,117,82,31,80,518000,1,1,1.0,1,13659.0,25404.0,67696.0,14509.0,46813.92,34869.0,16.0,1,62550.0,61569.45,42027.32,3,171,76611.0,114022.73,125385.0,94,75,377905.0,Y,9887.32,saving,M,29,MEDIUM,2.7,5,249.0,1,16.0
235,1427,6835.0,31781.13,3152.0,31470.86,3173.0,4083.0,25768.0,531.0,2,50,18,4,31,300000,1,1,1.0,1,52209.5,77965.0,68000.0,5730.0,26659.25,51239.02,23.0,3,27152.0,28378.06,25033.0,43,82,83123.0,14747.16,127017.0,2,1,46789.0,Y,2861.2,saving,M,42,MEDIUM,8.8,8,858.0,1,6.0
236,10116,124272.0,5144.76,13543.0,4109.02,8168.73,1933.5,11199.28,3.0,11,10,6,1,44,147000,1,1,1.0,1,48624.7,1194405.5,492.0,10210.0,87270.63,36347.0,10.0,5,13082.0,31676.59,114363.0,3,23,18372.0,305110.15,53681.86,22,61,61017.0,Y,2396.32,current,M,28,MEDIUM,8.0,2,595.0,1,19.0
237,1798,321017.0,14638.54,34531.0,2406.9,14985.36,9127.755,5705.0,8.0,5,84,57,4,11,400000,1,1,1.0,1,825.0,165970.9,10635.0,1954.0,7.0,229152.0,70.0,19,15860.0,61771.26,24573.0,2,25,69145.93,26350.88,194857.0,117,50,64.0,Y,10277.05,current,M,33,MEDIUM,3.9000000000000004,9,249.0,1,5.0
238,8704,9721.0,8911.75,1425.0,9929.35,1945.13,8071.5,13421.77,10.0,36,19,8,28,16,660000,1,1,1.0,1,137260.8,50700.0,908.0,977.0,178002.0,121119.0,42.0,3,41934.0,28181.53,116713.0,43,14,42642.0,64802.5,148447.96,93,13,28051.0,Y,2293.31,current,M,32,MEDIUM,1.2000000000000002,2,771.0,0,9.0
239,12832,3504.0,4540.07,9384.21,13953.2,6841.3,7187.55,2414.0,6.0,3,6,2,1,12,381000,1,1,1.0,1,298492.0,20500.0,51520.0,0.0,147484.24,44295.0,59.0,2,18757.0,297.0,193881.0,1,23,16914.0,81588.5,142986.36,22,75,14672.0,Y,1247.88,current,M,67,MEDIUM,47.0,7,743.0,1,14.0
240,11038,19712.0,7449.26,426.0,2426.36,4451.0,2556.0,1412.0,3.0,56,117,50,15,7,403000,1,1,1.0,1,3030975.0,3.0,24094.0,9415.0,46587.88,50160.0,10.0,23,63843.0,19641.25,46478.0,2,9,31060.0,145975.25,126454.0,4,42,31345.0,Y,5248.63,current,M,31,LOW,3.3000000000000003,3,314.0,1,17.0
241,9560,291046.0,1896.35,18773.0,2134.46,5870.0,1660.0,6119.0,7.0,43,50,4,2,58,302000,1,1,1.0,1,1665.0,446457.0,550.0,-5998.43994,31465.61,83312.66,43.0,1,73272.0,35738.71,23987.0,4,69,35819.0,19134.0,79062.0,2,80,30957.0,Y,2718.2,current,M,42,MEDIUM,15.4,5,274.0,1,19.0
242,1431,2080.0,39826.43,1703.0,9180.05,1133.0,2098.51,3331.0,1.0,32,19,48,21,2,286000,1,1,1.0,1,4941.45,278360.16,300500.0,-3506.17993,5944.76,149962.75,12.0,31,26248.0,29002.09,30197.0,43,29,24900.0,9072.5,31727.0,43,58,12929.0,Y,2003.68,current,M,42,LOW,22.0,3,748.0,1,12.0
243,7175,132196.0,33439.27,3262.93,8341.29,7399.2,4916.78,523.0,100.0,29,64,1,18,2,327000,1,1,1.0,1,33111020.0,6574.31,126001.0,2351.0,48318.0,95859.0,10.0,2,61134.0,23432.5,70029.0,3,50,20903.0,4783.5,28476.0,6,15,38350.0,Y,8571.41,saving,M,55,MEDIUM,24.5,4,867.0,1,16.0
244,14182,7259.0,11069.47,2407.6,6611.54,1005.0,5904.0,232.0,531.0,16,10,8,2,54,59000,1,1,1.0,1,19265.4,3.0,798.0,20324.0,55265.9,34747.21,22.0,23,47061.91,52786.0,119909.36,5,26,5300.0,109195.38,42240.0,3,24,107174.0,Y,5629.76,current,M,40,MEDIUM,12.0,1,613.0,1,10.0
245,10210,71.0,105864.4,7223.0,9584.27,13972.3,8573.0,13049.0,25.0,7,67,1,1,44,74100,1,1,1.0,1,977377.25,15000.0,787.0,10210.0,24635.84,40546.87,70.0,13,75595.59,33108.41,187087.0,5,35,23178.0,17068.22,148993.96,6,58,108927.0,Y,18734.7,current,M,42,MEDIUM,19.8,4,867.0,0,10.0
246,16965,10772.0,38378.13,19924.0,23477.64,1237.0,7023.0,14701.0,60.0,84,13,2,44,47,525000,1,1,1.0,1,937.0,27000.0,6000.0,903.0,246324.28,10171.16,55.0,0,6004.0,247.0,19825.0,5,14,47592.0,184887.69,140056.95,14,65,64681.0,Y,1942.35,current,M,55,MEDIUM,7.0,1,867.0,1,4.0
247,19717,3133.0,13451.26,2763.25,2816.72,8925.0,3775.48,583.0,531.0,2,29,48,31,56,327000,1,1,1.0,1,354.5,106398.0,3570.0,-4679.0,152.6,37312.0,10.0,2,56500.0,3541.42,80944.16,7,27,45738.0,25695.36,253888.0,7,73,70500.0,Y,1815.67,current,M,60,MEDIUM,36.0,8,535.0,1,14.0
248,14120,28755.0,40278.91,701.0,14303.67,1639.0,3531.0,2802.3,4.0,23,112,1,4,4,156000,1,1,1.0,1,238733.0,245000.0,610000.0,7984.0,192604.95,14265.0,3.0,7,33304.0,17058.96,23117.0,3,2,54800.0,61049.14,12043.0,49,12,60377.0,Y,822.6,current,M,28,MEDIUM,6.4,2,658.0,0,9.0
249,17143,11201.0,4545.52,3473.0,38168.17,1545.0,13121.0,2358.67,1.0,19,27,6,2,3,423000,1,1,1.0,1,165907.57,187788.1,5797.0,903.0,17626.41,48512.0,72.0,1,46713.0,65044.0,18255.0,4,20,14590.0,182257.51,29051.0,4,12,20160.0,Y,490.99,current,M,31,LOW,2.2,3,525.0,0,14.0
250,6171,13995.0,12211.0,1343.0,1508.22,1256.25,17752.72,270.0,26.0,3,71,25,2,36,49999,1,1,1.0,1,21511.8,159308.0,2644.0,16455.0,35326.16,56896.88,36.0,2,20171.0,7069.36,30404.0,11,44,18390.0,77297.0,6322.0,2,13,19278.0,Y,5847.93,current,M,46,MEDIUM,7.800000000000001,10,698.0,1,7.0
251,17578,295728.0,6289.3,1568.0,8320.0,5720.43,5223.85,2075.52,5.0,29,2,25,25,2,272000,1,1,1.0,1,750.6,201000.0,4367.0,-4612.00977,72730.88,44378.0,11.0,1,17938.0,20065.5,86100.0,0,20,28579.0,46197.66,55798.79,2,1,46972.0,Y,306.11,current,F,66,MEDIUM,23.0,10,299.0,1,2.0
252,10026,12770.0,3566.23,677.34,5626.5,1310.59,14123.3,3896.0,8.0,18,50,25,15,39,188000,1,1,1.0,1,199690.5,145000.0,3570.0,5773.0,43988.75,33860.0,11.0,13,25686.0,15768.0,16625.53,28,8,96243.0,46503.76,44752.0,3,12,114000.0,Y,4004.23,current,M,55,LOW,14.0,2,867.0,0,10.0
253,8580,11384.0,56313.0,1447.42,4135.5,84.0,5848.0,7807.0,44.0,18,38,1,3,1,75000,1,1,1.0,1,138129.4,76157.6,12000.0,1954.0,166542.83,88284.0,29.0,4,49579.0,50751.53,261209.41,4,20,83908.0,267634.01,18397.0,4,104,15100.0,Y,2098.55,current,M,32,LOW,4.800000000000001,1,394.0,1,2.0
254,2861,124532.0,1659.0,4999.01,6398.63,13125.0,5430.0,232.0,1.0,5,50,50,6,17,141000,1,1,1.0,1,331.2,162288.3,38599.0,5439.0,48253.22,85122.5,11.0,36,43792.81,22639.0,52784.0,45,46,20707.0,29874.58,10321.0,1,12,55575.0,Y,8720.71,current,M,35,LOW,10.5,1,385.0,1,8.0
255,2323,204384.0,77975.6,1915.0,1274.9,7492.3,2504.21,1088.96,531.0,10,50,1,3,54,375000,1,1,1.0,1,5045.13,330001.0,2156.0,-5998.43994,45853.75,51363.0,24.0,7,37118.0,32996.68,19081.0,43,8,36103.0,28409.45,22508.0,21,106,28437.0,Y,998.22,current,F,35,MEDIUM,4.5,5,274.0,1,18.0
256,11669,14082.0,15471.5,2452.0,2517.77,227.0,6588.0,2760.0,7.0,601,50,57,4,3,290000,1,1,1.0,1,46730.2,130660.0,1001.0,7478.0,26593.73,29505.0,43.0,5,48134.0,9427.48,24797.0,4,23,19466.0,42280.15,59141.0,18,58,292089.0,Y,173030.76,current,M,33,MEDIUM,9.1,5,746.0,1,8.0
257,8512,13268.0,5253.76,6496.05,43109.56,252.0,16870.92,5382.57,1.0,15,44,57,18,64,104000,1,1,1.0,1,743915.3,12000.0,1374.0,886.0,33428.62,72754.14,18.0,0,20903.0,23624.0,10138.0,9,108,134103.0,201693.48,19142.0,6,63,53844.0,Y,12822.26,current,M,27,MEDIUM,4.2,3,887.0,1,12.0
258,2628,96855.0,14834.49,4494.0,1471.5,3994.58,6729.605,10016.0,4.0,61,35,2,2,1,100000,1,1,1.0,1,63073.6,32000.0,34550.0,-4664.0,63856.65,119569.0,11.0,3,85999.0,15323.24,322.49,1,8,72000.0,46040.92,158782.15,3,79,36209.0,Y,1640.92,current,M,60,MEDIUM,36.0,9,683.0,0,7.0
259,3724,15046.0,4268.44,9758.0,8327.55,7965.0,4804.9,1564.0,8.0,34,4,1,2,39,193000,1,1,1.0,1,3950.0,201000.0,3570.0,1411.0,57507.25,83053.0,46.0,3,103134.0,211476.84,130419.74,43,20,15376.0,81046.18,77451.0,42,58,16583.0,Y,3471.72,current,F,66,MEDIUM,4.6000000000000005,10,296.0,1,13.0
260,7130,18041.0,1736.94,13206.31,2776.8,1240.9,14871.47,20185.0,531.0,67,49,7,1,79,191000,1,1,1.0,1,130319.0,51445.0,3792.0,26601.0,9299.25,60571.0,3.0,0,67144.0,39857.78,125650.0,11,105,153980.0,72343.4,44077.66,12,38,23344.0,Y,12575.63,current,M,64,MEDIUM,44.0,4,123.0,0,11.0
261,14418,12544.0,2653.0,11654.12,6558.21,7207.34,7175.63,583.0,17.0,13,7,8,1,6,255000,1,1,1.0,1,35280.0,62606.0,130000.0,-3506.17993,48545.74,91773.0,10.0,3,18384.0,8313.0,18934.0,1,8,230.0,15915.16,164426.88,5,22,116905.0,Y,1332.19,current,M,47,MEDIUM,10.8,8,268.0,0,5.0
262,12381,18602.0,6199.54,49690.0,5540.29,6682.49,6213.0,5762.0,63.0,99,74,57,12,2,16000,1,1,1.0,1,41883.6,31000.0,22000.0,167.0,29267.1,154789.0,90.0,13,41662.0,20153.37,412968.0,2,63,41800.0,147313.62,9088.29,7,25,59939.0,Y,7546.02,current,M,56,MEDIUM,14.4,2,518.0,0,7.0
263,18665,15167.0,1452.0,1944.0,10230.77,7067.0,4181.64,10111.2,2.0,18,59,3,7,1,375000,1,1,1.0,1,38428.6,278360.16,768.0,6916.0,83200.65,43051.0,11.0,35,45702.0,113937.0,165158.0,4,108,26701.0,16913.27,10597.0,8,80,35450.0,Y,28708.32,current,M,33,MEDIUM,5.2,10,536.0,1,10.0
264,751,7027.0,58113.64,1421.0,1805.0,278.44,11407.56,3613.42,12.0,10,135,47,4,79,102000,1,1,1.0,1,50040.0,245000.0,24251.0,2819.0,65177.25,41983.0,4.0,11,35200.0,130530.41,116793.57,10,105,69600.0,20692.97,64509.0,5,3,58757.0,Y,1762.85,current,M,33,MEDIUM,10.4,9,593.0,1,2.0
265,16909,8012.0,6156.5,246.0,15263.78,24356.64,11452.0,958.0,7.0,36,6,4,4,54,362000,1,1,1.0,1,213557.15,50000.0,13533.0,-5439.0,9274.79,36088.5,10.0,31,26072.0,25775.0,26227.75,4,171,11374.0,12426.4,14510.0,49,50,550000.0,Y,13462.75,saving,M,47,MEDIUM,24.3,7,249.0,1,19.0
266,8673,5262.0,677.0,3428.0,26878.66,5805.0,26802.925,8626.22,26.0,66,17,25,3,64,272000,1,1,1.0,1,186189.0,43397.0,1266.0,1500.0,65000.0,1172.0,55.0,2,68000.0,32014.25,24668.5,1,12,26901.0,74201.38,16728.0,3,57,50836.0,Y,26885.77,current,M,40,MEDIUM,6.0,6,945.0,1,20.0
267,18097,994.0,22482.22,8287.0,25356.57,3550.0,6316.6,902.0,2.0,14,10,10,44,64,369000,1,1,1.0,1,684495.7,93.35,492.0,6613.0,65784.95,240122.0,103.0,26,21750.0,23260.05,59496.0,4,23,66.0,90398.73,85140.95,4,6,17457.0,Y,4601.4,current,M,38,MEDIUM,9.0,8,974.0,0,16.0
268,5848,9075.0,75278.24,1047.0,5646.59,760.54,10090.0,2962.0,4.0,23,5,21,1,10,15000,1,1,1.0,1,81862.07,95081.0,19176.0,20513.0,670.25,133483.0,46.0,4,18305.0,17389.51,109110.0,3,46,19023.0,11705.0,45584.91,49,10,99465.0,Y,1497.05,current,M,36,LOW,14.4,4,537.0,1,15.0
269,14319,1739.0,5083.5,883.8,51059.76,1888.0,3050.9,19048.0,9.0,13,9,22,4,13,147000,1,1,1.0,1,48624.7,5350.0,230000.0,5730.0,16507.36,164871.0,63.0,6,42007.0,17413.26,180424.0,5,63,7826.0,49169.55,49302.0,43,7,27070.0,Y,12730.29,current,M,37,HIGH,17.0,4,737.0,1,18.0
270,5484,16786.0,888.92,8615.96,51925.09,8129.0,3662.0,1778.0,6.0,29,46,2,1,56,130000,1,1,1.0,1,250631.8,12971.0,3000.0,3735.0,120147.12,32339.0,10.0,33,95882.0,132700.75,58268.0,4,4,20920.0,33986.88,56094.0,62,24,31698.0,Y,47916.07,current,M,28,MEDIUM,0.8,7,394.0,0,17.0
271,11426,9323.0,7417.69,3244.86,2104.0,8135.9,3682.1,423.02,1.0,77,4,20,4,2,306000,1,1,1.0,1,59703.93,150000.0,8333.0,0.0,27966.61,111415.0,18.0,6,25563.0,49272.0,34815.0,2,20,5675.0,34975.28,22807.0,14,68,21432.0,Y,3367.12,current,M,53,LOW,19.8,9,464.0,1,18.0
272,11652,10343.0,7232.5,637.0,9911.2,2191.0,20078.03,515.0,60.0,43,10,1,48,47,359000,1,1,1.0,1,115818.74,3084.5,56305.0,553.0,295229.02,48744.0,46.0,3,14807.0,28200.75,103002.0,2,11,54405.0,61231.32,102657.5,1,22,27900.0,Y,561.59,current,M,32,MEDIUM,9.600000000000001,10,447.0,1,11.0
273,2632,9083.0,3208.19,2287.52,6796.74,5946.0,11521.0,3567.0,50.0,22,9,2,1,2,352000,1,1,1.0,1,1269.2,68663.61,130000.0,14509.0,50501.75,67890.0,42.0,36,89698.0,83569.56,475717.72,1,50,12448.0,43724.25,57446.66,6,73,1224.39,Y,946.53,current,M,219,MEDIUM,159.20000000000002,6,355.0,1,13.0
274,13012,308290.0,3058.62,114.0,3045.0,4406.41,3990.68,9450.85,100.0,18,5,8,8,3,395000,1,1,1.0,1,8531560.0,50000.0,5905.0,10455.0,37631.66,25245.0,2.0,2,35962.0,18323.0,160685.92,3,8,27760.0,146875.71,150330.0,4,79,84789.0,Y,14546.85,current,F,69,MEDIUM,9.8,4,614.0,1,9.0
275,2163,133186.0,12302.63,948.74,34594.95,7610.0,15354.3,12824.0,44.0,85,35,4,1,7,371000,1,1,1.0,1,10000.0,184514.0,28912.0,-5439.0,50123.83,54808.0,46.0,19,26577.0,12124.24,20775.0,11,82,156312.0,56185.65,46715.0,2,113,184500.0,Y,2260.64,current,M,35,MEDIUM,13.5,2,685.0,1,13.0
276,14262,1020.0,27483.07,2493.04,64275.23,10304.0,4349.0,9307.0,92.0,22,7,1,5,1,472000,1,1,1.0,1,35280.0,11897.0,24000.0,977.0,18405.01,55405.0,18.0,35,54792.0,13686.25,69114.15,4,16,23349.0,327888.38,41270.0,13,63,98327.0,Y,1162.35,current,M,40,LOW,10.0,5,465.0,0,3.0
277,9377,1404.0,57060.84,469.42,5106.2,40.0,1522.49,6084.0,20.0,1,3,1,15,81,202500,1,1,1.0,1,199690.5,42000.0,1266.0,1931.0,42425.78,80278.65,16.0,1,16842.0,27038.0,45022.11,9,42,19419.0,84843.71,127017.0,2,1,146882.0,Y,441.96,current,M,35,LOW,15.0,3,451.0,1,6.0
278,12773,138962.0,53092.08,1194.57,5139.0,5215.09,45946.54,19546.33,12.0,128,16,62,2,1,124000,1,1,1.0,1,825.0,13299.0,13873.0,1411.0,49967.01,46038.0,20.0,11,28248.15,24509.32,69321.0,1,8,45262.0,26693.45,22604.0,6,124,26496.0,Y,10614.09,current,M,40,MEDIUM,8.0,1,628.0,1,5.0
279,6536,15311.0,3814.38,12801.29,2681.36,39467.74,1206.34,4016.0,17.0,601,72,45,18,2,147000,1,1,1.0,1,31454.1,152.87,4699.0,171.0,3205.25,21971.0,11.0,4,8100.0,374028.95,30964.35,7,108,44401.0,48205.02,47551.0,3,24,18876.0,Y,4157.17,current,M,47,HIGH,8.1,8,700.0,1,15.0
280,10496,322504.0,7952.79,1039.48,1661.9,1800.1,2934.0,2397.0,18.0,34,13,4,3,54,28000,1,1,1.0,1,19265.4,187788.1,492.0,-6885.0,22158.37,49625.51,42.0,4,33262.0,18973.65,73026.0,1,17,45527.0,31683.26,33642.0,47,10,35485.0,Y,16626.28,current,M,33,MEDIUM,3.9000000000000004,6,538.0,1,6.0
281,11025,22586.0,10153.41,7222.0,60867.19,673.0,6289.73,2928.0,4.0,26,84,1,55,25,483000,1,1,1.0,1,33111020.0,74599.9,155205.0,1444.0,139822.61,50121.0,95.0,13,26591.0,17964.12,36959.0,6,12,21884.0,47151.38,19208.0,4,21,31400.0,Y,6159.53,current,F,31,HIGH,2.2,9,628.0,0,18.0
282,10872,19607.0,13682.44,4736.96,8492.94,37483.84,9283.17,164.01,7.0,84,102,7,1,81,47000,1,1,1.0,1,526.25,1543.85,583.0,-5715.49022999999,142.25,46863.38,52.0,3,80736.0,82005.69,125800.0,2,108,6332.0,67528.33,18385.0,9,27,36798.0,Y,613.27,current,M,64,MEDIUM,39.6,3,723.0,0,14.0
283,17415,293618.0,17234.51,10719.76,1812.65,1750.0,2377.62,84874.4,17.0,5,5,25,2,9,518000,1,1,1.0,1,24832.0,101925.0,2214.0,26601.0,30189.25,74046.0,103.0,5,32392.0,27046.0,82868.0,4,11,99331.0,35805.9,15321.0,6,18,21721.0,Y,9678.01,current,M,37,LOW,1.7000000000000002,8,355.0,1,7.0
284,7195,133127.0,4399.78,8200.0,3885.31,29126.27,2973.75,232.0,26.0,26,82,10,5,1,232000,1,1,1.0,1,386666.75,100934.0,787.0,2921.0,100342.24,11784.8,89.0,36,20344.0,94673.36,13640.0,9,8,51818.0,43296.77,20255.0,21,32,21971.0,Y,31924.97,current,M,28,LOW,6.4,2,485.0,1,20.0
285,19664,10960.0,10389.02,9917.61,3712.12,8094.0,3573.0,1350.0,24.0,36,4,1,71,67,382000,1,1,1.0,1,48675.31,98110.0,711.0,19765.0,87598.75,87743.0,12.0,1,606795.0,165943.4,69905.0,0,18,54.0,46419.13,67558.95,2,12,53738.0,Y,4892.51,current,M,42,LOW,2.2,3,446.0,1,7.0
286,19103,3389.0,3052.25,1135.93,54449.38,2226.73,13672.56,1361.1,531.0,84,42,42,5,2,199999,1,1,1.0,1,156875.0,19000.0,3975.0,7478.0,186429.49,39413.0,103.0,13,19707.0,132326.0,377772.36,3,75,35891.0,70944.02,62474.0,39,35,31108.0,Y,89661.75,saving,M,222,MEDIUM,20.200000000000003,8,883.0,1,16.0
287,8991,138097.0,19315.82,556.3,21548.0,45533.51,18724.5,3636.0,64.0,34,6,4,36,91,49999,1,1,1.0,1,2666.4,760470.3,1036.0,24326.0,73194.89,17014.91,3.0,6,11100.0,92756.0,109842.0,1,29,448250.0,131280.0,33330.39,4,8,59958.0,Y,131.65,current,M,44,MEDIUM,16.8,7,366.0,0,10.0
288,421,17639.0,11948.15,13962.0,9734.65,997.0,8491.76,869.0,8.0,26,7,1,31,42,27000,1,1,1.0,1,3638.25,93.35,5540.0,12415.0,167128.61,83716.0,3.0,4,20994.0,119045.55,43629.0,4,11,32212.0,28593.5,32314.0,7,1,32560.0,Y,11391.81,saving,F,58,MEDIUM,7.6000000000000005,6,750.0,1,15.0
289,16866,20344.0,25078.38,485.0,4109.38,34987.0,4131.0,80603.0,44.0,10,30,2,15,80,337000,1,1,1.0,1,41883.6,255000.0,508.0,2337.0,14267.39,60790.81,90.0,13,24422.0,85440.31,92052.0,43,4,53850.0,21599.92,28014.0,6,63,18588.0,Y,23924.42,saving,M,60,MEDIUM,24.0,9,249.0,1,20.0
290,19660,15791.0,29335.2,10540.2,105402.18,71.0,3379.255,19658.0,6.0,36,6,2,2,34,147000,1,1,1.0,1,88.0,86000.0,2156.0,-6281.37987999999,688610.21,13219.0,52.0,1,18257.17,17010.22,27850.34,2,7,143859.0,35361.09,37935.0,93,52,24862.19,Y,69370.76,current,F,33,MEDIUM,1.3,8,818.0,1,19.0
291,6981,10077.0,3588.0,7745.0,9368.92,1823.84,23061.0,1012.0,6.0,16,85,45,1,47,147000,1,1,1.0,1,186189.0,15036.0,28985.0,886.0,22166.75,69275.0,43.0,33,30600.0,48138.96,52929.5,70,70,32851.0,137808.0,39144.05,12,12,107436.0,Y,2933.21,current,F,30,LOW,1.0,5,523.0,1,11.0
292,1393,286255.0,13913.25,3036.0,9460.82,8066.3,4878.71,3326.0,56.0,66,10,20,4,47,155000,1,1,1.0,1,39851.93,149403.0,925.0,-6301.0,11976.13,8869.43,52.0,3,11524.0,133320.22,21327.0,70,13,151473.0,30865.0,31977.5,2,24,13866.0,Y,14351.85,saving,F,29,MEDIUM,6.300000000000001,9,639.0,1,13.0
293,18516,18500.0,5481.89,4750.0,3714.89,7854.4,5661.0,46390.0,44.0,19,5,4,51,1,581000,1,1,1.0,1,13732.93,3.0,78309.0,6916.0,10062.25,16190.44,4.0,0,17021.0,29697.77,43266.0,1,82,775.0,84407.74,6173.0,94,58,59790.0,Y,9458.22,current,M,60,HIGH,32.0,6,801.0,0,3.0
294,17733,4400.0,10296.41,3657.5,7283.5,1684.1,4019.0,20185.0,44.0,83,5,8,4,34,581000,1,1,1.0,1,19957.5,992890.32,505.0,3897.0,43943.66,18291.0,6.0,5,111266.0,1441.0,70092.0,0,8,68760.77,24079.38,30389.58,3,18,44865.0,Y,2670.77,current,M,28,MEDIUM,3.2,2,966.0,1,6.0
295,2,8593.0,2796.96,3917.0,34996.87,3662.0,4451.585,737.0,531.0,23,3,11,45,98,581000,1,1,1.0,1,825.0,15300.0,508.0,3735.0,96932.5,23116.0,89.0,1,90.38,114694.94,157103.0,1,6,38028.0,21823.37,19844.66,22,7,18280.5,Y,161.23,current,M,38,MEDIUM,10.8,8,537.0,1,4.0
296,9529,13750.0,1538.72,2225.49,5282.95,6159.0,30505.525,6667.0,6.0,3,84,1,1,1,178000,1,1,1.0,1,4140.0,120000.0,678.0,-5439.0,20333.91,178.0,84.0,3,18002.0,15619.11,52715.0,3,8,63388.0,170987.28,89363.28,2,80,27103.0,Y,6170.93,current,M,37,LOW,15.3,10,974.0,0,6.0
297,16584,101325.0,4483.0,3153.0,9210.61,11049.0,15334.0,132120.0,14.0,23,13,42,11,1,345000,1,1,1.0,1,668728.4,90829.65,12000.0,1465.0,11090.75,24624.0,35.0,3,20026.0,101988.39,74811.0,31,12,75980.0,18578.0,70711.78,42,17,10374.0,Y,20440.74,current,F,35,MEDIUM,6.0,6,385.0,1,6.0
298,16947,123207.0,2887.03,5507.4,7509.54,226.0,5395.0,15292.85,67.0,56,87,1,4,1,533000,1,1,1.0,1,354.5,1631.11,25728.0,553.0,75351.0,29259.0,59.0,3,20053.0,30997.78,45735.0,1,4,5820.0,41480.01,7079.0,10,11,75452.0,Y,2489.08,current,M,50,MEDIUM,24.0,4,623.0,1,7.0
299,535,244068.0,28002.84,739.58,1745.0,2491.44,612.99,5150.0,44.0,36,16,1,62,44,533000,1,1,1.0,1,27316.5,50700.0,130000.0,20324.0,90959.12,60492.99,11.0,2,28248.15,18178.67,11160.0,2,30,106533.0,58725.14,179967.0,3,49,28707.0,Y,5514.49,current,F,35,MEDIUM,6.0,1,683.0,1,17.0
300,11914,14512.0,18390.52,3270.2,40431.48,2344.0,12628.67,986.0,63.0,83,89,2,56,54,406000,1,1,1.0,1,48230.5,238000.0,7504.0,-5998.43994,39937.42,81922.0,18.0,2,21925.0,439.0,79498.03,17,4,17603.0,134105.56,49354.0,4,80,205641.0,Y,13803.48,current,M,40,LOW,18.0,10,968.0,0,17.0
301,18926,18517.0,17543.03,4868.31,10186.82,10343.0,16805.655,105631.0,2.0,36,50,1,12,47,481000,1,1,1.0,1,293418.75,76365.24,851.0,2921.0,62428.9,49943.0,2.0,3,27026.77,32291.94,33249.0,11,77,91891.0,189445.58,46249.0,47,12,49550.0,Y,227.13,current,M,34,LOW,9.8,9,928.0,0,11.0
302,2284,2623.0,7690.0,1539.0,26713.0,240.0,2757.56,792.0,6.0,4,46,5,3,1,255000,1,1,1.0,1,98062.5,165970.9,565.0,-4664.0,21426.0,67745.0,18.0,26,64923.0,5738.75,106861.75,6,11,14358.0,74206.89,24704.0,49,10,53589.0,Y,31.54,current,M,36,MEDIUM,4.800000000000001,3,299.0,1,10.0
303,8498,126470.0,23609.0,10529.89,4972.0,2110.5,6889.3,696.0,66.0,77,49,4,1,6,102000,1,1,1.0,1,2.13,465000.0,15654.0,10210.0,55518.5,31178.0,103.0,1,49934.0,32502.42,12683.0,2,44,34605.0,1987.74,97105.76,22,12,29070.0,Y,2867.1,current,M,47,MEDIUM,5.4,2,316.0,1,10.0
304,4668,301060.0,6138.97,2055.0,60818.82,3873.0,25533.0,3208.0,10.0,30,89,42,2,17,410000,1,1,1.0,1,937.0,187788.1,500.0,12415.0,27161.91,80151.93,36.0,7,71716.0,1509.96,143261.0,3,4,25813.0,233427.33,21933.0,8,75,256626.0,Y,2180.35,current,M,55,MEDIUM,14.0,3,325.0,1,4.0
305,17040,12253.0,5424.72,36699.47,3495.0,5122.0,11784.465,2704.8,80.0,10,64,3,9,56,512000,1,1,1.0,1,135067.6,163.14,13873.0,2008.0,52957.81,55021.0,16.0,4,52341.0,25208.29,31668.0,2,24,17832.0,20149.0,16174.0,3,13,112924.0,Y,729.51,current,M,66,LOW,9.200000000000001,8,750.0,0,5.0
306,16092,6321.0,5184.0,2628.0,1838.55,3578.0,13018.61,5470.0,8.0,47,16,5,3,3,362000,1,1,1.0,1,8256.6,330001.0,5797.0,-3506.17993,37693.75,32257.0,46.0,2,38947.0,37704.48,56077.0,1,78,38546.0,54631.0,17015.0,3,0,15497.0,Y,220.56,saving,M,28,MEDIUM,0.8,6,123.0,1,19.0
307,8651,4500.0,8414.64,30994.0,12853.48,2065.32,6586.26,3789.0,6.0,6,35,57,25,1,329000,1,1,1.0,1,151000.0,2400000.0,16114.0,14509.0,15945.42,69256.0,63.0,43,41738.0,231314.35,78246.0,6,7,17658.0,83073.88,2314.0,2,58,25933.8,Y,8186.99,current,M,50,MEDIUM,9.0,10,511.0,1,7.0
308,9448,2700.0,21275.52,6189.0,7297.72,574.0,6762.46,797.0,26.0,10,19,1,4,58,329000,1,1,1.0,1,1105487.1,15036.0,230000.0,0.0,92881.89,83419.0,103.0,4,14258.0,71430.87,479274.38,2,2,31205.0,181929.99,26596.5,93,65,26690.0,Y,78800.7,current,M,60,LOW,36.0,8,536.0,1,9.0
309,3919,15910.0,3242.0,15859.08,21780.22,20118.0,7354.5,3506.0,2.0,2,112,3,2,26,461000,1,1,1.0,1,8531560.0,114.74,126001.0,1465.0,100381.0,96782.0,16.0,7,72273.0,32955.25,510219.0,1,25,38500.0,101770.0,113579.0,58,106,132307.0,Y,24325.78,current,M,34,LOW,14.0,3,748.0,1,17.0
310,9566,97714.0,1434.54,502.52,4048.2,2860.0,2657.0,677.0,57.0,7,30,44,5,25,670000,1,1,1.0,1,474401.25,142608.5,2644.0,1444.0,66421.0,147758.0,11.0,5,30.0,12189.84,20426.0,11,108,32620.0,100157.28,45864.0,47,12,27880.0,Y,241.21,current,M,33,LOW,3.9000000000000004,1,887.0,1,10.0
311,7877,15115.0,19825.92,11269.0,59745.91,451.0,35379.62,21126.0,101.0,10,47,3,18,55,190000,1,1,1.0,1,684495.7,241529.77,300500.0,2921.0,23280.39,102418.88,91.0,4,7293.4,133325.47,79092.0,2,108,111792.0,26642.06,92707.0,6,72,16255.0,Y,1557.79,current,M,37,MEDIUM,11.9,3,464.0,0,9.0
312,17846,3167.0,16486.84,929.0,2407.0,861.0,4441.69,21126.0,19.0,26,10,1,6,16,406000,1,1,1.0,1,2002.36,165970.9,3000.0,-4324.0,118985.25,56225.0,52.0,1,12550.0,58570.48,93773.0,1,18,21600.0,123913.48,157778.75,2,18,12092.0,Y,48045.82,current,M,51,LOW,3.1,3,966.0,1,11.0
313,15353,2361.0,15292.54,24988.34,11403.33,364.0,977.68,2216.0,6.0,32,13,8,17,1,204000,1,1,1.0,1,42460.6091,191000.0,24000.0,-6281.37987999999,32457.41,56751.0,55.0,43,33466.0,48655.0,145395.11,2,4,19900.0,15826.99,59014.75,14,79,20479.0,Y,2307.1,saving,F,37,LOW,17.0,5,508.0,1,19.0
314,5108,19768.0,3271.96,1686.0,23048.76,2186.14,3971.0,2376.0,10.0,3,32,1,16,34,366000,1,1,1.0,1,942327.7,138475.4,54101.0,1444.0,3190.41,950269.0,11.0,23,23120.0,40145.59,49153.0,1,69,143859.0,54465.96,34120.0,2,18,139414.0,Y,96046.96,current,M,53,HIGH,16.5,5,614.0,1,16.0
315,17192,17013.0,16291.0,1960.31,17546.0,1866.0,11956.0,14249.71,9.0,11,29,6,4,81,524000,1,1,1.0,1,19087.6,308615.5,565.0,8723.0,13493.93,50237.0,11.0,0,15506.0,22184.5,61936.0,0,108,77174.0,342683.12,66347.0,62,10,14071.0,Y,2353.85,current,M,47,HIGH,2.7,6,802.0,0,4.0
316,13161,9821.0,20126.2,1143.95,21753.05,656.67,4646.31,11991.75,9.0,29,3,2,7,81,293000,1,1,1.0,1,331.2,500358.79,825.0,-4664.0,31894.55,663322.44,7.0,36,29455.0,35072.0,24487.0,3,82,13832.0,19868.39,32131.0,47,76,45034.0,Y,25224.23,current,F,64,MEDIUM,26.400000000000002,10,867.0,1,2.0
317,6197,667.0,49663.0,9836.0,10924.08,359.86,43081.245,9289.55,53.0,23,50,15,3,56,170000,1,1,1.0,1,9649.6,169779.0,73217.0,19765.0,74555.08,42063.0,69.0,2,90378.0,149505.28,59201.66,5,78,47592.0,135345.61,22499.0,22,68,286150.0,Y,19336.86,current,M,32,MEDIUM,10.8,6,247.0,1,17.0
318,19744,341390.0,24902.39,22079.65,430.2,219.0,9040.0,1248.0,17.0,26,3,20,12,2,97000,1,1,1.0,1,568.8,136000.0,565.0,553.0,8160.89,92728.3,0.0,4,47857.0,28319.0,38479.0,70,26,150430.09,29196.49,29401.75,3,104,44188.0,Y,905.84,current,M,37,MEDIUM,8.5,5,883.0,1,11.0
319,4196,6243.0,3414.0,9089.0,2816.38,24781.46,4726.345,9289.55,2.0,9,89,12,1,34,371000,1,1,1.0,1,0.35,172678.56,230000.0,1332.0,5812.02,30703.0,16.0,5,507.0,32588.52,35692.0,2,69,16432.0,27781.08,23677.05,12,8,15759.0,Y,1434.46,current,M,35,LOW,4.5,7,465.0,0,12.0
320,3340,19449.0,10476.0,139422.6,3127.0,1072.84,6216.22,3028.44,6.0,47,3,3,1,70,75000,1,1,1.0,1,41070.0,200926.0,24094.0,20513.0,22655.17,56107.5,46.0,15,21086.0,126043.25,92529.0,4,69,73710.0,31006.79,20355.0,41,79,38640.0,Y,1890.34,saving,M,118,MEDIUM,78.4,6,314.0,1,10.0
321,18293,3568.0,2498.0,863.05,4600.0,608.79,5585.0,14864.17,9.0,50,82,1,1,31,429000,1,1,1.0,1,102.95,95000.0,100000.0,-5942.0,63429.17,43626.41,18.0,2,126353.0,79970.07,7988.0,30,8,24571.0,19226.0,22703.46,5,54,88095.3,Y,1181.49,current,F,66,LOW,46.0,3,771.0,1,7.0
322,14152,7425.0,14719.37,701.26,1917.0,5816.0,257102.9,18067.0,4.0,47,64,11,1,79,564000,1,1,1.0,1,4120.0,159415.3,2644.0,5350.0,118352.39,49746.0,18.0,0,15286.0,10122.0,19343.0,10,1,54405.0,23931.0,65671.5,94,24,25150.0,Y,30784.04,current,M,42,MEDIUM,17.6,3,330.0,1,7.0
323,1126,1692.0,52094.83,17008.01,3295.54,2160.0,11684.82,3291.0,6.0,26,50,57,1,44,301000,1,1,1.0,1,225823.8,24000.0,3570.0,10455.0,39148.0,307.37,11.0,1,35048.0,39003.3,63675.0,7,11,17426.0,27354.56,60183.0,3,80,33761.0,Y,2161.22,saving,M,34,HIGH,11.200000000000001,3,653.0,1,3.0
324,6475,11800.0,4944.0,2726.16,11082.26,3172.89,63794.0,5643.0,25.0,10,48,44,1,34,28000,1,1,1.0,1,2008232.55,1475000.0,130000.0,13135.0,38332.76,134420.77,4.0,2,52600.0,353092.82,2178.0,4,81,47226.0,10393.68,86773.0,21,49,16580.0,Y,2439.86,current,M,35,LOW,13.5,5,488.0,0,15.0
325,18961,168134.0,15519.89,35250.0,18494.19,1175.0,2322.94,1069.0,29.0,13,50,4,5,5,402000,1,1,1.0,1,3101.3,111000.0,5981.0,-6281.37987999999,66266.25,46913.0,90.0,17,24556.0,32875.17,16015.0,1,44,17719.0,107906.26,31011.0,4,3,16797.0,Y,8542.13,current,F,39,MEDIUM,5.7,4,346.0,0,2.0
326,1995,14292.0,65760.51,13098.21,24717.97,1634.26,4363.85,2610.78,63.0,99,9,24,2,8,423000,1,1,1.0,1,1982892.29,267421.4,18257.0,0.0,538261.91,61077.0,42.0,1,37467.0,67152.88,90146.0,3,28,55883.61,10445.36,40458.0,47,80,93060.0,Y,5987.28,current,M,42,MEDIUM,15.4,2,245.0,1,19.0
327,7612,165645.0,21434.0,9354.65,3432.88,2700.0,6867.0,4933.0,23.0,93,67,5,1,22,177000,1,1,1.0,1,1539496.64,143000.0,11379.0,-3506.17993,17862.75,354152.0,89.0,7,46626.0,49190.7,75078.09,31,25,37217.0,56786.58,32603.0,22,22,50355.0,Y,9020.87,current,M,60,MEDIUM,36.0,6,799.0,1,4.0
328,15250,2592.0,29112.0,1976.06,3526.99,9710.32,8382.0,36829.94,6.0,14,7,5,27,34,27000,1,1,1.0,1,25506.67,110135.86,798.0,1429.0,4691.25,30519.5,90.0,7,44650.0,168270.5,27585.5,4,12,193389.0,59186.88,269492.0,14,24,31471.0,Y,1239.2,saving,M,66,LOW,32.2,6,305.0,1,8.0
329,2834,4948.0,2171.2,12538.0,31449.31,1882.44,5613.56,2740.04,5.0,1,7,3,15,1,100000,1,1,1.0,1,13732.93,31000.0,49975.0,3983.0,69601.65,74134.0,2.0,2,44352.0,76989.16,7733.0,2,59,42214.0,40478.53,73822.0,40,38,24082.0,Y,17350.88,current,M,56,MEDIUM,3.6,6,860.0,1,13.0
330,11647,8649.0,3636.4,39739.0,84856.26,4008.39,12964.0,12671.0,6.0,8,6,1,23,2,579000,1,1,1.0,1,546565.5,232524.0,12000.0,12415.0,23184.22,684819.95,16.0,3,17511.0,29437.8,486364.36,4,21,132918.0,17082.78,37598.0,13,58,90500.0,Y,26.13,current,M,27,MEDIUM,2.1,6,623.0,1,6.0
331,13684,17329.0,69247.0,7222.0,21387.49,5229.7,47598.0,14881.0,14.0,1,87,4,1,1,378000,1,1,1.0,1,4834.55,75000.0,25524.0,1954.0,105478.25,109268.94,87.0,3,21750.0,47410.0,29561.0,43,12,49164.0,79225.64,222910.0,43,73,89755.0,Y,9283.21,current,M,66,MEDIUM,9.200000000000001,5,299.0,1,12.0
332,1118,16831.0,25984.22,15184.55,18743.76,4913.62,262.0,8246.0,7.0,37,135,24,1,79,226000,1,1,1.0,1,474401.25,110175.0,33330.0,20513.0,27644.01,5092.0,69.0,5,85254.0,86643.32,42748.0,2,46,61250.0,42489.07,44593.5,4,38,109400.0,Y,2896.24,saving,F,53,LOW,23.1,4,615.0,0,19.0
333,8204,313572.0,985.5,1359.0,20945.17,11417.6,5334.42,1336.92,8.0,18,72,17,1,5,155000,1,1,1.0,1,811000.0,128314.74,49975.0,1444.0,46765.0,52872.0,11.0,1,235844.0,190374.25,25386.0,1,59,23011.0,30133.0,24954.06,9,3,18275.0,Y,11725.95,current,M,37,LOW,15.3,9,536.0,1,10.0
334,16798,216017.0,3913.36,3892.0,8632.0,999.0,10875.535,925.34,1.0,3,74,1,60,98,150000,1,1,1.0,1,923170.0,300000.0,2644.0,3897.0,21728.2,16995.0,23.0,3,41596.25,29418.63,17846.0,1,17,20611.77,42857.3,171940.0,3,63,19838.0,Y,2412.63,saving,F,37,MEDIUM,5.1000000000000005,10,653.0,1,2.0
335,18549,8138.0,99142.91,6162.0,1664.0,1295.0,1063.0,4019.97,57.0,11,50,44,1,81,293000,1,1,1.0,1,144110.45,105000.0,100000.0,5464.0,41875.6,34540.0,4.0,19,83430.92,46161.0,13002.0,7,4,44518.0,131879.89,65170.88,3,18,37765.0,Y,42293.23,current,F,62,LOW,12.600000000000001,8,445.0,1,20.0
336,539,15423.0,2574.63,3639.16,12570.0,1157.0,12053.6,6589.0,7.0,46,72,3,16,1,188000,1,1,1.0,1,101891.25,38928.0,50000.0,844.0,20870.0,27392.0,55.0,36,34582.0,2618.0,63689.0,9,78,75058.0,144887.6,41627.0,8,12,103814.0,Y,350.32,saving,F,33,MEDIUM,9.1,9,258.0,1,20.0
337,7756,6443.0,19299.0,1831.97,4118.6,7170.0,4022.17,9147.88,531.0,36,72,8,1,34,120000,1,1,1.0,1,76780.0,446457.0,2156.0,3983.0,156119.13,41159.0,91.0,4,66000.0,31400.0,110201.25,50,5,97168.0,48980.44,42405.0,4,11,22636.0,Y,613.27,current,M,60,LOW,24.0,9,802.0,1,8.0
338,13388,14659.0,41253.96,14094.74,12805.32,2374.0,46602.0,4912.0,57.0,6,50,44,6,1,167000,1,1,1.0,1,163703.25,19000.0,96558.0,0.0,69362.8,24394.0,3.0,36,30393.0,78282.0,90436.0,31,82,102500.0,150956.0,26487.0,7,0,2510.0,Y,24523.68,current,M,32,HIGH,7.2,3,268.0,1,6.0
339,16829,17925.0,17061.54,3484.37,33841.68,4080.04,67502.95,10079.9,2.0,46,35,30,2,98,145000,1,1,1.0,1,4900.4,3.0,30000.0,1332.0,526.0,53882.0,46.0,3,147257.0,45928.0,43537.5,1,59,8252.0,52626.23,75279.0,39,73,29791.0,Y,1116.15,current,M,29,MEDIUM,0.9,1,245.0,1,2.0
340,11218,299530.0,12462.0,1447.0,19748.5,302.0,598.0,4133.22,7.0,3,5,24,56,68,56000,1,1,1.0,1,9624.6,278904.9,768.0,-4664.0,196562.51,12002.0,77.0,36,20927.0,32359.65,12574.0,1,44,18922.0,37317.88,200600.43,117,32,95891.0,Y,14529.0,saving,M,28,MEDIUM,8.0,1,254.0,0,8.0
341,17115,106844.0,11735.45,24657.17,17339.25,351.28,9257.0,3476.52,43.0,66,74,1,4,56,75000,1,1,1.0,1,1727970.9,142608.5,2644.0,553.0,11240.5,31459.0,4.0,26,47307.0,41865.9,65141.0,2,11,34039.0,285189.0,5146.0,117,0,36308.0,Y,11437.24,current,M,37,LOW,6.800000000000001,6,623.0,0,7.0
342,7519,8220.0,13147.85,9836.0,17659.0,21080.44,41584.44,3771.34,7.0,10,9,50,9,2,147000,1,1,1.0,1,684495.7,429273.4,2644.0,3897.0,5698.25,34399.0,38.0,7,44500.0,93443.9,141437.24,8,82,41590.0,118084.54,49461.01,9,9,101458.09,Y,169.0,current,M,39,MEDIUM,1.9000000000000001,8,818.0,1,18.0
343,10594,4405.0,15708.62,6391.0,4598.85,1464.0,5585.0,967.0,26.0,84,14,1,1,29,100000,1,1,1.0,1,59703.93,165970.9,3000.0,-6301.0,34926.21,12104.0,42.0,6,95899.0,1700.0,23773.0,1,86,29316.0,184887.69,21700.0,8,79,63296.0,Y,6911.01,current,F,47,LOW,24.3,3,640.0,1,9.0
344,6403,18033.0,4522.34,5947.0,10913.43,332937.94,8953.0,26329.57,531.0,3,50,8,51,1,199999,1,1,1.0,1,81284.7,267421.4,16114.0,4063.0,18211.25,35082.0,15.0,14,27875.0,713310.02,68737.0,2,24,15990.0,59294.84,50337.0,94,124,15490.35,Y,310.98,current,M,29,LOW,2.7,2,623.0,0,3.0
345,4686,141338.0,8926.5,4384.96,14398.0,9149.15,3838.0,8656.0,80.0,10,4,3,12,11,119000,1,1,1.0,1,1664.4,400000.0,15477.0,4314.0,32648.5,33805.0,69.0,7,26345.29,9270.66,37595.0,11,7,88330.0,48723.82,41928.0,5,1,44239.0,Y,1974.46,current,M,47,MEDIUM,8.1,7,860.0,1,7.0
346,10114,12487.0,34496.71,2157.14,5322.55,1662.0,431.92,11080.5,10.0,67,7,42,45,47,290000,1,1,1.0,1,13.8,72796.1,2644.0,5439.0,44627.22,80314.67,2.0,36,28704.0,196826.58,10556.0,43,171,37181.0,39634.81,65682.0,2,24,17752.0,Y,617.24,current,F,47,HIGH,21.6,4,737.0,1,6.0
347,4398,1046.0,5991.92,861.76,26711.63,3021.0,31048.0,8189.0,10.0,1,5,7,7,81,293000,1,1,1.0,1,1215.0,107692.0,12000.0,1444.0,13338.09,54828.0,11.0,30,56500.0,40883.18,46484.0,2,11,12000.0,7322.0,122978.0,14,1,77000.0,Y,3967.34,current,M,60,LOW,24.0,8,537.0,1,19.0
348,8049,82222.0,21765.46,2034.0,5578.0,2017.2,1938.0,1205.0,2.0,29,52,3,18,79,520000,1,1,1.0,1,86865.0,11897.0,3975.0,6916.0,14787.75,58713.0,46.0,5,11297.0,213.52,30109.0,3,20,59431.0,78598.4,90252.0,2,15,126650.0,Y,3447.9,current,M,40,LOW,8.0,5,737.0,1,11.0
349,15322,3570.0,37079.08,7700.01,8308.9,3182.0,20139.0,949.0,8.0,22,4,62,6,47,329000,1,1,1.0,1,138129.4,51850.0,2644.0,3735.0,58379.75,28963.0,147.0,2,17668.0,49659.13,29395.0,6,81,42178.0,45439.13,28770.0,3,14,17165.0,Y,1694.71,current,M,120,MEDIUM,10.0,9,883.0,1,13.0
350,17437,295588.0,24727.69,3277.5,6556.36,2111.4,5630.81,15250.33,66.0,26,35,20,3,3,147000,1,1,1.0,1,331.2,20077.53,49000.0,1444.0,63375.98,52792.0,9.0,4,43187.0,79735.06,117335.0,1,69,17382.0,89797.27,55493.0,62,8,70536.0,Y,2488.23,current,M,42,LOW,8.8,8,269.0,1,11.0
351,1196,7306.0,24628.81,7349.61,1082.52,4151.6,5987.74,6535.4,1.0,1,4,45,51,55,70000,1,1,1.0,1,48422.7,16363.0,694.0,5730.0,27644.01,20400.0,43.0,4,28248.15,57494.44,42285.0,2,11,97073.0,63753.25,68720.17,94,12,16421.0,Y,5268.38,current,M,40,LOW,2.0,4,614.0,1,11.0
352,17497,337499.0,51174.0,2693.0,15866.54,2942.95,13248.5,609.43,124.0,85,19,1,1,36,187000,1,1,1.0,1,3938.25,212907.7,1611.0,5439.0,99482.8,50057.0,84.0,4,43358.0,12614.52,27113.0,3,4,27711.0,43737.46,61006.0,3,21,28390.0,Y,1555.48,current,M,50,MEDIUM,21.0,4,656.0,1,13.0
353,6544,1457.0,1085.78,4882.5,1508.0,15602.0,6357.47,5643.0,4.0,32,9,22,1,91,75000,1,1,1.0,1,1053411.2,45000.0,48500.0,-4679.0,45775.33,73584.0,18.0,1,30098.0,351288.99,35948.0,24,8,66132.0,19933.93,54529.38,10,104,101850.0,Y,3895.13,current,M,30,LOW,7.0,4,488.0,1,3.0
354,4831,15355.0,2775.0,7222.0,63098.17,1194.0,900.36,50157.0,6.0,6,10,50,1,1,272000,1,1,1.0,1,568.8,545000.0,4812.0,977.0,81872.27,24151.0,147.0,7,32089.0,147053.98,5870.0,1,24,34556.0,46351.75,139.35,4,50,44913.0,Y,534.68,current,M,55,MEDIUM,24.5,10,538.0,1,10.0
355,4121,4233.0,25883.74,13333.0,14879.0,1087.0,9646.09,4293.65,24.0,50,4,2,1,2,395000,1,1,1.0,1,12869465.0,267421.4,50000.0,3897.0,35646.03,44995.4,7.0,26,22534.0,35142.54,42812.0,6,50,73902.0,115995.24,1238.0,5,58,15431.0,Y,262.79,current,M,47,MEDIUM,24.3,2,866.0,1,14.0
356,4295,4348.0,28041.41,8203.07,29217.93,819.0,864.0,5721.0,57.0,15,46,4,1,10,461000,1,1,1.0,1,170590.75,3.0,1273.0,1500.0,27371.21,22002.0,42.0,3,25563.0,5041.0,144748.0,50,8,34983.0,95072.05,135119.0,7,73,28150.0,Y,7163.09,current,M,28,MEDIUM,1.6,7,748.0,0,20.0
357,4647,10390.0,4522.96,2782.94,4624.44,10282.57,3266.335,1279.0,3.0,77,27,17,1,56,147000,1,1,1.0,1,60800.0,191000.0,25524.0,-6885.0,178155.52,67107.0,52.0,2,46082.0,53924.35,5280.0,17,82,158592.0,33644.06,45068.0,6,7,94927.0,Y,1500.22,current,M,40,MEDIUM,16.0,6,647.0,1,12.0
358,16308,11241.0,5529.17,2185.6,17174.01,5450.7,12097.0,188.0,4.0,2,72,4,44,17,400000,1,1,1.0,1,32200.0,162423.0,1255.0,886.0,28459.59,21241.0,32.0,26,40992.0,11224.42,17667.5,2,25,24734.0,178334.88,46711.0,9,12,15267.0,Y,720.23,current,M,33,MEDIUM,5.2,5,488.0,0,19.0
359,16577,16385.0,1766.84,4392.81,1497.5,4906.0,4281.0,3519.0,531.0,29,44,47,51,54,17000,1,1,1.0,1,75000.0,185097.6,12000.0,844.0,48758.96,50213.0,16.0,28,22867.0,87233.35,58229.0,1,81,3900.0,76056.51,59857.0,5,54,18284.0,Y,47627.46,current,M,53,LOW,29.700000000000003,10,331.0,1,19.0
360,17080,124049.0,12169.31,373.0,30581.87,13029.04,2755.87,4938.85,2.0,32,67,7,16,58,421000,1,1,1.0,1,137260.8,69370.0,610000.0,553.0,46865.63,23307.0,41.0,3,44007.0,19332.5,45735.0,70,20,37765.0,34896.5,5720.0,2,12,58747.0,Y,604.02,current,M,33,MEDIUM,13.0,7,539.0,1,16.0
361,3836,16713.0,3318.5,2700.77,5577.0,1224.0,845.0,21927.62,14.0,71,78,2,2,81,236000,1,1,1.0,1,19265.4,337000.0,50000.0,-5439.0,263907.49,193999.77,11.0,5,37464.0,28048.5,7128.0,4,63,9289.0,30974.7,20235.02,13,25,56047.0,Y,2215.15,current,M,58,LOW,34.2,5,426.0,1,13.0
362,12646,218821.0,4241.0,2448.0,20175.3,2667.77,20588.04,285.0,43.0,13,60,1,1,54,139999,1,1,1.0,1,41070.0,38928.0,4458.0,-5942.0,18135.34,210529.0,3.0,13,34957.0,61132.66,20215.0,9,8,105.84,105499.84,215646.0,6,96,16796.0,Y,14385.83,saving,M,33,MEDIUM,10.4,10,394.0,1,8.0
363,4445,11157.0,16604.0,28035.0,4769.09,11209.0,2957.0,3365.37,2.0,1,82,5,2,1,359000,1,1,1.0,1,100284.85,150159.0,12500.0,1332.0,5768.27,1051552.35,70.0,2,9109.0,28757.02,967.0,1,70,27591.0,48011.24,48391.0,6,103,18017.0,Y,12030.62,current,M,66,LOW,46.0,2,805.0,1,8.0
364,5360,242006.0,10288.1,15670.35,7284.98,5560.0,17455.495,2924.52,10.0,2,14,1,1,70,300000,1,1,1.0,1,3101.3,264658.43,16004.0,-5942.0,72460.83,76195.0,9.0,1,25877.0,12104.0,72941.0,8,171,1615.0,144656.29,46316.75,5,65,47371.0,Y,5009.98,current,M,35,LOW,15.0,9,867.0,1,11.0
365,6383,7323.0,14860.0,2612.0,56941.5,7761.93,6443.5,27928.67,7.0,16,14,25,4,79,173000,1,1,1.0,1,233727.15,5241.0,24619.0,20324.0,79608.12,19248.0,35.0,36,28876.0,45381.76,285007.62,0,30,31803.0,15777.5,28587.0,3,80,51800.0,Y,380.93,saving,F,36,MEDIUM,12.8,5,867.0,0,6.0
366,12728,15630.0,14035.36,861.76,20565.0,663.25,8613.77,1401.0,5.0,10,117,1,56,44,192000,1,1,1.0,1,21745.0,52985.43,96497.0,-5942.0,82071.0,8263.0,57.0,17,65364.0,61344.56,32422.0,8,18,79283.0,103686.17,148363.0,53,24,25286.0,Y,4072.44,current,M,47,MEDIUM,24.3,3,582.0,0,5.0
367,15109,3369.0,3680.0,2407.6,25274.48,5282.0,20655.44,3389.0,6.0,30,3,53,21,98,581000,1,1,1.0,1,27316.5,90829.65,2156.0,5773.0,92.25,34484.0,18.0,3,18760.0,32996.68,129101.0,0,69,23490.0,104847.16,91011.0,62,24,45429.0,Y,543.56,current,M,37,MEDIUM,11.9,8,505.0,0,10.0
368,7000,220257.0,11866.53,16339.0,28688.5,27800.0,7119.1,3150.8,80.0,4,60,18,4,3,375000,1,1,1.0,1,46730.2,10701.0,90525.0,3897.0,251628.11,27216.0,42.0,7,27875.0,37927.92,103504.0,3,29,260000.0,205658.0,25067.96,2,12,63642.0,Y,25.63,current,M,47,LOW,24.3,2,245.0,1,7.0
369,17704,11068.0,3905.5,6137.6,6870.49,22629.15,20243.71,346.0,67.0,2,50,52,2,55,306000,1,1,1.0,1,4731.1,194099.3,4458.0,0.0,16307.88,47631.0,69.0,6,20780.0,32419.65,144033.0,1,7,88522.0,39518.01,25469.0,16,22,207.0,Y,2877.33,current,M,31,MEDIUM,3.3000000000000003,7,539.0,0,15.0
370,9759,183378.0,16633.67,14320.02,9270.0,367.0,15703.615,2883.0,8.0,23,59,30,15,16,34000,1,1,1.0,1,197067.2,182359.2,1036.0,14509.0,180252.33,35406.0,11.0,35,33700.0,17964.12,59868.21,3,8,25377.0,477521.38,24240.0,6,18,1215.0,Y,1050.22,current,M,33,MEDIUM,9.1,10,245.0,0,9.0
371,7024,18601.0,33719.73,10351.5,27894.98,1159.96,4002.02,15631.0,9.0,77,6,53,1,26,329000,1,1,1.0,1,825.0,5350.0,68000.0,6916.0,26169.25,41727.0,39.0,3,35579.0,32996.68,22708.5,1,2,19119.0,64235.87,297.78,16,73,29070.0,Y,462.3,current,M,219,MEDIUM,119.4,5,683.0,1,3.0
372,3542,400240.0,2092.36,71417.8,12381.55,4161.0,1104.0,3950.0,12.0,34,10,8,4,3,199999,1,1,1.0,1,47.45,152391.0,768.0,173.0,266244.01,34112.0,42.0,0,18512.0,37809.48,297.0,31,25,29314.0,23063.15,53475.93,2,32,52042.0,Y,3267.6,current,M,27,HIGH,6.300000000000001,8,814.0,0,10.0
373,19831,6133.0,47072.49,21787.0,1003.61,13561.0,13515.775,1365.0,2.0,128,35,22,4,79,462000,1,1,1.0,1,474401.25,111000.0,1633.0,5340.0,9431.0,14520.0,42.0,7,35150.0,540.0,43850.0,4,44,20942.0,115305.71,29148.0,11,11,33755.37,Y,2380.72,current,M,50,MEDIUM,15.0,5,233.0,1,18.0
374,19622,18152.0,4615.0,6276.0,13170.0,2130.77,8005.8,21126.0,57.0,17,35,42,25,39,44000,1,1,1.0,1,3950.0,82907.34,28912.0,6916.0,42501.42,43913.0,22.0,1,177554.0,605.51,33804.0,7,70,24280.0,26657.84,109845.0,5,9,54365.0,Y,5333.82,current,M,33,MEDIUM,5.2,7,503.0,1,2.0
375,15441,1472.0,1700.76,6615.0,10860.0,29884.0,3089.0,36724.0,2.0,32,7,1,25,55,232000,1,1,1.0,1,48675.31,187788.1,25524.0,-3625.0,24701.65,275399.91,7.0,2,25127.0,8569.0,46061.0,3,12,7259.0,25125.44,12166.0,9,52,51889.0,Y,877.53,current,M,56,LOW,25.200000000000003,6,748.0,1,13.0
376,19648,2523.0,10697.0,11287.0,15479.0,3383.0,6704.44,2708.0,26.0,5,44,18,31,54,429000,1,1,1.0,1,328504.5,117890.0,96497.0,6885.0,28642.76,16227.0,24.0,3,9400.0,192482.51,60941.0,3,29,49440.0,69805.96,65554.0,9,12,16417.0,Y,9432.9,saving,M,66,MEDIUM,23.0,9,723.0,1,16.0
377,19836,126270.0,1864.28,659.0,49444.95,846.0,420.27,1138.0,12.0,1,84,1,27,68,276000,1,1,1.0,1,13732.93,1194405.5,925.0,5350.0,8576.6,32225.95,90.0,0,26445.8,6602.0,8872.0,42,42,111792.0,25965.18,188526.0,10,103,69364.0,Y,868.21,current,M,46,MEDIUM,5.2,8,743.0,1,14.0
378,762,2413.0,6691.21,739.91,7467.93,7043.57,1265.0,1825.0,6.0,1,87,1,62,1,390000,1,1,1.0,1,11027.5,6773.96,25524.0,9415.0,45287.85,331602.58,147.0,19,60364.0,176431.59,119346.0,0,81,97609.0,57048.23,60955.81,4,11,39414.0,Y,1002.95,current,F,28,MEDIUM,2.4000000000000004,8,269.0,0,9.0
379,251,11408.0,804.0,5413.02,451.37,8358.36,289.5,813.59,6.0,99,87,41,25,26,378000,1,1,1.0,1,28482.5,82907.34,23032.0,2921.0,74806.62,207794.0,63.0,3,49934.0,39476.26,77200.0,35,36,25682.0,195970.4,44257.0,5,38,2015.97,Y,7522.08,saving,M,58,LOW,38.0,1,771.0,1,12.0
380,17062,6157.0,18942.23,9362.0,9996.0,8789.44,4689.0,10014.0,8.0,6,26,50,2,70,25000,1,1,1.0,1,54860.05,106398.0,33774.0,-5715.49022999999,105113.39,20615.0,10.0,6,3936.0,15221.88,20264.6,35,50,42250.0,87748.43,65633.5,43,61,24090.0,Y,482.96,current,M,118,MEDIUM,39.2,2,274.0,0,15.0
381,6766,7234.0,66375.81,2425.0,3092.0,6946.0,314.0,7639.0,7.0,10,3,3,3,80,302000,1,1,1.0,1,72383.25,165970.9,583.0,5730.0,24439.5,72342.0,43.0,2,2007.0,36911.41,16853.0,45,50,5630.0,45077.62,272.0,5,103,35241.0,Y,6486.7,current,M,66,MEDIUM,46.0,1,505.0,1,7.0
382,11617,4855.0,40067.56,2703.0,9393.83,11232.3,22091.13,2060.0,25.0,71,6,47,4,56,378000,1,1,1.0,1,4230125.0,223379.4,768.0,553.0,70777.88,54655.0,39.0,13,44109.0,22001.38,56265.5,2,171,5603.0,204971.28,1101886.0,5,75,38710.0,Y,661.11,current,M,33,MEDIUM,9.1,8,883.0,1,6.0
383,10446,20394.0,2747.25,7509.01,8878.18,13439.0,6131.945,9563.03,92.0,84,23,8,62,79,369000,1,1,1.0,1,6.164,730000.0,787.0,1992.0,4144.63,50319.0,57.0,0,27627.68,29032.2,22681.0,43,6,7259.0,48211.67,24651.0,62,133,36798.0,Y,3831.39,current,M,66,LOW,36.800000000000004,6,858.0,0,4.0
384,15068,18991.0,9986.43,4222.99,1091.64,5172.03,26831.09,1423.0,8.0,43,35,82,1,44,520000,1,1,1.0,1,48675.31,29479.0,90525.0,0.0,141599.25,31803.0,3.0,26,16737.0,69521.0,156290.0,6,82,38350.0,139625.75,15077.0,11,103,47400.0,Y,447.77,saving,M,66,MEDIUM,27.6,7,802.0,1,14.0
385,13779,10762.0,673.01,49725.0,41586.27,9378.0,3038.0,3098.2,6.0,11,47,4,4,1,74100,1,1,1.0,1,115.45,77965.0,67696.0,418.0,32661.51,22847.0,46.0,36,31560.0,45875.76,227930.0,4,82,67063.0,45716.16,110725.0,1,32,17061.0,Y,5696.42,current,M,38,LOW,5.4,8,506.0,1,6.0
386,154,17273.0,5185.48,7063.0,220589.71,17318.47,4877.58,2802.3,15.0,60,82,1,6,8,423000,1,1,1.0,1,825.0,1024477.47,20887.0,-5998.43994,33172.98,77659.0,6.0,19,153420.0,22909.31,100957.0,2,20,48928.65,49776.12,90755.5,94,3,31700.0,Y,17334.48,current,M,33,LOW,1.3,3,464.0,1,16.0
387,13745,18982.0,19041.49,597.01,509.0,39813.0,13423.0,9048.0,14.0,30,29,1,21,79,352000,1,1,1.0,1,81872.65,295150.9,2644.0,-4679.0,119527.75,48217.0,63.0,7,52559.0,61830.02,94270.4,70,34,58613.83,389342.22,25807.0,1,9,38640.0,Y,5243.43,current,M,38,MEDIUM,12.600000000000001,7,505.0,0,6.0
388,9930,89207.0,16449.0,43191.12,500.5,5623.0,22555.215,127.0,6.0,23,7,17,2,1,47000,1,1,1.0,1,5809950.0,80489.0,16004.0,5340.0,187070.42,59569.0,7.0,3,14258.0,201189.76,48058.0,3,20,41493.0,65569.13,41270.0,7,50,58460.0,Y,2011.15,current,M,27,MEDIUM,7.0,4,485.0,1,15.0
389,12170,15346.0,5287.15,2582.4,1147.66,558.01,76171.43,2890.0,531.0,10,16,10,4,26,523000,1,1,1.0,1,223000.0,12971.0,583.0,0.0,145042.03,131600.0,24.0,1,22655.0,111455.9,25430.0,47,42,25068.0,42665.0,84773.75,10,32,34760.0,Y,5056.38,saving,M,56,MEDIUM,36.0,5,966.0,0,14.0
390,14483,20075.0,2540.35,331.0,11312.06,339.0,4646.31,877.0,9.0,1,87,12,2,5,402000,1,1,1.0,1,39851.93,16000.0,16004.0,-4679.0,93342.16,45711.0,11.0,26,71934.0,43445.19,74410.25,2,63,41065.0,29430.0,23507.0,21,12,33425.0,Y,7518.27,current,M,47,MEDIUM,21.6,9,519.0,0,14.0
391,11487,18817.0,4402.17,13098.21,25059.59,1240.9,67624.08,6726.0,10.0,30,53,42,15,55,400000,1,1,1.0,1,45463.0,1425000.0,69493.0,4512.0,73551.75,25213.49,42.0,2,50005.0,42086.37,34393.0,4,2,52756.0,58811.63,8684.0,5,13,23862.0,Y,241.21,current,M,46,LOW,15.600000000000001,4,249.0,1,6.0
392,10838,291812.0,1534.0,1004.0,3733.31,1871.0,11686.255,960.0,7.0,27,49,11,3,34,290000,1,1,1.0,1,130319.0,190887.4,15654.0,2337.0,24744.88,115572.77,12.0,3,31916.0,4054.93,34794.0,3,81,22587.0,62462.0,26057.0,3,26,8548.0,Y,2202.47,current,F,35,HIGH,3.0,9,865.0,0,9.0
393,18338,12240.0,32829.0,3604.0,16336.98,12554.18,5191.45,887.14,124.0,2,2,5,4,1,467000,1,1,1.0,1,825.0,191000.0,56305.0,6885.0,22425.46,33173.0,55.0,4,30368.0,4143.0,97929.0,2,50,11297.0,98566.13,132687.0,62,32,50687.39,Y,13170.34,current,M,35,MEDIUM,10.5,7,385.0,0,4.0
394,14457,310323.0,41279.9,1143.95,1764.0,8402.16,13423.0,573.01,19.0,10,2,60,4,44,127500,1,1,1.0,1,630.6,9866.01,2019.0,4795.0,11432.95,191.75,50.0,13,42201.0,23494.92,85159.0,50,81,82857.0,9524.0,37795.0,21,61,31896.0,Y,20677.05,current,M,30,MEDIUM,4.0,3,486.0,1,15.0
395,14490,2220.0,21540.71,7162.0,12465.3,3339.25,4497.1,4986.0,2.0,71,87,48,27,4,599000,1,1,1.0,1,568.8,210651.4,583.0,-4679.0,121427.65,110203.0,6.0,4,14706.0,19991.76,65090.0,1,0,29143.0,28532.08,99903.0,6,104,44118.0,Y,2147.37,saving,M,33,LOW,13.0,6,686.0,0,8.0
396,1291,9696.0,15608.21,3497.0,57980.0,3806.0,5987.06,12803.75,26.0,19,4,1,60,81,59000,1,1,1.0,1,84446.0,16671.0,462.0,1500.0,47159.49,98505.0,11.0,2,19532.0,17010.22,63582.0,30,25,28233.0,208110.4,247842.0,9,11,115500.0,Y,2978.81,saving,M,33,MEDIUM,7.800000000000001,1,503.0,1,4.0
397,10979,6808.0,15812.0,3132.0,8382.63,5245.0,1568.56,1773.0,44.0,2,102,21,23,1,293000,1,1,1.0,1,1035.0,376694.91,50000.0,5730.0,24453.08,36464.0,29.0,3,68314.0,14857.33,112641.14,9,9,14331.0,72343.4,24184.0,62,13,36397.0,Y,2119.4,current,M,66,MEDIUM,4.6000000000000005,10,867.0,1,11.0
398,8560,16677.0,8350.0,4485.16,15719.03,13012.85,855.0,14523.33,5.0,5,4,3,9,11,240000,1,1,1.0,1,31845.5,150000.0,639.0,903.0,139822.61,221037.0,42.0,14,47676.0,105106.72,107714.7,2,13,43775.0,21230.31,120114.09,36,12,6631.4,Y,41052.26,current,M,33,MEDIUM,3.9000000000000004,2,485.0,0,9.0
399,11731,9857.0,19826.68,9716.0,21177.46,287.0,3141.0,12803.75,12.0,36,1,8,2,91,50900,1,1,1.0,1,1112.4,429273.4,500718.0,5464.0,66467.32,44837.77,10.0,36,469.0,109347.92,15052.0,6,82,18699.0,107523.73,33770.0,4,32,20092.0,Y,9907.92,saving,M,44,LOW,2.4000000000000004,2,123.0,1,18.0
400,15924,16287.0,46506.66,1387.0,22710.0,5650.52,9279.53,1385.0,4.0,6,16,4,16,10,293000,1,1,1.0,1,9649.6,52991.0,851.0,20324.0,22495.75,65124.81,20.0,4,25654.0,70089.24,22681.0,4,81,26172.0,139766.49,28892.0,10,83,24281.0,Y,1202.53,current,M,47,MEDIUM,13.5,5,538.0,1,3.0
401,8427,3862.0,11971.93,1039.48,23479.63,886.0,4983.17,1547.18,80.0,66,16,20,21,2,100000,1,1,1.0,1,1955.6,134890.0,5591.0,35346.0,197694.72,89269.0,46.0,26,24412.0,267248.67,109648.0,31,7,998276.0,35220.75,25363.44,9,27,22772.0,Y,971.01,current,F,42,MEDIUM,17.6,10,464.0,1,19.0
402,4553,223306.0,22571.31,8525.0,16934.0,460.64,14685.0,1226.0,16.0,13,44,2,4,47,505000,1,1,1.0,1,1910215.0,170989.0,519.0,977.0,28531.0,91069.0,4.0,35,38632.0,46503.58,33069.75,0,49,141361.0,17872.18,48766.0,8,18,44627.0,Y,2531.9,current,M,36,MEDIUM,8.0,8,249.0,1,11.0
403,12790,179853.0,5517.5,245.0,14328.5,2598.0,5686.3,8629.0,60.0,3,3,25,3,47,138000,1,1,1.0,1,4400.0,70000.0,25000.0,6916.0,45831.25,101569.5,12.0,19,218407.61,317.32,38276.0,1,20,35467.0,674996.52,26777.0,3,15,163.0,Y,7691.96,current,M,37,LOW,8.5,10,446.0,1,13.0
404,17838,7827.0,8141.06,3986.0,3324.3,2039.0,48895.68,448.0,57.0,66,2,4,6,30,67000,1,1,1.0,1,1534.0,182359.2,9570.0,0.0,65668.76,21241.0,11.0,2,1553.3,17483.0,128180.0,0,2,21443.0,8686.69,110488.0,6,113,39000.0,Y,11470.66,current,M,54,MEDIUM,30.6,2,505.0,1,13.0
405,6784,2360.0,76755.23,1007.2,8973.86,3816.0,100116.0,593.0,80.0,37,61,62,4,11,54000,1,1,1.0,1,253302.0,251131.79,20887.0,6441.0,275149.36,737.0,36.0,1,24433.0,60561.69,113149.0,2,11,117144.0,17586.46,14798.63,36,38,66369.0,Y,86.8,current,M,40,LOW,16.0,10,594.0,1,12.0
406,8917,306089.0,4617.0,8929.64,4442.5,3376.5,42907.0,936.06,23.0,65,6,2,21,6,287000,1,1,1.0,1,26218.0,118856.1,230000.0,5464.0,117809.6,20213.0,40.0,19,69280.0,36621.69,121084.37,3,82,17160.0,34542.0,19247.0,13,73,59790.0,Y,771.6,current,M,35,MEDIUM,15.0,3,243.0,1,18.0
407,8602,15313.0,17847.87,383.3,12217.15,14390.51,8551.275,236.0,24.0,10,48,15,60,17,345000,1,1,1.0,1,41441.27,43545.0,2214.0,6916.0,346718.77,125801.0,29.0,3,11099.0,34514.45,45212.0,1,108,51924.0,99420.42,180013.84,6,83,81202.0,Y,5905.91,current,M,32,LOW,10.8,2,748.0,1,14.0
408,7186,7024.0,2004.0,17925.04,18514.0,38561.48,3239.64,26595.0,44.0,128,1,10,3,34,125000,1,1,1.0,1,1377313.45,125090.58,28985.0,6885.0,32424.0,20215.0,32.0,3,23409.0,23900.79,17722.0,2,108,824.5,92119.0,31606.0,40,80,15666.0,Y,602.7,current,M,55,HIGH,7.0,10,693.0,0,16.0
409,15398,125.0,13368.62,82893.0,812.0,4313.92,1766.095,1209.0,26.0,18,23,48,12,22,555000,1,1,1.0,1,1207.5,2300000.0,8060.0,1444.0,7881.91,89717.0,10.0,3,22313.0,51907.93,80123.0,3,34,35203.0,97302.81,10711.0,3,8,16554.0,Y,3683.82,current,M,53,LOW,19.8,9,503.0,1,19.0
410,722,125916.0,10937.14,11373.0,24528.34,1133.0,2922.0,41199.0,531.0,1,44,60,6,98,44000,1,1,1.0,1,68640.0,95081.0,1052.0,5464.0,174551.44,78370.0,90.0,0,20780.0,115493.07,42681.0,3,8,83821.0,44449.63,56962.26,40,24,12892.0,Y,4883.31,current,M,37,MEDIUM,1.7000000000000002,6,966.0,1,4.0
411,14640,10638.0,8262.59,2290.57,21758.0,2660.2,2503.0,332.28,4.0,2,3,2,11,6,430000,1,1,1.0,1,39853.9,267421.4,96497.0,0.0,20777.13,58392.0,42.0,36,26087.0,52446.3,311332.0,5,20,50050.0,606765.43,74943.29,3,32,388145.0,Y,5324.65,current,M,47,HIGH,18.900000000000002,1,818.0,1,8.0
412,19254,8076.0,24054.05,15885.41,973.0,38552.03,2937.0,1957.0,10.0,85,35,25,6,31,17000,1,1,1.0,1,81872.65,176487.6,30000.0,6613.0,154140.75,2278.0,11.0,2,28751.0,35738.71,38732.0,1,5,36346.0,32927.03,130901.0,94,103,21976.0,Y,10055.05,current,M,54,LOW,17.0,5,395.0,1,11.0
413,13837,6388.0,14719.37,24837.02,4877.74,1204.0,28020.0,846.0,29.0,43,3,3,1,11,27000,1,1,1.0,1,2720.0,52985.43,130000.0,6916.0,121.98,71800.96,46.0,1,15183.0,265906.0,10122.0,9,5,23809.0,10844.74,64314.0,8,83,72493.0,Y,10808.86,current,M,33,HIGH,5.2,1,466.0,1,17.0
414,8566,345006.0,14525.0,38221.57,3411.0,4197.0,3827.0,20499.0,57.0,65,4,8,25,80,75000,1,1,1.0,1,1982892.29,119831.0,2019.0,10455.0,22789.42,47512.0,16.0,3,31829.0,7931.34,50207.0,2,7,40338.0,22605.19,119672.25,62,10,3723.0,Y,4163.52,current,M,60,MEDIUM,32.0,7,809.0,1,6.0
415,7393,20310.0,1946.5,4677.0,7097.9,997.0,619.88,1821.0,531.0,8,52,8,44,20,42000,1,1,1.0,1,3638.25,76365.24,711.0,1332.0,53483.0,17014.91,42.0,33,26451.36,12144.0,25128.38,6,20,179003.0,45146.11,47289.0,19,124,20224.0,Y,60817.01,current,M,49,MEDIUM,11.600000000000001,6,394.0,1,15.0
416,132,306938.0,4180.09,3882.8,28724.4,1921.6,437.0,3488.1,1.0,5,87,52,1,54,150000,1,1,1.0,1,15079.5,85300.0,3000.0,20790.0,162846.28,65053.0,32.0,1,37514.0,26139.68,194126.0,2,81,63200.0,35819.0,65124.25,3,15,35190.0,Y,886.36,current,M,49,MEDIUM,17.400000000000002,8,233.0,0,4.0
417,15200,599.0,36794.84,10993.0,11858.0,1297.84,1378.86,3264.0,9.0,32,30,4,60,79,461000,1,1,1.0,1,506688.65,11897.0,73217.0,17397.0,27805.39,25245.0,10.0,3,65177.0,89353.2,12103.0,3,25,70086.0,18847.0,30915.0,7,11,38853.0,Y,16220.84,current,M,42,MEDIUM,2.2,7,511.0,1,9.0
418,9579,345135.0,1625.79,8894.43,5253.84,2133.79,15647.65,23865.0,531.0,10,71,21,2,56,381000,1,1,1.0,1,291969.2,134890.0,38599.0,12415.0,67392.77,108215.38,10.0,1,52341.0,44399.0,82168.26,5,7,1415.0,9646.6,57582.88,5,12,45000.0,Y,2326.29,current,M,56,HIGH,7.2,8,956.0,1,8.0
419,6648,20084.0,7531.33,1132.0,17417.64,2512.18,34942.585,619.52,32.0,46,87,2,37,31,371000,1,1,1.0,1,111.4,262178.09,798.0,173.0,21941.6,275399.91,46.0,4,28265.0,47183.07,26312.0,5,35,99075.0,22805.0,188268.93,3,14,29211.0,Y,2003.68,current,F,32,LOW,8.4,9,656.0,1,3.0
420,4168,336642.0,7378.92,18434.63,20347.5,50934.0,4119.0,1758.42,7.0,23,14,1,38,1,453000,1,1,1.0,1,449.01,109000.0,13873.0,0.0,23672.76,260149.0,11.0,3,15195.0,126012.94,27098.0,7,69,32634.0,262969.5,3553.0,6,8,27801.0,Y,9723.67,current,M,31,MEDIUM,4.4,5,698.0,0,5.0
421,4010,19599.0,27567.17,6852.0,16529.54,873.0,2805.0,6621.46,15.0,3,89,3,3,42,19000,1,1,1.0,1,10535967.5,191000.0,8333.0,12299.0,10807.0,24808.0,18.0,9,20780.0,191666.58,18989.5,31,18,28836.0,17096.0,40067.0,5,14,50836.0,Y,1713.03,current,M,36,MEDIUM,16.0,1,395.0,0,18.0
422,388,142827.0,45873.22,15759.0,9601.21,4906.0,3670.46,4938.85,7.0,8,10,30,48,3,467000,1,1,1.0,1,107686.46,105000.0,678.0,5730.0,59278.73,29209.0,39.0,1,29573.0,26333.78,90460.0,1,50,11838.0,52846.14,19604.0,2,106,33303.0,Y,9970.54,current,F,44,MEDIUM,12.0,2,966.0,1,6.0
423,1823,14475.0,1061.0,56085.6,17112.0,2503.0,4616.0,4519.0,12.0,30,50,44,5,14,47000,1,1,1.0,1,6494.4,10701.0,20000.0,14509.0,80850.17,28871.0,55.0,1,22335.0,24793.5,106458.09,17,171,53866.0,24665.36,27272.0,11,103,88545.0,Y,3312.46,current,M,28,MEDIUM,1.6,3,643.0,0,3.0
424,19964,13300.0,5533.89,9354.65,16673.0,676.5,7692.0,6297.4,5.0,23,35,7,12,13,87000,1,1,1.0,1,138272.2,970000.0,6100.0,16455.0,68141.9,134114.0,46.0,15,63200.0,58217.8,62404.58,2,8,51585.0,21903.0,2834.0,13,50,30107.0,Y,2320.5,current,M,44,LOW,19.200000000000003,4,446.0,1,20.0
425,3900,4679.0,3614.6,1027.43,7090.01,819.0,27432.0,1394.0,3.0,1,6,50,3,68,161000,1,1,1.0,1,168.75,500358.79,3000.0,1411.0,3696.27,26554.0,7.0,2,111759.0,35979.44,1753.5,2,21,83711.0,61794.0,25205.0,94,7,114734.0,Y,24140.92,current,M,62,MEDIUM,21.0,10,883.0,1,7.0
426,4393,18904.0,16221.0,4389.0,6866.44,3179.0,8497.0,1264.0,6.0,18,47,44,1,56,13000,1,1,1.0,1,213557.15,506383.85,13873.0,2500.0,30456.75,21527.0,20.0,17,33241.63,19843.36,301116.04,1,108,46096.0,68282.25,10383.0,1,11,18284.0,Y,2929.23,current,M,34,LOW,7.0,6,713.0,1,12.0
427,7935,15078.0,62923.05,12880.0,7241.44,4942.05,4738.0,4938.85,44.0,34,84,22,2,7,25000,1,1,1.0,1,101891.25,3.0,694.0,6885.0,64796.38,17014.91,55.0,15,52393.0,138462.93,56324.0,1,50,23500.0,10734.0,15703.64,1,0,118.0,Y,1360.05,current,M,33,MEDIUM,1.3,4,385.0,1,18.0
428,966,10814.0,1590.74,20030.0,5444.78,122.0,16028.0,8057.05,8.0,3,6,60,4,44,19000,1,1,1.0,1,10008.0,242827.0,26241.0,4856.0,31606.0,10862.41,55.0,7,23760.0,137964.16,38536.0,6,7,36302.0,47859.85,22885.0,7,104,34138.0,Y,5227.97,current,M,53,MEDIUM,26.400000000000002,1,883.0,1,10.0
429,10571,13978.0,42209.8,2194.9,31526.77,12486.47,7068.0,6084.99,1.0,61,14,22,12,47,272000,1,1,1.0,1,99984.83,230000.0,3570.0,6885.0,18311.5,55116.88,42.0,3,51819.0,46136.53,79388.9,9,20,61622.0,72939.66,125378.0,4,58,19889.0,Y,32730.31,current,M,60,MEDIUM,24.0,6,623.0,1,7.0
430,1279,9626.0,6171.39,20378.0,1712.29,2354.0,1449.0,25623.0,14.0,13,23,2,1,6,124000,1,1,1.0,1,153410.0,330001.0,768.0,6613.0,76784.77,41727.0,11.0,30,29448.0,59833.0,21199.0,0,12,19976.0,38724.63,24243.5,18,63,14500.0,Y,12915.7,current,F,39,MEDIUM,13.3,10,314.0,1,19.0
431,1802,213491.0,13265.67,8851.0,16673.0,2965.6,14260.0,3771.34,6.0,1,50,1,7,54,533000,1,1,1.0,1,1424.5,19.39,711.0,1079.0,11214.71,281271.0,84.0,4,280861.0,87169.83,38802.0,9,27,53581.0,20394.41,23153.0,4,1,59950.0,Y,1815.67,saving,M,28,MEDIUM,4.800000000000001,3,805.0,0,19.0
432,15552,3370.0,11160.79,2031.0,4565.05,5647.0,2439.68,8123.0,4.0,10,7,20,6,6,27000,1,1,1.0,1,34635.25,87578.0,1446.0,2921.0,25855.92,43271.02,0.0,4,34537.0,57000.0,74145.0,4,49,66928.35,111446.75,75542.12,43,124,20859.0,Y,2829.86,current,M,28,MEDIUM,4.0,7,867.0,1,2.0
433,4256,10029.0,28653.0,2791.0,8749.52,3366.0,250717.62,11604.0,12.0,83,10,53,2,1,293000,1,1,1.0,1,472.0,861640.54,694.0,0.0,24150.48,77959.0,84.0,26,15180.0,28959.54,39531.0,1,9,63993.0,29509.61,1291.0,2,24,9666.0,Y,6813.47,current,M,51,MEDIUM,27.900000000000002,9,505.0,1,6.0
434,10261,6691.0,28542.14,2136.0,4974.58,1174.0,12377.69,1746.0,531.0,9,4,48,11,1,147000,1,1,1.0,1,4421274.0,64309.52,24094.0,6409.0,46724.43,129672.0,36.0,15,170000.0,155803.83,88688.0,6,21,123554.0,56729.45,330300.5,3,54,37750.49,Y,697.28,current,M,30,MEDIUM,6.0,8,424.0,0,14.0
435,17337,7782.0,21273.76,1309.0,9998.57,2512.0,16065.0,1841.35,12.0,84,27,21,25,2,326000,1,1,1.0,1,68640.0,130000.0,183999.0,-5715.49022999999,32742.22,103787.5,69.0,4,24556.0,16591.23,16374.74,3,20,45115.0,35787.88,75874.0,117,0,30107.0,Y,1040.65,current,M,32,MEDIUM,1.2000000000000002,10,249.0,1,4.0
436,5514,296503.0,653.5,6308.0,1708.92,10309.0,7385.705,2726.0,16.0,4,27,24,2,1,124000,1,1,1.0,1,115818.74,31033.0,5905.0,553.0,100420.81,74553.0,8.0,1,39935.0,258215.22,13465.92,5,13,21440.0,47289.25,54464.0,3,11,19011.0,Y,3014.81,saving,M,40,MEDIUM,18.0,7,623.0,0,17.0
437,18265,11288.0,4457.545,4045.99,2743.0,9272.15,25419.32,15959.0,12.0,13,27,45,5,7,293000,1,1,1.0,1,13849.4,429273.4,768.0,2921.0,35593.25,70280.0,9.0,2,42370.84,35328.01,110795.0,2,46,76304.0,77005.6,75928.72,11,38,1144.0,Y,27649.94,current,M,66,MEDIUM,9.200000000000001,4,771.0,1,8.0
438,10621,10457.0,8594.225,3840.0,2880.0,4037.5,3130.0,9092.0,8.0,3,4,8,5,3,518000,1,1,1.0,1,130319.0,347.19,57899.0,10210.0,163985.39,39664.88,46.0,3,20232.0,45875.76,75078.09,4,49,36398.0,25994.69,182897.06,49,63,25805.0,Y,1544.69,current,M,62,LOW,21.0,10,867.0,1,3.0
439,5153,37754.0,5571.0,6407.0,6176.36,8537.77,3059.0,8363.88,10.0,44,4,10,18,8,400000,1,1,1.0,1,48230.5,93.35,768.0,5340.0,47434.79,16157.0,103.0,1,21682.0,19068.72,30028.0,4,81,19821.0,336080.17,19998.0,117,101,34309.0,Y,640.49,current,M,34,MEDIUM,7.0,5,354.0,1,20.0
440,6064,32390.0,1923.52,10189.76,17464.98,182.0,6202.23,15620.69,531.0,34,1,8,16,34,268000,1,1,1.0,1,489773.55,106398.0,1515.0,0.0,37120.25,8836.0,5.0,4,12876.0,14701.9,20090.0,2,8,150000.0,91392.62,88736.0,7,1,26095.0,Y,7993.9,current,M,51,MEDIUM,15.5,2,713.0,1,18.0
441,12109,1022.0,6143.0,1049.0,20615.5,31395.0,5875.42,4544.0,531.0,32,35,6,15,5,152000,1,1,1.0,1,55700.0,95081.0,2214.0,-4612.00977,142.25,28871.0,9.0,2,2150.0,35641.97,27448.0,0,108,25555.0,95451.16,58864.0,4,50,3887.0,Y,2988.67,current,M,27,MEDIUM,1.4000000000000001,7,488.0,0,2.0
442,17232,73.0,6242.71,2588.0,2582.9,6092.0,5535.15,3053.0,26.0,11,61,2,31,2,83000,1,1,1.0,1,62217.0,470000.0,29542.0,0.0,120640.5,52233.9,62.0,2,59801.0,29417.07,35169.0,2,25,27875.0,1018172.01,33682.0,3,3,21779.0,Y,1431.6,current,F,44,MEDIUM,19.200000000000003,7,799.0,1,2.0
443,9653,2368.0,22858.42,446.0,1664.78,6176.52,4335.0,10044.0,66.0,2,23,22,25,16,27000,1,1,1.0,1,181073.75,794000.0,15756.0,2000.0,62634.27,46863.38,63.0,1,32009.0,20349.42,226218.5,9,81,5600.0,5269.0,34378.0,1,79,77220.0,Y,2149.43,current,M,46,MEDIUM,5.2,10,485.0,0,16.0
444,2823,717.0,18870.93,1337.0,6301.51,6089.0,12913.715,1409.1,8.0,42,9,1,3,98,326000,1,1,1.0,1,76780.0,6.0,28912.0,1465.0,297319.75,386.35,18.0,6,34651.0,43657.0,19399.0,2,12,21442.0,45669.28,296078.74,1,50,1912.0,Y,1889.22,current,F,32,HIGH,7.2,1,927.0,1,18.0
445,15366,1794.0,28854.16,14766.0,5320.52,5394.0,12290.0,1967.0,8.0,99,20,60,1,2,507000,1,1,1.0,1,94493.75,440000.0,12500.0,1444.0,11157.25,28216.24,46.0,1,42838.0,42822.79,92771.01,4,5,7732.0,70628.44,4019.0,2,113,36915.0,Y,4292.22,current,M,42,MEDIUM,22.0,4,818.0,0,20.0
446,7164,16359.0,4060.13,18740.0,82558.21,1155.57,1310.0,2075.57,6.0,46,13,24,27,75,104000,1,1,1.0,1,33664.3,148150.33,230000.0,-4679.0,2832.01,23177.91,63.0,6,34886.77,29370.61,198877.0,50,67,41743.0,42470.0,30285.0,2,104,18061.0,Y,2892.27,current,M,33,MEDIUM,2.6,1,623.0,0,16.0
447,16274,33552.0,6709.0,8231.19,3111.93,5898.68,15931.6,3264.0,7.0,23,35,1,24,47,290000,1,1,1.0,1,81284.7,16000.0,5540.0,-5439.0,208071.23,62173.0,16.0,23,106650.0,28200.75,121269.0,3,69,510.0,288051.25,125385.0,14,2,26568.0,Y,9434.34,current,M,49,MEDIUM,8.700000000000001,7,883.0,1,16.0
448,8859,4006.0,675.0,3033.6,4974.58,9210.51,1561.505,574.59,53.0,65,6,24,18,13,293000,1,1,1.0,1,11827.75,20500.0,4000.0,3897.0,20870.0,75820.5,40.0,0,43424.0,121250.4,762640.73,1,69,21407.0,74084.41,38044.0,94,73,428.0,Y,4430.1,current,M,40,MEDIUM,2.0,1,748.0,1,9.0
449,13540,17635.0,2188.99,4086.0,14171.875,1897.0,2091.0,891.0,4.0,10,10,44,7,2,383000,1,1,1.0,1,47936.43,295150.9,694.0,6441.0,90560.1,36674.0,42.0,14,1260.0,32281.52,375913.98,1,171,27116.0,37110.38,15515.0,3,58,94334.0,Y,150845.07,current,M,34,LOW,5.6000000000000005,7,812.0,1,16.0
450,11156,12273.0,3658.17,3444.37,2429.0,2935.0,20818.27,2860.5,5.0,99,47,48,15,42,155000,1,1,1.0,1,120781.35,197800.0,130000.0,-4679.0,38120.17,29052.0,46.0,13,10837.0,58524.75,933406.87,35,1,200000.0,52805.0,21495.0,12,9,17320.0,Y,35913.65,current,M,47,MEDIUM,2.7,7,801.0,1,15.0
451,5512,9771.0,1296.84,3803.0,5996.0,856.0,934.0,5762.0,5.0,71,30,6,1,58,47000,1,1,1.0,1,76122.87,21577.06,550.0,-5715.49022999999,18876.91,37986.0,5.0,4,23370.0,21877.5,51687.0,5,25,17087.36,125025.39,103560.56,13,100,68409.0,Y,365.09,current,M,35,HIGH,10.5,9,658.0,1,9.0
452,10980,7857.0,3056.0,2508.0,2000.3,10045.0,9430.0,612.4,92.0,99,14,7,2,36,408000,1,1,1.0,1,6100.0,267421.4,67696.0,2337.0,291121.01,26955.41,46.0,2,561693.0,16013.71,40254.0,1,23,25603.0,27088.75,22436.0,4,24,5309.0,Y,15985.05,current,M,37,LOW,15.3,8,723.0,0,13.0
453,13463,7200.0,3513.81,46980.1,29833.79,732.98,2243.775,533.0,2.0,2,47,3,1,5,579000,1,1,1.0,1,199690.5,76365.24,768.0,0.0,90430.8,5545.0,46.0,4,49248.0,26809.98,23854.0,5,8,22759.0,55567.64,118768.0,13,106,30581.75,Y,2882.85,current,M,33,LOW,7.800000000000001,4,464.0,0,20.0
454,19305,4326.0,72486.59,6042.01,6230.22,4503.0,4109.0,1706.32,6.0,2,35,2,1,1,329000,1,1,1.0,1,4322.5,132324.01,43798.0,-3625.0,47625.84,518572.86,18.0,9,37123.0,60897.0,23990.0,6,50,61029.0,263755.26,39547.0,4,83,1340.0,Y,19200.43,saving,M,61,LOW,8.200000000000001,10,535.0,1,14.0
455,1942,7778.0,1452.0,2160.0,16025.5,3808.0,2110.0,313.0,14.0,2,67,1,2,1,375000,1,1,1.0,1,13732.93,60040.0,49975.0,5340.0,8730.25,65124.81,22.0,33,40657.0,178342.83,124910.86,1,20,16839.0,29298.22,23043.0,39,58,61017.0,Y,1018.56,current,M,33,MEDIUM,7.800000000000001,8,968.0,1,8.0
456,18272,2919.0,10317.2,4793.41,9773.09,2798.82,6507.0,3903.0,531.0,99,46,2,2,80,369000,1,1,1.0,1,42460.6091,610000.0,8333.0,2921.0,231719.2,143130.0,40.0,2,23029.0,99130.86,110488.74,0,84,2951.0,35361.09,154165.0,13,101,20229.0,Y,25263.16,current,M,64,MEDIUM,22.0,1,743.0,0,19.0
457,16869,15751.0,5320.3,3056.0,2263.04,6443.48,2641.85,981.0,10.0,99,48,1,1,55,298000,1,1,1.0,1,47.45,393201.39,230000.0,20513.0,226414.35,29174.0,39.0,31,22331.0,140510.85,55691.3,24,13,51710.0,109550.42,72754.0,8,10,29601.0,Y,12546.12,current,M,47,LOW,18.900000000000002,4,394.0,1,17.0
458,14372,9795.0,5160.69,4815.0,7511.0,6578.1,8480.0,80.37,32.0,26,30,1,3,1,403000,1,1,1.0,1,186189.0,76365.24,57899.0,977.0,17313.12,18025.0,12.0,4,6457.0,3142.29,35889.0,31,20,47131.0,117233.17,37384.0,11,12,18298.0,Y,5541.9,current,M,66,MEDIUM,32.2,5,512.0,1,17.0
459,42,17726.0,9695.0,3999.0,4266.69,2715.4,9478.68,5300.0,26.0,2,110,4,44,47,381000,1,1,1.0,1,61186.36,108486.0,4812.0,12965.0,85450.01,1054.0,11.0,1,110360.0,28378.06,17032.0,2,63,30098.0,227.0,36949.0,10,18,239.0,Y,11710.23,current,M,58,LOW,38.0,10,858.0,1,13.0
460,6199,13616.0,10595.03,462.0,841.0,24202.62,6096.95,9147.88,1.0,3,3,2,63,16,143000,1,1,1.0,1,19.95,60000.0,33330.0,-6301.0,29702.42,20076.0,11.0,9,59069.0,22049.39,220635.0,45,20,94850.0,86557.72,25290.0,7,106,28920.94,Y,6146.75,current,M,221,MEDIUM,100.5,10,575.0,1,20.0
461,12429,19265.0,57505.0,24837.02,17022.44,9541.0,21851.0,1476.0,531.0,22,6,1,31,11,150000,1,1,1.0,1,5045.13,382191.0,2214.0,977.0,62799.54,201664.0,46.0,6,27982.0,37588.1,45512.0,2,42,20337.0,59809.5,32532.5,4,54,108927.0,Y,77.69,current,M,34,MEDIUM,8.4,3,245.0,0,16.0
462,11215,8687.0,12514.29,9201.0,22717.23,4010.0,5734.0,3389.0,2.0,23,38,1,2,5,340000,1,1,1.0,1,566914.0,98110.0,300500.0,-6281.37987999999,42132.07,12968.0,42.0,0,14874.0,20288.63,18777.0,4,49,25228.0,63448.64,141030.0,62,38,3177897.0,Y,16097.53,current,M,33,MEDIUM,6.5,7,296.0,1,19.0
463,19563,14362.0,5906.0,7815.0,966.02,2115.05,36233.0,13989.0,4.0,23,16,8,5,17,147000,1,1,1.0,1,127004.3,794000.0,33774.0,5730.0,75480.12,252.0,16.0,1,15958.0,72880.3,173.5,5,21,87100.0,340.0,752.0,117,21,180827.0,Y,520.15,current,M,47,LOW,8.1,7,805.0,1,15.0
464,14881,20177.0,5141.51,1279.0,50862.25,151.01,20775.0,801.0,100.0,26,47,44,7,37,256000,1,1,1.0,1,37916.0,399.09,25000.0,-5715.49022999999,149.25,4032.0,46.0,1,39907.0,187.86,26720.0,43,75,31779.0,8106.48,33311.0,12,72,102043.0,Y,1332.67,current,M,120,MEDIUM,20.0,3,370.0,1,5.0
465,543,2702.0,4911.255,1042.0,7364.93,13997.0,21007.655,8305.0,1.0,47,2,30,1,42,114000,1,1,1.0,1,111.0,42723.0,34550.0,1465.0,165986.22,121904.75,5.0,1,79620.93,7808.0,23106.0,1,1,82.91,61816.0,109480.0,3,67,470.0,Y,1376.39,current,M,66,HIGH,41.400000000000006,9,883.0,0,3.0
466,3773,17694.0,3764.2,4827.0,5253.67,20625.0,5535.15,4087.0,100.0,29,89,24,1,68,26000,1,1,1.0,1,970271.35,6574.31,30000.0,-12179.0,27308.13,37226.0,8.0,36,24004.0,282693.12,67793.26,31,23,2018.0,56581.0,764.0,6,7,28601.0,Y,6762.11,current,M,55,MEDIUM,21.0,2,805.0,1,6.0
467,8091,1924.0,54511.53,2693.0,12906.85,5225.5,40767.0,4893.0,1.0,18,72,1,3,1,184000,1,1,1.0,1,233727.15,484729.69,2644.0,12415.0,194543.51,75853.0,11.0,7,73765.5,29983.47,104195.36,6,25,20382.0,63789.53,11263.0,9,8,20065.0,Y,18101.41,current,M,33,MEDIUM,7.800000000000001,9,858.0,1,13.0
468,7826,8950.0,23284.54,10190.9,40088.03,10397.78,5643.0,22244.0,14.0,10,35,1,9,2,167000,1,1,1.0,1,8758.2,165970.9,33774.0,0.0,44855.08,4032.0,2.0,33,24840.12,57000.0,70249.3,2,2,13766.0,62368.76,129978.0,22,36,28882.0,Y,3888.42,current,M,31,MEDIUM,6.6000000000000005,4,233.0,1,20.0
469,18070,1148.0,5678.87,4239.0,26173.33,17332.82,8374.23,423.02,12.0,1,105,7,6,44,136000,1,1,1.0,1,196885.0,143000.0,2156.0,5340.0,28515.0,136124.0,11.0,35,20442.0,30042.04,47663.0,1,108,30440.0,32255.98,303750.98,9,1,24905.0,Y,34054.9,current,M,55,MEDIUM,24.5,4,516.0,1,11.0
470,6694,139958.0,22085.7,4381.31,25582.88,431.0,5712.56,1300.0,5.0,3,35,4,3,22,490000,1,1,1.0,1,81872.65,95081.0,908.0,20324.0,70551.41,20729.0,70.0,4,31839.0,77083.49,58895.0,1,63,19247.0,308.0,13201.0,36,76,35241.0,Y,2406.72,current,M,28,MEDIUM,2.4000000000000004,9,355.0,1,13.0
471,3136,20386.0,6196.66,8894.43,30203.12,448.0,6131.945,722.74,20.0,128,74,20,44,1,378000,1,1,1.0,1,168265.55,71944.5,24094.0,-12179.0,36541.25,40165.0,36.0,0,57268.0,36981.25,524360.0,1,28,16878.0,64544.17,91090.5,3,104,40305.0,Y,13098.46,current,F,118,LOW,49.0,7,595.0,1,7.0
472,4382,3790.0,3133.15,4227.0,6063.05,14548.0,14141.0,616.4,26.0,30,72,2,2,13,141000,1,1,1.0,1,223000.0,16671.0,15756.0,19453.0,142457.45,53212.0,11.0,1,33878.0,142539.56,13300.0,4,81,32847.26,34402.87,479.25,1,79,26273.0,Y,220.56,current,M,25,HIGH,1.5,5,614.0,1,16.0
473,2198,9024.0,4012.065,5415.0,19704.22,4504.87,1204.0,191.0,8.0,65,10,18,1,41,524000,1,1,1.0,1,250631.8,57345.0,11379.0,1465.0,28579.12,39294.0,52.0,0,6481.0,38815.39,64208.0,6,70,86644.0,32653.62,18222.95,2,42,39405.0,Y,6104.83,current,M,53,LOW,13.200000000000001,6,626.0,0,13.0
474,1931,17029.0,14262.48,2561.0,34735.0,1892.0,44435.0,4947.95,26.0,9,9,25,3,79,102000,1,1,1.0,1,151606.65,64491.0,4367.0,5730.0,25256.21,3193.0,42.0,4,5600.0,179494.1,40810.0,4,12,47226.0,122754.54,170471.0,9,36,61071.0,Y,7805.45,current,M,38,LOW,7.2,7,445.0,0,20.0
475,13548,303115.0,80838.0,3554.4,1735.74,5961.0,32011.5,467.0,33.0,9,35,2,4,1,302000,1,1,1.0,1,61761.4,30453.0,15654.0,35346.0,20176.45,41078.0,63.0,4,26072.0,35871.58,98067.24,47,20,50237.0,28800.5,59694.0,12,18,15267.0,Y,8463.59,current,M,28,MEDIUM,8.0,4,270.0,1,20.0
476,8337,1549.0,45996.41,10852.0,39780.1,6847.0,7263.0,5309.09,63.0,65,2,5,2,13,104000,1,1,1.0,1,2.13,107692.0,51520.0,-4664.0,11008.0,45545.0,4.0,0,40139.0,52909.2,290650.0,2,171,109619.0,39634.81,21511.58,7,13,106539.0,Y,168.83,current,M,62,MEDIUM,29.400000000000002,5,300.0,0,15.0
477,16217,19335.0,22666.44,12202.0,34594.95,14081.12,506.0,3296.99,24.0,30,84,3,56,68,303000,1,1,1.0,1,238733.0,11982.0,30071.0,1500.0,103494.54,116652.0,11.0,19,14320.0,29437.8,36891.0,43,63,38204.0,245477.57,269339.0,13,24,541355.0,Y,4061.12,current,M,35,MEDIUM,4.5,5,535.0,1,20.0
478,5597,14964.0,44987.97,1709.0,3941.0,1921.6,15238.92,2829.0,124.0,18,8,6,31,8,150000,1,1,1.0,1,19265.4,194099.3,26241.0,0.0,28411.08,37092.0,16.0,1,28742.0,4872.66,28298.0,9,23,14394.0,29450.99,65359.29,94,21,24813.0,Y,34167.43,saving,M,53,MEDIUM,9.9,7,366.0,1,9.0
479,5669,14793.0,41757.0,15838.0,25059.59,2603.0,3696.0,12625.0,10.0,8,47,24,2,98,193730,1,1,1.0,1,1674.4,6.0,11379.0,4856.0,42822.97,302290.0,55.0,26,17354.0,9636.55,315338.61,6,14,95362.0,15039.18,65529.0,3,13,35241.0,Y,12780.44,current,M,53,HIGH,19.8,10,324.0,1,20.0
480,16229,19979.0,22391.97,3944.0,55967.33,7733.52,1329.56,704.0,4.0,36,49,4,25,8,53000,1,1,1.0,1,146931.8,229809.2,936.0,1332.0,33322.63,60273.0,11.0,4,29394.26,244801.25,24788.62,7,70,54405.0,142579.63,60029.0,12,0,22347.0,Y,2167.27,current,M,40,MEDIUM,14.0,6,508.0,1,2.0
481,17013,19569.0,9036.26,3486.0,191130.42,2630.0,12929.0,9089.0,9.0,71,27,60,4,11,202500,1,1,1.0,1,6440.0,335948.0,130000.0,20324.0,48962.04,34904.0,46.0,0,2277.89,11175.5,17114.0,9,67,38500.0,18578.0,108945.0,3,32,30468.0,Y,5853.96,current,M,66,MEDIUM,9.200000000000001,1,488.0,1,9.0
482,9925,6847.0,12351.5,1078.0,1023.0,164.0,21473.0,13319.0,16.0,18,74,20,3,3,75000,1,1,1.0,1,161704.0,138475.4,496948.0,6885.0,74806.62,181209.0,69.0,6,40270.0,139816.04,782321.0,1,28,14278.0,151747.39,32648.1,6,68,30172.0,Y,3943.97,saving,M,47,MEDIUM,21.6,10,700.0,1,6.0
483,4396,12365.0,6726.39,10140.5,35300.38,1013.83,1426.3,3323.0,44.0,11,38,42,6,20,408000,1,1,1.0,1,241.65,191000.0,2644.0,1411.0,39879.5,39136.0,18.0,7,11446.05,95901.34,71580.0,1,171,24986.0,28126.76,201495.0,40,50,38294.0,Y,2894.09,current,M,51,MEDIUM,27.900000000000002,1,710.0,1,4.0
484,17662,10476.0,7575.0,3370.64,66291.78,1897.0,21898.84,17167.0,10.0,13,32,60,2,54,520000,1,1,1.0,1,33784.35,161648.0,16215.0,-12179.0,32109.04,58072.0,3.0,1,192836.0,66427.74,20097.0,43,7,83255.0,30131.79,163030.0,21,7,22265.0,Y,12134.77,current,F,32,MEDIUM,2.4000000000000004,1,249.0,1,7.0
485,9189,15278.0,22183.25,5489.44,14182.0,11025.0,2245.0,7945.2,4.0,26,17,47,31,44,263000,1,1,1.0,1,4120.0,295150.9,48950.0,-7652.0,28351.26,18021.0,7.0,2,9200.0,27267.55,7034.0,4,63,118196.0,33673.49,47386.0,21,21,15002.0,Y,4037.92,current,M,62,MEDIUM,4.2,5,656.0,1,15.0
486,4076,2200.0,82323.14,6972.0,14420.34,288.0,14756.0,93094.0,7.0,3,27,4,14,34,150000,1,1,1.0,1,26360.0,87578.0,78309.0,5439.0,33098.5,100035.0,11.0,0,51772.0,45910.55,23958.0,1,7,62780.0,11705.0,35793.0,4,58,15225.0,Y,1133.94,current,F,47,LOW,13.5,8,693.0,0,7.0
487,9170,14063.0,1932.73,519.0,6350.25,1713.0,438.0,37001.45,24.0,2,4,22,8,47,150000,1,1,1.0,1,8209320.0,992890.32,8060.0,6916.0,25631.32,58043.0,40.0,2,47712.0,16500.0,34750.0,3,81,61302.87,9084.81,61006.29,1,12,23900.0,Y,3450.83,saving,M,47,MEDIUM,8.1,9,525.0,0,5.0
488,6803,14674.0,1870.84,17586.44,13418.71,4257.0,52807.37,813.59,2.0,36,1,1,6,2,371000,1,1,1.0,1,41441.27,195506.79,90525.0,-3506.17993,142487.0,125983.12,11.0,30,2082.0,57920.36,7782.0,43,108,43406.0,147067.05,58357.0,2,11,24618.0,Y,1072.58,current,M,40,MEDIUM,4.0,10,249.0,1,15.0
489,16569,24063.0,5669.0,4818.0,6858.53,7610.0,6101.0,2075.57,57.0,4,135,1,1,1,523000,1,1,1.0,1,45463.0,464261.6,492.0,0.0,5768.27,76246.0,42.0,26,38950.0,25958.66,102344.5,43,50,65832.0,21230.31,31461.92,36,1,52800.0,Y,3379.67,current,M,60,MEDIUM,24.0,9,753.0,1,20.0
490,18506,19738.0,11807.0,875.0,10924.08,17318.47,6190.0,8393.0,15.0,10,10,8,7,22,378000,1,1,1.0,1,1053411.2,10903.0,22000.0,3735.0,27223.83,102751.4,3.0,3,93048.0,6100.0,30109.0,3,46,22145.0,49965.36,71038.0,7,22,32758.0,Y,14299.53,current,M,33,LOW,13.0,9,653.0,1,6.0
491,7446,599.0,2609.08,1147.39,1063.52,690.48,11630.845,2532.0,101.0,22,74,24,6,11,100000,1,1,1.0,1,291969.2,53749.0,908.0,-5439.0,55734.36,62637.0,77.0,26,17668.0,129356.43,114696.0,2,12,11500.0,233986.35,15671.0,1,12,21579.98,Y,10870.72,current,M,44,MEDIUM,24.0,6,330.0,1,8.0
492,2219,15525.0,12968.0,2948.84,7385.0,2116.0,29163.94,4784.32,19.0,2,67,1,2,70,68250,1,1,1.0,1,27324.0,17000.0,16004.0,5464.0,131506.83,25278.0,24.0,19,37500.0,52186.78,37331.5,10,42,17429.0,25855.09,66923.0,8,83,22733.0,Y,7242.44,current,M,40,LOW,2.0,3,249.0,1,2.0
493,15419,5523.0,4911.24,5822.0,359.0,1754.0,747.6,2678.0,5.0,2,4,1,3,56,190000,1,1,1.0,1,360978.37,93.35,1036.0,5773.0,164.75,26564.0,43.0,31,9126.0,30480.3,2091.0,1,5,50611.0,22241.03,19363.07,117,49,28159.0,Y,10245.86,current,M,63,MEDIUM,43.0,1,937.0,1,16.0
494,8522,18103.0,4362.08,5474.14,30569.31,4887.0,6853.0,1511.3,6.0,601,50,2,21,98,369000,1,1,1.0,1,41361.3,409808.0,16114.0,8572.0,3084.56,39724.0,7.0,4,47937.0,41170.15,77295.0,31,82,20689.0,67568.26,85443.0,117,28,11598.0,Y,6011.95,current,M,37,MEDIUM,1.7000000000000002,7,887.0,1,14.0
495,13854,6638.0,7431.86,5821.0,513.0,3110.54,13554.0,7787.0,1.0,15,7,44,1,5,224000,1,1,1.0,1,40822.5,6.0,3000.0,2921.0,68453.08,599774.0,5.0,4,135601.0,104908.33,18993.0,4,27,70152.0,18041.64,63771.0,21,80,860.0,Y,2992.9,current,M,44,MEDIUM,21.6,10,908.0,1,16.0
496,9988,14330.0,9022.67,573.0,3517.84,17545.46,5832.04,2890.0,4.0,128,71,1,51,47,98000,1,1,1.0,1,20049.0,194099.3,938.0,4314.0,86882.12,33967.0,43.0,0,35926.0,107851.72,60813.0,43,11,409325.0,19526.96,81119.5,21,42,27911.0,Y,2809.96,current,M,120,MEDIUM,10.0,6,748.0,0,20.0
497,188,6832.0,5687.78,2453.0,2036.0,12875.0,4334.0,428.52,124.0,56,44,2,24,6,127500,1,1,1.0,1,825.0,143000.0,2841.0,5350.0,29320.03,149837.0,94.0,4,13475.0,9595.7,80123.0,1,82,31482.0,12614.53,749.57,8,58,19673.0,Y,1592.35,current,M,30,MEDIUM,5.0,5,516.0,1,17.0
498,5221,15353.0,1833.6,3604.0,29123.11,31395.0,14312.0,2204.0,5.0,5,44,4,9,79,450000,1,1,1.0,1,4140.0,482147.0,8764.0,-5998.43994,24133.67,41985.0,4.0,33,29329.0,29673.63,94042.0,47,13,143880.0,150505.12,157981.0,36,12,174.0,Y,381.23,current,M,32,MEDIUM,9.600000000000001,4,743.0,1,13.0
499,16310,14038.0,2052.74,82275.0,37902.7,1773.0,7184.495,1062.0,92.0,14,13,1,12,9,576000,1,1,1.0,1,67833.35,360000.0,2644.0,1931.0,73579.74,27728.41,11.0,3,16532.0,48991.52,68244.0,1,82,31571.0,146882.51,13850.0,21,38,16190.0,Y,1190.41,saving,M,42,MEDIUM,11.0,5,523.0,1,13.0
500,650,15226.0,7675.76,2966.0,9471.0,8741.3,5772.6,1634.0,29.0,77,71,4,4,17,378000,1,1,1.0,1,3950.0,104000.0,12000.0,10455.0,92954.13,109180.0,24.0,2,52612.0,265755.0,104577.0,5,105,45991.0,34900.4,21671.0,49,54,501.0,Y,667.73,current,M,50,MEDIUM,18.0,5,594.0,1,9.0
501,10341,15399.0,2126.26,14361.0,16229.0,1903.6,3581.6,1756.68,50.0,99,50,18,14,47,337000,1,1,1.0,1,4230125.0,88482.8,49975.0,-4679.0,25345.28,149202.09,69.0,1,66433.0,657865.99,45632.19,4,81,41862.0,7755.93,17229.0,9,83,56800.0,Y,6845.52,current,M,40,MEDIUM,4.0,8,247.0,1,17.0
502,3996,363.0,24201.92,986.0,37673.54,1688.64,8391.28,5762.0,10.0,22,13,48,71,41,190000,1,1,1.0,1,15279.79,88482.8,27809.0,12415.0,45313.25,231896.5,46.0,3,13200.0,33528.45,20353.0,4,75,24827.91,85299.08,52887.79,47,32,536.0,Y,8200.0,current,M,33,MEDIUM,13.0,8,614.0,1,16.0
503,9078,7047.0,9570.5,4239.0,43130.18,464.0,21368.875,10529.0,4.0,77,50,2,3,1,11000,1,1,1.0,1,213557.15,15036.0,13873.0,4063.0,65810.21,41864.0,55.0,1,49050.0,110626.42,36863.0,1,108,71533.0,22474.75,165567.95,3,36,28257.0,Y,9752.51,current,F,47,MEDIUM,13.5,5,536.0,1,4.0
504,9638,138788.0,4811.87,3831.0,3615.0,5390.0,3608.0,2217.0,6.0,3,64,5,4,1,267000,1,1,1.0,1,544500.0,1475000.0,2644.0,1014.0,778.5,102026.91,69.0,1,22401.0,28591.75,43221.0,43,5,21028.0,54051.74,56991.0,2,63,23566.0,Y,7125.81,current,F,32,MEDIUM,10.8,2,623.0,0,17.0
505,19181,11072.0,30820.59,5628.21,67928.56,1010.04,506.42,8635.0,1.0,66,29,41,6,10,480000,1,1,1.0,1,15961.9,9866.01,550.0,1411.0,1235234.0,155394.0,57.0,7,29140.0,93381.32,61039.0,2,12,20926.0,162952.97,112766.0,5,113,30093.0,Y,2283.68,current,M,66,MEDIUM,9.200000000000001,1,355.0,0,20.0
506,5790,402927.0,20227.93,505.0,3825.81,2126.0,17260.405,62973.2,6.0,18,64,57,2,11,461000,1,1,1.0,1,15939.83,98110.0,300000.0,5730.0,17049.28,88082.95,42.0,13,51455.0,59824.57,69844.0,6,11,33881.0,227929.0,53908.0,8,83,22895.0,Y,3916.55,current,F,66,LOW,4.6000000000000005,7,805.0,1,14.0
507,10382,20384.0,5939.52,469.36,16252.92,2770.86,10245.61,3779.67,60.0,23,44,8,5,75,147000,1,1,1.0,1,720551.4,185097.6,500718.0,3897.0,15850.0,152525.0,69.0,2,43937.0,28082.81,19079.0,6,81,17063.0,39993.0,39547.0,117,79,57951.0,Y,37319.13,current,M,33,MEDIUM,13.0,6,887.0,0,7.0
508,15822,2065.0,23573.0,948.74,6331.0,1232.6,22865.85,1216.0,7.0,43,70,10,4,3,336000,1,1,1.0,1,89908.8,165916.18,16114.0,277.0,32112.87,71441.0,10.0,36,18243.0,11277.0,21734.0,6,20,37166.0,48913.12,60820.0,43,113,15141.0,Y,3943.97,current,M,29,MEDIUM,7.2,10,505.0,1,14.0
509,16839,2857.0,19696.83,1780.5,17568.0,18254.0,16159.02,10036.0,44.0,18,67,20,1,1,371000,1,1,1.0,1,99984.83,88482.8,10271.0,1500.0,403931.45,42743.0,46.0,4,37076.0,97004.88,51927.0,4,70,17508.0,172218.26,635.0,5,1,35053.0,Y,253.59,current,M,42,MEDIUM,11.0,6,836.0,0,19.0
510,7184,15531.0,1202.0,8243.4,79323.3,7340.0,1626.0,397.88,19.0,84,29,52,2,11,164000,1,1,1.0,1,123295.4,78050.0,610000.0,20324.0,189173.97,105183.0,0.0,26,53955.0,44914.57,219621.0,3,82,8450.0,63343.25,34613.89,2,124,586100.0,Y,3235.61,current,M,53,HIGH,13.200000000000001,7,536.0,1,11.0
511,6590,142891.0,6611.85,1548.0,7648.52,16205.74,11102.36,8656.0,25.0,8,84,24,2,3,402000,1,1,1.0,1,1207.5,60481.0,28985.0,-3506.17993,124647.9,37405.8,52.0,19,103278.0,45359.75,112405.0,1,18,117588.0,144667.07,421094.2,4,12,22895.0,Y,82.48,current,M,30,MEDIUM,8.0,8,723.0,1,2.0
512,17879,12488.0,17971.0,6170.82,8416.27,3637.0,10623.255,1485.0,16.0,10,50,1,3,3,518000,1,1,1.0,1,4230125.0,39833.19,4458.0,1332.0,19609.51,70337.87,2.0,0,32135.0,37503.4,32813.0,3,20,48488.0,112551.25,60285.5,3,50,22665.0,Y,356.15,current,M,56,LOW,14.4,4,516.0,1,16.0
513,352,13690.0,2698.0,13841.05,6309.69,7695.0,5375.0,8189.0,136.0,23,74,57,2,47,232000,1,1,1.0,1,291969.2,194099.3,24619.0,14509.0,236132.08,47394.0,10.0,4,12075.0,73983.94,17193.05,2,9,77619.0,18098.47,67057.0,117,1,16241.0,Y,169.0,current,M,35,HIGH,13.5,10,464.0,1,17.0
514,4210,986.0,4794.0,355.0,7928.9,8840.2,20679.0,108319.0,43.0,2,64,1,60,54,139000,1,1,1.0,1,84.65,104000.0,33330.0,5773.0,1053.25,41350.0,12.0,7,22187.0,41204.71,37123.0,1,8,25514.0,2338.7,40355.0,9,3,43627.0,Y,1062.02,current,M,42,MEDIUM,2.2,2,653.0,0,3.0
515,12669,6633.0,4082.1,6007.79,12373.28,3151.0,7671.0,745.0,531.0,66,6,2,6,4,53000,1,1,1.0,1,13849.4,24000.0,768.0,-4612.00977,28400.62,97941.07,46.0,17,131499.0,15476.01,103411.88,70,20,213000.0,41420.0,137960.0,94,65,32310.0,Y,686539.12,current,M,34,LOW,12.600000000000001,8,245.0,1,15.0
516,5186,4081.0,10643.0,5413.02,6754.0,8017.0,7057.135,6719.85,12.0,30,19,18,9,3,172000,1,1,1.0,1,803155.7,2200000.0,3975.0,0.0,156793.0,93088.0,7.0,3,43961.0,44281.59,24424.0,50,12,37376.0,21369.46,39119.0,47,6,65728.0,Y,207.91,current,M,66,MEDIUM,23.0,6,507.0,1,10.0
517,3103,1179.0,1112.0,4359.35,24009.14,20056.0,323.74,4925.0,5.0,10,84,4,23,1,204000,1,1,1.0,1,690857.42,330001.0,19176.0,0.0,20555.19,143444.0,63.0,0,22184.0,29407.0,15079.0,70,67,109767.0,11182.14,19604.0,2,2,115000.0,Y,24040.56,saving,M,60,MEDIUM,28.0,8,708.0,0,10.0
518,267,3086.0,2771.65,321.23,11475.25,812.0,3681.0,1315.0,44.0,5,3,1,17,11,525000,1,1,1.0,1,593.2,12257.0,9570.0,7478.0,16449.0,70316.5,32.0,2,57723.0,142739.77,225131.0,1,25,16345.0,272286.65,49015.0,9,42,44668.0,Y,43172.66,current,M,56,MEDIUM,36.0,5,324.0,0,4.0
519,10386,11077.0,18399.41,2758.84,2836.0,6204.0,9143.0,1016.0,60.0,10,90,11,16,39,86000,1,1,1.0,1,32951.25,375000.0,641.0,1500.0,68911.86,56046.92,52.0,4,101653.0,34630.29,98808.0,0,8,510242.0,40558.0,37523.0,4,36,20904.0,Y,15199.51,current,M,27,LOW,5.6000000000000005,10,814.0,1,16.0
520,15522,9348.0,25170.0,836.0,17546.0,8987.96,11353.0,1422.0,60.0,36,46,8,18,80,520000,1,1,1.0,1,46451.38,76365.24,583.0,3735.0,6708.05,87697.58,11.0,2,91381.0,67393.25,27838.0,1,82,114263.22,84306.39,36608.93,2,58,148547.0,Y,4162.37,saving,M,53,LOW,13.200000000000001,9,324.0,0,20.0
521,18875,15221.0,1012.0,1745.4,1890.99,1165.0,4281.0,11275.0,6.0,22,27,4,27,1,272000,1,1,1.0,1,12869465.0,227697.61,22000.0,1411.0,22701.7,34039.0,103.0,1,32978.0,11114.0,48199.0,6,44,198000.0,72614.47,101094.0,8,24,41975.0,Y,6599.76,current,M,33,MEDIUM,1.3,5,299.0,1,11.0
522,5546,18821.0,38698.0,16883.84,2651.0,10282.57,20417.155,4446.0,26.0,77,4,24,9,68,216000,1,1,1.0,1,1664.4,1475000.0,583.0,8723.0,2045.0,219153.0,18.0,36,20800.0,10880.0,19566.0,45,36,28923.0,178946.67,23212.06,2,1,44558.0,Y,843.3,current,M,35,MEDIUM,4.5,3,488.0,1,18.0
523,17721,10083.0,9819.63,9277.44,1343.0,11155.0,18570.0,3922.0,6.0,3,2,3,16,10,330000,1,1,1.0,1,1900.0,162423.0,24094.0,167.0,32581.96,28216.24,16.0,2,20990.0,55884.11,15034.0,19,17,15640.0,62019.57,6643.0,14,12,392434.0,Y,18175.75,current,M,55,MEDIUM,10.5,7,247.0,1,13.0
524,2374,9576.0,14644.43,20562.68,3131.88,74007.0,9413.42,2028.0,2.0,9,89,5,25,55,307000,1,1,1.0,1,105453.65,52985.43,111825.0,0.0,137731.5,67446.0,32.0,3,34383.0,241779.49,33572.5,70,11,23120.0,111929.33,790.0,11,83,23986.7,Y,16545.28,current,M,37,MEDIUM,17.0,1,653.0,0,5.0
525,801,17553.0,2794.0,14621.55,18765.11,248.9,75189.0,1563.0,531.0,14,1,50,3,30,26000,1,1,1.0,1,54860.05,18000.0,1611.0,2500.0,30827.81,127607.0,4.0,3,52831.0,70774.69,61086.91,3,6,66267.0,36045.38,32965.0,7,18,27446.0,Y,13360.05,current,M,56,MEDIUM,10.8,6,686.0,1,7.0
526,8506,1619.0,11563.0,15858.0,24250.7,3182.0,11686.48,1980.0,19.0,1,64,8,3,81,429000,1,1,1.0,1,154363.25,68663.61,2644.0,-12179.0,127.36,25268.0,62.0,4,14375.0,68674.34,30070.0,6,171,37683.0,49082.0,332.0,42,12,68015.0,Y,5590.91,current,M,46,LOW,20.8,3,394.0,1,3.0
527,1779,19876.0,3530.0,2785.0,2522.0,645.03,9103.0,5683.0,67.0,77,67,42,3,10,301000,1,1,1.0,1,4731.1,257406.7,1633.0,12415.0,12543.25,78043.0,69.0,33,14685.0,117418.2,12126.0,3,171,31385.0,55567.64,253968.0,5,83,14295.0,Y,3107.35,current,M,62,MEDIUM,33.6,10,554.0,1,18.0
528,17946,99135.0,7159.75,25792.91,19785.0,1538.0,22673.0,1914.0,24.0,36,50,2,2,1,112000,1,1,1.0,1,354.5,6574.31,48950.0,1992.0,61108.06,24976.0,42.0,36,156942.0,31868.88,57773.86,35,13,44555.0,102761.64,162412.0,12,18,4486.0,Y,35112.87,current,M,28,MEDIUM,5.6000000000000005,10,748.0,1,3.0
529,12021,12638.0,4753.93,4931.6,6285.0,422.82,3266.335,1248.0,26.0,19,49,1,44,3,84000,1,1,1.0,1,156875.0,4550727.2,18389.0,1931.0,49791.88,100756.0,11.0,1,49470.0,32502.42,10064.0,2,2,11388.0,95451.16,48523.0,10,12,20768.0,Y,2017.04,saving,M,37,MEDIUM,1.7000000000000002,9,860.0,1,4.0
530,9280,20266.0,38698.85,24024.13,13021.77,10532.0,4375.0,835.0,6.0,37,47,5,7,81,13000,1,1,1.0,1,13924.0,465000.0,50000.0,1444.0,20383.46,158527.0,5.0,19,36300.0,14183.0,42611.36,31,7,195281.0,2577.0,31513.0,3,57,31178.0,Y,8197.68,current,M,62,MEDIUM,16.8,6,505.0,0,7.0
531,17009,305776.0,3181.0,14625.5,142719.84,11974.77,19978.0,562.5,8.0,29,35,4,38,47,155000,1,1,1.0,1,1895.04,54388.23,711.0,6916.0,60047.12,29920.0,46.0,4,32369.0,66057.26,49145.9,0,12,62437.0,29630.71,339046.36,3,21,70205.0,Y,1612.5,current,M,63,MEDIUM,8.6,3,863.0,1,7.0
532,9938,11864.0,26473.24,2185.02,10048.06,16242.0,23340.0,9388.0,67.0,36,84,1,5,41,150000,1,1,1.0,1,354.5,142608.5,48950.0,0.0,22604.2,32683.0,41.0,2,13818.0,21755.5,36959.0,1,21,120457.0,105499.84,24750.0,9,104,11918.0,Y,8291.21,current,M,39,HIGH,15.200000000000001,4,858.0,1,11.0
533,17101,4238.0,6522.08,2566.01,12743.12,2167.0,3361.3,724.42,24.0,99,19,3,9,77,510000,1,1,1.0,1,86865.0,51850.0,96558.0,1079.0,93155.05,28668.0,11.0,13,101397.0,49700.22,73019.0,50,4,8509.0,19349.0,58599.0,2,12,16590.0,Y,2914.88,current,M,55,MEDIUM,21.0,1,708.0,1,15.0
534,19113,15502.0,2186.0,16453.77,8443.18,800.12,33258.0,1733.0,19.0,77,3,24,62,2,97000,1,1,1.0,1,115818.74,31000.0,8929.0,3897.0,44534.33,146093.0,11.0,36,36759.0,73267.54,33026.0,11,82,37019.0,23393.88,9007.0,2,58,21128.0,Y,1364.09,current,M,42,MEDIUM,17.6,3,864.0,1,2.0
535,1936,9714.0,6262.48,1268.0,9044.2,10346.0,4751.0,246.0,6.0,3,35,11,18,42,125000,1,1,1.0,1,46451.38,14000.0,15000.0,6885.0,47190.39,18575.0,5.0,4,14454.0,31768.44,15219.0,9,13,63351.0,63331.5,65257.5,3,11,34730.0,Y,12780.44,current,F,33,LOW,5.2,7,882.0,0,5.0
536,12994,8004.0,6089.95,1007.2,2744.5,4343.0,6271.0,4947.95,18.0,84,38,2,27,81,378000,1,1,1.0,1,28844.0,42723.0,130000.0,8572.0,15776.0,6144.0,46.0,26,357500.0,42875.94,173110.0,2,44,42940.0,40659.72,113643.0,9,61,27225.0,Y,1888.2,current,M,44,MEDIUM,2.4000000000000004,9,305.0,1,18.0
537,10548,336695.0,9058.22,5311.0,8782.5,3773.0,11983.0,29748.06,3.0,83,35,1,2,75,25000,1,1,1.0,1,27316.5,861640.54,130000.0,6885.0,8633.55,89924.31,4.0,11,21047.72,80632.99,12530.0,2,108,48141.0,16828.87,17533.0,2,1,62966.0,Y,13787.25,saving,F,61,MEDIUM,20.5,7,269.0,1,12.0
538,8906,5459.0,6243.68,8272.19,3542.5,1775.58,1367.04,924.0,53.0,13,27,25,3,34,225000,1,1,1.0,1,299037.15,20098.0,15477.0,-5439.0,41349.2,68825.0,6.0,2,51801.0,82980.05,20388.14,4,23,18643.0,29430.0,110112.0,8,3,48122.0,Y,1098.14,current,M,55,MEDIUM,3.5,7,258.0,1,5.0
539,6421,241571.0,2299.55,5183.42,2796.57,15163.23,8123.56,15856.0,10.0,81,10,22,18,8,520000,1,1,1.0,1,544500.0,195506.79,519.0,5340.0,46376.0,13645.0,69.0,1,23197.0,165322.45,40662.0,6,81,6086.0,35010.0,179347.18,9,63,37750.49,Y,12407.87,saving,M,35,MEDIUM,12.0,10,305.0,1,13.0
540,3698,13383.0,2796.96,7356.95,2202.65,22766.0,2017.0,2933.0,19.0,11,5,42,6,98,48000,1,1,1.0,1,38362.5,446457.0,183999.0,9415.0,1599.25,36155.74,55.0,0,51606.0,88620.36,15231.0,6,20,58244.0,21579.0,85194.0,93,18,33142.0,Y,2336.31,current,M,53,MEDIUM,6.6000000000000005,4,643.0,1,15.0
541,11465,101631.0,5737.0,544.0,35043.43,2461.55,859.04,4400.0,5.0,26,2,4,15,47,186000,1,1,1.0,1,3380.0,138017.0,96558.0,-5998.43994,54038.75,22563.0,6.0,35,69654.0,10899.42,28778.0,3,23,59500.0,24113.0,12393.0,36,49,27750.0,Y,2136.51,current,F,44,LOW,24.0,7,684.0,1,7.0
542,17484,14866.0,23581.0,3477.6,3016.0,8297.25,13696.0,379.0,6.0,65,82,62,12,6,315000,1,1,1.0,1,60050.0,190887.4,1036.0,3983.0,5983.75,363877.88,46.0,1,94300.0,16383.54,26052.0,3,63,32354.0,64231.26,67338.79,18,76,13757.0,Y,2244.32,current,M,28,MEDIUM,8.0,9,723.0,1,11.0
543,1870,222367.0,93773.0,17925.04,21330.32,1439.42,2969.0,13989.0,2.0,8,3,50,9,9,267000,1,1,1.0,1,22086.05,68663.61,13873.0,1500.0,21407.82,44816.67,29.0,26,30676.0,13961.06,44361.0,1,82,40150.0,111386.79,127429.74,14,12,55575.0,Y,1520.33,saving,M,53,MEDIUM,9.9,4,805.0,0,11.0
544,7205,40230.0,9215.5,4391.71,10098.07,7494.0,7228.31,6857.0,12.0,14,5,1,11,11,300000,1,1,1.0,1,10006.2,107639.28,527.0,12299.0,12013.29,30055.0,46.0,11,63332.0,52206.46,59274.0,9,75,12313.0,63672.94,33311.0,16,58,37567.0,Y,8308.44,current,M,32,MEDIUM,8.4,7,485.0,1,5.0
545,3318,15201.0,60504.49,643.85,8794.66,11733.7,13486.5,7048.0,1.0,47,3,10,2,1,581000,1,1,1.0,1,1466675.0,100000.0,20000.0,0.0,53463.0,54808.0,3.0,19,40389.0,28879.29,59479.57,2,11,32416.0,76789.56,33334.0,2,120,34662.0,Y,7555.83,current,F,31,MEDIUM,1.1,4,863.0,0,18.0
546,4573,4274.0,7921.05,1429.0,14977.62,1297.84,6889.3,266.0,4.0,36,110,25,3,5,256000,1,1,1.0,1,158135.2,64491.0,126001.0,5350.0,345932.13,24817.0,29.0,6,24544.0,102807.18,120236.0,3,50,25790.0,51680.49,479.25,12,38,21370.16,Y,3166.97,current,F,27,LOW,7.0,3,249.0,1,17.0
547,13330,4694.0,16420.0,1629.96,3997.5,2832.0,4803.0,959.27,2.0,83,87,82,5,3,379000,1,1,1.0,1,3080625.0,30436.0,3570.0,1992.0,52289.65,125202.5,89.0,4,37267.0,21904.07,11705.0,3,20,21496.0,83426.75,39066.0,21,50,29549.0,Y,1160.0,current,F,60,MEDIUM,20.0,5,801.0,1,10.0
548,450,288638.0,10164.0,1579.0,25986.5,2483.0,1602.52,7077.0,5.0,36,47,52,1,3,226000,1,1,1.0,1,1112.4,506383.85,4458.0,10210.0,13027.57,28736.0,11.0,30,70111.0,46972.29,31168.0,4,24,96358.0,71463.8,35949.0,12,0,10128.0,Y,71509.31,current,M,46,MEDIUM,2.6,2,748.0,1,6.0
549,4902,19036.0,24291.0,10039.61,12842.9,5650.52,7645.68,999.0,7.0,66,30,3,20,3,400000,1,1,1.0,1,34635.25,29479.0,54101.0,1079.0,33451.03,86548.36,67.0,3,14422.0,62063.76,51017.11,2,11,65521.0,327397.37,25813.0,94,104,26029.0,Y,770.31,current,M,51,MEDIUM,15.5,5,537.0,1,3.0
550,10948,169825.0,2265.5,1944.0,9322.77,4640.78,5451.0,1576.99,53.0,10,50,1,3,79,213000,1,1,1.0,1,81872.65,257406.7,54101.0,0.0,46303.25,60492.99,18.0,1,175000.0,216.67,76552.0,3,108,12858.95,58287.64,40247.95,5,8,22480.0,Y,875.19,current,M,42,MEDIUM,4.4,1,814.0,1,15.0
551,8624,7039.0,5921.65,2294.72,13029.75,26607.0,11114.89,12743.0,4.0,13,653,24,25,98,512000,1,1,1.0,1,41361.3,43545.0,11379.0,1014.0,39970.36,55050.41,59.0,17,18305.0,25869.7,98309.0,1,20,70.36,147174.65,228767.69,5,36,23691.0,Y,6980.6,current,M,62,MEDIUM,42.0,8,267.0,1,6.0
552,5739,44331.0,19545.53,1192.0,40753.35,7428.0,16398.0,3209.0,56.0,3,44,2,38,34,362000,1,1,1.0,1,52209.5,31000.0,694.0,6260.0,201004.76,18561.0,46.0,1,25296.0,93172.29,36907.0,1,20,86324.75,96804.84,29680.68,6,49,26647.0,Y,1442.54,current,M,66,MEDIUM,27.6,8,823.0,1,6.0
553,3219,6024.0,17172.92,26322.0,10652.98,3757.0,9881.65,15620.69,5.0,6,61,18,3,36,59000,1,1,1.0,1,46451.38,42723.0,5540.0,0.0,191865.09,3286.0,9.0,1,26003.0,15627.18,50939.31,70,20,29846.0,6182.98,38883.0,2,21,97062.0,Y,35812.33,current,M,222,LOW,121.2,9,485.0,1,15.0
554,19418,310462.0,17599.47,35250.0,24955.8,3572.1,8040.05,3365.37,60.0,67,44,24,25,47,395000,1,1,1.0,1,204585.76,64491.0,908.0,-3506.17993,22423.26,19127.88,46.0,3,16767.0,23916.26,295536.0,12,63,11370.0,16079.0,23507.0,2,18,26083.0,Y,11084.29,saving,M,62,LOW,33.6,3,394.0,1,9.0
555,17922,2510.0,30553.0,1925.0,1474.59,1423.5,33900.0,2537.74,24.0,13,49,48,2,68,87000,1,1,1.0,1,6440.0,399.09,300500.0,2351.0,59326.25,239376.76,36.0,0,26100.0,7327.02,75282.0,2,6,19104.0,46168.3,23365.0,62,106,55861.0,Y,4057.23,current,F,34,MEDIUM,5.6000000000000005,9,269.0,1,19.0
556,1519,12629.0,4480.64,36242.82,3579.93,717.0,10036.75,2935.0,2.0,43,64,3,3,55,66000,1,1,1.0,1,192478.0,9866.01,24250.0,1014.0,778.5,29851.0,7.0,31,96870.0,17259.18,42342.0,6,21,387292.0,227619.87,37682.0,13,18,28016.0,Y,731.3,saving,M,34,LOW,9.8,6,464.0,0,10.0
557,5803,11050.0,1030.0,1802.15,14105.82,11581.0,10807.5,9863.68,12.0,8,11,1,11,81,15000,1,1,1.0,1,600650.0,21698.0,583.0,6409.0,457.25,55040.0,24.0,36,94300.0,33020.38,33249.0,43,6,20302.0,27611.37,291322.0,14,42,28752.5,Y,13740.99,current,F,38,MEDIUM,7.2,9,631.0,0,16.0
558,11684,5258.0,21904.96,1700.9,6025.22,7715.73,81554.0,623.0,136.0,5,87,2,55,18,301000,1,1,1.0,1,3938.25,21698.0,2644.0,3481.0,93611.78,25806.0,29.0,19,103334.0,36150.29,28107.68,47,78,9988.0,13523.72,38943.0,117,12,32191.0,Y,9727.24,current,M,39,LOW,13.3,8,385.0,1,4.0
559,1572,5575.0,10117.36,2970.89,2703.47,1586.16,3233.0,676.0,10.0,46,16,8,12,8,25000,1,1,1.0,1,7455797.87,1187335.5,10973.0,-3053.0,19940.25,41764.0,87.0,26,48943.0,44914.57,65427.72,1,8,23728.0,126930.15,159825.35,6,75,96905.0,Y,1492.11,current,M,28,MEDIUM,7.2,9,503.0,1,17.0
560,19636,9405.0,2904.1,2264.0,3252.6,1538.0,4334.0,3069.0,44.0,56,1,57,21,17,524000,1,1,1.0,1,73010.0,205032.06,14754.0,-6335.0,49023.89,55078.0,63.0,2,122777.0,42080.01,30027.5,43,4,22917.0,30507.5,244008.0,4,1,19196.0,Y,4800.0,current,M,28,MEDIUM,0.8,10,858.0,1,13.0
561,15340,15055.0,10068.83,26889.0,2020.2,1346.0,3915.0,1101.14,63.0,5,4,42,51,3,523000,1,1,1.0,1,105453.65,50034.93,2184.0,1500.0,40613.06,30080.0,46.0,6,24434.0,14692.52,18887.0,43,12,26235.0,42735.58,107815.4,9,37,21032.0,Y,219.78,current,M,66,MEDIUM,18.400000000000002,10,248.0,1,10.0
562,11581,123764.0,3812.0,356.0,6958.12,25722.37,2642.6,1910.6,3.0,13,67,3,9,13,329000,1,1,1.0,1,173732.5,234459.4,2644.0,6885.0,5887.94,48368.0,46.0,7,500.0,64353.87,53412.0,4,7,71944.0,34280.06,67770.5,7,65,38640.0,Y,2406.72,current,M,32,MEDIUM,10.8,2,887.0,1,17.0
563,15033,15087.0,9578.0,4978.0,24766.0,3572.1,3050.9,3291.0,6.0,4,72,1,36,14,359000,1,1,1.0,1,568.8,108788.0,536.0,277.0,28202.91,84839.0,18.0,6,66869.0,22564.67,1956054.61,9,81,21263.0,74969.0,87768.0,8,18,16634.0,Y,4598.38,current,M,31,MEDIUM,3.3000000000000003,4,974.0,1,14.0
564,11561,1562.0,8034.7,7063.0,4105.88,894.8,14359.355,2683.35,7.0,23,5,18,1,53,505000,1,1,1.0,1,48422.7,15300.0,13873.0,9827.0,31424.86,14937.0,16.0,3,67390.0,2257.49,67116.0,43,171,30538.0,101717.2,148447.96,2,32,9010.0,Y,2213.37,current,M,49,LOW,17.400000000000002,1,723.0,1,3.0
565,5236,2170.0,4725.74,8386.0,11086.0,53554.0,4981.7,550.59,3.0,3,35,19,6,4,74100,1,1,1.0,1,55700.0,3.0,57899.0,2921.0,71783.06,34537.0,24.0,36,60796.0,19871.25,55262.0,9,171,157500.0,218575.12,143651.24,36,26,26497.0,Y,32750.59,current,M,38,MEDIUM,3.6,1,631.0,1,4.0
566,16740,13721.0,935.0,100.0,12828.0,4336.0,12295.0,3074.0,136.0,19,44,60,2,1,533000,1,1,1.0,1,489773.55,17000.0,93651.0,6613.0,164562.98,72412.5,42.0,1,154095.0,73295.0,42748.0,0,44,28595.0,21434.93,84127.0,5,83,15630.0,Y,7997.95,current,M,38,MEDIUM,10.8,8,685.0,1,10.0
567,15947,4262.0,43016.0,702.0,17174.01,5653.0,9417.5,12272.22,1.0,36,10,4,4,26,114000,1,1,1.0,1,15961.9,76157.6,1143.0,6885.0,142888.95,35099.91,9.0,2,25353.0,37349.65,37033.0,2,20,88260.0,51015.0,40393.0,13,73,100087.0,Y,12190.43,current,M,33,MEDIUM,10.4,6,363.0,1,18.0
568,7193,7695.0,16060.37,5449.0,15140.83,5672.0,1415.65,2209.0,32.0,11,11,50,55,1,435000,1,1,1.0,1,2002.36,225000.0,3975.0,553.0,45323.2,149373.0,11.0,0,53215.0,14803.5,17645.0,24,82,20460.19,32891.94,107922.0,2,12,2510.0,Y,2324.58,saving,F,44,MEDIUM,2.4000000000000004,9,864.0,1,5.0
569,19895,14742.0,6709.8,2070.0,11101.0,6090.04,9692.0,842.0,4.0,10,4,42,2,56,533000,1,1,1.0,1,4230125.0,440000.0,50000.0,6885.0,71161.12,18745.0,91.0,3,48608.0,8145.0,32463.0,5,20,64663.0,40419.32,43176.0,14,13,27433.0,Y,844.32,current,M,47,MEDIUM,16.2,5,966.0,1,15.0
570,15913,17612.0,11093.92,14320.02,2070.0,3864.0,1170.26,3457.55,1.0,61,46,1,44,4,152000,1,1,1.0,1,70310.6,38928.0,536.0,1332.0,56445.0,37914.0,23.0,0,15378.0,12310.76,43640.35,3,81,33120.0,191223.41,31291.0,11,79,16076.0,Y,14689.56,current,M,61,LOW,28.700000000000003,10,536.0,0,14.0
571,9488,213536.0,10351.55,8929.64,1933.0,1417.0,2080.205,5120.0,531.0,30,6,24,37,54,512000,1,1,1.0,1,9832490.0,78744.56,12000.0,5730.0,45594.36,319268.0,12.0,1,36540.0,21990.61,100163.9,5,25,100000.0,289476.34,32883.02,6,7,19554.0,Y,8126.72,current,M,37,MEDIUM,13.600000000000001,4,723.0,1,18.0
572,13705,5826.0,20662.77,13230.0,23772.28,14146.0,2472.24,8691.87,44.0,3,32,2,7,6,147000,1,1,1.0,1,11878.6,295150.9,56305.0,5340.0,10221.25,19118.0,41.0,3,25181.0,27300.78,25502.0,1,25,30080.0,12914.0,35793.0,2,80,27884.0,Y,4400.32,current,M,38,MEDIUM,16.2,4,700.0,0,6.0
573,82,11045.0,18051.19,15261.0,982.79,2710.0,12227.875,2404.82,1.0,65,19,1,37,8,403000,1,1,1.0,1,8209320.0,93.35,4367.0,0.0,12204.5,12089.0,10.0,7,24773.0,4041.0,15231.0,2,44,25495.0,30357.34,59255.0,9,73,17752.0,Y,14939.53,current,M,60,MEDIUM,4.0,7,355.0,1,9.0
574,8685,9884.0,13386.0,938.55,14061.0,88209.03,12387.74,2537.74,6.0,8,50,11,55,5,313000,1,1,1.0,1,526491.3,200015.58,3000.0,8723.0,54593.8,40237.0,36.0,19,102262.0,35586.03,40182.0,2,20,22628.0,118547.02,91955.5,46,65,23900.0,Y,847.85,current,M,40,MEDIUM,10.0,5,883.0,1,20.0
575,12875,13546.0,4021.0,643.85,8162.16,11035.24,4780.0,462.0,6.0,18,13,1,55,14,494000,1,1,1.0,1,970271.35,14000.0,2156.0,5730.0,70278.25,19957.0,91.0,7,12517.0,46470.46,163745.84,31,20,24216.0,121461.65,73137.0,2,104,21200.0,Y,2391.74,current,M,30,MEDIUM,3.0,6,516.0,1,16.0
576,15138,15384.0,34792.0,10527.25,12395.35,252.0,8723.195,1929.0,16.0,9,50,24,1,98,127500,1,1,1.0,1,55458.53,15036.0,130000.0,0.0,77869.47,144359.46,29.0,36,154095.0,154644.66,88995.0,31,69,110997.0,19862.0,43011.0,94,104,3723.0,Y,574.76,current,M,67,MEDIUM,14.100000000000001,9,867.0,0,13.0
577,19320,107441.0,13155.0,6200.23,692.93,15384.76,1393.3,2475.99,12.0,99,10,1,25,6,326000,1,1,1.0,1,127004.3,100934.0,16068.0,-5998.43994,1573.0,31268.01,67.0,1,36300.0,120271.2,34483.0,2,49,17145.0,19820.98,55364.0,3,13,61692.0,Y,1625.28,current,M,47,LOW,2.7,6,454.0,0,10.0
578,11333,8303.0,13091.92,7856.28,6166.85,5720.43,10928.0,13338.31,12.0,22,20,6,4,13,296000,1,1,1.0,1,12869465.0,262556.0,20887.0,14509.0,299208.94,39366.5,39.0,2,11967.0,38243.58,55870.05,2,67,27562.0,89974.56,40554.0,93,50,37863.0,Y,3488.51,current,M,55,MEDIUM,7.0,9,809.0,1,11.0
579,12369,81897.0,1817.0,798.0,5185.84,3773.0,16154.895,6857.0,53.0,36,19,18,31,47,351000,1,1,1.0,1,204.0,273221.0,925.0,-5998.43994,42215.0,35261.0,5.0,1,33879.0,54474.54,230778.0,1,12,19630.0,64309.41,94252.0,13,21,40077.0,Y,6554.99,current,M,53,MEDIUM,13.200000000000001,4,582.0,1,10.0
580,13151,14683.0,2280.0,16400.0,4005.29,3524.57,19487.0,759.0,6.0,36,6,25,2,1,523000,1,1,1.0,1,1112.4,43200.0,908.0,20513.0,243023.05,16176.0,4.0,5,17140.0,68338.5,53479.0,3,14,67798.0,119075.73,34637.5,13,1,24134.0,Y,162.74,current,M,34,MEDIUM,12.600000000000001,9,683.0,1,3.0
581,12936,10732.0,37873.18,1648.0,30611.19,5914.6,24661.515,4950.0,7.0,26,82,50,44,62,518000,1,1,1.0,1,8209320.0,172131.0,11580.0,-4679.0,508883.61,74909.95,20.0,7,38000.0,39269.0,248362.36,3,29,23948.0,24751.0,30743.5,3,0,36427.0,Y,2.61,current,M,66,HIGH,32.2,4,614.0,0,18.0
582,11918,180640.0,29468.24,6162.0,16844.43,10406.5,3932.0,4086.52,7.0,1,4,2,21,47,338000,1,1,1.0,1,566914.0,7576.0,2644.0,-6885.0,34462.89,96782.0,18.0,3,27539.0,140744.82,47089.0,4,20,15735.0,65466.05,55675.0,12,35,19119.4,Y,6603.9,saving,M,66,MEDIUM,23.0,7,249.0,1,15.0
583,16882,200521.0,86311.96,4475.99,1185.78,451.0,13072.0,7762.6,19.0,46,20,6,62,53,47000,1,1,1.0,1,102.95,36880.0,1446.0,2921.0,438713.25,32411.0,91.0,33,14172.0,42265.99,57069.57,3,12,38646.0,100622.74,39416.0,3,13,250455.0,Y,3020.19,saving,M,30,LOW,7.0,10,685.0,0,9.0
584,3505,10169.0,18941.62,25833.0,9118.67,37591.0,2699.53,494.0,10.0,61,13,4,2,8,403000,1,1,1.0,1,6440.0,63000.0,2214.0,-12179.0,29932.58,41791.0,147.0,7,11715.0,56448.0,76584.45,6,63,52880.0,192850.0,66711.0,2,6,138440.0,Y,3264.08,saving,M,27,MEDIUM,2.8000000000000003,5,809.0,1,10.0
585,485,19119.0,3297.65,4348.0,4995.96,21768.0,6502.75,2530.0,4.0,3,32,44,9,47,383000,1,1,1.0,1,10535967.5,71256.0,16114.0,5730.0,37588.48,16200.0,3.0,17,39112.0,30724.23,16431.0,3,20,12000.0,4976.25,80959.0,5,12,40450.0,Y,6059.42,current,M,30,LOW,4.0,9,485.0,0,7.0
586,10118,25908.0,6008.57,1763.0,5014.5,574.0,7880.0,4524.3,4.0,39,117,53,1,11,199999,1,1,1.0,1,1424.5,107007.0,2214.0,4314.0,119095.46,13663.0,42.0,23,168292.0,23465.86,60928.5,9,78,26345.0,15682.65,720.0,4,124,3777.0,Y,146.61,current,F,27,MEDIUM,4.2,10,958.0,0,15.0
587,2704,176051.0,50375.91,2418.0,21157.32,1667.0,2421.49,4185.0,19.0,77,46,1,60,47,400000,1,1,1.0,1,684495.7,25000.0,2156.0,0.0,25133.95,78235.61,46.0,1,31043.0,14427.88,198857.0,1,81,16326.0,60805.78,42403.0,3,9,19105.0,Y,3743.28,saving,M,49,MEDIUM,20.3,5,386.0,1,15.0
588,13833,19583.0,14003.0,12330.0,2070.0,15039.79,621.98,2684.5,25.0,83,84,1,5,10,147000,1,1,1.0,1,331.2,76365.24,2644.0,6613.0,119106.0,50536.0,11.0,4,43935.0,46972.29,35653.0,4,17,53032.13,41301.15,130785.0,16,21,31675.0,Y,904.34,current,M,67,MEDIUM,9.4,1,737.0,1,14.0
589,19548,113242.0,14445.0,1308.79,14856.9,9447.93,11891.105,293.26,6.0,66,50,2,5,1,466000,1,1,1.0,1,33784.35,278360.16,23500.0,8723.0,18343.95,10066.0,18.0,9,131499.0,104989.87,65274.1,9,8,37962.39,46009.77,262738.11,58,11,26000.0,Y,924.95,current,M,30,MEDIUM,2.0,10,631.0,1,5.0
590,7053,169128.0,21781.2,1451.0,780.0,2697.0,428.0,411.0,67.0,4,7,4,1,37,520000,1,1,1.0,1,1104223.35,100000.0,15756.0,1444.0,39816.51,11029.0,42.0,19,33657.0,19565.68,1658.0,7,26,21631.0,138196.13,21137.58,8,65,18999.0,Y,8206.22,current,M,37,LOW,17.0,2,887.0,1,10.0
591,4844,15592.0,6046.54,3473.0,9104.5,950.0,11516.5,12841.0,12.0,3,16,1,2,1,116000,1,1,1.0,1,82.4,390700.0,2019.0,0.0,101630.29,44957.0,4.0,35,35467.0,23205.0,12167.86,1,20,16000.0,105409.24,119418.55,94,40,9784.0,Y,2861.2,current,M,40,LOW,4.0,10,233.0,1,11.0
592,1120,11338.0,89747.71,17586.44,32767.22,1014.0,2266.92,3636.0,1.0,36,74,26,2,1,75000,1,1,1.0,1,1146.0,100934.0,49975.0,10455.0,205190.06,287414.0,4.0,23,30820.0,44505.42,70276.76,2,82,39652.0,60563.91,55554.0,36,75,28825.0,Y,429.36,current,M,62,MEDIUM,21.0,9,958.0,1,6.0
593,741,7533.0,23551.0,4494.0,2402.92,2012.0,3004.52,533.0,2.0,11,4,10,56,26,576000,1,1,1.0,1,360978.37,234459.4,936.0,290.0,31943.62,125056.22,39.0,1,99416.0,637205.07,206698.86,43,8,125137.0,279536.24,39721.0,2,9,44009.0,Y,1628.76,saving,M,30,LOW,5.0,1,314.0,1,9.0
594,3555,16974.0,37990.91,1289.0,21498.0,12848.0,15322.43,5960.0,6.0,26,9,42,3,54,226000,1,1,1.0,1,8758.2,358480.64,67696.0,-6301.0,19517.0,103018.0,36.0,36,49693.0,49910.0,34196.0,43,8,44200.0,13957.86,454490.0,47,52,16682.0,Y,12914.51,current,M,37,MEDIUM,15.3,3,748.0,1,15.0
595,17567,5532.0,610.0,5916.0,119586.19,9041.3,7176.26,544.0,7.0,30,27,2,1,12,112000,1,1,1.0,1,510.6,1187335.5,12000.0,20513.0,36875.6,35386.0,40.0,36,52559.0,34366.25,61789.35,1,4,19723.0,29808.31,148650.0,1,58,19878.0,Y,3758.47,saving,M,42,MEDIUM,17.6,10,538.0,1,10.0
596,5463,91677.0,3425.98,5059.93,14515.45,34817.2,5663.225,37539.0,24.0,83,13,7,16,20,74100,1,1,1.0,1,4552.0,43394.0,2156.0,5464.0,24731.66,26623.0,11.0,4,35881.0,93443.9,214097.74,9,16,92088.0,47132.0,136389.0,3,73,78341.0,Y,2165.93,current,M,30,LOW,5.0,5,966.0,1,19.0
597,15443,25920.0,2714.39,4237.6,6166.01,1160.06,3141.0,2900.0,124.0,32,13,4,21,8,92000,1,1,1.0,1,204585.76,218670.0,30000.0,1465.0,36963.01,16059.0,15.0,3,98276.0,52359.73,274165.0,8,12,41590.0,130330.39,172761.0,2,10,148547.0,Y,200858.63,current,M,37,MEDIUM,11.9,7,267.0,1,13.0
598,5666,5394.0,426.0,3438.0,2466.93,17477.0,2650.675,84874.4,26.0,22,74,15,1,67,120000,1,1,1.0,1,11878.6,238000.0,492.0,2921.0,45971.0,38709.0,4.0,5,43712.0,83981.47,42999.0,2,44,150000.0,43783.27,87666.5,3,79,1224.39,Y,999.07,current,M,33,MEDIUM,1.3,4,771.0,1,15.0
599,15449,5442.0,26081.0,10443.0,17125.54,3389.0,6491.175,5130.3,26.0,10,50,42,3,98,119000,1,1,1.0,1,89908.8,82907.34,300500.0,7478.0,20458.74,28676.0,70.0,1,326025.0,364893.84,10734.76,2,40,20000.0,37478.91,54329.0,94,32,56587.0,Y,10378.8,saving,M,27,MEDIUM,7.0,2,748.0,1,12.0
600,15489,392907.0,9229.25,4416.5,12642.1,3500.79,12672.0,612.0,101.0,23,7,3,6,37,595000,1,1,1.0,1,544500.0,369448.8,12000.0,886.0,87014.7,41915.0,70.0,2,42002.0,56397.77,61790.5,2,20,3125.0,196629.13,39798.0,4,36,94927.0,Y,7089.96,current,M,27,MEDIUM,2.1,3,880.0,0,8.0
601,18512,6827.0,2707.04,2593.52,4881.0,25509.0,8012.5,1412.95,24.0,3,2,2,2,9,112000,1,1,1.0,1,270.0,785115.94,1374.0,6885.0,79310.54,51893.0,4.0,4,36307.0,65329.54,25223.5,9,42,31769.0,16511.0,133491.0,36,11,13050.0,Y,1977.1,current,M,38,MEDIUM,18.0,1,805.0,0,11.0
602,16720,9365.0,16374.4,2701.0,13027.7,14868.76,4534.73,12686.0,63.0,1,35,1,7,1,124000,1,1,1.0,1,1235.85,27000.0,49975.0,3735.0,46277.0,120927.37,82.0,26,76.14,15835.54,372559.74,4,11,66258.0,242579.95,116369.0,5,12,27531.0,Y,3917.78,current,M,31,MEDIUM,9.9,4,330.0,1,2.0
603,13370,10674.0,1778.43,7270.9,624.74,656.67,7727.0,2826.13,6.0,11,67,10,1,30,302000,1,1,1.0,1,105453.65,35000.0,1266.0,5773.0,65222.51,7259.0,4.0,1,29287.0,416.76,43993.0,70,20,22518.0,19221.75,59590.75,7,1,33159.0,Y,1403.16,current,M,66,MEDIUM,9.200000000000001,6,516.0,1,18.0
604,18969,88224.0,11710.0,6129.47,1880.5,15838.92,15885.25,38753.0,6.0,84,5,15,2,41,245000,1,1,1.0,1,4140.0,157624.24,50000.0,-6885.0,73630.25,40153.5,4.0,31,77803.5,22862.22,10175.0,12,12,39419.0,21362.33,38503.0,21,106,129479.0,Y,5261.26,current,F,38,LOW,9.0,1,638.0,1,4.0
605,17060,6608.0,1160.0,4156.53,7579.88,1398.03,3721.0,3093.0,2.0,29,1,2,3,1,44000,1,1,1.0,1,24832.0,194099.3,550.0,0.0,6857.0,57598.0,6.0,3,65116.0,217593.68,7659.0,43,25,23833.0,56151.88,81063.28,117,11,19009.25,Y,117.42,current,M,53,MEDIUM,33.0,9,867.0,1,14.0
606,14754,345368.0,2453.13,6315.95,17510.0,5054.0,48569.0,2994.76,2.0,26,10,35,46,26,256000,1,1,1.0,1,7455797.87,167870.79,2214.0,35346.0,11828.0,30153.84,11.0,4,52227.0,85676.54,160208.0,20,75,38593.0,16250.58,69543.2,4,12,374916.0,Y,90595.09,current,M,34,HIGH,2.8000000000000003,5,249.0,1,8.0
607,18482,137934.0,34426.47,354.72,263.0,2160.0,4450.325,9890.21,63.0,47,20,44,6,1,263000,1,1,1.0,1,84.65,87578.0,13873.0,24326.0,37498.42,78835.37,8.0,1,81874.0,112417.07,31250.0,2,81,270.0,42051.76,43650.0,42,83,37842.0,Y,75023.58,current,M,44,MEDIUM,21.6,5,505.0,1,5.0
608,14063,347326.0,8186.52,6496.05,2873.09,12357.13,6850.5,6297.4,5.0,26,13,20,6,56,47000,1,1,1.0,1,153410.0,560000.0,851.0,-5439.0,32167.5,5142.0,90.0,36,57530.0,45419.49,55493.0,0,25,16055.0,476423.0,57503.0,16,20,21755.0,Y,1528.76,current,M,60,MEDIUM,36.0,4,743.0,1,12.0
609,12316,19781.0,38021.04,15519.86,166305.78,32482.83,7785.725,3395.0,52.0,29,49,2,3,26,120000,1,1,1.0,1,18418.85,54243.0,1526.0,2008.0,188385.32,13162.0,79.0,36,39628.0,23260.05,151701.74,11,8,125303.0,105440.94,64312.75,3,1,61200.0,Y,285.23,current,M,32,MEDIUM,4.800000000000001,6,249.0,1,4.0
610,15442,215762.0,42618.0,1071.0,6895.82,1403.0,5303.125,72564.0,3.0,14,32,3,26,56,199999,1,1,1.0,1,5809950.0,24703.0,15756.0,1411.0,38642.36,118099.0,42.0,19,37610.0,78484.05,111693.0,43,20,96641.0,142665.66,55838.0,5,133,28853.0,Y,2441.86,current,M,120,MEDIUM,90.0,1,685.0,1,2.0
611,8598,171944.0,483.0,8168.26,38423.86,4235.0,23551.81,8179.0,17.0,6,47,7,4,34,400000,1,1,1.0,1,3247.5,63173.17,11545.0,10455.0,33302.43,87099.0,16.0,4,11474.0,32605.06,52927.0,0,108,18868.0,80939.24,725.0,9,106,341.0,Y,3768.9,current,M,36,MEDIUM,4.800000000000001,4,233.0,1,11.0
612,1267,18668.0,11995.37,435.0,2036.0,6841.3,6710.0,8697.0,60.0,14,67,35,11,11,156000,1,1,1.0,1,327324.9,130000.0,28912.0,5439.0,117656.75,67412.28,46.0,26,84789.0,8001.0,48303.0,2,8,19243.0,110232.56,75287.0,93,103,20190.0,Y,656.71,current,M,30,MEDIUM,9.0,4,450.0,1,16.0
613,902,857.0,34311.0,29373.0,3421.69,9404.63,8512.0,499.4,7.0,8,35,82,14,26,134000,1,1,1.0,1,45463.0,500358.79,16215.0,8362.0,120030.22,45357.0,4.0,3,32317.0,8824.06,6199.1,2,108,19778.0,313704.49,15523.0,40,6,49775.27,Y,6291.66,current,M,28,LOW,8.0,1,424.0,1,13.0
614,11308,1307.0,36584.3,2998.9,838.05,10215.0,3083.86,863.0,5.0,7,1,6,2,6,391000,1,1,1.0,1,4110.0,462011.1,155205.0,8572.0,106786.3,74909.95,147.0,3,90328.0,435216.25,60992.3,4,50,41336.58,33623.57,34378.0,58,18,53627.0,Y,1054.26,current,M,223,MEDIUM,20.3,10,505.0,1,7.0
615,4020,56613.0,28601.54,1985.02,7400.03,1956.0,2854.0,3476.09,8.0,23,70,25,9,30,576000,1,1,1.0,1,3101.3,560000.0,610000.0,-6301.0,30946.0,92201.5,59.0,1,32527.0,40648.1,44770.0,6,12,3496.0,76954.53,33837.0,14,6,34290.0,Y,253.24,current,M,58,LOW,7.6000000000000005,4,760.0,0,12.0
616,496,14763.0,7717.86,8613.0,2525.51,4813.02,6690.0,5843.09,1.0,34,50,2,25,5,303000,1,1,1.0,1,1727970.9,186474.96,825.0,1444.0,36056.25,28890.36,23.0,15,15909.0,54220.02,75125.36,2,50,75500.0,48979.85,42825.0,4,104,14829.09,Y,1607.68,current,M,33,MEDIUM,7.800000000000001,10,713.0,0,3.0
617,16669,3913.0,12054.84,5481.87,2066.0,36370.8,4495.48,18738.0,2.0,3,112,12,3,54,100000,1,1,1.0,1,99984.83,3342.51,12337.0,1444.0,33866.51,31956.6,11.0,23,36854.0,19321.26,55137.0,43,18,41059.44,56732.38,49628.58,2,100,103616.0,Y,2222.58,current,M,53,HIGH,23.1,3,244.0,1,7.0
618,1057,239948.0,14247.58,1567.0,13399.13,5722.0,7428.0,1525.0,7.0,31,16,5,21,44,599000,1,1,1.0,1,19146.65,100000.0,24094.0,0.0,12879.91,28839.0,38.0,3,25773.0,8364.64,54479.0,43,11,19766.0,16392.79,21038.0,5,18,21443.0,Y,1195.6,current,M,33,MEDIUM,6.5,8,958.0,1,19.0
619,5451,9275.0,1583.92,9384.21,8794.65,7762.0,1900.24,1484.39,57.0,6,7,47,51,1,167000,1,1,1.0,1,94127.1,27000.0,130000.0,12174.0,29401.67,122532.0,147.0,36,20669.0,6581.0,5280.0,8,82,69057.0,55526.49,24290.0,3,106,16604.0,Y,7703.7,current,M,29,MEDIUM,7.2,10,743.0,0,11.0
620,16635,93074.0,3153.0,2034.0,8877.32,11553.0,1393.52,164.01,10.0,99,30,4,6,30,408000,1,1,1.0,1,95.0,43397.0,954.0,-4664.0,271902.16,11773.0,42.0,3,32979.0,36942.76,939625.98,9,21,43213.0,66607.64,20166.0,21,124,38470.0,Y,3851.52,current,M,30,LOW,5.0,5,653.0,1,16.0
621,18627,126863.0,2608.59,3466.5,14021.0,5625.6,2549.75,935.0,12.0,10,4,1,1,3,67000,1,1,1.0,1,204585.76,167870.79,1273.0,-6281.37987999999,48210.98,75134.0,67.0,2,18015.0,12510.32,17794.86,5,82,18868.0,18668.78,631.5,6,1,27447.0,Y,7898.79,current,M,47,LOW,18.900000000000002,5,486.0,1,15.0
622,6840,183016.0,1147.56,33319.9,17794.53,2738.0,3242.0,7480.0,16.0,77,5,1,2,70,147000,1,1,1.0,1,253302.0,545000.0,6000.0,3897.0,17883.5,21844.0,89.0,6,16574.0,21877.5,83827.0,50,25,35257.0,28859.96,85245.0,13,9,32796.0,Y,1538.92,saving,M,44,MEDIUM,19.200000000000003,1,485.0,1,3.0
623,523,7401.0,8748.39,562.0,7526.41,974.0,556.0,30830.69,32.0,19,135,3,1,36,375000,1,1,1.0,1,233727.15,326326.9,48950.0,1079.0,33098.5,620.5,43.0,4,118626.0,17774.43,27830.36,3,5,12922.0,69162.77,69191.43,2,14,23352.0,Y,5295.12,current,M,63,LOW,43.0,6,305.0,1,2.0
624,11177,2799.0,5395.9,23589.66,6286.08,9138.14,6305.0,1350.0,5.0,10,4,50,38,3,138000,1,1,1.0,1,11878.6,16671.0,1255.0,9415.0,204022.0,20155.0,18.0,2,94675.0,23841.13,939625.98,4,13,109775.0,14754.78,129211.0,62,32,43055.0,Y,1741.78,current,M,28,MEDIUM,3.2,3,258.0,0,10.0
625,18668,10780.0,18868.99,3037.0,2076.76,3493.0,424.06,21126.0,10.0,18,35,3,4,3,383000,1,1,1.0,1,105453.65,42000.0,2214.0,8572.0,189604.46,55786.0,41.0,7,82254.0,63619.95,78924.0,5,11,3900.0,51760.93,27284.0,49,73,30573.0,Y,94.94,current,M,62,HIGH,33.6,5,506.0,1,8.0
626,14200,6479.0,25273.54,8934.0,24526.18,8772.66,2278.0,13686.0,2.0,13,64,1,4,7,579000,1,1,1.0,1,4110.0,399.09,230000.0,16455.0,42261.0,43675.0,77.0,3,88930.0,102430.7,45296.0,2,27,13600.0,62942.7,16341.0,5,11,20000.0,Y,7192.79,saving,M,37,MEDIUM,11.9,8,796.0,1,10.0
627,18625,9244.0,40937.41,7009.0,9555.59,8980.91,9561.52,8363.88,2.0,9,13,1,2,17,212500,1,1,1.0,1,715554.75,39833.19,5905.0,20324.0,71076.5,25395.5,40.0,31,27590.0,11565.58,1764.0,1,21,51308.0,75876.21,27771.44,21,83,25870.0,Y,946.22,current,F,66,MEDIUM,32.2,8,958.0,1,13.0
628,13596,406958.0,34741.56,4072.36,9918.3,2024.76,2141.34,428.52,19.0,30,67,48,6,8,145000,1,1,1.0,1,165907.57,446457.0,12000.0,-3506.17993,28702.56,35439.0,18.0,1,22604.0,80024.75,10980.0,2,81,36291.0,58854.05,962.0,6,104,17645.0,Y,3156.86,current,M,33,MEDIUM,7.800000000000001,5,760.0,0,11.0
629,8093,17870.0,12781.93,8386.0,7816.5,14081.12,2791.21,1821.0,7.0,13,70,41,15,98,154000,1,1,1.0,1,417.0,134890.0,13533.0,-6281.37987999999,505754.8,43833.05,42.0,6,33441.4,45505.0,233967.0,3,44,35502.0,32122.83,19825.0,2,113,47842.0,Y,2202.47,current,M,33,MEDIUM,5.2,5,537.0,1,17.0
630,4613,299488.0,3658.17,4236.85,33124.0,4927.23,3304.0,2704.8,57.0,601,16,4,31,81,524000,1,1,1.0,1,5914.15,861640.54,15654.0,977.0,23955.66,69613.0,42.0,26,29361.0,27734.17,44850.0,7,50,1275.0,42119.05,96532.0,40,104,38358.0,Y,1789.02,current,M,42,MEDIUM,19.8,9,737.0,1,16.0
631,2264,13820.0,23322.0,7432.05,21780.22,6781.03,6971.8,371.0,10.0,2,29,4,25,47,74100,1,1,1.0,1,59703.93,242827.0,49975.0,167.0,48380.26,9082.0,11.0,13,31174.0,171947.75,33840.61,2,59,16000.0,5774.32,40064.63,8,12,48698.0,Y,1100.8,current,M,67,MEDIUM,28.200000000000003,10,269.0,1,17.0
632,3785,6336.0,2500.0,17272.0,90726.35,5407.0,1229.04,10210.0,7.0,18,35,22,46,6,403000,1,1,1.0,1,1831780.84,650000.0,298472.0,3481.0,235218.12,33511.5,4.0,30,48505.0,3698.43,45496.0,43,23,22815.0,111008.4,107922.0,4,100,26321.0,Y,12780.44,current,F,35,LOW,13.5,7,855.0,1,13.0
633,10954,7486.0,8422.0,5430.8,4201.29,2061.68,7150.0,525.0,7.0,8,4,4,1,4,47000,1,1,1.0,1,5383.25,15036.0,16114.0,1411.0,150803.94,34606.0,70.0,2,21687.0,10728.5,22689.0,1,4,120091.0,45167.63,71477.0,40,11,107174.0,Y,10265.1,current,M,37,HIGH,11.9,5,296.0,1,14.0
634,18376,20349.0,37836.92,8929.64,15175.68,25584.0,3528.4,637.0,52.0,26,53,2,3,30,74100,1,1,1.0,1,124929.75,107639.28,12016.0,1332.0,438713.25,77205.0,10.0,36,2821.0,31644.4,14700.0,11,20,57778.0,35410.44,91955.5,41,80,86035.0,Y,3044.03,saving,M,33,MEDIUM,6.5,2,395.0,1,13.0
635,467,19089.0,5704.89,153.14,14796.35,1451.02,12783.0,1110.05,4.0,4,67,1,6,68,184000,1,1,1.0,1,204.0,76365.24,72000.0,-6335.0,37588.48,34987.0,16.0,3,20155.0,14097.63,15172.57,5,63,21515.0,38389.71,38862.0,47,35,44122.0,Y,1522.69,current,M,33,MEDIUM,9.1,4,737.0,0,12.0
636,10108,8475.0,6405.53,2994.98,9121.27,7839.0,3302.685,6301.25,12.0,30,32,47,9,67,25000,1,1,1.0,1,47.45,170989.0,1446.0,5730.0,36333.36,8141.0,5.0,43,217598.0,1210025.36,256270.37,2,75,100807.0,136179.26,156473.0,21,27,38130.0,Y,3439.01,current,M,61,LOW,20.5,2,623.0,1,11.0
637,14991,1961.0,35929.0,6751.0,7736.1,1111.0,37477.825,6667.0,67.0,1,1,24,4,62,273000,1,1,1.0,1,8370.8,12257.0,927.0,1992.0,2276.3,6269.0,91.0,30,77509.0,301121.78,15695.76,1,81,11750.0,93832.6,7648.0,9,73,41326.0,Y,978.43,current,M,29,MEDIUM,9.0,1,708.0,0,8.0
638,3446,7069.0,6764.01,4536.0,18529.32,4130.38,3469.94,5246.0,50.0,2,59,22,2,6,47000,1,1,1.0,1,328504.5,64491.0,230000.0,-4679.0,71952.56,40294.0,32.0,36,59465.0,8756.75,106985.92,43,8,21871.0,13763.0,75046.0,7,104,31900.0,Y,5247.31,current,M,53,LOW,6.6000000000000005,10,653.0,1,3.0
639,6285,12225.0,8886.85,5114.2,2542.0,3139.9,4744.855,524.76,7.0,6,67,25,1,54,92000,1,1,1.0,1,331.2,83402.0,519.0,12299.0,4381.2,323.06,16.0,2,119741.0,317.32,11516.0,43,82,26468.0,185048.75,43929.1,117,25,25826.0,Y,747.27,current,M,28,LOW,3.2,8,867.0,1,18.0
640,15117,17158.0,1634.5,496.0,3000.91,2544.52,1017.0,7458.82,7.0,3,50,1,62,5,47000,1,1,1.0,1,298492.0,165000.0,130000.0,6441.0,148034.77,32956.0,4.0,1,39355.0,29833.77,46525.65,2,20,19096.0,10066.0,76417.83,2,18,45976.0,Y,1313.07,current,M,35,LOW,1.5,4,385.0,1,11.0
641,14930,20160.0,35382.0,1113.0,11183.19,5673.0,2504.19,1216.0,92.0,26,23,50,18,31,252000,1,1,1.0,1,12510.0,104000.0,48950.0,-5998.43994,7821.51,27763.0,4.0,15,44500.0,29361.3,32316.0,1,14,13131.0,203746.25,21941.25,40,76,39900.0,Y,930.19,current,M,30,MEDIUM,5.0,4,503.0,0,3.0
642,16606,12832.0,1239.4,1555.0,12351.04,6626.31,15973.0,21927.62,4.0,29,89,42,6,4,45000,1,1,1.0,1,1859872.2,409168.15,2156.0,19765.0,45086.91,40575.0,3.0,6,58767.0,30954.22,43089.0,1,171,22060.0,75421.23,47292.75,5,10,16588.0,Y,6312.33,current,M,28,LOW,4.800000000000001,7,723.0,1,20.0
643,4926,167231.0,269320.52,20562.68,1025.36,4870.59,13757.0,10666.0,1.0,11,64,52,1,67,337000,1,1,1.0,1,20049.0,15695.88,33950.0,5340.0,40644.35,75424.0,89.0,1,33909.0,4722.0,114987.0,11,70,7453.0,50087.5,35621.75,94,9,16873.0,Y,886.36,current,M,35,MEDIUM,6.0,10,700.0,1,10.0
644,14389,12478.0,1533.0,2923.0,11166.66,4257.0,3073.0,12670.16,8.0,8,3,3,12,34,147000,1,1,1.0,1,328504.5,19.39,130000.0,20790.0,31706.89,30864.98,42.0,4,18027.0,98746.0,10019.0,7,20,43428.0,8681.97,121116.0,2,12,28057.0,Y,3192.66,current,M,38,HIGH,16.2,8,324.0,1,9.0
645,3153,12049.0,3820.54,431.52,12211.87,634.01,25254.0,9686.46,100.0,4,35,42,56,98,100000,1,1,1.0,1,291969.2,154121.9,43908.0,24326.0,4747.25,4120.0,10.0,2,370.0,21678.48,13439.5,5,63,20611.77,18677.71,660.0,3,13,18885.0,Y,6661.36,current,M,28,MEDIUM,7.2,1,639.0,1,13.0
646,7334,12652.0,3890.5,5222.41,1256.0,9447.93,9122.28,426.81,1.0,10,35,8,1,10,293000,1,1,1.0,1,185669.2,21577.06,24717.0,4314.0,38793.54,103171.5,12.0,1,16455.0,266682.76,184382.0,2,81,25288.0,36191.0,5626.0,40,7,27939.0,Y,3986.07,current,M,37,MEDIUM,15.3,6,802.0,1,6.0
647,10535,11231.0,13682.44,2508.0,934.92,7133.0,6741.73,6234.8,24.0,56,50,1,44,1,375000,1,1,1.0,1,1900.0,429273.4,130000.0,553.0,2074.0,75297.0,42.0,2,20050.0,39730.0,74205.0,3,21,34896.0,155252.58,10353.0,3,24,35752.0,Y,102216.02,current,M,63,MEDIUM,4.3,3,685.0,1,14.0
648,852,19478.0,24019.47,3899.0,1782.0,4043.0,50029.0,21126.0,4.0,31,19,1,3,5,371000,1,1,1.0,1,6440.0,244483.3,73217.0,12415.0,32369.25,71211.0,52.0,1,32089.0,41607.73,135164.0,50,171,32851.0,293132.53,48633.0,39,58,37201.0,Y,5622.52,current,M,53,MEDIUM,16.5,7,536.0,0,12.0
649,19758,10433.0,11665.17,12764.0,18743.76,12684.0,29163.94,1842.0,4.0,26,44,1,4,1,525000,1,1,1.0,1,510.6,69370.0,4895.0,-6885.0,47005.14,43625.0,42.0,35,61876.0,53448.79,24175.0,3,46,98599.0,97828.13,140939.0,14,65,26496.0,Y,80960.37,current,M,35,MEDIUM,9.0,4,503.0,0,6.0
650,15094,6939.0,9425.91,3659.93,28688.5,2449.0,7977.25,793.52,10.0,3,87,4,62,55,326000,1,1,1.0,1,456.1,96096.0,798.0,12415.0,13015.13,51838.26,89.0,5,15534.0,41960.91,95536.0,6,78,67048.0,28575.22,105788.29,94,1,310586.0,Y,207.9,current,M,35,MEDIUM,4.5,1,866.0,1,2.0
651,17147,14145.0,6447.0,1113.0,5317.93,2913.65,4639.75,5124.0,1.0,2,89,2,55,1,359000,1,1,1.0,1,28844.0,194099.3,13873.0,17080.0,49752.25,226540.0,69.0,1,140121.0,42875.94,85266.0,2,2,22836.0,86730.1,6160.0,16,107,93546.0,Y,1584.63,saving,M,32,MEDIUM,7.2,2,700.0,1,4.0
652,5085,3696.0,959.0,2583.0,13379.0,10397.78,14840.865,641.0,19.0,36,89,44,7,13,17000,1,1,1.0,1,151606.65,399.09,2644.0,3421.0,67122.91,11087.0,35.0,13,163167.0,16936.16,101499.5,1,12,22554.0,155449.06,130260.0,7,79,19186.0,Y,1915.56,saving,M,56,HIGH,36.0,10,750.0,1,9.0
653,13600,11438.0,2500.0,5020.48,9951.52,11070.0,18407.38,1432.0,56.0,8,29,2,7,1,67000,1,1,1.0,1,16387435.0,100934.0,583.0,12174.0,32992.3,13534.0,32.0,33,30608.0,9266.5,52784.0,45,50,15267.0,13688.0,27646.0,47,11,37842.0,Y,269.03,current,M,66,LOW,32.2,4,867.0,0,6.0
654,18999,4540.0,5269.19,2703.0,23284.88,4644.0,5353.345,4810.81,10.0,25,5,5,21,2,350000,1,1,1.0,1,33784.35,93.35,768.0,6885.0,18101.25,22790.55,11.0,4,59078.0,32696.43,6169.0,2,4,23951.0,81681.88,138556.0,10,79,24573.0,Y,3044.03,current,M,118,MEDIUM,68.60000000000001,9,647.0,1,18.0
655,9685,38460.0,44821.78,683.0,3359.5,10164.65,15536.0,701.0,50.0,1,3,48,6,1,599000,1,1,1.0,1,1641785.0,36359.0,4895.0,1444.0,82727.0,39748.0,20.0,0,14096.0,49237.43,33134.0,43,59,11999.0,26806.0,69553.09,6,83,21623.0,Y,9758.48,current,M,55,MEDIUM,31.5,8,700.0,1,15.0
656,8962,6549.0,27311.55,18242.72,7054.43,858.0,1461.25,28757.0,1.0,37,51,5,2,11,84000,1,1,1.0,1,19.95,125090.58,14550.0,-4679.0,25953.06,80333.0,42.0,36,49934.0,33797.43,90276.0,45,20,34048.0,117295.53,1035.0,3,49,189.29,Y,597.88,current,M,47,MEDIUM,18.900000000000002,4,736.0,1,4.0
657,10097,2085.0,94673.52,6041.0,10049.96,1109.0,24832.19,4562.0,531.0,10,11,24,5,11,481000,1,1,1.0,1,138272.2,24703.0,16114.0,5439.0,26685.91,29186.0,37.0,31,36180.0,36164.31,5617.0,6,4,22060.0,136986.63,106957.0,10,83,31930.0,Y,886.36,current,M,50,MEDIUM,12.0,8,858.0,1,10.0
658,12777,13043.0,21783.62,4156.53,3523.26,124.0,2686.52,6324.0,8.0,2,4,1,1,3,524000,1,1,1.0,1,48675.31,273221.0,4895.0,0.0,80229.29,53262.0,52.0,35,34.86,111647.68,301116.04,43,63,96358.0,41858.5,80645.76,11,79,38358.0,Y,204.98,current,F,38,LOW,7.2,9,537.0,1,4.0
659,12438,6606.0,40211.12,5418.11,7371.18,2598.0,27160.76,4087.0,50.0,34,64,24,2,47,155000,1,1,1.0,1,250631.8,63173.17,78309.0,-6301.0,168799.5,235.77,90.0,1,17155.0,47484.14,43760.08,0,11,46951.0,122017.59,27199.0,8,18,107669.0,Y,1169.1,current,M,29,HIGH,0.9,1,299.0,1,4.0
660,9847,793.0,2660.0,21747.0,6473.33,490.5,6439.3,277.0,2.0,56,11,1,23,11,518000,1,1,1.0,1,3486840.0,9866.9,43798.0,3897.0,2391.25,38855.0,12.0,36,23876.0,68374.1,24480.0,11,29,41099.0,36232.47,48241.0,8,14,35360.0,Y,3379.67,current,M,64,LOW,30.8,2,395.0,1,18.0
661,7269,17205.0,4148.98,4963.41,9775.0,9343.38,6656.8,646.0,531.0,71,50,44,3,13,170000,1,1,1.0,1,9624.6,3651922.3,9570.0,1500.0,7716.25,44957.0,72.0,7,61876.0,177347.39,38661.0,35,171,47439.0,45439.13,54445.0,12,18,117554.0,Y,1076.23,saving,M,32,MEDIUM,9.600000000000001,6,700.0,1,13.0
662,11771,3573.0,6197.33,8908.64,6166.93,16733.55,2098.72,1299.0,44.0,29,7,52,5,4,10000,1,1,1.0,1,98062.5,88482.8,583.0,-5998.43994,400869.15,52045.7,7.0,19,109000.0,10644.25,3186.0,2,13,35891.0,17486.75,36208.55,4,15,44289.0,Y,12370.12,current,M,25,MEDIUM,5.0,2,658.0,0,3.0
663,13879,6873.0,14686.91,9201.0,30463.0,436.0,16956.38,293.0,67.0,99,50,1,25,58,273000,1,1,1.0,1,1263221.7,64491.0,8333.0,6885.0,30946.73,288613.41,79.0,36,34052.0,50467.39,30027.5,16,4,4220.0,92851.02,150372.0,2,83,24071.0,Y,1621.67,saving,M,53,LOW,13.200000000000001,1,233.0,0,14.0
664,9743,3976.0,27118.82,19656.0,40753.35,4870.59,19603.4,5229.0,24.0,56,9,3,6,1,371000,1,1,1.0,1,165907.57,107692.0,13533.0,8362.0,123511.99,37312.0,4.0,4,34200.0,108895.12,5355.95,2,35,50200.0,29069.94,60923.0,14,58,20092.0,Y,2690.46,current,M,30,MEDIUM,3.0,1,638.0,1,5.0
665,17589,317297.0,47472.11,19181.36,26975.19,4053.5,218.0,381.0,7.0,1,52,47,1,2,30000,1,1,1.0,1,116.0,26884.0,25524.0,12174.0,36273.01,38643.0,18.0,17,18508.0,16540.55,20097.0,9,108,29043.06,25158.68,8085.0,2,11,86644.0,Y,510.32,current,M,31,MEDIUM,11.0,4,723.0,1,15.0
666,17161,92957.0,6201.4,72167.0,1529.0,10317.0,71576.0,2938.0,19.0,10,50,2,31,39,44000,1,1,1.0,1,1417886.15,64491.0,768.0,5439.0,1093.48,28736.0,8.0,1,19255.0,118952.15,30266.0,4,20,102500.0,163154.75,75928.72,9,37,65964.0,Y,11858.19,current,M,53,LOW,9.9,7,366.0,0,11.0
667,6552,18049.0,1995.0,1712.14,6278.1,14548.0,26501.74,205.0,531.0,26,87,2,62,3,472000,1,1,1.0,1,1502126.3,20500.0,1209.0,-5942.0,69875.63,17385.0,16.0,2,96905.0,46141.27,41398.5,2,59,39182.0,40347.0,930.0,40,100,16860.0,Y,4107.3,current,M,47,LOW,13.5,7,516.0,1,20.0
668,17350,215984.0,6156.5,12384.36,20569.5,4481.75,8506.43,22839.0,57.0,85,4,42,1,1,74100,1,1,1.0,1,68640.0,1543.85,20000.0,1500.0,150785.1,13170.0,7.0,7,40722.0,31471.01,18354.0,7,17,32971.0,258647.5,257.25,3,79,34531.0,Y,11406.69,saving,F,37,MEDIUM,10.200000000000001,6,454.0,0,10.0
669,19073,133104.0,5931.77,1101.0,17734.84,2860.0,7438.0,4010.0,14.0,47,105,1,5,11,110000,1,1,1.0,1,250631.8,11772.76,3570.0,5773.0,46188.26,38107.0,7.0,19,59990.0,50066.64,144303.0,4,8,1092.52,22184.42,46393.0,5,6,39129.0,Y,4162.37,current,M,47,MEDIUM,16.2,3,809.0,1,4.0
670,623,92347.0,18399.41,938.55,2869.7,11296.0,623.84,875.0,1.0,3,27,48,1,4,293000,1,1,1.0,1,551439.2,110135.86,22000.0,13135.0,478533.93,20960.0,4.0,26,21100.0,39216.46,67578.0,1,20,71952.0,40627.38,204034.0,5,73,63179.25,Y,1811.26,current,M,35,HIGH,3.0,1,537.0,1,11.0
671,15409,1740.0,14965.0,1855.0,2199.39,11180.28,6223.98,367.0,531.0,2,2,18,38,1,84000,1,1,1.0,1,12010.0,440000.0,68000.0,10455.0,46288.1,100488.0,40.0,0,75076.84,40870.0,260240.0,5,82,66196.0,15698.95,163197.0,40,58,102939.0,Y,4657.18,current,M,28,MEDIUM,0.8,5,314.0,0,14.0
672,9790,130442.0,113563.93,680.0,5365.88,986.68,4590.285,2376.0,531.0,1,64,3,4,4,479000,1,1,1.0,1,160.2,138475.4,11545.0,6441.0,177742.36,210711.77,3.0,13,5608.4,13035.75,34726.34,70,82,38296.0,61403.51,278931.0,40,1,551.0,Y,84873.13,current,M,33,MEDIUM,1.3,6,700.0,1,2.0
673,9958,18649.0,6050.33,9186.0,23606.0,489.72,12458.11,2177.0,24.0,43,13,53,1,2,429000,1,1,1.0,1,63247.65,76157.6,49975.0,886.0,21524.0,47863.02,46.0,6,28940.0,20368.84,15384.0,3,12,99.36,155636.92,72389.0,11,96,16808.0,Y,2076.92,saving,F,29,MEDIUM,7.2,9,511.0,1,18.0
674,212,17878.0,54839.51,4802.15,3097.93,3464.0,1316.1,1988.0,7.0,29,20,25,2,79,483000,1,1,1.0,1,48624.7,200926.0,57899.0,1992.0,71441.43,95371.0,90.0,1,27152.0,10324.0,53008.38,24,25,10326.0,60208.0,58932.0,16,38,238489.0,Y,68.57,current,M,60,LOW,4.0,5,248.0,1,15.0
675,7988,12090.0,15776.0,5303.05,47172.31,12549.0,558.42,16846.0,7.0,84,2,1,55,54,232000,1,1,1.0,1,81872.65,6.0,925.0,-5942.0,85919.48,23010.0,29.0,7,24668.0,29526.0,279233.51,7,82,13646.0,45345.98,56790.0,14,39,14680.0,Y,18749.45,saving,M,49,HIGH,14.5,10,626.0,1,10.0
676,643,8481.0,3008.0,591.0,1620.42,7322.0,36772.99,7018.0,1.0,1,87,2,1,1,472000,1,1,1.0,1,825.0,172678.56,73217.0,12415.0,12327.25,169890.46,16.0,5,46184.0,206434.88,52178.0,1,24,45447.0,26253.0,34054.0,8,7,174400.0,Y,2655.22,current,M,46,LOW,23.400000000000002,4,249.0,1,8.0
677,6899,344935.0,12589.0,6594.0,534.0,3694.0,2652.41,2059.0,44.0,23,50,30,14,56,395000,1,1,1.0,1,4120.0,232235.65,5797.0,-3506.17993,148310.55,38920.0,29.0,7,54761.13,27887.0,86255.0,5,67,21784.0,32125.06,144132.0,7,63,12096.0,Y,185.53,current,M,29,MEDIUM,9.0,8,710.0,0,10.0
678,1715,17130.0,41285.69,699.0,1583.27,1926.86,6305.0,9335.0,53.0,29,7,10,6,47,581000,1,1,1.0,1,3950.0,222222.0,5540.0,1992.0,6121.25,27144.0,1.0,36,21100.0,91464.01,64208.0,4,14,30720.0,16755.01,96055.75,4,13,19671.0,Y,43.07,current,M,64,MEDIUM,13.200000000000001,10,743.0,1,18.0
679,4498,4731.0,7015.5,4941.84,12481.09,10282.57,5431.24,722.1,1.0,47,9,82,55,8,575000,1,1,1.0,1,107700.0,15300.0,51520.0,5340.0,30496.0,41500.0,42.0,4,148340.0,25149.54,10240.0,31,20,20301.0,4617.0,37167.0,94,18,82000.0,Y,398.84,current,F,37,HIGH,17.0,7,771.0,1,20.0
680,9626,3124.0,5928.46,8267.65,26568.61,8699.0,21123.91,26180.0,17.0,19,1,54,15,98,467000,1,1,1.0,1,61186.36,65480.0,15756.0,6613.0,70868.95,66259.0,11.0,19,25275.0,141263.0,135492.0,70,11,44421.0,167658.0,200774.0,40,18,148650.0,Y,1166.45,current,M,63,MEDIUM,43.0,1,958.0,1,5.0
681,6146,11621.0,29405.13,2370.0,14796.35,20513.0,859.34,1213.0,12.0,9,50,30,2,56,102000,1,1,1.0,1,4230125.0,59306.0,13873.0,-5998.43994,22701.67,6258.9,11.0,3,27010.0,21230.5,22949.0,2,50,20974.0,135966.72,68093.26,16,104,35872.0,Y,85.23,saving,M,53,MEDIUM,3.3000000000000003,10,354.0,1,17.0
682,12186,302951.0,45996.41,4827.0,19462.0,4241.0,13174.09,2387.0,101.0,6,9,1,2,67,306000,1,1,1.0,1,67833.35,30453.0,300500.0,-6281.37987999999,36117.25,40546.87,2.0,1,59103.0,153372.75,77908.0,1,34,54405.0,39998.13,65306.0,4,32,16340.0,Y,1210.39,current,M,34,LOW,1.4000000000000001,8,424.0,1,16.0
683,19596,2125.0,3130.4,10966.59,42318.01,234.28,3893.88,1834.08,8.0,10,49,4,31,47,273000,1,1,1.0,1,76122.87,40000.0,25728.0,2351.0,1596.12,31558.0,52.0,13,14270.0,44241.0,28173.0,2,5,72661.0,674996.52,18992.75,8,63,33080.0,Y,3994.23,current,M,51,MEDIUM,21.700000000000003,8,700.0,1,3.0
684,18177,2591.0,13855.05,8733.93,906.0,15039.79,2048.715,19048.0,6.0,30,23,45,2,42,429000,1,1,1.0,1,18861.8,24703.0,248000.0,2351.0,33172.98,42859.99,18.0,1,199900.0,97556.36,247.0,11,63,88260.0,22404.95,78959.0,49,58,388145.0,Y,4810.1,current,M,37,MEDIUM,15.3,9,446.0,0,19.0
685,19131,1465.0,5167.25,5283.0,6052.89,1256.25,37042.0,7220.7,1.0,23,1,3,2,56,169000,1,1,1.0,1,209110.5,14000.0,28985.0,-5942.0,68128.43,21161.88,22.0,3,93883.0,61406.27,34419.86,1,59,27200.0,125800.68,26142.0,7,67,31321.0,Y,5284.68,current,M,56,MEDIUM,36.0,9,626.0,1,16.0
686,5945,345312.0,12979.58,2749.14,14088.0,7273.0,10066.0,10970.04,66.0,46,10,62,5,11,87000,1,1,1.0,1,199690.5,33668.0,130000.0,-5715.49022999999,30248.55,1704.0,4.0,19,20417.0,40321.16,31092.17,3,13,125912.0,50353.46,41913.0,47,80,101443.0,Y,122.55,current,M,42,MEDIUM,4.4,5,315.0,1,16.0
687,6129,10117.0,66539.8,21787.0,17662.0,1594.0,69451.0,3766.71,25.0,8,14,1,21,1,345000,1,1,1.0,1,71191.8,76157.6,28913.0,6916.0,50062.31,33262.0,46.0,3,46720.0,21404.04,36852.0,4,82,1254000.0,87774.65,54277.0,62,83,19086.0,Y,7009.71,current,M,34,MEDIUM,8.4,5,324.0,1,19.0
688,16061,2959.0,28800.41,5706.24,3321.49,910.0,30525.0,4207.0,2.0,71,50,41,1,11,391000,1,1,1.0,1,94127.1,191000.0,50000.0,-3506.17993,20144.0,31238.51,11.0,43,19454.0,94996.75,38384.36,6,23,33318.0,8038.5,224443.0,47,12,41601.0,Y,4383.73,current,M,37,HIGH,11.9,10,802.0,1,19.0
689,1084,16955.0,4770.97,3063.96,14804.17,3876.0,10298.0,1751.0,92.0,10,82,5,2,42,447000,1,1,1.0,1,53374.97,482147.0,96497.0,5340.0,39497.6,35470.0,103.0,19,60578.0,14555.71,23027.0,3,29,56610.0,65217.53,54352.0,6,38,17486.0,Y,15468.83,saving,M,47,HIGH,2.7,2,486.0,1,8.0
690,14570,3199.0,5620.31,3456.75,3174.07,77831.56,3194.52,5269.47,6.0,4,5,3,4,3,152000,1,1,1.0,1,825.0,141473.07,925.0,0.0,17626.41,65107.0,7.0,2,29175.0,90954.4,51257.0,2,6,1355.0,8683.06,83483.0,3,18,3700.0,Y,4124.13,current,M,63,MEDIUM,4.3,6,969.0,1,6.0
691,18578,8553.0,1138.63,4290.0,73629.66,5900.97,10227.0,1359.0,12.0,39,44,1,1,2,232000,1,1,1.0,1,77855.0,41813.0,38599.0,1332.0,79105.31,195712.58,63.0,4,13410.0,7094.28,40154.0,4,11,28292.0,58640.69,84127.0,6,18,30107.0,Y,29143.23,current,M,49,LOW,20.3,9,249.0,1,8.0
692,19969,136123.0,7675.76,1744.48,49444.95,63028.1,1367.0,1779.0,6.0,30,85,8,3,54,461000,1,1,1.0,1,550.0,278360.16,15756.0,1332.0,57184.53,69044.19,69.0,3,31176.0,126817.09,150018.0,43,82,41674.0,14131.5,71012.0,5,67,43206.0,Y,1868.79,current,M,34,MEDIUM,4.2,7,713.0,1,2.0
693,11538,16835.0,11774.34,1121.0,4350.92,1398.03,13026.8,441.0,26.0,36,87,20,2,31,190000,1,1,1.0,1,937.0,100934.0,78309.0,20513.0,332191.0,105458.0,18.0,1,25650.0,14858.0,13799.0,5,14,56355.0,23087.75,450.0,43,68,36490.0,Y,16131.21,current,M,30,MEDIUM,4.0,8,355.0,1,5.0
694,1713,12126.0,1932.73,29926.25,3274.54,6457.62,1846.67,1483.0,7.0,8,7,1,6,2,293000,1,1,1.0,1,674356.31,342412.0,565.0,-3506.17993,45679.03,40374.0,35.0,29,13597.0,77541.85,12245.5,4,11,110619.0,13379.9,53038.76,1,40,98441.0,Y,3892.35,current,M,35,LOW,7.5,10,796.0,1,8.0
695,8013,11784.0,14220.65,426.0,3409.0,521.92,96825.3,22433.79,4.0,10,13,42,1,75,533000,1,1,1.0,1,20747.5,25404.0,787.0,-5998.43994,504786.69,56689.91,63.0,35,123652.0,13708.12,30382.41,20,13,97758.0,31573.96,59806.0,21,106,14715.0,Y,2821.27,current,M,66,MEDIUM,46.0,3,700.0,0,5.0
696,7118,7674.0,14851.89,2370.0,74533.07,6612.4,3789.86,12625.0,4.0,1,4,49,2,55,327000,1,1,1.0,1,20049.0,446457.0,5591.0,-5942.0,30964.75,30903.02,39.0,3,55762.0,48796.0,54110.0,11,4,43986.0,14541.54,44984.0,8,106,26234.0,Y,20893.21,current,M,44,MEDIUM,19.200000000000003,9,867.0,1,3.0
697,16285,15634.0,4553.17,34632.0,8332.43,7437.0,1719.01,5333.6,50.0,26,50,57,2,1,466000,1,1,1.0,1,325024.6,400000.0,1515.0,5350.0,192064.42,85814.0,42.0,1,46626.0,17079.25,294602.0,6,21,47866.0,45934.0,227936.5,49,18,361.0,Y,294.55,current,M,28,LOW,4.800000000000001,8,700.0,0,18.0
698,1463,19027.0,1357.44,367.46,8164.0,12957.0,4887.12,3053.0,57.0,43,35,5,36,17,408000,1,1,1.0,1,526.25,177795.8,24619.0,173.0,41211.13,10806.0,89.0,1,39705.0,51577.9,64929.0,2,20,11372.0,86585.17,106608.73,2,65,26666.74,Y,133.99,current,M,64,MEDIUM,13.200000000000001,2,801.0,1,19.0
699,10574,9580.0,4801.56,1671.0,7943.5,3693.96,2093.54,3537.86,17.0,30,42,7,62,5,381000,1,1,1.0,1,1466675.0,52098.99,3975.0,-5998.43994,29066.23,48003.0,3.0,3,18502.0,13657.0,111500.0,0,12,42620.0,12243.85,108714.0,6,65,19889.0,Y,15275.08,current,F,32,MEDIUM,2.4000000000000004,4,355.0,1,11.0
700,982,15270.0,19690.89,7375.0,5794.78,1439.42,51162.53,4855.0,1.0,85,87,24,46,47,337000,1,1,1.0,1,825.0,130000.0,15477.0,5730.0,17362.0,1036422.0,16.0,9,83972.0,8644.0,14654.0,2,25,57000.0,7279.0,50158.0,3,113,28707.0,Y,47.75,current,M,33,MEDIUM,13.0,9,537.0,1,6.0
701,12500,3043.0,12815.03,10931.0,5225.0,1177.01,16617.915,1894.0,6.0,47,4,1,17,4,112000,1,1,1.0,1,137260.8,60481.0,2130.0,12174.0,36503.98,35796.0,11.0,7,26072.0,1008.82,78117.0,2,16,8554.0,87596.79,89492.0,5,57,88545.0,Y,3553.62,current,M,53,MEDIUM,33.0,8,883.0,0,17.0
702,15487,1224.0,8567.46,1986.0,1098.0,5450.48,5114.5,7792.91,1.0,2,52,1,1,3,44000,1,1,1.0,1,3950.0,470000.0,30040.0,1500.0,19999.48,46985.0,11.0,31,58090.45,32202.8,89421.5,2,82,5090.0,53869.4,31706.29,13,57,23208.0,Y,349483.43,current,M,37,LOW,1.7000000000000002,10,653.0,1,9.0
703,6355,11563.0,3363.16,2825.28,2141.13,17545.46,431.92,3067.36,43.0,71,64,10,3,26,327000,1,1,1.0,1,384550.05,399.09,13873.0,1500.0,37379.53,5046.0,10.0,26,23193.0,60673.59,12893.0,23,7,19010.0,49846.26,50337.0,5,36,208849.0,Y,1252.25,current,F,28,HIGH,0.8,9,708.0,0,2.0
704,9503,17365.0,2141.0,10258.0,1872.0,4161.0,5123.255,4006.0,26.0,10,30,1,9,1,100000,1,1,1.0,1,4435.0,18955.76,711.0,20324.0,39547.1,36958.5,42.0,1,18229.9,23236.0,78153.0,6,171,26537.0,244881.52,64111.0,12,11,37195.0,Y,1578.83,current,M,27,LOW,1.4000000000000001,5,523.0,1,14.0
705,7886,18666.0,33896.5,2003.0,8988.6,6745.0,308.0,874.81,4.0,2,67,2,12,1,187000,1,1,1.0,1,4088.71,12000.0,583.0,173.0,80764.75,113.0,18.0,7,22929.0,19782.57,595672.0,9,108,13704.0,69162.77,81541.29,3,80,383928.0,Y,2060.45,current,M,44,MEDIUM,19.200000000000003,4,503.0,1,11.0
706,2439,10377.0,11670.0,2703.0,1131.95,1655.21,4763.61,3762.0,7.0,1,49,44,7,17,574000,1,1,1.0,1,13849.4,52991.0,23500.0,-3625.0,327091.0,112561.0,52.0,9,33159.0,119411.26,62987.0,47,12,29516.0,43704.51,73086.0,6,9,37291.0,Y,3672.37,current,M,40,MEDIUM,4.0,6,867.0,1,18.0
707,4136,16085.0,1161.4,10750.0,23284.0,9673.36,3481.82,1847.0,6.0,23,4,47,2,80,378000,1,1,1.0,1,124064.65,43021.0,3570.0,5773.0,49550.61,61585.0,42.0,1,22744.0,187661.8,43929.0,23,63,26668.0,126814.06,24249.0,6,58,116766.0,Y,2050.17,current,M,60,LOW,24.0,5,771.0,0,20.0
708,13579,4469.0,4350.68,7303.92,2085.0,11276.0,12166.85,7762.6,25.0,36,13,8,60,56,483000,1,1,1.0,1,83400.3,17000.0,69493.0,-4679.0,238940.0,6096.0,38.0,36,34623.0,862819.88,125990.0,4,171,125303.0,72338.01,123841.13,8,96,35782.0,Y,3908.25,current,M,44,MEDIUM,7.2,3,299.0,0,5.0
709,6061,6108.0,32120.62,15063.91,1503.5,628.0,3681.0,2270.0,7.0,10,47,35,2,18,525000,1,1,1.0,1,233727.15,97000.0,33774.0,-6885.0,106483.39,48020.0,43.0,3,24567.0,294673.03,636.5,30,20,93001.0,41601.75,180948.0,13,49,29037.0,Y,1648.33,current,M,42,MEDIUM,15.4,8,485.0,1,18.0
710,283,105827.0,43200.39,293.0,21998.99,3500.79,515.0,2226.02,8.0,71,10,30,6,17,147000,1,1,1.0,1,15279.79,90829.65,4458.0,12299.0,44493.0,39221.0,40.0,30,15183.0,136544.41,5955.0,2,82,172300.0,60060.65,36104.0,6,58,34226.0,Y,3515.05,current,F,219,MEDIUM,99.5,4,809.0,1,11.0
711,6920,8827.0,6614.11,10021.0,20280.84,7268.4,10844.25,986.0,19.0,66,60,53,16,6,186000,1,1,1.0,1,23592.0,202560.0,16114.0,24326.0,45176.06,238012.0,46.0,9,33020.0,26053.54,78966.0,2,12,45864.74,37496.69,5342.0,6,106,29199.0,Y,2795.55,saving,M,47,HIGH,8.1,5,517.0,1,15.0
712,8910,5699.0,30146.64,3002.0,3401.06,14868.76,7197.465,2647.0,531.0,32,2,4,27,75,296000,1,1,1.0,1,1112.4,12971.0,5591.0,8723.0,38326.79,80223.5,103.0,1,89213.0,36660.5,87096.0,35,14,114263.22,100649.0,29539.0,8,32,31525.0,Y,3544.7,current,M,60,LOW,12.0,3,537.0,1,13.0
713,12834,216967.0,49983.0,2250.0,2866.57,3063.0,14014.48,802.0,5.0,30,10,1,3,42,410000,1,1,1.0,1,24832.0,278904.9,33774.0,-12179.0,37691.89,1663.0,17.0,14,18360.0,90798.54,5344.35,4,23,0.97,23907.76,73777.0,117,3,24023.0,Y,7034.35,saving,M,53,HIGH,29.700000000000003,8,966.0,1,10.0
714,13184,240486.0,14220.65,2461.0,45085.92,1334.03,63493.26,5715.0,24.0,34,14,8,2,47,98000,1,1,1.0,1,2173459.0,237365.38,610000.0,14509.0,114805.21,100488.0,18.0,2,131270.0,44741.41,88078.79,0,82,13866.0,71587.64,102043.0,2,37,46074.0,Y,997.8,current,M,47,MEDIUM,16.2,2,950.0,1,9.0
715,1254,20429.0,22232.54,7311.0,933.59,12357.13,1025.82,5279.61,2.0,27,64,48,3,17,19000,1,1,1.0,1,28844.0,19000.0,8764.0,35346.0,34481.65,18219.38,11.0,7,20985.72,76986.25,126799.91,2,7,95241.0,8590.54,82860.0,3,65,12415.0,Y,10900.95,current,M,62,LOW,33.6,10,355.0,1,17.0
716,14773,8538.0,51158.81,1058.28,18599.0,16077.96,24352.57,1497.5,3.0,6,46,42,1,6,304000,1,1,1.0,1,1665.0,182359.2,908.0,5773.0,33133.51,25278.0,4.0,3,14950.0,31153.0,50014.0,3,2,40116.0,27206.13,23926.0,2,78,53837.0,Y,922.51,current,F,34,LOW,12.600000000000001,1,886.0,1,19.0
717,19737,5596.0,42622.0,360.0,13827.45,558.01,7222.0,3779.67,44.0,3,67,47,4,98,293000,1,1,1.0,1,61761.4,12000.0,23032.0,-5998.43994,32340.12,55202.0,90.0,31,50835.0,125963.74,29784.87,5,20,14726.0,170352.2,63974.33,22,36,100183.0,Y,10155.1,current,M,39,MEDIUM,19.0,6,957.0,1,5.0
718,17108,33444.0,57604.77,2470.26,2017.92,2110.5,9514.0,8641.0,5.0,3,14,7,2,42,595000,1,1,1.0,1,3070.5,399.09,492.0,-5715.49022999999,110058.0,136511.5,46.0,19,27463.0,17468.36,198857.0,4,7,193967.0,139035.12,91091.0,5,100,38518.0,Y,2697.8,current,M,65,HIGH,13.5,6,748.0,1,15.0
719,12855,4250.0,13184.72,23561.21,688.62,9508.7,3978.015,6234.8,10.0,29,6,24,3,36,579000,1,1,1.0,1,89104.12,784499.0,48950.0,12174.0,14943.25,27950.0,42.0,23,29420.0,14144.76,30292.0,1,9,35071.0,180599.8,75930.0,9,1,17290.0,Y,13037.1,saving,M,53,MEDIUM,13.200000000000001,2,614.0,1,15.0
720,1443,307872.0,7952.79,21328.0,21545.45,2193.0,508.0,17045.0,1.0,26,10,2,1,13,345000,1,1,1.0,1,24832.0,64491.0,3792.0,6885.0,354252.38,77650.0,11.0,4,24620.0,168322.0,126706.0,7,82,16171.0,40419.32,30624.0,4,61,108780.0,Y,1076.23,current,M,34,MEDIUM,14.0,4,523.0,0,2.0
721,4960,673.0,2378.47,1113.0,67301.49,13838.52,9180.0,877.0,101.0,18,7,1,51,56,395000,1,1,1.0,1,28844.0,170989.0,24619.0,-4612.00977,21165.99,115572.77,20.0,23,16968.0,46615.32,97700.0,2,6,110842.0,11609.0,1323.0,3,24,37842.0,Y,15169.16,current,M,60,MEDIUM,24.0,3,683.0,1,16.0
722,19032,322452.0,1690.69,2846.6,4465.44,3125.0,10098.5,2576.0,10.0,128,29,8,48,1,25000,1,1,1.0,1,148705.0,1187335.5,610000.0,-5942.0,74023.01,45798.67,43.0,4,20050.0,17468.36,70831.0,43,82,14350.0,17606.0,724511.63,4,11,31311.0,Y,21127.13,current,M,37,MEDIUM,6.800000000000001,2,428.0,1,19.0
723,10963,17472.0,12233.97,23902.24,34313.0,6751.76,1983.76,18946.76,17.0,128,44,60,60,10,315000,1,1,1.0,1,3950.0,157000.0,8060.0,0.0,30507.37,2515.0,52.0,36,48900.0,64212.05,91694.0,31,17,80150.0,64572.43,133669.44,12,12,104196.0,Y,1789.02,current,M,32,MEDIUM,8.4,10,945.0,1,4.0
724,23,13975.0,40948.89,2317.14,102802.0,3078.75,13639.0,6117.0,3.0,46,23,15,2,58,586000,1,1,1.0,1,24129.0,244483.3,4367.0,-5998.43994,34483.25,12076.0,42.0,2,78577.0,36121.28,79388.9,2,5,144947.0,31423.5,55113.51,12,36,100691.0,Y,401.56,current,F,40,MEDIUM,12.0,4,385.0,1,18.0
725,4741,4239.0,1860.86,1254.0,5675.04,900.0,6305.0,4885.75,9.0,30,64,10,6,17,400000,1,1,1.0,1,9649.6,440000.0,1630.0,0.0,32017.4,59689.0,20.0,5,26589.0,21657.0,49073.0,5,20,98077.18,30491.5,14633.25,43,79,14334.0,Y,3468.04,current,M,25,MEDIUM,4.5,1,523.0,0,4.0
726,14171,11901.0,167434.74,12538.0,9595.33,1922.5,30997.0,4691.49,7.0,61,4,24,6,47,19000,1,1,1.0,1,165907.57,76365.24,2019.0,1014.0,45436.02,8834.0,43.0,0,11900.0,16398.04,82390.42,24,20,100807.0,69653.64,396555.78,62,18,17953.0,Y,942.21,saving,F,53,MEDIUM,3.3000000000000003,10,908.0,1,17.0
727,289,2031.0,1239.0,1991.0,2596.0,1426.0,7836.74,14864.17,136.0,93,50,3,2,13,139999,1,1,1.0,1,15961.9,399.09,462.0,1992.0,109281.96,43132.92,46.0,0,33163.0,118952.15,32551.0,6,44,58898.0,50364.01,9166.0,8,75,23658.0,Y,8932.6,current,M,62,LOW,33.6,5,233.0,0,19.0
728,14672,8584.0,16221.0,2544.65,17780.79,3335.0,76211.0,3053.0,1.0,13,59,15,2,22,147000,1,1,1.0,1,568.8,3084.5,539.0,1500.0,59896.76,161124.0,84.0,17,83000.0,81857.25,50268.5,4,13,21567.0,9799.01,31887.0,14,38,53513.0,Y,3020.19,current,F,42,MEDIUM,6.6000000000000005,8,748.0,1,17.0
729,17659,8670.0,1752.3,2157.14,1757.06,7399.2,3940.55,1216.6,19.0,7,3,1,20,1,369000,1,1,1.0,1,825.0,25172.0,1727.0,0.0,23885.42,55659.38,16.0,1,124884.0,538041.23,34875.5,19,20,22682.0,114100.76,22835.0,12,58,94927.0,Y,1515.14,saving,M,44,MEDIUM,16.8,6,968.0,1,14.0
730,8997,19680.0,8483.67,195.21,26757.91,9447.93,7550.52,263.0,100.0,71,82,5,46,47,19000,1,1,1.0,1,47450.2,337000.0,25524.0,-5998.43994,32571.23,424673.0,46.0,11,63843.0,61830.02,211025.0,70,11,37130.0,135215.9,28014.0,2,28,41702.0,Y,2482.49,current,M,62,MEDIUM,33.6,6,330.0,0,19.0
731,5585,30416.0,14834.49,2712.43,2390.92,8980.91,4648.3,11781.0,3.0,6,67,2,51,80,138000,1,1,1.0,1,22086.05,111000.0,8333.0,2351.0,112989.71,68766.0,11.0,1,20074.0,11248.12,175193.0,3,8,7940.0,34064.76,39378.0,16,65,119843.0,Y,1798.8,current,M,38,MEDIUM,16.2,1,914.0,0,17.0
732,8547,17990.0,30429.14,1150.0,8707.04,5478.56,1135.02,3175.93,6.0,66,47,24,3,3,127500,1,1,1.0,1,21220.0,95081.0,6100.0,3897.0,11131.0,55405.0,43.0,7,20588.0,28992.44,18252.0,6,108,7384.0,83332.01,6279.0,10,65,22442.0,Y,4072.44,current,M,33,MEDIUM,5.2,9,748.0,1,18.0
733,19296,13698.0,34037.99,1559.0,32181.0,5398.0,3536.0,13421.77,44.0,46,135,4,3,47,599000,1,1,1.0,1,684495.7,142608.5,1001.0,-6281.37987999999,37454.62,89269.0,63.0,5,6128.0,19990.95,26832.0,35,12,5350.0,39680.0,65015.0,6,120,45866.84,Y,2589.49,current,M,37,MEDIUM,6.800000000000001,2,743.0,1,18.0
734,1520,13804.0,11048.92,6580.0,6916.12,871.6,6552.0,7223.4,2.0,18,44,57,9,8,27000,1,1,1.0,1,115.45,75000.0,15654.0,12174.0,12886.85,139102.73,42.0,3,90328.0,21899.31,98067.24,1,108,75619.0,286047.0,65682.0,7,58,37783.0,Y,118315.93,current,M,223,MEDIUM,162.4,6,628.0,0,9.0
735,7688,47537.0,15366.0,938.55,678.32,833.0,13195.08,573.01,1.0,6,2,35,17,37,139999,1,1,1.0,1,881.0,40000.0,4367.0,5464.0,24704.48,50205.0,18.0,35,43187.0,23157.0,118445.0,23,5,7615.0,19652.66,330300.5,9,10,29867.0,Y,253.24,current,M,40,MEDIUM,6.0,7,503.0,1,5.0
736,531,329000.0,4454.28,2562.0,5222.0,38311.33,12610.5,215.02,8.0,15,16,4,3,1,479000,1,1,1.0,1,4435.0,185097.6,3975.0,903.0,100427.78,172574.65,72.0,30,30652.09,35037.07,81230.0,7,50,59379.0,51888.99,18091.75,7,36,57905.0,Y,573.04,current,M,66,MEDIUM,9.200000000000001,10,538.0,1,16.0
737,15611,7637.0,16171.77,8256.05,23613.67,1423.58,21654.0,443.0,44.0,10,117,1,56,1,156000,1,1,1.0,1,47.45,43397.0,50000.0,6885.0,18863.5,9942.0,11.0,36,49801.0,34004.46,197749.0,2,82,24598.0,128107.74,29164.0,14,11,3064.0,Y,490.99,current,M,61,LOW,36.9,9,708.0,0,3.0
738,2687,295048.0,11635.63,5928.0,5471.61,5623.0,60544.535,779.0,23.0,13,16,50,3,3,27000,1,1,1.0,1,84.65,157000.0,25508.0,3897.0,46957.25,20198.0,18.0,26,25128.0,25208.29,44624.0,2,14,56442.0,10053.75,238.0,49,80,286150.0,Y,6980.6,current,M,55,HIGH,24.5,3,537.0,0,9.0
739,7052,294844.0,1769.0,5979.58,3005.0,3662.0,1699.08,2696.0,8.0,29,29,1,31,47,402000,1,1,1.0,1,9118.35,393982.1,2644.0,1500.0,26450.09,50391.96,6.0,1,29671.0,551364.68,28636.0,0,81,20625.56,327397.37,49631.0,9,58,164.13,Y,124619.07,current,M,53,MEDIUM,9.9,9,924.0,1,17.0
740,19551,18785.0,9337.0,1121.0,7769.6,8284.15,39353.0,10079.9,26.0,23,70,1,18,34,245000,1,1,1.0,1,115818.74,278360.16,30011.0,1500.0,38071.59,65237.36,70.0,26,510.0,19068.72,194.0,1,104,162500.0,22644.0,78671.0,4,11,39518.0,Y,24296.77,current,M,60,MEDIUM,16.0,2,268.0,1,18.0
741,8996,9307.0,6439.7,2448.0,5079.04,1049.5,2179.0,696.0,10.0,65,112,2,9,44,78000,1,1,1.0,1,94493.75,86000.0,30071.0,1500.0,25147.61,114539.0,16.0,1,82114.0,93049.38,18252.0,1,7,13675.0,25906.55,51662.0,16,104,61491.0,Y,1040.65,current,M,49,MEDIUM,17.400000000000002,10,958.0,1,20.0
742,14563,14995.0,17875.92,3033.6,9350.76,14969.34,10024.5,5300.0,7.0,13,50,4,36,2,555000,1,1,1.0,1,10535967.5,82907.34,100000.0,20513.0,23807.99,202440.69,32.0,6,15541.0,28130.0,86758.5,6,25,13355.0,23152.1,217167.0,12,103,21584.0,Y,9376.39,current,M,29,LOW,0.9,7,623.0,0,11.0
743,9502,7943.0,2896.57,704.81,11502.72,8603.0,8839.0,9430.31,56.0,10,64,50,15,47,430000,1,1,1.0,1,12057.2,1475000.0,50000.0,6260.0,23313.5,14282.0,4.0,7,2400.0,59904.0,18134.0,7,6,29203.0,31315.37,22453.5,3,72,39883.0,Y,2119.86,current,M,58,MEDIUM,34.2,7,683.0,1,9.0
744,17300,1545.0,6347.31,10087.0,9873.0,1656.0,9023.92,239.0,6.0,3,7,22,25,1,138000,1,1,1.0,1,370776.0,145000.0,24619.0,2351.0,69533.13,24678.0,18.0,36,23281.0,59420.35,57518.5,43,17,256212.55,76616.63,382.0,38,2,33708.0,Y,2665.14,saving,M,53,MEDIUM,19.8,5,914.0,1,8.0
745,17540,20200.0,28068.78,1067.0,621.0,2354.25,18752.0,4544.0,29.0,1,67,1,20,1,193730,1,1,1.0,1,47024.8,170989.0,8417.0,1465.0,89672.29,53500.0,11.0,1,72874.0,6299.75,43627.0,5,18,293603.0,93340.93,218253.0,3,124,108474.0,Y,2509.31,current,M,33,LOW,7.800000000000001,6,911.0,0,3.0
746,14079,10300.0,11317.0,242.0,2868.44,4781.84,116304.0,2285.68,12.0,3,84,3,2,1,236000,1,1,1.0,1,272677.25,52000.0,16114.0,5464.0,45175.08,25910.5,67.0,35,34277.0,21060.5,40183.48,2,4,21929.0,109209.72,175504.0,6,76,84415.5,Y,4288.13,current,F,47,MEDIUM,5.4,4,516.0,1,4.0
747,10470,5618.0,7952.0,740.5,17275.31,8810.0,3841.0,589.52,6.0,65,44,1,1,17,272000,1,1,1.0,1,566914.0,12000.0,694.0,2921.0,26283.13,37201.0,6.0,2,25049.0,525169.48,5457.0,1,18,16225.0,67316.39,335.0,47,58,23157.0,Y,2905.79,saving,M,47,MEDIUM,18.900000000000002,4,233.0,1,4.0
748,9402,88032.0,8234.6,1160.5,17278.49,6798.45,39922.15,1751.0,92.0,23,13,1,8,58,367000,1,1,1.0,1,54860.05,202560.0,1374.0,0.0,18832.33,17630.0,41.0,13,74400.0,163331.25,10076.0,1,70,104784.0,17147.64,47610.78,49,38,26536.0,Y,129.66,saving,M,64,MEDIUM,44.0,5,866.0,1,5.0
749,3281,17159.0,18134.0,3569.0,18272.0,898.0,4326.205,11233.0,8.0,11,44,3,2,17,70000,1,1,1.0,1,3247.5,77965.0,24619.0,1954.0,53254.21,87603.0,103.0,1,21312.0,28550.9,58318.0,2,25,25717.0,116546.28,83898.03,8,58,51867.0,Y,39834.02,current,M,35,LOW,6.0,3,748.0,1,16.0
750,13668,7054.0,10697.61,986.0,13029.75,28429.49,17101.0,2696.0,1.0,43,86,2,3,39,139000,1,1,1.0,1,76780.0,200926.0,536.0,3323.0,25808.0,17132.0,3.0,4,29640.0,39708.12,34452.5,7,11,108548.0,22977.62,45736.0,3,10,9390.0,Y,78315.93,current,M,53,MEDIUM,9.9,3,867.0,1,14.0
751,6999,4069.0,4684.0,19070.7,9351.71,600.0,4188.9,1834.08,7.0,29,13,8,55,36,375000,1,1,1.0,1,13849.4,152.87,96558.0,173.0,17369.52,148800.0,11.0,36,9402.0,21304.0,26470.48,7,16,53601.0,72614.47,20526.0,12,57,43052.0,Y,7842.77,current,M,34,MEDIUM,9.8,4,638.0,0,15.0
752,12483,11809.0,1911.57,3923.64,21634.3,4010.0,8393.81,17939.52,8.0,42,29,20,1,79,26000,1,1,1.0,1,42460.6091,105000.0,550.0,24326.0,7.0,45754.0,55.0,0,33150.0,36121.28,45166.85,31,50,43134.0,90950.53,68210.39,43,58,37008.0,Y,1258.05,current,M,33,MEDIUM,1.3,5,258.0,1,15.0
753,3596,9472.0,5635.28,2405.0,32549.86,11431.0,5992.795,431.28,63.0,34,10,3,2,36,141000,1,1,1.0,1,6440.0,75925.0,23032.0,1500.0,66467.32,20476.85,39.0,17,71467.0,73779.19,42958.0,70,18,90000.0,3777.84,170175.0,3,21,6200.0,Y,836.77,current,M,37,MEDIUM,1.7000000000000002,2,683.0,1,6.0
754,17901,315298.0,18403.89,1179.0,19739.34,6447.0,20727.0,3912.57,63.0,77,9,18,1,1,369000,1,1,1.0,1,123134.77,24703.0,908.0,2921.0,66649.75,50538.0,52.0,0,21750.0,47179.94,39964.5,19,2,46004.0,65624.92,110284.26,36,32,19481.0,Y,35913.65,current,M,67,HIGH,9.4,9,855.0,1,20.0
755,15520,2793.0,8760.42,7592.0,923.5,9519.88,8335.64,681.0,57.0,1,27,24,9,1,579000,1,1,1.0,1,135067.6,1475000.0,3975.0,-5942.0,34774.95,70921.0,90.0,1,26081.0,126076.14,24148.81,5,8,31117.0,72766.06,27549.0,6,113,24328.0,Y,4773.42,saving,F,34,MEDIUM,4.2,6,860.0,0,3.0
756,15042,6753.0,639.5,5766.0,13554.0,1363.8,204.0,20823.0,3.0,34,14,3,2,20,47000,1,1,1.0,1,76.0,1425000.0,23500.0,13135.0,10885.8,29052.0,55.0,15,68896.0,3623.0,30661.0,2,5,66.0,57123.17,323944.0,117,63,30921.0,Y,309.71,current,M,33,MEDIUM,2.6,9,802.0,1,8.0
757,12128,16192.0,25084.0,1280.0,5890.4,538.0,6483.695,6943.16,8.0,99,30,18,18,18,371000,1,1,1.0,1,604365.0,200926.0,16114.0,7478.0,34877.15,22910.0,103.0,36,50611.0,46202.64,68039.0,4,20,205706.0,108175.88,54109.0,3,113,50511.0,Y,2620.97,current,M,35,MEDIUM,3.0,1,685.0,0,10.0
758,3817,9720.0,14270.0,5114.2,34619.85,25115.0,8506.43,2198.0,44.0,36,2,20,15,1,16000,1,1,1.0,1,551439.2,25404.0,49975.0,173.0,538261.91,29700.0,63.0,1,4833.0,53840.0,64128.86,4,8,17145.0,96289.94,1534.0,62,73,28842.0,Y,41741.65,current,M,30,LOW,8.0,2,683.0,1,12.0
759,9794,8290.0,10930.42,1515.0,30658.45,54559.52,6463.0,367.0,8.0,9,2,5,36,7,414000,1,1,1.0,1,1581000.0,338430.0,38599.0,2351.0,44447.94,125202.5,36.0,5,15880.37,3807.0,93518.0,2,82,25057.0,62574.99,48680.0,5,38,12866.0,Y,799.96,current,M,33,LOW,11.700000000000001,6,516.0,1,9.0
760,9508,1436.0,15863.0,1899.0,1233.0,2216.92,4399.0,3007.0,12.0,44,42,2,3,1,400000,1,1,1.0,1,40440.4,11982.0,1633.0,2351.0,217595.12,23444.0,18.0,1,25181.0,15207.0,69594.0,4,28,29842.0,125294.96,42002.0,8,1,25396.0,Y,586.55,current,M,66,LOW,36.800000000000004,4,424.0,0,5.0
761,9286,16689.0,7934.61,251.0,11411.0,1223.0,1273.5,6190.0,100.0,37,50,1,15,18,513000,1,1,1.0,1,4120.0,172131.0,15756.0,2337.0,36957.98,39190.5,11.0,3,24686.0,20298.14,24587.66,70,29,34383.0,51193.25,9740.0,10,50,139.0,Y,4281.37,saving,M,37,LOW,1.7000000000000002,1,653.0,1,10.0
762,12567,208.0,1002.74,3805.4,33327.7,8529.41,38883.35,1005.21,10.0,10,26,24,11,5,345000,1,1,1.0,1,568.8,760470.3,2841.0,20324.0,19797.81,35144.5,5.0,2,18503.0,138802.38,131142.72,50,8,9627.0,76650.23,9839.72,12,49,75798.0,Y,1170.49,saving,M,60,MEDIUM,28.0,8,355.0,1,7.0
763,19575,10362.0,42222.0,4381.31,6689.05,2835.0,2933.0,6234.8,1.0,128,9,1,15,80,170000,1,1,1.0,1,6100.0,39833.19,34550.0,9415.0,21969.43,25151.0,79.0,5,19656.0,27160.17,34216.0,3,104,14580.9,31597.63,8567.0,11,32,31502.0,Y,12557.32,current,M,66,MEDIUM,36.800000000000004,4,588.0,1,20.0
764,13328,17738.0,1594.06,343.5,3909.62,261.0,4770.5,6324.0,14.0,17,74,44,6,2,340000,1,1,1.0,1,12850544.36,27000.0,6000.0,5340.0,17736.14,31813.3,5.0,1,56997.0,101301.77,27037.0,3,12,23412.0,32828.25,50131.0,58,3,25529.88,Y,967.45,saving,M,33,LOW,1.3,3,536.0,1,20.0
765,13413,15590.0,64350.61,3327.8,14180.485,3334.0,3728.0,19810.0,12.0,9,27,48,12,75,160000,1,1,1.0,1,28482.5,340000.0,508.0,3735.0,21131.25,77893.08,18.0,0,17175.0,25152.25,32887.0,41,8,61450.0,27837.14,33860.5,58,80,56708.0,Y,5190.14,current,M,47,MEDIUM,13.5,1,243.0,1,9.0
766,14222,138940.0,20721.45,2294.72,5928.38,6776.0,4711.75,232.0,5.0,10,3,1,6,6,147000,1,1,1.0,1,127004.3,455873.9,798.0,8572.0,45834.21,42606.0,11.0,4,20955.0,45869.85,181599.0,5,13,36493.0,93437.59,158782.15,21,18,27028.0,Y,1351.32,saving,M,64,LOW,13.200000000000001,8,623.0,0,13.0
767,12580,20365.0,3257.0,1290.0,12607.95,6368.0,3254.0,23315.26,8.0,3,82,44,11,47,13000,1,1,1.0,1,102494.2,19721.85,908.0,3481.0,45873.0,124816.0,42.0,3,40447.0,18631.0,14363.0,2,20,15932.0,121549.0,5587.0,21,79,46082.0,Y,0.0,current,M,62,MEDIUM,16.8,9,485.0,1,2.0
768,19637,403830.0,720.0,4845.26,8839.24,2581.0,15157.0,886.58,50.0,18,72,3,2,5,28000,1,1,1.0,1,265809.85,238000.0,6100.0,-5439.0,60593.45,82400.29,29.0,7,23022.0,428325.89,40509.64,0,20,79301.0,14599.0,75291.0,21,11,27596.0,Y,2376.0,current,M,66,LOW,36.800000000000004,6,370.0,1,13.0
769,17884,86946.0,11995.0,11466.0,1154.7,2681.03,5685.0,6372.0,1.0,22,29,3,5,2,369000,1,1,1.0,1,8758.2,470000.0,93651.0,6916.0,76677.24,37226.0,5.0,4,21110.0,20859.0,77262.57,7,20,103000.0,10325.19,433122.0,8,12,82287.0,Y,36772.09,current,M,40,LOW,12.0,3,858.0,1,4.0
770,8056,126604.0,18662.61,25924.03,37902.7,3496.73,2854.52,200.0,14.0,128,14,3,63,79,293000,1,1,1.0,1,9255.43,165970.9,25000.0,-12179.0,38423.37,56196.92,18.0,9,17897.0,28930.82,16555.0,0,25,17960.0,62868.66,129978.0,2,14,23789.0,Y,1602.16,current,M,47,MEDIUM,24.3,6,914.0,1,10.0
771,9003,1454.0,90739.88,7349.28,18272.0,1430.0,565.52,36786.03,2.0,47,135,24,6,5,255000,1,1,1.0,1,690.0,134000.0,12000.0,-5998.43994,128240.97,178095.0,20.0,4,78681.0,51972.88,196798.0,2,44,42643.0,83045.5,47112.85,5,11,12891.0,Y,23857.24,current,M,47,MEDIUM,13.5,10,723.0,0,20.0
772,10478,331038.0,5940.38,4244.65,34429.74,10525.0,25468.74,1758.42,1.0,77,38,2,1,64,204000,1,1,1.0,1,55700.0,111000.0,694.0,-6281.37987999999,84577.79,18289.0,39.0,29,38414.0,60621.51,86649.0,4,63,27836.0,92099.56,109406.8,21,18,42678.0,Y,1358.04,current,M,66,MEDIUM,32.2,5,511.0,1,16.0
773,19601,339664.0,23441.81,16410.0,1334.0,2630.0,6492.23,37539.0,8.0,61,112,47,1,3,232000,1,1,1.0,1,153410.0,446457.0,34550.0,6613.0,14514.45,2168.0,12.0,5,27858.0,237284.0,15373.8,9,7,61910.0,37106.97,32883.02,3,18,22930.0,Y,144.61,saving,M,47,HIGH,2.7,5,299.0,1,6.0
774,15175,11198.0,26731.87,5005.92,37867.29,1810.02,4451.585,5898.19,6.0,61,74,30,1,42,138000,1,1,1.0,1,60050.0,560000.0,25524.0,3897.0,29655.5,30606.0,36.0,1,20890.0,57281.39,23037.0,0,42,45969.0,47409.08,1158.0,7,83,31561.0,Y,1858.03,current,M,63,MEDIUM,4.3,1,537.0,1,16.0
775,3418,17858.0,6204.15,2031.0,10465.11,4051.0,1723.0,431.28,6.0,5,20,45,11,1,550000,1,1,1.0,1,3030975.0,385218.7,500.0,8572.0,12204.5,25522.0,42.0,0,18867.0,83793.75,62621.0,19,20,40700.0,27975.88,39119.0,1,24,517.0,Y,3234.36,current,M,118,MEDIUM,29.400000000000002,4,924.0,0,15.0
776,13253,3223.0,764.16,363.0,3359.5,1588.41,5049.5,4133.22,44.0,56,49,10,31,54,249000,1,1,1.0,1,443.36,14000.0,13533.0,5730.0,68448.33,85057.0,4.0,3,14721.0,29209.56,93752.0,6,8,84144.0,107855.88,34177.69,5,57,53389.0,Y,12965.93,current,M,53,MEDIUM,6.6000000000000005,5,267.0,1,8.0
777,15684,1918.0,7506.0,3853.75,40202.01,2800.37,1621.59,4171.04,14.0,1,5,10,1,4,199999,1,1,1.0,1,6440.0,142608.5,13533.0,5340.0,192056.41,19424.0,69.0,1,22538.0,43380.45,3829.84,1,42,46474.0,82337.18,132687.0,3,36,199.0,Y,10729.11,saving,M,66,MEDIUM,46.0,7,684.0,0,3.0
778,12789,1203.0,84216.37,5415.0,2713.85,17403.0,3155.99,4982.0,44.0,23,5,3,56,55,579000,1,1,1.0,1,115.45,185097.6,50000.0,-4679.0,53679.0,24040.0,46.0,4,170000.0,29153.68,132804.5,2,7,21530.0,115108.29,90788.0,9,50,66329.0,Y,72379.91,saving,M,66,MEDIUM,32.2,1,385.0,1,8.0
779,1557,16496.0,1507.87,97164.0,6765.27,1530.0,8028.0,13971.0,44.0,23,16,1,21,1,98000,1,1,1.0,1,62217.0,273221.0,130000.0,2351.0,25020.0,23357.0,22.0,17,22929.0,22553.97,3210.67,6,171,58710.0,22171.75,171940.0,22,21,16580.0,Y,6693.09,current,M,29,LOW,2.7,6,486.0,1,10.0
780,1297,83905.0,4086.5,1622.42,16388.95,1099.9,12255.0,6768.17,12.0,36,10,24,18,1,267000,1,1,1.0,1,471.05,330001.0,24619.0,5464.0,54.25,22295.2,84.0,43,1090.0,31396.25,11834.0,1,49,53250.0,62885.32,25992.5,2,18,13922.0,Y,3087.19,current,M,30,LOW,4.0,1,249.0,1,16.0
781,11979,322339.0,25684.0,355.0,34449.58,10309.0,29802.35,557.0,44.0,16,7,48,2,54,114000,1,1,1.0,1,960000.0,152391.0,12000.0,1931.0,243221.35,38709.0,72.0,4,23925.0,86844.8,49687.0,2,6,99040.0,10325.19,58377.0,3,113,22458.0,Y,5410.96,saving,M,35,MEDIUM,1.5,9,249.0,1,17.0
782,16713,6007.0,13651.0,6852.0,4126.11,3347.0,2461.0,4802.8,4.0,19,2,50,21,54,98000,1,1,1.0,1,298492.0,185000.0,300500.0,0.0,41425.25,48419.0,42.0,1,20776.0,65281.24,29763.0,31,81,14269.0,43821.0,40428.0,11,24,12515.0,Y,2643.11,current,M,38,MEDIUM,3.6,4,914.0,0,9.0
783,18846,12981.0,13381.85,612.0,8877.0,342.0,8757.0,1576.99,2.0,26,85,2,1,1,329000,1,1,1.0,1,3101.3,172131.0,19176.0,-5715.49022999999,120640.5,55874.0,55.0,5,23519.0,137746.76,34629.0,3,81,18837.0,553496.67,260940.28,16,104,16417.0,Y,34670.95,current,M,66,LOW,23.0,7,921.0,1,12.0
784,1876,3432.0,2234.5,5693.0,4257.38,8114.87,11803.035,4957.28,6.0,29,10,2,5,8,327000,1,1,1.0,1,2184.0,25404.0,15477.0,12415.0,29768.13,36923.0,16.0,5,49829.85,190292.5,95442.0,11,20,11541.0,38742.99,91090.5,46,63,103638.0,Y,618.33,current,M,37,HIGH,5.1000000000000005,2,486.0,1,4.0
785,14794,16045.0,5975.12,3552.5,14804.17,16999.17,1178.0,3700.0,3.0,10,47,1,23,17,568000,1,1,1.0,1,3638.25,14000.0,19081.0,6885.0,77138.88,308581.51,20.0,30,9515.0,150263.75,51687.0,50,14,385963.0,44440.72,4359.0,19,8,21120.0,Y,4404.42,saving,F,51,MEDIUM,31.0,8,245.0,1,3.0
786,16316,406723.0,4086.5,9836.0,24356.195,16009.73,12155.39,378.0,56.0,23,87,42,25,75,66000,1,1,1.0,1,111.4,11000.0,73217.0,5464.0,64270.78,50192.0,46.0,26,16496.0,49700.22,38883.37,50,81,97769.0,47091.5,101350.33,94,3,15225.0,Y,2279.31,current,M,61,MEDIUM,28.700000000000003,6,265.0,1,16.0
787,13319,379.0,30037.09,2209.0,2521.875,671.0,5561.125,1956.0,6.0,27,89,4,14,10,513000,1,1,1.0,1,347309.75,190887.4,2019.0,1444.0,25117.02,21144.0,11.0,14,55763.0,24969.48,137905.37,9,171,63853.0,241083.15,216.0,6,80,139.0,Y,11504.07,current,M,64,LOW,26.400000000000002,1,454.0,0,14.0
788,10699,10196.0,14265.0,9882.0,46340.0,2017.2,2184.0,1303.0,67.0,47,60,24,17,3,125000,1,1,1.0,1,5045.13,15375.23,16114.0,2351.0,20184.46,437892.0,95.0,55,147257.0,14107.0,41243.0,11,12,33176.0,78361.33,6847.0,2,21,30109.0,Y,4749.57,current,M,44,MEDIUM,4.800000000000001,5,511.0,1,16.0
789,10271,299863.0,6009.52,60495.0,8635.23,7282.0,2463.0,12868.0,12.0,5,17,1,14,47,114000,1,1,1.0,1,84446.0,16000.0,43798.0,0.0,54238.75,132489.0,46.0,15,13918.0,50948.92,65262.62,5,20,64208.0,126535.46,126343.0,13,49,23238.0,Y,2437.5,saving,F,37,LOW,10.200000000000001,2,748.0,1,9.0
790,37,8149.0,3979.0,5529.0,33012.0,7552.0,14883.605,799.0,15.0,4,13,4,27,12,303000,1,1,1.0,1,0.35,295150.9,925.0,12965.0,111802.0,50339.0,147.0,3,13597.0,113370.0,191734.0,0,20,14730.0,33064.0,20393.0,8,7,24799.0,Y,141.15,current,M,29,MEDIUM,0.9,10,575.0,1,9.0
791,3974,20349.0,13344.02,14320.02,6635.5,4085.0,3775.48,1425.37,66.0,30,19,1,44,11,20000,1,1,1.0,1,1488748.8,500358.79,155205.0,14509.0,37431.67,48205.0,77.0,9,3936.0,183190.49,20090.0,5,171,53710.0,2259.0,37041.34,4,7,94534.0,Y,15092.58,current,M,53,LOW,26.400000000000002,4,708.0,0,2.0
792,11927,16118.0,34386.39,7852.58,1093.5,49851.01,2755.0,6324.0,26.0,3,89,5,62,8,520000,1,1,1.0,1,48675.31,232524.0,6100.0,0.0,16926.32,41151.0,4.0,3,80309.0,213.52,26727.4,10,5,24922.0,19731.72,46202.0,4,103,23344.0,Y,3379.82,saving,M,47,LOW,21.6,3,743.0,1,10.0
793,16105,17884.0,18508.0,9657.13,15342.82,8607.0,35898.56,378.0,124.0,9,50,1,18,1,411000,1,1,1.0,1,568.8,68663.61,3570.0,5464.0,22789.42,107618.0,11.0,23,28481.0,94006.86,23904.5,1,7,20700.0,46720.6,11216.0,4,39,30921.0,Y,4658.01,current,M,35,HIGH,4.5,3,394.0,0,14.0
794,5472,6798.0,4570.0,10809.0,11821.65,12509.0,9180.0,664.45,63.0,10,9,2,2,30,84000,1,1,1.0,1,167.5,36000.0,5540.0,886.0,19514.18,51512.0,42.0,4,39458.0,76530.0,75027.0,1,5,42017.0,26379.82,31748.51,1,104,197101.0,Y,8388.56,current,M,34,LOW,4.2,4,620.0,1,16.0
795,14792,327399.0,32694.9,1776.87,37052.81,5797.0,12783.0,22068.77,4.0,67,27,47,20,17,155000,1,1,1.0,1,61186.36,25404.0,1633.0,1332.0,249820.13,45832.0,38.0,1,17354.0,14767.87,20877.0,43,24,88260.0,9749.64,20109.0,1,32,13299.0,Y,4619.92,current,M,33,MEDIUM,6.5,1,305.0,1,12.0
796,10960,20226.0,13254.09,8193.0,1589.0,894.0,31402.385,1492.61,19.0,601,50,47,2,2,192000,1,1,1.0,1,48624.7,1187335.5,24250.0,5730.0,114634.48,32745.0,42.0,3,78750.0,39602.46,100918.0,3,20,22967.0,80436.46,20068.02,6,58,31047.0,Y,3653.68,current,F,28,MEDIUM,2.4000000000000004,2,743.0,1,3.0
797,1047,12827.0,19158.0,901.73,290.0,10834.97,4494.0,4262.0,28.0,84,135,22,62,55,567000,1,1,1.0,1,8209320.0,253000.0,48374.0,2351.0,21468.2,599774.0,7.0,0,41662.0,37927.92,32774.0,50,23,7900.0,4404.73,61440.0,2,6,18522.0,Y,3015.36,saving,F,42,LOW,19.8,8,644.0,0,5.0
798,15858,1709.0,4929.38,441.0,9733.5,1675.21,757.0,2341.58,57.0,84,67,25,2,10,170000,1,1,1.0,1,16317860.0,177795.8,908.0,167.0,41970.25,113135.71,4.0,7,36990.0,23039.58,6199.1,50,108,31157.0,30370.94,112287.58,2,3,46363.0,Y,7023.02,current,M,53,LOW,9.9,1,385.0,1,14.0
799,9553,8787.0,11078.92,19739.44,1190.0,2131.4,33578.105,7458.82,66.0,83,89,1,2,81,114000,1,1,1.0,1,144555.95,482147.0,6000.0,6613.0,71968.88,31262.0,90.0,1,32927.0,84585.62,83241.0,31,14,25004.0,59500.9,33306.0,12,3,6066.0,Y,3024.85,saving,M,46,LOW,5.2,10,536.0,1,16.0
800,9438,11495.0,11140.85,466.0,12827.43,4088.02,8659.0,1209.0,9.0,23,19,10,25,98,147000,1,1,1.0,1,253302.0,64215.6,48500.0,0.0,45652.0,437892.0,12.0,19,13128.0,15638.18,51752.0,9,6,34370.0,82592.02,1755.71,3,75,43055.0,Y,9834.73,current,F,30,LOW,7.0,4,653.0,1,9.0
801,9851,172751.0,3147.5,3190.0,43594.15,13885.0,6217.0,8803.0,56.0,22,67,44,2,91,59000,1,1,1.0,1,160.2,156215.3,5981.0,5464.0,44539.75,1573.0,79.0,2,116213.0,16356.0,6353.25,1,5,65099.0,83554.47,3413.0,93,12,87726.0,Y,11844.5,saving,M,33,MEDIUM,6.5,10,536.0,0,18.0
802,16750,311245.0,16986.73,2700.48,2107.7,540.33,3356.0,12743.0,44.0,71,71,1,6,54,240000,1,1,1.0,1,21511.8,290000.0,908.0,1079.0,126054.7,11561.0,11.0,13,19759.0,15122.0,59201.66,2,6,30080.0,22820.0,23687.0,3,10,1201.0,Y,15221.31,current,M,33,MEDIUM,11.700000000000001,5,485.0,1,19.0
803,19786,755.0,5397.0,1185.5,2709.5,3311.2,10149.935,10137.04,2.0,7,59,3,1,17,462000,1,1,1.0,1,298492.0,90829.65,155205.0,-5715.49022999999,18247.06,69317.0,4.0,1,17218.0,29006.64,8188.0,1,44,59484.0,533.0,15705.0,4,72,45280.0,Y,9956.75,saving,M,56,MEDIUM,3.6,3,614.0,0,17.0
804,13283,119634.0,53346.77,16513.08,4508.905,5739.87,9627.13,6027.74,1.0,7,87,48,1,6,54000,1,1,1.0,1,5210.85,134000.0,641.0,4889.0,26275.23,45357.0,90.0,36,17280.0,95226.39,2957.0,1,24,74020.42,441.5,50103.0,1,83,62979.0,Y,1266.53,current,M,32,LOW,4.800000000000001,3,863.0,1,2.0
805,19187,244147.0,10669.0,5283.0,38423.86,9962.0,19582.78,84874.4,19.0,17,9,44,27,9,784000,1,1,1.0,1,39851.93,53750.0,16215.0,2921.0,31448.21,32350.0,87.0,1,101617.0,50294.48,79321.66,6,35,25228.0,143097.52,51733.0,94,104,24037.0,Y,10498.63,current,M,28,MEDIUM,1.6,8,748.0,1,14.0
806,16204,1750.0,23734.22,5512.0,4813.8,7502.0,4413.0,354.0,4.0,23,61,22,11,4,319000,1,1,1.0,1,449275.0,500358.79,51520.0,26601.0,150354.78,18311.88,4.0,1,37123.0,120832.66,36315.0,0,78,125303.0,10773.0,37177.75,117,10,31508.0,Y,1659.82,saving,M,53,MEDIUM,19.8,2,685.0,1,9.0
807,14528,15054.0,27557.83,11335.3,5344.32,4231.77,13289.81,3821.0,7.0,5,44,47,16,98,127500,1,1,1.0,1,37916.0,170989.0,130000.0,6916.0,96382.13,31848.0,11.0,0,30397.0,43692.92,30227.0,3,8,31930.0,39703.52,14135.0,21,113,23520.0,Y,3364.53,saving,M,40,MEDIUM,18.0,2,488.0,1,18.0
808,8107,6664.0,14575.07,14409.95,594.0,4133.0,18724.5,30385.0,1.0,27,67,6,55,2,16000,1,1,1.0,1,7713.51,785115.94,23160.0,-4324.0,5698.25,37396.0,18.0,2,18807.0,40890.7,5062.0,43,20,91894.0,126930.15,174138.0,8,12,99755.0,Y,38210.02,current,M,66,MEDIUM,9.200000000000001,6,394.0,1,16.0
809,875,14962.0,5882.0,1101.0,2627.0,16242.0,7348.0,1361.0,136.0,17,5,2,26,1,568000,1,1,1.0,1,123295.4,64491.0,24619.0,12299.0,15609.19,25267.0,63.0,1,39263.0,32900.4,135222.0,6,12,1505.47,53304.87,33833.0,94,39,36273.0,Y,4384.97,current,M,40,LOW,4.0,5,508.0,1,7.0
810,9059,36705.0,25256.68,2831.0,1849.9,4410.0,3157.2,27668.26,66.0,9,27,47,4,1,371000,1,1,1.0,1,1053411.2,5729.0,13873.0,-12179.0,178058.49,200419.15,4.0,55,11339.0,1194.0,77908.0,2,4,44061.0,27435.75,745.23,14,39,20090.0,Y,1089.26,current,M,32,MEDIUM,12.0,9,883.0,1,13.0
811,12009,14113.0,2726.0,326.38,2472.92,36222.87,4881.915,5898.19,26.0,26,84,4,3,1,100000,1,1,1.0,1,165907.57,257406.7,100000.0,173.0,62042.0,32721.0,77.0,3,24888.0,52180.0,27982.0,1,12,30846.37,30950.04,57980.96,4,103,777.0,Y,10735.76,saving,M,66,HIGH,32.2,8,866.0,1,3.0
812,18990,31633.0,53141.48,6101.9,50797.03,2086.64,3422.0,210.14,10.0,84,35,24,2,77,302000,1,1,1.0,1,120285.0,149403.0,583.0,5464.0,134137.71,80288.0,4.0,2,99998.0,19068.0,148881.0,3,35,51874.0,18805.63,46958.0,21,18,15765.0,Y,28708.32,current,M,33,MEDIUM,2.6,9,809.0,1,8.0
813,6904,167481.0,37382.0,5295.04,9800.4,2407.0,10227.0,70092.0,23.0,10,4,57,2,37,519000,1,1,1.0,1,825.0,43200.0,938.0,6916.0,14779.08,35129.77,10.0,5,13643.0,263711.06,9709.0,31,46,40116.0,92389.57,461.93,36,54,55913.0,Y,4292.75,saving,M,32,MEDIUM,3.6,10,245.0,0,6.0
814,15950,4014.0,8674.0,2831.0,173580.0,2011.0,2641.0,566.0,56.0,23,50,18,4,4,750000,1,1,1.0,1,76780.0,165000.0,16215.0,-4664.0,31596.0,9583.0,46.0,4,18834.0,46566.04,32128.36,6,4,33641.0,103352.5,57980.96,40,11,33754.0,Y,5497.7,current,F,44,MEDIUM,24.0,9,867.0,1,7.0
815,13764,37388.0,1632.0,3341.0,1941.32,140.24,5228.0,1776.0,4.0,6,35,2,9,31,453000,1,1,1.0,1,15079.5,116533.0,15000.0,7478.0,22064.01,36923.0,42.0,0,27018.0,44059.04,44105.5,47,70,24890.0,54985.47,75030.0,10,79,32429.0,Y,10506.59,current,M,53,MEDIUM,3.3000000000000003,1,464.0,1,10.0
816,17224,16718.0,2102.0,9364.0,6406.0,8871.46,5247.0,4083.0,17.0,1,44,50,1,39,17000,1,1,1.0,1,6440.0,636413.11,11580.0,5340.0,18870.07,54934.0,91.0,33,16568.0,66566.39,69752.0,43,12,26519.0,26179.28,149724.0,9,11,13981.0,Y,8417.75,current,M,33,LOW,1.3,5,355.0,1,5.0
817,4932,3626.0,4568.38,876.32,29598.04,364.0,12457.0,3192.0,531.0,11,61,8,5,2,290000,1,1,1.0,1,53374.97,38928.0,908.0,10455.0,14112.0,12108.0,4.0,3,155000.0,12329.0,37221.86,1,20,35741.0,46639.5,142541.0,5,103,60164.0,Y,9575.05,current,M,46,MEDIUM,23.400000000000002,5,243.0,1,15.0
818,19310,12133.0,5287.15,3153.0,2941.3,961.0,3787.2,1914.0,1.0,3,2,1,15,10,579000,1,1,1.0,1,684495.7,93.35,2644.0,2921.0,32963.89,24558.0,52.0,2,28966.0,34331.22,15164.0,50,50,30498.0,33641.0,153579.0,36,35,11667.0,Y,5067.63,current,F,47,HIGH,8.1,10,324.0,1,2.0
819,4638,12682.0,5864.67,4941.84,2750.0,10455.88,852.12,379.0,12.0,43,7,26,2,4,533000,1,1,1.0,1,47299.5,111500.0,100000.0,3323.0,44069.03,91513.5,5.0,4,27514.0,40890.7,104491.0,20,82,8925.0,43724.25,37007.5,21,12,8167.0,Y,26.23,current,M,37,MEDIUM,15.3,7,537.0,1,17.0
820,17448,12518.0,7982.54,7890.8,10401.57,5282.0,9812.0,3314.0,5.0,28,30,5,4,13,17000,1,1,1.0,1,526.25,358480.64,579.0,1954.0,31383.6,68223.0,147.0,3,42007.0,26807.39,10138.0,6,14,171280.0,53869.4,110301.0,5,106,704.0,Y,7864.1,saving,M,55,MEDIUM,17.5,10,385.0,1,10.0
821,15896,11753.0,14210.48,5312.9,2479.19,7250.0,6556.6,1016.0,1.0,26,82,1,51,3,383000,1,1,1.0,1,101891.25,19000.0,1515.0,886.0,54303.88,98543.99,103.0,13,36067.46,32445.75,45556.0,2,7,18207.0,77297.0,69074.06,21,101,25406.0,Y,1307.02,current,M,47,MEDIUM,13.5,3,372.0,1,6.0
822,4100,323031.0,43225.5,3370.29,13624.48,12251.19,4253.15,3137.0,6.0,23,82,8,2,98,170000,1,1,1.0,1,213557.15,61022.63,300500.0,2351.0,11686.52,125559.0,40.0,7,97486.0,10742.48,166879.0,1,49,33881.0,30314.22,33404.79,42,49,20508.0,Y,852877.86,current,M,66,MEDIUM,27.6,2,928.0,0,13.0
823,14315,9712.0,14504.85,887.0,35300.38,10782.85,282.88,12815.0,26.0,9,23,18,12,31,124000,1,1,1.0,1,942327.7,330001.0,1255.0,6916.0,58413.23,19170.0,7.0,35,21100.0,81675.88,11518.76,1,4,37429.0,62605.68,12063.0,36,113,16750.0,Y,5218.06,saving,M,42,MEDIUM,22.0,4,653.0,1,10.0
824,17387,3588.0,9266.0,1360.77,1046.75,30843.0,6863.0,8540.5,28.0,23,38,4,1,68,34000,1,1,1.0,1,593.2,187788.1,1515.0,5773.0,13555.54,128891.0,103.0,35,14786.0,6500.0,13115.0,17,27,114004.0,60674.42,51662.0,5,11,43541.0,Y,231.98,current,F,47,HIGH,10.8,4,243.0,0,16.0
825,11693,8468.0,25173.45,1385.0,4390.6,8929.9,3813.5,1729.0,18.0,34,13,8,1,56,471000,1,1,1.0,1,970271.35,53749.0,100000.0,1500.0,124647.9,38550.44,22.0,0,22957.0,15379.15,106251.0,4,2,99306.0,158398.0,24353.0,8,83,54365.0,Y,7852.08,current,M,33,LOW,5.2,5,628.0,1,4.0
826,5889,11610.0,22319.75,2294.72,55945.0,9519.88,7513.505,2397.0,1.0,10,16,7,3,58,184000,1,1,1.0,1,151606.65,38928.0,3975.0,-6281.37987999999,40800.1,41040.0,46.0,5,29863.0,319.08,31249.0,47,11,31117.0,51442.35,113915.5,21,8,32157.0,Y,10174.63,current,M,32,MEDIUM,1.2000000000000002,4,928.0,1,17.0
827,18271,17931.0,11579.67,875.0,2778.42,943.0,4615.97,6738.0,17.0,14,10,26,4,80,307000,1,1,1.0,1,309795.13,157000.0,18389.0,5464.0,42146.0,70070.37,16.0,1,35786.0,88847.88,88636.0,2,13,19404.0,48080.46,100988.0,49,113,29791.0,Y,2231.46,saving,M,40,HIGH,18.0,9,448.0,0,20.0
828,8922,9199.0,2717.08,4931.6,39650.39,17183.0,11577.0,14701.0,4.0,10,4,2,16,8,48000,1,1,1.0,1,5809950.0,50034.93,29542.0,20324.0,154425.0,8933.41,46.0,2,45750.0,42658.32,67292.0,20,14,117144.0,28513.93,35480.0,94,18,53589.0,Y,3426.58,current,M,44,MEDIUM,19.200000000000003,2,330.0,1,7.0
829,9926,18237.0,21807.17,5064.95,2782.78,5248.0,7423.0,3250.0,5.0,4,20,5,1,5,188000,1,1,1.0,1,385.0,185097.6,678.0,2921.0,21426.0,6019.0,36.0,35,59990.0,23718.53,36881.0,50,171,29203.0,15456.11,181399.05,2,42,24110.0,Y,3166.97,current,M,37,MEDIUM,1.7000000000000002,5,270.0,1,14.0
830,5586,7619.0,5484.47,6852.0,51477.14,1869.0,8040.05,2191.0,10.0,56,49,2,25,8,525000,1,1,1.0,1,201133.0,141473.07,6738.0,-5942.0,40940.25,63946.43,16.0,31,147845.0,5063.0,30470.0,2,27,29394.0,33423.75,64148.0,13,101,108884.0,Y,5257.67,current,M,32,MEDIUM,9.600000000000001,2,537.0,0,11.0
831,596,4748.0,22542.36,15063.91,4605.6,9339.0,4981.7,8150.0,32.0,5,4,2,1,4,74100,1,1,1.0,1,65640.0,71944.5,49975.0,3983.0,76103.86,28735.0,70.0,7,34394.0,107998.27,40422.0,45,44,22575.0,32125.06,49887.0,62,103,44188.0,Y,12141.35,current,F,34,MEDIUM,14.0,3,386.0,0,18.0
832,19458,301316.0,1680.0,68240.0,4387.0,63861.83,50209.0,3531.0,531.0,44,52,21,46,5,293000,1,1,1.0,1,1940.45,482147.0,925.0,-5715.49022999999,15473.24,14864.78,46.0,2,159891.04,147535.08,24826.98,1,24,16540.0,44440.72,47398.5,38,75,25657.0,Y,1571.44,current,M,34,HIGH,14.0,2,249.0,1,19.0
833,19101,9382.0,98156.97,10091.23,1788.005,2460.0,8118.0,9294.0,17.0,601,4,1,51,2,150000,1,1,1.0,1,140790.0,165970.9,33330.0,-5942.0,59808.45,2411.23,11.0,5,115083.0,10728.5,209618.0,31,0,44432.0,89797.27,40049.0,40,63,26252.0,Y,6693.09,saving,M,37,HIGH,10.200000000000001,10,887.0,0,15.0
834,1110,6254.0,2221.5,22558.0,6113.52,4464.52,3246.0,59345.0,44.0,2,59,18,9,11,352000,1,1,1.0,1,4120.0,21577.06,851.0,1500.0,12316.57,36042.0,29.0,0,32462.0,28045.43,195055.2,5,14,10350.0,31615.0,30958.98,12,1,42550.0,Y,6817.89,current,M,42,MEDIUM,6.6000000000000005,10,809.0,0,7.0
835,14139,538.0,6580.78,213.18,1878.08,4327.0,10798.1,1795.0,2.0,65,7,57,1,30,408000,1,1,1.0,1,139323.25,50000.0,48500.0,277.0,91503.0,29186.0,16.0,1,41662.0,97187.19,138964.0,9,7,132413.0,78395.91,13408.6,12,35,93503.0,Y,10273.55,current,F,29,MEDIUM,7.2,6,644.0,0,17.0
836,3046,15743.0,2395.0,27123.0,14938.74,1366.9,2350.0,167311.0,19.0,85,64,4,1,47,489000,1,1,1.0,1,13877.4,54388.23,48950.0,-3506.17993,285322.0,29453.0,32.0,36,185732.0,69555.0,88128.34,1,30,17015.0,72840.71,38862.0,5,50,13324.0,Y,6192.28,current,M,37,MEDIUM,5.1000000000000005,6,805.0,0,7.0
837,3134,398748.0,7085.9,9362.0,10233.0,17306.0,1932.5,168.0,2.0,18,3,60,17,8,524000,1,1,1.0,1,13732.93,167870.79,496948.0,20790.0,76982.65,39803.0,41.0,4,23616.0,53625.0,55188.0,11,38,61115.0,86730.1,113021.0,2,106,68192.0,Y,117964.43,current,M,33,LOW,13.0,4,743.0,1,13.0
838,7342,363.0,15028.86,10140.5,21118.5,894.0,21708.7,4066.0,2.0,85,50,62,1,6,358000,1,1,1.0,1,48624.7,32000.0,25000.0,5350.0,17537.05,172.91,4.0,13,61491.0,48967.1,23030.0,2,20,6466.0,244112.97,26732.5,4,12,44492.0,Y,4472.8,current,M,47,HIGH,10.8,7,957.0,1,5.0
839,136,4512.0,5404.22,2080.0,4094.54,2249.73,3378.76,1756.68,9.0,84,72,2,2,4,98000,1,1,1.0,1,1234298.9,19000.0,50000.0,8572.0,15171.25,315386.0,4.0,1,252502.0,67444.0,34562.0,9,21,44571.0,12294.3,152159.3,12,106,25986.0,Y,36630.43,current,M,38,MEDIUM,10.8,2,809.0,0,14.0
840,14514,2680.0,17144.96,9221.7,10326.83,1286.0,11980.525,3192.0,44.0,15,86,7,4,42,31000,1,1,1.0,1,100284.85,110135.86,925.0,9415.0,46788.81,122532.0,24.0,26,42315.0,90023.5,29452.0,9,4,3790.0,33204.75,202069.0,5,65,15868.0,Y,14529.0,current,M,42,LOW,17.6,7,683.0,1,20.0
841,16519,891.0,25617.0,8989.16,50929.63,3021.0,4586.39,2878.0,57.0,3,16,6,2,79,784000,1,1,1.0,1,46962.5,11897.0,2019.0,6916.0,46952.84,82076.37,4.0,3,66433.0,139296.78,9180.0,5,8,48537.22,14000.75,59771.0,62,32,21579.98,Y,7611.69,current,M,69,MEDIUM,44.1,7,737.0,1,10.0
842,19400,4979.0,14134.02,20422.82,5708.93,1638.0,6881.81,1058.0,4.0,4,13,1,1,44,300000,1,1,1.0,1,715554.75,159415.3,11379.0,173.0,24221.87,56601.4,35.0,19,23519.0,35578.94,88866.86,9,78,51924.0,29899.19,41758.0,93,75,34956.0,Y,12608.0,current,M,69,LOW,9.8,10,354.0,1,9.0
843,8587,181699.0,53546.81,8025.0,8443.18,4985.0,2243.775,1243.12,10.0,29,5,3,27,80,359000,1,1,1.0,1,568.8,1475000.0,33330.0,2008.0,89089.0,54425.0,12.0,1,21783.0,16814.4,24721.0,2,70,28765.0,40679.56,67880.0,3,63,11761.25,Y,4452.63,current,M,37,MEDIUM,11.9,6,638.0,1,4.0
844,18313,313505.0,41584.0,7008.0,13257.81,3671.16,4801.0,3331.0,44.0,1,1,5,3,54,287000,1,1,1.0,1,4731234.6,93.35,1255.0,3983.0,26234.63,2082.0,35.0,36,41662.0,56824.34,75117.0,43,17,35434.0,32927.03,31856.0,43,83,27786.0,Y,12386.44,current,F,35,MEDIUM,15.0,1,508.0,1,20.0
845,19158,18930.0,26386.62,2092.34,51039.7,1901.7,1792.53,4310.0,67.0,7,6,18,1,30,75000,1,1,1.0,1,76122.87,18300.0,500.0,1992.0,9278.0,47421.0,46.0,1,120500.0,19528.0,16639.0,43,108,24495.0,80977.04,127756.0,3,50,36397.0,Y,2859.09,current,M,33,MEDIUM,6.5,2,809.0,1,3.0
846,19030,17541.0,8390.58,1360.77,6426.59,1364.65,152235.905,1426.0,19.0,8,50,4,12,2,378000,1,1,1.0,1,270.0,138732.3,6000.0,3421.0,27772.94,67156.0,42.0,4,55149.0,37294.44,8417.87,1,50,22594.0,49030.11,107591.0,3,24,29146.0,Y,617.24,saving,M,35,LOW,12.0,6,245.0,0,15.0
847,2802,11456.0,53370.0,2468.18,16431.07,5017.0,47598.0,656.73,2.0,99,49,2,24,37,306000,1,1,1.0,1,7089.7,400000.0,768.0,5464.0,3458.12,55541.48,3.0,2,7606.0,23079.0,131142.72,1,25,45754.0,32115.76,58864.0,4,96,46644.0,Y,168.66,current,M,33,MEDIUM,7.800000000000001,2,374.0,1,3.0
848,19210,388299.0,3565.0,219.0,526.13,6647.0,5661.0,5620.0,5.0,16,7,2,37,1,429000,1,1,1.0,1,146931.8,74599.9,25000.0,173.0,56397.95,6086.5,55.0,23,14385.0,26395.95,192281.0,1,12,50951.0,35127.68,39200.0,117,106,99065.0,Y,382.25,current,M,38,HIGH,14.4,10,256.0,1,7.0
849,19080,218766.0,3615.5,6101.9,1350.0,425.0,9434.0,3685.0,59.0,23,60,4,4,98,156000,1,1,1.0,1,516.8,191000.0,24619.0,5464.0,2193.33,42149.41,3.0,0,52120.0,62079.0,126732.0,35,50,21842.0,22059.38,6546.0,5,32,35485.0,Y,1962.53,current,M,47,LOW,5.4,4,503.0,1,7.0
850,8904,2776.0,11804.14,1567.0,7723.53,570.66,4441.69,7458.82,10.0,23,87,1,2,79,124000,1,1,1.0,1,1104223.35,500358.79,49975.0,2921.0,75340.5,31048.9,10.0,1,32628.0,13153.08,47158.62,70,8,29517.0,30735.62,65861.0,14,2,12645.0,Y,5367.88,current,M,58,MEDIUM,15.200000000000001,8,633.0,1,18.0
851,18865,134483.0,9776.77,1109.5,31153.41,6628.0,10645.0,444.0,4.0,18,16,1,36,8,579000,1,1,1.0,1,9118.35,87578.0,30000.0,8723.0,38595.05,44782.0,4.0,7,33390.0,254520.37,128886.6,1,59,42576.0,6150.75,6094.0,13,18,79682.0,Y,7997.95,current,F,60,MEDIUM,40.0,9,700.0,1,16.0
852,18694,8307.0,12053.9,11056.0,2919.8,2767.93,15931.6,12686.0,43.0,23,47,21,3,6,272000,1,1,1.0,1,20747.5,165000.0,300500.0,6916.0,689.0,105807.0,16.0,1,436242.0,11964.0,84878.0,20,75,6595.0,34055.24,37065.0,58,25,108927.0,Y,8395.76,current,F,40,MEDIUM,20.0,6,866.0,1,16.0
853,16142,17910.0,5278.0,597.01,4734.75,1583.0,4388.0,18174.06,5.0,37,7,15,15,1,263000,1,1,1.0,1,13180.0,992890.32,1036.0,844.0,63701.66,25242.5,3.0,14,12961.0,16460.0,80326.5,3,42,35096.0,2489.0,26982.75,6,32,24768.0,Y,7901.14,current,M,32,LOW,2.4000000000000004,2,771.0,1,6.0
854,12514,1692.0,29335.2,2607.0,13402.95,6509.0,11521.0,1422.0,24.0,65,67,1,1,10,313000,1,1,1.0,1,3247.5,15000.0,2644.0,2351.0,30314.75,11087.0,50.0,23,18285.0,76532.25,258528.0,2,12,22026.0,50906.31,18571.0,117,0,61651.0,Y,11665.56,current,M,37,MEDIUM,13.600000000000001,1,743.0,0,3.0
855,1529,19769.0,6426.61,778.0,3147.07,1922.5,2556.5,4552.0,3.0,18,60,4,15,3,44000,1,1,1.0,1,20141240.0,19000.0,8333.0,12299.0,53430.0,50160.0,103.0,35,48134.0,18605.0,27208.0,3,8,42344.0,47873.04,33927.13,4,73,19638.0,Y,58688.52,saving,M,47,MEDIUM,18.900000000000002,8,331.0,1,14.0
856,3417,298470.0,8385.0,5212.0,6805.05,366.0,38935.0,2740.04,66.0,10,13,35,4,2,556000,1,1,1.0,1,497317.93,30000.0,100000.0,167.0,66374.36,56011.5,39.0,0,53109.0,1849.78,43189.0,70,14,25371.0,46898.9,166156.0,14,18,21515.0,Y,224657.28,saving,F,44,MEDIUM,14.4,8,385.0,0,7.0
857,4950,299314.0,12585.5,3447.75,14982.75,8297.25,11534.4,9684.2,26.0,23,82,30,1,1,383000,1,1,1.0,1,593.2,132324.01,4895.0,-5439.0,65618.39,30851.0,68.0,1,89407.0,122414.13,75083.0,2,44,111500.0,55825.45,17260.0,94,21,42681.0,Y,64602.96,current,M,66,MEDIUM,9.200000000000001,1,656.0,1,16.0
858,5566,19029.0,5983.92,801.0,6536.58,5047.0,10554.12,623.0,26.0,50,49,57,1,81,195000,1,1,1.0,1,70310.6,64491.0,300500.0,8723.0,23959.0,45935.09,16.0,1,21539.0,125210.09,86159.86,70,11,100093.0,57911.74,198979.0,9,18,15054.1,Y,340.79,current,M,56,LOW,28.8,3,685.0,1,14.0
859,2817,2824.0,413.0,846.8,28391.42,10282.57,4198.0,3098.0,10.0,128,3,1,27,4,256000,1,1,1.0,1,1234298.9,197800.0,8333.0,-4679.0,37043.16,79489.91,16.0,7,17202.0,21619.88,119909.36,0,14,10615.0,53769.25,133038.5,2,8,25382.0,Y,1484.36,current,M,44,MEDIUM,24.0,9,537.0,1,16.0
860,11372,8251.0,66219.41,407.0,1973.0,5682.2,1796.04,827.0,3.0,26,112,82,14,1,100000,1,1,1.0,1,55700.0,150000.0,130000.0,14509.0,48140.88,48320.0,8.0,1,24044.0,226027.3,53291.0,45,17,23569.0,47946.08,39714.0,3,22,28825.0,Y,518.29,current,M,53,MEDIUM,16.5,4,386.0,1,14.0
861,7575,18963.0,7249.39,19668.01,11628.12,1059.12,1252.66,3663.34,101.0,13,29,47,37,56,263000,1,1,1.0,1,10008.0,71256.0,908.0,9415.0,72411.25,21736.0,2.0,3,38632.0,92339.13,39645.0,4,82,33308.0,7534.62,60880.0,4,9,59403.0,Y,289.0,saving,F,223,LOW,203.0,9,700.0,1,15.0
862,14127,16587.0,11338.55,13900.2,33893.66,6462.81,3990.0,5258.0,29.0,3,23,5,1,55,44000,1,1,1.0,1,47299.5,128314.74,96558.0,1500.0,134361.22,32745.0,16.0,1,49803.0,21305.05,2066.0,10,12,41800.0,181995.02,58888.0,40,58,25245.0,Y,12427.7,current,M,46,LOW,18.2,2,614.0,1,16.0
863,15034,5871.0,873.71,691.0,6870.9,3625.92,2957.0,11160.0,6.0,30,82,53,55,54,505000,1,1,1.0,1,120285.0,189246.0,130000.0,0.0,44636.0,22376.58,69.0,1,50600.0,4492.0,49792.0,11,28,51775.0,83111.0,35933.76,39,0,48190.0,Y,4257.96,saving,M,66,LOW,32.2,10,247.0,1,19.0
864,463,9306.0,870.0,1741.0,5132.0,5517.0,4047.0,7949.48,8.0,29,50,3,1,4,100000,1,1,1.0,1,4614669.901,13299.0,12337.0,0.0,56445.0,340555.0,20.0,7,21669.0,9266.5,90660.0,6,108,54852.0,29071.76,86020.0,6,11,24671.15,Y,10157.34,current,M,33,HIGH,1.3,4,836.0,0,12.0
865,4851,12006.0,16541.63,3300.01,109829.2,218.0,152.0,6951.0,44.0,26,48,8,2,10,127500,1,1,1.0,1,19265.4,3.59,100000.0,1014.0,51881.84,139891.23,52.0,3,20546.0,77095.89,23987.0,20,20,19953.0,16981.0,61491.0,47,113,26756.0,Y,1814.39,current,M,64,MEDIUM,39.6,3,296.0,0,20.0
866,16896,5751.0,8203.44,390.0,722.0,2807.0,17977.01,4216.0,6.0,8,38,1,2,4,510000,1,1,1.0,1,1831780.84,157000.0,28912.0,6885.0,57310.68,85237.0,103.0,14,21072.0,48946.0,50149.0,5,89,34990.0,48586.54,201495.0,13,11,26560.0,Y,21718.02,current,F,47,LOW,10.8,6,818.0,1,11.0
867,254,18590.0,35560.0,6934.44,17682.33,2952.0,5638.195,1594.0,10.0,26,5,4,2,2,453000,1,1,1.0,1,1982892.29,66.0,130000.0,1500.0,17576.0,27304.0,1.0,4,96641.0,162073.43,7012.0,3,59,23948.0,98986.25,1814341.0,14,103,75804.0,Y,185.53,saving,M,60,MEDIUM,16.0,5,274.0,1,10.0
868,10633,291156.0,28204.24,3288.0,23661.96,4658.44,10546.0,672.77,6.0,6,86,20,4,58,581000,1,1,1.0,1,127004.3,35421.67,16004.0,20513.0,128279.25,23631.5,103.0,6,62331.0,60893.24,52715.0,45,8,27838.0,146883.47,130785.0,8,24,37876.0,Y,410.03,current,F,47,MEDIUM,24.3,3,700.0,1,3.0
869,12115,17757.0,6652.0,8957.0,42936.92,450.0,565.52,3070.0,2.0,84,50,1,1,1,167000,1,1,1.0,1,44575.0,86000.0,583.0,903.0,19831.31,15043.0,23.0,17,35117.0,173225.51,26063.0,4,14,40883.0,50111.02,143741.76,7,67,57507.0,Y,7997.95,current,M,60,MEDIUM,24.0,6,639.0,0,14.0
870,8511,2614.0,12174.73,4121.43,29239.46,9478.0,1145.0,2683.35,12.0,19,44,2,7,79,255000,1,1,1.0,1,65640.0,128314.74,33330.0,1992.0,52440.24,78708.0,39.0,9,39290.13,14881.0,27982.0,6,8,30543.0,60454.05,119993.0,14,7,22556.0,Y,133.99,current,M,27,MEDIUM,6.300000000000001,5,536.0,0,12.0
871,19981,16257.0,148156.03,1995.43,10887.93,2899.0,2883.925,1928.63,25.0,99,7,3,4,80,366000,1,1,1.0,1,347309.75,470000.0,8417.0,4795.0,27763.46,20346.0,39.0,13,43684.0,15627.18,46878.29,3,23,30417.0,52805.0,20187.0,117,25,184.0,Y,5646.55,current,M,44,MEDIUM,16.8,5,626.0,1,2.0
872,13125,13548.0,142081.0,13743.0,17903.4,401.2,4101.0,443.0,6.0,50,49,8,2,54,287000,1,1,1.0,1,52209.5,150000.0,5905.0,2921.0,29335.39,26815.0,22.0,6,14610.0,29126.0,30109.0,4,81,17454.0,22644.0,102822.0,93,106,126000.0,Y,3895.13,current,M,28,MEDIUM,6.4,7,588.0,1,3.0
873,18079,15510.0,20419.19,4029.0,44421.63,2078.34,1796.04,3565.0,5.0,14,9,1,4,44,338000,1,1,1.0,1,7304.75,157000.0,30040.0,0.0,42383.26,53992.0,10.0,4,101397.0,37491.0,48597.0,3,20,7384.0,25125.44,109033.22,7,79,53523.0,Y,7475.72,current,M,63,LOW,34.4,10,750.0,1,9.0
874,5157,3281.0,6414.0,15261.0,21268.01,3444.96,12732.8,5217.0,7.0,18,16,2,56,1,472000,1,1,1.0,1,690.0,74599.9,28912.0,1411.0,15860.59,73049.0,16.0,3,59536.0,17910.15,72242.0,5,63,16950.0,3372.68,49646.99,5,20,18431.0,Y,7480.16,current,M,58,MEDIUM,15.200000000000001,2,883.0,0,13.0
875,11261,2579.0,2459.42,103419.65,45255.56,6744.0,1685.0,936.06,6.0,99,16,62,1,62,130000,1,1,1.0,1,28844.0,42723.0,155205.0,4795.0,39442.8,58301.0,4.0,2,99998.0,39855.11,4371.65,2,81,29035.87,141465.48,40719.5,6,13,38900.0,Y,2204.48,saving,M,40,HIGH,16.0,10,249.0,1,12.0
876,7403,4274.0,8983.44,4999.01,1712.0,3447.0,21035.0,5279.61,32.0,11,2,1,25,44,112000,1,1,1.0,1,130319.0,1513335.0,15477.0,8362.0,47153.14,32294.0,46.0,13,13955.0,88133.88,130099.0,1,29,1280000.0,85151.95,26777.0,46,104,3723.0,Y,2051.88,current,M,66,LOW,36.800000000000004,5,966.0,1,19.0
877,11710,15063.0,21320.7,2287.52,13021.77,7437.0,9091.98,4624.68,531.0,25,105,2,38,1,352000,1,1,1.0,1,13180.0,76365.24,25728.0,-3625.0,28131.5,65588.0,24.0,4,70887.0,116441.0,9111.0,23,27,76666.0,18472.39,180189.58,7,58,31069.0,Y,668.79,current,F,29,LOW,6.300000000000001,2,966.0,1,8.0
878,18757,16404.0,17653.5,5979.58,66556.68,6078.7,438.0,869.65,1.0,36,3,2,55,79,17000,1,1,1.0,1,871.5,134890.0,25728.0,8572.0,25130.5,2216.0,72.0,7,30513.0,22166.69,279233.51,42,38,15932.0,16957.5,56974.83,58,11,4714.58,Y,12163.45,saving,M,47,MEDIUM,24.3,9,963.0,0,4.0
879,18799,31029.0,10470.94,7209.0,8372.0,2224.0,1234.0,1216.0,26.0,32,1,1,25,3,68000,1,1,1.0,1,80163.75,76365.24,33774.0,-4679.0,33304.57,112379.0,43.0,2,68695.0,67732.28,75277.37,2,44,36493.0,144548.94,37360.29,3,8,16169.0,Y,6498.62,saving,M,53,LOW,33.0,5,269.0,1,12.0
880,19902,173086.0,1707.0,3025.31,9752.44,6658.0,17049.37,3440.53,7.0,30,60,15,2,4,255000,1,1,1.0,1,140291.6,230000.0,57899.0,-4324.0,111135.07,19424.0,9.0,5,45556.0,230644.8,23528.0,3,16,14410.0,105605.25,73203.0,3,79,21919.0,Y,18261.92,current,M,67,MEDIUM,42.300000000000004,1,270.0,1,20.0
881,2247,312892.0,11069.47,961.16,15174.76,8195.11,2414.49,26860.0,10.0,9,4,1,3,80,359000,1,1,1.0,1,5809950.0,217074.0,3975.0,5464.0,7877.86,80625.92,46.0,1,38259.0,167917.32,25679.22,1,63,12091.0,35309.0,20362.25,2,104,959.74,Y,830.71,saving,M,66,HIGH,32.2,7,454.0,1,3.0
882,10131,14970.0,3658.17,4694.0,26541.12,10096.02,11686.255,376.0,44.0,84,5,2,4,79,186000,1,1,1.0,1,165907.57,19000.0,25000.0,12415.0,26027.52,142572.0,27.0,23,30226.0,9076.0,147363.0,7,17,428.03,161735.98,39784.33,47,65,29478.0,Y,5268.38,current,M,33,MEDIUM,13.0,4,658.0,1,8.0
883,128,288572.0,3108.57,967.0,26897.5,20998.0,3227.22,6322.1,53.0,23,6,8,4,4,472000,1,1,1.0,1,168265.55,446457.0,33950.0,-5439.0,17754.0,78370.0,4.0,35,50170.0,95016.44,91962.5,1,20,129842.0,37427.37,351723.0,12,1,39850.0,Y,6686.89,current,M,49,LOW,5.800000000000001,10,628.0,1,13.0
884,14186,15428.0,82890.52,15759.0,37316.29,1524.0,7283.385,1112.0,10.0,43,50,1,16,8,369000,1,1,1.0,1,213557.15,201000.0,13873.0,2351.0,47995.07,69092.0,24.0,36,37872.0,39602.46,18989.5,31,28,222818.0,240404.96,75279.0,4,22,21758.0,Y,20514.99,current,M,30,LOW,7.0,4,314.0,0,5.0
885,3415,3261.0,23055.0,1587.0,10961.45,1847.0,1766.095,8897.0,59.0,22,117,1,18,55,301000,1,1,1.0,1,137260.8,106398.0,731.0,12174.0,74009.75,12520.41,18.0,23,35796.0,73513.08,90949.0,43,5,8252.0,253.0,29298.59,5,58,68015.0,Y,6699.26,current,M,62,MEDIUM,42.0,3,324.0,0,9.0
886,2065,2510.0,5196.37,1295.35,2708.36,15143.0,13072.0,3531.0,8.0,26,49,2,3,26,156000,1,1,1.0,1,120781.35,24000.0,126001.0,-5715.49022999999,3255.78,1126.0,11.0,6,4053.0,23432.5,29350.5,43,8,34228.0,14464.39,109612.0,13,32,21448.81,Y,20428.72,current,M,29,MEDIUM,5.4,6,249.0,1,3.0
887,8516,7324.0,3217.17,1831.97,8707.04,1646.0,13195.08,1129.52,8.0,10,8,50,5,10,350000,1,1,1.0,1,1215.0,1163405.86,3570.0,26601.0,24411.45,36464.0,11.0,36,24165.0,108988.4,15221.0,11,8,25043.0,21742.14,100314.0,21,25,276.0,Y,11685.9,current,M,42,MEDIUM,6.6000000000000005,4,945.0,0,4.0
888,16300,2562.0,10664.23,2294.72,8716.72,802.58,7254.8,4536.0,6.0,23,89,48,2,55,50900,1,1,1.0,1,115.45,385218.7,248000.0,3897.0,46516.93,37312.0,20.0,5,23403.0,34816.55,83445.35,10,171,10527.0,105137.1,29648.0,3,79,78341.0,Y,10633.85,current,F,30,LOW,6.0,4,324.0,0,11.0
889,9606,15315.0,7390.9,5280.0,8742.32,5776.0,18470.77,9270.0,26.0,32,112,1,16,14,302000,1,1,1.0,1,568.8,184514.0,15477.0,1522.0,51364.42,12025.74,11.0,2,20669.0,30609.11,486364.36,2,171,34926.0,29317.87,1085.0,5,6,38901.0,Y,7783.53,current,M,40,HIGH,20.0,9,516.0,1,13.0
890,3858,136821.0,8335.61,34714.0,13726.56,256.54,848.0,57987.79,2.0,26,82,2,46,13,505000,1,1,1.0,1,4039029.9,119831.0,1266.0,553.0,8500.0,90234.29,70.0,1,23616.0,20433.0,89511.26,3,35,94736.0,28236.0,32668.5,12,107,54533.14,Y,103.49,current,M,32,MEDIUM,4.800000000000001,7,537.0,1,2.0
891,8306,5669.0,15054.0,16889.78,13211.93,17053.16,2796.0,11800.26,92.0,46,50,3,21,75,461000,1,1,1.0,1,67833.35,134890.0,23500.0,5464.0,29982.57,10862.41,11.0,36,199900.0,87436.75,68032.0,1,59,16540.0,92389.57,45696.0,11,6,89489.9,Y,601.19,current,M,33,MEDIUM,3.9000000000000004,5,966.0,0,2.0
892,11405,15649.0,9561.53,5225.26,2709.0,2376.6,12795.0,2204.0,6.0,10,47,2,12,68,75000,1,1,1.0,1,71020.5,11982.0,130000.0,-5439.0,6582.0,73940.0,77.0,4,76853.0,224615.22,40961.0,0,5,11500.0,14180.5,81555.5,1,100,10274.0,Y,6.36,saving,M,42,LOW,11.0,3,274.0,1,18.0
893,4266,985.0,20778.0,2372.0,3587.0,2111.4,1538.82,2938.0,4.0,38,7,47,20,34,147000,1,1,1.0,1,20177.4,119580.0,183999.0,2500.0,73629.49,4341.0,52.0,9,29415.0,59297.82,9256.0,2,7,13677.0,144674.32,33416.0,94,65,28961.0,Y,19833.89,current,F,60,LOW,20.0,8,686.0,1,10.0
894,1058,131776.0,3658.17,18220.46,24333.09,3334.0,5541.0,4179.0,531.0,2,11,4,3,8,143000,1,1,1.0,1,18418.85,35421.67,24619.0,5773.0,96036.81,34052.0,36.0,2,40796.16,138319.25,9071.0,1,82,193000.0,240163.11,107922.0,94,50,35436.0,Y,16097.53,current,M,53,LOW,33.0,4,708.0,0,15.0
895,2880,5520.0,8470.26,73260.0,4453.18,18419.25,16745.44,627.44,4.0,30,50,1,23,1,98000,1,1,1.0,1,272677.25,19000.0,3792.0,-4679.0,70613.0,5030.0,103.0,1,40922.0,88158.88,8388.0,3,86,24480.0,47941.0,3350.0,2,36,35324.0,Y,25260.75,current,M,53,MEDIUM,13.200000000000001,7,508.0,0,15.0
896,14501,20407.0,1538.72,14227.05,5724.46,777.57,21755.5,1913.0,7.0,6,64,1,1,10,373000,1,1,1.0,1,48675.31,93.35,33774.0,26601.0,13798.0,82227.56,4.0,1,26087.0,25869.75,144033.0,6,29,23661.0,40660.46,38374.0,3,42,377905.0,Y,16.74,current,M,35,HIGH,1.5,2,486.0,0,12.0
897,13984,14324.0,8198.03,5533.68,1182.0,733.67,24611.0,3931.0,43.0,26,5,25,2,17,461000,1,1,1.0,1,123134.77,54243.0,148474.0,5439.0,52482.64,185886.51,39.0,2,26081.0,37195.4,59001.0,4,59,29668.0,40347.0,20412.0,36,104,28143.0,Y,5319.32,current,M,120,MEDIUM,90.0,10,809.0,1,17.0
898,17505,3776.0,15147.0,5130.0,12968.6,15678.0,41020.0,426.81,124.0,3,50,2,55,16,620000,1,1,1.0,1,173.8,222222.0,908.0,2921.0,25154.94,20729.0,95.0,1,67144.0,79307.0,42419.71,30,24,38295.0,46040.92,18111.0,7,8,35675.0,Y,2136.25,saving,M,50,MEDIUM,6.0,6,594.0,1,19.0
899,18683,1206.0,961.52,1431.0,11802.99,11070.0,20155.5,3903.0,10.0,23,44,5,1,13,300000,1,1,1.0,1,291969.2,254348.9,925.0,1500.0,41314.91,53097.0,18.0,19,20011.0,98206.08,51246.16,1,82,29964.0,8690.28,142925.0,94,12,30298.0,Y,5521.08,current,M,40,MEDIUM,10.0,8,516.0,1,3.0
900,18260,13736.0,12305.74,1700.9,6486.0,3409.0,6245.7,3589.39,44.0,23,87,41,25,4,84000,1,1,1.0,1,111.4,152391.0,550.0,12965.0,15358.25,46618.0,4.0,2,84618.0,49640.13,59569.5,6,81,52792.0,47058.12,60855.0,6,12,17995.0,Y,9860.41,saving,M,47,MEDIUM,24.3,5,315.0,1,6.0
901,9349,14751.0,4852.69,1648.0,41535.51,2110.0,1900.5,13272.0,531.0,10,32,8,1,81,402000,1,1,1.0,1,185669.2,159308.0,12337.0,-4664.0,26271.5,12240.0,147.0,36,19326.0,51105.11,52063.0,6,84,93830.0,26998.12,115405.5,4,100,68848.23,Y,178.6,current,M,31,HIGH,3.3000000000000003,3,644.0,1,14.0
902,2090,2971.0,28832.62,2024.5,14154.58,2921.92,9410.05,4080.0,6.0,10,87,1,36,1,74100,1,1,1.0,1,319201.67,50000.0,12337.0,-5439.0,39825.94,154540.88,18.0,5,67904.0,85781.08,75197.0,16,49,21232.0,9119.71,77546.0,12,26,17438.0,Y,5070.46,current,M,25,MEDIUM,4.5,1,974.0,1,6.0
903,4836,328934.0,7324.3,31504.0,6092.24,521.92,5351.42,445.0,2.0,5,82,1,15,5,483000,1,1,1.0,1,1424.5,190887.4,12000.0,5730.0,191705.9,5800.0,16.0,3,28728.0,24068.25,156680.22,47,44,29316.0,137557.33,144581.91,5,14,61017.0,Y,1492.11,current,M,58,LOW,30.400000000000002,1,554.0,1,7.0
904,15927,88926.0,9760.72,4137.8,22029.95,14004.19,4935.09,23197.0,1.0,601,60,24,25,47,167000,1,1,1.0,1,13849.4,267421.4,16215.0,3983.0,43538.28,36741.0,10.0,13,60963.0,28429.05,128783.0,4,7,44059.0,543706.19,30958.98,21,83,41271.0,Y,77.69,current,F,56,LOW,3.6,9,883.0,1,13.0
905,5515,15585.0,3680.0,1098.52,18202.0,16999.17,5120.0,6029.0,60.0,93,64,5,6,47,20000,1,1,1.0,1,885.55,39833.19,12000.0,13135.0,51443.03,12267.0,16.0,1,35549.0,182364.75,25339.0,70,8,11541.0,19070.12,8930.0,58,10,15924.0,Y,9300.87,current,M,53,MEDIUM,29.700000000000003,8,554.0,0,17.0
906,19333,851.0,3708.5,333.69,7097.9,4588.0,19747.0,2894.0,12.0,46,49,44,55,8,75000,1,1,1.0,1,61186.36,28000.0,3792.0,2351.0,28342.18,87974.0,91.0,4,16920.0,238107.74,55066.0,31,6,37130.0,30283.48,31030.0,22,26,21721.0,Y,49719.04,current,M,33,LOW,9.1,4,653.0,1,3.0
907,14753,13203.0,12376.0,1073.4,107865.0,2131.0,1997.0,4289.48,1.0,77,16,50,1,2,199999,1,1,1.0,1,21511.8,190887.4,565.0,0.0,117015.22,41861.0,46.0,36,59120.0,45606.44,5200.0,8,108,125238.0,32898.66,107116.0,3,73,12608.0,Y,1920.57,current,F,40,LOW,6.0,8,454.0,1,15.0
908,13422,14181.0,3578.0,34325.0,18103.1,3540.0,20811.375,8132.0,7.0,26,49,24,3,2,530000,1,1,1.0,1,516.8,26001.0,16114.0,12965.0,55092.25,78242.0,4.0,5,59078.0,22483.36,180111.0,3,13,42568.0,34402.87,39360.0,94,18,60932.12,Y,4981.26,current,M,33,MEDIUM,6.5,2,626.0,1,10.0
909,11070,19981.0,7241.0,3025.04,50862.25,713.83,539.56,11432.0,25.0,10,23,8,2,1,599000,1,1,1.0,1,6440.0,674291.83,1515.0,-6301.0,9734.25,16535.0,70.0,1,145953.0,18419.83,11531.0,5,63,6089.0,4231.39,42625.58,5,38,46548.0,Y,8040.3,current,M,66,MEDIUM,46.0,7,554.0,1,19.0
910,17068,1022.0,2257.34,14565.0,37052.81,7687.0,5684.625,3821.0,63.0,20,74,1,3,1,27000,1,1,1.0,1,568.8,190887.4,28985.0,553.0,33682.36,26348.0,5.0,1,106642.0,21146.0,71950.0,1,5,16740.0,30864.58,39839.75,12,79,41121.0,Y,246.24,current,F,34,MEDIUM,4.2,2,536.0,1,13.0
911,17225,14888.0,8930.15,10790.75,2558.5,1036.0,12255.0,1155.0,14.0,17,4,12,1,2,150000,1,1,1.0,1,124064.65,462011.1,4367.0,5773.0,17035.37,63091.02,91.0,1,144426.0,29240.14,97929.0,2,23,25927.0,308043.53,107922.0,2,83,54443.0,Y,2130.78,current,M,63,MEDIUM,17.2,9,394.0,1,19.0
912,16398,1661.0,10810.0,3778.0,11317.23,14033.05,2561.43,12670.16,44.0,23,13,1,1,17,44000,1,1,1.0,1,306.4,234459.4,68000.0,903.0,79630.25,1149.0,4.0,5,357500.0,162900.0,157049.0,1,27,32841.0,30431.0,37682.0,4,83,21518.0,Y,4436.89,current,M,42,MEDIUM,11.0,4,855.0,1,19.0
913,15801,218118.0,14155.27,1645.55,26568.61,5670.0,6233.85,1247.43,57.0,10,48,60,3,16,273000,1,1,1.0,1,148705.0,2300000.0,4699.0,12415.0,19573.32,2648.0,80.0,2,18033.0,19977.03,22792.0,5,63,46466.0,32927.25,39175.5,7,14,31725.0,Y,6141.3,current,M,30,HIGH,6.0,9,867.0,1,18.0
914,12498,16308.0,22666.44,876.35,25171.0,1342.0,1747.4,9682.0,7.0,71,29,5,4,42,222000,1,1,1.0,1,59703.93,7576.0,550.0,-6885.0,7821.51,62750.0,11.0,3,14.37,213244.13,61236.0,12,12,15803.0,83471.22,38271.0,6,12,13066.8,Y,3924.56,saving,M,33,LOW,10.4,10,658.0,1,12.0
915,14511,17365.0,4221.5,6407.0,1619.0,364.0,7465.35,1105.5,1.0,10,11,5,1,13,525000,1,1,1.0,1,75240.45,1034285.63,15477.0,3735.0,100420.81,603295.0,11.0,5,32881.0,15340.0,34213.0,6,108,40.24,22836.24,44448.0,8,73,25536.0,Y,686539.12,current,M,62,MEDIUM,4.2,5,448.0,0,11.0
916,17630,2897.0,57310.37,6748.0,21157.35,1024.51,21929.7,619.52,6.0,93,135,48,31,5,595000,1,1,1.0,1,229435.05,86868.0,25524.0,-3506.17993,25955.66,386.35,11.0,5,24190.0,20689.1,50116.0,2,3,16640.0,67053.9,24213.0,2,24,16947.0,Y,4107.3,current,M,28,LOW,4.0,4,536.0,0,16.0
917,14954,19196.0,3707.39,14246.0,10607.0,79802.0,6714.805,6240.65,32.0,13,44,1,1,75,581000,1,1,1.0,1,13659.0,50000.0,29542.0,4512.0,116193.75,27304.0,32.0,36,52831.0,20974.34,7992.0,4,24,17658.0,46720.6,165268.76,2,83,49766.0,Y,3293.58,current,M,37,HIGH,11.9,3,748.0,0,8.0
918,12849,6295.0,7382.6,1641.72,1457.58,9684.76,6637.935,14101.71,59.0,36,4,62,18,6,267000,1,1,1.0,1,124064.65,14000.0,15756.0,5773.0,61143.36,10604.0,11.0,36,46268.0,45671.0,121364.0,0,14,10283.0,18677.71,44873.0,2,8,24024.0,Y,26.23,current,M,51,MEDIUM,6.2,7,693.0,0,7.0
919,13953,15654.0,4781.89,354.0,8296.47,118.0,15931.8,4043.0,26.0,26,59,3,51,98,34000,1,1,1.0,1,13659.0,60000.0,48374.0,1429.0,6729.25,79040.0,4.0,28,68234.0,54948.21,4057.0,1,28,85000.0,28636.42,19235.5,5,61,65983.0,Y,3480.56,saving,F,44,MEDIUM,9.600000000000001,4,683.0,1,10.0
920,2257,12565.0,22085.7,1076.5,5008.56,9471.95,10395.0,37539.0,56.0,99,35,8,7,22,31000,1,1,1.0,1,4140.0,42723.0,16114.0,4314.0,25049.25,29174.0,5.0,36,62026.0,11785.66,41704.0,1,13,69243.0,77664.83,44438.63,3,38,90.0,Y,5333.07,current,M,47,LOW,10.8,9,653.0,0,3.0
921,10047,364.0,1590.74,858.0,4523.42,10488.0,30889.0,6509.0,7.0,13,5,7,1,1,75000,1,1,1.0,1,39851.93,10947.0,3975.0,14509.0,44372.25,377549.0,11.0,26,14310.0,273.95,42526.0,8,12,96570.0,39634.04,1522749.68,5,79,21997.0,Y,4256.75,current,M,37,MEDIUM,11.9,7,248.0,1,12.0
922,14046,7610.0,7466.71,3602.82,2442.0,6398.35,15763.5,696.0,67.0,83,4,82,4,1,199999,1,1,1.0,1,233727.15,392.0,631.0,6885.0,79441.17,50057.0,103.0,23,10100.0,11851.0,139158.0,1,108,104784.0,32038.0,75870.0,3,21,236.88,Y,2244.32,current,M,28,MEDIUM,5.6000000000000005,9,867.0,1,11.0
923,3992,3252.0,3062.02,19181.36,20797.23,34987.0,13720.0,779.0,31.0,8,52,2,3,70,371000,1,1,1.0,1,58121.25,446457.0,4699.0,7478.0,115957.73,21901.0,2.0,19,18082.0,10674.5,7236.5,45,20,32520.0,16768.44,17058.0,94,10,11554.0,Y,17692.83,current,M,49,MEDIUM,5.800000000000001,2,428.0,1,19.0
924,12439,329671.0,35449.8,3999.0,2517.77,1295.0,13721.0,2109.0,531.0,22,5,50,9,4,298000,1,1,1.0,1,3950.0,429273.4,2214.0,8723.0,447520.93,12061.0,4.0,29,14310.0,3384.5,21534.37,3,20,25610.0,123493.93,378402.75,3,106,24895.0,Y,18992.62,current,M,40,MEDIUM,16.0,9,249.0,1,8.0
925,15696,34566.0,10254.42,683.48,13736.94,4116.95,4042.0,925.0,2.0,1,61,57,4,91,327000,1,1,1.0,1,3101.3,446457.0,19081.0,12174.0,82071.0,34873.0,62.0,33,15658.0,100929.07,34234.0,11,5,48516.0,105786.5,140769.0,8,24,16879.0,Y,2967.11,current,M,38,MEDIUM,5.4,10,300.0,1,14.0
926,7423,17622.0,58871.0,3687.65,9571.28,857.0,9442.0,2143.0,10.0,30,27,11,25,1,410000,1,1,1.0,1,293418.75,185000.0,908.0,5439.0,106222.74,29871.17,57.0,13,38913.0,10876.5,32887.0,70,59,33472.0,52432.06,2314.0,11,39,34411.0,Y,13372.41,current,F,44,MEDIUM,7.2,6,750.0,1,13.0
927,7434,3840.0,21831.0,1143.52,24304.12,8699.0,112301.99,1120.94,12.0,5,1,19,3,75,414000,1,1,1.0,1,15961.9,11897.0,492.0,1500.0,17922.86,46935.0,46.0,26,20832.0,68960.37,37591.0,6,24,20767.0,22974.9,38044.0,10,10,17775.0,Y,3895.13,current,M,33,MEDIUM,13.0,2,743.0,1,6.0
928,2118,7621.0,26733.5,12764.0,7936.2,1131.23,10885.43,156.0,92.0,23,89,4,18,2,351000,1,1,1.0,1,1466675.0,223379.4,78309.0,1465.0,34269.26,21101.0,11.0,36,4053.0,43253.5,220060.0,17,59,17454.0,26007.63,77015.0,21,73,30105.48,Y,4764.99,current,M,33,MEDIUM,9.1,7,394.0,1,15.0
929,19273,5952.0,22085.7,3052.0,4128.93,1159.0,31402.385,1231.5,12.0,66,7,1,3,41,84000,1,1,1.0,1,9118.35,122000.0,1097.0,-4679.0,74268.0,325351.85,23.0,3,26054.0,96374.86,30220.0,47,63,143769.0,33849.1,162467.0,3,12,155924.0,Y,801.65,current,M,66,MEDIUM,46.0,6,708.0,1,3.0
930,14009,11757.0,2609.08,2873.0,14963.0,6841.3,16118.715,5032.92,7.0,5,5,53,38,81,483000,1,1,1.0,1,102.95,992890.32,25000.0,5439.0,30364.63,37955.0,39.0,4,40700.0,21532.81,109851.9,3,81,20767.0,51015.14,57308.0,3,18,47788.0,Y,2291.34,saving,M,62,LOW,21.0,7,737.0,1,3.0
931,18718,402041.0,9925.24,713.0,9933.0,180.0,33713.0,2403.9,8.0,47,13,5,18,56,167000,1,1,1.0,1,10562.45,12257.0,5905.0,8723.0,30198.87,20234.0,32.0,26,23656.0,88254.0,43629.0,7,8,31675.0,34185.56,3064.0,4,38,383554.0,Y,4977.76,current,M,28,MEDIUM,2.4000000000000004,8,805.0,1,7.0
932,1537,16288.0,1807.95,1937.35,6690.73,502.0,408.44,3867.6,8.0,8,30,35,21,41,307000,1,1,1.0,1,81284.7,70000.0,5540.0,5340.0,26480.25,74444.0,8.0,1,370.0,130729.29,271731.5,11,8,28873.0,1107156.11,7824.0,22,73,28691.0,Y,5232.19,saving,F,37,MEDIUM,11.9,4,626.0,0,13.0
933,11478,11882.0,2943.0,25833.0,4933.0,6306.64,28634.27,3906.69,2.0,30,86,4,25,3,20000,1,1,1.0,1,270.0,120000.0,10973.0,1500.0,199479.63,39199.0,70.0,0,58840.0,38671.64,12752.0,16,69,1324439.0,32471.37,69062.0,4,54,132056.0,Y,7970.4,current,M,47,MEDIUM,8.1,8,249.0,1,2.0
934,18207,12566.0,1131.0,10802.0,1915.45,3187.8,22486.0,1784.3,7.0,29,74,42,1,16,290000,1,1,1.0,1,26218.0,10767.53,583.0,6613.0,14273.78,642815.38,11.0,36,34457.0,49364.45,98799.0,2,12,15700.0,35670.85,53010.0,40,54,44047.0,Y,2670.77,current,M,220,LOW,160.0,5,653.0,0,5.0
935,258,33822.0,64358.5,24837.02,4376.0,3484.0,5822.3,80.37,1.0,11,13,62,14,16,13000,1,1,1.0,1,39851.93,15395.48,12000.0,-4324.0,62124.39,55177.88,11.0,36,93719.0,1010827.7,104688.0,70,34,21016.0,39703.52,101239.0,8,124,25894.0,Y,2217.06,saving,M,53,MEDIUM,26.400000000000002,1,485.0,0,11.0
936,15894,16944.0,8516.21,1554.0,9655.0,3580.16,2911.32,1004.0,57.0,36,6,4,17,44,378000,1,1,1.0,1,47936.43,158000.0,30011.0,-4664.0,16555.0,108028.0,10.0,1,35130.0,31300.5,37563.0,3,11,23693.0,12621.0,51260.0,21,18,24862.19,Y,1977.1,current,M,62,MEDIUM,16.8,6,883.0,1,11.0
937,18706,8401.0,7560.77,16877.5,4948.57,12633.0,35492.2,1010.0,5.0,30,67,5,3,68,371000,1,1,1.0,1,28844.0,68663.61,2156.0,-4679.0,34041.62,63069.0,16.0,1,50611.0,73427.5,78174.88,9,20,12922.0,38435.0,94.0,46,79,250454.0,Y,1076.28,current,M,47,MEDIUM,21.6,9,385.0,1,12.0
938,8537,101078.0,66016.11,11076.94,7383.3,253293.0,4392.0,593.0,136.0,11,19,50,55,3,59000,1,1,1.0,1,151000.0,33668.0,33774.0,-4664.0,25423.83,57230.0,3.0,0,38930.0,167917.32,79761.0,3,1,39312.0,59315.9,19310.0,4,28,38485.0,Y,2896.24,current,M,33,HIGH,9.1,3,506.0,1,9.0
939,19705,7874.0,5302.67,1352.5,17381.92,13155.0,13350.5,2509.12,6.0,26,38,24,2,58,352000,1,1,1.0,1,39851.93,1423567.1,24717.0,886.0,18384.13,60278.0,42.0,31,149238.0,35553.77,219757.0,20,81,27415.0,53905.5,26713.0,7,6,27433.0,Y,2256.15,current,M,223,MEDIUM,20.3,1,683.0,1,7.0
940,3968,2789.0,182814.6,1051.0,128441.0,1882.44,4744.855,21927.62,63.0,77,4,1,6,6,483000,1,1,1.0,1,1910215.0,191000.0,5591.0,-12179.0,20398.25,88709.0,147.0,2,33891.0,26109.0,305261.0,45,31,16780.0,156847.65,33509.0,9,83,38473.0,Y,3184.71,current,M,32,LOW,10.8,1,736.0,1,19.0
941,6568,99287.0,33719.73,2116.0,1419.0,1935.76,1959.965,16335.0,44.0,30,89,1,62,56,45000,1,1,1.0,1,127004.3,24000.0,2644.0,7984.0,74362.97,27142.0,52.0,4,40464.0,13091.79,13596.0,3,8,37973.0,7699.0,168911.0,5,83,43127.0,Y,2509.31,current,M,31,MEDIUM,2.2,4,606.0,1,6.0
942,11173,9152.0,2887.19,14977.74,8582.35,5896.0,2595.25,473.59,8.0,77,29,57,24,68,481000,1,1,1.0,1,86865.0,12257.0,925.0,-3625.0,113469.43,49216.0,42.0,3,52574.0,22165.07,15143.78,3,29,35450.0,48225.21,143112.0,3,75,48863.0,Y,416.21,current,M,37,MEDIUM,15.3,10,516.0,1,18.0
943,17139,13871.0,12606.0,11709.44,7298.66,1169.2,1090.76,270.0,7.0,9,35,5,1,37,548000,1,1,1.0,1,551439.2,375000.0,11580.0,1500.0,49385.0,105844.58,2.0,7,45347.0,44741.41,176330.83,1,18,86294.0,25834.24,159117.0,2,0,27204.0,Y,611.08,current,F,28,MEDIUM,3.2,8,233.0,0,6.0
944,15695,128376.0,2496.68,284.0,4397.37,296.0,7998.0,12888.76,9.0,99,102,20,2,4,366000,1,1,1.0,1,7304.75,191000.0,183999.0,5340.0,42363.6,363653.0,2.0,7,29573.0,88553.25,32255.5,70,8,19019.0,20172.5,51881.0,14,0,62364.24,Y,16391.71,current,F,29,MEDIUM,7.2,5,258.0,1,2.0
945,9083,19534.0,5520.0,8480.12,26572.03,337.0,564.21,1746.0,66.0,10,19,2,1,1,326000,1,1,1.0,1,82587.0,117890.0,16114.0,7478.0,74175.59,41678.5,36.0,35,41937.0,28789.12,31699.0,50,44,22055.0,63159.75,18224.0,2,57,16650.0,Y,401.79,current,M,27,LOW,2.1,9,486.0,1,16.0
946,3498,8481.0,23201.0,3570.57,9015.0,17735.75,4326.205,1247.43,7.0,10,4,47,7,2,480000,1,1,1.0,1,111.4,87578.0,300500.0,-6301.0,24849.87,23496.5,52.0,23,53275.0,15519.78,94382.26,9,14,34658.0,45847.5,180902.0,1,42,25131.0,Y,12914.51,current,F,60,MEDIUM,4.0,10,725.0,0,7.0
947,14401,8144.0,3614.65,1254.0,15350.0,1765.92,5937.0,62.0,531.0,23,19,2,31,98,35800,1,1,1.0,1,31524.4,3651000.0,16114.0,5464.0,11615.88,7251.0,91.0,3,64477.0,17634.87,88134.0,4,82,27534.0,340050.51,18021.0,94,106,13757.0,Y,174.94,saving,M,27,MEDIUM,2.8000000000000003,7,385.0,1,6.0
948,11519,1266.0,12663.0,14963.97,21191.92,6841.3,75282.0,367.0,19.0,66,74,52,4,17,255000,1,1,1.0,1,16250.2,170989.0,4367.0,-4679.0,148310.55,6258.9,4.0,5,31036.0,27710.5,279962.5,31,171,20235.0,14114.2,34463.0,8,80,25826.0,Y,6748.97,current,M,27,MEDIUM,4.9,5,737.0,1,7.0
949,6525,102117.0,17302.26,34251.0,1063.52,464.0,27696.22,1359.0,44.0,7,135,1,4,81,524000,1,1,1.0,1,6100.0,50000.0,60000.0,977.0,36443.94,95867.0,18.0,0,29959.0,16083.35,82212.0,3,20,37513.0,28047.13,132920.36,3,40,115000.0,Y,1553.16,current,F,32,LOW,9.600000000000001,3,708.0,0,14.0
950,14226,235025.0,16742.3,5653.07,130013.22,1689.28,767.76,80603.0,8.0,99,5,2,21,68,240000,1,1,1.0,1,115818.74,157000.0,130000.0,1500.0,47886.27,60708.0,20.0,5,103141.0,35826.7,66881.27,6,2,28813.0,37442.7,13820.5,4,8,30426.0,Y,22102.38,current,M,29,LOW,6.300000000000001,7,883.0,1,14.0
951,3556,3841.0,50485.08,17870.0,2409.47,4512.85,19096.105,20169.3,1.0,31,5,20,14,18,28000,1,1,1.0,1,3247.5,100000.0,3975.0,5340.0,3428.0,1750.0,18.0,5,14394.0,39055.52,29763.0,70,38,18594.0,64209.0,37680.0,43,18,18291.0,Y,1320.12,saving,M,37,LOW,1.7000000000000002,5,484.0,1,3.0
952,1695,7767.0,10351.55,2347.0,985.73,1968.0,2666.0,14611.0,9.0,9,35,24,1,6,555000,1,1,1.0,1,83400.3,20098.0,908.0,0.0,83825.91,115856.8,69.0,4,29573.0,152156.16,60928.5,2,29,18948.0,753916.18,175179.0,3,10,65470.0,Y,2652.0,current,M,39,MEDIUM,13.3,4,503.0,0,14.0
953,14331,343235.0,4327.15,10002.02,52852.86,1952.92,1816.275,4911.0,5.0,4,38,1,1,47,366000,1,1,1.0,1,165907.57,3.0,90525.0,1954.0,59933.2,518572.86,11.0,7,33879.0,15725.21,70092.0,1,81,42643.0,31825.12,41915.5,7,80,36178.0,Y,1868.79,saving,M,118,LOW,9.8,9,683.0,0,8.0
954,3438,181725.0,1228.38,22619.93,904.0,1871.0,51162.53,4139.0,12.0,56,44,1,2,26,286000,1,1,1.0,1,40440.4,25404.0,925.0,10210.0,1573.0,100422.85,39.0,7,11836.0,18776.0,162969.46,43,20,105282.16,154679.36,13335.0,94,57,31946.0,Y,8004.35,current,M,35,MEDIUM,4.5,5,766.0,1,16.0
955,10940,7631.0,3614.6,14246.0,33237.83,2036.0,4335.0,2982.0,7.0,1,4,2,1,98,79000,1,1,1.0,1,1360.0,176487.6,96558.0,4063.0,6348.0,217953.0,2.0,5,8560.33,19629.0,7477.0,9,6,77174.0,25616.25,53010.0,4,7,24914.0,Y,3416.76,current,M,33,HIGH,3.9000000000000004,5,445.0,1,11.0
956,6603,3264.0,36034.92,38290.5,54815.67,6751.76,1460.945,1449.0,92.0,3,19,2,25,4,256000,1,1,1.0,1,81142.25,110000.0,15756.0,-402.0,62291.0,59672.0,46.0,1,30370.0,99130.86,4685.0,12,75,22675.0,34372.49,25749.0,8,11,19280.0,Y,14943.87,current,F,53,MEDIUM,6.6000000000000005,2,685.0,1,6.0
957,9656,16338.0,2046.0,16561.89,9028.56,21080.44,23070.0,17737.5,2.0,10,5,1,4,5,16000,1,1,1.0,1,41883.6,9866.01,24094.0,-4679.0,56810.08,55290.0,20.0,14,28568.0,78634.94,252370.5,6,12,46221.0,22303.13,1174.0,14,10,46258.0,Y,1336.88,current,F,53,MEDIUM,3.3000000000000003,1,270.0,1,11.0
958,11521,12247.0,10357.0,34325.0,36031.35,2824.0,7749.7,1961.32,7.0,50,27,52,11,26,378000,1,1,1.0,1,34786785.0,1194405.5,11580.0,3735.0,1704.0,23857.0,72.0,3,19297.0,24265.39,17338.0,5,8,21060.0,203367.53,32669.0,2,104,5309.0,Y,6584.95,saving,M,55,LOW,21.0,4,536.0,0,6.0
959,12098,10859.0,2600.765,2569.99,27355.93,2344.0,22183.0,1530.35,92.0,66,4,44,1,2,300000,1,1,1.0,1,48675.31,10465.48,4699.0,12163.0,56103.48,16050.5,91.0,2,27845.89,49704.7,36904.0,5,26,50565.0,42724.48,75491.0,9,12,49491.0,Y,10055.05,current,M,31,MEDIUM,2.2,2,958.0,1,9.0
960,18554,15945.0,27303.21,10101.0,1730.55,3443.0,29355.0,7240.0,20.0,10,16,3,38,34,199999,1,1,1.0,1,41441.27,12257.0,908.0,0.0,82184.42,18255.0,62.0,1,63611.0,96120.76,29175.96,2,5,10350.0,9125.0,120016.0,6,63,27773.0,Y,18449.14,current,M,35,MEDIUM,15.0,2,248.0,1,5.0
961,7790,17199.0,4829.0,2955.0,16721.92,2667.77,59329.24,3126.0,10.0,26,38,24,18,17,371000,1,1,1.0,1,1360.0,10903.0,787.0,-5998.43994,52707.92,26815.0,11.0,1,87332.0,14983.45,55676.0,1,29,25213.0,352.88,50192.29,5,15,50252.0,Y,834.32,current,F,47,MEDIUM,8.1,3,588.0,1,6.0
962,19185,7562.0,28048.72,2407.6,6101.075,4636.52,564.21,660.0,101.0,9,59,2,2,5,329000,1,1,1.0,1,41.4,158000.0,1630.0,6885.0,384097.0,47036.0,37.0,23,19075.0,942.5,70023.75,7,59,13131.0,26179.28,60506.0,9,65,31900.0,Y,35812.33,saving,M,35,MEDIUM,10.5,4,366.0,1,18.0
963,17471,15002.0,5143.92,3033.6,2617.0,1588.0,5458.0,1171.0,44.0,36,13,39,31,64,750000,1,1,1.0,1,526.25,205000.0,1611.0,5439.0,47870.14,23830.0,20.0,3,50357.0,36780.0,33134.0,3,86,37397.0,30431.0,26990.0,40,13,33308.0,Y,3248.85,current,M,56,MEDIUM,36.0,2,598.0,1,9.0
964,6410,11247.0,14354.0,1973.0,7380.0,249.0,1235.01,772.88,5.0,37,7,60,2,3,401000,1,1,1.0,1,668728.4,100934.0,130000.0,5773.0,61070.09,221037.0,11.0,7,27416.0,32741.51,49073.0,5,78,30629.0,27354.56,2024.0,10,22,129500.0,Y,20931.34,current,M,58,HIGH,15.200000000000001,4,623.0,1,17.0
965,5111,19678.0,24265.14,844.96,800.5,7994.72,7622.77,12824.0,3.0,6,16,5,25,55,228000,1,1,1.0,1,1539496.64,165970.9,16114.0,1444.0,45601.0,39735.5,84.0,1,103134.0,8813.03,7629.0,0,42,193000.0,55396.25,18222.95,21,38,105846.0,Y,7555.83,current,M,27,LOW,4.9,7,966.0,0,7.0
966,15424,11277.0,26639.65,5018.03,2998.0,5157.49,37232.47,1713.0,8.0,1,27,2,1,34,352000,1,1,1.0,1,291969.2,197800.0,25728.0,1931.0,603593.22,13188.0,11.0,30,16105.0,15018.0,56453.0,2,69,20238.0,18699.0,174946.0,117,36,21038.0,Y,13761.97,current,M,118,MEDIUM,19.6,1,511.0,1,8.0
967,1840,16507.0,5280.45,20030.0,8614.43,3693.96,1711.0,6324.0,7.0,11,11,7,4,47,315000,1,1,1.0,1,4110.0,992890.32,891.0,1014.0,13322.5,24709.0,11.0,2,28935.0,84685.73,49316.0,2,23,19074.33,19647.35,46374.0,8,9,34130.0,Y,1181.47,current,F,33,MEDIUM,13.0,7,883.0,0,13.0
968,10426,17904.0,4330.0,2570.07,5321.92,6515.64,3662.0,2782.0,25.0,1,52,2,55,42,302000,1,1,1.0,1,15772650.74,12000.0,908.0,-5942.0,35384.22,51918.27,9.0,4,9776.0,5066.0,52847.63,2,8,30355.0,29374.97,258833.0,8,8,20229.0,Y,231.2,current,M,35,MEDIUM,7.5,7,503.0,1,6.0
969,16209,291353.0,3774.45,7500.0,11156.89,986.68,28698.0,3291.0,100.0,46,47,3,6,1,272000,1,1,1.0,1,134985.0,118976.0,1018.0,553.0,33863.19,26162.0,62.0,35,66443.0,42503.3,38216.0,6,50,37846.0,22138.0,39245.87,43,21,32560.0,Y,5478.06,saving,M,37,MEDIUM,15.3,9,254.0,0,3.0
970,4485,8037.0,10859.35,21224.0,4873.9,450.0,3197.975,4674.28,92.0,18,10,30,5,6,34000,1,1,1.0,1,306.4,409168.15,49000.0,1079.0,29893.0,52472.0,5.0,0,20301.0,14471.84,93818.36,6,23,19096.0,96637.62,66331.0,44,18,33921.0,Y,2966.28,current,F,62,MEDIUM,21.0,5,296.0,0,12.0
971,6965,11869.0,1807.95,1058.28,7685.5,5995.0,1305.14,1842.0,5.0,18,44,18,2,11,156000,1,1,1.0,1,61186.36,101.24,126001.0,0.0,21182.98,27033.0,94.0,33,78748.0,13852.09,5817.0,35,108,21725.0,16753.13,94765.5,3,61,360829.0,Y,766.26,current,M,28,LOW,1.6,4,908.0,1,7.0
972,13649,132730.0,28649.61,908.5,1539.0,65962.0,15426.775,772.88,8.0,18,20,4,14,98,523000,1,1,1.0,1,223000.0,385218.7,12000.0,903.0,32749.0,28116.88,15.0,3,42523.0,13105.71,48793.0,0,30,101950.0,17971.0,62946.47,4,107,60227.0,Y,22219.32,saving,M,46,MEDIUM,5.2,9,233.0,0,20.0
973,532,11868.0,2574.63,18485.0,4247.78,1069.0,5372.0,5328.0,10.0,9,2,1,2,54,232000,1,1,1.0,1,52209.5,234459.4,11379.0,-4679.0,16401.2,64589.12,11.0,36,45541.0,31112.75,252370.5,31,59,28873.0,11252.0,3397.0,42,1,36308.0,Y,2459.15,current,M,61,MEDIUM,4.1000000000000005,5,658.0,0,15.0
974,10820,340909.0,34006.14,11143.04,5365.88,11744.48,42973.0,1003.26,1.0,30,4,48,2,70,1000000,1,1,1.0,1,754075.0,64491.0,643.0,14509.0,120114.26,38930.0,42.0,5,23370.0,31851.74,16017.0,47,12,19220.0,104170.16,192411.0,21,28,35958.0,Y,3426.36,current,M,34,MEDIUM,11.200000000000001,4,639.0,1,6.0
975,10671,11269.0,5138.97,23902.24,23195.97,2367.0,1430.0,1784.3,1.0,23,64,8,26,2,350000,1,1,1.0,1,130319.0,76157.6,29542.0,977.0,36609.26,12195.0,52.0,4,24323.0,20841.59,35031.36,43,104,20597.0,107663.93,69648.95,1,83,33186.0,Y,16391.71,current,F,35,MEDIUM,15.0,6,867.0,0,5.0
976,1570,19312.0,18616.5,13657.0,1735.74,17403.0,10097.5,5131.0,124.0,13,29,24,2,47,85000,1,1,1.0,1,144293.83,992890.32,230000.0,1465.0,5920.74,61176.0,4.0,5,227800.0,28412.37,121084.37,1,8,78603.0,110567.5,2597.0,4,103,33891.0,Y,5646.55,current,M,53,LOW,13.200000000000001,10,865.0,1,3.0
977,10617,7349.0,27878.71,819.0,1460.0,236.12,17708.24,3264.0,6.0,11,14,2,25,1,46000,1,1,1.0,1,3950.0,49298.99,891.0,1444.0,34278.6,8196.0,11.0,1,134246.0,67393.25,160685.92,1,6,29647.0,49037.92,14814.0,8,80,51800.0,Y,171.2,current,M,47,MEDIUM,24.3,2,907.0,0,8.0
978,14548,17031.0,6077.68,1541.0,23772.28,22304.86,4723.0,23315.26,6.0,43,112,3,7,79,124000,1,1,1.0,1,449.01,19000.0,925.0,5464.0,19827.5,57722.0,91.0,7,51801.0,133507.29,136235.0,43,11,34512.0,360283.04,40049.0,3,79,75452.0,Y,439.65,current,M,30,MEDIUM,6.0,3,370.0,1,16.0
979,6284,14596.0,61344.48,719.01,11088.46,53018.0,2878.2,721.0,8.0,25,71,54,55,22,461000,1,1,1.0,1,168265.55,159415.3,925.0,0.0,103797.84,113826.0,18.0,35,20725.0,7494.72,90840.0,2,4,18548.0,25855.09,673639.0,47,79,53215.0,Y,3931.15,current,F,66,MEDIUM,32.2,9,511.0,1,13.0
980,18529,178096.0,11383.0,2130.0,5674.92,50144.16,6298.875,1247.43,6.0,85,19,3,2,9,650000,1,1,1.0,1,360978.37,189246.0,16114.0,173.0,53877.57,15035.0,4.0,35,28793.0,34668.31,29605.0,1,20,66962.27,18545.88,188268.93,3,50,21976.0,Y,102216.02,saving,M,30,MEDIUM,5.0,5,511.0,1,13.0
981,13122,170853.0,19887.0,5533.68,10318.13,2191.92,5186.2,6829.18,3.0,50,50,3,5,30,524000,1,1,1.0,1,331.2,152391.0,183999.0,0.0,46626.0,75963.0,89.0,3,153080.0,41910.5,72190.0,3,20,20807.0,83045.5,16417.0,3,40,12096.0,Y,135606.3,current,M,221,HIGH,180.9,4,923.0,0,19.0
982,9896,9683.0,2662.4,12701.75,780.78,498.0,3667.04,3789.0,92.0,23,35,2,14,75,524000,1,1,1.0,1,167.5,61022.63,230000.0,7984.0,538261.91,68440.0,39.0,36,19421.0,65299.66,137377.0,70,7,14726.0,87919.88,25601.0,14,1,21432.0,Y,1942.35,current,M,35,MEDIUM,1.5,1,908.0,1,3.0
983,5596,12690.0,2609.08,2812.0,6506.6,4343.0,5292.485,274.0,15.0,10,32,50,60,79,191000,1,1,1.0,1,6100.0,267421.4,1515.0,553.0,9782.92,34452.0,11.0,0,35030.0,127550.21,17492.43,5,13,24857.0,97308.48,23209.0,94,3,23330.0,Y,2997.68,current,F,58,MEDIUM,26.6,5,867.0,0,14.0
984,672,5883.0,47743.25,57.0,7806.7,23568.58,12369.0,12625.0,56.0,9,59,1,1,18,16000,1,1,1.0,1,196885.0,1030000.0,98472.0,19765.0,18693.13,51363.0,89.0,43,32527.0,50066.44,64683.0,17,44,2777.0,36134.0,22604.0,6,68,185979.0,Y,521.04,current,M,33,MEDIUM,5.2,8,537.0,1,13.0
985,10990,32568.0,10313.0,6355.16,8644.93,21837.56,7742.46,6309.67,9.0,18,9,57,2,6,35000,1,1,1.0,1,47.35,71000.0,30000.0,1500.0,35727.62,411198.0,72.0,4,24213.0,63115.0,11189.0,3,17,30275.0,98062.16,10330.89,6,120,138440.0,Y,15010.73,current,M,40,MEDIUM,20.0,5,583.0,1,16.0
986,3081,2383.0,6580.78,986.0,1389.54,14628.34,32691.0,5370.2,43.0,14,29,1,1,70,252000,1,1,1.0,1,63590.4,16000.0,50000.0,-6885.0,42035.25,24689.5,69.0,30,58500.0,23634.5,16853.0,2,20,53376.0,59710.03,50143.0,47,68,99995.0,Y,3693.64,current,M,33,MEDIUM,3.9000000000000004,4,523.0,1,5.0
987,16723,2238.0,30362.77,709.0,51477.14,2698.91,3114.5,2861.0,43.0,30,64,1,25,2,595000,1,1,1.0,1,2.13,74599.9,925.0,2351.0,19347.15,41533.0,63.0,3,33080.0,49112.0,12098.0,30,25,28738.0,38391.67,40883.0,40,104,37201.0,Y,1608.74,current,M,32,MEDIUM,6.0,4,921.0,1,6.0
988,5636,9750.0,47750.92,28166.0,9000.59,2930.0,2523.385,19783.0,136.0,10,13,10,17,2,383000,1,1,1.0,1,720551.4,191000.0,936.0,10210.0,95961.18,31849.0,3.0,36,21783.0,25698.84,104118.36,2,7,97500.0,108715.52,75046.0,22,101,20488.0,Y,15124.42,current,M,37,MEDIUM,8.5,2,921.0,1,8.0
989,122,7563.0,4286.86,8762.0,13399.42,3876.0,1819.29,738.14,4.0,50,71,8,2,1,290000,1,1,1.0,1,47.35,369448.8,300500.0,1332.0,42885.15,9225.0,87.0,1,26345.29,13796.85,288849.94,31,105,46171.0,84423.48,16123.0,6,83,18251.47,Y,8983.98,saving,M,34,MEDIUM,9.8,9,966.0,1,5.0
990,2433,364.0,19885.19,8882.57,2648.65,2113.85,144998.45,13272.0,6.0,32,74,48,3,79,366000,1,1,1.0,1,76122.87,64491.0,25508.0,-4664.0,30900.69,68998.88,67.0,2,131499.0,22862.22,311332.0,3,81,86134.0,110183.56,72597.0,42,35,67549.0,Y,6808.82,current,M,60,LOW,16.0,2,858.0,1,10.0
991,12923,4678.0,1538.72,3734.0,6647.86,14799.97,14123.3,325.0,7.0,18,89,2,7,56,369000,1,1,1.0,1,10008.0,95081.0,7162.0,2337.0,25079.97,35220.0,4.0,9,25465.0,38258.13,338101.0,70,8,44571.0,5.23,289639.0,2,57,16081.0,Y,1238.64,current,F,47,MEDIUM,24.3,5,374.0,0,20.0
992,16326,10872.0,41061.0,20586.0,3773.05,2327.0,4744.855,10542.0,531.0,1,82,6,3,26,443000,1,1,1.0,1,41441.27,36880.0,5591.0,3897.0,35727.62,30055.0,42.0,36,59423.0,73513.08,121290.42,47,84,31083.0,56893.81,39067.78,11,3,19119.4,Y,4162.37,current,M,60,HIGH,36.0,2,394.0,1,2.0
993,1092,11563.0,5182.85,644.0,2571.68,4036.8,2736.66,9055.18,3.0,85,35,30,2,4,35000,1,1,1.0,1,262584.0,30453.0,1630.0,20790.0,26212.31,228494.0,36.0,6,34496.0,38077.24,201472.0,5,20,63750.0,117233.17,24296.17,4,75,56387.0,Y,9020.87,current,M,28,HIGH,3.2,4,374.0,1,10.0
994,19570,20224.0,16640.59,2549.9,1607.625,3121.0,17062.75,4635.0,2.0,65,17,2,2,1,306000,1,1,1.0,1,7089.7,14000.0,30011.0,8362.0,60486.53,39265.0,22.0,36,50111.0,177649.66,163855.0,3,34,58388.0,77664.83,121940.0,3,11,38473.0,Y,4162.37,current,M,53,MEDIUM,6.6000000000000005,7,937.0,1,12.0
995,9515,7671.0,6007.87,1166.42,5090.32,11800.54,3583.0,3903.0,59.0,66,29,18,4,17,34000,1,1,1.0,1,298492.0,633323.83,12105.0,2337.0,2074.0,244470.0,3.0,30,165305.38,75225.58,315338.61,4,78,81077.0,78010.22,66347.0,3,63,30190.0,Y,6140.92,current,M,30,MEDIUM,2.0,5,927.0,1,4.0
996,14273,5916.0,18529.54,261.0,17844.86,4235.0,4451.585,6566.78,66.0,66,69,22,1,98,784000,1,1,1.0,1,5210.85,267421.4,33774.0,-6281.37987999999,178341.31,97561.89,46.0,2,122017.65,19731.29,13439.5,2,59,18116.0,32700.47,15034.0,21,79,35207.0,Y,898.29,current,M,62,MEDIUM,12.600000000000001,10,914.0,1,16.0
997,12713,11410.0,5664.01,2522.0,14879.0,9284.0,1025.4,1247.73,2.0,84,47,5,4,17,489000,1,1,1.0,1,233727.15,190887.4,5981.0,1500.0,15943.0,10862.41,4.0,17,93883.0,14934.18,85293.5,2,25,16865.0,20124.0,194110.0,12,39,15463.0,Y,16256.92,current,M,44,MEDIUM,19.200000000000003,4,638.0,1,19.0
998,5317,4209.0,8776.0,9923.99,11475.25,9049.0,1766.095,2027.0,10.0,84,23,1,9,10,170000,1,1,1.0,1,20049.0,278904.9,56184.0,1465.0,132709.84,229218.16,70.0,0,34047.0,15331.8,127882.0,1,25,21992.0,54828.2,56176.0,8,120,17088.0,Y,23366.64,current,M,66,MEDIUM,41.400000000000006,4,805.0,1,9.0
999,15816,172981.0,14957.5,5979.58,40626.95,2018.0,2077.94,3332.0,6.0,42,60,30,3,67,400000,1,1,1.0,1,39758.95,159308.0,1097.0,-6301.0,41707.0,23177.91,4.0,9,1962.9,61845.5,72854.2,2,20,52664.0,21323.38,92707.0,3,22,91984.0,Y,43017.62,current,M,53,LOW,26.400000000000002,4,575.0,1,12.0
1000,12991,313136.0,17847.87,1372.32,17922.62,1545.0,4518.005,901.0,3.0,1,53,1,44,30,75000,1,1,1.0,1,25976.2,31000.0,49975.0,5340.0,14689.0,5193.0,62.0,17,25050.0,28447.88,35881.0,4,25,22477.0,26072.62,283.79,10,63,38338.0,Y,2469.92,current,M,63,LOW,43.0,8,430.0,1,11.0
1001,14364,13770.0,5829.72,4305.0,8973.5,4362.47,25468.74,10086.0,52.0,5,61,1,1,68,530000,1,1,1.0,1,3638.25,42000.0,24619.0,6885.0,27560.39,87099.0,52.0,26,2000000.0,34269.26,90199.0,5,81,143859.0,107523.73,22453.5,3,73,51038.0,Y,1529.96,current,M,28,MEDIUM,8.0,4,748.0,1,3.0
1002,17720,5631.0,7232.5,614.0,11274.35,3889.5,13529.5,3771.34,5.0,26,5,12,8,5,17000,1,1,1.0,1,76780.0,53750.0,72000.0,26601.0,6550.47,54459.0,46.0,6,24965.0,6088.0,4397.0,23,78,30192.0,14789.48,91.73,94,54,31601.0,Y,7317.35,current,M,58,LOW,7.6000000000000005,5,324.0,1,4.0
1003,19498,15188.0,9724.9,11805.26,6402.0,9626.0,10888.0,2027.0,6.0,43,49,18,1,9,26000,1,1,1.0,1,3247.5,12000.0,925.0,0.0,15090.13,53581.0,70.0,3,103300.0,70834.87,31496.0,2,46,33442.0,40331.0,35428.0,1,38,25343.0,Y,1237.82,current,F,62,MEDIUM,12.600000000000001,8,254.0,0,2.0
1004,4146,290373.0,4595.18,4695.0,65405.07,526.0,16527.0,2740.82,56.0,10,87,24,12,4,263000,1,1,1.0,1,241.65,52991.0,28912.0,-5998.43994,26816.25,11853.0,80.0,26,25365.0,14144.14,9551.0,4,50,28115.0,17492.71,10324.0,2,107,10458.0,Y,20514.99,current,M,66,HIGH,36.800000000000004,6,613.0,1,20.0
1005,11325,4503.0,6454.9,2724.0,4833.0,2371.19,1143.0,4618.0,8.0,23,112,20,6,11,124000,1,1,1.0,1,185669.2,3084.5,5540.0,-3506.17993,142219.7,213363.17,4.0,13,25848.0,42950.01,57163.0,4,7,24857.0,31904.32,75800.0,94,76,10494.0,Y,1666.15,current,M,42,MEDIUM,4.4,7,708.0,1,14.0
1006,1745,3873.0,4617.0,12074.28,12232.18,7108.76,886.0,10323.0,9.0,13,35,20,1,11,421000,1,1,1.0,1,4720.0,24000.0,678.0,8572.0,181029.12,120569.38,10.0,4,92443.0,75207.0,76507.0,6,40,256212.55,47403.0,41731.0,21,80,99894.74,Y,9758.48,current,M,37,LOW,13.600000000000001,9,631.0,1,3.0
1007,11110,7805.0,27311.55,4802.0,1700.0,559.27,15668.555,3143.36,10.0,32,84,1,55,47,427000,1,1,1.0,1,39853.9,1400000.0,43798.0,5340.0,35623.77,92936.0,4.0,1,119140.0,85997.02,79388.9,7,63,44518.0,19962.62,20276.0,3,15,5655.0,Y,1868.69,current,M,27,LOW,7.0,9,511.0,0,12.0
1008,16700,40042.0,5104.69,142905.29,29598.04,2860.0,11982.0,8296.13,2.0,14,4,4,31,41,19000,1,1,1.0,1,48796.45,12000.0,25524.0,-3506.17993,47398.01,5272.0,62.0,4,43046.0,22210.97,28752.0,3,12,24105.0,14769.69,20409.0,1,0,27048.0,Y,5009.94,saving,M,33,MEDIUM,3.9000000000000004,2,805.0,1,11.0
1009,14296,292654.0,7249.39,14604.69,17945.61,2279.0,66934.0,2875.0,19.0,16,35,5,3,10,102000,1,1,1.0,1,24832.0,64491.0,26241.0,4150.0,36167.79,36364.5,11.0,6,17757.0,14198.0,27774.0,2,82,66213.0,35417.78,58379.5,21,8,39602.0,Y,2421.87,current,M,38,LOW,5.4,10,485.0,0,10.0
1010,5773,8490.0,2834.94,3258.0,20653.85,5682.2,10541.815,13780.0,2.0,4,49,48,2,2,461000,1,1,1.0,1,3080625.0,90829.65,56305.0,3897.0,86062.75,81605.0,87.0,3,50510.0,36150.29,28105.0,3,171,12702.0,11463.0,74762.0,94,103,29304.0,Y,11413.55,current,M,28,MEDIUM,7.2,5,451.0,0,8.0
1011,19828,19738.0,28237.0,3410.0,5686.5,2537.86,7409.42,1654.0,19.0,36,3,1,4,8,750000,1,1,1.0,1,604365.0,187788.1,1526.0,-6885.0,189583.71,1450750.0,4.0,3,10977.0,2189.57,55750.0,17,12,22675.0,148259.45,43088.0,6,8,31896.0,Y,2305.47,current,M,223,MEDIUM,20.3,9,631.0,1,20.0
1012,2706,17713.0,8662.71,6391.0,55288.75,2374.16,2862.0,1386.0,10.0,3,35,11,14,54,494000,1,1,1.0,1,137260.8,186474.96,78309.0,5439.0,13338.09,40944.98,67.0,9,19779.0,68519.3,110690.22,2,59,41634.0,32458.62,18288.0,36,61,25022.0,Y,1889.14,current,M,33,HIGH,5.2,10,394.0,1,18.0
1013,6646,18330.0,7181.59,201.0,1214.5,440.51,3519.405,40907.0,4.0,23,27,2,9,77,232000,1,1,1.0,1,530797.35,189246.0,23500.0,1465.0,3255.25,72973.0,36.0,2,34582.0,52206.46,117174.0,4,82,193000.0,16919.5,5595.0,3,24,7638.0,Y,2356.75,current,M,29,MEDIUM,0.9,8,465.0,0,3.0
1014,17459,18559.0,18123.0,27770.0,2758.28,5251.0,1854.0,21927.62,100.0,3,44,1,3,3,381000,1,1,1.0,1,48422.7,200926.0,26241.0,-5998.43994,19024.25,28174.0,35.0,1,14293.0,53014.13,113704.0,0,13,32441.0,399198.57,3553.0,5,104,49989.96,Y,7029.36,current,M,28,MEDIUM,2.4000000000000004,2,244.0,1,8.0
1015,14287,15163.0,9488.0,6852.0,15904.0,2837.84,3356.4,27822.0,1.0,85,2,23,12,9,520000,1,1,1.0,1,77947.52,77000.0,24619.0,5773.0,37818.56,37388.87,42.0,36,29317.0,31772.44,84290.0,9,82,18643.0,29530.56,24002.0,2,63,47445.0,Y,417.45,current,M,44,HIGH,14.4,9,683.0,0,15.0
1016,19883,40177.0,14794.25,778.0,17818.89,11974.77,3468.5,1424.0,16.0,26,72,2,36,67,225000,1,1,1.0,1,54453.8,93.35,68000.0,553.0,24729.6,154540.88,90.0,7,19249.0,67700.37,29798.0,1,171,91306.0,20652.99,44468.59,6,79,36576.0,Y,3919.44,current,M,66,HIGH,18.400000000000002,2,737.0,1,4.0
1017,14244,209.0,42066.36,17487.61,3652.5,461.0,4196.08,4203.0,7.0,11,4,4,2,44,100000,1,1,1.0,1,27747.0,90829.65,15654.0,1500.0,148829.71,32216.0,39.0,3,34282.0,44325.0,156290.0,0,28,36206.0,20402.0,36317.0,2,40,2530.0,Y,29708.16,current,M,38,LOW,16.2,6,249.0,1,17.0
1018,12356,19175.0,28601.54,18294.16,6418.36,2572.0,11183.0,4086.52,4.0,5,102,42,2,1,256000,1,1,1.0,1,53374.97,280000.0,798.0,-3506.17993,14261.0,86322.0,32.0,0,14909.0,118410.53,23629.0,30,2,65967.0,41007.6,66671.72,9,113,35254.0,Y,4568.76,current,M,27,MEDIUM,4.2,9,488.0,1,18.0
1019,15387,13597.0,11987.46,9836.0,21914.83,8120.0,4009.24,11800.26,6.0,8,14,4,2,56,383000,1,1,1.0,1,516.8,93000.0,51520.0,1429.0,53951.33,1129.0,5.0,3,33549.0,51231.6,21377.0,2,8,55504.0,44829.12,16545.29,11,35,35688.0,Y,9.23,current,M,66,LOW,9.200000000000001,9,623.0,0,19.0
1020,10984,3222.0,10889.84,18683.0,16772.0,9478.0,2448.92,6309.67,8.0,36,19,1,3,2,212500,1,1,1.0,1,1892440.0,6.0,908.0,7478.0,25448.47,48297.23,52.0,2,65366.0,31241.22,276461.88,43,69,36000.0,399198.57,175647.0,8,12,52366.0,Y,106.5,current,M,62,MEDIUM,12.600000000000001,6,558.0,1,4.0
1021,6112,6497.0,8626.45,3994.8,7136.0,3386.67,4804.9,755.0,136.0,22,89,4,21,70,383000,1,1,1.0,1,2216.0,138475.4,126001.0,12415.0,52982.47,97647.0,11.0,4,94312.0,17413.26,104291.98,2,20,79.0,191686.37,18491.0,7,54,26253.0,Y,161.23,current,M,38,LOW,12.600000000000001,4,883.0,1,15.0
1022,18651,4044.0,1917.99,6997.0,2743.28,5122.0,22606.0,868.5,136.0,10,72,18,2,3,408000,1,1,1.0,1,903003.0,41.26,3000.0,-5942.0,29546.2,91551.0,94.0,36,26851.0,79515.58,61986.0,24,82,34431.61,106518.33,241649.23,14,65,14675.0,Y,2244.32,current,M,35,LOW,3.0,8,516.0,1,8.0
1023,10733,11572.0,4618.52,1080.0,1546.0,5870.0,1412.0,911.68,67.0,36,20,22,21,67,302000,1,1,1.0,1,1581000.0,111000.0,711.0,-5715.49022999999,38642.36,52545.0,29.0,0,21750.0,86726.92,286668.0,7,6,11617.0,32255.98,63519.0,40,39,61056.0,Y,133145.43,current,M,33,HIGH,2.6,4,883.0,0,17.0
1024,2937,15614.0,5749.0,288.0,67113.87,15678.0,25855.565,533.0,8.0,5,5,1,6,22,27000,1,1,1.0,1,3549.85,356899.37,73217.0,1014.0,54500.25,58949.12,70.0,1,28431.0,9047.0,19970.0,2,14,103000.0,155914.76,40664.0,21,11,33416.5,Y,1619.33,current,M,29,LOW,2.7,10,858.0,1,12.0
1025,12012,2313.0,3062.02,24837.02,1618.04,20056.0,67502.95,3872.65,1.0,39,44,3,21,1,302000,1,1,1.0,1,3380.0,76157.6,130000.0,5730.0,52923.91,70280.0,5.0,18,32653.0,596519.64,130308.0,4,40,4455.0,23060.28,74852.0,2,1,38130.0,Y,4452.63,saving,M,40,MEDIUM,12.0,3,748.0,1,17.0
1026,16481,308549.0,14965.0,1515.0,16466.16,4118.0,11022.58,494.0,19.0,37,135,3,2,10,104000,1,1,1.0,1,53374.97,39833.19,25639.0,4795.0,25915.25,19118.0,42.0,1,58332.0,41170.15,36651.0,2,24,23520.0,96637.62,89381.58,93,49,48132.0,Y,12809.3,current,M,29,HIGH,2.7,1,537.0,1,9.0
1027,12668,181627.0,29244.0,41762.0,2977.0,3496.73,1685.0,658.0,4.0,66,30,53,60,70,232000,1,1,1.0,1,22086.05,506383.85,50000.0,167.0,109281.96,13185.87,37.0,0,24372.0,23981.89,70191.0,45,5,29685.0,29952.59,36293.38,36,79,44242.0,Y,1419.3,current,M,39,MEDIUM,1.9000000000000001,4,683.0,0,3.0
1028,6940,6777.0,45037.99,3327.8,5105.0,5287.3,10342.67,2226.02,7.0,10,5,2,21,5,267000,1,1,1.0,1,825.0,399.09,300500.0,977.0,29143.29,193214.0,4.0,2,73394.0,43861.25,191897.0,43,20,47226.0,23848.0,174192.0,21,24,14508.0,Y,1332.67,current,M,62,MEDIUM,33.6,3,525.0,0,20.0
1029,9247,7194.0,11945.2,8203.73,14316.2,1906.52,2509.41,822.0,10.0,10,1,35,2,6,164000,1,1,1.0,1,16250.2,992890.32,550.0,-5998.43994,34335.65,24768.0,2.0,1,34050.0,5375.0,16600.0,2,59,20891.0,128238.48,24217.63,36,11,15656.0,Y,31681.87,current,M,29,LOW,7.2,9,755.0,1,12.0
1030,13990,17978.0,45218.54,1056.0,7187.17,5502.0,2518.99,263.0,4.0,10,9,62,21,47,152000,1,1,1.0,1,2002.36,25172.0,15000.0,-4679.0,31384.3,425197.0,4.0,3,15253.0,14640.15,2469.0,6,8,54314.0,58505.03,148447.96,117,113,20105.0,Y,2003.68,saving,M,33,LOW,2.6,2,445.0,1,14.0
1031,18203,310606.0,269320.52,1515.0,1248.0,8033.84,3873.23,4450.5,100.0,10,89,2,71,17,326000,1,1,1.0,1,98062.5,6773.96,23500.0,6885.0,25391.03,50655.48,18.0,1,106446.0,44092.75,57535.0,70,82,19382.0,26652.89,53288.0,22,11,38349.0,Y,2391.74,current,M,46,MEDIUM,10.4,10,883.0,1,5.0
1032,3473,220994.0,610.0,1796.76,10220.28,3936.0,338.0,1252.22,6.0,10,30,5,51,11,267000,1,1,1.0,1,10000.0,3651922.3,539.0,2351.0,321846.3,157017.0,16.0,30,22754.0,5738.75,76217.0,3,6,544.0,40278.49,83271.0,3,24,17184.0,Y,1032.51,current,M,30,LOW,4.0,10,536.0,1,12.0
1033,2201,297644.0,7082.84,9214.0,1734.52,1421.92,14467.0,8910.0,50.0,9,27,1,3,3,68000,1,1,1.0,1,5383.25,234459.4,768.0,12965.0,143583.16,87433.06,46.0,1,18015.0,1224.36,35468.5,0,6,20638.0,17929.76,23772.0,3,54,397.0,Y,599.6,current,M,29,MEDIUM,5.4,4,638.0,1,11.0
1034,14871,19255.0,928.69,14437.35,3365.78,1754.0,36740.975,7659.0,15.0,65,35,1,23,3,34000,1,1,1.0,1,39853.9,760470.3,4699.0,12415.0,67655.1,27876.23,11.0,4,35217.0,107366.57,54103.0,4,2,33420.0,15877.2,51557.0,3,21,76587.0,Y,1408.5,current,M,53,MEDIUM,33.0,9,865.0,1,5.0
1035,19475,300612.0,69180.82,21855.31,1400.5,15533.0,12931.08,197.0,6.0,8,16,2,18,3,256000,1,1,1.0,1,568.8,85300.0,2156.0,0.0,71756.0,179128.0,55.0,17,55479.0,37654.46,208950.52,6,34,63843.0,104822.45,45946.0,7,49,32897.0,Y,14644.29,current,M,53,MEDIUM,13.200000000000001,7,626.0,1,15.0
1036,12530,17997.0,5358.0,5028.99,6808.19,1229.0,24661.515,3426.0,8.0,34,2,48,1,1,256000,1,1,1.0,1,19866.0,52000.0,925.0,886.0,7504.25,56747.0,1.0,3,291262.0,4384.5,38794.0,3,20,20151.0,44327.66,28303.0,94,24,19889.0,Y,608.1,current,M,38,MEDIUM,12.600000000000001,7,268.0,1,7.0
1037,12300,99941.0,15279.0,3856.0,26762.54,3589.95,13480.0,5507.1,24.0,66,35,10,15,75,59000,1,1,1.0,1,71020.5,100934.0,48950.0,4795.0,117672.6,19278.0,10.0,17,57474.0,54489.83,5243.0,17,8,27771.0,16828.87,180189.58,2,79,19970.0,Y,2928.41,current,M,28,LOW,3.2,3,626.0,1,18.0
1038,645,14194.0,66816.19,104.0,8760.4,23395.62,13046.035,10942.0,6.0,19,59,3,14,47,212500,1,1,1.0,1,684495.7,158000.0,4367.0,-12179.0,199801.72,72485.0,4.0,36,37860.0,24740.22,10066.0,43,20,53710.0,28123.05,23680.0,94,120,115500.0,Y,4112.76,current,M,29,MEDIUM,5.4,5,258.0,1,16.0
1039,3510,11444.0,16841.04,7559.0,8247.95,760.54,9429.0,18528.0,101.0,23,14,53,36,11,267000,1,1,1.0,1,24832.0,3.59,12000.0,8572.0,387.0,26345.0,35.0,1,59946.0,253904.0,175168.0,3,30,8052.0,47874.59,168979.59,93,14,38700.0,Y,1241.59,saving,M,62,MEDIUM,8.4,9,516.0,0,14.0
1040,9150,15378.0,4150.5,5749.11,5942.95,2119.63,45970.48,10107.0,60.0,10,44,4,17,56,147000,1,1,1.0,1,12315.0,64491.0,25524.0,0.0,57436.0,84154.91,42.0,0,38795.0,51078.0,16579.39,43,12,53462.0,102578.82,30456.5,6,76,30520.0,Y,1283.11,current,F,55,MEDIUM,17.5,8,966.0,0,9.0
1041,19441,10447.0,31389.0,2136.0,3371.95,14628.34,15186.385,710.0,8.0,3,38,2,14,5,139999,1,1,1.0,1,47936.43,13299.0,30011.0,977.0,95548.07,121151.94,6.0,9,14599.0,987350.63,78917.0,43,171,27878.93,63448.64,23875.0,14,113,26304.0,Y,1529.96,current,F,42,MEDIUM,2.2,3,574.0,1,19.0
1042,7287,3795.0,13242.0,2868.09,35830.21,2699.77,5673.025,1658.0,5.0,13,27,12,11,79,301000,1,1,1.0,1,39853.9,254348.9,155205.0,24326.0,8688.34,54491.0,39.0,5,21925.0,160161.55,160628.01,17,29,21849.0,71804.89,18913.5,22,63,15122.0,Y,1780.78,current,M,35,MEDIUM,4.5,3,863.0,1,13.0
1043,17974,13742.0,19816.13,3805.4,15073.66,2879.58,15407.0,560.28,26.0,31,112,1,46,55,256000,1,1,1.0,1,327324.9,992890.32,891.0,-4664.0,35026.38,31013.25,39.0,3,41303.0,31164.0,430494.86,3,8,19735.0,45102.93,28060.0,8,63,55411.36,Y,18.59,current,M,27,LOW,7.0,3,386.0,0,6.0
1044,13744,16582.0,9756.85,6526.0,15149.77,5083.0,2122.01,4912.0,17.0,18,7,1,2,6,341000,1,1,1.0,1,1641785.0,900000.0,25002.0,2921.0,40843.43,18248.0,4.0,26,23020.0,60026.95,164025.36,8,25,114263.22,101156.5,67404.49,94,3,50821.0,Y,12032.5,current,M,120,HIGH,50.0,4,330.0,1,16.0
1045,11253,16891.0,23224.12,5476.03,2743.0,13035.0,3784.69,8007.0,9.0,7,10,26,3,11,267000,1,1,1.0,1,46451.38,157000.0,11379.0,5730.0,11719.21,119878.05,10.0,3,15866.0,173278.72,1162.0,23,12,25762.0,137470.46,35808.0,8,18,46096.0,Y,3640.5,current,F,33,LOW,3.9000000000000004,2,574.0,0,4.0
1046,19092,2135.0,7423.99,355.0,30658.45,6288.96,1730.0,5229.0,12.0,6,50,3,2,8,187000,1,1,1.0,1,48675.31,400000.0,4198.0,553.0,8771.41,38797.57,84.0,35,35506.0,10588.0,17193.05,4,16,20216.2,35355.96,53785.0,41,18,715.0,Y,5304.86,saving,M,47,LOW,5.4,2,268.0,1,6.0
1047,7431,17779.0,14460.44,5444.54,6766.95,15723.12,1515.5,6234.8,5.0,8,67,20,15,54,232000,1,1,1.0,1,2100.0,77965.0,78309.0,0.0,32256.82,335726.0,55.0,31,48141.0,6067.6,84185.0,12,81,27718.0,269903.51,32234.2,6,103,33606.0,Y,2032.26,current,M,34,HIGH,7.0,3,448.0,1,6.0
1048,5076,19982.0,7954.04,3183.72,14708.65,8392.0,392.0,11432.0,16.0,3,60,1,3,80,186000,1,1,1.0,1,137260.8,64491.0,100000.0,1411.0,41742.99,47049.0,18.0,55,12678.0,351288.99,24577.0,31,13,31585.0,70929.5,205597.0,6,18,17899.0,Y,10970.78,current,F,53,MEDIUM,33.0,3,963.0,1,16.0
1049,9972,10141.0,16460.41,7645.6,19600.85,4118.0,6271.21,2143.0,3.0,46,87,57,18,8,147000,1,1,1.0,1,331.2,278360.16,1036.0,-6301.0,125369.14,25911.0,42.0,7,14621.0,11851.0,199082.0,10,8,39500.0,35796.0,101001.0,3,104,84328.0,Y,1870.17,current,M,33,MEDIUM,7.800000000000001,10,693.0,1,13.0
1050,11582,747.0,6645.0,250.47,15330.48,1500.65,8693.0,3446.0,4.0,77,59,11,15,6,34000,1,1,1.0,1,360978.37,100934.0,183999.0,6613.0,120940.37,45163.0,62.0,28,23717.0,80574.0,81790.0,43,11,140441.82,74587.22,46447.0,8,75,37934.0,Y,92.31,current,F,51,MEDIUM,21.700000000000003,7,945.0,1,20.0
1051,3967,32.0,124284.0,1915.0,9497.49,6548.0,38276.0,1982.0,5.0,27,6,48,1,10,74100,1,1,1.0,1,1482778.95,340000.0,11580.0,12174.0,40800.1,161988.11,35.0,13,23939.0,30674.96,42025.0,3,82,18316.0,23938.38,26470.0,5,24,66329.0,Y,14675.72,current,M,66,LOW,41.400000000000006,6,708.0,1,6.0
1052,15159,345702.0,22235.73,253.0,3629.07,8263.59,15359.15,1449.0,32.0,2,4,24,3,3,524000,1,1,1.0,1,33784.35,101.24,25000.0,5350.0,19128.08,25244.0,16.0,3,44137.0,43195.36,103857.0,47,11,21457.0,39199.0,34479.0,3,65,28074.0,Y,2891.23,current,M,66,MEDIUM,18.400000000000002,8,233.0,1,5.0
1053,7539,11998.0,53873.63,10932.25,944.0,454.0,4611.0,6512.0,8.0,4,38,2,15,17,472000,1,1,1.0,1,153935.02,12000.0,34550.0,2351.0,480.0,42287.0,62.0,2,3099.0,16650.45,61853.0,1,29,27192.0,49131.8,204537.25,5,24,115165.0,Y,5210.4,current,M,32,HIGH,3.6,3,836.0,1,16.0
1054,207,140648.0,8501.56,3554.4,21060.0,12241.55,582.8,16010.11,7.0,5,67,53,51,39,581000,1,1,1.0,1,47.45,64491.0,25002.0,6885.0,143900.39,119535.0,2.0,7,92905.0,16678.17,164072.5,2,1,154000.0,18109.53,60241.0,49,50,24813.0,Y,8567.56,current,M,36,MEDIUM,4.800000000000001,8,866.0,0,5.0
1055,10782,3386.0,4780.97,3497.0,56485.82,913.4,1995.03,901.25,10.0,2,72,22,18,31,177000,1,1,1.0,1,57395.5,117729.97,15756.0,1500.0,74419.54,53097.0,11.0,3,63.0,5616.56,71535.0,5,7,13830.0,197139.0,805201.0,3,15,37001.0,Y,21946.12,current,M,58,MEDIUM,3.8000000000000003,7,928.0,0,9.0
1056,9034,3613.0,8923.0,976.01,10028.7,518.0,8517.0,574.59,44.0,3,72,1,21,18,319000,1,1,1.0,1,754075.0,1130000.0,4198.0,6613.0,8918.68,4620.0,18.0,30,12252.0,21951.48,154136.0,2,81,23791.0,16981.0,459224.0,19,61,124284.0,Y,7493.52,current,M,37,LOW,10.200000000000001,3,867.0,1,13.0
1057,11810,15643.0,2257.34,20258.0,780.0,5672.0,16790.42,5715.0,1.0,4,19,24,14,47,44000,1,1,1.0,1,52209.5,38928.0,68000.0,26601.0,7558.85,44997.0,94.0,19,23770.0,22351.0,94486.0,70,20,59584.0,48348.0,22848.0,2,57,44188.0,Y,761.73,current,M,42,LOW,6.6000000000000005,1,233.0,1,2.0
1058,9024,15628.0,725.5,2631.56,6264.5,1513.0,999.0,1287.0,6.0,10,89,2,2,3,567000,1,1,1.0,1,13180.0,242827.0,25000.0,6916.0,25323.78,145995.0,20.0,7,59990.0,23483.0,72707.0,31,8,29314.0,81674.54,64375.0,4,87,58242.0,Y,1238.64,current,M,34,MEDIUM,14.0,6,248.0,1,2.0
1059,10415,17122.0,33896.5,14945.78,2036.57,78.0,25210.0,9917.15,2.0,3,67,18,15,58,453000,1,1,1.0,1,15250.79,64491.0,1052.0,20324.0,88703.29,45722.0,11.0,31,61876.0,39567.58,86081.0,2,69,26780.0,55420.0,150853.0,3,39,17857.0,Y,1680.63,current,M,47,MEDIUM,13.5,7,523.0,1,12.0
1060,9420,9099.0,1538.72,982.0,21575.02,1764.31,20843.055,3143.36,1.0,66,47,60,12,2,232000,1,1,1.0,1,9255.43,33668.0,2644.0,-5998.43994,62198.99,66557.72,18.0,5,30864.0,37709.34,28255.0,5,81,104411.0,581194.1,372295.0,58,11,55970.0,Y,1032.51,current,F,35,MEDIUM,13.5,1,801.0,1,14.0
1061,6719,13.0,6045.34,4526.2,26897.5,5673.83,8885.0,12021.95,4.0,27,3,24,1,4,59000,1,1,1.0,1,41.4,182359.2,2644.0,3323.0,88739.64,71866.88,69.0,3,14866.0,18317.6,14034.0,1,25,142966.0,1828521.13,349670.0,58,24,80688.0,Y,1112.62,current,M,33,LOW,3.9000000000000004,10,914.0,1,2.0
1062,11045,394673.0,12421.865,7375.0,3040.62,8517.04,1309.0,1767.0,8.0,56,14,42,15,2,371000,1,1,1.0,1,319201.67,326326.9,15477.0,-5998.43994,55395.43,13534.0,4.0,35,58090.45,104908.33,74447.0,1,171,77619.0,48940.95,53312.0,5,38,17463.0,Y,354.78,current,M,42,MEDIUM,6.6000000000000005,6,268.0,1,2.0
1063,1283,8113.0,3868.2,10190.9,17464.98,2152.24,1553.93,8656.0,60.0,6,7,2,17,67,326000,1,1,1.0,1,8556.25,30453.0,711.0,2500.0,31577.0,57611.0,69.0,1,51372.0,36839.0,105655.98,3,8,1280000.0,11041.0,32289.0,4,14,11478.0,Y,9508.75,current,M,47,MEDIUM,5.4,10,684.0,1,14.0
1064,12430,1460.0,2060.16,36242.82,31526.77,9519.88,15361.07,1922.0,92.0,83,7,4,55,4,256000,1,1,1.0,1,871.5,93.35,4198.0,10455.0,36731.0,34100.0,55.0,11,50200.0,52280.92,10734.76,70,81,21643.0,79341.01,185269.51,6,73,40.0,Y,13861.69,current,M,32,MEDIUM,12.0,4,259.0,0,14.0
1065,17950,14347.0,19153.0,5926.5,6690.73,16133.0,2889.0,7680.89,7.0,128,50,48,51,2,186000,1,1,1.0,1,3080625.0,42000.0,50000.0,1411.0,40254.47,39213.0,77.0,1,42756.0,49839.0,39325.0,11,171,335197.0,60231.34,89361.93,8,63,60627.0,Y,561.59,current,M,69,LOW,14.700000000000001,3,123.0,0,17.0
1066,4296,16216.0,26436.0,5693.23,2906.87,1421.92,9660.92,891.0,10.0,2,59,20,1,42,371000,1,1,1.0,1,21220.0,197800.0,105000.0,5730.0,50604.15,27303.0,20.0,19,16240.0,208008.0,25270.0,17,14,25700.0,23416.5,89666.56,3,83,21538.0,Y,8898.03,current,M,220,MEDIUM,140.0,3,708.0,1,13.0
1067,5440,13853.0,46508.0,3234.03,6601.0,10507.42,7880.79,12815.0,9.0,10,6,24,6,98,87000,1,1,1.0,1,1309500.9,5439.0,8333.0,12174.0,13387.47,24394.0,84.0,3,17838.0,45724.47,148414.82,5,20,31320.0,34022.98,71774.0,2,3,45912.0,Y,2074.63,current,M,222,MEDIUM,141.4,8,812.0,1,2.0
1068,12993,9733.0,2492.41,2154.29,6486.56,1087.39,1093.08,1956.0,2.0,36,10,41,2,56,369000,1,1,1.0,1,21745.0,470000.0,3000.0,5464.0,40800.1,32835.0,89.0,0,15183.0,17259.18,48838.86,1,81,76517.0,55081.59,18848.0,16,52,60741.0,Y,2681.7,current,F,60,MEDIUM,24.0,10,516.0,0,14.0
1069,2209,19667.0,45463.67,12557.48,81840.16,2369.0,5113.23,1146.0,12.0,85,1,51,2,98,10000,1,1,1.0,1,12.19,13299.0,49975.0,0.0,23151.21,58053.0,48.0,28,25125.0,25523.4,23676.0,3,9,44834.79,217103.92,92010.0,117,7,37700.0,Y,80960.37,current,F,38,MEDIUM,18.0,2,314.0,1,15.0
1070,472,11683.0,4663.0,15927.0,6824.86,4986.15,4801.0,4293.65,6.0,50,5,4,2,1,98000,1,1,1.0,1,593.2,446457.0,18389.0,0.0,20184.46,25375.0,7.0,17,13463.0,246752.75,68703.0,6,59,27880.0,51859.36,41270.0,12,0,18730.0,Y,8078.91,current,M,53,MEDIUM,29.700000000000003,4,448.0,1,13.0
1071,8839,1956.0,9337.0,2461.0,2912.0,7520.0,13696.0,950.0,12.0,32,1,1,3,13,233000,1,1,1.0,1,168265.55,1372927.14,6100.0,13135.0,26234.63,6292.0,11.0,5,19538.0,32557.0,90949.0,43,12,35083.0,25043.06,16583.86,4,21,23795.0,Y,470.72,current,M,34,LOW,9.8,5,465.0,1,10.0
1072,18487,14171.0,7237.76,1865.0,6563.76,13972.3,12694.95,14249.71,1.0,22,35,60,6,79,35000,1,1,1.0,1,41883.6,5439.0,73217.0,1444.0,39522.5,58301.0,4.0,6,37872.0,63367.5,74397.0,1,82,23873.0,52195.36,253919.0,9,8,40673.0,Y,324.87,current,M,32,MEDIUM,3.6,3,249.0,1,11.0
1073,1229,18815.0,9282.22,8332.0,11342.9,3908.14,3131.5,4514.0,20.0,10,59,20,1,18,403000,1,1,1.0,1,208710.8,165970.9,54101.0,2337.0,64264.19,315118.0,3.0,1,43490.0,29102.91,10070.0,6,29,242.0,77297.0,10133.0,2,103,22738.37,Y,4031.45,current,M,27,LOW,2.8000000000000003,10,538.0,1,3.0
1074,6032,397415.0,5751.93,573.0,38548.77,7905.83,5502.555,11010.0,3.0,8,49,20,3,10,170000,1,1,1.0,1,3247.5,5350.0,787.0,6441.0,29932.58,339712.9,29.0,1,38037.0,4160.0,45010.0,3,20,25068.0,75765.33,65949.0,1,24,28633.0,Y,8443.85,current,M,27,MEDIUM,0.7000000000000001,4,858.0,1,16.0
1075,10123,18867.0,5404.22,3066.01,8461.31,7914.0,67205.185,4618.0,2.0,22,35,7,6,79,406000,1,1,1.0,1,4614669.901,273221.0,492.0,5464.0,29216.09,15194.0,18.0,43,81210.0,4633.16,141609.5,3,25,24598.0,10519.0,28426.01,12,65,49325.0,Y,8265.38,current,M,55,MEDIUM,10.5,2,656.0,1,11.0
1076,13847,335046.0,4205.94,8525.0,2646.45,2655.0,2652.41,23629.3,26.0,23,11,15,56,2,47000,1,1,1.0,1,28.5,5241.0,48950.0,12299.0,33844.5,26242.0,42.0,0,55680.0,34328.03,17843.0,43,14,18267.0,18427.64,93344.01,3,50,18131.0,Y,18717.09,current,M,44,MEDIUM,2.4000000000000004,7,805.0,1,5.0
1077,2252,17641.0,6204.15,12141.05,12186.34,7555.0,20139.0,9530.01,57.0,3,74,2,15,2,245000,1,1,1.0,1,111.0,221000.0,610000.0,2921.0,45313.3,46252.0,70.0,5,72625.0,75841.6,23692.0,1,81,116000.0,147067.05,53315.0,5,38,10352.0,Y,40438.02,current,M,25,MEDIUM,2.0,9,911.0,0,17.0
1078,7419,17383.0,20906.62,7608.0,6689.32,410.4,356.03,9991.67,4.0,47,50,2,2,55,494000,1,1,1.0,1,456.1,8000.0,6100.0,5439.0,82024.75,16980.0,5.0,4,49666.0,51513.46,262260.0,0,20,36211.0,26219.33,109845.0,2,32,51287.0,Y,2676.34,current,M,29,MEDIUM,3.6,5,796.0,0,11.0
1079,11866,25993.0,36900.68,17487.61,10696.74,2286.13,4763.61,15273.0,92.0,7,23,3,51,12,13000,1,1,1.0,1,370776.0,189246.0,500718.0,10210.0,442769.84,38957.5,5.0,5,390599.0,48655.0,110520.0,2,3,168000.0,380846.57,4262.0,5,18,223.29,Y,7842.77,current,M,42,MEDIUM,4.4,8,855.0,1,13.0
1080,5569,89148.0,4438.96,7328.55,42756.18,5855.44,11898.0,1059.3,8.0,1,5,3,5,77,46000,1,1,1.0,1,10535967.5,83402.0,2156.0,6409.0,13437.56,28467.0,5.0,4,166300.0,427645.3,100120.0,43,11,61498.26,147961.0,164153.93,6,36,19238.0,Y,1717.97,current,M,120,LOW,30.0,7,686.0,1,13.0
1081,2675,2082.0,4591.75,17053.25,5570.0,467.49,3488.0,21126.0,66.0,18,3,1,6,17,267000,1,1,1.0,1,158135.2,470000.0,49975.0,0.0,199.37,23081.0,6.0,0,19236.0,63509.0,59354.0,2,24,70.74,47105.76,5146.0,2,18,27607.0,Y,5961.0,current,M,42,MEDIUM,17.6,4,764.0,1,5.0
1082,11209,7685.0,2206.54,9243.0,9944.51,31607.0,2243.775,1614.28,52.0,1,38,62,1,55,784000,1,1,1.0,1,31454.1,21698.0,300500.0,8723.0,697051.19,69383.0,10.0,26,22655.0,42835.49,50350.0,2,5,18405.0,4367.5,37768.0,4,24,24868.0,Y,5516.11,current,M,28,MEDIUM,0.8,5,647.0,0,13.0
1083,18960,12494.0,3040.665,50.0,14879.0,9894.96,6457.0,3457.55,531.0,8,50,52,4,12,199999,1,1,1.0,1,9255.43,201000.0,33330.0,-4679.0,34212.81,55541.48,8.0,31,37231.0,43832.79,82274.0,1,82,9186.0,633728.77,28081.0,94,11,20768.0,Y,70.75,current,M,34,MEDIUM,1.4000000000000001,5,643.0,1,19.0
1084,10531,6457.0,12385.43,534.7,23822.32,77831.56,3049.42,758.0,28.0,3,35,2,15,5,86000,1,1,1.0,1,115.45,172131.0,655.0,6260.0,38456.71,59369.82,42.0,4,192836.0,38671.41,5043.0,47,70,1307234.0,23155.75,32548.0,40,32,41752.0,Y,31.91,current,F,53,MEDIUM,26.400000000000002,8,914.0,1,7.0
1085,7036,1796.0,4783.135,7388.0,10659.57,1169.2,2324.0,3446.0,6.0,56,16,1,21,4,199999,1,1,1.0,1,16317860.0,143000.0,33330.0,24326.0,27729.25,88276.95,11.0,1,17567.0,17245.0,174704.0,1,38,96685.0,62438.88,122094.0,12,36,35494.25,Y,14653.27,current,M,35,MEDIUM,12.0,2,921.0,1,16.0
1086,15404,9575.0,1271.87,2405.9,9361.6,1310.59,6629.78,5959.0,4.0,16,10,1,1,55,564000,1,1,1.0,1,58928.67,116533.0,1001.0,1500.0,63.26,88543.5,24.0,4,24551.0,20083.64,943.0,11,43,17886.0,115748.5,5131.0,5,1,34501.0,Y,6793.09,current,M,29,MEDIUM,8.1,9,945.0,0,5.0
1087,7438,18320.0,35698.14,10279.0,18043.25,7221.0,2752.0,814.0,66.0,9,112,4,51,79,130000,1,1,1.0,1,60050.0,785115.94,126001.0,-6885.0,78567.31,24425.0,46.0,4,69407.0,40063.42,62197.0,19,13,15293.0,45249.86,26546.0,14,6,22733.0,Y,7490.14,current,F,32,MEDIUM,6.0,8,799.0,0,17.0
1088,13118,293599.0,10079.11,263.2,3955.4,15430.56,10623.775,1361.1,3.0,11,59,7,31,12,287000,1,1,1.0,1,71020.5,895000.0,96558.0,5730.0,23345.31,114200.0,32.0,3,24552.0,21507.0,60036.0,1,21,34589.0,32559.5,100308.0,12,120,25894.0,Y,1110.0,current,M,64,MEDIUM,8.8,9,488.0,1,17.0
1089,14352,127483.0,9304.07,980.44,51445.42,8105.0,49835.16,28757.0,9.0,23,7,3,62,55,155000,1,1,1.0,1,148705.0,295150.9,3792.0,8572.0,17926.86,22632.0,10.0,23,20015.0,37935.5,57171.0,43,11,159809.0,19081.65,127119.77,93,38,39321.09,Y,5858.2,current,M,62,LOW,8.4,3,269.0,1,5.0
1090,10230,220398.0,11601.0,1671.0,6052.94,7599.92,4923.0,7223.4,10.0,23,49,3,21,64,350000,1,1,1.0,1,61186.36,545000.0,100000.0,-5942.0,2336.25,192205.0,32.0,4,111133.0,34063.0,80441.5,43,7,19150.0,33747.0,70610.0,21,106,32758.0,Y,11330.15,current,M,67,LOW,23.5,10,799.0,1,5.0
1091,8321,12689.0,2655.0,11044.0,12609.49,3755.19,11956.0,3558.3,24.0,19,4,1,44,12,461000,1,1,1.0,1,3575.5,45000.0,2644.0,1079.0,10571.16,52649.0,62.0,35,40793.0,127242.51,17317.0,4,12,50150.0,43865.83,95772.29,6,18,169712.95,Y,4384.97,current,M,53,HIGH,33.0,7,809.0,1,16.0
1092,18602,18678.0,14095.64,6972.0,5345.36,3383.0,9722.0,21927.62,9.0,25,19,1,2,42,27000,1,1,1.0,1,651402.75,201663.0,678.0,8572.0,28545.62,16135.0,4.0,3,22599.0,25325.79,103488.0,2,171,40752.0,33715.42,17215.13,4,0,45926.0,Y,756.7,current,M,38,LOW,16.2,5,249.0,1,13.0
1093,4441,5689.0,2868.0,52057.0,21246.0,15678.0,15336.0,7898.0,19.0,10,9,2,2,21,520000,1,1,1.0,1,1053411.2,12000.0,100000.0,-3506.17993,21533.25,33967.0,103.0,3,14836.0,38508.0,121290.42,1,4,8175.0,46250.99,14387.2,21,11,26435.0,Y,13298.25,current,M,66,MEDIUM,46.0,1,805.0,1,3.0
1094,17996,4953.0,1202.92,5396.0,26125.0,256.54,2732.0,276.0,6.0,85,5,30,18,2,27000,1,1,1.0,1,1417886.15,100934.0,33774.0,1500.0,36048.35,18071.68,46.0,1,49803.0,44379.44,64208.0,17,8,22102.0,59500.9,193838.06,49,50,18560.0,Y,150845.07,saving,M,42,MEDIUM,6.6000000000000005,4,887.0,0,12.0
1095,5092,13812.0,2260.53,2465.0,39947.13,1439.22,8852.0,3325.0,104.0,1,7,1,25,47,461000,1,1,1.0,1,0.61,43545.0,2214.0,12415.0,33948.65,31280.0,24.0,2,30300.0,20816.11,68822.99,5,11,79283.0,156686.84,11056.5,6,32,77627.0,Y,3510.35,current,M,39,LOW,17.1,8,802.0,1,2.0
1096,5167,14685.0,1908.0,3807.0,9270.0,6808.99,3662.0,1999.0,53.0,10,64,60,55,79,520000,1,1,1.0,1,1910215.0,185097.6,100000.0,5439.0,196562.51,57933.0,147.0,4,64466.0,107664.25,59718.5,1,13,22953.0,42109.17,243183.0,2,80,54565.0,Y,2483.53,current,M,37,MEDIUM,10.200000000000001,2,270.0,1,8.0
1097,16929,33199.0,17631.87,4081.95,1906.5,4088.0,26088.98,2472.0,31.0,20,50,10,38,1,581000,1,1,1.0,1,17530.7,2436.91,105000.0,6885.0,28202.91,145995.0,1.0,1,10969.0,21657.0,140278.0,9,8,28234.0,12869.19,6781.0,117,76,20167.0,Y,3024.35,current,M,60,LOW,4.0,10,723.0,1,16.0
1098,2445,326796.0,3409.0,801.0,16072.75,2216.92,886.0,3203.34,1.0,10,13,50,2,17,190000,1,1,1.0,1,1053411.2,19000.0,1052.0,553.0,43250.13,335944.0,147.0,1,59536.0,28949.66,12467.0,45,50,28276.0,98430.0,119448.86,117,24,16169.0,Y,1717.55,current,M,69,MEDIUM,44.1,6,588.0,1,16.0
1099,8213,5877.0,52927.89,3922.0,15224.0,1880.0,3039.0,797.0,1.0,99,84,42,3,26,169000,1,1,1.0,1,20747.5,462011.1,8333.0,418.0,23313.5,13467.0,52.0,1,10736.0,34095.13,7204.0,1,5,28873.0,42723.0,49859.0,3,50,20736.0,Y,759.89,current,M,38,MEDIUM,12.600000000000001,8,911.0,1,2.0
1100,8847,6766.0,2090.78,12901.18,3702.74,5157.49,6899.0,1956.0,24.0,7,89,2,25,1,245000,1,1,1.0,1,204585.76,172131.0,4699.0,12415.0,71334.0,83642.0,11.0,1,22105.0,92531.51,38139.0,0,44,65291.0,46296.17,34120.0,1,38,27447.0,Y,2204.48,current,F,51,MEDIUM,31.0,6,537.0,1,12.0
1101,16719,6688.0,6330.86,8386.0,7526.41,3649.0,4143.82,6482.0,4.0,30,46,7,4,56,472000,1,1,1.0,1,143383.7,232235.65,126001.0,-6885.0,33091.51,74242.68,42.0,7,45900.0,33020.38,81744.0,70,81,11461.0,47946.08,25820.25,12,15,34364.0,Y,396.39,current,F,222,MEDIUM,121.2,8,574.0,1,14.0
1102,15186,17648.0,12889.56,2701.0,3059.44,5245.0,11296.325,534.0,531.0,10,48,50,1,1,256000,1,1,1.0,1,115.45,10903.0,13873.0,1332.0,30729.39,155394.0,46.0,31,1378.0,55838.75,110690.22,6,5,26655.0,68267.56,70090.0,6,39,43906.0,Y,19390.71,saving,M,36,MEDIUM,4.800000000000001,7,535.0,0,17.0
1103,4600,2392.0,57074.48,22151.0,4996.38,967.0,7541.975,7754.0,531.0,26,84,47,20,81,326000,1,1,1.0,1,24129.0,120000.0,2156.0,16455.0,125583.34,139891.23,3.0,6,28619.0,25030.75,76732.0,10,63,51924.0,73836.81,7541.0,3,9,24024.0,Y,1552.42,current,M,35,LOW,10.5,4,503.0,1,5.0
1104,13147,222255.0,1807.95,1640.0,10857.5,8537.77,16912.15,6870.0,2.0,601,44,24,4,4,240000,1,1,1.0,1,70310.6,245000.0,73217.0,277.0,60874.45,26457.0,52.0,1,18360.0,47352.56,99533.0,31,82,18922.0,25188.75,27272.0,13,1,310586.0,Y,7051.88,current,M,60,MEDIUM,4.0,8,445.0,1,19.0
1105,462,301500.0,11178.01,7370.02,2941.3,10455.88,2851.96,3896.0,2.0,66,19,1,3,80,358000,1,1,1.0,1,33784.35,429273.4,15477.0,553.0,31287.95,52597.0,46.0,55,1405.0,15355.0,145688.73,6,20,19180.0,33478.37,131635.0,13,22,54817.0,Y,1430.32,current,M,34,MEDIUM,12.600000000000001,6,249.0,1,3.0
1106,7937,791.0,2227.84,14320.02,41951.0,22344.55,90290.0,525.0,16.0,44,50,2,2,30,267000,1,1,1.0,1,291969.2,108145.0,2644.0,5464.0,39845.38,13795.0,18.0,30,26334.0,103102.68,33081.0,2,28,33356.0,77113.34,39032.5,5,65,60257.0,Y,7132.59,current,M,55,MEDIUM,7.0,3,684.0,0,12.0
1107,1722,1818.0,3762.56,17900.0,12129.08,4055.02,1295.52,12868.0,12.0,6,19,1,51,5,46000,1,1,1.0,1,4230125.0,194099.3,50000.0,5341.0,17139.59,5000.35,11.0,4,19489.0,20430.0,367811.0,2,38,58650.0,47981.61,78619.09,47,100,87706.0,Y,480.94,current,M,34,MEDIUM,14.0,9,799.0,1,12.0
1108,14306,14063.0,15067.8,3602.82,22718.0,842.0,1036.48,5762.0,10.0,10,61,42,6,8,391000,1,1,1.0,1,3638.25,3.59,28985.0,2921.0,29541.44,150427.34,91.0,36,23492.0,31467.66,56212.0,17,23,54.0,32423.5,62890.0,3,120,106539.0,Y,3480.56,current,F,27,MEDIUM,2.1,10,267.0,1,14.0
1109,14966,14417.0,14736.27,5413.02,1421.0,2374.0,6794.46,4618.0,10.0,10,23,50,1,91,199999,1,1,1.0,1,124064.65,33668.0,6738.0,5340.0,79964.5,21632.37,11.0,36,30608.0,20974.34,30216.79,1,20,26561.0,59846.95,22604.0,7,36,25089.0,Y,7089.96,current,F,37,MEDIUM,13.600000000000001,5,710.0,0,14.0
1110,9856,4506.0,14541.92,11174.23,13883.06,6865.0,7119.1,443.0,12.0,83,9,17,31,47,134000,1,1,1.0,1,2720.0,3342.51,610000.0,-6335.0,18708.04,117525.49,67.0,3,61236.0,12963.68,11075.0,1,84,13904.0,53375.53,63132.68,7,1,37550.0,Y,4205.62,current,M,49,HIGH,5.800000000000001,9,374.0,1,2.0
1111,8843,14968.0,8443.13,5436.89,28001.74,6164.0,8887.0,19658.0,67.0,29,47,24,60,58,400000,1,1,1.0,1,322.02,245000.0,2214.0,-4324.0,158740.0,57399.0,16.0,2,25128.0,104799.0,62731.0,4,81,19703.0,94027.87,72777.0,4,104,197825.0,Y,78800.7,current,M,37,MEDIUM,6.800000000000001,10,883.0,1,5.0
1112,17672,16826.0,35861.0,4880.45,16484.07,23627.0,7048.0,2488.0,92.0,66,50,3,2,1,345000,1,1,1.0,1,233727.15,13299.0,12000.0,8723.0,40975.5,40024.0,79.0,7,22900.0,30957.01,49149.61,2,50,48669.0,42822.7,59010.79,5,50,216.0,Y,7477.67,saving,M,38,MEDIUM,16.2,6,708.0,0,13.0
1113,10336,7326.0,1041.96,11358.0,22558.86,5347.18,6781.72,4696.12,7.0,10,47,2,1,1,191000,1,1,1.0,1,2184.0,117890.0,25524.0,1444.0,61109.12,65040.0,147.0,35,26072.0,40883.18,77323.0,1,171,106700.0,35077.88,22463.0,6,1,17486.0,Y,6856.39,current,F,33,MEDIUM,11.700000000000001,4,629.0,1,19.0
1114,10038,11524.0,22327.84,5146.0,14883.92,1882.44,18351.0,11035.0,28.0,5,35,30,1,1,49999,1,1,1.0,1,1859872.2,273221.0,155205.0,903.0,297231.83,39724.0,90.0,3,17583.0,13702.04,171192.0,4,82,31719.0,23518.0,24160.0,3,106,45720.0,Y,109173.25,current,F,40,HIGH,14.0,4,748.0,0,11.0
1115,13403,4107.0,38065.89,937.15,24978.85,4343.0,1485.63,11160.0,2.0,26,6,60,2,12,341000,1,1,1.0,1,13180.0,25404.0,4699.0,-4324.0,102065.25,62146.41,5.0,2,59069.0,109659.68,83.3,23,12,49994.25,156104.28,67338.79,3,63,21960.0,Y,0.46,current,M,53,MEDIUM,23.1,10,245.0,1,5.0
1116,12892,107002.0,19481.32,2351.0,864.0,2113.85,3544.61,6324.0,4.0,77,67,4,55,54,290000,1,1,1.0,1,61186.36,85300.0,19176.0,1992.0,32048.25,135678.0,11.0,35,201865.0,1021857.15,62016.0,2,20,290554.33,26437.0,43690.0,3,12,11740.0,Y,6655.9,current,F,30,MEDIUM,1.0,7,254.0,1,16.0
1117,12153,1191.0,3241.06,32843.55,55253.61,7282.0,4847.0,761.87,44.0,23,60,2,3,98,297000,1,1,1.0,1,568.8,52098.99,1209.0,12163.0,78464.06,33990.0,10.0,1,13428.0,24761.5,43568.0,2,38,25484.0,25016.0,43634.17,2,36,13717.0,Y,4658.01,current,M,29,MEDIUM,5.4,2,723.0,1,8.0
1118,19630,304355.0,39857.96,2849.0,3483.25,1533.0,247.0,3126.0,15.0,77,59,25,2,2,28000,1,1,1.0,1,36122.87,1187335.5,6100.0,5464.0,2112.0,314957.0,4.0,3,34322.0,35477.38,36447.5,6,81,17413.0,29824.94,20887.0,3,18,22419.0,Y,534.68,current,M,60,MEDIUM,28.0,2,750.0,0,6.0
1119,18226,2488.0,4010.5,5064.95,10810.0,1149.0,11173.765,1882.0,63.0,10,42,4,1,13,75000,1,1,1.0,1,5809950.0,429273.4,583.0,3735.0,60002.73,57966.0,20.0,2,31360.0,57463.28,49024.0,6,20,30619.0,10856.57,16774.0,3,18,20870.0,Y,143.3,current,M,38,LOW,3.6,4,355.0,0,10.0
1120,1569,1881.0,35327.0,2294.72,11928.92,3755.0,7766.9,98.0,531.0,42,9,3,36,67,378000,1,1,1.0,1,396036.49,2625.16,33774.0,0.0,1264.13,21009.0,67.0,7,15822.74,29639.0,119467.0,0,12,155500.0,92296.98,215.0,6,8,4019.85,Y,10472.44,current,M,34,MEDIUM,11.200000000000001,4,805.0,1,4.0
1121,9143,135565.0,15708.62,10506.0,892.01,8297.25,7176.26,6306.0,8.0,6,5,4,2,1,491000,1,1,1.0,1,51967.25,120000.0,731.0,8723.0,72029.81,27154.0,18.0,0,50392.0,50017.88,23106.5,10,6,20836.0,20731.26,269339.0,2,8,24023.0,Y,253.59,saving,M,40,MEDIUM,16.0,5,658.0,0,14.0
1122,12380,31984.0,2206.54,35250.0,20027.0,4381.0,2669.0,445.0,26.0,128,47,4,5,68,98000,1,1,1.0,1,843123.5,54395.0,130000.0,1089.0,875.25,146225.0,11.0,36,50595.0,173225.51,23692.0,70,18,16737.04,163154.75,105757.0,21,80,88387.0,Y,323.66,current,M,40,MEDIUM,4.0,9,860.0,0,6.0
1123,3455,4770.0,7774.8,3746.11,2072.73,8871.46,8702.0,19810.0,4.0,36,7,4,18,79,447000,1,1,1.0,1,27747.0,64491.0,583.0,-5998.43994,37936.0,97667.0,84.0,0,59800.0,18605.0,48160.0,45,82,33717.0,135966.72,19563.0,4,58,70575.0,Y,872.75,current,M,38,MEDIUM,3.6,6,882.0,1,16.0
1124,13341,6957.0,20447.0,703.0,12015.39,2033.0,5099.0,10086.0,25.0,99,16,5,2,55,494000,1,1,1.0,1,34635.25,22400.0,105000.0,-4324.0,11351.25,120201.0,0.0,36,2255.0,53234.61,25477.23,42,108,21510.0,76560.28,34336.25,22,10,46074.0,Y,2644.15,saving,M,62,MEDIUM,29.400000000000002,10,249.0,1,17.0
1125,10430,16596.0,3081.0,6214.2,10646.34,2887.48,10013.7,728.75,7.0,66,1,25,25,44,70000,1,1,1.0,1,33784.35,82907.34,38599.0,12415.0,84430.29,181907.16,46.0,4,15884.0,25762.3,20977.0,43,20,42707.0,35488.04,32303.25,3,28,81767.0,Y,8494.09,current,F,61,MEDIUM,24.6,4,802.0,1,11.0
1126,6810,4260.0,2975.73,5391.22,13112.55,2798.82,1685.0,423.02,26.0,23,13,39,2,81,518000,1,1,1.0,1,15961.9,15300.0,3975.0,5464.0,45072.86,46205.0,40.0,5,198650.0,23988.67,19970.0,11,82,40984.0,88800.79,77760.0,6,63,36357.0,Y,5847.93,current,M,35,MEDIUM,13.5,7,518.0,1,6.0
1127,2032,100029.0,3176.49,7944.0,2529.42,21899.2,975.42,1101.14,60.0,3,38,24,44,1,400000,1,1,1.0,1,105453.65,130660.0,631.0,3897.0,19827.5,56552.38,11.0,3,51816.0,5145.06,15029.0,3,20,19243.0,29626.0,153848.0,40,38,35752.0,Y,8898.03,current,M,25,MEDIUM,5.0,3,963.0,1,11.0
1128,10424,16104.0,7417.69,11276.0,12050.27,13329.11,3616.0,3614.0,19.0,99,46,8,51,47,114000,1,1,1.0,1,199690.5,68663.61,1526.0,2921.0,594.0,101602.9,91.0,4,15506.0,63811.0,182908.0,1,40,205558.0,8705.0,65476.0,4,83,60769.0,Y,24291.83,current,M,37,LOW,13.600000000000001,2,615.0,1,4.0
1129,13749,16640.0,40093.5,7747.91,15878.43,5571.0,1917.0,4986.0,92.0,71,71,22,56,81,100000,1,1,1.0,1,5383.25,74599.9,14754.0,17397.0,8521.0,33544.0,12.0,3,47380.0,153806.88,39809.0,4,8,108199.0,23870.2,29250.0,117,24,22850.0,Y,5551.19,current,M,55,MEDIUM,14.0,5,911.0,1,5.0
1130,13945,19705.0,3979.0,6348.7,2934.56,315.0,20182.55,2615.0,43.0,14,30,10,2,64,306000,1,1,1.0,1,10006.2,6.0,925.0,-4664.0,40981.18,51208.0,55.0,6,83312.0,18966.72,13115.0,1,81,73808.0,59186.88,51296.73,7,22,15468.05,Y,5220.73,current,M,44,LOW,21.6,1,867.0,0,2.0
1131,5752,317490.0,9151.25,7664.15,25200.89,5219.0,29854.01,1914.0,4.0,3,72,18,2,67,232000,1,1,1.0,1,68640.0,560000.0,100000.0,4795.0,23807.99,25057.0,3.0,43,30100.0,57934.94,36644.25,43,44,33200.0,24480.13,144581.91,8,83,11648.84,Y,3137.31,current,M,31,MEDIUM,2.2,7,508.0,1,7.0
1132,18918,6773.0,25684.0,7925.0,21194.0,3121.0,25626.635,10666.0,4.0,99,110,11,18,1,471000,1,1,1.0,1,75240.45,68663.61,25524.0,1465.0,10846.0,45051.0,82.0,26,23219.0,15638.18,78174.88,2,5,50634.0,28095.04,93077.0,2,103,152000.0,Y,22261.12,current,M,33,LOW,10.4,4,974.0,1,13.0
1133,6804,11888.0,8193.15,3289.0,25253.6,648.0,4349.25,10529.0,1.0,23,87,60,5,64,199999,1,1,1.0,1,250631.8,82907.34,5905.0,5464.0,15407.0,156977.0,35.0,28,26511.0,142593.92,25577.0,0,104,11555.0,143097.52,40715.48,93,57,1613.0,Y,217.78,current,M,34,LOW,2.8000000000000003,9,643.0,0,4.0
1134,453,18733.0,18367.0,1042.0,10132.0,3864.0,4796.11,1724.0,12.0,3,82,3,9,12,345000,1,1,1.0,1,6100.0,46500.0,54101.0,-4664.0,40108.09,113.0,11.0,17,22929.0,64519.64,369.76,42,171,60190.0,3089.0,103885.0,36,80,18640.5,Y,2248.06,current,M,27,MEDIUM,0.7000000000000001,7,394.0,1,7.0
1135,19120,19176.0,45892.0,27835.0,2231.71,5706.0,358.0,2440.46,10.0,77,35,2,1,3,587000,1,1,1.0,1,48675.31,106398.0,6100.0,4856.0,19077.09,57049.0,91.0,3,135784.78,68835.76,11152.43,0,82,104411.0,383236.74,56094.0,2,76,407.0,Y,421.64,current,M,37,MEDIUM,3.4000000000000004,4,488.0,1,19.0
1136,5493,175386.0,9227.75,104.0,15174.76,2313.17,3898.0,813.59,4.0,20,7,3,36,44,124000,1,1,1.0,1,48675.31,184514.0,6100.0,1931.0,23286.63,33860.0,69.0,35,16804.0,9534.0,350012.0,2,20,89918.0,19720.66,105679.43,8,120,9679.0,Y,2985.75,current,M,35,LOW,12.0,9,796.0,1,7.0
1137,1533,22341.0,3300.01,683.48,13333.92,2119.63,8193.12,17167.0,56.0,3,29,3,21,1,120000,1,1,1.0,1,13279.75,134000.0,48950.0,-5998.43994,59644.0,28915.68,18.0,2,30513.0,35833.77,75166.0,43,4,41800.0,116923.59,18767.25,2,3,68000.0,Y,2162.47,current,M,47,MEDIUM,10.8,3,249.0,0,20.0
1138,4780,9296.0,8464.3,703.0,2650.08,2362.95,6162.0,994.0,4.0,17,23,21,14,4,19000,1,1,1.0,1,63073.6,992890.32,43798.0,3983.0,45436.02,99647.5,2.0,4,58727.0,21706.42,10361.0,23,26,98066.0,37493.81,53260.0,6,9,79174.0,Y,1425.15,current,M,32,MEDIUM,3.6,3,445.0,1,3.0
1139,842,165659.0,53051.98,736.0,3766.62,1823.84,18041.0,7973.0,8.0,10,35,25,3,6,125000,1,1,1.0,1,306.4,154069.0,1052.0,12299.0,51553.0,32550.0,43.0,4,25968.0,37294.44,4173.0,43,24,49797.0,77664.83,33462.0,5,18,34039.0,Y,7297.06,current,M,69,LOW,49.0,7,245.0,1,9.0
1140,18031,12566.0,31015.51,12152.84,4175.0,3903.98,3480.71,9068.0,43.0,10,1,42,1,41,199999,1,1,1.0,1,3247.5,393201.39,130000.0,691.0,142675.0,80127.0,90.0,35,37203.0,211476.84,38450.0,4,20,16604.0,87721.45,35244.75,4,50,75798.0,Y,3851.03,current,M,37,HIGH,17.0,1,536.0,0,10.0
1141,569,340965.0,9636.58,14234.07,28368.54,4197.0,1273.0,4669.0,5.0,3,6,42,1,8,512000,1,1,1.0,1,300.0,64491.0,25000.0,-4664.0,56815.08,71866.88,79.0,2,84642.0,54518.5,175140.0,5,171,49404.96,121887.43,32439.0,15,73,41471.0,Y,0.0,saving,M,30,MEDIUM,4.0,7,685.0,1,9.0
1142,5882,343288.0,5784.61,1268.0,1476.47,11296.0,21111.5,2684.5,3.0,128,50,6,60,68,50900,1,1,1.0,1,1038501.78,15300.0,25524.0,-6885.0,603266.23,43909.0,55.0,3,47313.0,50161.94,148611.0,2,17,169327.0,13594.75,65949.0,40,14,18730.0,Y,3104.13,current,F,66,LOW,9.200000000000001,7,805.0,0,3.0
1143,12758,102876.0,19315.82,14654.2,15764.84,14949.16,1846.67,4030.26,12.0,8,105,15,62,2,293000,1,1,1.0,1,3247.5,32714.0,24619.0,418.0,48978.25,70938.42,42.0,19,22215.0,13645.0,86255.0,35,82,25950.0,122994.77,10218.0,38,26,78897.0,Y,10731.63,current,M,32,MEDIUM,12.0,3,863.0,1,17.0
1144,7674,14524.0,7032.305,7223.0,14368.91,8653.0,34081.5,1075.07,100.0,99,3,3,11,16,17000,1,1,1.0,1,1105487.1,1628.0,10973.0,35346.0,275149.36,35256.0,72.0,11,25331.0,108949.75,28232.0,1,6,75432.0,10183.56,57081.0,7,37,37767.0,Y,0.46,current,M,55,MEDIUM,7.0,2,656.0,1,8.0
1145,8445,645.0,307508.64,457.0,1892.54,4197.0,716.0,21927.62,66.0,32,61,42,51,39,524000,1,1,1.0,1,89908.8,340000.0,527.0,167.0,31287.95,39113.5,2.0,36,26074.0,14413.97,689780.0,2,8,36831.0,17966.43,31507.0,62,43,17143.0,Y,10657.52,current,M,35,HIGH,4.5,5,957.0,1,20.0
1146,12305,34564.0,4350.68,6020.0,20747.13,2802.0,6295.475,874.81,44.0,65,71,25,1,2,255000,1,1,1.0,1,6558.8,43397.0,50000.0,1500.0,34041.62,403096.0,23.0,4,7582.5,80779.14,45194.5,4,4,3368.0,18483.39,33894.5,4,6,242569.0,Y,263.58,saving,M,53,MEDIUM,9.9,1,486.0,1,6.0
1147,17136,2682.0,66816.19,2340.23,25644.55,1803.82,16113.0,4027.0,44.0,18,10,21,2,8,518000,1,1,1.0,1,138272.2,128314.74,300500.0,-3625.0,33317.1,24738.5,3.0,1,30658.0,70774.69,33134.0,31,63,13600.0,7506.4,26206.0,6,3,15656.0,Y,2043.8,current,M,33,MEDIUM,11.700000000000001,8,447.0,1,16.0
1148,17681,7539.0,19664.97,87118.0,10130.0,9357.52,6477.54,820.3,4.0,4,4,39,21,4,198000,1,1,1.0,1,165907.57,31033.0,1097.0,977.0,196562.51,106296.97,39.0,35,51925.0,19621.76,114418.0,6,13,5603.0,66850.16,198979.0,43,83,33606.0,Y,7679.57,current,F,31,LOW,4.4,9,265.0,1,15.0
1149,9935,801.0,1566.33,2340.23,1866.0,6360.0,2135.0,5150.0,5.0,2,19,62,7,1,170000,1,1,1.0,1,186189.0,187788.1,2156.0,35346.0,44792.63,89717.0,3.0,3,15195.0,45606.44,48168.0,17,82,20513.0,17848.75,12063.0,117,1,10066.0,Y,958.72,current,M,47,MEDIUM,21.6,5,737.0,1,10.0
1150,18695,29459.0,61257.0,4392.81,10051.25,2380.0,8094.0,1037.0,80.0,3,13,1,1,5,225000,1,1,1.0,1,161704.0,37000.0,100000.0,13135.0,36289.5,20184.0,10.0,0,37396.0,97883.08,33243.0,2,12,40260.0,69691.38,38410.0,42,26,15868.0,Y,14039.42,current,M,40,LOW,2.0,7,623.0,1,19.0
1151,11600,18981.0,2133.0,3455.09,21834.09,3692.0,19843.0,577.8,32.0,7,87,48,7,6,267000,1,1,1.0,1,7300.0,68663.61,3792.0,1429.0,150108.0,680.0,4.0,13,147845.0,66751.96,35459.0,1,4,83908.0,54861.68,259792.0,94,24,15084.0,Y,5620.51,current,M,29,MEDIUM,1.8,2,249.0,1,15.0
1152,11537,126675.0,18801.07,6906.04,1024.0,2629.2,1711.5,98.0,5.0,77,10,1,1,22,255000,1,1,1.0,1,9220.2,2400000.0,6100.0,-6335.0,1926.3,85070.0,5.0,0,10095.0,18317.6,28523.0,43,8,17953.0,10660.0,25303.5,9,15,2510.0,Y,10016.12,current,M,47,LOW,10.8,3,638.0,0,6.0
1153,12983,315019.0,22319.48,8069.0,3241.93,2942.95,7023.0,932.0,57.0,66,82,47,1,17,30000,1,1,1.0,1,238733.0,16000.0,15756.0,12174.0,73640.23,33829.27,52.0,14,231156.0,74744.76,53131.0,2,4,21547.0,38742.99,48135.0,7,6,46616.0,Y,9939.65,current,M,47,LOW,24.3,1,366.0,1,6.0
1154,18111,7453.0,26342.61,1763.0,16931.54,1927.92,4150.01,53657.27,63.0,6,50,22,6,68,125000,1,1,1.0,1,7089.7,189246.0,24250.0,-5998.43994,48112.75,51042.0,147.0,13,33491.0,30318.69,44209.0,4,8,197123.0,44419.5,75094.0,6,49,87706.0,Y,57243.38,current,M,29,MEDIUM,7.2,8,424.0,1,2.0
1155,6866,12252.0,2572.94,62721.0,19993.26,3050.9,9653.48,728.75,24.0,29,17,5,5,2,100000,1,1,1.0,1,67833.35,95658.0,13873.0,2921.0,206.0,3604.83,2.0,1,35989.0,12246.76,70249.3,0,82,22357.0,68292.31,36403.42,47,65,27606.0,Y,19931.0,current,M,29,MEDIUM,1.8,6,485.0,0,9.0
1156,15782,15298.0,620.16,10027.0,138757.76,2966.18,5504.0,6710.0,24.0,6,19,1,1,64,44000,1,1,1.0,1,811000.0,3.0,1001.0,-6885.0,41801.55,164871.0,52.0,1,243061.0,37080.49,23692.0,4,50,23267.0,54203.19,73939.0,9,22,259850.0,Y,7269.19,current,M,66,HIGH,23.0,3,771.0,0,13.0
1157,3651,341167.0,13637.24,607.01,27665.3,11110.93,5197.8,423.02,16.0,5,44,3,15,13,213000,1,1,1.0,1,13140.0,674291.83,12337.0,0.0,39186.9,75963.0,27.0,26,25155.0,17233.84,225131.0,7,42,69269.0,29544.04,56616.0,14,35,101443.0,Y,4621.44,current,F,38,MEDIUM,18.0,5,424.0,1,11.0
1158,15790,167462.0,7725.71,3604.0,5158.42,1837.52,4930.0,2761.0,7.0,60,3,30,4,26,17000,1,1,1.0,1,154363.25,330001.0,14904.0,0.0,29673.71,15013.0,18.0,26,30360.0,63780.3,2000.0,7,20,34064.0,101111.24,20704.79,6,3,48000.0,Y,5646.55,current,M,34,LOW,4.2,7,274.0,1,17.0
1159,7530,17920.0,12519.36,1766.5,14590.0,10525.0,1380.0,3877.52,2.0,99,23,42,1,5,371000,1,1,1.0,1,138129.4,194099.3,2644.0,10210.0,26422.64,96431.25,36.0,35,82.91,59233.11,66879.0,47,108,14541.0,46076.89,26487.0,13,7,21706.0,Y,2294.71,current,M,66,LOW,27.6,8,394.0,0,11.0
1160,8582,19818.0,800.0,3272.0,7902.04,1582.0,2904.235,1836.0,53.0,77,23,52,44,54,524000,1,1,1.0,1,117680.0,560000.0,6100.0,-5998.43994,13236.85,31491.0,6.0,1,26851.0,26953.33,42086.5,4,108,50334.0,20615.5,52378.0,4,11,21200.0,Y,9362.14,current,F,37,MEDIUM,17.0,5,245.0,1,20.0
1161,6099,14375.0,5671.74,2618.06,80086.26,1240.9,6695.0,4019.97,4.0,8,47,50,14,47,170000,1,1,1.0,1,31454.1,385218.7,787.0,0.0,48904.18,79381.53,11.0,15,42201.0,39378.54,706338.0,20,63,25738.66,107364.99,26037.0,5,32,18280.5,Y,11702.03,current,M,27,MEDIUM,0.7000000000000001,10,855.0,1,8.0
1162,8762,7742.0,23151.14,21572.24,6062.48,1509.0,11296.325,3035.65,2.0,99,7,4,55,98,74100,1,1,1.0,1,4039029.9,187788.1,1633.0,20790.0,3560.25,48854.0,11.0,36,50364.68,52154.0,25754.37,45,13,71944.0,12052.55,19770.0,3,83,36369.0,Y,66592.72,saving,M,47,LOW,13.5,1,448.0,1,16.0
1163,2805,1335.0,47468.82,1944.0,3700.5,17524.11,13845.855,63745.0,2.0,6,9,52,7,54,324000,1,1,1.0,1,196885.0,45769.27,2156.0,6916.0,12421.68,20920.0,37.0,1,13918.0,52931.66,116.25,1,12,7615.0,119949.1,11693.0,4,12,35884.0,Y,2947.76,saving,M,49,MEDIUM,11.600000000000001,4,485.0,1,10.0
1164,13675,8891.0,33896.5,10671.5,5247.74,39813.0,960.1,3733.0,12.0,18,89,1,25,2,383000,1,1,1.0,1,291969.2,470000.0,100000.0,844.0,67290.75,76195.0,87.0,26,12200.0,33442.5,8500.0,43,28,158430.0,5502.59,50182.0,4,96,59732.32,Y,261.01,current,M,35,MEDIUM,1.5,4,623.0,0,11.0
1165,9599,8701.0,8504.99,1308.79,26358.04,1428.28,37075.0,1171.0,14.0,5,89,50,55,8,494000,1,1,1.0,1,192215.0,245000.0,126001.0,-3506.17993,24807.35,85934.0,20.0,0,497836.0,81679.3,62570.57,71,12,19023.0,171451.81,52514.9,21,11,41692.0,Y,5765.04,current,M,32,MEDIUM,2.4000000000000004,7,464.0,0,10.0
1166,1673,9574.0,16451.22,10790.75,13349.9,4334.0,1572.73,5693.24,44.0,5,653,7,3,30,100000,1,1,1.0,1,111.4,335948.0,5540.0,2921.0,83569.01,109685.0,4.0,1,39834.0,57580.56,6698.0,0,20,9428.0,9794.89,534467.0,21,120,16860.0,Y,3059.32,current,M,46,MEDIUM,23.400000000000002,5,945.0,1,7.0
1167,16703,211570.0,13553.34,8437.0,537.53,11846.74,11888.44,961.0,7.0,13,6,1,1,17,430000,1,1,1.0,1,55458.53,95081.0,25524.0,5350.0,7018.25,139583.0,42.0,2,47138.0,25869.7,206698.86,1,4,18017.0,38742.99,16582.0,43,63,30602.0,Y,2335.07,current,M,35,MEDIUM,10.5,6,331.0,0,16.0
1168,8311,9550.0,34198.65,9593.0,1187.42,8537.77,411.09,6205.0,57.0,42,29,2,12,6,525000,1,1,1.0,1,3070.5,152664.0,694.0,1500.0,26023.19,278050.0,11.0,4,45786.0,28601.83,159337.0,43,8,19975.54,75509.77,141590.88,21,50,30781.27,Y,3062.68,current,M,32,MEDIUM,3.6,9,536.0,1,19.0
1169,12695,296775.0,1031.92,961.0,11964.0,53198.05,5593.915,2829.0,1.0,18,50,3,31,8,483000,1,1,1.0,1,59703.93,53749.0,300500.0,8723.0,35032.25,18464.0,11.0,0,30608.0,29665.06,16512.0,1,27,60452.0,112073.4,185715.0,4,9,6086.0,Y,5109.98,current,M,63,MEDIUM,43.0,10,762.0,1,18.0
1170,12178,15101.0,658.81,711.0,4280.0,5478.56,3054.7,3184.0,3.0,7,78,1,62,54,287000,1,1,1.0,1,3070.5,992890.32,105000.0,1500.0,109470.61,110101.0,18.0,26,12555.0,43867.91,614943.0,3,46,6821.68,33619.41,78193.92,40,104,28579.0,Y,16391.71,current,F,32,MEDIUM,6.0,3,243.0,0,12.0
1171,1225,3205.0,5430.11,4060.0,21634.3,3483.0,3387.52,13402.0,9.0,30,23,8,38,70,47000,1,1,1.0,1,754075.0,237365.38,38599.0,-5715.49022999999,61855.47,181209.0,55.0,43,28494.59,50134.45,60033.0,5,84,83.41,22782.74,43650.0,94,120,18280.5,Y,2755.87,current,F,39,LOW,17.1,5,486.0,1,2.0
1172,16850,133509.0,4214.72,1428.0,2157.5,6490.08,3670.0,204.0,6.0,84,50,3,5,10,382000,1,1,1.0,1,89908.8,470000.0,694.0,20513.0,151604.3,92149.0,55.0,2,22579.0,35812.64,68960.0,2,44,33038.0,6414.49,223520.0,4,32,77627.0,Y,1806.94,current,M,53,LOW,26.400000000000002,2,394.0,0,9.0
1173,19590,90483.0,2979.0,2970.89,1979.43,2484.0,22091.13,3328.34,8.0,84,7,48,2,29,225000,1,1,1.0,1,13849.4,119445.0,25524.0,1079.0,16249.0,132489.0,52.0,3,58333.0,54642.5,11705.0,1,40,55455.0,11378.5,15242.0,36,58,60377.0,Y,13482.82,current,M,53,MEDIUM,19.8,8,374.0,0,6.0
1174,17874,16206.0,10548.0,26764.29,7545.8,263.0,4049.0,40728.0,4.0,85,71,4,1,80,184000,1,1,1.0,1,63247.65,2436.91,126001.0,-5715.49022999999,35124.0,53148.0,42.0,0,13822.0,51765.12,67687.98,11,13,62396.0,46781.12,10321.0,3,73,121000.0,Y,256.58,current,F,32,MEDIUM,12.0,10,233.0,1,10.0
1175,15606,310227.0,6488.18,3964.75,4118.6,1005.0,9223.0,903.0,92.0,128,19,2,6,1,276000,1,1,1.0,1,16250.2,1163405.86,16114.0,1500.0,150153.76,79859.0,82.0,26,12014.0,62063.76,112405.0,8,5,339531.0,35173.5,61729.0,42,103,21518.0,Y,2988.67,current,M,64,LOW,26.400000000000002,9,766.0,0,4.0
1176,11895,537.0,16721.445,13226.83,6345.09,1039.9,1782.0,7240.0,2.0,27,1,30,2,1,59000,1,1,1.0,1,233727.15,19000.0,25000.0,2008.0,33049.13,55535.21,2.0,36,28518.0,5623.56,24116.49,3,18,97769.0,244886.04,15714.0,117,58,59403.0,Y,2189.22,current,M,53,HIGH,29.700000000000003,1,863.0,1,14.0
1177,10599,62.0,794.0,8087.0,13210.43,6920.0,7761.51,40728.0,1.0,10,52,57,2,47,301000,1,1,1.0,1,5688.0,91747.0,1633.0,6441.0,95044.0,18095.0,90.0,35,21982.0,59420.35,88598.0,1,6,77174.0,27928.0,6076.0,3,106,19165.0,Y,9310.5,current,M,51,MEDIUM,15.5,10,934.0,1,12.0
1178,9343,27406.0,18158.92,40755.2,28205.77,4231.77,11758.0,14701.0,6.0,1,69,57,1,98,296000,1,1,1.0,1,270.0,482147.0,2500.0,-6301.0,71082.77,39803.0,70.0,23,23197.0,42321.23,10066.0,70,108,197993.98,32323.41,16324.0,2,24,81936.44,Y,34723.41,current,M,29,MEDIUM,0.9,4,710.0,1,9.0
1179,1969,4112.0,39581.7,2804.0,1911.0,2568.2,3039.0,7779.0,25.0,23,49,1,25,79,152000,1,1,1.0,1,116122.65,784499.0,73217.0,6885.0,68981.91,42066.0,147.0,4,85430.0,14121.29,36071.05,31,18,8531.0,45253.64,56153.0,5,63,3887.0,Y,82791.18,current,M,42,MEDIUM,8.8,8,866.0,0,7.0
1180,1496,395839.0,1860.0,3370.29,16791.5,8980.91,9081.5,2209.0,92.0,10,135,3,4,11,186000,1,1,1.0,1,33111020.0,235.17,5591.0,3897.0,31621.75,110505.38,3.0,3,15367.0,24614.25,26276.0,4,21,47500.0,28327.63,18662.33,46,13,25635.0,Y,5516.11,current,M,31,MEDIUM,2.2,8,683.0,0,7.0
1181,4584,9313.0,2893.47,3925.02,88794.0,16915.0,12628.67,9294.0,66.0,10,49,50,38,53,147000,1,1,1.0,1,6100.0,5241.0,5540.0,5773.0,38045.61,172574.65,11.0,1,84091.0,49760.5,137717.17,2,82,21772.0,28575.22,12063.0,14,42,38288.0,Y,32750.59,current,M,50,HIGH,21.0,4,698.0,1,20.0
1182,11164,6892.0,18693.0,8894.43,15368.11,1776.77,13117.9,21126.0,6.0,18,14,47,3,3,378000,1,1,1.0,1,8043.25,60040.0,925.0,20790.0,64312.13,43930.0,11.0,7,18855.0,46820.33,78772.0,4,105,69866.0,85787.51,363.0,4,11,56587.0,Y,7089.96,current,M,32,MEDIUM,3.6,1,299.0,1,12.0
1183,8153,16797.0,14013.0,11358.0,920.76,8890.5,8313.5,25623.0,5.0,29,38,1,3,1,303000,1,1,1.0,1,3549.85,1163405.86,908.0,5464.0,822.25,15061.0,94.0,6,173275.0,20181.89,125617.0,2,81,61115.0,233073.0,50337.0,7,100,14715.0,Y,25.88,current,M,64,MEDIUM,30.8,8,486.0,1,4.0
1184,554,9088.0,8297.15,5614.0,7660.0,25584.0,1699.6,7881.0,10.0,99,82,2,3,80,341000,1,1,1.0,1,76780.0,5729.0,24250.0,2819.0,16313.0,242282.0,2.0,55,48949.0,75289.31,70276.76,43,20,25272.0,114100.76,431682.0,94,12,53513.0,Y,8658.4,current,F,66,MEDIUM,32.2,3,243.0,1,11.0
1185,11526,112.0,5395.9,19135.0,55258.09,3151.0,270.61,16874.0,52.0,3,20,48,1,5,350000,1,1,1.0,1,55620.0,191000.0,68000.0,12415.0,58383.63,58105.87,22.0,36,35274.0,28498.1,122173.74,45,5,14394.0,35922.0,61494.0,13,3,20197.0,Y,89661.75,current,M,42,LOW,22.0,4,330.0,1,3.0
1186,5632,2108.0,12491.4,1451.0,6670.0,8066.3,7243.5,680.0,5.0,37,1,6,1,34,222000,1,1,1.0,1,16317860.0,900000.0,30040.0,6885.0,72730.88,13534.0,69.0,13,27583.0,126830.75,17039.8,3,82,31416.57,39723.69,20107.0,4,24,24573.0,Y,513.57,current,M,38,MEDIUM,12.600000000000001,5,330.0,1,7.0
1187,12864,8739.0,2066.21,10292.0,91394.0,2555.0,17266.9,8068.6,6.0,6,47,1,48,42,17000,1,1,1.0,1,94643.15,50700.0,248000.0,7478.0,105355.97,31558.0,10.0,3,22534.0,68138.04,8008.0,43,50,13507.0,138085.5,36803.0,7,63,53738.0,Y,3558.0,current,M,33,HIGH,3.9000000000000004,8,643.0,1,15.0
1188,5051,17719.0,10797.0,3764.53,6605.18,332.0,1329.56,1397.0,57.0,25,7,1,7,75,53000,1,1,1.0,1,115.45,30436.0,49975.0,12174.0,15436.99,8178.0,5.0,1,22746.0,556789.05,24452.0,2,25,71429.0,39352.7,58767.13,6,35,26550.0,Y,15.21,current,M,37,LOW,8.5,3,805.0,1,6.0
1189,14440,17583.0,6115.15,1242.0,16830.65,654.0,3772.0,1966.73,4.0,23,30,57,1,54,35000,1,1,1.0,1,8209320.0,64491.0,130000.0,6916.0,28691.43,34143.0,91.0,4,38094.0,41708.11,509686.0,3,21,23768.0,17498.0,191292.0,2,42,200172.0,Y,1732.39,current,M,53,LOW,33.0,1,860.0,1,2.0
1190,6494,4097.0,41061.0,3554.4,43109.56,17332.82,1659.5,2756.02,4.0,43,50,1,55,2,371000,1,1,1.0,1,4500.0,118856.1,13873.0,2337.0,12894.42,5193.0,39.0,5,30370.0,16102.42,253164.0,43,12,18471.0,24091.33,159054.0,2,42,73787.0,Y,286.67,current,M,53,MEDIUM,6.6000000000000005,3,259.0,0,4.0
1191,110,329894.0,888.92,16462.0,7415.0,1841.03,129.0,2773.0,12.0,5,71,2,21,47,579000,1,1,1.0,1,205595.43,54388.23,12000.0,20324.0,45831.25,100502.0,62.0,23,8120.0,42503.3,180111.0,7,25,107820.13,132079.57,3220.75,4,17,36920.0,Y,9300.87,current,M,66,LOW,4.6000000000000005,9,249.0,0,14.0
1192,1409,3433.0,29252.1,1521.8,22579.38,162.0,4083.0,1634.0,26.0,29,49,4,11,34,0,1,1,1.0,1,1112.4,10767.53,2214.0,5773.0,9180.37,26240.49,20.0,33,31626.0,32618.0,21829.0,6,14,86790.0,25376.75,278931.0,6,124,82457.0,Y,56018.48,current,M,55,MEDIUM,3.5,8,516.0,1,13.0
1193,13365,305718.0,9938.77,139.86,2350.13,14868.76,3070.0,3896.0,24.0,50,67,30,15,30,125000,1,1,1.0,1,94127.1,674291.83,3975.0,1992.0,17905.5,99264.0,43.0,3,44947.0,97262.39,70657.0,4,21,142190.0,82746.82,52399.0,7,73,345000.0,Y,8483.77,current,F,62,MEDIUM,16.8,1,863.0,1,8.0
1194,15609,305694.0,4408.67,10512.9,3615.0,1087.39,17650.72,1381.0,6.0,3,30,22,3,4,525000,1,1,1.0,1,39851.93,134000.0,925.0,5439.0,2336.25,134059.0,89.0,2,35955.0,52359.73,5611.0,11,44,87926.0,139631.88,130715.0,4,8,107174.0,Y,3518.62,current,M,33,LOW,6.5,2,249.0,1,4.0
1195,8517,172743.0,140059.47,1259.34,1481.0,1988.0,5512.8,14864.17,4.0,3,9,2,4,1,408000,1,1,1.0,1,78005.0,12000.0,5797.0,0.0,85561.79,37491.0,29.0,3,31925.0,18542.62,260240.0,7,20,9117.0,59315.9,127206.0,117,49,34850.0,Y,454.12,current,M,28,MEDIUM,3.2,6,796.0,1,19.0
1196,18950,8523.0,6218.0,1939.0,18103.1,1338.43,19217.89,5244.0,2.0,26,44,44,2,6,319000,1,1,1.0,1,881.0,267421.4,12000.0,1444.0,48175.12,54499.02,91.0,26,12862.0,128982.75,32422.0,1,171,22648.0,1756749.09,149174.0,53,113,22672.0,Y,2215.15,current,M,32,MEDIUM,4.800000000000001,2,523.0,0,9.0
1197,9946,4161.0,19696.83,11903.55,4390.6,5855.44,5861.455,376.0,12.0,43,2,60,9,70,252000,1,1,1.0,1,1035.0,7216.53,300500.0,8572.0,184176.75,159410.0,11.0,36,42427.0,30524.0,96037.0,2,24,37388.0,7794.76,132353.0,3,8,15036.0,Y,2700.33,current,M,220,MEDIUM,60.0,5,448.0,1,20.0
1198,7851,177597.0,12821.2,2461.0,41997.23,1871.0,96825.3,1530.35,6.0,32,50,1,6,77,579000,1,1,1.0,1,124064.65,5439.0,38599.0,167.0,493197.9,46585.0,3.0,4,106500.0,76811.41,28494.0,19,75,103017.0,36940.58,290641.5,21,9,24799.0,Y,26.69,current,M,37,LOW,5.1000000000000005,8,123.0,1,2.0
1199,4663,41993.0,16742.3,2264.0,3542.3,3748.5,35708.5,16821.31,14.0,81,44,1,1,54,187000,1,1,1.0,1,52209.5,85058.0,11580.0,1500.0,28969.05,23197.5,39.0,36,25335.0,213279.42,24250.0,11,81,28520.28,9794.89,540.0,4,22,34717.0,Y,17545.28,current,M,33,LOW,13.0,3,354.0,1,19.0
1200,8534,17871.0,2743.0,6007.79,11200.58,1622.8,16940.535,6109.0,63.0,39,16,23,25,11,378000,1,1,1.0,1,180615.02,186474.96,33774.0,1465.0,12048.36,94718.0,55.0,6,49801.0,2578.0,72366.0,45,20,13600.0,28688.52,135800.0,3,12,12608.0,Y,272.87,current,M,42,MEDIUM,19.8,6,536.0,0,14.0
1201,5415,327549.0,9314.0,22835.65,10419.58,7687.0,30889.0,455.0,1.0,23,5,57,14,79,86000,1,1,1.0,1,124064.65,82907.34,36114.0,2500.0,47331.08,87183.0,11.0,2,54923.0,67393.25,29606.0,8,20,28106.0,36191.0,783.0,4,58,13301.0,Y,10394.81,saving,M,28,MEDIUM,2.4000000000000004,10,488.0,0,14.0
1202,13962,4709.0,2183.32,12152.84,7618.36,1168.0,23976.01,1773.0,63.0,2,82,30,3,17,369000,1,1,1.0,1,1910215.0,330001.0,15000.0,-5715.49022999999,4221.47,11501.0,46.0,3,24254.0,21219.78,40283.0,4,70,281169.0,43153.0,148216.5,8,113,78899.0,Y,706.24,current,M,47,MEDIUM,8.1,5,258.0,0,7.0
1203,8455,4944.0,30603.54,3836.17,10554.87,7170.0,21900.0,13840.06,6.0,99,4,18,9,44,58000,1,1,1.0,1,70310.6,278360.16,14904.0,5773.0,20375.5,60316.29,4.0,35,67900.0,5915.0,50350.0,3,43,17015.0,64572.43,874781.96,4,39,34668.0,Y,3863.52,current,M,34,MEDIUM,7.0,3,454.0,0,14.0
1204,7574,209953.0,5006.15,4898.0,8382.63,4197.0,25468.74,5965.0,6.0,29,52,24,51,47,375000,1,1,1.0,1,510.6,77000.0,583.0,0.0,17835.19,54507.0,16.0,2,16988.0,12452.0,44729.0,1,7,26415.0,17800.1,14863.6,5,75,29600.0,Y,5.25,current,F,32,MEDIUM,8.4,8,324.0,1,8.0
1205,1154,11358.0,12793.97,3602.82,5995.74,970.6,3994.5,28845.23,44.0,5,49,24,11,2,87000,1,1,1.0,1,20049.0,19000.0,5905.0,903.0,15182.25,35386.0,32.0,19,14096.0,50778.76,43966.5,70,82,83821.0,36476.0,56083.0,40,106,9910.0,Y,3399.34,current,M,33,MEDIUM,13.0,5,366.0,1,12.0
1206,2128,335605.0,14832.0,6634.0,12610.77,17010.0,4342.34,473.59,60.0,6,74,5,7,42,581000,1,1,1.0,1,61186.36,470000.0,57899.0,6885.0,154679.0,132489.0,42.0,3,12115.0,16148.26,258793.0,6,11,36426.0,17243.51,35135.0,9,73,47534.0,Y,16084.47,current,M,27,MEDIUM,0.7000000000000001,8,268.0,1,7.0
1207,9073,246610.0,7598.89,29095.6,765.0,287.0,20182.55,1248.0,6.0,27,72,1,11,37,429000,1,1,1.0,1,4500.0,460000.0,56184.0,20513.0,23902.95,65773.0,4.0,5,20082.0,10742.48,32802.0,6,81,39848.0,53843.71,157981.0,2,12,38000.0,Y,3349.06,current,M,66,LOW,27.6,1,536.0,1,14.0
1208,13533,19581.0,176584.68,4704.0,24747.18,4591.62,4265.0,1948.0,136.0,71,4,12,15,58,139999,1,1,1.0,1,1360.0,201000.0,43798.0,4314.0,9366.31,56524.0,46.0,1,11980.0,21740.0,122975.5,6,70,31769.0,118746.74,25469.0,6,124,25813.0,Y,11933.35,current,F,29,LOW,5.4,5,805.0,1,7.0
1209,720,5432.0,6665.6,9372.0,830.92,39796.09,41688.0,3771.34,136.0,26,4,7,1,44,157000,1,1,1.0,1,70310.6,165000.0,56184.0,1411.0,10124.0,52805.0,6.0,3,15930.0,72846.85,70576.08,43,14,42206.0,26652.89,30832.0,3,38,131451.0,Y,10378.8,current,M,28,LOW,6.4,7,385.0,1,20.0
1210,15610,19563.0,13244.28,2024.5,6606.0,2683.0,2263.0,935.0,5.0,36,48,3,1,47,290000,1,1,1.0,1,94643.15,278360.16,6966.0,-5715.49022999999,65662.72,505114.0,16.0,3,26340.0,10047.5,29556.0,2,7,58700.0,40572.0,295505.0,94,10,2245.7,Y,1114.05,current,M,64,LOW,39.6,5,582.0,1,9.0
1211,7367,3945.0,8608.53,5438.92,2947.98,7914.0,1645.0,3111.0,26.0,84,47,12,55,1,98000,1,1,1.0,1,2002.36,35000.0,10000.0,2351.0,56811.15,125071.0,43.0,3,39471.0,99130.86,118380.0,5,1,19419.0,18578.0,51233.0,36,11,21179.0,Y,1100.8,current,M,47,MEDIUM,21.6,5,330.0,1,17.0
1212,6757,2067.0,5763.71,719.01,955.36,4400.9,11329.94,9270.0,14.0,26,89,3,1,6,68250,1,1,1.0,1,21511.8,6574.31,5905.0,3481.0,26836.31,30006.0,50.0,26,26448.0,196365.0,58093.0,6,12,31879.0,43081.0,48932.0,2,42,44255.0,Y,3258.21,saving,F,37,LOW,13.600000000000001,6,683.0,1,14.0
1213,2600,1170.0,4469.03,34325.0,897.97,3259.0,7167.955,593.0,136.0,3,6,17,4,34,173000,1,1,1.0,1,4110.0,201000.0,20887.0,553.0,37340.51,115034.0,69.0,36,103334.0,114026.07,75918.0,11,13,25130.0,31973.42,7282.0,6,21,196.93,Y,9907.92,current,M,47,MEDIUM,10.8,3,274.0,1,13.0
1214,17002,4674.0,12295.4,10671.5,1474.59,15602.0,745.0,108319.0,56.0,56,4,2,12,77,50900,1,1,1.0,1,300794.1,82942.0,90525.0,0.0,33760.71,111558.46,46.0,43,24153.0,55709.92,130440.91,20,108,118016.0,55832.33,56860.0,117,1,31020.0,Y,1922.45,current,M,69,LOW,34.300000000000004,4,523.0,1,16.0
1215,7333,13320.0,40640.9,14482.0,31621.77,3692.0,18155.0,389.0,2.0,23,67,47,1,1,555000,1,1,1.0,1,4941.45,194099.3,787.0,5773.0,23141.0,109188.0,20.0,3,35532.0,82936.5,205457.89,2,0,16367.0,67520.85,37177.75,14,20,174901.0,Y,14043.91,current,M,53,LOW,26.400000000000002,8,937.0,0,16.0
1216,1785,20097.0,24836.96,7370.02,15251.98,7813.0,812.0,6930.69,60.0,81,38,1,11,2,293000,1,1,1.0,1,825.0,132324.01,20000.0,5730.0,11558.23,85161.77,69.0,6,35466.0,10781.57,41510.83,4,5,19705.0,18895.88,140303.0,47,80,495390.0,Y,21127.13,current,M,27,MEDIUM,5.6000000000000005,9,748.0,0,2.0
1217,2747,7697.0,16494.01,321.23,22473.0,4300.25,1399.5,2678.0,6.0,1,38,1,55,1,366000,1,1,1.0,1,173732.5,74599.9,694.0,-3625.0,106483.39,114109.44,10.0,2,130767.23,65978.7,44881.0,17,28,53946.0,46776.5,22688.0,39,63,20167.0,Y,1608.74,current,M,34,HIGH,5.6000000000000005,4,445.0,1,14.0
1218,9952,8096.0,1676.0,3932.87,9876.71,5396.96,11818.23,499.4,1.0,3,4,1,46,47,191000,1,1,1.0,1,9118.35,8000.0,2019.0,2921.0,30557.86,81394.0,1.0,1,15690.0,16219.0,7687.0,7,20,16483.0,22605.19,120452.0,13,32,315.0,Y,1032.51,current,M,60,LOW,12.0,9,801.0,1,19.0
1219,7185,18917.0,805.0,5372.0,39331.04,12666.76,21111.5,6836.0,24.0,46,14,3,1,3,494000,1,1,1.0,1,130319.0,154069.0,3975.0,-5439.0,34559.25,23294.0,4.0,35,22237.0,27050.28,16685.0,0,14,20642.0,41679.71,66527.0,22,38,46082.0,Y,9083.66,current,M,34,MEDIUM,5.6000000000000005,4,269.0,1,16.0
1220,5628,11551.0,13020.58,3430.0,1934.54,46531.0,5102.0,3395.0,5.0,1,10,62,25,12,302000,1,1,1.0,1,253302.0,8000.0,230000.0,0.0,79310.99,89093.0,147.0,30,97486.0,263711.06,41602.87,1,171,27809.0,60406.37,108945.0,94,106,35408.95,Y,9377.87,saving,M,53,MEDIUM,19.8,5,966.0,0,20.0
1221,15426,16340.0,34311.0,7370.02,10481.8,2991.0,1975.0,1705.0,2.0,65,6,62,1,1,49999,1,1,1.0,1,146931.8,560000.0,130000.0,-6281.37987999999,37009.25,44138.0,67.0,3,39438.0,66459.38,50985.13,43,82,16540.0,28575.22,96936.0,22,63,22583.0,Y,3015.36,current,F,29,MEDIUM,4.5,10,523.0,1,15.0
1222,6137,10267.0,10697.0,12901.18,14242.96,2249.73,2880.885,448.0,2.0,6,1,11,2,26,271000,1,1,1.0,1,111.4,6574.31,78309.0,1500.0,27225.27,3245.0,52.0,5,74787.0,10188.0,9762.0,45,2,8175.0,23093.93,62924.0,21,27,41866.0,Y,306.11,saving,M,34,MEDIUM,4.2,10,748.0,1,5.0
1223,18164,19888.0,9836.01,11624.91,1253.43,248.9,11154.7,710.7,26.0,20,74,42,1,1,47000,1,1,1.0,1,46056.7,158000.0,96558.0,2819.0,19184.0,57605.0,22.0,4,21730.0,27725.25,38384.36,2,171,33000.0,70601.97,35465.0,8,73,19794.0,Y,5491.65,current,M,223,LOW,121.80000000000001,3,516.0,0,14.0
1224,813,10587.0,82890.52,2376.54,18101.06,38463.0,4654.33,1355.0,6.0,2,27,4,25,79,510000,1,1,1.0,1,216500.0,189246.0,1036.0,2921.0,75365.17,45647.0,10.0,4,46446.0,36316.98,184001.77,9,63,33082.0,25539.25,86020.0,117,75,12059.0,Y,6141.61,saving,M,55,MEDIUM,10.5,4,249.0,1,9.0
1225,11316,223813.0,5409.05,11217.0,10397.22,403.0,18706.205,1897.0,6.0,27,71,2,3,42,340000,1,1,1.0,1,19866.0,12000.0,5797.0,5340.0,61698.16,26576.0,0.0,1,16200.0,33002.65,48159.5,42,6,28354.0,20485.12,18151.0,3,6,17953.0,Y,6928.95,current,F,28,LOW,2.4000000000000004,4,583.0,1,20.0
1226,2928,9805.0,1899.38,4002.87,2594.5,3483.0,35551.0,1453.0,3.0,47,67,3,1,12,120000,1,1,1.0,1,153410.0,267421.4,14904.0,-6301.0,22460.47,617422.0,87.0,5,73958.0,105699.75,32866.0,2,6,5473.0,25127.34,234548.0,18,58,17634.0,Y,4297.86,current,M,221,MEDIUM,40.2,1,966.0,0,9.0
1227,2967,6438.0,14550.0,4318.89,10840.5,1524.0,2769.775,500.0,7.0,36,9,3,1,1,390000,1,1,1.0,1,497317.93,1475000.0,183999.0,10210.0,130593.7,22655.0,23.0,27,62662.0,61004.64,39098.0,4,17,13184.0,51292.1,1205.0,1,21,17884.0,Y,19256.84,saving,M,37,LOW,13.600000000000001,6,683.0,1,10.0
1228,17624,11842.0,46128.31,17925.04,2236.0,2944.0,7174.18,21927.62,1.0,65,2,21,62,42,362000,1,1,1.0,1,19.95,992890.32,20887.0,8572.0,184432.35,52792.0,11.0,5,27510.0,10074.5,39160.5,5,28,32628.0,6397.81,37763.0,7,13,25330.0,Y,229.78,current,M,31,MEDIUM,9.9,9,911.0,1,4.0
1229,7986,14772.0,3637.48,7745.0,9015.0,22738.64,23469.0,23629.3,63.0,1,6,1,11,54,104000,1,1,1.0,1,60050.0,43397.0,3792.0,-5439.0,153337.35,44789.0,11.0,15,73478.0,12306.0,52023.0,4,20,50087.0,55340.68,95324.0,47,106,141014.42,Y,3476.33,current,F,31,MEDIUM,6.6000000000000005,10,314.0,1,20.0
1230,16329,11202.0,35095.41,45829.6,19514.97,10310.76,2666.0,5902.0,1.0,2,16,2,3,81,324000,1,1,1.0,1,293418.75,470000.0,908.0,-6301.0,43818.51,20297.0,89.0,36,31530.0,248209.69,19970.0,5,25,27836.0,109196.75,164153.93,6,18,10903.0,Y,166.83,current,F,33,MEDIUM,1.3,7,355.0,1,10.0
1231,576,9265.0,16986.73,31971.03,3855.0,11721.86,2957.0,2109.0,52.0,29,7,1,27,79,556000,1,1,1.0,1,2014.8,446457.0,33774.0,20513.0,163212.29,32705.0,39.0,2,116213.0,94993.0,85822.0,3,27,14350.0,132817.25,31118.0,94,11,7380.0,Y,3822.22,current,F,35,LOW,1.5,10,538.0,1,8.0
1232,282,986.0,7809.0,482.0,35260.21,5626.0,10391.0,609.2,12.0,31,46,26,24,1,30000,1,1,1.0,1,39851.93,356899.37,12000.0,-5942.0,211031.61,17896.0,0.0,5,14874.0,33150.87,64760.0,2,49,27022.0,47091.5,45120.0,4,104,22746.0,Y,6817.89,current,M,37,MEDIUM,8.5,1,355.0,1,16.0
1233,14065,13696.0,10653.83,15068.0,17357.77,8830.0,50987.645,3332.0,28.0,10,14,7,2,12,489000,1,1,1.0,1,360978.37,15300.0,73217.0,-5715.49022999999,165076.55,85111.0,10.0,14,61900.0,23239.09,13558.0,5,59,27836.0,7723.05,38631.0,19,76,28096.0,Y,1914.69,current,M,46,MEDIUM,15.600000000000001,2,606.0,1,8.0
1234,9063,5076.0,7090.39,814.0,5608.84,2462.0,6116.355,8112.99,17.0,11,117,8,3,30,104000,1,1,1.0,1,298492.0,38173.0,971.0,9415.0,25639.95,17434.0,18.0,1,437010.0,14296.08,46517.0,30,44,79283.0,83154.0,7422.0,11,64,28175.0,Y,3332.96,current,M,28,LOW,4.800000000000001,7,259.0,1,6.0
1235,2031,6754.0,18333.0,37365.92,13299.98,1029.0,7940.77,20169.3,20.0,18,71,6,1,55,114000,1,1,1.0,1,1349.1,32714.0,36114.0,-4612.00977,77870.53,29930.0,11.0,13,15987.0,81776.92,99201.0,24,5,70360.0,83713.84,31340.0,2,18,42934.0,Y,5218.06,saving,M,28,LOW,8.0,9,802.0,1,12.0
1236,9857,2709.0,11391.5,25581.2,5428.6,61083.0,710.0,80.37,10.0,36,82,2,1,13,373000,1,1,1.0,1,47936.43,211406.19,1526.0,-12179.0,122562.6,55177.88,20.0,5,15899.0,67388.75,97905.0,3,46,551.0,51249.0,10321.0,9,12,28878.0,Y,8205.22,saving,F,53,LOW,29.700000000000003,5,606.0,1,8.0
1237,8729,233672.0,15879.76,3349.18,1585.4,7250.0,1281.56,2207.0,8.0,10,11,57,60,6,177000,1,1,1.0,1,25976.2,64491.0,38599.0,-5942.0,43922.76,102124.0,11.0,36,61134.0,97739.65,154489.0,9,4,18374.0,140693.39,29999.0,42,83,100183.0,Y,24704.54,current,M,28,MEDIUM,1.6,8,594.0,1,5.0
1238,8173,333.0,1156.75,5785.46,8207.47,76648.53,5621.115,2085.0,6.0,2,72,6,3,47,44000,1,1,1.0,1,10000.0,157000.0,925.0,12415.0,48984.07,27674.09,24.0,11,21995.0,31824.86,59274.5,7,1,10577.0,18464.5,188268.93,21,7,16020.0,Y,5189.7,current,M,40,LOW,14.0,2,606.0,1,8.0
1239,9959,1905.0,82700.93,2317.0,12223.93,8603.0,17885.89,294.2,4.0,2,10,2,28,55,466000,1,1,1.0,1,8531560.0,2400000.0,300000.0,3735.0,18964.47,60709.01,42.0,15,13695.0,29625.38,128388.0,5,63,33641.0,44046.89,36743.0,4,42,24065.0,Y,6973.58,current,F,30,LOW,10.0,3,623.0,1,19.0
1240,8682,92664.0,10038.81,2686.0,4966.5,521.92,3404.09,961.0,31.0,8,73,50,38,4,371000,1,1,1.0,1,39851.93,76365.24,25524.0,2337.0,55930.83,54849.0,36.0,30,118964.0,47179.94,33691.36,4,20,27974.0,244898.08,34009.5,5,42,24835.0,Y,8078.91,saving,M,221,LOW,20.1,9,488.0,1,14.0
1241,857,12347.0,6650.24,9647.57,5727.85,54646.02,8316.69,3208.0,100.0,23,50,44,27,64,256000,1,1,1.0,1,937.0,1475000.0,230000.0,2921.0,10284.0,23496.5,7.0,5,15559.0,51680.03,35776.0,3,26,144270.0,102981.48,45022.63,22,10,10189.0,Y,1313.07,current,M,34,LOW,8.4,7,818.0,1,20.0
1242,15194,18308.0,9567.05,1555.0,8360.4,1945.13,515.0,1778.0,44.0,30,112,18,25,5,510000,1,1,1.0,1,298492.0,295150.9,2644.0,-4679.0,23086.47,241463.96,7.0,1,9515.0,74584.0,1135.0,9,171,42568.0,380846.57,56176.0,7,12,46517.0,Y,4585.0,current,M,38,MEDIUM,9.0,8,300.0,1,12.0
1243,10540,18600.0,11120.0,2515.0,3694.98,970.0,48036.0,492.0,1.0,15,84,42,27,1,85000,1,1,1.0,1,204585.76,200926.0,15756.0,5439.0,3887.25,27059.67,11.0,30,145994.0,19206.85,60086.0,4,44,276063.0,105605.25,213810.0,4,22,630.67,Y,1717.55,current,M,36,MEDIUM,6.4,5,269.0,1,9.0
1244,1246,17908.0,2610.65,1822.24,25115.89,248.9,565.52,3891.73,10.0,128,17,1,21,17,525000,1,1,1.0,1,1482778.95,152391.0,583.0,3735.0,70551.41,27527.0,11.0,0,34047.0,657865.99,10767.0,2,25,225.0,30238.43,65512.0,3,103,55684.0,Y,6069.58,current,M,27,MEDIUM,3.5,1,867.0,0,14.0
1245,6474,36.0,39610.47,6526.0,49359.04,39813.0,971.335,1326.0,7.0,3,46,48,2,77,156000,1,1,1.0,1,99984.83,31871.49,5905.0,6916.0,27308.13,108774.0,9.0,36,24868.0,19720.75,367.74,3,13,76304.0,16112.76,55260.0,14,104,15150.0,Y,107.98,current,M,31,LOW,1.1,4,330.0,0,7.0
1246,2636,85155.0,12765.66,2740.0,2673.3,26290.0,5138.935,209.0,14.0,30,27,18,7,10,383000,1,1,1.0,1,306.4,273221.0,594.0,6885.0,52023.11,6677.0,5.0,4,117721.0,24624.62,19956.36,6,36,15800.0,54015.0,46476.0,11,8,171200.0,Y,3059.32,current,M,31,LOW,7.7,2,743.0,1,17.0
1247,3636,17980.0,3725.53,15519.86,4351.26,220.0,14123.3,1778.0,2.0,23,10,24,3,26,301000,1,1,1.0,1,670875.0,376694.91,155205.0,-5715.49022999999,63127.5,34518.0,12.0,6,24620.0,60026.95,45474.08,4,81,7700.0,10241.52,35515.0,36,35,19754.0,Y,11465.53,current,M,55,MEDIUM,17.5,5,536.0,1,19.0
1248,8294,299291.0,17782.0,2813.0,25958.84,3409.0,5220.13,5124.0,31.0,65,16,44,3,42,74100,1,1,1.0,1,384550.05,7216.53,13873.0,2921.0,34214.14,67412.28,103.0,2,60206.0,116441.0,18239.0,71,16,52876.0,22071.0,105342.0,43,38,14179.0,Y,2578.6,current,M,33,MEDIUM,1.3,3,683.0,1,3.0
1249,19391,18563.0,3981.94,4704.0,16232.38,16311.0,247.0,1654.5,531.0,10,61,10,3,2,16000,1,1,1.0,1,8758.2,148150.33,230000.0,1411.0,109.0,198745.0,36.0,3,30226.0,49713.75,22550.0,7,82,38546.0,16881.92,86659.0,7,28,27091.0,Y,8126.72,current,M,32,MEDIUM,3.6,4,355.0,1,12.0
1250,15153,19967.0,6805.27,2652.0,9537.43,12694.0,2109.75,3173.0,1.0,71,70,53,6,4,147000,1,1,1.0,1,3101.3,88482.8,24125.0,1500.0,39917.0,43618.0,3.0,7,178184.0,15825.87,110194.42,43,4,99586.0,17971.0,23573.0,40,103,53645.0,Y,6077.25,current,F,55,MEDIUM,7.0,6,363.0,1,11.0
1251,15914,16959.0,19219.42,1700.0,1576.44,4719.0,393.0,1517.0,10.0,8,67,1,2,47,366000,1,1,1.0,1,937.0,674291.83,641.0,171.0,62203.72,24787.0,77.0,0,40337.4,28455.0,8737.36,4,26,44518.0,22069.44,8554.0,6,0,21318.0,Y,18649.33,current,F,50,LOW,9.0,3,351.0,1,13.0
1252,5098,7199.0,9339.0,626.94,571.62,3514.0,3851.0,1231.5,3.0,43,2,4,4,79,224000,1,1,1.0,1,116122.65,429273.4,610000.0,14509.0,10643.34,39467.0,11.0,7,78876.82,24491.58,3070.0,43,1,10806.0,25127.34,21179.41,47,13,30430.0,Y,5009.94,current,M,37,MEDIUM,5.1000000000000005,7,537.0,1,13.0
1253,10547,9493.0,8419.53,1051.0,28302.01,1509.0,261.0,423.02,5.0,32,35,3,1,17,302000,1,1,1.0,1,30382.2,76365.24,5905.0,418.0,152010.94,52238.0,77.0,0,48509.0,17914.74,209500.0,5,24,68875.0,27711.13,123525.0,4,113,15765.0,Y,136.82,current,M,69,MEDIUM,39.2,2,485.0,1,12.0
1254,16028,9087.0,13663.09,1513.0,6268.09,6818.58,16161.055,728.75,10.0,2,7,3,21,30,44000,1,1,1.0,1,48422.7,27000.0,1052.0,5773.0,136815.9,29269.0,43.0,43,78982.0,26886.27,25299.0,43,1,63993.0,22368.32,33642.0,2,38,26179.0,Y,1181.47,current,M,66,MEDIUM,46.0,9,593.0,1,13.0
1255,5086,16889.0,725.5,4489.0,24553.2,1036.0,12913.715,1255.52,14.0,30,47,1,5,5,298000,1,1,1.0,1,21511.8,117890.0,10111.0,0.0,120260.57,50353.0,42.0,9,30820.0,37596.36,40037.5,2,59,29316.0,8695.5,101145.5,3,113,38294.0,Y,2165.93,current,M,50,LOW,27.0,7,249.0,0,9.0
1256,83,7995.0,2171.0,248.69,14342.03,2512.0,48532.44,2742.0,19.0,4,74,1,5,30,402000,1,1,1.0,1,186189.0,674291.83,33774.0,14509.0,91298.86,81628.0,29.0,4,50909.0,18988.0,10232.51,1,25,35217.0,7899.0,13489.0,58,113,76922.0,Y,6288.86,current,M,61,LOW,12.3,4,937.0,1,3.0
1257,6964,311364.0,11264.02,10176.0,93327.5,1210.0,28309.01,3558.3,44.0,3,3,3,56,98,286000,1,1,1.0,1,11878.6,18000.0,43798.0,14509.0,30999.0,80005.5,90.0,2,1962.9,98746.0,307736.0,3,4,22591.0,69484.85,19941.0,6,65,17486.0,Y,15734.17,current,F,37,MEDIUM,8.5,7,801.0,1,3.0
1258,19211,12165.0,10961.83,6273.2,1487.64,8789.44,4611.0,5143.0,63.0,43,16,10,2,1,429000,1,1,1.0,1,71020.5,537476.4,2158.0,5730.0,20454.75,204334.0,10.0,3,40139.0,24319.1,66733.0,16,171,22231.0,20462.76,75814.29,49,22,23417.0,Y,6980.6,saving,M,47,MEDIUM,10.8,7,446.0,1,20.0
1259,12878,3851.0,9253.78,3509.0,47271.32,3757.0,3103.925,820.3,2.0,71,16,1,27,3,381000,1,1,1.0,1,68640.0,170989.0,954.0,-5439.0,69397.02,109985.0,147.0,2,27701.0,33712.18,95536.0,5,42,581.0,35472.48,100839.79,46,83,169712.95,Y,131226.86,saving,M,35,MEDIUM,13.5,9,883.0,0,12.0
1260,11796,398988.0,7695.9,23589.66,2916.81,5338.0,2091.0,1980.0,19.0,44,44,60,4,1,20000,1,1,1.0,1,116122.65,382191.0,13873.0,-6885.0,354252.38,858761.92,55.0,29,44798.0,64353.87,111599.0,5,23,45361.0,52826.3,58231.0,2,79,28313.0,Y,6935.16,current,M,120,MEDIUM,30.0,4,683.0,0,12.0
1261,1883,178202.0,10107.38,139422.6,16831.01,1711.0,10736.655,342.0,10.0,22,30,1,4,47,296000,1,1,1.0,1,18861.8,41813.0,3975.0,6409.0,5975.95,33829.27,11.0,3,21100.0,15297.88,69879.5,0,29,42620.0,65505.4,61668.38,9,2,64626.0,Y,17489.19,current,M,37,MEDIUM,6.800000000000001,7,867.0,1,12.0
1262,7842,298098.0,11505.72,1515.0,3470.13,1045.0,7205.2,1129.52,104.0,19,4,1,4,80,156000,1,1,1.0,1,33092.59,194099.3,16004.0,3897.0,35927.67,37751.0,18.0,4,66443.0,42875.94,47667.0,43,4,25456.0,34290.65,300690.0,5,80,14851.0,Y,6603.9,current,M,31,MEDIUM,6.6000000000000005,1,748.0,1,8.0
1263,4139,240136.0,2527.41,902.0,6230.22,64496.5,7880.0,11767.49,6.0,6,1,3,9,8,403000,1,1,1.0,1,31454.1,109000.0,825.0,19765.0,27223.83,34607.82,11.0,15,217598.0,5406.0,96785.5,2,82,25467.0,49037.92,76314.48,14,100,12403.0,Y,14039.42,current,F,33,MEDIUM,10.4,8,867.0,0,4.0
1264,10275,16502.0,2704.0,24183.32,5616.09,1973.0,738.0,11355.0,4.0,1,74,1,4,1,127500,1,1,1.0,1,46962.5,232235.65,539.0,1411.0,172727.33,24132.0,0.0,26,31436.0,6227.04,153241.0,3,21,28620.45,15698.95,16056.0,14,7,28002.0,Y,21946.12,current,M,38,LOW,18.0,7,628.0,0,6.0
1265,13908,5084.0,15454.13,1736.24,5133.0,48626.0,27087.0,1294.0,531.0,47,4,1,3,44,410000,1,1,1.0,1,98062.5,197800.0,230000.0,3735.0,276064.39,11087.0,11.0,3,71555.0,25030.75,25120.0,4,171,1700.0,89195.07,110890.88,6,0,78842.2,Y,10917.28,current,F,29,HIGH,9.0,6,805.0,1,16.0
1266,4079,1156.0,21368.87,5617.0,9386.51,13230.73,6767.63,959.27,10.0,5,1,39,62,56,483000,1,1,1.0,1,10008.0,187788.1,105000.0,5773.0,128675.1,55986.38,18.0,1,54733.0,224615.22,158540.0,9,21,26515.0,579218.85,59748.0,9,40,38499.0,Y,13740.99,current,M,36,MEDIUM,4.800000000000001,1,355.0,1,9.0
1267,11472,400460.0,15871.86,1995.43,757.0,6781.03,3681.0,25078.55,9.0,36,19,4,6,17,358000,1,1,1.0,1,15250.79,184514.0,28985.0,-5715.49022999999,69456.25,96709.91,11.0,30,43361.0,113370.0,100200.76,43,108,37498.0,326763.76,31011.0,3,79,7582.5,Y,10265.1,current,M,32,MEDIUM,12.0,10,644.0,1,12.0
1268,19765,95357.0,2302.0,2287.52,4964.8,833.0,15337.27,9346.0,4.0,77,2,2,4,67,84000,1,1,1.0,1,9624.6,43545.0,6100.0,-4641.77979,59288.25,61441.0,11.0,43,37514.0,3992.37,29962.0,20,25,325000.0,16700.86,87104.5,4,32,28179.0,Y,178.6,current,F,47,LOW,18.900000000000002,1,737.0,1,15.0
1269,5965,8594.0,11072.49,13353.4,5056.34,6945.87,23710.1,3583.63,4.0,85,50,48,1,47,429000,1,1,1.0,1,48675.31,232235.65,2214.0,6916.0,124409.51,144429.77,18.0,35,28958.0,169924.6,72844.0,19,44,24487.0,59856.56,59203.0,5,43,27108.0,Y,4215.9,current,M,25,LOW,4.0,9,370.0,1,19.0
1270,8726,3324.0,9244.98,9725.0,9147.97,236.76,2350.0,3487.61,10.0,32,110,3,4,81,352000,1,1,1.0,1,7089.7,356899.37,527.0,-6301.0,56737.78,152334.0,16.0,3,45114.9,32747.64,47040.0,43,59,36560.0,55439.65,34021.8,4,120,55571.63,Y,7169.97,saving,F,30,MEDIUM,8.0,4,866.0,1,10.0
1271,4029,9595.0,17833.59,3539.94,11928.92,101.0,113001.0,23669.0,25.0,32,44,8,3,17,466000,1,1,1.0,1,8758.2,54388.23,12611.0,12415.0,27861.68,28841.0,10.0,31,33246.0,60644.28,182722.78,1,8,20966.0,51467.6,52068.0,6,1,55832.0,Y,2213.9,current,M,33,MEDIUM,13.0,1,863.0,0,7.0
1272,17349,2730.0,4516.0,3884.65,8728.28,6986.93,8711.0,12468.2,6.0,34,5,1,36,2,70000,1,1,1.0,1,3549.85,992890.32,48950.0,-6301.0,27323.71,222100.0,11.0,2,25067.0,37277.53,43914.5,1,6,175098.0,115122.35,45094.39,3,38,15151.0,Y,43485.0,current,M,32,MEDIUM,4.800000000000001,1,858.0,1,16.0
1273,18065,7336.0,2231.0,994.2,30604.69,4264.0,8802.0,3250.0,12.0,47,50,2,1,1,599000,1,1,1.0,1,3413.5,77965.0,80000.0,4795.0,28168.3,3085.0,18.0,4,31018.0,73427.25,14663.0,70,108,65224.0,10071.0,40259.5,94,12,29601.0,Y,1731.65,current,M,40,MEDIUM,14.0,3,454.0,0,20.0
1274,19547,12288.0,2833.52,338.85,1256.84,18915.0,2512.0,4844.0,9.0,1,4,3,2,31,75000,1,1,1.0,1,1727970.9,267421.4,183999.0,6885.0,63375.98,44997.0,4.0,9,10800.0,15797.48,170851.63,2,12,64989.0,45378.75,24713.5,12,14,23824.0,Y,8613.25,current,F,66,MEDIUM,46.0,10,270.0,1,20.0
1275,19089,6930.0,2526.07,875.0,4853.9,5725.3,3263.77,2520.0,531.0,9,20,2,18,13,533000,1,1,1.0,1,1910215.0,121927.8,583.0,7478.0,35927.67,68604.27,46.0,7,46598.0,19427.5,13341.0,3,17,40116.0,20456.58,24815.0,93,7,28020.0,Y,19856.13,current,M,33,LOW,2.6,5,771.0,1,11.0
1276,19180,15844.0,22352.4,1626.0,6416.0,8212.0,13877.1,6829.18,4.0,18,74,18,60,98,170000,1,1,1.0,1,885.55,109000.0,2644.0,3897.0,17053.95,164871.0,40.0,3,2750.0,27920.52,85619.0,6,1,20624.34,78448.21,898.0,42,10,21622.0,Y,1503.89,current,M,60,MEDIUM,4.0,9,488.0,0,4.0
1277,13728,2198.0,37990.91,2353.48,17844.86,2617.61,72552.12,16482.0,10.0,3,74,2,51,42,87000,1,1,1.0,1,11827.75,25404.0,30071.0,6885.0,73266.8,37634.0,67.0,2,36184.43,23572.83,259503.0,4,50,25336.0,28636.42,48630.56,39,3,27043.05,Y,192.98,saving,M,44,MEDIUM,7.2,10,243.0,0,8.0
1278,10168,13892.0,8844.23,10349.29,11787.0,782.85,26331.82,5962.0,8.0,3,87,1,55,5,267000,1,1,1.0,1,300794.1,150000.0,925.0,6885.0,254048.88,51288.0,11.0,7,20654.0,121085.74,129146.0,2,5,12770.0,176017.67,60782.0,49,11,2500.0,Y,11358.72,current,M,62,MEDIUM,21.0,1,796.0,0,3.0
1279,3581,292062.0,5522.38,17288.0,21287.66,1640.46,19844.195,3033.36,6.0,67,89,15,9,30,293000,1,1,1.0,1,328504.5,68663.61,643.0,8723.0,30031.06,15936.0,2.0,9,46353.0,25720.94,16175.0,3,171,43589.0,41858.5,14441.0,94,58,34364.0,Y,3063.69,current,M,220,MEDIUM,200.0,9,799.0,1,6.0
1280,6346,88394.0,5858.0,615.0,24293.61,542.0,3838.775,2451.0,5.0,10,2,47,46,47,581000,1,1,1.0,1,115.45,125000.0,500718.0,3897.0,23151.21,402967.0,0.0,4,26819.85,19782.57,30416.84,1,11,236985.0,19650.75,56127.0,3,15,18500.0,Y,3024.35,current,M,51,LOW,12.4,5,647.0,1,17.0
1281,5824,8941.0,34662.58,1916.9,4749.81,5961.0,59678.14,465.2,6.0,5,50,5,2,80,520000,1,1,1.0,1,1859872.2,117890.0,130000.0,6916.0,50969.25,30641.0,42.0,0,11575.0,116899.24,107481.36,3,29,30097.0,103246.13,98316.0,2,8,3730.0,Y,18442.84,current,F,33,MEDIUM,3.9000000000000004,3,923.0,0,16.0
1282,18879,14840.0,18984.84,9148.28,18782.4,162.0,4196.08,1733.0,7.0,14,59,48,2,67,112000,1,1,1.0,1,249060.0,42723.0,23500.0,2921.0,132090.25,80267.0,82.0,35,39995.0,9877.25,40435.0,1,20,36959.0,58939.74,94491.38,4,15,34812.0,Y,55059.89,current,F,33,LOW,11.700000000000001,9,595.0,0,20.0
1283,1190,220737.0,66401.66,3877.53,40489.13,9627.0,9966.0,9147.88,7.0,128,1,25,2,17,147000,1,1,1.0,1,6030.65,71944.5,25111.0,20513.0,40320.75,82026.0,10.0,1,86227.0,67495.21,9597.0,6,50,20238.0,16430.27,62230.0,9,83,10075.0,Y,8339.15,current,M,49,MEDIUM,14.5,7,968.0,1,16.0
1284,12478,4670.0,23737.94,8345.0,49037.13,2416.0,35034.7,12057.18,5.0,93,5,18,38,6,27000,1,1,1.0,1,94127.1,7273.15,5797.0,8572.0,7183.29,65379.5,4.0,30,26954.0,9997.14,32813.0,6,81,57350.0,45854.82,21515.0,2,65,27120.0,Y,776.91,saving,M,35,MEDIUM,13.5,4,505.0,0,13.0
1285,5018,593.0,3742.21,2966.0,4166.92,5053.0,292.4,3532.0,1.0,10,8,2,11,1,100000,1,1,1.0,1,161704.0,1084598.7,28985.0,8572.0,68168.92,550061.0,42.0,23,17197.0,58776.62,171.15,43,82,16345.0,9691.0,13412.31,117,18,27911.0,Y,494.49,current,M,30,MEDIUM,8.0,1,247.0,0,17.0
1286,18341,13926.0,4228.04,644.0,2956.65,590.0,33671.5,12956.0,24.0,65,60,22,15,11,410000,1,1,1.0,1,10535967.5,51445.0,1036.0,1014.0,387331.82,10248.96,42.0,0,73601.0,13586.67,122173.74,4,20,16050.0,74053.75,70033.04,4,18,44276.0,Y,3081.74,saving,M,42,LOW,13.200000000000001,10,647.0,1,6.0
1287,11556,406740.0,26114.0,32366.0,2106.0,10455.88,4477.52,773.0,20.0,10,23,52,25,68,483000,1,1,1.0,1,716556.5,152391.0,5981.0,0.0,230297.79,161124.0,18.0,4,52393.0,36839.0,248662.0,17,171,25806.0,22908.0,28369.0,12,9,35958.0,Y,3156.86,current,M,35,MEDIUM,15.0,3,523.0,0,2.0
1288,15921,17765.0,2098.46,8578.0,1969.0,900.0,5731.515,10886.0,44.0,128,2,20,1,79,375000,1,1,1.0,1,41361.3,992890.32,24250.0,-4612.00977,8086.25,23384.5,77.0,30,27934.0,15701.0,32416.0,2,25,30098.0,66373.15,38006.0,10,7,42872.0,Y,4583.32,current,F,58,MEDIUM,30.400000000000002,3,858.0,1,4.0
1289,1449,2265.0,9271.22,2400.0,9409.54,13768.0,5580.25,1060.0,50.0,26,7,18,15,75,670000,1,1,1.0,1,319201.67,64491.0,57899.0,-5942.0,95321.75,244717.65,79.0,3,23469.0,106288.0,30220.0,3,18,51360.0,41384.78,109713.0,13,32,123205.0,Y,2770.49,current,M,66,MEDIUM,32.2,4,324.0,0,4.0
1290,15968,87733.0,75013.0,19279.84,17844.86,886.0,12900.865,3121.04,1.0,77,16,11,44,30,147000,1,1,1.0,1,117680.0,3342.51,14550.0,5439.0,15962.01,80674.54,69.0,18,106229.0,38522.0,24818.5,6,27,21547.0,145511.35,18282.22,19,42,22267.0,Y,98408.42,current,M,53,MEDIUM,26.400000000000002,10,355.0,0,2.0
1291,10969,9734.0,14598.3,2621.0,24627.0,1265.0,18822.74,21256.33,9.0,29,71,1,2,6,461000,1,1,1.0,1,117168.65,100934.0,925.0,-5942.0,72730.88,17328.0,55.0,2,107765.0,9832.0,104095.0,4,8,7826.0,2792.0,98401.94,5,50,8700.0,Y,6371.95,current,M,40,MEDIUM,10.0,4,395.0,1,4.0
1292,1079,135372.0,4444.485,18225.0,52596.5,7994.72,12359.0,2075.57,6.0,11,4,25,14,2,75000,1,1,1.0,1,2002.36,51000.0,33774.0,10455.0,9784.4,57993.0,10.0,3,12250.0,22624.63,36116.5,2,14,1235.0,6946.65,90774.2,7,25,51038.0,Y,2043.8,current,M,27,MEDIUM,6.300000000000001,2,863.0,1,19.0
1293,1407,17497.0,6516.0,5347.85,21855.05,21538.0,2984.95,5762.0,5.0,34,16,4,1,2,100000,1,1,1.0,1,3080625.0,117890.0,51520.0,-5715.49022999999,1951.75,687651.0,32.0,5,25260.0,40793.67,15087.0,35,81,3630.79,110735.54,41915.5,39,28,44167.0,Y,3293.58,current,M,47,MEDIUM,13.5,4,743.0,0,16.0
1294,7931,2346.0,7220.55,1180.0,2185.77,3892.52,4188.9,239.0,25.0,71,82,5,1,3,341000,1,1,1.0,1,53530.07,17000.0,4367.0,13135.0,28853.75,131822.74,10.0,26,43584.0,63070.78,22566.0,6,24,134893.0,72250.67,276411.07,2,61,55197.61,Y,391.53,current,M,44,LOW,2.4000000000000004,2,799.0,1,20.0
1295,9684,5436.0,5843.37,8287.0,1761.0,549.0,3725.0,2861.0,4.0,43,85,18,25,54,319000,1,1,1.0,1,4140.0,141473.07,1036.0,4314.0,84701.93,58941.0,72.0,7,42435.0,21055.29,28142.0,6,8,19372.5,20991.0,552937.48,3,103,69578.0,Y,6073.01,current,F,36,MEDIUM,12.8,6,299.0,1,2.0
1296,10245,16011.0,1917.99,15063.91,2721.0,1864.29,11062.14,1527.0,66.0,4,10,1,4,47,139999,1,1,1.0,1,41883.6,68663.61,2644.0,1079.0,41703.6,36903.0,35.0,4,71395.0,199421.49,133986.0,0,46,23446.0,67987.08,36317.0,62,24,18522.0,Y,547.8,current,M,29,HIGH,4.5,1,315.0,0,17.0
1297,9581,212401.0,219598.13,3617.59,37780.0,589.0,3107.0,18956.0,28.0,10,27,4,31,79,425000,1,1,1.0,1,10006.2,43394.0,891.0,3735.0,117707.42,15125.0,67.0,23,6672.63,25323.57,204880.0,2,25,55097.0,142365.39,51906.0,47,58,28295.0,Y,942.21,current,M,223,MEDIUM,162.4,9,958.0,1,16.0
1298,16535,637.0,35463.31,2831.0,4484.06,1409.05,14925.5,4207.0,6.0,99,67,8,6,4,114000,1,1,1.0,1,140291.6,39833.19,4895.0,-4664.0,26412.83,33216.0,91.0,26,38438.0,16737.0,56265.5,7,7,18894.0,42205.96,113116.0,47,96,9588.0,Y,4461.73,current,M,27,HIGH,4.2,7,386.0,1,14.0
1299,5881,8909.0,18180.0,1308.0,10913.43,63861.83,3327.0,52104.09,6.0,17,4,1,27,6,199999,1,1,1.0,1,41883.6,169779.0,48950.0,167.0,20042.79,57155.0,4.0,35,52512.0,14828.12,136371.0,6,75,15146.0,19331.75,23262.0,117,38,94.0,Y,11437.24,current,M,28,HIGH,0.8,10,644.0,1,3.0
1300,3826,13695.0,55201.18,7916.0,17221.42,2279.0,4646.31,2416.0,531.0,13,50,1,6,56,302000,1,1,1.0,1,30382.2,16000.0,230000.0,173.0,76169.57,99779.0,22.0,36,16557.0,61135.34,111168.0,2,8,581.0,28740.75,77443.0,49,76,13299.0,Y,490.78,current,F,30,MEDIUM,3.0,9,269.0,1,20.0
1301,18033,17073.0,6197.33,10190.9,63573.94,2040.0,31252.0,2684.5,6.0,1,35,1,12,53,429000,1,1,1.0,1,2184.0,95199.02,11545.0,8723.0,297319.75,67142.52,41.0,4,23208.0,195340.0,31047.0,1,81,21447.0,8396.29,37391.78,19,0,396732.0,Y,18626.16,current,M,47,MEDIUM,10.8,9,516.0,1,3.0
1302,442,12466.0,6214.82,14497.0,6563.76,8458.0,4289.0,1729.0,1.0,84,19,1,1,12,378000,1,1,1.0,1,197067.2,50000.0,527.0,1411.0,27756.0,30853.0,11.0,26,14022.0,12669.0,122446.0,2,8,60452.0,18895.03,67222.0,14,36,46560.0,Y,6408.79,saving,M,46,MEDIUM,13.0,4,537.0,1,8.0
1303,157,12193.0,1969.0,3483.0,11922.84,4379.0,25951.0,8057.05,24.0,9,67,1,11,26,178000,1,1,1.0,1,165907.57,3.59,3975.0,6441.0,88662.84,176742.0,62.0,7,47307.0,42446.35,48060.0,2,20,18332.0,10445.36,261370.0,4,103,50140.0,Y,428.3,current,M,69,MEDIUM,19.6,10,723.0,1,4.0
1304,15127,11310.0,9191.0,1098.52,6882.0,1607.72,22665.93,253.0,7.0,7,30,1,62,12,471000,1,1,1.0,1,3080625.0,2436.91,43798.0,14509.0,26262.75,54279.0,2.0,2,74425.0,104218.0,32799.0,11,20,64973.0,22544.7,90264.0,43,12,26970.27,Y,1572.83,current,M,32,LOW,10.8,1,464.0,1,20.0
1305,673,329059.0,102003.32,1634.0,7448.435,10204.52,15870.82,337.0,2.0,56,35,4,18,98,307000,1,1,1.0,1,34635.25,617203.09,925.0,2921.0,39018.97,32613.0,35.0,4,96954.0,205282.8,172069.0,0,42,86294.0,187683.41,66843.48,3,83,202432.5,Y,350.32,current,M,37,MEDIUM,6.800000000000001,3,594.0,1,4.0
1306,540,5947.0,229048.05,460.63,3038.0,2747.82,8528.0,293.0,10.0,7,44,4,63,47,461000,1,1,1.0,1,80163.75,154544.47,10271.0,0.0,26545.82,57972.0,91.0,3,32187.0,12104.0,124420.42,43,13,32971.0,52458.46,119672.25,14,24,17783.0,Y,6859.77,current,M,47,LOW,18.900000000000002,2,945.0,1,15.0
1307,5442,7888.0,1020.79,17870.0,1236.0,33392.85,3671.2,1109.58,2.0,23,13,1,44,5,134000,1,1,1.0,1,115407.0,1372927.14,12016.0,7478.0,47992.24,37694.0,5.0,5,202579.0,61097.0,31461.47,2,26,44397.0,54597.39,19707.0,13,18,4600.0,Y,347.05,current,M,29,MEDIUM,7.2,3,537.0,0,9.0
1308,10258,2486.0,6708.11,441.0,20595.5,18915.0,1502.785,6375.89,26.0,4,5,3,18,67,595000,1,1,1.0,1,45463.0,289469.58,130000.0,6613.0,101266.93,36420.0,4.0,2,22493.0,29657.58,43966.5,3,8,33518.0,104309.4,21771.0,3,12,19363.0,Y,667.73,current,M,30,MEDIUM,5.0,4,233.0,1,4.0
1309,17669,18034.0,16764.6,3475.4,31470.0,545.11,8028.0,8697.0,1.0,99,2,18,31,30,378000,1,1,1.0,1,213557.15,232235.65,13873.0,2921.0,57728.16,36272.0,24.0,3,19052.0,103638.0,58135.0,1,18,14631.0,63090.28,87539.5,39,18,26036.0,Y,271.66,current,M,38,MEDIUM,12.600000000000001,4,748.0,1,11.0
1310,13287,12415.0,2555.37,452.4,7709.49,1348.0,20037.92,272.08,10.0,601,4,1,1,7,46000,1,1,1.0,1,3030975.0,146793.0,5797.0,3735.0,14514.45,50175.0,35.0,14,26074.0,7785.9,77180.36,2,21,99586.0,440.0,112465.0,2,15,12778.0,Y,4814.81,current,M,32,MEDIUM,2.4000000000000004,8,686.0,1,17.0
1311,10173,14879.0,3800.67,34886.72,5514.99,819.0,25210.0,6065.0,44.0,66,11,4,56,64,302000,1,1,1.0,1,8370.8,32714.0,800.0,8723.0,20603.18,36498.2,7.0,2,26435.0,545369.07,69879.5,30,8,28620.45,6601.43,22363.62,13,38,29529.0,Y,7463.97,saving,M,32,HIGH,9.600000000000001,1,805.0,1,12.0
1312,16035,15371.0,1261.0,1484.84,16982.76,1024.0,17547.59,5299.0,7.0,50,50,1,2,1,461000,1,1,1.0,1,105453.65,25404.0,13873.0,12174.0,195045.77,45177.31,24.0,0,12340.0,28619.0,49516.0,4,82,47622.0,75323.28,5084.5,7,21,23459.0,Y,1263.46,current,M,46,LOW,5.2,6,860.0,1,2.0
1313,3716,18607.0,16362.0,6942.0,6147.29,1232.0,30482.0,760.72,63.0,56,48,1,6,1,53000,1,1,1.0,1,41883.6,186474.96,15000.0,8572.0,30636.25,36030.0,42.0,0,35200.0,57409.09,22472.0,9,63,19019.0,41843.76,35418.0,40,24,30218.0,Y,14340.46,current,M,28,MEDIUM,1.6,10,723.0,1,12.0
1314,1946,13783.0,8483.0,9900.0,2003.84,4115.0,14509.0,232.0,5.0,4,6,42,1,3,512000,1,1,1.0,1,803155.7,202560.0,68000.0,5730.0,22864.74,76914.0,90.0,26,40017.0,12305.0,38952.0,70,6,63435.0,387881.79,4591.0,2,73,53223.0,Y,3314.03,current,M,66,LOW,4.6000000000000005,1,588.0,1,5.0
1315,12584,15724.0,11019.99,887.0,39501.07,728.0,34935.775,6843.0,9.0,36,89,1,16,54,127500,1,1,1.0,1,13659.0,337000.0,2214.0,-4324.0,49192.88,63696.0,42.0,35,15078.0,26473.53,164072.5,11,2,204622.0,227858.69,118037.17,47,73,41508.0,Y,922.51,current,M,38,MEDIUM,7.2,10,710.0,1,17.0
1316,19353,14168.0,8407.88,9602.97,13888.1,1940.0,9239.0,1271.0,15.0,77,48,48,18,56,461000,1,1,1.0,1,151000.0,152664.0,15756.0,2351.0,300520.04,38709.0,4.0,26,20450.0,42027.56,25679.5,7,6,26848.0,104751.02,66981.0,1,12,16065.0,Y,4961.08,current,M,47,LOW,18.900000000000002,5,267.0,1,10.0
1317,1165,20171.0,14587.84,3238.0,14446.16,4088.0,2021.2,11821.0,10.0,10,4,1,25,64,329000,1,1,1.0,1,5215.0,143000.0,550.0,173.0,35848.0,29595.0,35.0,36,39669.0,440849.77,77424.0,6,86,7940.0,38326.87,28476.0,94,27,12251.0,Y,8020.09,current,F,47,MEDIUM,16.2,6,809.0,1,20.0
1318,12768,5640.0,1323.41,5529.0,38690.21,64939.0,20659.0,9734.0,66.0,30,87,18,17,70,267000,1,1,1.0,1,28.5,60040.0,48374.0,-4324.0,2832.01,53631.64,87.0,36,19399.0,7637.07,101343.0,70,11,34589.0,20862.43,98251.0,2,8,38640.0,Y,9126.98,current,F,223,MEDIUM,162.4,4,743.0,1,6.0
1319,4843,315144.0,16713.79,1559.0,2715.0,1980.25,21900.0,2819.0,3.0,5,44,60,15,42,287000,1,1,1.0,1,116122.65,186474.96,2214.0,167.0,62922.25,46742.41,42.0,2,37682.0,66070.61,20426.0,2,6,18015.0,68921.2,21635.0,4,68,28153.0,Y,1050.22,current,M,25,MEDIUM,3.5,6,511.0,1,19.0
1320,18733,16071.0,1310.85,137.0,963.21,3550.0,31252.0,2615.0,2.0,30,7,2,11,13,26000,1,1,1.0,1,825.0,152664.0,11580.0,-6301.0,23999.04,46243.0,4.0,3,27507.0,31458.28,66592.0,4,42,38132.0,5390.63,85115.0,49,35,27608.0,Y,7984.41,current,M,49,MEDIUM,11.600000000000001,4,911.0,0,16.0
1321,15057,12394.0,699.14,662.0,90359.74,2523.96,7540.0,6857.0,4.0,26,4,4,1,81,378000,1,1,1.0,1,1053411.2,53749.0,300500.0,1079.0,201562.0,30673.16,55.0,1,26650.0,131185.37,182282.0,1,70,24300.0,17459.57,71038.0,3,65,50913.0,Y,7269.33,current,M,221,MEDIUM,60.300000000000004,6,626.0,1,20.0
1322,11311,17349.0,5255.54,3925.02,28387.11,3740.0,8373.31,7581.0,1.0,6,47,22,20,11,100000,1,1,1.0,1,30895.44,446457.0,13873.0,1465.0,14147.3,28106.0,48.0,36,74400.0,51213.0,74730.5,2,50,46800.0,197191.0,70115.45,2,63,199567.0,Y,10041.81,saving,M,35,MEDIUM,15.0,3,823.0,1,8.0
1323,11638,12852.0,9227.75,8012.0,3092.0,13029.04,11394.0,721.0,7.0,2,9,11,3,56,533000,1,1,1.0,1,530797.35,45000.0,597.0,10455.0,11131.0,88542.0,50.0,0,82.91,134968.36,7040.0,2,5,30672.0,11329.65,145822.0,3,103,38888.0,Y,29587.56,saving,M,66,MEDIUM,27.6,3,814.0,1,17.0
1324,10778,709.0,31953.21,13353.83,897.97,10644.12,75189.0,492.0,3.0,10,4,5,12,2,466000,1,1,1.0,1,204.0,68663.61,126001.0,3735.0,33398.88,8303.0,89.0,2,17363.0,39988.0,103757.0,4,25,98066.0,19349.0,66219.0,93,79,11763.0,Y,2186.89,current,F,53,LOW,16.5,4,249.0,0,19.0
1325,9371,1541.0,9449.06,4225.08,1305.5,1811.92,2184.0,522.0,4.0,30,16,25,36,16,326000,1,1,1.0,1,347309.75,12000.0,5905.0,12965.0,25554.01,75523.0,63.0,26,17141.0,37726.92,17356.0,1,20,87330.0,2964.18,20406.0,5,106,551.0,Y,3121.44,current,M,42,MEDIUM,15.4,8,465.0,1,12.0
1326,2874,11387.0,2540.26,1912.66,9022.0,6438.89,5349.0,1618.72,531.0,56,10,20,3,4,156000,1,1,1.0,1,154363.25,10701.0,48374.0,9415.0,45353.25,29018.0,55.0,2,22967.0,36309.22,6023.5,9,21,25583.0,32541.0,59913.0,2,9,17000.0,Y,5009.98,current,M,56,HIGH,28.8,9,330.0,1,3.0
1327,13384,6825.0,25019.0,15261.0,13336.0,909.86,4358.0,2007.0,7.0,1,87,26,37,2,25000,1,1,1.0,1,8209320.0,66.0,12560.0,9827.0,84832.01,183954.0,20.0,4,31925.0,24650.99,28442.0,3,11,43775.0,143301.66,29973.0,14,73,10892.0,Y,5196.34,current,F,37,LOW,5.1000000000000005,10,539.0,1,19.0
1328,11870,6726.0,3084.13,12601.65,14509.22,29884.0,10212.0,2683.35,12.0,10,49,6,6,39,170000,1,1,1.0,1,120781.35,191000.0,105000.0,-4612.00977,958454.78,130257.37,55.0,3,53665.0,41393.0,45468.0,11,23,28036.0,134640.96,27472.43,3,63,72.0,Y,5196.34,saving,F,64,MEDIUM,17.6,7,818.0,1,17.0
1329,351,10188.0,2801.8,3033.6,20280.84,15342.0,406.0,1534.0,80.0,10,87,3,1,4,184000,1,1,1.0,1,1831780.84,78050.0,155205.0,10455.0,39268.25,133493.0,4.0,35,29420.0,183190.49,23881.0,6,108,26537.0,67260.87,60855.0,7,65,13172.61,Y,102216.02,current,M,53,MEDIUM,29.700000000000003,6,536.0,0,17.0
1330,131,19144.0,20817.0,2232.0,12138.1,3464.0,15337.27,3765.8,25.0,8,9,4,11,11,524000,1,1,1.0,1,31845.5,50034.93,462.0,35346.0,82184.42,1183.68,42.0,1,102637.0,84993.49,40768.26,0,7,21991.0,57332.73,69543.2,11,96,68409.0,Y,0.0,current,M,47,MEDIUM,2.7,3,638.0,1,19.0
1331,18142,923.0,1796.3,25214.0,3106.93,3601.0,5306.605,71638.0,6.0,99,8,1,2,47,505000,1,1,1.0,1,63247.65,138475.4,130000.0,8572.0,33136.75,81566.41,52.0,36,121012.0,64262.21,7169.0,4,82,60000.0,59460.49,120114.09,62,24,43627.0,Y,3146.91,current,M,53,LOW,6.6000000000000005,7,386.0,0,8.0
1332,764,2017.0,3423.85,2895.1,6063.05,1805.5,2216.56,9407.0,52.0,65,11,24,55,91,520000,1,1,1.0,1,168265.55,208652.0,16215.0,277.0,102038.03,73078.5,12.0,2,12780.0,31925.77,37489.5,3,8,33176.0,31573.64,106608.73,4,11,31610.0,Y,3558.0,saving,M,53,MEDIUM,9.9,1,710.0,1,5.0
1333,5737,14524.0,27744.54,5020.48,37730.0,2722.93,754.0,3501.5,37.0,128,5,53,31,42,329000,1,1,1.0,1,70310.6,26001.0,54101.0,0.0,29143.29,88695.0,46.0,0,56523.0,70061.87,4221.5,0,75,24961.0,81795.56,17795.0,7,1,34256.0,Y,830.71,current,F,222,MEDIUM,161.60000000000002,4,296.0,1,12.0
1334,15445,4168.0,3126.0,6942.0,505.52,1376.0,5419.675,3891.73,12.0,1,46,4,6,56,556000,1,1,1.0,1,138272.2,482147.0,20000.0,-4679.0,5262.94,30115.0,24.0,1,74787.0,40250.0,64128.86,3,59,26036.0,14475.0,1755.0,9,68,28549.0,Y,1767.58,saving,M,38,LOW,10.8,10,516.0,0,18.0
1335,14641,7752.0,21077.6,552.0,12798.83,6490.08,6308.0,7458.82,4.0,19,32,1,31,6,58000,1,1,1.0,1,89908.8,1475000.0,28985.0,1444.0,88916.95,20350.0,32.0,15,12714.0,13586.85,27248.75,2,13,45485.0,12000.25,495690.0,3,8,41392.61,Y,4521.93,current,F,47,MEDIUM,24.3,10,299.0,1,13.0
1336,2756,13260.0,32528.0,10105.0,7049.4,27860.0,9642.285,1159.0,6.0,77,44,1,4,34,170000,1,1,1.0,1,225823.8,61022.63,15654.0,-4679.0,172847.75,6414.0,94.0,3,14610.0,21706.42,98194.74,7,50,24734.0,74111.75,77781.0,2,104,17606.0,Y,454.56,current,M,223,LOW,162.4,2,394.0,0,18.0
1337,12517,16180.0,39487.47,1730.0,6689.32,1801.39,1461.25,3461.0,63.0,10,110,24,2,12,17000,1,1,1.0,1,63073.6,10701.0,100000.0,5773.0,27560.22,66557.72,11.0,5,17336.0,45606.44,107455.79,2,78,43176.0,33978.42,28137.0,43,22,32705.99,Y,1108.2,current,M,32,MEDIUM,10.8,2,743.0,0,5.0
1338,1526,6480.0,27448.66,2618.06,71666.13,1243.0,19902.0,4544.0,92.0,3,105,48,2,4,184000,1,1,1.0,1,204.0,12971.0,46000.0,167.0,23744.55,125056.22,86.0,6,36570.0,81287.5,203642.0,4,35,39419.0,56620.62,80543.0,21,80,15543.0,Y,380.49,current,M,62,MEDIUM,33.6,3,683.0,1,12.0
1339,19600,14926.0,2887.03,128.5,5270.8,10246.0,5561.125,2369.0,531.0,84,23,22,71,2,87000,1,1,1.0,1,180615.02,14000.0,800.0,-6281.37987999999,45356.71,85831.4,11.0,35,28728.0,54642.5,15172.57,43,87,568.0,5594.0,32707.0,47,104,26117.0,Y,25375.27,current,M,31,MEDIUM,3.3000000000000003,3,464.0,0,17.0
1340,4359,8845.0,10297.04,153.14,1762.0,321.79,64221.5,431.28,2.0,128,3,1,31,16,98000,1,1,1.0,1,158135.2,119898.8,49000.0,20513.0,52222.03,598255.0,11.0,36,69995.0,213.52,2180.43,6,20,138.67,23512.0,132.0,94,8,438929.0,Y,2928.41,current,M,118,LOW,58.800000000000004,9,465.0,1,8.0
1341,14422,11759.0,15527.87,15635.0,10237.59,921.0,19280.0,5217.0,57.0,43,60,24,51,13,199999,1,1,1.0,1,1982892.29,79828.0,15756.0,3735.0,281533.32,37961.56,7.0,4,36635.0,51684.75,140460.18,24,69,30498.0,23713.0,98353.0,5,40,12449.0,Y,1548.51,current,M,30,MEDIUM,5.0,1,928.0,0,2.0
1342,2707,15725.0,12054.84,1063.23,18004.0,101.0,4498.7,9563.03,24.0,5,29,45,1,37,138000,1,1,1.0,1,67833.35,290000.0,1630.0,12965.0,34538.0,166345.0,42.0,4,25541.0,154644.66,22818.0,5,4,105.84,82576.5,32915.0,22,49,15125.0,Y,696.74,current,M,55,MEDIUM,3.5,4,766.0,1,16.0
1343,10946,13827.0,8096.63,18683.0,21246.0,4107.91,320.21,3143.36,4.0,3,105,24,6,36,184000,1,1,1.0,1,6100.0,51000.0,12016.0,0.0,172700.03,37114.0,43.0,29,19417.0,21735.0,165098.0,2,1,145317.0,204167.18,431682.0,3,43,31108.0,Y,6236.79,current,M,31,MEDIUM,1.1,9,866.0,1,11.0
1344,2229,14505.0,38407.81,717.0,5041.61,2223.0,3482.49,1389.0,531.0,10,69,21,1,3,306000,1,1,1.0,1,24832.0,429273.4,33774.0,5340.0,83076.5,8175.0,42.0,30,43484.44,37865.92,301.48,0,84,53508.0,21197.0,21590.75,41,0,25144.0,Y,781.77,saving,F,44,MEDIUM,21.6,4,354.0,1,12.0
1345,10514,15834.0,1874.84,1414.5,5762.54,4591.62,27696.22,276.96,10.0,66,9,4,5,1,408000,1,1,1.0,1,825.0,100934.0,49975.0,1014.0,37551.87,69133.37,4.0,7,35728.0,14314.9,248766.0,2,50,103685.0,38391.67,19690.5,6,113,11568.0,Y,2660.04,current,M,47,MEDIUM,27.0,9,538.0,0,18.0
1346,12912,5228.0,30768.08,4381.31,9826.55,1623.0,10728.25,26624.0,24.0,27,89,18,23,1,232000,1,1,1.0,1,871.5,245000.0,2644.0,-6885.0,52508.01,61323.0,11.0,3,19469.0,29294.72,268116.0,35,8,22220.0,48947.76,134374.0,47,63,28437.0,Y,10815.9,current,M,28,MEDIUM,7.2,10,748.0,1,5.0
1347,17815,112830.0,2126.76,290.0,10656.5,38.0,9398.0,4450.5,1.0,2,1,1,2,6,125000,1,1,1.0,1,13180.0,32000.0,13873.0,-5439.0,59239.45,69489.0,23.0,35,39424.0,47454.33,173837.0,2,82,36914.0,81674.54,14787.0,7,83,19079.0,Y,12914.51,saving,F,35,MEDIUM,7.5,5,374.0,1,8.0
1348,12070,15152.0,9277.0,6189.05,30569.31,913.4,3782.39,2189.0,9.0,34,44,24,55,98,381000,1,1,1.0,1,89908.8,78050.0,583.0,2337.0,18618.25,60728.88,6.0,35,9497.69,28949.25,121084.37,6,49,581.0,78047.15,155263.0,93,73,489.0,Y,91.4,current,M,58,MEDIUM,38.0,7,325.0,1,6.0
1349,84,96136.0,5928.46,6432.0,11123.03,15155.02,8391.28,824.04,92.0,56,6,18,9,1,525000,1,1,1.0,1,9717.55,409808.0,492.0,-5998.43994,11260.25,35756.0,5.0,36,17930.0,84711.32,44636.0,9,23,32452.0,397.57,45864.0,13,14,128600.95,Y,1693.78,current,M,44,MEDIUM,14.4,2,247.0,0,7.0
1350,12341,6260.0,66816.19,5821.0,45147.17,4262.0,3538.0,13587.37,7.0,1,11,48,31,1,16000,1,1,1.0,1,360978.37,187788.1,48950.0,12965.0,9259.48,90028.0,16.0,1,35381.0,42486.45,27750.0,5,75,379628.0,10734.0,71652.29,1,18,197161.0,Y,7967.29,current,M,33,MEDIUM,3.9000000000000004,6,354.0,1,20.0
1351,10918,17771.0,1012.0,424.3,46482.0,833.0,14836.0,991.0,2.0,9,73,2,4,47,216000,1,1,1.0,1,19866.0,5241.0,12337.0,1429.0,23321.07,37729.0,62.0,43,48519.0,16042.01,301116.04,43,81,21894.0,44131.07,95028.0,9,58,26247.0,Y,706.24,current,M,30,MEDIUM,1.0,10,366.0,1,11.0
1352,17918,172288.0,7683.46,534.7,4881.0,8789.44,458.28,4183.45,80.0,18,6,22,25,7,49999,1,1,1.0,1,4140.0,1244.14,300500.0,5464.0,18541.0,140429.0,18.0,1,75622.0,42698.38,16676.0,4,13,53180.0,47343.34,91233.0,47,73,32721.0,Y,2202.47,current,M,66,MEDIUM,32.2,6,374.0,1,2.0
1353,15225,10272.0,29602.8,3709.0,6008.61,7994.72,1559.5,3878.0,9.0,601,50,18,62,36,579000,1,1,1.0,1,544500.0,1628.0,15477.0,2008.0,8787.0,45481.0,42.0,5,36300.0,79524.5,68257.0,2,75,27600.0,133145.34,28598.0,12,42,28257.0,Y,9708.68,current,M,34,MEDIUM,5.6000000000000005,7,974.0,0,10.0
1354,11076,17473.0,2314.85,3658.01,17818.89,12111.84,5686.0,1090.16,16.0,7,14,25,4,26,567000,1,1,1.0,1,1615.2,86000.0,3850.0,0.0,13455.0,12785.0,55.0,1,32881.0,41183.49,60059.0,3,5,20235.0,31030.28,32873.0,39,73,1275.0,Y,2301.72,current,M,66,MEDIUM,13.8,10,710.0,1,6.0
1355,19280,11171.0,7864.0,7630.48,4400.63,4622.23,735.0,1155.0,2.0,18,47,1,2,10,414000,1,1,1.0,1,76122.87,197800.0,49975.0,-5439.0,196900.04,68194.37,77.0,6,84386.0,24793.5,72986.5,4,20,17629.0,43181.27,78398.18,21,3,45719.0,Y,1889.22,saving,M,30,HIGH,7.0,2,766.0,1,7.0
1356,506,18254.0,11456.23,8203.73,43940.77,5123.0,11272.815,5347.43,4.0,47,64,24,2,30,272000,1,1,1.0,1,168265.55,300000.0,19176.0,4856.0,245747.75,62287.79,20.0,4,312000.0,52504.42,19167.49,3,82,41776.0,137594.14,117330.0,2,11,82150.0,Y,22219.32,saving,M,33,HIGH,3.9000000000000004,7,860.0,1,19.0
1357,10021,31209.0,29824.26,8442.0,82906.62,5673.83,4149.0,5315.0,57.0,6,20,60,7,1,359000,1,1,1.0,1,197067.2,156215.3,891.0,6885.0,48046.53,19096.55,52.0,4,11919.0,142739.77,23697.0,16,82,27884.0,61262.5,301107.0,22,9,38342.0,Y,7856.84,saving,M,60,MEDIUM,40.0,7,566.0,1,7.0
1358,265,11996.0,29696.8,4340.54,6757.8,1577.0,7681.35,16335.0,6.0,61,10,44,2,1,198000,1,1,1.0,1,8556.25,273221.0,536.0,10455.0,43757.25,18785.88,4.0,19,32451.0,32590.0,48474.72,4,17,30852.0,38371.04,22429.0,47,83,29478.0,Y,12780.44,current,M,66,LOW,13.8,4,802.0,1,3.0
1359,5324,327216.0,65366.37,11335.3,1063.52,33405.0,12484.0,813.59,44.0,36,2,24,2,2,155000,1,1,1.0,1,690.0,31730.49,33774.0,3735.0,46277.0,103340.2,23.0,0,17914.0,70838.93,19904.84,1,50,12675.0,38993.09,77050.0,3,6,43700.0,Y,7151.5,current,M,66,MEDIUM,18.400000000000002,7,385.0,1,20.0
1360,3960,4228.0,4762.92,201544.79,37652.05,3063.0,13117.9,589.52,17.0,60,13,53,1,1,564000,1,1,1.0,1,116.0,5350.0,8333.0,1444.0,28171.0,35711.0,55.0,17,17361.0,113684.51,163.86,31,81,22055.0,21969.03,23695.75,4,73,27606.0,Y,7375.92,saving,F,35,MEDIUM,1.5,5,743.0,1,17.0
1361,1559,7789.0,9041.0,314.88,1248.0,37483.84,10912.0,676.0,10.0,46,32,8,2,2,199999,1,1,1.0,1,59703.93,240000.0,15654.0,6916.0,49630.79,30372.0,15.0,4,35183.0,85676.54,57007.0,1,108,12412.0,71587.64,105788.29,3,15,123500.0,Y,2677.75,saving,M,33,LOW,3.9000000000000004,8,355.0,1,3.0
1362,8414,12841.0,24988.72,2232.0,3097.93,23568.58,3179.955,7697.0,56.0,23,60,7,6,42,369000,1,1,1.0,1,140291.6,356899.37,1526.0,0.0,25562.81,1334.0,22.0,7,31354.0,119593.67,27037.0,4,70,3922.0,197930.12,38706.0,5,58,2340.0,Y,920.75,current,F,27,MEDIUM,6.300000000000001,3,753.0,0,12.0
1363,7006,14186.0,4595.18,976.01,1665.93,3259.0,11972.6,1962.0,4.0,1,50,1,7,20,147000,1,1,1.0,1,331.2,280000.0,20887.0,1411.0,337419.35,2515.0,32.0,19,20480.0,178.58,61986.0,2,20,58926.0,23093.93,2474.0,9,58,22027.0,Y,135.08,current,M,56,MEDIUM,18.0,4,686.0,0,4.0
1364,3131,17756.0,4453.28,3072.0,3444.07,3994.58,42109.0,656.0,43.0,67,4,2,24,8,533000,1,1,1.0,1,6440.0,32714.0,230000.0,5730.0,88635.19,53600.88,46.0,4,62715.0,19621.76,10799.0,1,29,20832.0,23928.75,9203.0,11,120,106446.0,Y,5838.39,current,M,32,MEDIUM,6.0,10,958.0,0,12.0
1365,11335,5868.0,12422.5,17870.0,11218.5,2930.68,2370.0,758.0,43.0,22,49,48,1,79,306000,1,1,1.0,1,37916.0,76157.6,25508.0,1411.0,20052.68,276368.5,36.0,23,72879.6,23291.88,21734.0,42,12,3386.0,86610.1,23153.0,21,52,66592.0,Y,786.61,saving,F,25,MEDIUM,0.5,10,506.0,0,2.0
1366,694,307490.0,28867.69,2973.08,1917.0,2821.0,30087.3,7011.0,63.0,20,38,5,3,17,552000,1,1,1.0,1,11878.6,2625.16,7504.0,12174.0,60439.85,59574.91,11.0,36,39060.0,27269.69,29273.0,3,59,7742.0,90300.0,131759.0,9,11,26848.77,Y,12608.0,current,M,60,MEDIUM,24.0,1,516.0,0,13.0
1367,1877,127655.0,9956.5,2854.21,31404.15,17953.82,12939.0,969.0,63.0,66,6,1,6,6,102000,1,1,1.0,1,3786.9,232524.0,925.0,8572.0,20326.5,24768.0,46.0,36,11433.0,116880.87,28740.0,5,12,56355.0,22774.17,28223.0,5,12,50518.0,Y,482.96,current,M,60,MEDIUM,16.0,2,866.0,1,9.0
1368,286,171689.0,3677.84,3755.0,3715.65,6670.0,5942.325,940.05,66.0,4,46,1,62,10,525000,1,1,1.0,1,41883.6,16671.0,11379.0,6885.0,86032.47,74634.46,4.0,26,56606.0,48761.34,29556.0,1,12,30543.0,305660.75,196078.8,4,22,304.0,Y,349.82,saving,M,64,MEDIUM,4.4,2,488.0,1,9.0
1369,1493,10221.0,1722.0,8851.0,8274.0,1934.0,902.28,541.64,17.0,128,50,57,11,79,178000,1,1,1.0,1,2173459.0,560000.0,787.0,2351.0,28969.05,19017.0,35.0,0,121012.0,61830.02,119639.0,4,12,24192.0,20125.22,21752.0,1,13,61071.0,Y,7457.74,saving,M,37,MEDIUM,1.7000000000000002,10,245.0,0,8.0
1370,10586,16050.0,14482.07,10506.0,8463.79,3483.0,25595.125,942.2,9.0,2,105,2,3,54,315000,1,1,1.0,1,53374.97,41813.0,3570.0,8723.0,310671.75,67865.0,42.0,35,23281.0,35534.01,148135.36,2,1,30023.0,110232.56,43345.0,2,50,34101.0,Y,10055.05,current,F,46,MEDIUM,7.800000000000001,1,486.0,0,14.0
1371,5222,6462.0,1977.6,11042.54,27284.69,2229.44,10055.0,4580.0,1.0,84,74,2,2,79,324000,1,1,1.0,1,331.2,31000.0,13873.0,-12179.0,2821.0,30524.0,0.0,2,22539.27,22582.9,222162.0,6,13,19684.0,83736.24,128378.0,3,63,18078.0,Y,1144.92,current,M,55,LOW,24.5,3,882.0,1,14.0
1372,173,5739.0,64135.42,3753.0,5629.81,1155.0,9136.21,831.88,14.0,23,50,1,56,68,520000,1,1,1.0,1,71191.8,34120.0,126001.0,20513.0,36478.96,53508.0,32.0,31,15690.0,104133.44,12656.0,3,63,74970.31,28298.52,40681.0,3,14,14676.0,Y,4217.94,current,M,47,MEDIUM,2.7,6,267.0,1,9.0
1373,13235,215052.0,9324.17,505.0,1379.0,1646.0,8139.605,1884.0,2.0,5,89,3,17,8,494000,1,1,1.0,1,800.8,152391.0,3570.0,10455.0,120354.08,82400.29,39.0,3,26878.0,22249.76,52620.0,17,20,19549.0,39123.3,27170.27,3,58,44339.0,Y,9925.36,current,M,28,MEDIUM,8.0,6,366.0,0,17.0
1374,2415,30072.0,39266.23,2161.0,3700.5,8813.0,4450.325,5256.0,531.0,66,4,57,1,34,139999,1,1,1.0,1,55458.53,248710.0,300500.0,12965.0,71925.0,100567.0,36.0,35,14908.0,92848.75,105215.57,9,7,15167.0,56362.52,22270.0,2,0,30435.0,Y,1584.63,current,M,46,HIGH,26.0,10,537.0,1,17.0
1375,4235,5713.0,2293.42,13451.35,1931.81,5597.0,18041.0,2684.5,10.0,42,38,5,16,10,74100,1,1,1.0,1,5809950.0,29479.0,925.0,0.0,66061.94,14957.0,6.0,3,11524.0,2933.0,100159.0,4,87,16951.2,37204.23,1912.85,14,75,48763.0,Y,1515.14,current,M,33,MEDIUM,1.3,6,737.0,1,4.0
1376,11688,126.0,5314.94,248.69,552.49,3693.96,2512.0,959.27,5.0,84,67,2,3,98,232000,1,1,1.0,1,960000.0,589.39,1001.0,5730.0,51884.23,53139.0,41.0,2,15899.0,294673.03,64426.0,0,29,109767.0,8690.28,46509.94,12,24,1275.0,Y,5629.76,saving,F,32,MEDIUM,2.4000000000000004,1,748.0,0,14.0
1377,7802,3650.0,3798.965,14482.0,4745.82,2039.0,1341.0,2683.35,104.0,36,3,1,18,79,447000,1,1,1.0,1,12510.0,470000.0,33774.0,2351.0,41745.76,70316.5,29.0,5,31515.0,122026.78,49490.78,2,108,159968.0,175824.75,88669.73,7,11,24555.0,Y,1047.76,current,M,63,LOW,12.9,3,737.0,1,6.0
1378,3252,3347.0,28925.56,7349.61,43109.56,11232.3,1173.83,200.0,66.0,27,38,57,4,55,520000,1,1,1.0,1,48675.31,64309.52,3570.0,-4664.0,28148.17,35054.0,39.0,26,54792.0,8299.0,303620.0,1,8,19399.0,18303.45,73187.0,14,11,30193.0,Y,2003.87,saving,M,50,MEDIUM,21.0,2,633.0,1,16.0
1379,13986,83028.0,14620.0,8640.32,5632.0,502.5,8071.5,7779.0,10.0,66,16,35,3,3,383000,1,1,1.0,1,720551.4,119898.8,8060.0,5439.0,7150.25,38392.0,2.0,2,21074.0,156512.5,25616.0,0,12,13808.0,23293.38,265278.0,9,58,24327.0,Y,4248.92,current,M,47,LOW,13.5,2,508.0,0,6.0
1380,10298,11929.0,1204.3,361.0,6720.84,5118.0,16078.0,463.73,57.0,13,50,1,2,6,525000,1,1,1.0,1,1665.0,252369.0,130000.0,173.0,15074.45,29093.5,70.0,43,6895.0,34221.64,196484.5,47,42,18168.0,49269.93,43533.0,94,8,108884.0,Y,2843.48,current,M,44,MEDIUM,24.0,5,394.0,0,13.0
1381,11100,16854.0,39658.0,23128.0,4798.23,3787.75,36608.5,272.0,7.0,83,47,30,55,39,198000,1,1,1.0,1,15079.5,237365.38,14904.0,-7652.0,459648.55,125308.0,36.0,43,99998.0,35057.14,140530.73,3,11,152348.0,49460.33,34548.0,2,113,284.0,Y,2072.75,current,M,34,MEDIUM,1.4000000000000001,7,802.0,1,11.0
1382,617,337736.0,13861.14,2289.0,7649.34,6563.02,16641.0,7458.82,23.0,77,82,20,4,17,523000,1,1,1.0,1,4720.0,186474.96,500718.0,9827.0,59519.46,50678.0,15.0,19,35728.0,19783.52,17856.0,3,70,45238.34,131869.75,41330.0,11,38,54321.0,Y,2204.48,current,M,34,LOW,2.8000000000000003,8,867.0,0,13.0
1383,19233,288220.0,50979.91,2684.0,249.0,3476.14,19202.69,2451.0,56.0,42,84,60,20,47,595000,1,1,1.0,1,9649.6,46500.0,73501.0,-5998.43994,41127.1,96480.51,69.0,4,37548.0,102197.09,22121.74,2,2,42568.0,147067.05,582.0,4,72,44378.0,Y,12610.21,saving,M,33,MEDIUM,9.1,7,505.0,1,3.0
1384,6996,1373.0,2798.49,390.0,1386.04,11974.77,18530.845,7281.0,52.0,7,10,11,3,8,345000,1,1,1.0,1,192215.0,470000.0,5981.0,1245.0,58257.96,59918.0,63.0,5,42436.0,11554.25,21167.0,2,4,48516.0,130330.39,101632.0,18,15,25879.0,Y,7565.15,current,M,58,MEDIUM,19.0,2,516.0,1,6.0
1385,14601,5119.0,2933.34,1399.0,11166.66,1121.28,60679.0,10044.0,32.0,128,60,8,55,10,44000,1,1,1.0,1,331.2,136000.0,73217.0,-5942.0,30827.81,5252.0,35.0,4,25794.0,49015.84,109081.5,2,69,43589.0,148340.26,41153.0,62,63,60151.0,Y,6205.85,current,F,42,HIGH,2.2,6,574.0,0,12.0
1386,18355,3646.0,59001.19,4389.0,36303.0,9404.63,1229.04,10279.0,7.0,65,17,2,4,44,720000,1,1,1.0,1,3101.3,120000.0,2644.0,0.0,147922.25,88542.0,42.0,3,44839.0,16087.38,2521.0,30,20,41500.0,23862.6,26333.79,4,13,31908.0,Y,12373.58,current,M,42,MEDIUM,13.200000000000001,4,966.0,1,14.0
1387,14980,11432.0,2222.98,4573.0,5626.5,11077.66,13964.11,5561.0,26.0,85,35,2,1,11,212500,1,1,1.0,1,38566.25,7576.0,183999.0,-5998.43994,32058.1,34998.0,4.0,26,401274.0,9183.55,11047.0,4,20,1145.0,18550.0,24160.0,22,32,16762.0,Y,3192.17,current,M,120,MEDIUM,20.0,10,743.0,1,12.0
1388,18749,2887.0,18352.0,2470.26,13257.81,1088.0,4134.75,12803.75,92.0,67,20,5,1,5,472000,1,1,1.0,1,526491.3,138732.3,300500.0,-4679.0,9793.88,35699.0,42.0,36,48878.0,104186.79,66959.38,70,108,14300.0,376108.78,24238.0,6,32,15267.0,Y,1254.52,current,M,47,MEDIUM,21.6,9,867.0,1,13.0
1389,7787,164.0,21667.6,3244.86,13554.0,2930.0,2077.94,11886.0,16.0,85,64,6,2,8,263000,1,1,1.0,1,96218.53,201000.0,6738.0,-5998.43994,47471.0,24738.5,48.0,19,20990.0,11954.0,62389.0,1,171,251.25,35419.4,71267.5,4,106,64305.0,Y,2161.21,current,M,61,MEDIUM,36.9,7,958.0,1,13.0
1390,15930,127223.0,25312.18,2132.0,7840.18,962.0,395.0,3150.8,2.0,3,49,8,2,79,59000,1,1,1.0,1,41883.6,152664.0,4198.0,-3506.17993,125665.25,2223.72,11.0,1,21257.0,26853.0,32757.0,9,25,22169.0,162191.78,30884.5,5,83,20683.0,Y,9636.27,current,M,27,MEDIUM,5.6000000000000005,8,299.0,0,2.0
1391,5422,337170.0,11261.39,402.0,7287.49,2699.22,7996.0,6324.0,100.0,26,44,42,4,54,329000,1,1,1.0,1,21511.8,107639.28,583.0,5439.0,6184.02,98064.91,55.0,31,13600.0,66459.38,23106.0,43,7,98988.0,52805.0,11509.04,3,104,16749.0,Y,899.06,current,M,38,MEDIUM,5.4,7,330.0,1,20.0
1392,14093,17389.0,86460.53,321.23,3553.96,3686.0,7408.0,1355.05,3.0,85,5,2,71,1,267000,1,1,1.0,1,506688.65,1244.14,24094.0,6916.0,10313.0,35839.0,42.0,15,10989.0,13581.0,39325.0,1,11,106349.4,38019.79,31529.43,7,124,130000.0,Y,4675.41,saving,M,32,HIGH,10.8,7,698.0,1,4.0
1393,9639,18558.0,8103.2,2025.92,855.61,748.38,4569.265,11968.0,8.0,10,50,24,14,2,845000,1,1,1.0,1,15279.79,201000.0,30000.0,553.0,63457.42,77268.0,23.0,4,26511.0,16071.41,2478.0,7,6,37413.0,32240.14,40173.0,62,22,11388.0,Y,140047.86,current,M,53,MEDIUM,13.200000000000001,9,762.0,1,20.0
1394,1712,5279.0,19153.0,2034.0,6658.56,4167.44,17953.83,4005.0,6.0,3,102,4,6,80,369000,1,1,1.0,1,233727.15,24703.0,25728.0,6916.0,59646.26,1051552.35,42.0,1,25661.0,19346.0,161515.0,3,67,21476.0,243952.8,38392.5,21,83,24127.0,Y,1364.13,current,M,37,HIGH,13.600000000000001,9,258.0,1,8.0
1395,12841,12081.0,1864.85,5677.0,2112.49,36370.8,4910.0,11080.5,8.0,19,67,3,4,47,326000,1,1,1.0,1,29424.37,237365.38,69493.0,6916.0,63337.64,3120.0,2.0,26,27875.0,130306.82,49792.0,6,7,31945.0,29985.25,71038.0,4,2,28405.0,Y,5511.79,saving,M,40,LOW,18.0,3,911.0,1,15.0
1396,19751,291777.0,13097.65,2468.18,3031.0,3718.0,7884.0,6508.58,60.0,6,49,1,3,1,358000,1,1,1.0,1,53374.97,88482.8,28985.0,10455.0,12875.41,933699.0,70.0,23,36029.0,5870.46,8061.0,11,5,32457.0,69229.25,23826.0,9,79,24914.0,Y,2791.94,saving,M,27,MEDIUM,0.7000000000000001,5,268.0,1,11.0
1397,5660,126818.0,2933.04,1630.57,507.0,73591.63,560.57,3704.0,7.0,65,82,8,3,1,461000,1,1,1.0,1,12510.0,409168.15,1036.0,12174.0,49858.64,66942.0,3.0,25,17668.0,124667.88,30888.0,1,70,65476.0,86389.85,38265.33,19,12,663.0,Y,19784.13,saving,M,60,MEDIUM,16.0,6,254.0,1,10.0
1398,15779,18728.0,6991.0,10049.82,25403.54,2156.0,2546.155,1422.0,2.0,23,14,62,38,1,400000,1,1,1.0,1,5809950.0,106398.0,30011.0,-5942.0,43830.75,114260.0,9.0,9,15452.0,60039.44,103172.0,6,40,2838.0,50114.32,66178.0,14,49,18275.0,Y,7378.62,current,M,53,LOW,19.8,9,945.0,1,8.0
1399,11515,5058.0,3611.42,11662.0,10926.4,6100.0,26396.925,6535.4,92.0,66,4,2,1,22,17000,1,1,1.0,1,347309.75,25404.0,492.0,5439.0,874981.43,199117.0,46.0,2,54923.0,86215.45,57660.0,45,63,73960.0,40558.0,58487.0,38,12,27606.0,Y,15221.31,current,M,32,MEDIUM,3.6,2,523.0,1,16.0
1400,663,131.0,26439.82,34254.0,5728.96,489.72,4398.0,8363.88,5.0,9,135,1,5,79,49999,1,1,1.0,1,139323.25,9866.01,12611.0,5730.0,4441.0,32126.0,55.0,5,94000.0,18684.0,32502.0,12,11,32520.0,26289.67,4390.33,7,76,24257.0,Y,8786.83,current,F,55,LOW,24.5,2,614.0,1,18.0
1401,6209,11574.0,17165.35,2361.55,11923.0,14004.19,3087.0,3431.0,4.0,36,82,1,2,80,286000,1,1,1.0,1,39851.93,91747.0,5797.0,6885.0,573.5,41206.91,46.0,4,50594.0,190374.25,126746.0,10,7,21039.0,20746.44,41186.42,47,18,25406.0,Y,131226.86,current,F,42,MEDIUM,17.6,9,626.0,1,19.0
1402,2379,13760.0,19779.555,534.7,4332.92,5396.96,1017.73,1204.12,4.0,2,4,45,4,5,294000,1,1,1.0,1,250631.8,35421.67,24251.0,5340.0,81945.75,38982.0,23.0,4,19946.0,50418.07,275271.0,31,69,30700.0,113789.9,401.0,21,21,15054.1,Y,5692.15,current,M,33,MEDIUM,10.4,4,626.0,1,19.0
1403,7655,8786.0,13729.39,701.26,6166.85,1454.0,14325.34,1252.22,44.0,18,50,4,2,41,147000,1,1,1.0,1,1424.5,280000.0,16004.0,1465.0,25348.5,15729.0,4.0,1,37746.0,39559.7,61274.0,4,20,7384.0,137798.58,37542.5,13,52,19105.0,Y,5037.9,current,F,27,MEDIUM,4.9,10,372.0,1,5.0
1404,14993,125468.0,5214.0,14261.0,947.84,2800.0,63507.94,9089.0,26.0,3,35,1,14,47,34000,1,1,1.0,1,30895.44,8000.0,38599.0,6613.0,42061.15,5800.0,62.0,30,41090.0,26468.0,160957.0,1,20,35443.0,136484.77,21966.0,3,24,86035.0,Y,4292.75,current,F,31,MEDIUM,1.1,3,516.0,1,15.0
1405,17180,11529.0,28832.62,3554.4,6341.0,1513.0,612.99,3184.0,44.0,11,64,50,2,13,533000,1,1,1.0,1,253302.0,52098.99,183999.0,12415.0,32790.55,24117.0,42.0,1,47091.0,260987.04,73762.0,20,35,70.36,244654.35,91090.5,117,9,24287.0,Y,9921.56,current,F,32,MEDIUM,1.2000000000000002,1,723.0,1,13.0
1406,319,326668.0,6991.0,921.0,9553.93,1439.0,1510.0,5683.0,1.0,3,64,25,1,2,17000,1,1,1.0,1,1665.0,85300.0,583.0,5773.0,45568.0,427895.0,46.0,0,25.0,26890.9,131990.0,1,67,89773.0,22587.16,96936.0,5,103,28601.0,Y,2016.93,current,M,29,HIGH,4.5,3,503.0,1,17.0
1407,19317,38465.0,4173.43,41762.0,15746.06,3483.0,1659.5,12528.0,124.0,7,50,11,25,1,226000,1,1,1.0,1,138272.2,25404.0,38599.0,886.0,111991.68,33125.0,16.0,1,53568.0,199983.46,72634.0,0,7,66.0,39342.48,34845.0,2,107,24671.15,Y,340.62,current,M,53,MEDIUM,3.3000000000000003,6,958.0,0,13.0
1408,12441,6389.0,22229.24,10966.59,18413.2,6038.72,40161.27,603.64,101.0,66,47,4,25,47,114000,1,1,1.0,1,29424.37,152664.0,20000.0,6885.0,45652.0,152525.0,12.0,2,156049.0,53764.6,259593.18,6,9,46796.0,158137.57,85677.0,3,67,45122.0,Y,3096.04,current,M,221,MEDIUM,80.4,10,536.0,1,11.0
1409,12344,2685.0,21729.0,4019.3,11092.13,2975.13,3680.885,1263.0,3.0,18,117,15,14,1,362000,1,1,1.0,1,15079.5,186474.96,3792.0,-5439.0,24123.23,34607.82,46.0,1,13750.0,62386.75,237711.0,6,26,208759.0,32767.1,58764.26,6,133,100284.54,Y,8417.75,saving,M,29,MEDIUM,4.5,1,683.0,1,7.0
1410,2819,17360.0,11298.0,5162.01,9926.465,1168.0,10335.44,3035.65,531.0,23,50,2,1,1,408000,1,1,1.0,1,59703.93,167870.79,768.0,0.0,36478.96,124859.12,67.0,1,22790.0,85891.01,12250.0,2,31,72111.0,50121.3,45214.0,21,18,21660.0,Y,14546.85,current,M,47,LOW,5.4,2,488.0,0,4.0
1411,6708,340220.0,5921.65,5413.02,4610.0,986.68,14969.0,6843.0,60.0,1,49,47,1,98,403000,1,1,1.0,1,10006.2,52000.0,1633.0,12174.0,60100.81,10701.5,12.0,7,17257.0,19355.0,140509.0,6,78,53823.0,89859.56,25006.0,5,96,51400.0,Y,4677.62,current,M,39,LOW,15.200000000000001,9,801.0,1,10.0
1412,2943,130604.0,6448.675,3331.0,2116.76,2930.0,18041.0,3264.0,92.0,2,60,24,12,4,319000,1,1,1.0,1,12328.75,992890.32,1611.0,-5998.43994,32111.25,54849.0,20.0,31,17202.0,20804.75,49046.0,2,81,4501.0,97828.13,22671.0,2,22,62677.0,Y,1553.16,current,M,55,LOW,10.5,6,511.0,0,17.0
1413,11765,839.0,19320.77,4022.52,6808.19,5338.0,201.0,254.88,3.0,1,50,50,12,4,212500,1,1,1.0,1,124064.65,46500.0,49975.0,8723.0,21410.5,5135.0,147.0,31,41426.0,29530.44,31316.0,1,5,25603.0,46531.31,12861.79,21,24,24862.19,Y,1125.08,saving,M,33,MEDIUM,5.2,8,505.0,1,3.0
1414,2491,13284.0,5745.43,3111.0,3474.5,236.12,11021.095,638.0,6.0,5,4,10,9,37,378000,1,1,1.0,1,1664.4,43397.0,37274.0,-5998.43994,45607.91,57279.15,50.0,0,12889.0,40180.75,21016.0,43,34,12078.0,9751.02,59686.75,94,104,24900.0,Y,6764.79,current,M,60,MEDIUM,36.0,2,958.0,1,11.0
1415,4013,221722.0,7449.26,1143.52,21935.22,1063.0,14237.165,2404.82,8.0,43,52,24,5,98,750000,1,1,1.0,1,322.02,280000.0,1143.0,0.0,38595.05,54483.0,68.0,1,92219.0,38598.29,176198.0,1,7,35558.0,90552.86,5180.0,36,49,41454.0,Y,14700.89,saving,M,40,MEDIUM,12.0,7,809.0,1,8.0
1416,15762,15207.0,10982.05,2515.0,9961.0,1980.25,7894.4,6707.91,6.0,13,27,4,3,98,199999,1,1,1.0,1,443.36,50000.0,711.0,-6301.0,68356.92,17989.0,5.0,1,11149.0,102955.98,106800.0,31,8,28595.0,7106.0,53293.0,21,12,73514.0,Y,3850.84,current,M,35,HIGH,10.5,6,855.0,1,15.0
1417,10996,207.0,15225.3,13494.0,4617.48,93849.0,4151.31,4784.32,60.0,37,82,1,63,34,345000,1,1,1.0,1,684495.7,100934.0,1611.0,20513.0,32.87,17417.0,42.0,19,16905.0,24073.63,94382.26,4,25,23307.0,40627.38,112179.0,3,73,58460.0,Y,2193.41,current,M,56,LOW,21.6,7,535.0,1,8.0
1418,14591,239201.0,87693.39,3385.0,12596.14,4728.0,3528.4,20908.0,5.0,8,44,8,2,20,28000,1,1,1.0,1,140291.6,399.09,20000.0,8572.0,68532.81,40237.0,11.0,4,17336.0,50654.05,75197.0,9,29,62822.0,79369.04,20467.5,9,25,37604.0,Y,7536.44,current,M,47,MEDIUM,5.4,5,737.0,0,5.0
1419,3330,16725.0,13931.0,8008.8,2743.28,3460.0,5984.75,1288.88,7.0,13,13,1,7,39,75000,1,1,1.0,1,39851.93,255000.0,37274.0,12174.0,53076.2,27287.0,11.0,2,30608.0,13951.47,2254.0,3,108,25762.0,32291.5,195387.0,8,0,58757.0,Y,24666.08,saving,M,27,MEDIUM,7.0,7,488.0,1,4.0
1420,16193,177422.0,5011.0,5616.0,4245.84,961.0,30087.3,11199.28,19.0,61,67,6,6,3,483000,1,1,1.0,1,39851.93,24000.0,48500.0,0.0,46288.98,66095.41,46.0,9,66456.0,358114.75,23324.0,6,12,50.0,35226.0,180906.06,6,58,74946.0,Y,3645.62,current,M,66,LOW,9.200000000000001,5,511.0,1,16.0
1421,105,4504.0,3245.63,6852.0,7568.28,966.0,1135.02,2229.0,7.0,10,35,50,25,47,147000,1,1,1.0,1,23221.65,39833.19,130000.0,3897.0,38459.98,30456.0,3.0,78,54263.0,39451.9,35354.26,9,26,17414.0,29988.33,52417.5,3,9,30172.0,Y,30340.33,current,M,30,MEDIUM,8.0,6,247.0,1,8.0
1422,1322,19560.0,21639.83,26764.29,6371.0,322.23,302751.41,15424.0,7.0,99,112,3,3,5,302000,1,1,1.0,1,309795.13,429273.4,2156.0,3481.0,1169.5,32589.0,11.0,1,42523.0,173804.23,33369.5,1,12,30472.0,36260.01,243554.0,12,0,14347.0,Y,7565.15,current,M,47,MEDIUM,27.0,1,269.0,0,9.0
1423,17650,3664.0,37534.57,8591.0,2016.46,6710.36,11310.5,821.0,66.0,26,67,21,1,68,232000,1,1,1.0,1,39851.93,464261.6,610000.0,5730.0,29231.78,37133.0,42.0,1,20990.0,17440.22,102600.0,43,28,51175.22,65624.92,135065.0,5,73,50310.0,Y,4935.93,current,M,42,MEDIUM,8.8,4,626.0,1,16.0
1424,19771,6405.0,16307.22,1915.0,1131.95,857.0,29989.22,9351.0,1.0,84,87,60,2,30,397000,1,1,1.0,1,4614669.901,85058.0,130000.0,-5998.43994,27555.25,23587.25,69.0,6,16411.0,29816.71,36359.0,3,36,16878.0,14879.16,66104.0,4,38,13401.0,Y,2978.81,current,M,42,MEDIUM,6.6000000000000005,3,394.0,1,3.0
1425,11064,133945.0,28707.85,4426.0,121074.15,12978.38,19322.03,1326.0,10.0,71,62,12,2,1,525000,1,1,1.0,1,1105487.1,160498.0,13533.0,6441.0,33468.92,37872.0,43.0,35,21100.0,50730.08,61986.0,9,81,200284.0,46040.92,31766.0,2,22,1144.0,Y,6629.09,current,M,35,MEDIUM,3.0,4,764.0,1,8.0
1426,13678,20395.0,3354.36,4345.52,780.0,7230.4,747.6,12888.76,6.0,9,2,82,4,11,358000,1,1,1.0,1,225823.8,375000.0,12000.0,0.0,28733.41,19655.0,24.0,1,3112.0,122208.79,150124.36,0,8,428.03,423.5,402761.83,12,18,26576.0,Y,2254.65,current,M,30,MEDIUM,4.0,9,886.0,1,16.0
1427,1959,9722.0,7237.76,189.0,2084.84,5204.0,616.0,3395.0,1.0,9,5,5,1,62,518000,1,1,1.0,1,2184.0,5241.0,1727.0,5439.0,45030.85,98584.0,70.0,2,25187.0,93416.52,82908.0,7,8,22759.0,105491.08,71080.0,6,28,30969.25,Y,3798.9,current,M,27,MEDIUM,0.7000000000000001,1,355.0,0,8.0
1428,8950,2404.0,62945.78,57824.19,16202.67,4591.62,4910.0,523.0,17.0,65,82,4,2,53,98000,1,1,1.0,1,2.13,17000.0,2644.0,277.0,3485.24,23544.0,41.0,4,41303.0,58280.2,42308.0,9,20,24539.0,191686.37,407449.41,3,58,76902.0,Y,1693.78,saving,M,30,MEDIUM,10.0,3,305.0,1,4.0
1429,11553,321214.0,4946.75,9900.0,26406.98,12554.18,1883.75,80.37,12.0,99,4,1,11,54,127500,1,1,1.0,1,4323.0,24703.0,3975.0,12163.0,429644.45,44305.0,18.0,4,130718.0,200324.62,28740.0,2,70,12977.0,20824.34,107922.0,13,8,45228.0,Y,8076.57,current,M,55,MEDIUM,17.5,4,245.0,1,13.0
1430,10714,17432.0,6384.5,4963.41,6212.86,1420.0,5123.0,5246.0,6.0,43,5,3,25,7,34000,1,1,1.0,1,124064.65,74599.9,13873.0,3897.0,59030.1,216770.95,63.0,6,24765.0,43160.35,36907.0,3,14,17211.0,30124.74,84840.0,117,32,76.0,Y,3948.95,current,M,30,MEDIUM,1.0,2,355.0,1,16.0
1431,17642,37710.0,32457.0,4426.0,9450.4,6658.0,22766.0,4905.0,1.0,26,2,5,31,34,256000,1,1,1.0,1,165907.57,1543.85,3850.0,8572.0,86537.27,73483.26,42.0,4,37162.0,25456.63,20265.0,1,82,87330.0,10895.56,18411.0,38,12,180827.0,Y,18175.75,saving,M,33,MEDIUM,3.9000000000000004,3,805.0,1,3.0
1432,11380,174458.0,51682.81,262.31,33417.35,7806.94,7354.5,3328.34,6.0,85,70,2,2,3,199999,1,1,1.0,1,2984.1,38928.0,925.0,-5942.0,71431.01,32166.0,82.0,2,33526.0,129356.43,16853.0,4,8,13817.0,35855.54,290641.5,18,15,53738.0,Y,5560.17,current,M,35,LOW,4.5,5,299.0,1,4.0
1433,1316,293098.0,16996.475,6852.65,49060.56,20168.07,23481.035,841.6,6.0,1,13,62,45,2,430000,1,1,1.0,1,95.0,33668.0,33330.0,7478.0,33304.57,39835.0,1.0,3,1071967.0,42779.22,185136.0,45,4,55852.0,270371.1,100387.0,3,79,17070.0,Y,1507.13,saving,M,29,MEDIUM,8.1,4,386.0,0,16.0
1434,1445,19472.0,8618.34,8218.0,18286.03,38463.0,10146.0,1758.42,6.0,1,135,48,4,68,371000,1,1,1.0,1,9751.5,96096.0,49000.0,4512.0,26207.03,365.6,2.0,3,31573.0,16610.14,42050.0,0,50,35550.0,56868.28,32033.0,2,11,40604.0,Y,3759.26,current,F,67,MEDIUM,9.4,8,247.0,1,9.0
1435,16172,6000.0,10599.54,1869.0,11350.16,1773.0,16851.71,426.0,2.0,30,67,35,12,1,345000,1,1,1.0,1,530797.35,170989.0,12000.0,5340.0,32598.69,29918.0,11.0,0,21682.0,28414.99,68867.0,1,20,42086.0,22550.08,51662.0,7,100,43906.0,Y,3238.48,current,M,37,MEDIUM,6.800000000000001,3,265.0,1,20.0
1436,15857,7548.0,6598.0,921.0,9015.0,26717.3,2833.6,2871.0,24.0,1,50,8,7,34,371000,1,1,1.0,1,123134.77,16000.0,12000.0,2500.0,122184.37,172183.0,18.0,2,46459.0,76811.41,22483.0,1,1,27455.0,18464.5,21704.51,58,18,31909.0,Y,33450.0,current,M,42,MEDIUM,15.4,1,538.0,1,6.0
1437,5977,20004.0,5845.93,4950.77,12743.12,8269.0,12420.0,3878.0,67.0,23,72,2,6,34,352000,1,1,1.0,1,89908.8,3084.5,639.0,2351.0,64906.0,51042.0,67.0,1,63187.24,58722.9,50047.0,2,82,88260.0,244952.24,54645.0,40,32,15417.0,Y,8599.9,saving,M,34,HIGH,9.8,1,574.0,1,6.0
1438,11280,14981.0,2743.0,2107.68,14334.045,9215.19,5164.15,16597.0,12.0,16,60,1,1,41,483000,1,1,1.0,1,16387435.0,165970.9,2019.0,20513.0,92.54,26764.0,90.0,1,48732.0,21359.49,44907.0,2,171,71560.01,88027.23,94765.5,21,50,76587.0,Y,2498.48,current,M,53,MEDIUM,23.1,7,539.0,1,8.0
1439,6165,8277.0,54187.0,5311.0,1475.85,3409.0,5998.0,2358.67,16.0,20,10,22,12,13,256000,1,1,1.0,1,117168.65,50000.0,519.0,-4664.0,65024.25,19424.0,5.0,1,31761.0,200096.03,115218.0,2,25,24355.0,14037.34,118284.0,3,21,52800.0,Y,396.81,current,M,47,MEDIUM,27.0,8,966.0,1,12.0
1440,15956,13622.0,1778.43,8706.5,14963.0,20587.0,2883.47,3667.0,7.0,23,82,1,4,3,47000,1,1,1.0,1,250631.8,132324.01,4000.0,6613.0,141200.75,54491.0,147.0,31,57312.04,76617.3,146517.0,4,12,35543.0,26723.68,13412.31,4,104,13574.0,Y,10003.87,saving,M,60,HIGH,20.0,1,958.0,1,3.0
1441,2501,16778.0,35002.13,34714.0,2118.0,10317.0,56737.07,7675.23,26.0,10,5,22,3,1,79000,1,1,1.0,1,81872.65,202560.0,15654.0,2337.0,39355.47,172912.0,94.0,1,25128.0,57335.14,51246.16,4,6,19640.6,76880.52,111828.0,4,73,1683.0,Y,3503.67,current,M,37,LOW,1.7000000000000002,4,464.0,1,4.0
1442,3382,323936.0,5694.86,5947.0,4508.905,1898.0,8888.0,2709.0,24.0,3,23,1,31,98,232000,1,1,1.0,1,59703.93,19.39,126001.0,-5942.0,102090.1,7150.0,41.0,4,46626.0,27627.01,31654.5,4,63,21457.0,10660.0,41099.8,117,35,122.0,Y,307719.34,current,M,34,LOW,4.2,7,537.0,1,5.0
1443,4870,15779.0,1891.58,20021.0,2774.12,5672.0,15334.0,8418.5,9.0,18,7,4,4,47,56000,1,1,1.0,1,747610.0,221000.0,96558.0,-5715.49022999999,76658.0,146093.0,6.0,36,83430.92,127103.3,80148.0,7,40,67751.0,7322.0,32914.0,94,24,43235.9,Y,296.29,current,M,120,HIGH,40.0,10,506.0,1,9.0
1444,5309,135053.0,10507.56,5311.0,3429.92,4726.96,8929.595,3184.0,124.0,71,30,4,15,54,307000,1,1,1.0,1,17829.1,244483.3,34550.0,9415.0,243023.05,38030.0,12.0,7,13597.0,12546.5,189248.0,31,20,23813.0,541159.41,5131.0,22,58,53589.0,Y,3653.25,current,M,33,MEDIUM,6.5,10,746.0,0,4.0
1445,1483,4733.0,6911.0,2113.9,21177.46,118.0,3302.685,646.0,26.0,77,3,2,36,1,218000,1,1,1.0,1,27078.09,537476.4,14904.0,5773.0,55587.01,86672.0,63.0,3,23267.0,9997.14,36904.0,11,63,13404.0,33050.74,3397.0,2,12,21600.0,Y,1802.43,saving,M,33,HIGH,7.800000000000001,6,867.0,0,4.0
1446,19126,7919.0,22885.34,13788.01,24333.09,322.23,4586.0,1382.0,4.0,77,13,4,12,1,350000,1,1,1.0,1,173732.5,15300.0,1374.0,6885.0,87215.88,27184.0,42.0,35,72171.99,20368.84,35442.0,50,18,23520.0,94280.88,33592.0,5,49,26250.0,Y,2003.87,saving,M,60,MEDIUM,12.0,9,966.0,1,4.0
1447,16215,18064.0,2801.15,18893.68,2962.0,3228.0,60620.0,609.43,10.0,11,13,3,6,1,114000,1,1,1.0,1,4120.0,15000.0,300500.0,1332.0,45158.81,35204.0,46.0,17,42666.0,61480.05,88905.0,47,8,69894.0,155829.67,18835.0,6,38,13301.0,Y,1006.67,current,M,63,LOW,12.9,7,485.0,1,14.0
1448,6977,95504.0,11878.0,5785.46,12877.65,13856.24,3807.65,246.0,1.0,56,50,4,11,39,156000,1,1,1.0,1,1502126.3,760470.3,11580.0,-4664.0,8980.19,20522.0,10.0,36,30482.0,18276.6,52573.5,9,27,47625.0,11797.0,16964.0,93,9,24435.0,Y,843.68,current,F,223,LOW,40.6,10,243.0,1,20.0
1449,14007,13875.0,4032.44,8173.7,17518.61,777.57,1966.85,6324.0,57.0,23,4,1,4,98,30000,1,1,1.0,1,265809.85,30453.0,2214.0,1332.0,70345.25,40374.0,3.0,1,46078.0,4108.0,10856.72,3,38,17508.0,25616.25,73712.5,10,78,31469.9,Y,685.28,current,M,28,LOW,2.4000000000000004,9,454.0,0,3.0
1450,12345,9595.0,15054.0,36916.03,3045.0,2080.0,18544.535,2357.0,1.0,17,87,11,6,8,378000,1,1,1.0,1,10008.0,24000.0,6966.0,2500.0,61477.48,71815.0,69.0,14,41600.0,38258.13,27246.0,0,20,22293.0,124430.5,68267.25,2,61,383928.0,Y,15092.58,current,M,30,MEDIUM,6.0,5,633.0,1,2.0
1451,15697,13727.0,5180.34,19561.36,1536.5,584.0,1995.03,5391.0,6.0,23,50,18,2,81,28000,1,1,1.0,1,104980.25,177795.8,57899.0,1411.0,347.25,52087.0,46.0,35,33117.0,27093.04,29349.85,35,20,27415.0,30569.6,80682.27,5,58,25406.0,Y,2165.93,current,M,32,HIGH,12.0,6,606.0,1,3.0
1452,6098,335831.0,20556.39,29373.0,6132.65,4197.0,8030.8,12042.09,12.0,6,50,7,37,80,98000,1,1,1.0,1,3101.3,369448.8,3792.0,0.0,45006.98,22655.0,10.0,5,19047.0,42369.63,102650.0,2,82,4229.0,70119.63,35014.51,58,21,197385.0,Y,17692.83,current,F,56,MEDIUM,10.8,1,737.0,1,5.0
1453,19,18433.0,15076.0,10657.93,14368.91,1364.05,4014.0,1165.0,44.0,10,67,22,17,11,467000,1,1,1.0,1,117168.65,101.24,54101.0,5464.0,52787.25,24338.0,2.0,6,19871.0,25201.13,1238.0,0,81,30613.0,26253.0,51600.6,3,104,42067.0,Y,9622.48,saving,M,47,MEDIUM,24.3,4,927.0,0,4.0
1454,19661,15941.0,20138.0,49519.45,4135.5,3139.9,511.0,4466.0,24.0,56,3,42,11,26,461000,1,1,1.0,1,715554.75,76157.6,4000.0,-5439.0,46913.86,52191.0,11.0,1,33249.0,56116.0,67498.76,9,50,22910.0,25791.82,385.0,3,0,33773.0,Y,2802.35,current,M,36,MEDIUM,12.8,2,866.0,1,13.0
1455,10226,5365.0,55559.79,5533.68,13770.08,7552.0,4037.0,1060.0,1.0,67,5,4,1,34,329000,1,1,1.0,1,18418.85,63000.0,12016.0,553.0,102277.0,16158.0,55.0,3,60734.0,2923.0,34385.0,50,171,16600.0,51090.22,21160.0,5,0,58217.0,Y,2606.65,current,F,66,MEDIUM,41.400000000000006,4,536.0,1,18.0
1456,10944,3068.0,115265.55,922.02,1549.5,676.5,10342.12,9294.0,1.0,18,60,57,3,98,564000,1,1,1.0,1,41883.6,290000.0,2644.0,6613.0,57942.4,13157.75,147.0,2,2495.0,47029.76,67722.0,6,28,48764.0,152940.94,22578.5,7,38,26700.0,Y,3490.38,current,M,42,LOW,15.4,7,123.0,1,16.0
1457,11324,83165.0,15287.98,5117.0,3635.91,738.0,2461.0,3053.0,7.0,83,23,47,21,41,70000,1,1,1.0,1,9646.5,31000.0,80000.0,10770.0,46851.2,55117.24,11.0,3,7400.0,18953.76,14305.88,7,13,21334.0,30271.4,71881.0,9,76,11705.0,Y,14468.87,saving,M,56,LOW,7.2,7,249.0,1,5.0
1458,17648,2128.0,16608.25,9734.0,18911.76,2061.68,10957.0,442.27,4.0,128,44,7,25,79,448000,1,1,1.0,1,63073.6,200926.0,3000.0,5773.0,103783.05,17846.0,10.0,1,29077.0,57984.0,80370.0,35,20,40260.0,43153.0,29981.58,40,65,28553.0,Y,2933.88,current,M,32,MEDIUM,4.800000000000001,9,802.0,1,19.0
1459,18100,286436.0,42002.0,4080.77,108022.32,53554.0,31252.0,3110.01,66.0,3,50,21,55,47,199999,1,1,1.0,1,47.45,202560.0,2644.0,10455.0,29483.92,346061.0,46.0,19,15863.0,61738.19,36928.0,6,81,22815.0,41083.86,61237.0,3,78,95883.0,Y,2754.38,current,F,30,MEDIUM,8.0,8,466.0,1,18.0
1460,3788,100255.0,7745.7,8594.0,3515.54,4584.0,7479.31,1048.0,2.0,30,16,50,62,11,119000,1,1,1.0,1,368412.25,71000.0,90525.0,-4679.0,21107.88,55062.98,11.0,36,39250.0,7637.07,107294.0,43,82,148280.0,42640.02,26777.0,3,3,50093.0,Y,2162.74,current,M,33,LOW,7.800000000000001,9,428.0,0,9.0
1461,14477,132066.0,24635.85,23505.0,432.31,412.0,4712.83,10970.04,44.0,61,44,15,1,98,13000,1,1,1.0,1,33784.35,1187335.5,787.0,9827.0,22554.38,106901.0,39.0,26,41931.0,19913.75,59652.0,1,3,39524.0,24137.73,71659.0,3,24,17176.0,Y,18895.06,saving,M,60,MEDIUM,4.0,8,486.0,1,8.0
1462,18942,8654.0,14003.0,22558.0,4972.5,2568.2,3025.175,14101.71,531.0,65,67,1,4,98,576000,1,1,1.0,1,13180.0,132324.01,2019.0,2008.0,36503.98,125071.0,4.0,5,48719.0,171514.51,1660.0,5,8,47643.0,14002.25,195387.0,5,18,105000.0,Y,1273.26,current,M,53,LOW,13.200000000000001,10,809.0,1,3.0
1463,480,26669.0,3010.91,8203.73,1521.0,609.8,4789.76,5296.0,5.0,11,26,30,6,54,75000,1,1,1.0,1,3070.5,1382889.0,19081.0,1429.0,41120.4,32474.0,55.0,3,16245.0,28647.18,38136.0,1,21,24216.0,35033.97,69533.0,3,39,364365.0,Y,3312.46,current,M,55,MEDIUM,7.0,1,799.0,1,9.0
1464,16623,17868.0,18470.32,6532.0,11436.39,162.0,2145.25,1816.0,92.0,7,3,25,2,70,27000,1,1,1.0,1,8209320.0,22400.0,48950.0,977.0,44422.03,90017.0,11.0,35,15083.0,47484.14,36107.04,3,24,2951.0,15905.55,66918.0,3,22,25603.0,Y,9434.34,current,F,33,MEDIUM,9.1,10,966.0,0,5.0
1465,1850,2545.0,1703.09,215.04,49201.63,12875.0,7208.0,5441.0,12.0,6,44,23,12,1,550000,1,1,1.0,1,153935.02,11772.76,2644.0,1465.0,30620.17,66317.0,4.0,4,46598.0,57678.42,45174.5,11,59,581.0,49871.94,98655.0,5,63,17228.0,Y,78966.76,current,M,29,MEDIUM,3.6,4,447.0,1,19.0
1466,19467,10064.0,7894.16,6042.01,432.31,812.0,10628.6,8243.0,101.0,32,50,1,9,70,27000,1,1,1.0,1,568.8,93.35,8333.0,1332.0,13555.54,33967.0,4.0,4,52289.0,127027.37,21734.0,3,63,51283.0,65523.35,78188.0,2,17,2500.0,Y,198398.87,current,M,37,MEDIUM,3.4000000000000004,1,723.0,0,14.0
1467,19110,137452.0,5457.0,16031.0,4497.52,1024.51,710.0,276.96,80.0,128,35,2,15,5,350000,1,1,1.0,1,19265.4,172678.56,30000.0,10210.0,346718.77,26953.0,12.0,3,84469.0,19052.77,33069.75,3,25,428.03,110984.0,15713.0,6,18,6200.0,Y,5072.08,saving,M,53,LOW,9.9,10,836.0,1,10.0
1468,11680,996.0,12923.0,3986.0,2138.38,4123.01,732.0,1247.43,1.0,85,47,2,14,17,112000,1,1,1.0,1,474401.25,343342.9,4895.0,-5998.43994,191705.9,86322.0,16.0,19,900.0,8696.0,59007.91,31,108,17445.0,171451.81,18536.0,40,15,9094.0,Y,8543.9,current,M,46,MEDIUM,20.8,8,464.0,1,2.0
1469,776,2617.0,6568.15,6748.0,10661.5,1490.0,1838.0,4048.2,136.0,4,35,1,7,58,287000,1,1,1.0,1,11878.6,95000.0,4699.0,6916.0,23168.65,74748.91,90.0,3,39935.0,1280.15,37888.0,3,12,46096.0,23730.02,22983.0,13,9,79682.0,Y,3678.42,current,M,28,MEDIUM,5.6000000000000005,8,535.0,1,19.0
1470,8568,132982.0,2703.24,980.44,42318.01,2699.77,159092.64,3891.73,52.0,6,4,8,1,4,302000,1,1,1.0,1,46730.2,208652.0,73217.0,7984.0,16583.6,132721.0,5.0,1,76266.0,33093.5,104301.97,43,81,60448.0,227092.51,33311.0,2,103,60765.84,Y,33800.0,current,M,27,LOW,2.8000000000000003,5,708.0,0,12.0
1471,11760,12982.0,3318.5,4257.89,5149.59,341.0,7450.0,1928.63,6.0,10,7,82,56,67,293000,1,1,1.0,1,4110.0,74599.9,655.0,4856.0,1538.01,38030.0,17.0,1,16706.0,159276.73,50914.0,2,70,20791.0,128446.71,23968.0,117,63,61711.0,Y,4224.93,current,M,58,MEDIUM,15.200000000000001,9,801.0,1,8.0
1472,10662,2886.0,39416.86,1274.0,13863.23,7108.0,6967.5,3027.0,4.0,8,74,8,16,1,750000,1,1,1.0,1,506688.65,650000.0,13533.0,6613.0,83200.65,167461.24,147.0,4,127645.0,26809.98,43640.35,9,46,24357.0,199284.72,46909.0,46,103,53122.0,Y,8980.4,current,M,60,MEDIUM,12.0,1,299.0,1,14.0
1473,1055,1592.0,12744.57,5234.05,9076.52,1662.0,16805.655,777.0,101.0,84,16,2,1,47,199999,1,1,1.0,1,41883.6,96096.0,4895.0,-5942.0,24671.76,18271.0,7.0,35,65960.0,34952.0,54747.0,9,1,25178.0,66025.91,83714.0,3,54,22722.0,Y,2202.47,current,M,29,MEDIUM,7.2,8,254.0,1,13.0
1474,18310,60561.0,4170.36,4963.41,681.92,609.8,3667.04,117.0,5.0,10,64,1,1,4,429000,1,1,1.0,1,8758.2,82907.34,5540.0,0.0,90721.04,28373.0,12.0,17,21719.0,46896.4,40985.0,5,17,83821.0,1077.0,172315.67,4,73,37398.0,Y,2003.68,current,M,53,MEDIUM,13.200000000000001,9,883.0,0,12.0
1475,3311,127.0,1677.11,1985.02,4193.22,455.0,16416.24,443.95,531.0,10,9,4,3,80,46000,1,1,1.0,1,30382.2,182359.2,500718.0,2337.0,50334.75,114683.34,46.0,3,35397.0,166698.12,59759.0,3,8,38132.0,13156.86,152133.0,2,1,23344.0,Y,9377.87,current,M,32,LOW,10.8,2,247.0,1,9.0
1476,11732,20165.0,5552.0,1645.55,22029.95,1161.0,8508.66,524.76,7.0,61,102,54,1,47,134000,1,1,1.0,1,151000.0,57345.0,130000.0,553.0,19685.68,67259.0,147.0,26,52572.0,2806.0,36928.0,2,25,19243.0,51295.0,48004.0,4,32,66990.0,Y,17109.61,current,M,50,MEDIUM,3.0,8,454.0,1,3.0
1477,8122,14976.0,1784.0,876.35,3841.8,3493.0,12309.0,7480.0,1.0,2,4,50,60,55,587000,1,1,1.0,1,544500.0,200015.58,24125.0,6916.0,76718.81,10737.0,4.0,7,60173.0,82099.63,55005.0,6,82,492312.0,33080.31,39792.99,40,32,41458.0,Y,557.22,current,M,53,LOW,13.200000000000001,6,801.0,0,20.0
1478,4829,7936.0,25075.49,2994.98,26975.19,6834.14,28073.51,5237.0,9.0,29,3,8,18,3,378000,1,1,1.0,1,39851.93,784499.0,24250.0,6916.0,27668.86,88844.76,10.0,2,31018.0,139296.78,22827.0,2,11,20244.0,66538.02,56857.0,6,13,541355.0,Y,7820.51,current,M,36,LOW,9.600000000000001,3,372.0,1,14.0
1479,6543,20160.0,11866.53,5785.46,40141.87,6841.3,19918.0,1128.9,44.0,2,4,2,18,34,184000,1,1,1.0,1,47936.43,465000.0,2156.0,1931.0,91683.63,37955.0,63.0,17,28540.0,34519.84,39044.0,5,4,16604.0,51780.0,111101.0,4,80,22899.0,Y,7592.74,current,M,34,LOW,12.600000000000001,3,588.0,1,7.0
1480,13626,10895.0,5552.0,300.0,4916.9,1790.0,28364.5,1109.58,4.0,77,47,8,1,13,52000,1,1,1.0,1,456.1,5351.0,6738.0,7478.0,42038.5,34435.84,11.0,2,101773.0,60145.71,73413.0,45,108,31148.0,316158.76,165755.75,2,104,20841.0,Y,2789.89,current,M,37,MEDIUM,10.200000000000001,1,658.0,0,19.0
1481,17475,166375.0,18526.93,5677.0,9288.0,4426.95,29707.0,53481.24,44.0,10,13,35,31,1,303000,1,1,1.0,1,60800.0,74599.9,126001.0,1429.0,13509.0,21143.0,42.0,35,18837.0,773640.0,26993.36,50,8,40596.0,61680.33,37721.0,38,3,32192.09,Y,6756.42,current,M,66,HIGH,32.2,1,914.0,1,4.0
1482,2767,9783.0,63214.8,20422.82,3068.22,2787.0,6491.175,835.0,31.0,10,90,3,4,44,518000,1,1,1.0,1,331.2,10701.0,20000.0,1429.0,62517.85,45511.0,2.0,36,30554.0,58216.84,12574.0,6,59,21288.6,45907.87,14868.0,5,83,93000.0,Y,10018.72,current,M,33,LOW,5.2,9,385.0,1,14.0
1483,18461,17673.0,15548.01,11208.0,12358.72,337.0,4971.29,5346.72,100.0,23,82,47,26,4,329000,1,1,1.0,1,13279.75,42723.0,56184.0,9827.0,34097.9,3085.0,11.0,19,63600.0,28633.0,126565.0,1,7,67704.0,40843.99,21381.03,4,18,29482.0,Y,10917.28,current,M,53,MEDIUM,33.0,9,887.0,1,6.0
1484,1810,4925.0,25302.02,13494.0,12663.75,6548.0,2676.12,428.52,2.0,22,9,26,1,26,188000,1,1,1.0,1,35280.0,617203.09,5981.0,4150.0,20799.48,74547.0,35.0,36,38886.0,14017.89,52141.0,1,20,65827.0,30824.11,51991.0,2,12,57507.0,Y,3213.5,current,M,62,MEDIUM,8.4,2,233.0,1,11.0
1485,6723,6772.0,1690.69,2703.0,83969.89,7610.0,2089.0,6943.16,16.0,6,13,12,15,4,50900,1,1,1.0,1,1417886.15,69370.0,641.0,6441.0,103922.5,151397.0,147.0,0,30435.0,65579.98,65603.0,3,20,87726.0,15439.29,124824.0,21,0,65535.0,Y,4953.65,saving,M,32,MEDIUM,1.2000000000000002,8,966.0,1,13.0
1486,16265,7191.0,1055.85,1216.0,9411.0,14004.19,5590.0,1354.0,2.0,18,135,42,3,64,98000,1,1,1.0,1,52209.5,86868.0,3850.0,3897.0,10122.25,1573.0,103.0,33,44341.0,34360.1,23490.32,43,17,11707.0,88201.0,21053.0,3,83,44009.0,Y,1588.6,current,F,42,MEDIUM,22.0,8,355.0,1,6.0
1487,15451,8367.0,17026.54,103419.65,3056.3,35084.3,13725.995,10044.0,26.0,10,13,20,6,4,784000,1,1,1.0,1,3405.0,150000.0,655.0,3735.0,64135.56,57895.0,9.0,2,225.0,117390.25,276799.74,4,63,50200.0,39809.22,26225.0,40,65,13025.0,Y,1819.85,current,M,221,LOW,180.9,8,743.0,1,9.0
1488,16094,206224.0,16541.63,1840.52,16859.11,1076.29,3469.94,6586.0,531.0,71,46,15,1,98,26000,1,1,1.0,1,510.6,257406.7,16114.0,5773.0,21165.99,216770.95,4.0,1,78398.0,65600.48,119168.0,0,24,77619.0,26548.25,54860.75,21,13,9751.0,Y,3502.11,current,M,27,MEDIUM,2.8000000000000003,6,428.0,0,5.0
1489,9765,4559.0,16742.3,189.0,2560.19,3965.44,3888.525,17090.36,19.0,17,4,1,18,8,256000,1,1,1.0,1,1235.85,45769.27,694.0,6916.0,42736.96,855.0,39.0,2,16210.0,126629.49,28874.0,6,46,24595.0,68055.38,10342.0,2,21,89746.0,Y,727.33,saving,M,60,HIGH,28.0,4,268.0,1,4.0
1490,16977,11296.0,14756.69,3027.0,420.0,1045.85,11809.25,9147.88,531.0,77,60,44,3,2,300000,1,1,1.0,1,2216.0,197800.0,33950.0,-5439.0,566965.15,40691.0,62.0,3,61431.0,5053.83,31257.0,17,20,14270.0,82442.5,8623.0,2,11,13689.0,Y,16626.28,current,M,34,LOW,7.0,5,270.0,0,8.0
1491,15891,9898.0,1066.74,4850.0,5031.38,1689.28,2883.925,531.28,66.0,81,105,3,2,30,286000,1,1,1.0,1,51291.45,25000.0,155205.0,1411.0,15255.78,125202.5,77.0,19,30876.0,53455.44,5349.0,0,11,45466.0,38894.11,111419.22,12,7,32009.0,Y,427.57,current,M,33,MEDIUM,6.5,5,653.0,1,19.0
1492,7680,132746.0,75460.0,30950.37,2666.54,16009.73,393.0,7240.0,531.0,10,9,53,6,39,49999,1,1,1.0,1,111.0,93.35,2019.0,-5998.43994,13637.9,32843.0,16.0,13,35439.0,16987.0,36863.0,6,8,63827.0,1184710.22,648811.0,62,12,103300.0,Y,2471.66,saving,M,37,MEDIUM,13.600000000000001,8,700.0,1,4.0
1493,5928,8471.0,5267.16,659.0,33353.0,6306.64,23058.54,5171.01,17.0,10,1,5,31,68,195000,1,1,1.0,1,36368.7,545000.0,1209.0,6260.0,86414.55,210219.0,43.0,9,16466.0,67393.25,24596.0,3,25,52792.0,106682.36,3187.0,7,58,16276.0,Y,930.0,current,M,27,LOW,4.9,7,966.0,1,13.0
1494,6168,19162.0,16913.06,5058.0,19403.87,740.18,12053.6,21189.3,5.0,25,4,48,17,11,358000,1,1,1.0,1,76122.87,191000.0,72000.0,3897.0,56244.49,39471.43,18.0,1,90572.0,13972.35,133707.0,2,20,55129.0,16633.28,14770.0,3,3,66758.0,Y,7967.29,current,M,47,MEDIUM,16.2,3,799.0,1,14.0
1495,7677,20727.0,575.0,8866.6,10450.92,17243.54,4821.6,637.0,6.0,84,16,1,15,77,518000,1,1,1.0,1,23669.0,375000.0,1036.0,1992.0,37979.72,33303.0,29.0,36,50312.0,54573.23,78500.5,0,7,19150.0,16632.32,27427.0,94,80,46047.0,Y,2286.35,current,M,35,MEDIUM,7.5,7,394.0,1,6.0
1496,8953,32852.0,67516.93,1539.0,3696.0,1159.96,12207.4,9563.03,4.0,23,5,8,4,10,184000,1,1,1.0,1,137260.8,30453.0,25000.0,6613.0,59808.45,21638.5,6.0,1,34042.0,133530.99,37160.85,5,20,25575.0,28496.76,101145.5,47,50,35300.0,Y,7967.29,current,M,31,MEDIUM,4.4,3,523.0,0,9.0
1497,5059,8391.0,7305.22,988.0,7380.0,351.0,10593.0,609.43,136.0,2,71,2,27,75,78000,1,1,1.0,1,293418.75,13299.0,2156.0,0.0,62010.52,240122.0,12.0,5,14836.0,54979.95,34948.5,1,8,23557.0,19569.64,39502.38,6,32,22842.0,Y,2571.43,current,M,33,HIGH,2.6,8,736.0,1,4.0
1498,2906,5272.0,7163.07,5413.02,38436.6,429.0,1251.38,23629.3,14.0,10,44,25,9,6,130000,1,1,1.0,1,3030975.0,117890.0,1446.0,6916.0,6550.47,76954.0,89.0,26,90601.0,40390.58,52679.0,1,50,27771.0,10326.8,377141.0,49,103,20907.0,Y,6627.84,saving,M,32,LOW,3.6,1,683.0,1,17.0
1499,11023,17021.0,13007.5,3964.75,30474.7,961.0,8236.0,9854.0,6.0,83,59,8,6,64,199999,1,1,1.0,1,24832.0,138732.3,57899.0,-4664.0,24259.12,40129.0,42.0,7,23765.0,21352.92,20159.0,45,20,26711.0,17208.0,2779.0,36,75,18036.0,Y,1923.52,current,M,53,LOW,23.1,7,374.0,1,18.0
1500,5421,305264.0,38903.0,137.0,15168.67,26643.0,1929.38,7274.0,26.0,61,5,5,11,64,44000,1,1,1.0,1,13877.4,158000.0,1052.0,0.0,59731.8,18208.0,24.0,2,39705.0,675633.06,25062.0,3,81,152348.0,81551.93,79460.0,21,21,140996.0,Y,250.67,current,M,62,MEDIUM,4.2,4,614.0,1,19.0
1501,2753,2035.0,8389.97,1136.55,39175.73,4647.0,15337.27,1910.6,60.0,36,67,8,9,91,218000,1,1,1.0,1,47450.2,115000.0,20000.0,3897.0,22944.27,238353.0,16.0,3,32762.0,1393.0,47803.0,45,25,202500.0,48331.03,31856.0,94,50,7000.0,Y,940.3,current,M,37,LOW,13.600000000000001,6,566.0,0,3.0
1502,17592,7852.0,34729.4,1565.74,4280.0,3508.0,12877.0,1022.0,18.0,10,6,2,4,1,129000,1,1,1.0,1,70310.6,446457.0,50000.0,5350.0,112819.66,50025.0,35.0,3,33146.0,145576.5,131002.5,1,8,8786.0,128188.01,31150.08,2,58,11740.0,Y,2665.8,current,M,27,LOW,6.300000000000001,6,254.0,0,10.0
1503,16140,7158.0,22238.3,947.0,11359.42,1028.0,27564.475,6728.0,7.0,14,64,25,16,10,110000,1,1,1.0,1,20049.0,69370.0,50000.0,2337.0,13223.5,19574.0,23.0,31,20263.0,74249.24,27747.0,2,81,13675.0,86135.0,8623.0,21,15,76500.0,Y,1432.85,current,F,222,LOW,181.8,9,658.0,0,16.0
1504,8097,13791.0,430.0,216.22,9565.0,3493.4,1143.265,15428.54,100.0,37,38,3,25,9,147000,1,1,1.0,1,13279.75,184514.0,1036.0,5439.0,39484.35,29830.0,20.0,3,62491.0,27043.67,42984.0,70,20,25603.0,49826.75,182048.01,21,68,43627.0,Y,898.29,current,M,39,MEDIUM,1.9000000000000001,4,516.0,1,11.0
1505,16251,15521.0,23937.04,6243.02,14059.38,1647.0,10939.0,1632.0,1.0,2,4,48,2,54,391000,1,1,1.0,1,419327.23,6.0,3975.0,-4679.0,27573.44,15158.0,9.0,35,19587.0,27297.0,5237.0,4,108,26438.0,37162.98,122486.29,2,12,20488.0,Y,1337.65,current,M,47,MEDIUM,2.7,10,269.0,0,3.0
1506,2360,10458.0,5823.5,1179.0,15596.5,3271.0,9602.485,3154.1,26.0,26,61,50,1,47,520000,1,1,1.0,1,516.8,72796.1,54101.0,4889.0,23519.66,63491.0,10.0,3,127645.0,58948.49,84321.0,2,40,26950.0,18106.26,109103.15,2,65,61987.0,Y,6633.55,current,M,49,LOW,11.600000000000001,5,249.0,1,17.0
1507,19638,12851.0,27448.66,2142.0,6083.0,280.49,28683.0,332.28,7.0,30,16,41,2,4,134000,1,1,1.0,1,58121.25,38112.0,183999.0,1500.0,159266.81,137121.41,2.0,36,58840.0,57890.97,88128.34,7,9,27536.0,270371.1,55260.0,4,80,23619.0,Y,2659771.43,current,M,32,MEDIUM,8.4,8,274.0,1,13.0
1508,1405,16902.0,1352.5,4391.71,101885.95,3620.0,1295.52,6870.0,6.0,27,13,41,5,34,352000,1,1,1.0,1,186189.0,3651922.3,16215.0,3897.0,93872.57,28950.0,29.0,1,34553.16,254520.37,42794.0,31,7,18868.0,81798.25,50158.0,6,83,47468.0,Y,3915.0,saving,M,64,MEDIUM,39.6,8,446.0,1,4.0
1509,5215,14163.0,15129.93,6162.0,17844.86,7067.0,1579.73,4484.1,80.0,50,82,7,5,10,199999,1,1,1.0,1,510.6,93.35,825.0,2351.0,104080.93,17989.0,10.0,30,44344.77,20153.37,117291.0,4,8,27270.0,32423.5,12744.0,21,3,17184.0,Y,3190.88,current,M,44,MEDIUM,4.800000000000001,4,324.0,1,4.0
1510,12113,8722.0,12170.54,3332.48,628.0,849.0,3312.52,5051.0,1.0,1,23,7,1,1,565000,1,1,1.0,1,871.5,105000.0,2019.0,8572.0,33353.0,74536.37,24.0,3,29647.0,288.0,479814.0,11,4,48168.0,289210.47,631.5,6,80,30105.48,Y,3650.27,current,M,27,LOW,6.300000000000001,7,809.0,1,12.0
1511,14542,35640.0,24627.0,25256.0,31566.0,2476.0,5380.0,2938.0,531.0,18,7,4,4,16,184000,1,1,1.0,1,4834.55,64491.0,1255.0,6409.0,16956.43,46030.0,46.0,43,132489.0,57920.36,69271.0,4,25,20879.0,36891.68,27934.5,21,10,44020.0,Y,6699.26,current,M,32,MEDIUM,12.0,4,801.0,0,18.0
1512,9919,208962.0,28113.81,31971.03,49359.04,4376.0,17960.0,834.0,18.0,18,47,30,1,47,20000,1,1,1.0,1,65887.8,50700.0,24250.0,2921.0,115455.26,63012.0,46.0,4,82993.0,71432.47,129896.0,6,20,33442.0,28436.18,127347.75,12,38,40940.0,Y,454.8,current,M,30,MEDIUM,6.0,7,860.0,1,14.0
1513,15216,9577.0,13797.0,9987.0,6476.24,21741.0,1896.3,801.0,4.0,71,7,60,9,3,20000,1,1,1.0,1,12850544.36,992890.32,16114.0,886.0,125431.66,45583.0,62.0,36,170000.0,25052.0,96879.24,3,20,16926.9,175194.36,32041.0,2,12,423.0,Y,21127.13,current,M,37,MEDIUM,10.200000000000001,4,503.0,0,6.0
1514,10489,796.0,5845.93,416.0,3068.22,248.0,6195.66,2384.7,4.0,6,72,3,1,47,337000,1,1,1.0,1,3101.3,41.26,12337.0,-3506.17993,21878.0,65040.0,84.0,31,24166.0,7502.0,93959.69,2,108,30972.0,16078.45,51679.0,2,52,24579.0,Y,2249.07,saving,F,40,MEDIUM,14.0,8,639.0,0,2.0
1515,13955,10308.0,5642.07,6276.0,5056.92,956.46,5875.42,3446.0,124.0,10,2,24,2,18,173000,1,1,1.0,1,347309.75,235.17,230000.0,3421.0,121529.6,115746.0,39.0,35,162500.0,10523.04,11284.0,8,8,61738.38,148151.73,31273.75,8,11,84324.0,Y,3953.58,current,M,32,LOW,8.4,8,737.0,0,4.0
1516,4375,19556.0,11072.49,5072.42,22912.0,7610.0,14190.5,3162.0,2.0,11,23,8,2,98,581000,1,1,1.0,1,76.0,15000.0,1630.0,0.0,5768.27,71853.0,90.0,30,26005.0,37754.08,167754.0,3,20,31408.0,11972.88,27284.0,3,10,81162.0,Y,10906.5,current,M,28,MEDIUM,7.2,3,123.0,0,11.0
1517,17390,2864.0,9577.0,4369.5,4504.0,1267.06,14123.3,3519.0,67.0,43,82,8,20,12,198000,1,1,1.0,1,12010.0,785115.94,20887.0,3735.0,24446.39,21083.46,8.0,1,36759.0,1133.0,30226.38,7,78,23557.0,59602.8,48523.0,6,50,35843.0,Y,5274.73,current,M,29,MEDIUM,8.1,3,748.0,1,3.0
1518,3261,781.0,25688.1,5504.0,28143.69,5436.0,14645.0,796.0,4.0,10,1,1,27,1,226000,1,1,1.0,1,8256.6,105000.0,925.0,173.0,42753.53,23616.0,11.0,1,617059.0,234396.0,28593.0,43,46,32281.0,78687.83,117991.0,14,103,46.0,Y,14643.69,current,M,40,MEDIUM,18.0,9,299.0,1,20.0
1519,4742,3950.0,5607.5,21071.94,8224.0,1916.0,6315.12,1772.0,6.0,13,72,21,1,1,352000,1,1,1.0,1,11878.6,82907.34,155205.0,-6301.0,33003.5,15013.0,43.0,2,20272.0,16188.0,259635.0,3,81,88260.0,60674.42,192863.68,3,3,19105.0,Y,4077.49,current,M,67,MEDIUM,32.9,7,249.0,1,2.0
1520,19206,614.0,4172.0,8733.93,2679.0,2087.0,6067.47,7697.0,12.0,8,86,1,27,1,341000,1,1,1.0,1,165907.57,96096.0,536.0,2000.0,47700.29,154243.0,29.0,35,28961.0,28959.46,23160.0,5,59,17742.0,172934.76,10226.0,49,39,40565.89,Y,4202.99,current,M,36,MEDIUM,16.0,5,626.0,0,14.0
1521,5152,14026.0,57649.81,2651.33,61805.28,8195.11,1731.14,10150.0,101.0,10,47,7,4,55,19000,1,1,1.0,1,516.8,150000.0,24619.0,-5998.43994,38018.04,30449.91,89.0,1,12924.0,31482.46,21734.0,2,12,31042.0,6111.0,37341.0,12,18,47857.0,Y,617.24,current,F,60,MEDIUM,40.0,8,305.0,1,2.0
1522,10473,18007.0,1168.0,321.23,9634.0,450.0,8744.0,5124.0,6.0,29,35,48,3,98,429000,1,1,1.0,1,1146.0,295150.9,462.0,5439.0,16252.7,52181.7,0.0,2,280861.0,29714.66,25711.0,7,81,19180.0,12028.43,27304.0,2,50,16436.0,Y,3695.9,saving,M,66,LOW,4.6000000000000005,3,723.0,1,17.0
1523,15320,2629.0,18604.4,26230.0,6292.24,5923.0,50201.0,10408.0,100.0,85,1,3,2,18,402000,1,1,1.0,1,2173459.0,39833.19,100000.0,0.0,18373.5,27033.0,4.0,3,31891.0,108072.06,40348.0,3,7,42206.0,22544.7,74635.0,12,3,27884.0,Y,1492.11,current,M,35,LOW,9.0,7,656.0,0,17.0
1524,17968,8674.0,35449.8,4345.52,49444.95,17117.0,18957.43,17570.22,7.0,2,70,1,3,1,345000,1,1,1.0,1,692000.0,343342.9,1633.0,844.0,110230.19,191811.0,11.0,7,63843.0,48335.75,118465.37,3,171,75392.0,132084.75,137207.0,36,113,53524.0,Y,4288.47,current,M,33,LOW,2.6,5,366.0,1,4.0
1525,8288,10046.0,1847.0,6644.0,4172.0,6764.36,30087.3,7992.47,44.0,6,4,45,3,80,362000,1,1,1.0,1,205595.43,326326.9,766.0,-4612.00977,64104.16,81321.0,55.0,4,62186.0,22184.5,59819.06,1,2,99440.0,25520.0,56687.13,14,0,56930.0,Y,646.61,saving,M,37,HIGH,13.600000000000001,10,958.0,0,16.0
1526,19015,12243.0,10551.0,88.78,2020.2,12447.72,14767.665,15273.0,15.0,16,13,47,3,2,395000,1,1,1.0,1,120285.0,96096.0,60000.0,-5942.0,71603.32,50057.0,46.0,3,29887.0,66123.49,27617.0,9,86,29149.0,19556.01,360718.87,11,80,25320.92,Y,2716627.83,current,M,33,LOW,11.700000000000001,6,244.0,1,14.0
1527,19491,2143.0,3562.0,650.24,6846.42,3139.9,6269.5,1287.0,60.0,7,87,20,2,79,177000,1,1,1.0,1,1488748.8,30453.0,248000.0,10210.0,30388.96,63572.29,10.0,3,38947.0,11527.5,345221.54,1,108,24106.0,61650.05,80112.6,4,58,31581.0,Y,382.25,current,M,53,MEDIUM,26.400000000000002,4,355.0,1,11.0
1528,18988,2131.0,17746.35,26889.0,6956.73,74007.0,27132.0,130.0,67.0,23,16,8,9,1,784000,1,1,1.0,1,146931.8,1475000.0,130000.0,13135.0,13665.42,10268.0,46.0,17,47091.0,26103.0,173699.5,31,13,37023.0,22891.8,36354.25,9,103,27893.0,Y,824.26,current,F,60,LOW,8.0,8,924.0,0,18.0
1529,10010,15707.0,9756.85,10361.8,36073.75,2879.58,1718.3,1503.0,67.0,43,4,10,4,17,139999,1,1,1.0,1,3638.25,24703.0,155205.0,1992.0,99808.8,116360.0,11.0,36,36850.0,24503.3,150993.0,5,20,18126.0,76903.1,14912.0,2,104,19338.0,Y,5905.4,current,M,34,MEDIUM,11.200000000000001,3,966.0,1,10.0
1530,1965,14905.0,24873.86,1484.84,5566.0,976.2,839.0,5898.19,44.0,34,50,3,15,3,402000,1,1,1.0,1,293418.75,41813.0,23500.0,5340.0,19169.48,120768.0,32.0,2,62.91,14628.0,45632.19,5,2,69057.0,108519.9,13260.0,12,83,513622.0,Y,2431.75,current,F,58,MEDIUM,22.8,7,314.0,0,4.0
1531,8694,17368.0,10195.2,2651.33,2365.0,451.0,1551.0,3625.9,44.0,3,6,15,2,30,49999,1,1,1.0,1,20049.0,152664.0,30000.0,-5998.43994,24504.83,15225.0,36.0,7,22957.0,22977.0,72353.75,6,44,18542.0,204932.61,144715.0,3,52,11143.0,Y,5955.73,current,M,44,LOW,7.2,9,698.0,1,17.0
1532,14788,15706.0,5939.52,30994.0,32944.0,9954.0,805.3,12888.76,1.0,10,6,10,6,56,170000,1,1,1.0,1,3549.85,255000.0,22000.0,2921.0,40960.9,26662.0,57.0,9,38262.0,34606.0,151140.1,11,63,20237.0,17831.37,188186.21,2,49,21875.0,Y,8967.07,current,M,27,LOW,5.6000000000000005,7,355.0,1,18.0
1533,18302,7922.0,8496.5,997.3,2832.69,13356.0,14194.0,389.0,60.0,6,89,1,14,4,100000,1,1,1.0,1,48675.31,227697.61,68000.0,0.0,208071.23,131576.0,3.0,2,38646.0,92331.46,23380.35,2,13,17586.0,160483.49,171253.0,11,38,39834.0,Y,10959.16,current,M,47,MEDIUM,5.4,8,620.0,1,14.0
1534,18176,443.0,15401.9,3136.0,2183.57,1159.0,1066.0,2479.0,9.0,3,2,3,4,79,461000,1,1,1.0,1,4765000.0,201000.0,14904.0,4314.0,181601.5,34777.0,90.0,3,18276.0,38012.64,77433.48,42,12,11562.0,29264.75,32014.17,5,21,17403.0,Y,39725.97,current,M,53,LOW,9.9,5,836.0,0,15.0
1535,17137,8923.0,8409.0,914.4,22568.0,1773.0,12679.5,390.0,7.0,71,7,18,6,47,400000,1,1,1.0,1,39853.9,1752254.0,583.0,-4679.0,62911.52,248072.0,43.0,2,34553.16,124680.84,8640.0,7,24,8531.0,37846.0,123525.0,6,83,39677.0,Y,5751.43,saving,M,33,HIGH,2.6,7,614.0,1,3.0
1536,7359,124822.0,6269.7,5485.52,31216.63,7043.57,7106.0,1456.82,28.0,3,47,3,7,81,660000,1,1,1.0,1,670875.0,60000.0,28912.0,8572.0,33855.84,43992.0,17.0,2,28313.0,14361.0,30226.1,2,171,16000.0,19868.39,57391.0,6,63,552.0,Y,2988.35,current,F,39,MEDIUM,3.8000000000000003,7,700.0,1,16.0
1537,15538,17392.0,90039.86,2239.4,1693.55,4611.2,73653.2,443.0,3.0,1,117,7,20,56,324000,1,1,1.0,1,2173459.0,60040.0,54101.0,20324.0,35891.6,21341.0,69.0,2,31486.0,79883.95,95935.0,70,38,6466.0,18383.25,29483.0,3,18,80028.29,Y,18043.25,current,M,28,MEDIUM,1.6,7,927.0,1,20.0
1538,17177,19044.0,23055.0,1641.0,55879.4,460.0,16605.0,310.0,10.0,27,32,1,1,55,44000,1,1,1.0,1,229435.05,101.24,527.0,12174.0,3997.0,85377.0,43.0,13,62.0,20265.75,109158.0,2,38,14032.0,45102.93,23987.5,19,12,18085.0,Y,44134.21,saving,M,32,MEDIUM,12.0,8,653.0,1,5.0
1539,16726,2156.0,16742.3,986.0,6260.0,4115.94,4708.5,213.52,19.0,13,60,2,4,2,302000,1,1,1.0,1,168.75,201000.0,25524.0,6260.0,1587.5,53595.0,4.0,0,25049.0,59233.11,107455.79,2,27,44633.0,6590.6,25749.0,3,3,42.0,Y,991.42,current,M,34,MEDIUM,14.0,5,299.0,0,16.0
1540,10665,106283.0,12880.0,5979.58,1768.35,25779.0,6487.0,685.0,6.0,11,20,5,14,10,533000,1,1,1.0,1,3101.3,560000.0,30011.0,1332.0,41795.32,95285.0,42.0,11,21687.0,24698.0,42336.0,2,70,17754.0,123929.53,119092.0,2,50,27395.0,Y,27113.03,current,M,30,MEDIUM,9.0,6,270.0,1,17.0
1541,12734,19869.0,17655.0,7069.0,37673.54,17211.15,243.0,1209.0,16.0,56,74,2,4,54,483000,1,1,1.0,1,167.5,278360.16,33774.0,-5942.0,25117.02,132223.0,63.0,3,13215.0,2085.75,30167.0,3,7,30629.0,11010.0,66331.0,9,25,59480.0,Y,3477.77,current,M,33,MEDIUM,1.3,1,269.0,1,15.0
1542,9278,10862.0,2171.0,11335.3,9879.97,525.0,7805.275,3049.0,4.0,81,44,30,15,80,378000,1,1,1.0,1,5215.0,218670.0,13873.0,-4324.0,18623.01,22785.0,55.0,13,16636.0,34294.28,256949.1,0,12,95410.0,411289.5,47477.0,3,104,11446.0,Y,6326.69,current,M,38,HIGH,14.4,6,966.0,1,6.0
1543,1271,10425.0,1655.69,1082.9,7956.61,6834.14,784.695,3328.34,531.0,27,16,1,1,18,315000,1,1,1.0,1,456.1,330001.0,13873.0,35346.0,67854.72,32251.81,11.0,36,36204.0,14983.45,9100.0,3,8,72000.0,95756.66,138614.53,2,49,37027.0,Y,1929.97,current,M,29,MEDIUM,4.5,3,801.0,1,3.0
1544,1002,15908.0,28171.08,11063.0,33844.0,248.9,41344.44,2203.0,10.0,23,44,8,6,41,300000,1,1,1.0,1,3925.0,172678.56,678.0,8572.0,264585.25,78836.0,79.0,0,27018.0,45251.64,24028.75,2,63,16604.0,10445.36,175935.05,3,79,114707.0,Y,13792.25,current,M,47,LOW,21.6,3,270.0,1,10.0
1545,9968,1371.0,13190.14,10994.14,34491.44,5209.75,12053.6,2154.0,24.0,56,13,52,2,41,845000,1,1,1.0,1,291969.2,24703.0,527.0,0.0,553.57,20933.0,5.0,19,37872.0,40180.75,114901.0,43,4,102584.22,43750.0,80637.5,4,21,23443.0,Y,875.19,current,M,35,MEDIUM,4.5,9,753.0,1,9.0
1546,12697,14588.0,14613.79,4060.0,21165.0,9278.3,2300.0,5470.0,12.0,23,11,17,8,1,650000,1,1,1.0,1,138129.4,191000.0,25000.0,6885.0,94740.32,23804.5,7.0,30,52205.0,26072.72,39363.0,4,8,30672.0,76607.18,194857.0,49,79,38098.0,Y,454.56,current,M,53,MEDIUM,23.1,1,966.0,1,16.0
1547,9337,11971.0,47856.87,3604.0,43908.68,11170.92,1603.0,3575.0,44.0,32,20,1,4,79,267000,1,1,1.0,1,291969.2,1543.85,492.0,-6301.0,45633.99,14851.5,59.0,1,38494.0,27807.5,490985.0,11,1,26901.0,126315.63,165543.0,7,79,56509.0,Y,2980.38,current,F,33,MEDIUM,3.9000000000000004,4,314.0,1,14.0
1548,14745,324881.0,39693.93,97164.0,5936.9,48381.0,33868.445,1467.0,63.0,23,46,2,2,17,124000,1,1,1.0,1,7300.0,730000.0,2214.0,20324.0,44463.25,12462.0,79.0,26,67900.0,39235.33,56265.5,4,81,10615.0,4522.96,94082.95,5,0,37211.0,Y,9126.91,current,F,30,HIGH,9.0,1,710.0,1,4.0
1549,17445,15471.0,6952.0,215.04,12214.7,12238.6,3547.09,5256.0,56.0,29,4,47,1,1,595000,1,1,1.0,1,41883.6,1187335.5,130000.0,6916.0,18623.01,23831.0,8.0,14,68926.0,37377.25,78850.0,9,44,47340.0,96637.62,39380.0,6,10,56289.0,Y,12427.7,current,M,38,MEDIUM,14.4,10,886.0,1,4.0
1550,16459,8474.0,66401.66,363.0,49864.47,3172.89,960.1,98.0,12.0,99,4,4,3,30,293000,1,1,1.0,1,1665.0,43545.0,508.0,7984.0,31299.0,1918.0,63.0,13,17175.0,34307.1,65469.74,70,20,32300.0,32178.54,100314.0,7,124,18849.0,Y,946.55,current,F,66,HIGH,18.400000000000002,3,802.0,1,18.0
1551,12331,5723.0,13931.0,82275.0,2113.96,3384.01,14078.975,816.0,57.0,601,19,25,1,30,296000,1,1,1.0,1,10008.0,470000.0,28985.0,277.0,101015.75,53585.98,20.0,4,159993.0,60039.44,624932.0,1,63,93654.0,2142.0,93746.25,12,75,11704.0,Y,2445.76,current,F,30,HIGH,3.0,2,958.0,0,6.0
1552,17947,172234.0,40640.63,23593.66,3223.61,2080.0,2927.0,30966.91,26.0,1,72,7,3,58,466000,1,1,1.0,1,13659.0,119451.0,24619.0,3481.0,4221.47,71084.0,55.0,31,212471.0,36942.76,51257.0,23,82,27869.0,20089.89,55676.0,11,3,31868.0,Y,2783.46,current,M,33,MEDIUM,9.1,3,653.0,1,12.0
1553,1511,10202.0,5374.37,1442.69,1711.0,2859.84,3106.69,5156.0,44.0,10,67,2,36,1,302000,1,1,1.0,1,825.0,1475000.0,15756.0,903.0,105667.43,35256.0,82.0,9,63575.0,261242.49,92372.0,16,82,56558.0,20071.77,65961.5,3,8,30033.0,Y,10000.34,current,M,53,MEDIUM,19.8,6,858.0,1,15.0
1554,7819,12471.0,20862.09,1254.0,19701.5,93849.0,1214.66,389.0,57.0,17,69,2,25,1,100000,1,1,1.0,1,474401.25,150000.0,12000.0,1465.0,14351.56,30259.0,46.0,5,54.74,15427.08,57075.0,9,67,90921.0,14697.5,68042.0,3,0,18299.0,Y,7129.67,current,M,53,MEDIUM,23.1,1,535.0,0,3.0
1555,1684,4236.0,1340.93,1082.9,20434.59,20513.0,2127.445,5378.0,4.0,46,6,8,1,30,186000,1,1,1.0,1,72383.25,7576.0,3975.0,2351.0,225933.41,190772.91,10.0,1,21970.0,117468.8,45171.0,70,2,74900.0,37717.23,58714.0,36,38,12139.0,Y,4619.92,current,M,27,HIGH,4.9,9,355.0,1,14.0
1556,17374,960.0,2099.0,5008.0,17174.01,2354.0,11329.94,3877.52,531.0,22,74,5,1,10,199999,1,1,1.0,1,668728.4,12971.0,12337.0,20790.0,31615.0,163442.0,20.0,2,14599.0,28799.04,53783.5,4,81,12710.0,48181.73,81433.0,12,13,30753.0,Y,3884.86,current,M,53,MEDIUM,6.6000000000000005,4,802.0,1,20.0
1557,19848,7336.0,1652.0,8044.0,27771.39,2113.85,14758.87,9704.0,8.0,3,49,7,6,75,352000,1,1,1.0,1,291969.2,35000.0,610000.0,277.0,186394.92,126632.5,7.0,31,81537.0,50794.06,36071.05,17,12,62256.0,37493.81,66331.0,10,83,24768.0,Y,3215.66,current,M,64,MEDIUM,30.8,7,710.0,1,7.0
1558,7188,101663.0,642.0,13904.0,23571.0,15533.0,3807.65,4139.0,3.0,77,67,60,3,28,411000,1,1,1.0,1,13849.4,330001.0,768.0,35346.0,48115.25,7375.0,39.0,1,41260.0,51789.76,182908.0,12,11,27116.0,37496.69,70135.0,4,18,109400.0,Y,617.5,current,M,49,LOW,26.1,8,448.0,1,20.0
1559,1262,15902.0,15287.98,11044.0,38482.39,8915.8,2079.05,2338.0,24.0,2,112,19,2,10,466000,1,1,1.0,1,34443.0,375000.0,130000.0,1429.0,69397.02,169063.0,89.0,1,18720.0,44190.48,85914.0,5,27,28000.0,48891.31,46655.0,11,83,21179.0,Y,2676.81,current,M,33,HIGH,5.2,8,300.0,1,5.0
1560,12084,5799.0,11560.0,10621.73,2922.85,6667.36,14614.305,6343.0,6.0,84,50,25,4,11,232000,1,1,1.0,1,46962.5,482147.0,24619.0,6613.0,11372.25,209598.01,5.0,0,19859.0,32291.78,73413.0,1,8,22815.0,19567.61,60914.67,4,42,6492.04,Y,8883.7,current,M,66,LOW,9.200000000000001,7,374.0,0,4.0
1561,9814,4913.0,3194.0,4582.49,14515.5,6185.0,8950.22,7680.89,6.0,16,44,4,11,54,595000,1,1,1.0,1,26335.7,3.0,19400.0,1332.0,3356.25,26554.0,10.0,1,198650.0,43881.73,4096.0,1,82,34406.0,65865.23,63126.0,4,83,29435.0,Y,10795.66,current,M,53,LOW,3.3000000000000003,4,448.0,1,17.0
1562,14522,16710.0,4460.87,216.22,65605.0,2935.0,1207.95,37539.0,8.0,23,3,1,18,98,481000,1,1,1.0,1,4140.0,46500.0,711.0,35346.0,77820.0,134766.46,69.0,17,13475.0,92148.95,66907.0,35,6,6100.0,25738.26,47582.54,6,63,43052.0,Y,4810.1,current,M,53,HIGH,16.5,8,647.0,1,8.0
1563,15130,9432.0,3616.06,1308.79,13770.08,8278.13,13720.345,1022.0,2.0,46,38,3,15,79,293000,1,1,1.0,1,25506.67,16000.0,130000.0,12415.0,272349.58,38967.0,39.0,26,21461.0,87233.35,24175.0,0,50,15446.0,14462.41,57551.0,2,38,33142.0,Y,7480.16,saving,M,56,MEDIUM,25.200000000000003,9,867.0,1,16.0
1564,11920,12290.0,4562.27,14851.0,3239.27,896.63,4231.385,5279.61,8.0,9,64,49,9,16,272000,1,1,1.0,1,233727.15,71944.5,25849.0,24326.0,95810.45,65040.0,29.0,30,34619.0,14104.0,54570.0,1,28,25371.0,28327.63,80645.76,3,63,37842.0,Y,6952.62,current,M,60,LOW,16.0,10,743.0,0,19.0
1565,10119,208207.0,26218.0,10039.61,13846.26,3952.94,40602.0,1176.0,4.0,23,4,1,25,47,520000,1,1,1.0,1,28482.5,114.74,2214.0,0.0,1110.25,93730.0,32.0,3,19454.0,61569.45,69787.86,2,82,12603.0,9367.5,727.0,47,35,24110.0,Y,238.81,current,M,60,LOW,20.0,7,593.0,0,4.0
1566,893,20162.0,44932.05,10998.0,42866.44,9366.0,34489.0,868.5,19.0,27,135,5,15,31,75000,1,1,1.0,1,59703.93,202560.0,25524.0,-4324.0,29717.0,170874.09,46.0,36,32734.0,25982.0,78174.88,3,34,44838.0,26597.51,21700.0,5,58,20190.0,Y,1711.53,current,M,34,MEDIUM,12.600000000000001,3,748.0,1,20.0
1567,13478,9210.0,8720.0,4470.0,26757.91,1189.0,13059.0,2590.79,8.0,65,49,4,1,70,400000,1,1,1.0,1,168265.55,484729.69,6000.0,7478.0,24482.15,336094.0,79.0,31,26065.0,25589.0,30702.0,2,13,33030.08,48586.54,314068.0,2,25,6878.0,Y,8186.99,current,M,42,MEDIUM,22.0,1,249.0,0,19.0
1568,5587,8064.0,6858.0,5928.0,13257.81,5597.43,1941.38,213.52,12.0,38,29,42,15,98,47000,1,1,1.0,1,213557.15,470000.0,20887.0,-5942.0,3255.78,300222.61,12.0,36,41662.0,24109.0,29862.12,9,82,8470.0,25376.75,175886.25,28,58,38080.0,Y,3869.91,saving,M,33,MEDIUM,13.0,10,866.0,0,5.0
1569,12417,125836.0,12769.61,1042.0,6728.56,6123.0,1246.0,2027.0,6.0,17,49,52,4,68,156000,1,1,1.0,1,168.75,120000.0,6100.0,167.0,132709.84,12240.0,42.0,2,22879.0,228744.72,132804.5,3,8,3790.0,22138.0,15686.0,10,57,26258.0,Y,255.62,current,M,50,LOW,6.0,2,858.0,1,18.0
1570,12425,19053.0,1341.85,805.0,37057.64,2615.06,4217.0,2826.13,2.0,5,50,18,1,4,371000,1,1,1.0,1,9649.6,180000.0,12000.0,6916.0,65985.1,72414.0,41.0,3,46472.05,163745.5,128810.13,47,42,41272.0,83814.26,74465.5,14,21,26956.0,Y,413.31,current,F,28,MEDIUM,7.2,3,259.0,1,20.0
1571,4199,4326.0,3108.57,3831.0,12496.36,12241.55,11741.225,2622.0,6.0,16,14,45,1,47,13000,1,1,1.0,1,4614669.901,482147.0,50000.0,1465.0,58370.3,144341.0,11.0,1,15452.0,122864.97,21043.0,12,36,45403.0,54910.75,2131.23,3,24,94.0,Y,514.29,current,M,32,MEDIUM,8.4,2,684.0,1,8.0
1572,1621,17776.0,18376.4,4843.0,8559.5,14486.0,7633.0,887.0,6.0,2,35,2,51,5,750000,1,1,1.0,1,942327.7,221000.0,12337.0,20513.0,25309.0,160234.0,52.0,35,50960.95,40870.0,80886.0,12,20,16433.0,130499.74,24119.81,15,38,40944.0,Y,262.93,current,M,34,MEDIUM,11.200000000000001,9,866.0,0,10.0
1573,15618,7104.0,8720.0,262.31,14533.48,9138.14,12877.0,5341.17,531.0,10,3,1,2,80,481000,1,1,1.0,1,36368.7,68663.61,11379.0,-5439.0,11794.0,58301.0,18.0,6,23193.0,17314.68,180123.0,0,5,20460.19,48080.46,694.0,6,54,5750.0,Y,852877.86,current,M,63,MEDIUM,25.8,7,445.0,1,12.0
1574,2419,6723.0,4811.87,650.24,16574.0,1309.0,41044.0,5168.0,8.0,23,71,45,6,31,371000,1,1,1.0,1,94127.1,200015.58,50000.0,903.0,70473.39,39410.0,95.0,5,54001.0,10021.17,42719.0,6,8,132413.0,66500.26,33547.5,4,25,82462.0,Y,9213.4,current,M,42,MEDIUM,11.0,4,748.0,0,14.0
1575,9194,12894.0,17665.2,5418.11,3483.25,64496.5,3681.0,659.0,26.0,18,35,5,1,42,313000,1,1,1.0,1,7304.75,197800.0,34550.0,3983.0,38435.0,16874.0,42.0,2,32338.0,61930.49,79875.82,17,82,47709.0,753916.18,24237.0,6,9,51038.0,Y,1767.58,current,M,56,MEDIUM,32.4,5,883.0,1,12.0
1576,4811,2033.0,9247.27,662.66,47038.1,2155.0,4089.29,8617.0,3.0,26,35,1,1,1,30000,1,1,1.0,1,17377.25,57345.0,908.0,2351.0,38735.87,200749.0,2.0,23,46713.0,130530.41,55381.5,5,42,15807.0,118193.72,52213.0,2,11,22356.0,Y,3819.44,saving,F,42,MEDIUM,17.6,10,766.0,1,16.0
1577,184,8467.0,20660.26,6568.4,6846.42,10525.0,246.0,967.0,6.0,43,7,1,44,4,326000,1,1,1.0,1,12010.0,96096.0,508.0,5439.0,27874.25,42435.0,16.0,36,44958.0,314448.18,37595.0,19,50,23490.0,15285.78,8684.0,6,80,536.0,Y,3798.9,saving,M,47,MEDIUM,21.6,4,658.0,1,14.0
1578,7673,171246.0,8319.24,15425.16,3112.3,8980.91,1237.0,12803.75,100.0,15,64,11,48,13,232000,1,1,1.0,1,126303.7,16363.0,16114.0,-5998.43994,31266.12,66880.86,36.0,13,111963.0,28619.0,121505.0,35,7,41150.0,87578.31,25461.0,9,21,38901.0,Y,555.0,current,M,46,HIGH,23.400000000000002,8,723.0,1,20.0
1579,5331,6355.0,2180.5,9372.0,843.5,2651.58,3984.5,9928.8,16.0,47,10,11,5,70,378000,1,1,1.0,1,684495.7,16000.0,3570.0,1411.0,43953.51,300222.61,24.0,4,390599.0,44392.0,18601.0,4,63,8735.0,56509.19,144122.0,4,6,55220.0,Y,143.3,current,M,30,MEDIUM,7.0,4,247.0,1,14.0
1580,11376,16816.0,5104.0,21248.99,11386.47,3167.97,1502.785,2088.0,3.0,13,61,1,4,20,98000,1,1,1.0,1,209110.5,455873.9,508.0,-5998.43994,52923.91,239376.76,46.0,2,14184.0,25620.0,10258.0,6,70,193389.0,52626.23,141124.0,14,18,14508.0,Y,1651.38,current,M,66,MEDIUM,23.0,5,247.0,1,6.0
1581,11849,17216.0,3391.18,1555.0,14408.94,7813.0,1163.0,41760.88,6.0,37,82,1,1,55,190000,1,1,1.0,1,331.2,232897.0,678.0,8362.0,31413.48,17843.0,6.0,3,38930.0,50532.0,84708.0,3,63,35436.0,50196.18,46359.0,6,104,16241.0,Y,3235.61,current,M,28,MEDIUM,4.800000000000001,8,245.0,1,9.0
1582,8787,112527.0,45615.15,5008.0,10783.82,359.86,1486.52,25239.0,2.0,2,17,47,9,12,326000,1,1,1.0,1,684495.7,470000.0,300500.0,5773.0,7000.5,63182.0,40.0,1,27592.0,61423.62,146933.0,6,20,21850.0,74979.64,86391.07,49,120,18660.0,Y,2825.87,current,M,55,MEDIUM,3.5,5,537.0,1,10.0
1583,10534,9793.0,8619.33,5286.0,24978.85,5510.0,4139.09,2216.0,124.0,46,13,1,5,5,47000,1,1,1.0,1,1105487.1,273221.0,462.0,173.0,191264.81,278994.0,12.0,2,181272.0,13972.35,28636.0,9,8,39351.0,29808.31,377141.0,41,32,75134.0,Y,1026.21,current,M,34,MEDIUM,2.8000000000000003,8,424.0,1,10.0
1584,17673,18089.0,1911.57,13607.0,5755.91,1117.61,1612.0,42413.0,1.0,50,71,1,1,16,338000,1,1,1.0,1,2173459.0,71256.0,48374.0,-3506.17993,29473.0,76582.0,103.0,2,50368.94,3688.0,196412.0,31,82,26878.0,93082.01,94237.0,4,79,59977.0,Y,4416.62,current,M,30,MEDIUM,3.0,7,955.0,1,5.0
1585,3448,215840.0,22066.0,3604.0,7320.86,3839.0,26590.5,16255.0,19.0,99,13,1,9,47,47000,1,1,1.0,1,98062.5,12257.0,19081.0,5464.0,63409.0,50057.0,20.0,26,19892.0,7808.0,35881.0,23,25,41283.0,38824.0,38577.0,9,73,55721.0,Y,6603.9,current,M,47,LOW,2.7,7,370.0,0,15.0
1586,10527,346082.0,15369.27,20337.08,4453.18,4620.0,865.53,1615.0,26.0,25,11,2,7,20,232000,1,1,1.0,1,186189.0,12257.0,48500.0,-6885.0,94045.0,114719.0,39.0,0,26604.0,7313.38,31760.0,2,82,485000.0,41138.73,62985.0,5,0,12645.0,Y,8571.41,current,M,28,HIGH,4.800000000000001,8,743.0,0,6.0
1587,11883,8298.0,33213.93,5614.0,3341.09,5590.2,20588.04,2361.11,124.0,90,14,25,31,13,212500,1,1,1.0,1,26335.7,446457.0,45000.0,6916.0,27682.26,15468.71,42.0,14,28704.0,18571.98,305082.0,0,9,25859.0,2394.0,51111.0,3,6,28119.0,Y,9488.5,current,M,44,LOW,7.2,8,796.0,1,18.0
1588,12848,19383.0,16311.11,11820.52,6837.0,6247.9,1828.44,1913.0,2.0,99,13,25,2,39,102000,1,1,1.0,1,3950.0,227697.61,49900.0,6260.0,19988.56,20896.5,43.0,36,12517.0,89117.74,131002.5,1,67,19013.0,32057.56,12753.97,6,50,55959.0,Y,1351.7,current,M,36,HIGH,14.4,7,254.0,1,2.0
1589,5868,10040.0,25427.31,2352.13,24207.69,2699.0,47608.35,9034.01,100.0,30,71,10,38,47,147000,1,1,1.0,1,1486500.0,120000.0,15477.0,903.0,39706.08,64301.66,43.0,2,49162.0,18877.83,174142.5,6,9,60500.57,172642.26,42886.0,36,15,40379.0,Y,11085.42,current,M,28,MEDIUM,4.800000000000001,6,866.0,1,16.0
1590,16583,10388.0,12030.37,1370.0,6623.5,16729.0,9167.0,1412.0,2.0,9,13,4,15,67,48000,1,1,1.0,1,1038501.78,100000.0,2214.0,10455.0,32663.75,53841.0,11.0,14,8019.0,12935.0,156304.51,2,20,32123.0,46018.0,68267.25,93,96,20203.0,Y,4583.32,current,M,37,MEDIUM,6.800000000000001,2,883.0,1,11.0
1591,10388,1844.0,4214.72,519.0,11574.82,1309.0,6202.23,1779.0,6.0,32,4,1,12,5,34000,1,1,1.0,1,5383.25,119898.8,23500.0,2337.0,99665.11,31282.0,62.0,19,42588.0,12799.96,2074.0,6,20,200500.0,101770.0,10402.0,14,103,567.0,Y,13037.1,current,F,46,MEDIUM,5.2,5,523.0,0,19.0
1592,16019,227115.0,3984.78,11217.0,20146.26,2089.73,8839.0,1376.52,10.0,29,50,4,48,12,350000,1,1,1.0,1,48796.45,180000.0,2841.0,5730.0,4120.39,19278.0,29.0,7,16845.0,33093.5,48619.05,1,5,32707.0,26634.86,123656.0,40,58,12892.0,Y,8676.64,current,M,27,MEDIUM,7.0,1,866.0,1,18.0
1593,7396,389272.0,1417.43,34325.0,44831.6,592.15,986.0,2921.0,57.0,2,67,3,25,1,68000,1,1,1.0,1,18418.85,326326.9,50000.0,-4664.0,122796.51,46893.0,89.0,43,27627.68,102665.44,374.14,1,63,100000.0,24480.13,73777.0,4,103,99995.0,Y,9.23,current,M,34,MEDIUM,1.4000000000000001,9,270.0,1,3.0
1594,17517,137969.0,29690.0,1541.0,19993.26,9697.0,24352.57,2144.0,17.0,65,6,18,2,47,371000,1,1,1.0,1,67833.35,95000.0,230000.0,1444.0,54935.49,37448.0,50.0,13,22929.0,22553.97,97705.0,23,44,25762.0,17353.24,40440.0,1,21,20828.0,Y,2121.76,current,M,222,MEDIUM,101.0,7,536.0,1,3.0
1595,5123,15862.0,24729.04,3812.02,16630.0,6847.0,8576.83,1132.04,19.0,1,29,8,48,1,199999,1,1,1.0,1,13659.0,506383.85,126001.0,8362.0,43953.51,106360.5,18.0,3,29455.0,47749.0,51610.0,50,20,29647.0,5.23,57636.0,2,32,15739.0,Y,9033.21,current,F,29,MEDIUM,2.7,2,855.0,1,10.0
1596,12908,16535.0,12622.0,7184.0,34733.33,11209.0,7033.0,1336.92,66.0,46,46,42,4,62,232000,1,1,1.0,1,199690.5,79828.0,25728.0,2337.0,74820.03,59952.0,18.0,13,23425.0,515800.74,115270.65,3,25,47787.0,46520.88,120126.24,7,113,13000.0,Y,2076.25,current,M,62,LOW,33.6,8,445.0,1,7.0
1597,7317,15091.0,14564.09,7947.0,5266.28,16738.51,1073.0,1994.32,7.0,23,135,22,11,4,290000,1,1,1.0,1,2173459.0,326326.9,13533.0,8572.0,68425.82,186407.36,42.0,4,72273.0,13168.58,19810.0,70,81,300041.0,16250.58,5131.0,4,1,36958.0,Y,10949.18,current,F,44,MEDIUM,2.4000000000000004,1,249.0,1,13.0
1598,4096,102347.0,1373.69,16020.0,2328.29,54538.0,16142.0,3667.0,10.0,36,9,2,4,47,371000,1,1,1.0,1,684495.7,19000.0,49975.0,-4324.0,40532.0,160910.5,18.0,6,29315.0,58698.37,20255.0,42,24,15829.0,11754.05,94570.0,4,61,16554.0,Y,387.2,current,M,32,LOW,9.600000000000001,6,623.0,1,4.0
1599,19031,388816.0,89259.0,7845.0,10195.83,15598.0,8022.12,1114.0,60.0,3,72,10,8,54,48000,1,1,1.0,1,250631.8,31730.49,33330.0,-5942.0,8577.13,90881.0,12.0,14,32356.0,29793.76,533828.5,5,8,17953.0,652712.77,41675.0,5,76,119952.0,Y,79.51,saving,M,29,MEDIUM,1.8,8,700.0,1,2.0
1600,5465,3682.0,4410.45,3370.64,28369.91,9864.95,11393.0,1245.0,6.0,6,3,2,4,67,579000,1,1,1.0,1,64410.0,15300.0,30000.0,20790.0,27744.0,80278.65,52.0,1,20146.0,21713.0,24488.0,4,81,40017.0,56198.75,37682.0,9,12,62491.0,Y,9.23,saving,F,62,MEDIUM,33.6,1,743.0,1,7.0
1601,10029,204786.0,2541.0,285.0,8559.5,1538.0,5647.26,5561.0,1.0,34,10,3,4,11,306000,1,1,1.0,1,223000.0,20098.0,48374.0,3897.0,38120.17,11619.0,16.0,4,34582.0,31708.34,57773.86,8,6,24476.0,67832.63,51711.0,5,73,517.0,Y,6452.71,current,F,223,LOW,20.3,10,639.0,1,15.0
1602,8712,10971.0,9798.26,190.0,10751.0,4637.85,937.745,499.4,3.0,18,44,1,15,13,104000,1,1,1.0,1,1910215.0,157624.24,3000.0,1500.0,18682.0,49720.0,43.0,26,30539.0,5720.24,130195.0,6,11,9698.77,56648.95,82915.0,4,73,388145.0,Y,1154.23,saving,M,47,MEDIUM,18.900000000000002,8,858.0,1,7.0
1603,5089,13009.0,6080.38,3550.0,722.5,13152.42,5871.6,266.0,24.0,10,6,57,12,36,522000,1,1,1.0,1,140262.4,189246.0,6100.0,1444.0,80074.75,10248.96,11.0,1,35629.0,126012.94,374544.0,45,1,6870.0,107872.9,61840.0,4,38,108697.0,Y,7279.2,current,M,31,MEDIUM,3.3000000000000003,3,307.0,1,2.0
1604,1593,16794.0,29046.0,814.0,4629.0,4319.0,23058.54,3081.0,44.0,83,4,2,4,55,524000,1,1,1.0,1,26360.0,1024477.47,59414.0,7478.0,34839.38,11033.0,62.0,2,15938.0,202441.75,173583.0,10,78,1000.0,37834.85,30646.75,2,13,12604.0,Y,827.61,current,M,30,MEDIUM,1.0,2,755.0,1,15.0
1605,11545,222.0,1406.84,977.01,55253.61,9023.0,4281.0,11821.0,20.0,13,17,8,60,20,330000,1,1,1.0,1,13762.5,107692.0,12000.0,0.0,43818.51,6137.0,69.0,0,99665.0,25094.56,78982.0,20,5,113770.0,205064.4,24184.0,62,3,403.0,Y,1924.5,current,M,33,LOW,5.2,5,799.0,1,8.0
1606,11416,1910.0,816.76,10503.05,2582.9,14081.12,18724.5,908.0,7.0,22,87,3,25,3,379000,1,1,1.0,1,89908.8,785115.94,130000.0,5464.0,180983.38,13014.0,43.0,13,159847.0,23025.95,30285.5,1,21,14196.0,44051.0,89361.0,49,38,43000.0,Y,0.0,current,M,38,MEDIUM,3.6,4,974.0,0,5.0
1607,11698,12799.0,4412.84,980.44,11646.17,1638.0,1206.34,8617.0,104.0,10,71,82,2,77,35800,1,1,1.0,1,225823.8,52985.43,4895.0,1465.0,25861.52,36979.0,55.0,36,74787.0,4384.5,22935.0,2,21,468.0,227929.0,68746.29,3,6,286150.0,Y,2342.82,current,M,33,MEDIUM,1.3,4,249.0,1,15.0
1608,4892,20119.0,6960.58,402.0,5114.7,1131.23,16193.0,3188.5,1.0,3,38,15,2,16,147000,1,1,1.0,1,683316.0,60000.0,1036.0,-12179.0,200098.68,76058.0,67.0,36,3365.0,51213.0,18142.5,3,7,32777.0,31784.32,17058.0,4,39,16785.0,Y,2872191.3,saving,M,40,LOW,14.0,1,683.0,1,10.0
1609,625,12813.0,707.0,976.01,5716.21,1364.65,35115.985,2111.0,7.0,3,4,2,3,54,190000,1,1,1.0,1,3938.25,116000.0,16114.0,2921.0,196562.51,29608.0,63.0,3,29718.0,16161.11,50019.0,3,7,205558.0,50285.5,78614.0,3,22,43172.48,Y,720.23,saving,M,28,MEDIUM,2.4000000000000004,2,818.0,1,19.0
1610,708,7214.0,176584.68,4467.0,7032.22,819.0,3273.52,4802.8,44.0,22,87,1,3,1,272000,1,1,1.0,1,8256.6,35000.0,4699.0,-7652.0,34401.06,13142.0,18.0,13,59800.0,7316.3,337091.0,1,6,31571.0,5093.0,12395.0,4,96,31896.0,Y,3129.17,current,M,65,LOW,13.5,10,743.0,1,11.0
1611,12781,14543.0,15155.93,12701.75,3155.94,3155.0,2673.0,3126.0,52.0,46,35,1,4,55,306000,1,1,1.0,1,1359.3,190887.4,2214.0,3735.0,14361.48,73663.0,11.0,7,103141.0,109643.0,72884.0,11,8,33356.0,28198.75,91233.0,46,32,38188.0,Y,4657.32,saving,M,42,MEDIUM,4.4,4,628.0,1,17.0
1612,5529,9840.0,8134.3,5572.0,10302.495,17069.0,13030.27,8540.5,12.0,10,89,1,55,7,327000,1,1,1.0,1,64410.0,111000.0,300500.0,5730.0,25141.0,76468.0,39.0,4,65364.0,86041.55,170851.63,0,17,85.55,36051.0,1541.0,3,13,64.0,Y,25260.75,current,M,38,MEDIUM,3.6,4,508.0,1,7.0
1613,9918,6390.0,9224.79,11309.79,4298.87,22304.86,20727.65,445.0,24.0,1,7,4,2,5,232000,1,1,1.0,1,3938.25,167870.79,6100.0,17397.0,117150.3,71510.0,11.0,30,85231.0,13286.0,20353.0,2,20,19631.0,17848.75,57883.0,94,113,58720.0,Y,2589.49,saving,M,32,LOW,12.0,6,525.0,1,3.0
1614,14978,951.0,12695.83,22579.0,19057.42,28591.0,3273.52,1066.2,1.0,6,9,11,1,58,400000,1,1,1.0,1,27078.09,251131.79,105000.0,1014.0,177742.36,28282.0,11.0,33,48214.0,70675.16,40254.0,2,59,29538.0,67357.23,372302.8,3,32,39938.0,Y,21718.02,current,M,32,MEDIUM,2.4000000000000004,2,525.0,1,12.0
1615,8757,2484.0,20199.95,4157.0,73629.66,3712.0,5424.77,6452.0,1.0,22,49,2,4,5,157000,1,1,1.0,1,319201.67,66.0,49975.0,977.0,30169.5,28174.91,40.0,5,14408.0,27637.59,89358.0,1,171,30740.0,927.0,95263.0,62,58,62394.0,Y,942.97,current,F,42,MEDIUM,4.4,6,799.0,1,14.0
1616,15850,98987.0,4460.87,95.0,3875.0,11326.0,9861.145,986.0,4.0,84,74,7,9,1,466000,1,1,1.0,1,104980.25,730000.0,73217.0,35346.0,43222.17,112604.0,4.0,17,11625.0,49917.25,11893.0,11,44,171280.0,110782.15,62933.24,62,7,16860.0,Y,513.57,current,F,34,MEDIUM,4.2,7,725.0,0,10.0
1617,18719,10582.0,2324.52,402.0,25212.48,4435.92,6014.5,3264.0,19.0,2,16,42,1,47,47000,1,1,1.0,1,9624.6,31730.49,28912.0,-5439.0,208.0,53233.0,29.0,13,327000.0,30354.25,48348.0,3,8,38500.0,48088.92,15377.0,10,18,31525.0,Y,19498.61,saving,M,66,MEDIUM,32.2,10,614.0,0,3.0
1618,19076,19308.0,10079.11,4730.32,1521.0,13856.24,5116.0,6324.0,7.0,26,6,2,2,30,190000,1,1,1.0,1,6558.8,1423567.1,1633.0,-3506.17993,30801.0,77959.0,5.0,2,19421.0,240300.0,93572.0,2,8,22675.0,22920.42,35729.5,19,79,22349.0,Y,8757.9,current,M,47,HIGH,10.8,3,355.0,1,12.0
1619,6891,16781.0,3890.5,805.0,19221.12,10133.0,4247.0,1286.74,8.0,23,35,1,1,31,366000,1,1,1.0,1,31454.1,429273.4,73217.0,10455.0,420087.25,126120.5,42.0,5,6039.0,100687.55,130182.0,1,59,52063.0,126814.06,4359.0,93,0,140329.0,Y,5410.96,saving,F,44,HIGH,16.8,2,801.0,1,13.0
1620,15164,18501.0,21819.59,1007.2,6166.85,623.0,2185.0,2629.84,57.0,19,4,10,56,16,520000,1,1,1.0,1,291969.2,120000.0,23032.0,6885.0,2936.0,70242.0,4.0,36,24511.0,192631.0,48743.76,10,20,26680.0,18895.88,244224.0,6,1,30520.0,Y,7856.84,current,M,32,MEDIUM,2.4000000000000004,3,503.0,1,5.0
1621,13901,17605.0,12148.07,253.0,374.36,1182.0,1462.03,779.0,17.0,65,10,24,1,41,169000,1,1,1.0,1,192215.0,900000.0,15756.0,6916.0,60874.45,5204.0,48.0,0,18720.0,17995.27,34244.37,43,5,55852.0,47874.59,70625.0,14,6,67525.0,Y,4759.7,current,F,29,LOW,6.300000000000001,4,867.0,1,8.0
1622,10592,4751.0,8211.6,3680.0,49748.8,4033.0,3270.0,6836.0,6.0,3,3,50,9,37,480000,1,1,1.0,1,68908.5,409168.15,80000.0,35346.0,43232.47,4252.38,46.0,2,309.0,9877.25,64198.0,70,50,43714.0,13687.0,44129.0,3,42,21432.0,Y,49.2,saving,M,62,LOW,37.800000000000004,8,805.0,0,15.0
1623,19949,13245.0,59246.0,1047.0,7101.34,5633.0,6500.35,17736.0,4.0,4,1,2,15,98,68000,1,1,1.0,1,47.45,163.14,3975.0,5730.0,33426.97,515.0,77.0,11,125461.0,97556.36,45194.5,7,25,84830.0,110236.0,76740.0,6,18,19000.0,Y,237.04,current,M,33,HIGH,13.0,10,536.0,1,10.0
1624,15525,137675.0,6876.0,4137.8,6612.45,1015.0,29623.0,24252.88,2.0,6,50,5,25,56,453000,1,1,1.0,1,1955.6,17000.0,155205.0,20790.0,29143.29,56022.49,35.0,26,32335.0,69437.0,45621.0,5,30,2090.0,33472.4,29381.0,6,104,93503.0,Y,7207.85,current,M,37,MEDIUM,5.1000000000000005,6,743.0,1,18.0
1625,3188,2826.0,20546.0,2043.21,15360.5,2061.0,1393.52,627.44,1.0,65,16,1,2,4,134000,1,1,1.0,1,2242.35,100934.0,1135.0,1500.0,63828.32,36795.0,46.0,3,14183.0,17055.34,13152.0,3,7,17719.0,29651.78,67873.77,41,7,8554.0,Y,37319.13,current,M,37,LOW,17.0,2,753.0,0,13.0
1626,2298,6201.0,47472.11,189.0,5694.0,1581.4,4281.0,6943.16,15.0,10,5,54,25,1,510000,1,1,1.0,1,825.0,119831.0,13873.0,-4324.0,17390.12,53019.5,46.0,35,25346.0,1937.0,37573.0,1,1,17680.0,76960.23,82161.0,4,54,19889.0,Y,18242.25,current,M,40,MEDIUM,2.0,5,723.0,1,2.0
1627,7583,103301.0,10079.0,3444.37,3252.0,5282.0,6618.45,5773.0,8.0,1,2,1,18,26,98000,1,1,1.0,1,526.25,235.17,4699.0,5439.0,124948.17,187746.0,11.0,2,13350.0,12126.17,776054.97,31,49,21318.0,17409.68,88912.0,3,12,1752648.0,Y,212.53,current,F,40,MEDIUM,8.0,10,966.0,1,15.0
1628,13181,182883.0,5254.0,4827.0,5322.55,1689.28,35673.0,7597.0,2.0,3,1,3,1,47,520000,1,1,1.0,1,34443.0,223379.4,1633.0,5773.0,54202.25,13185.87,16.0,36,53600.0,79251.74,19477.0,6,171,25898.0,36891.68,29695.0,43,21,74209.55,Y,8603.94,current,M,40,MEDIUM,12.0,10,683.0,1,8.0
1629,2011,18510.0,5929.48,4892.04,31051.0,1572.0,4971.85,1897.0,531.0,4,30,1,2,11,371000,1,1,1.0,1,1215.0,143000.0,16215.0,10455.0,18829.9,72293.0,15.0,1,22604.0,4160.0,48403.0,43,8,34350.0,13763.0,25067.96,49,13,20420.0,Y,525.77,current,F,39,MEDIUM,1.9000000000000001,6,593.0,1,7.0
1630,15383,6582.0,18442.38,4022.52,5145.84,10434.28,31823.76,1109.58,4.0,37,110,3,44,6,371000,1,1,1.0,1,170590.75,105000.0,28913.0,-5715.49022999999,22814.56,210680.0,70.0,1,14310.0,206970.88,23881.0,23,18,9428.0,83713.51,85677.0,2,80,40604.0,Y,458.21,current,M,58,MEDIUM,38.0,1,858.0,1,14.0
1631,495,19660.0,663.01,17925.04,5345.36,465.86,39514.38,816.0,2.0,18,32,1,4,7,59000,1,1,1.0,1,2666.4,5241.0,505.0,-5942.0,59143.48,24143.0,11.0,3,70089.41,74462.0,10133.0,4,8,29622.0,70601.97,78486.0,3,63,49708.0,Y,801.24,current,M,39,LOW,11.4,8,809.0,1,12.0
1632,4102,326413.0,33264.25,2666.95,30335.37,1726.0,12211.88,2575.38,50.0,23,50,11,3,5,138000,1,1,1.0,1,970271.35,150000.0,1036.0,2921.0,26913.25,87367.88,42.0,1,16145.0,45478.57,78620.0,4,82,37033.0,92222.66,11841.93,46,75,26685.0,Y,9622.12,current,M,53,LOW,6.6000000000000005,3,525.0,1,13.0
1633,11965,19484.0,45300.79,632.0,18011.0,746.0,49888.17,1171.0,6.0,2,110,18,11,1,120000,1,1,1.0,1,58834.74,86868.0,8333.0,0.0,56204.02,155394.0,16.0,2,110850.0,29639.0,6574.0,5,29,155429.0,61664.85,24243.5,3,11,109572.0,Y,1181.49,current,M,58,MEDIUM,15.200000000000001,4,644.0,1,5.0
1634,18987,288512.0,7367.75,449.0,5282.95,1653.0,2981.25,13271.0,1.0,26,135,3,18,30,192000,1,1,1.0,1,526.25,50000.0,10973.0,1332.0,122184.37,23746.85,5.0,5,12250.0,16040.88,43217.0,4,46,39761.0,105627.35,34475.0,7,24,12840.0,Y,104770.2,current,M,55,LOW,35.0,2,685.0,1,18.0
1635,14662,249.0,3532.0,10291.4,27081.92,1468.0,1661.3,4258.76,60.0,10,67,82,1,26,461000,1,1,1.0,1,134985.0,41.26,3850.0,-6301.0,3420.83,281271.0,43.0,3,97268.0,52504.42,397.0,8,108,41140.0,38894.19,16583.86,21,1,27093.79,Y,2288.38,current,F,51,LOW,27.900000000000002,1,355.0,0,20.0
1636,14787,9604.0,6405.53,16839.45,9220.14,10935.0,3947.37,1402.0,136.0,43,50,8,31,67,461000,1,1,1.0,1,72937.76,5241.0,4458.0,17080.0,244591.5,55120.0,5.0,0,18808.0,33906.35,22297.0,1,20,4035.0,28164.01,31199.0,58,6,197825.0,Y,419.51,current,M,63,MEDIUM,38.7,8,486.0,0,12.0
1637,4648,337730.0,24054.05,2698.54,35836.97,4118.0,19486.5,1751.0,53.0,84,74,2,1,12,263000,1,1,1.0,1,58121.25,350000.0,68000.0,4795.0,10179.58,68223.0,63.0,0,52780.0,19715.12,35169.0,6,5,26003.15,7202.92,47970.07,6,103,14455.0,Y,7378.62,saving,M,56,MEDIUM,3.6,10,454.0,1,18.0
1638,5061,8688.0,12375.39,362.0,23547.0,1075.0,658.0,2296.0,2.0,10,82,2,2,8,49999,1,1,1.0,1,41070.0,8000.0,20887.0,20513.0,271902.16,85597.57,42.0,5,13822.0,26804.84,43118.0,1,8,16050.0,33588.0,14102.0,8,12,200000.0,Y,3531.58,current,M,62,MEDIUM,42.0,2,558.0,1,3.0
1639,13999,3772.0,17397.92,3892.0,21766.0,888.0,9410.05,4544.0,10.0,15,16,1,2,34,1000000,1,1,1.0,1,15079.5,80489.0,15654.0,6441.0,100855.11,91119.0,55.0,2,24716.0,14695.78,100655.0,3,70,23448.0,32122.83,62285.0,1,67,306.0,Y,6592.55,current,M,30,MEDIUM,9.0,3,536.0,1,19.0
1640,15597,9804.0,51261.22,5611.0,2522.0,13439.0,70653.0,1697.0,7.0,14,50,3,2,3,100000,1,1,1.0,1,2173459.0,244483.3,6100.0,2351.0,62977.23,333253.0,46.0,2,95200.0,20555.0,842406.5,35,42,16878.0,22979.0,122606.0,40,50,44924.0,Y,8825.79,current,M,40,HIGH,16.0,6,969.0,1,9.0
1641,3686,394496.0,26717.83,11820.52,926.0,8358.36,1610.0,17045.0,26.0,13,117,53,2,8,271000,1,1,1.0,1,9220.2,15300.0,130000.0,8723.0,32146.0,111650.0,7.0,19,17146.0,22139.32,38723.0,3,20,16145.0,21849.92,44193.5,3,83,82438.0,Y,1911.82,current,M,29,MEDIUM,2.7,5,269.0,0,7.0
1642,17015,298665.0,49003.55,9647.57,3715.65,1513.0,1517.0,8540.5,60.0,81,44,2,6,3,448000,1,1,1.0,1,6558.8,7194.0,54101.0,3983.0,93000.65,46474.0,4.0,5,24985.0,59774.0,149134.0,47,82,28981.96,8014.58,24713.5,6,13,26937.0,Y,5847.93,current,M,64,LOW,35.2,2,867.0,0,20.0
1643,14705,17298.0,59817.06,4531.0,1719.49,4493.97,7021.07,4441.0,8.0,30,69,50,3,39,366000,1,1,1.0,1,41883.6,163.14,25000.0,3897.0,42986.0,217337.53,24.0,11,25278.0,22298.34,42526.0,2,8,24827.91,5193.0,34204.0,7,8,35225.0,Y,10055.05,current,M,58,MEDIUM,30.400000000000002,2,233.0,0,6.0
1644,14608,287137.0,56001.71,1333.0,128441.0,886.5,5343.0,19058.68,6.0,3,7,10,5,42,130000,1,1,1.0,1,684495.7,175000.0,1097.0,553.0,19085.43,77778.0,0.0,1,19915.0,110710.93,254507.8,50,13,56387.0,104309.4,627.0,7,50,31946.0,Y,16171.67,current,M,55,MEDIUM,10.5,7,394.0,1,6.0
1645,19843,4742.0,3916.24,5347.85,13349.9,864.39,3564.0,3718.67,7.0,10,35,50,1,47,199000,1,1,1.0,1,11027.5,54395.0,3792.0,-3053.0,35651.95,58105.87,42.0,0,74851.0,126473.87,221332.5,4,70,88260.0,90516.0,14982.5,2,87,69650.03,Y,3947.4,current,M,34,MEDIUM,14.0,6,366.0,1,14.0
1646,11958,10039.0,3771.52,1711.0,2227.825,20101.0,4226.5,2727.0,101.0,99,70,47,25,22,345000,1,1,1.0,1,4230125.0,78050.0,12337.0,20513.0,53992.81,15907.0,35.0,36,26435.0,8364.64,42828.0,2,81,43336.0,10045.0,127347.75,4,35,37783.0,Y,48.54,current,M,36,MEDIUM,16.0,9,536.0,1,20.0
1647,8500,100035.0,2629.61,4868.31,19877.0,5733.0,4569.265,945.97,3.0,2,2,18,1,70,378000,1,1,1.0,1,39853.9,25404.0,15477.0,5439.0,34926.21,19245.0,11.0,5,214.0,48796.0,19075.0,3,13,10205.0,96989.67,110438.0,39,21,31930.0,Y,350.32,current,M,49,LOW,14.5,1,958.0,1,18.0
1648,10057,10052.0,8141.49,815.0,14800.01,2318.0,15426.775,7011.0,25.0,4,69,47,25,77,350000,1,1,1.0,1,3380.0,3084.5,13533.0,2000.0,20679.48,47653.0,18.0,25,18139.0,58860.32,78371.0,3,11,39182.0,130901.2,4651.4,9,113,36257.0,Y,13904.19,current,M,58,LOW,3.8000000000000003,9,974.0,0,15.0
1649,6689,20110.0,2916.78,8203.07,16175.35,1309.0,9544.0,8926.26,32.0,32,16,15,5,26,28000,1,1,1.0,1,516.8,43397.0,1143.0,10455.0,22531.16,99744.0,18.0,36,25.59,53459.55,30644.0,1,14,57632.0,140693.39,139871.29,11,49,34338.0,Y,123942.18,current,F,28,MEDIUM,6.4,1,614.0,0,16.0
1650,6798,231787.0,4033.2,3926.0,33256.45,1544.75,10869.0,10111.2,17.0,30,64,50,11,5,240000,1,1,1.0,1,94493.75,545000.0,1611.0,12415.0,49071.84,119460.0,24.0,43,16167.0,241096.41,111997.75,2,8,22393.0,46359.63,392846.0,36,22,14347.0,Y,15232.25,saving,M,40,MEDIUM,20.0,8,685.0,1,14.0
1651,1198,7167.0,15356.57,7370.02,12140.88,24804.75,129754.02,87.0,4.0,10,6,4,2,1,199999,1,1,1.0,1,41.4,167870.79,610000.0,5439.0,24427.0,51725.0,10.0,15,28935.0,41226.11,1162.0,6,26,56355.0,64789.27,52138.0,7,106,15765.0,Y,1006.67,current,M,39,LOW,9.5,3,640.0,1,5.0
1652,4427,13511.0,2731.0,16561.89,666.0,1956.84,2062.545,3150.8,46.0,2,77,18,18,8,53000,1,1,1.0,1,168.75,167870.79,12000.0,1444.0,243291.91,322317.0,10.0,26,14172.0,15712.51,55132.0,43,40,30700.0,85404.73,55648.0,40,21,81180.0,Y,10992.02,current,F,47,LOW,10.8,7,244.0,1,19.0
1653,14671,2645.0,12641.5,2770.0,103562.09,5054.0,26932.54,5150.0,63.0,99,4,1,2,25,575000,1,1,1.0,1,99984.83,76157.6,3975.0,12415.0,73186.06,23344.0,43.0,17,28039.0,20694.0,128857.0,4,20,35914.0,5341.3,133354.25,6,63,32395.89,Y,35696.73,current,M,47,MEDIUM,8.1,8,324.0,1,17.0
1654,12866,13387.0,4723.88,10621.73,2604.5,9436.5,7405.0,48455.25,44.0,2,4,1,3,9,406000,1,1,1.0,1,213557.15,208652.0,24619.0,10210.0,47924.9,26882.0,9.0,36,108647.0,6660.4,34815.0,31,20,2750.0,161623.0,1522749.68,4,103,15310.0,Y,106.5,current,M,51,HIGH,6.2,8,974.0,1,3.0
1655,18485,8669.0,11667.0,408.0,5800.51,1364.65,17859.0,215.02,531.0,2,653,1,1,98,393000,1,1,1.0,1,2100.0,25404.0,60000.0,2921.0,11246.0,29324.0,39.0,26,20916.0,41626.13,47682.0,7,8,36400.0,25360.0,24249.0,19,73,20543.0,Y,3741.27,saving,M,120,LOW,90.0,9,523.0,1,2.0
1656,7661,14182.0,3359.5,2695.0,4788.0,1290.0,20209.0,2622.0,12.0,56,50,41,1,1,408000,1,1,1.0,1,4400.0,157624.24,2644.0,5439.0,25705.66,68445.0,90.0,5,16218.0,37596.36,49461.0,3,108,40225.0,91488.69,542503.0,4,17,27500.0,Y,4400.32,current,F,42,LOW,11.0,7,506.0,1,12.0
1657,11260,263679.0,39661.0,830.0,2721.0,7029.34,14758.87,4957.28,31.0,66,67,50,2,8,341000,1,1,1.0,1,327324.9,68663.61,908.0,-3506.17993,24409.0,28870.56,11.0,13,53950.0,79971.0,22878.0,3,44,84830.0,39718.55,41865.0,40,49,2373.0,Y,10533.87,current,M,62,LOW,16.8,3,123.0,1,17.0
1658,16541,4346.0,3063.5,16025.0,30035.0,1093.25,6789.43,842.0,1.0,23,67,3,3,47,244000,1,1,1.0,1,146931.8,41813.0,96497.0,8572.0,42135.97,16288.0,11.0,0,28313.0,24533.62,91251.0,5,108,57356.0,31282.5,48377.0,11,21,37505.0,Y,3484.87,current,M,33,LOW,6.5,5,880.0,1,16.0
1659,8535,13773.0,4366.0,2060.5,11925.5,1003.0,9058.125,5641.7,59.0,99,52,4,2,6,232000,1,1,1.0,1,151000.0,41.26,8417.0,14509.0,45607.91,53600.88,43.0,35,63758.0,122208.79,49516.0,2,81,64988.0,75958.9,28847.0,21,36,36056.0,Y,601.19,current,M,30,MEDIUM,5.0,7,619.0,1,9.0
1660,832,134225.0,15808.19,7018.45,8492.94,3957.58,13043.825,10044.0,18.0,3,30,1,18,20,83000,1,1,1.0,1,13668.25,200926.0,927.0,6885.0,81035.43,90839.0,69.0,1,46688.0,64358.0,65059.0,2,59,199903.0,39993.0,53960.0,14,106,36775.0,Y,1316.38,current,M,37,MEDIUM,15.3,2,882.0,1,9.0
1661,1918,2748.0,20660.26,3552.5,522.0,5633.0,31951.91,4784.32,4.0,30,44,4,3,47,371000,1,1,1.0,1,58834.74,1543.85,28913.0,-5998.43994,26620.25,2200.0,27.0,4,16897.0,35514.55,12526.0,5,7,25621.0,58889.93,50918.0,49,21,231571.0,Y,20.1,current,M,32,HIGH,8.4,9,575.0,1,11.0
1662,17954,5533.0,2287.55,4271.2,48937.9,10246.0,15181.735,11767.49,32.0,66,5,4,1,1,120500,1,1,1.0,1,41883.6,17000.0,6738.0,1500.0,31612.76,96348.0,3.0,5,25265.0,12680.81,17293.0,9,50,36400.0,121549.0,23533.7,11,6,32717.0,Y,3943.97,current,M,34,HIGH,11.200000000000001,8,623.0,1,11.0
1663,12594,4270.0,9208.0,18434.63,4257.0,4107.91,14459.77,1914.0,100.0,77,7,1,24,17,369000,1,1,1.0,1,15079.5,68663.61,28985.0,4856.0,22329.13,24453.0,10.0,3,280861.0,30148.52,14139.37,0,20,41100.0,161687.0,140166.0,6,18,61645.0,Y,12851.11,current,M,51,MEDIUM,12.4,5,796.0,1,4.0
1664,2500,15593.0,6049.5,2607.0,13689.53,1451.02,10342.12,1988.0,16.0,32,62,1,31,1,378000,1,1,1.0,1,544500.0,39833.19,5797.0,4150.0,45697.49,153687.0,18.0,35,13703.0,64029.0,33094.0,11,20,38546.0,309461.86,662.0,93,124,38885.0,Y,52663.81,saving,M,55,MEDIUM,7.0,3,723.0,1,11.0
1665,3619,304624.0,1485.0,1899.0,3185.0,2249.73,33452.55,443.0,44.0,14,64,19,3,64,379000,1,1,1.0,1,496065.0,7194.0,183999.0,-4679.0,72730.88,124644.0,42.0,2,51770.0,10781.57,52929.5,0,13,126424.0,65198.88,24002.0,47,80,93750.0,Y,640.49,current,M,40,LOW,8.0,5,486.0,1,5.0
1666,11668,91789.0,40640.63,8000.5,11223.88,159.0,2068.25,112526.0,10.0,83,84,8,36,9,263000,1,1,1.0,1,506688.65,335948.0,27809.0,-6335.0,20060.75,52373.0,5.0,3,16570.0,32247.0,52521.21,4,13,300801.0,52354.0,8704.0,9,49,45863.0,Y,24911.14,current,M,33,MEDIUM,13.0,2,802.0,1,6.0
1667,8449,11043.0,17941.38,82275.0,2656.68,18665.23,48412.0,22520.0,6.0,8,11,35,28,36,352000,1,1,1.0,1,64410.0,22400.0,639.0,12415.0,49328.54,32807.0,103.0,2,41167.0,54365.3,9597.0,1,86,8213.0,355348.61,155496.0,2,37,49766.0,Y,276.99,current,M,30,MEDIUM,8.0,8,626.0,0,17.0
1668,6175,15881.0,53141.48,21265.7,7359.0,10463.0,1460.945,2164.0,29.0,4,35,1,56,34,44000,1,1,1.0,1,71191.8,14000.0,639.0,-4679.0,9695.22,687651.0,63.0,0,53025.0,13964.5,62396.0,45,84,22742.92,39424.88,67894.5,3,76,29412.0,Y,799.96,current,M,47,LOW,13.5,1,454.0,1,19.0
1669,11090,100775.0,1963.28,5058.0,6542.84,1561.72,20537.45,414.0,5.0,43,6,25,15,3,303000,1,1,1.0,1,568.8,560000.0,4367.0,7478.0,328.95,46476.0,77.0,19,40922.0,51891.36,6276.0,31,5,950.0,50242.0,72088.0,39,106,111486.0,Y,7852.6,saving,M,31,MEDIUM,2.2,6,633.0,1,12.0
1670,9395,10304.0,21932.49,1533.68,2189.32,1117.2,4888.0,2316.0,6.0,66,84,2,2,98,44000,1,1,1.0,1,39851.93,15036.0,8060.0,6916.0,29934.92,46005.0,40.0,4,168964.0,30609.11,30226.38,6,8,22811.2,72343.4,39005.0,6,13,38627.0,Y,5331.17,current,M,62,MEDIUM,4.2,4,638.0,1,6.0
1671,1749,11283.0,8455.86,4617.0,8650.9,993.0,6060.4,6886.0,2.0,30,2,3,1,98,215000,1,1,1.0,1,67833.35,376694.91,583.0,-5998.43994,211744.33,153687.0,77.0,30,308999.0,4521.27,82474.38,6,7,23406.0,46404.79,36208.55,21,18,132275.0,Y,4262.91,current,F,31,MEDIUM,11.0,4,537.0,1,10.0
1672,16514,6619.0,8724.46,3159.0,34113.2,6005.0,6575.98,6544.0,44.0,5,50,11,2,47,369000,1,1,1.0,1,474401.25,165970.9,583.0,1500.0,115525.9,88695.0,23.0,6,9015.73,72910.0,62135.0,6,87,37880.0,25335.49,42122.0,2,49,18017.0,Y,4014.09,current,M,27,MEDIUM,2.1,10,805.0,1,14.0
1673,18140,16589.0,18158.92,26322.0,9147.97,6209.0,7120.12,10162.79,6.0,9,5,18,27,54,282000,1,1,1.0,1,23592.0,992890.32,20000.0,20513.0,31833.0,54527.0,7.0,5,46196.0,258278.04,114356.0,2,20,18683.0,14342.83,218460.19,6,65,84789.0,Y,10140.0,current,M,38,MEDIUM,9.0,2,867.0,1,4.0
1674,9867,11283.0,16590.58,1176.2,4245.5,3947.0,4878.875,4450.5,66.0,8,1,44,31,47,302000,1,1,1.0,1,10562.45,326326.9,26241.0,2921.0,20411.68,73985.0,82.0,35,24868.0,50294.48,259144.79,31,20,22945.0,37807.51,193158.0,3,63,35955.0,Y,2977.5,current,M,32,MEDIUM,4.800000000000001,2,647.0,1,3.0
1675,1626,8407.0,9561.53,15047.6,1911.5,1008.0,8028.0,1661.0,100.0,50,44,24,44,54,481000,1,1,1.0,1,4120.0,64491.0,126001.0,2000.0,115230.08,90338.0,23.0,1,19624.0,35292.0,47682.0,43,20,28.74,52585.74,5635.5,36,124,16796.0,Y,1248.62,saving,M,60,HIGH,32.0,1,882.0,1,16.0
1676,13695,11066.0,7350.0,1447.42,16503.0,2491.44,375.0,1350.0,92.0,23,84,3,23,80,17000,1,1,1.0,1,5914.15,64309.52,5540.0,6916.0,28051.0,22440.65,35.0,43,30608.0,10166.93,32866.0,1,29,58170.0,256236.03,122660.0,2,21,525000.0,Y,1553.29,current,F,30,LOW,9.0,5,858.0,1,4.0
1677,6245,4752.0,15501.7,2370.0,103562.09,10343.0,10675.0,7881.0,136.0,10,64,1,1,34,186000,1,1,1.0,1,19957.5,77000.0,1209.0,-5439.0,10846.0,128512.0,69.0,5,25522.0,156856.0,33984.0,11,82,17772.0,13960.08,63515.0,2,52,62058.0,Y,2950.65,current,M,28,MEDIUM,1.6,9,805.0,1,6.0
1678,4302,175410.0,1388.5,32402.0,10808.0,2376.6,913.78,673.29,1.0,77,11,7,2,2,400000,1,1,1.0,1,811.0,1425000.0,23032.0,6613.0,10025.25,6291.0,70.0,5,100549.47,16793.66,48026.0,4,8,26942.0,81000.0,27166.0,5,68,24038.0,Y,5393.6,current,M,62,MEDIUM,16.8,10,626.0,1,18.0
1679,6237,14390.0,2777.13,2600.0,500.5,958.0,13964.11,301.0,1.0,99,89,4,45,29,287000,1,1,1.0,1,37916.0,80489.0,2644.0,1332.0,3084.56,285269.0,63.0,19,29710.0,63811.0,29703.0,0,29,125303.0,11984.0,15909.0,18,3,10783.06,Y,4709.12,current,M,47,HIGH,8.1,10,653.0,0,16.0
1680,5565,402077.0,9695.0,3456.75,8420.96,11459.38,13850.02,7697.0,1.0,37,5,25,4,56,59000,1,1,1.0,1,42460.6091,785115.94,300500.0,6885.0,192999.59,238353.0,3.0,2,20780.0,65600.48,2241516.0,1,38,20235.0,53206.03,155036.33,16,42,38242.0,Y,19971.71,current,M,42,MEDIUM,2.2,1,957.0,1,6.0
1681,6096,6367.0,1181.98,12258.7,1043.04,2239.0,4843.68,745.0,6.0,3,112,4,56,42,191000,1,1,1.0,1,384550.05,6.0,183999.0,5340.0,43419.11,137472.0,46.0,1,21110.0,74535.56,793523.0,31,63,42693.0,72795.87,78050.9,36,21,5400.0,Y,9758.48,current,M,42,MEDIUM,8.8,1,299.0,1,8.0
1682,7128,2166.0,87693.39,3897.5,15251.98,5000.0,1577.99,7697.0,2.0,26,7,1,4,12,290000,1,1,1.0,1,6494.4,2400000.0,15756.0,167.0,16606.0,12101.0,52.0,6,47362.0,56376.0,41100.0,2,17,45692.0,37717.17,31840.0,2,28,1752648.0,Y,429.79,current,M,31,LOW,9.9,3,269.0,0,15.0
1683,11930,217695.0,6026.26,4432.0,13627.92,8789.44,6889.45,6196.0,23.0,15,44,5,14,54,303000,1,1,1.0,1,41883.6,655638.0,13873.0,-5715.49022999999,49645.17,68224.0,10.0,26,17668.0,23353.98,9597.0,7,20,30543.0,72297.74,5587.0,2,21,18553.0,Y,7094.47,current,M,56,LOW,10.8,7,743.0,0,6.0
1684,11676,4414.0,2282.0,1832.92,8141.0,11615.93,5191.45,5045.0,7.0,1,49,44,51,54,232000,1,1,1.0,1,8209320.0,51000.0,550.0,6441.0,49328.91,49421.0,0.0,35,25747.0,32341.12,2195.68,5,28,19946.0,20999.0,44684.0,6,42,36397.0,Y,3641.09,current,M,30,MEDIUM,2.0,3,914.0,1,13.0
1685,7773,25960.0,14189.58,4856.0,7871.5,4781.84,663.0,7240.0,25.0,4,13,50,2,8,350000,1,1,1.0,1,472.0,2400000.0,14754.0,903.0,9682.49,72648.32,32.0,36,33879.0,164070.71,68697.0,43,6,58431.0,45628.88,27353.5,7,1,41858.0,Y,614.16,current,M,47,MEDIUM,5.4,4,534.0,1,2.0
1686,9763,82912.0,3798.965,11373.0,3436.67,6662.0,1884.0,2927.0,7.0,1,44,8,14,9,147000,1,1,1.0,1,28482.5,238000.0,50000.0,5439.0,42146.0,24271.0,67.0,13,12700.0,42511.2,59274.5,3,7,29968.0,77119.57,141802.86,58,63,9640.0,Y,4796.27,saving,M,53,MEDIUM,29.700000000000003,6,267.0,0,18.0
1687,13562,16684.0,18091.15,16025.0,41955.0,2056.8,35061.95,2111.45,3.0,26,17,2,5,79,371000,1,1,1.0,1,567914.67,560000.0,3000.0,12174.0,27763.46,67412.28,42.0,7,39290.13,48234.81,34025.5,3,11,52971.0,148365.58,49015.0,4,80,41121.0,Y,15617.44,current,M,31,LOW,9.9,6,626.0,1,9.0
1688,17357,11876.0,16789.52,18340.0,18816.89,8482.0,6483.695,2033.0,101.0,83,14,3,3,26,153000,1,1,1.0,1,24832.0,53749.0,90525.0,1332.0,64467.81,51272.0,11.0,13,30098.0,111498.4,42725.0,3,42,33901.0,64544.17,73540.0,9,68,20587.0,Y,5450.34,current,M,37,MEDIUM,5.1000000000000005,1,488.0,0,18.0
1689,4527,310571.0,46407.72,290.0,19612.63,7399.2,8150.64,23315.26,5.0,46,7,42,8,12,20000,1,1,1.0,1,13849.4,205000.0,550.0,-4679.0,93542.35,1172.0,55.0,36,81452.0,119289.67,32127.61,4,6,164328.0,21177.08,87432.0,62,15,20859.0,Y,1311.11,current,F,50,MEDIUM,9.0,5,464.0,0,13.0
1690,15369,39356.0,18500.54,938.55,10674.8,10317.0,1410.0,658.0,12.0,43,82,45,4,53,579000,1,1,1.0,1,15079.5,184514.0,25524.0,12174.0,54324.25,34941.0,42.0,2,38128.0,19649.85,92343.74,2,20,56442.0,30327.98,58344.32,7,15,1224.39,Y,6559.11,current,M,66,MEDIUM,23.0,3,801.0,1,12.0
1691,11402,332903.0,21189.0,8828.9,2020.2,5647.0,4510.65,589.0,1.0,5,102,2,62,1,402000,1,1,1.0,1,3502.8,64491.0,30000.0,-6885.0,139814.59,26662.0,70.0,26,33909.0,215758.0,32018.0,2,42,27771.0,93412.75,127018.0,13,83,40565.89,Y,1503.89,current,M,66,MEDIUM,13.8,9,801.0,0,16.0
1692,5783,237578.0,4914.35,3466.5,1318.52,7687.0,7221.5,994.0,531.0,3,89,41,11,1,44000,1,1,1.0,1,2008232.55,373824.0,5797.0,5730.0,55287.5,85967.0,62.0,5,39751.0,15576.5,26848.0,70,11,77244.0,61614.55,19893.0,8,17,9336.0,Y,1304.11,current,M,67,MEDIUM,9.4,6,465.0,1,10.0
1693,16318,5787.0,24335.7,6122.0,5022.5,1733.86,1513.805,745.0,104.0,99,82,8,3,1,136000,1,1,1.0,1,690857.42,429273.4,13873.0,13135.0,42778.5,30170.0,62.0,5,47676.0,57003.25,16420.86,5,17,17200.0,22861.11,63902.0,47,63,66324.0,Y,178.6,current,M,34,MEDIUM,9.8,3,324.0,0,7.0
1694,5821,252.0,5740.35,12538.0,3519.0,422.06,5573.43,6621.46,7.0,29,4,48,18,1,784000,1,1,1.0,1,1488748.8,14000.0,19176.0,3897.0,191865.09,19303.0,24.0,2,119508.0,21322.17,76794.0,43,23,145030.0,48718.19,26309.0,3,68,234126.0,Y,17771.27,current,M,37,MEDIUM,10.200000000000001,3,485.0,1,16.0
1695,5245,113364.0,6892.44,8272.19,11029.59,6092.0,21488.8,8132.0,4.0,3,10,42,6,13,139000,1,1,1.0,1,7300.0,184514.0,8333.0,5464.0,54349.83,340380.78,24.0,2,51801.0,55159.4,44321.0,43,82,72011.0,49169.55,42410.0,4,12,128170.0,Y,9563.55,current,M,62,LOW,25.200000000000003,1,883.0,1,5.0
1696,2224,304877.0,3194.0,8894.43,1923.49,77831.56,9971.0,1911.0,4.0,71,1,1,1,67,25000,1,1,1.0,1,47299.5,24703.0,56305.0,3897.0,37732.11,35041.0,5.0,3,81331.0,194.25,48687.73,2,82,481500.0,24444.75,10638.0,3,106,195757.0,Y,7029.36,saving,M,58,HIGH,15.200000000000001,2,314.0,1,7.0
1697,7849,2634.0,8437.4,10049.82,9064.51,2733.35,1950.24,2204.0,6.0,1,74,2,2,79,505000,1,1,1.0,1,130319.0,191000.0,20887.0,35346.0,180023.66,50057.0,12.0,1,23350.0,14344.42,38536.0,47,42,4750.0,34493.45,6466.0,21,49,43220.0,Y,10819.51,current,M,37,MEDIUM,6.800000000000001,7,956.0,1,8.0
1698,15192,18278.0,11434.85,17160.57,59522.8,1157.0,11497.29,4691.49,5.0,1,46,10,2,39,25000,1,1,1.0,1,5688.0,141473.07,34550.0,5464.0,38904.83,32914.0,43.0,3,159847.0,37651.47,93033.16,6,8,21456.97,46902.81,44811.34,117,49,5922.0,Y,30784.04,current,M,36,MEDIUM,12.8,7,465.0,1,5.0
1699,12545,723.0,874.7,3370.29,15415.0,4376.0,1936.4,1074.94,2.0,36,59,4,55,1,184000,1,1,1.0,1,1641785.0,35421.67,13873.0,1014.0,156775.4,14539.0,18.0,2,34850.0,21674.75,47040.0,43,59,63691.0,110222.2,105740.0,9,7,23172.0,Y,136.82,current,M,63,MEDIUM,17.2,5,465.0,0,6.0
1700,12195,4226.0,43463.26,2142.0,13718.62,13229.38,3842.0,1292.95,4.0,10,3,42,48,4,48000,1,1,1.0,1,107686.46,118983.0,46000.0,-4664.0,208.0,84156.0,17.0,36,14800.0,44092.75,108140.0,2,81,44421.0,120999.87,897.68,3,8,35190.0,Y,1398.87,current,M,33,MEDIUM,6.5,9,488.0,1,4.0
1701,17987,2128.0,3658.17,1833.0,2172.0,9068.12,26110.815,2227.0,14.0,43,74,1,1,4,198000,1,1,1.0,1,65640.0,222222.0,462.0,1500.0,10523.84,128632.0,4.0,7,20800.0,25427.05,196221.0,4,50,64035.0,41836.51,44530.0,47,73,32414.0,Y,1158.44,current,F,32,MEDIUM,6.0,4,639.0,0,7.0
1702,9760,248.0,46360.91,8798.39,18101.06,695.0,12371.395,1904.0,44.0,14,59,60,16,47,461000,1,1,1.0,1,94643.15,111000.0,2644.0,6885.0,55925.25,9334.0,3.0,7,39935.0,29002.54,10610.0,9,50,100500.0,122328.11,84070.0,19,11,34717.0,Y,4224.92,current,M,58,LOW,38.0,8,658.0,0,13.0
1703,13337,457.0,1667.0,10527.25,11757.0,2210.0,26672.51,272.74,8.0,6,67,57,1,75,599000,1,1,1.0,1,117168.65,78386.0,579.0,0.0,12191.24,15390.0,74.0,13,26200.0,159276.73,37573.0,5,20,59491.0,7759.0,42182.0,2,1,32549.0,Y,171.2,current,M,53,MEDIUM,33.0,10,836.0,1,5.0
1704,16786,2855.0,182814.6,5130.0,53483.41,7437.0,36856.0,125.0,32.0,34,60,57,18,58,411000,1,1,1.0,1,120781.35,5000.0,927.0,0.0,4123.64,30501.0,46.0,5,57350.0,75905.0,42758.0,2,23,69579.0,28929.01,94491.38,3,58,88545.0,Y,2909.8,current,M,62,MEDIUM,21.0,5,445.0,1,4.0
1705,10007,3004.0,3099.335,1929.0,14353.0,2512.18,5713.15,18983.52,100.0,6,13,1,36,39,472000,1,1,1.0,1,20177.4,446457.0,908.0,7478.0,47587.0,26203.0,16.0,4,25277.0,60145.71,203861.5,4,63,164331.0,15215.0,157121.0,4,61,50201.0,Y,1254.52,current,M,44,MEDIUM,19.200000000000003,4,307.0,0,18.0
1706,17440,3680.0,5017.0,2582.4,3498.0,5468.23,23994.0,6309.67,16.0,27,27,18,5,1,480000,1,1,1.0,1,9624.6,200926.0,2214.0,10455.0,23332.25,91249.0,29.0,7,54493.0,116091.0,101245.0,6,82,36949.0,20139.8,190969.35,5,72,30310.0,Y,172.2,current,F,219,MEDIUM,59.7,10,914.0,1,11.0
1707,3753,34178.0,22858.42,6452.0,3563.55,3892.52,16632.7,4267.0,101.0,77,47,22,2,2,25000,1,1,1.0,1,291969.2,70164.0,50000.0,20324.0,28151.71,114260.0,20.0,5,47364.0,68374.1,120786.0,16,11,29964.0,66968.0,157121.0,40,11,13830.0,Y,20440.74,saving,M,53,HIGH,29.700000000000003,1,809.0,1,14.0
1708,5929,12825.0,11184.23,390.0,21628.26,3871.0,1768.38,1017.0,10.0,30,87,39,9,44,27000,1,1,1.0,1,47936.43,71944.5,5540.0,8362.0,276064.39,98392.0,18.0,4,34394.0,79908.37,19721.0,20,8,32875.0,107523.73,141802.86,5,1,105461.0,Y,12030.33,current,M,58,HIGH,19.0,6,247.0,0,8.0
1709,11622,2021.0,2141.0,3483.0,9520.35,2802.0,13915.25,516.25,32.0,23,30,22,5,41,39000,1,1,1.0,1,5914.15,134890.0,766.0,12163.0,327091.0,41350.0,11.0,13,27735.0,116726.14,238574.0,9,20,35450.0,25317.28,44515.21,36,57,83578.0,Y,37763.15,current,M,28,MEDIUM,1.6,1,615.0,1,3.0
1710,19746,16451.0,1864.0,7172.0,17561.0,772.0,2872.3,3015.0,6.0,61,90,35,1,12,53000,1,1,1.0,1,506688.65,6.0,4699.0,9415.0,9121.0,27304.0,11.0,3,18775.0,27663.17,29148.72,6,50,88260.0,72040.51,45296.5,14,0,25715.0,Y,19336.86,current,M,37,MEDIUM,10.200000000000001,10,653.0,1,11.0
1711,18634,15513.0,19158.0,1128.0,2217.46,34158.95,3546.69,7357.0,60.0,65,117,1,9,91,44000,1,1,1.0,1,61186.36,87578.0,49975.0,5340.0,96186.75,90158.0,68.0,1,44901.0,46365.04,18585.0,1,20,25813.0,8860.68,40587.0,1,42,40225.0,Y,9743.7,current,M,46,HIGH,15.600000000000001,10,858.0,1,5.0
1712,18606,8394.0,17057.0,2226.67,6758.63,4426.95,5767.0,2451.0,6.0,5,74,47,44,2,155000,1,1,1.0,1,309795.13,71944.5,49975.0,-5998.43994,29335.39,152032.91,46.0,3,18435.0,282764.89,34483.0,1,36,52063.0,19418.6,49860.28,13,6,18309.0,Y,4416.62,current,M,35,LOW,10.5,9,887.0,1,11.0
1713,4678,298116.0,699.87,4439.5,11484.58,1656.0,6863.28,8831.0,66.0,39,112,3,31,39,150000,1,1,1.0,1,140291.6,273221.0,583.0,8572.0,26832.75,25522.0,103.0,3,18508.0,48335.75,46014.0,7,78,20832.0,34257.0,68277.0,3,75,58460.0,Y,2809.96,current,M,40,MEDIUM,16.0,7,924.0,1,19.0
1714,12741,117621.0,3759.0,2973.0,20941.89,2947.0,6776.2,1474.0,32.0,29,47,50,60,5,505000,1,1,1.0,1,6558.8,159308.0,18389.0,4795.0,449064.98,89717.0,36.0,3,20579.0,49142.32,156304.51,30,4,18449.0,40146.02,29959.0,62,80,23330.0,Y,15151.23,current,M,120,MEDIUM,80.0,6,963.0,1,11.0
1715,14660,164096.0,142081.0,887.0,50701.18,8458.0,7248.25,2382.0,14.0,3,74,2,55,3,28000,1,1,1.0,1,10006.2,106398.0,33950.0,26601.0,37979.71,32531.0,46.0,5,286565.0,61679.98,86927.0,6,20,290554.33,207087.0,70550.0,36,8,17695.0,Y,6638.26,current,M,55,MEDIUM,7.0,6,799.0,1,4.0
1716,6980,2201.0,8497.42,2703.0,1751.01,5744.68,6867.0,327.59,14.0,26,50,1,9,26,220800,1,1,1.0,1,380.0,43397.0,100000.0,-5715.49022999999,30189.25,30814.0,11.0,36,43046.0,26009.5,94382.26,4,13,78627.0,184887.69,12063.0,2,38,25499.0,Y,1239.2,current,M,29,MEDIUM,8.1,5,802.0,1,6.0
1717,16261,13692.0,39430.64,10994.14,6687.27,1173.0,5119.0,3567.0,4.0,26,35,35,2,13,85000,1,1,1.0,1,8043.25,60040.0,105000.0,1465.0,50062.31,102924.0,42.0,19,15595.0,429165.99,100997.5,2,75,116678.0,50364.01,67744.0,22,2,26418.0,Y,4730.46,current,M,40,MEDIUM,18.0,8,370.0,1,5.0
1718,14571,17996.0,6766.66,8762.0,144463.2,7552.0,1411.94,53481.24,26.0,4,13,4,1,1,403000,1,1,1.0,1,873.7,3651000.0,610000.0,1014.0,15772.16,115958.2,6.0,7,16498.0,13170.16,23233.0,1,28,88260.0,35467.75,189320.0,3,11,36000.0,Y,1548.24,current,M,47,MEDIUM,8.1,4,464.0,0,2.0
1719,17275,17846.0,3519.0,110.0,3360.305,894.0,15225.0,7987.0,2.0,23,6,2,55,42,378000,1,1,1.0,1,510.6,45000.0,5591.0,5350.0,1029.0,57187.0,36.0,36,24000.0,22641.63,42296.0,43,4,24379.0,208110.4,13739.0,47,24,383554.0,Y,3377.03,current,M,56,MEDIUM,36.0,7,516.0,1,4.0
1720,4830,17132.0,7545.63,3892.0,23526.06,7402.0,997.96,2658.0,44.0,77,52,1,7,13,301000,1,1,1.0,1,270.0,18000.0,5797.0,977.0,84143.07,104520.0,103.0,4,34322.0,14407.24,73413.0,4,20,24944.0,40805.75,31466.0,3,17,124800.0,Y,204.98,current,M,55,LOW,31.5,4,269.0,1,19.0
1721,796,5814.0,2112.46,1582.0,13402.68,1811.92,5984.75,379.0,2.0,2,1,3,2,17,17000,1,1,1.0,1,3101.3,232235.65,5797.0,7478.0,35947.62,571241.37,20.0,3,78736.0,44886.27,117751.0,6,50,59584.0,6265.0,48693.0,1,58,46988.0,Y,3471.68,current,M,33,MEDIUM,11.700000000000001,10,957.0,0,11.0
1722,7351,8424.0,1321.17,3602.82,5310.0,7304.0,5593.915,4669.0,43.0,39,46,3,5,1,461000,1,1,1.0,1,89908.8,35000.0,50000.0,8572.0,12602.69,15991.0,36.0,1,37067.14,88200.75,38266.0,70,2,13358.0,34828.21,80140.0,94,8,41432.0,Y,2439.86,saving,M,62,MEDIUM,4.2,3,974.0,1,17.0
1723,12008,18775.0,9113.58,5378.0,33256.45,666.0,22935.98,10346.04,1.0,10,49,53,21,47,134000,1,1,1.0,1,668728.4,176487.6,908.0,6916.0,38546.5,51281.22,39.0,3,45019.35,33951.5,136536.57,6,82,29336.0,178104.26,41832.25,3,39,23467.0,Y,2098.55,current,M,46,MEDIUM,18.2,7,823.0,1,11.0
1724,13769,111844.0,6788.63,3944.0,16538.69,4062.0,8093.5,5787.0,531.0,10,38,20,1,98,83000,1,1,1.0,1,716556.5,8000.0,3975.0,-5715.49022999999,38904.83,44240.0,46.0,36,33022.0,6478.0,117751.0,4,59,41718.0,9946.14,292433.0,7,124,57260.76,Y,3683.82,current,M,33,LOW,5.2,4,883.0,1,4.0
1725,11831,17201.0,5329.22,288.0,1027.31,3151.0,15951.57,441.68,8.0,2,27,2,9,37,301000,1,1,1.0,1,4120.0,961916.9,26241.0,-6281.37987999999,64270.78,81952.0,10.0,36,20614.0,44891.06,97884.0,0,18,6086.0,149258.18,30993.0,4,61,24635.0,Y,5449.51,saving,M,29,MEDIUM,0.9,4,558.0,1,10.0
1726,5934,6937.0,3203.15,6629.47,9911.2,10782.85,5106.8,1376.52,7.0,18,47,2,7,6,408000,1,1,1.0,1,86865.0,185097.6,550.0,10210.0,59808.45,11155.41,12.0,5,59103.0,9047.0,40814.0,1,40,44334.0,18510.0,32544.0,4,75,15868.0,Y,3741.27,current,M,66,MEDIUM,46.0,8,818.0,1,3.0
1727,10667,451.0,4954.25,1285.0,2456.15,11733.7,2816.5,1956.0,6.0,32,74,2,16,34,371000,1,1,1.0,1,72383.25,100934.0,50000.0,8572.0,112342.2,12222.0,63.0,0,17280.0,91396.0,2528.58,70,8,35693.0,270805.51,100677.0,5,80,2360.0,Y,4935.93,current,M,47,MEDIUM,18.900000000000002,7,945.0,1,13.0
1728,5166,93207.0,19258.32,126.87,15053.35,16029.78,6257.25,1729.0,19.0,22,44,52,60,2,300000,1,1,1.0,1,4039029.9,376600.5,22000.0,10210.0,30785.95,48273.0,72.0,35,13286.0,32102.0,262783.0,31,1,12607.0,114449.5,88085.0,3,76,23467.0,Y,1557.5,saving,M,36,MEDIUM,8.0,10,889.0,1,9.0
1729,15803,19725.0,37058.82,36242.82,33417.35,4381.0,1685.0,22433.79,57.0,5,3,19,55,68,337000,1,1,1.0,1,568.8,95000.0,25728.0,3897.0,664028.73,80759.0,11.0,6,26065.0,15627.18,21189.0,3,12,17246.0,38967.19,111578.5,117,104,66329.0,Y,42.79,current,M,33,HIGH,5.2,6,523.0,1,6.0
1730,3780,215700.0,18664.95,3946.0,28755.05,9261.3,8990.62,2247.0,6.0,6,3,82,3,1,567000,1,1,1.0,1,94127.1,1372927.14,183999.0,0.0,26873.01,6087.0,1.0,3,11018.0,57862.75,26180.38,6,9,10205.0,44259.76,55315.0,2,61,21210.0,Y,75571.53,saving,M,53,MEDIUM,19.8,4,503.0,1,13.0
1731,9338,314744.0,7894.16,19070.7,14938.74,3378.37,6233.85,1109.58,10.0,18,87,12,24,47,213000,1,1,1.0,1,1910215.0,29479.0,51520.0,-5998.43994,20289.27,26431.0,4.0,15,23153.0,40820.63,43785.36,2,1,25500.0,28929.01,87344.0,41,110,99402.0,Y,143.75,current,M,53,MEDIUM,6.6000000000000005,10,700.0,1,9.0
1732,12415,5529.0,13592.95,3685.0,1923.5,2038.3,5228.0,52104.09,44.0,77,16,30,5,5,232000,1,1,1.0,1,22086.05,190887.4,19176.0,6885.0,40039.61,94718.0,24.0,0,43378.0,25982.0,101343.0,3,44,24897.0,9946.14,21908.0,36,18,26374.0,Y,2687.35,current,M,66,MEDIUM,18.400000000000002,6,921.0,1,11.0
1733,19611,13338.0,53535.22,3612.68,19837.97,2248.0,12877.395,8150.0,5.0,38,67,82,6,64,170000,1,1,1.0,1,59703.93,1425000.0,36114.0,10210.0,71456.0,86325.0,48.0,1,20776.0,88254.0,16873.0,3,20,29494.0,22549.38,31340.0,3,68,13472.0,Y,1696.33,current,M,38,HIGH,3.6,3,330.0,1,4.0
1734,6871,18301.0,9205.84,17273.26,4117.07,15602.0,1366.0,9089.0,67.0,6,27,1,15,1,306000,1,1,1.0,1,127004.3,5000000.0,768.0,-5998.43994,62124.39,17262.0,29.0,2,24300.0,20449.8,1447969.91,43,75,58758.0,66232.65,113985.54,3,7,26143.0,Y,2323.69,current,M,55,LOW,31.5,8,324.0,0,20.0
1735,4893,19104.0,29815.9,816.0,5114.7,525.0,1659.5,11110.5,5.0,36,7,7,18,10,461000,1,1,1.0,1,130319.0,1631.11,655.0,-4679.0,51054.88,39510.46,18.0,26,21144.0,108303.0,35591.0,5,11,32841.0,92136.78,26954.0,11,63,30218.0,Y,16517.42,current,M,40,MEDIUM,16.0,3,805.0,0,12.0
1736,10983,6399.0,7323.35,21855.31,1789.0,360.97,12877.0,5347.43,1.0,6,61,2,26,47,256000,1,1,1.0,1,9649.6,273221.0,8417.0,1465.0,79341.61,31813.3,90.0,1,35485.0,75207.0,17697.0,0,23,200284.0,17529.0,36116.0,13,79,21960.0,Y,1040.65,current,M,53,LOW,6.6000000000000005,7,698.0,1,6.0
1737,14178,9792.0,18724.5,1919.0,28187.5,9292.0,7156.42,9530.01,16.0,61,79,2,25,47,286000,1,1,1.0,1,34443.0,380000.0,73217.0,20790.0,18632.97,100161.0,46.0,2,16157.0,9932.98,105655.98,5,18,45105.0,3548.75,44880.0,3,50,32098.0,Y,94.7,saving,M,30,MEDIUM,9.0,4,445.0,1,12.0
1738,1016,15421.0,147860.72,19561.36,4590.32,34987.0,13407.0,705.55,124.0,29,7,2,25,81,466000,1,1,1.0,1,4731234.6,385218.7,8060.0,5730.0,61094.1,40294.24,3.0,3,34886.77,14933.62,38591.0,70,4,22340.0,271488.8,167526.0,8,65,27783.0,Y,2070.95,current,M,32,LOW,12.0,4,653.0,1,16.0
1739,18944,4103.0,23243.4,449.1,8492.94,2513.0,5593.725,3933.0,531.0,10,32,18,3,13,494000,1,1,1.0,1,28844.0,1300000.0,51520.0,-5998.43994,25887.83,273419.0,62.0,0,19707.0,3765.0,23917.0,3,171,107738.0,13688.0,53145.0,13,43,88703.34,Y,1418.84,saving,M,33,MEDIUM,3.9000000000000004,3,454.0,1,16.0
1740,5057,301860.0,6399.15,1840.52,4100.68,734.12,2983.5,70.0,57.0,8,7,18,36,34,467000,1,1,1.0,1,3101.3,537476.4,130000.0,6885.0,51764.37,149130.0,79.0,5,49661.0,62069.52,44344.0,7,81,33661.0,72338.01,63323.0,94,25,41039.0,Y,11340.0,current,F,27,LOW,6.300000000000001,10,575.0,1,12.0
1741,4176,29609.0,6381.5,2092.0,3827.0,2576.0,1590.52,8540.5,4.0,38,16,1,55,3,75000,1,1,1.0,1,871.5,42723.0,2841.0,12174.0,30595.0,10184.37,46.0,36,27150.0,12049.18,78373.0,7,20,46895.0,26084.64,11716.0,3,67,21128.0,Y,2037.02,saving,F,38,MEDIUM,16.2,8,314.0,1,16.0
1742,14995,14750.0,11586.875,3822.0,16694.0,6454.0,5058.0,8189.0,24.0,32,105,1,18,2,124000,1,1,1.0,1,53374.97,1187335.5,43798.0,-3506.17993,73316.04,22220.0,62.0,3,53352.0,74063.39,8864.47,6,108,23833.0,15174.0,32013.75,12,38,33209.0,Y,3506.08,current,M,30,MEDIUM,5.0,5,863.0,0,15.0
1743,1045,402097.0,8983.44,13731.0,127982.41,2975.0,2266.72,322.21,6.0,5,1,4,1,2,136000,1,1,1.0,1,34635.25,142608.5,3570.0,0.0,25705.66,12002.0,5.0,1,38636.0,35731.1,47112.5,0,82,33916.0,27293.13,125125.0,4,10,31108.0,Y,21968.57,current,M,33,MEDIUM,6.5,10,656.0,1,3.0
1744,2029,224278.0,18621.29,8470.83,2941.3,1075.92,2073.5,1336.92,6.0,25,50,50,3,53,255000,1,1,1.0,1,48624.7,1024477.47,4367.0,-3506.17993,65334.48,100256.0,63.0,1,12816.0,10193.0,101190.0,2,1,16676.0,22965.81,128226.15,6,65,20005.0,Y,8598.75,current,M,56,MEDIUM,25.200000000000003,3,330.0,0,20.0
1745,19545,128874.0,61912.0,9624.0,10028.7,4026.0,4921.0,1911.0,52.0,23,1,44,1,2,255000,1,1,1.0,1,48230.5,992890.32,13873.0,3897.0,19988.56,68260.0,11.0,36,18904.0,18333.25,12256.0,11,21,44834.79,58970.02,34674.5,16,10,33999.0,Y,2418.46,current,M,25,MEDIUM,3.5,4,805.0,1,5.0
1746,7326,11664.0,17764.6,971.0,19103.48,34987.0,2485.34,9157.47,101.0,10,50,4,7,47,0,1,1,1.0,1,568.8,96096.0,3570.0,10455.0,39437.27,53507.14,11.0,9,12039.0,23483.0,70890.0,5,8,96.91,34064.76,30476.0,3,50,23852.0,Y,2687.4,current,F,37,MEDIUM,15.3,2,269.0,1,6.0
1747,18048,14430.0,6716.47,18558.6,5261.62,15063.0,6443.5,411.0,1.0,11,14,24,31,17,371000,1,1,1.0,1,12869465.0,165970.9,25849.0,2351.0,15106.22,35082.0,35.0,17,24822.0,11566.6,31077.94,2,8,22612.0,53208.16,46451.0,8,18,62500.0,Y,6059.42,current,M,53,LOW,26.400000000000002,6,523.0,1,11.0
1748,9605,11873.0,20537.76,2735.12,25543.63,1653.0,7027.27,1540.0,1.0,47,82,52,17,1,47000,1,1,1.0,1,61186.36,399.09,26241.0,6916.0,102286.5,14477.0,23.0,17,42795.0,41501.11,100045.0,3,82,43700.0,38894.19,518460.2,4,10,491174.0,Y,361.03,current,M,61,MEDIUM,41.0,4,269.0,1,15.0
1749,10320,9051.0,1695.1,4950.77,3399.0,943.0,2721.0,27985.1,10.0,47,38,1,55,7,523000,1,1,1.0,1,291969.2,1382889.0,2156.0,3897.0,773497.64,9571.0,86.0,9,42554.0,57785.01,7064.0,45,29,19529.0,26850.5,3075.0,14,63,470.0,Y,5497.7,current,M,35,LOW,4.5,10,863.0,0,6.0
1750,6955,9161.0,6194.58,5677.0,2504.735,1639.0,2276.0,6719.85,3.0,5,44,1,2,67,524000,1,1,1.0,1,24832.0,90829.65,96558.0,5340.0,2344.4,328939.0,95.0,4,65866.0,53710.18,65483.0,9,171,30355.0,35140.72,102964.0,3,1,19838.0,Y,3294.91,current,M,28,LOW,7.2,6,867.0,1,14.0
1751,17019,10712.0,36546.93,526.01,10403.8,8709.0,4334.0,4580.0,8.0,8,87,1,2,34,510000,1,1,1.0,1,12010.0,545000.0,80000.0,0.0,18829.9,24040.0,16.0,15,103141.0,190348.44,566996.76,6,82,144960.0,56691.09,24036.92,7,6,28841.0,Y,1623.51,saving,M,28,MEDIUM,5.6000000000000005,10,354.0,0,11.0
1752,5022,10060.0,29866.9,12309.0,19403.87,13035.0,1485.6,98.0,19.0,43,72,52,1,58,518000,1,1,1.0,1,9784.1,1628.0,3792.0,-5439.0,38944.91,308112.0,2.0,6,52600.0,41626.13,93639.0,2,7,12236.0,38339.5,117986.49,3,3,22912.0,Y,112.09,current,M,32,MEDIUM,8.4,9,647.0,1,13.0
1753,9891,466.0,2736.0,1702.0,894.68,20056.0,10084.385,10542.0,2.0,23,5,17,1,39,286000,1,1,1.0,1,19265.4,19000.0,565.0,-6301.0,165986.22,57170.0,52.0,2,175438.0,23916.26,14047.0,4,86,69714.0,8697.32,105679.43,7,0,16382.0,Y,34723.41,current,M,37,MEDIUM,1.7000000000000002,7,606.0,1,3.0
1754,4314,8498.0,3068.3,4475.99,1775.5,4329.0,9410.05,760.72,5.0,36,4,30,3,47,411000,1,1,1.0,1,61186.36,87578.0,768.0,0.0,85919.48,169386.0,84.0,3,51708.75,117202.84,35382.0,2,18,17971.0,5938.93,128378.0,117,7,66758.0,Y,4465.71,saving,M,53,MEDIUM,13.200000000000001,10,254.0,1,11.0
1755,4471,8915.0,4881.94,16453.77,32708.29,3685.0,4708.5,2900.0,26.0,5,27,7,46,18,371000,1,1,1.0,1,41070.0,482147.0,643.0,3897.0,24025.0,94656.0,35.0,1,32166.0,21003.33,37916.0,9,42,14726.0,131660.62,43268.0,6,12,421.0,Y,2006.36,current,M,32,MEDIUM,12.0,10,331.0,0,5.0
1756,4178,13267.0,23869.2,1606.0,3425.18,9405.0,1406.0,7881.0,2.0,9,27,39,45,25,477000,1,1,1.0,1,715554.75,470000.0,51520.0,0.0,45455.0,49147.0,42.0,0,14890.0,12292.33,20726.0,47,12,34650.0,113132.87,727.0,11,39,86256.0,Y,12490.82,current,M,62,MEDIUM,8.4,4,643.0,1,18.0
1757,9293,19373.0,10297.04,3473.0,2219.0,18141.0,13318.87,5305.0,7.0,15,18,4,51,47,581000,1,1,1.0,1,140291.6,96096.0,5797.0,10210.0,40596.63,26753.5,43.0,19,17361.0,98101.22,2787.0,50,8,34135.0,49737.65,44811.34,3,83,29630.0,Y,5765.43,current,M,30,MEDIUM,9.0,7,723.0,0,9.0
1758,2633,3386.0,4832.58,1634.0,3037.0,8738.85,2880.44,3126.0,531.0,6,87,1,71,70,315000,1,1,1.0,1,1859872.2,190887.4,25728.0,-5998.43994,42476.48,7267.0,18.0,3,162582.0,205282.8,32330.0,3,50,53897.0,147174.65,19438.0,3,25,16650.0,Y,3834.04,current,M,30,LOW,1.0,5,330.0,0,3.0
1759,433,12614.0,23332.51,4214.62,15310.76,2484.0,1143.265,5669.0,9.0,65,49,24,25,68,480000,1,1,1.0,1,180615.02,460000.0,73501.0,1411.0,125123.0,286.77,46.0,7,22347.0,28936.17,39573.0,5,82,9428.0,85997.93,56704.43,3,73,124.0,Y,3259.05,current,M,34,LOW,8.4,5,505.0,1,15.0
1760,14382,95829.0,7750.0,8481.5,722.5,5314.0,8591.0,4061.0,5.0,22,16,2,2,81,453000,1,1,1.0,1,196885.0,132324.01,678.0,12415.0,55274.98,56689.91,39.0,19,42500.0,215799.39,39311.91,11,20,24566.0,16405.33,13898.34,2,106,37464.0,Y,6398.23,current,M,46,LOW,2.6,3,619.0,1,7.0
1761,5917,211790.0,2691.0,5898.0,3293.78,921.09,23182.53,863.0,57.0,10,135,50,12,62,581000,1,1,1.0,1,47299.5,119831.0,12016.0,-5998.43994,24697.25,114620.0,4.0,3,18229.9,34240.69,378381.0,6,7,410852.0,11051.0,28728.0,49,103,23986.7,Y,2843.48,current,M,58,LOW,19.0,3,762.0,1,20.0
1762,4173,1988.0,90039.86,4485.0,641.0,6284.0,19002.0,3567.0,1.0,56,135,5,55,8,494000,1,1,1.0,1,19265.4,45769.27,28912.0,9415.0,94470.7,717224.0,17.0,31,38163.0,20535.56,23836.0,1,171,148817.0,27566.2,30313.0,3,7,22772.0,Y,418.42,current,M,53,MEDIUM,13.200000000000001,9,355.0,1,6.0
1763,9376,7773.0,4946.75,26568.73,65268.24,4161.0,14366.45,3098.0,19.0,1,4,2,4,11,400000,1,1,1.0,1,472.0,98110.0,25000.0,1444.0,34210.68,315481.44,11.0,1,20295.0,39003.42,163267.0,1,29,410852.0,39440.29,116209.0,3,39,17953.0,Y,2026.99,current,M,40,MEDIUM,12.0,6,355.0,1,10.0
1764,970,4270.0,53546.81,20105.2,33669.4,7328.95,9646.09,25345.42,15.0,10,74,4,1,79,59000,1,1,1.0,1,48230.5,64491.0,15654.0,-5942.0,35650.74,142112.71,39.0,15,26161.0,21624.04,74837.12,30,5,28624.0,47978.9,102964.0,58,11,17981.0,Y,942.21,current,M,49,LOW,5.800000000000001,5,448.0,1,7.0
1765,6191,1936.0,2991.78,5263.0,7064.31,2288.0,2880.885,1397.0,6.0,16,10,3,25,98,255000,1,1,1.0,1,36122.87,31871.49,4699.0,553.0,38047.75,46795.0,42.0,4,46472.05,980.0,39731.0,5,23,16964.0,31981.25,35391.74,7,50,52653.0,Y,104.86,current,F,33,MEDIUM,7.800000000000001,7,748.0,1,20.0
1766,17235,19778.0,73467.21,10269.0,7917.14,3888.8,3953.995,2921.0,6.0,26,69,18,1,1,190000,1,1,1.0,1,83400.3,31000.0,126001.0,-6885.0,89605.39,74444.0,82.0,7,19075.0,11964.0,24730.0,2,87,23247.0,51731.0,8222.0,13,11,1215.0,Y,13707.29,current,M,47,MEDIUM,5.4,3,233.0,0,2.0
1767,13887,6911.0,10178.0,469.42,2146.75,3740.0,3660.0,200.0,5.0,8,14,2,2,79,70000,1,1,1.0,1,30895.44,222222.0,4895.0,35346.0,22340.81,95763.0,35.0,1,80685.0,6088.0,22660.5,4,75,19723.0,55396.25,24383.25,2,35,113196.0,Y,466.96,current,M,35,MEDIUM,15.0,7,355.0,0,20.0
1768,9787,406615.0,6423.32,6124.2,19555.0,8388.0,4847.0,10554.24,4.0,2,4,82,3,5,461000,1,1,1.0,1,5457.0,13299.0,4895.0,977.0,24618.59,59034.03,46.0,2,5255.0,20167.0,174704.0,43,20,138012.61,54350.02,66.0,49,10,19417.0,Y,3314.03,saving,M,67,LOW,42.300000000000004,3,233.0,0,18.0
1769,16520,12795.0,41269.28,20586.0,4717.0,5468.23,16527.0,426.52,60.0,83,7,4,1,4,240000,1,1,1.0,1,48422.7,60040.0,12000.0,2921.0,5031.18,50958.0,29.0,7,4053.0,47998.93,23742.0,45,4,23462.0,37106.97,19309.0,2,75,41601.0,Y,559.23,current,M,55,LOW,7.0,1,863.0,1,18.0
1770,10289,125232.0,2561.0,1955.0,9571.28,1174.0,13845.855,3906.0,57.0,19,1,47,6,91,215000,1,1,1.0,1,140262.4,130000.0,56305.0,-5715.49022999999,22110.0,29665.0,39.0,7,54.74,15550.95,79724.0,11,7,35798.0,30284.06,69196.0,11,50,59757.0,Y,1685.82,current,M,47,LOW,27.0,4,713.0,1,15.0
1771,7639,9100.0,2010.0,5297.0,21753.05,3777.3,3211.0,1911.0,1.0,77,72,3,60,1,104000,1,1,1.0,1,1482778.95,9866.01,3792.0,12965.0,214178.0,75321.88,3.0,2,36509.0,80459.0,73917.0,2,8,2412000.0,41812.94,723472.7,2,100,47428.0,Y,5755.15,saving,M,40,LOW,8.0,10,631.0,1,15.0
1772,7545,298886.0,21127.16,2525.94,2865.68,588.0,2587.54,473.59,3.0,10,47,57,14,3,232000,1,1,1.0,1,168.75,64215.6,8333.0,9415.0,20170.25,133092.24,2.0,1,45114.9,26345.25,16099.0,6,20,31188.0,14175.33,54671.0,4,83,129500.0,Y,12645.31,current,M,29,MEDIUM,3.6,8,628.0,0,15.0
1773,15952,19661.0,36314.45,34251.0,467.0,3969.0,1552.21,3625.9,1.0,4,5,3,2,17,27000,1,1,1.0,1,13180.0,67555.67,30000.0,3735.0,718502.04,25811.0,46.0,7,25440.0,50622.83,55775.0,3,12,100807.0,41041.08,276893.68,58,22,14065.0,Y,18749.45,current,F,58,MEDIUM,38.0,8,683.0,1,4.0
1774,13069,3937.0,3381.24,18730.92,14253.16,23838.47,9537.985,12272.22,6.0,93,6,1,55,79,240000,1,1,1.0,1,12510.0,76157.6,51520.0,173.0,18720.41,138212.0,7.0,26,7508.0,9450.34,107086.38,5,7,5350.0,52731.59,20592.35,4,103,34779.0,Y,2180.35,saving,F,40,MEDIUM,18.0,10,574.0,0,20.0
1775,1044,19233.0,1343.0,17870.0,3542.5,141.0,2442.5,2878.0,17.0,30,5,11,6,11,16000,1,1,1.0,1,7089.7,150000.0,492.0,6916.0,41531.42,122787.0,18.0,1,39698.0,26886.27,71585.63,45,13,40116.0,66931.2,70500.5,94,32,15356.0,Y,6756.42,current,M,35,MEDIUM,10.5,2,628.0,1,9.0
1776,12426,4496.0,20051.92,3048.0,28187.5,6457.62,9126.0,4177.0,4.0,128,72,1,3,13,199999,1,1,1.0,1,265809.85,545000.0,16114.0,-5998.43994,103810.25,300333.0,42.0,1,27768.0,170040.04,15081.0,5,25,20513.0,11051.0,29319.0,2,27,19169.0,Y,16319.34,current,M,27,MEDIUM,5.6000000000000005,9,683.0,0,15.0
1777,19190,338558.0,682.0,2432.0,1296.22,4134.98,1142.5,3565.0,7.0,1,59,48,2,30,75000,1,1,1.0,1,60800.0,18000.0,14904.0,2351.0,73943.28,61925.0,40.0,2,34322.0,91506.35,33869.0,2,20,43660.0,30811.2,121404.0,5,11,48132.0,Y,12546.12,current,M,62,LOW,42.0,4,698.0,1,14.0
1778,14072,13121.0,45690.0,6738.89,15329.45,2215.0,1223.12,2825.0,8.0,10,9,4,26,4,167000,1,1,1.0,1,68908.5,1628.0,678.0,1411.0,13711.25,100567.0,16.0,19,41698.0,412915.25,13002.0,2,82,29516.0,111654.5,25612.01,14,103,120800.0,Y,3907.5,saving,M,27,MEDIUM,2.1,9,685.0,1,6.0
1779,9156,16096.0,2171.0,1297.13,15817.96,12238.6,10918.04,1986.72,6.0,23,3,1,60,98,44000,1,1,1.0,1,130319.0,95000.0,13873.0,3735.0,44789.12,37713.0,39.0,3,40625.0,61100.05,17193.05,3,171,42438.0,32927.25,7496.0,49,80,32606.0,Y,2300.3,current,M,53,MEDIUM,33.0,8,299.0,1,12.0
1780,8778,16306.0,7694.08,14277.0,53483.41,3167.97,6789.43,6516.0,25.0,36,50,4,2,3,403000,1,1,1.0,1,196885.0,138475.4,3850.0,0.0,28217.0,43137.0,67.0,3,24733.0,74400.55,4685.0,2,14,22398.0,49037.92,29148.0,2,32,25394.0,Y,311.46,current,F,49,MEDIUM,14.5,10,743.0,1,10.0
1781,5627,3133.0,32378.55,902.0,33163.0,4759.0,10862.0,609.2,6.0,5,17,54,2,1,453000,1,1,1.0,1,105453.65,95658.0,16114.0,6916.0,145760.92,186000.0,11.0,7,45180.0,50239.25,68032.0,43,108,42017.0,41328.96,52595.0,5,1,41247.0,Y,8501.5,current,M,66,MEDIUM,41.400000000000006,3,488.0,0,6.0
1782,5250,14397.0,3949.74,6452.0,1725.5,61083.0,15208.77,623.0,4.0,6,87,50,2,98,27000,1,1,1.0,1,3299447.136,189246.0,18389.0,7984.0,5704.19,4252.38,23.0,2,27256.0,42814.33,50116.0,2,42,4968.0,110100.45,28958.0,12,0,15362.0,Y,135.28,current,M,42,MEDIUM,15.4,8,708.0,0,5.0
1783,6250,5637.0,929.16,9148.28,12454.45,1334.03,4313.0,1751.0,24.0,23,9,48,2,79,125000,1,1,1.0,1,115.45,22400.0,130000.0,12174.0,54896.45,17333.0,11.0,6,33710.0,5406.0,10130.0,1,82,59584.0,11961.31,139.35,2,22,25950.0,Y,6236.79,current,M,37,LOW,13.600000000000001,10,485.0,1,8.0
1784,16878,5196.0,74243.25,17008.01,8559.5,913.4,2833.48,7479.0,8.0,36,5,3,1,5,784000,1,1,1.0,1,6100.0,138732.3,38599.0,8572.0,37367.76,10256.0,18.0,3,29758.0,48478.61,203861.5,11,25,18168.0,59914.07,437.0,7,103,5835.0,Y,1346.49,current,M,36,MEDIUM,9.600000000000001,5,269.0,1,4.0
1785,14860,19745.0,4897.0,5481.87,4273.31,2064.0,2271.0,4624.0,101.0,3,5,62,2,98,510000,1,1,1.0,1,76122.87,470000.0,2214.0,2351.0,20170.25,36807.0,46.0,43,23370.0,93910.39,55493.0,3,108,109619.0,46555.21,71634.0,5,83,23715.0,Y,1238.64,current,M,30,LOW,4.0,10,867.0,1,6.0
1786,1155,11103.0,4688.28,8882.57,5584.0,2318.0,4998.0,710.7,57.0,5,2,4,2,56,13000,1,1,1.0,1,58928.67,12257.0,56184.0,-6301.0,29488.3,14261.0,24.0,13,19317.0,41846.0,1528101.49,43,171,63853.0,30803.76,80112.6,1,11,13428.0,Y,13719.96,saving,M,66,MEDIUM,9.200000000000001,5,355.0,1,9.0
1787,2845,15131.0,2747.25,7349.28,28310.29,4636.52,10965.42,641.0,19.0,10,32,8,3,80,199999,1,1,1.0,1,720551.4,1372927.14,925.0,553.0,32032.31,83053.0,29.0,9,20577.0,193717.43,55691.3,1,1,71944.0,1756749.09,27303.17,5,73,33683.0,Y,4540.43,current,M,60,MEDIUM,4.0,1,623.0,1,11.0
1788,279,5995.0,3963.43,20264.0,1506.54,22629.15,5750.0,5691.0,12.0,26,1,1,1,1,216000,1,1,1.0,1,360978.37,347.19,694.0,10455.0,2336.25,42981.0,6.0,15,65621.0,474362.25,36333.0,43,13,24300.0,81395.0,75167.61,58,10,61056.0,Y,217.78,saving,M,32,LOW,1.2000000000000002,10,314.0,1,14.0
1789,6816,19924.0,17538.2,13515.0,1154.7,3602.3,2803.47,704.0,63.0,1,5,35,7,6,119000,1,1,1.0,1,89908.8,1187335.5,2214.0,4150.0,35040.28,31135.0,147.0,3,64592.0,7218.0,215.86,3,104,19688.0,27660.48,195132.0,7,8,256626.0,Y,244.27,current,M,42,LOW,2.2,4,911.0,1,20.0
1790,17992,109091.0,3471.14,5437.67,14031.36,2603.0,1118.6,5544.0,1.0,10,9,4,1,2,49000,1,1,1.0,1,9624.6,41.26,5591.0,0.0,15125.21,29523.0,10.0,3,30513.0,26624.0,125474.58,45,8,79187.0,27908.75,166003.0,3,11,15626.0,Y,2193.41,current,F,66,MEDIUM,32.2,4,799.0,1,11.0
1791,6892,3310.0,4741.15,1709.0,50271.0,10576.0,11393.42,3455.5,56.0,26,7,1,1,98,505000,1,1,1.0,1,5809950.0,12971.0,230000.0,8572.0,183060.19,23631.5,43.0,5,15559.0,86715.09,29713.0,6,5,43336.0,67106.54,29398.0,10,58,17081.0,Y,614.53,current,M,33,MEDIUM,2.6,10,866.0,1,12.0
1792,17477,4810.0,10669.0,11235.55,10554.87,3952.94,2654.64,443.95,25.0,30,7,1,2,20,100000,1,1,1.0,1,67833.35,119451.0,33774.0,6916.0,40613.06,92164.0,10.0,3,131400.0,17003.88,56737.44,1,5,3125.0,29026.0,25366.0,3,12,24350.0,Y,161.98,current,M,32,MEDIUM,10.8,5,628.0,1,15.0
1793,18774,7611.0,1778.43,2079.78,23565.0,7714.3,9041.5,1090.0,1.0,23,4,1,1,67,373000,1,1,1.0,1,40440.4,60040.0,155205.0,-5715.49022999999,26167.25,143.0,55.0,6,31027.0,41815.49,10057.0,23,16,278000.0,40028.75,14633.25,62,21,53143.0,Y,10729.11,saving,F,61,LOW,20.5,1,488.0,1,13.0
1794,14990,10399.0,7917.46,255.0,22363.69,534.73,10226.0,875.0,1.0,3,135,1,37,56,471000,1,1,1.0,1,331.2,106398.0,100000.0,-5998.43994,62822.59,21821.0,41.0,4,16638.93,22123.4,15857.86,23,8,23488.0,72816.02,56680.0,6,63,17920.0,Y,1170.49,current,M,58,MEDIUM,11.4,1,805.0,1,14.0
1795,13658,14115.0,23070.95,4857.0,544.54,2248.0,2270.55,3899.0,14.0,46,50,1,31,70,393000,1,1,1.0,1,186189.0,170989.0,67696.0,-4679.0,259999.87,63696.0,24.0,2,27875.0,43365.1,64950.0,45,17,41541.0,75086.25,161.0,36,32,24800.0,Y,2853.28,current,M,60,MEDIUM,8.0,5,683.0,1,16.0
1796,10702,10750.0,1026.16,600.0,1074.22,23116.0,6790.0,1634.91,3.0,9,77,5,1,2,25000,1,1,1.0,1,1910215.0,117890.0,16114.0,3735.0,48639.2,15061.0,23.0,3,46578.0,215799.39,37422.74,4,42,20844.0,58019.25,32303.25,2,11,99755.0,Y,1559.3,current,M,30,LOW,4.0,8,631.0,1,4.0
1797,1893,103914.0,46481.95,1730.0,17964.67,3787.75,363.66,2160.0,6.0,26,44,2,4,1,256000,1,1,1.0,1,270.0,257406.7,3975.0,8723.0,9651.5,103024.42,42.0,5,123.41,58405.71,41330.0,6,25,20445.0,68628.9,90397.0,4,12,35884.0,Y,1353.73,current,M,42,LOW,13.200000000000001,2,867.0,1,14.0
1798,2799,1660.0,2090.78,2336.0,63417.44,9023.0,2048.0,2826.13,136.0,36,60,3,62,1,403000,1,1,1.0,1,8556.25,232524.0,2158.0,1411.0,60813.42,11179.0,5.0,1,32596.0,61155.84,47349.72,30,12,22648.0,32255.98,53469.0,5,11,52800.0,Y,28708.32,current,M,42,MEDIUM,11.0,7,299.0,1,11.0
1799,5255,19231.0,2806.0,876.35,12696.44,20997.96,10597.8,2075.57,6.0,4,74,48,1,1,104000,1,1,1.0,1,50040.0,17000.0,1135.0,20324.0,230070.05,37082.0,3.0,3,22654.0,7057.97,40081.0,6,12,67634.0,38338.0,33275.0,16,104,33754.0,Y,8658.4,current,M,66,MEDIUM,23.0,4,700.0,0,2.0
1800,15184,5298.0,28015.54,12041.0,6062.6,782.26,5796.56,2782.0,28.0,85,44,7,1,91,116000,1,1,1.0,1,81872.65,223379.4,24619.0,6916.0,50612.25,44989.0,10.0,1,48134.0,206550.6,14241.0,1,20,23948.0,107088.84,46359.0,2,10,23352.0,Y,68.57,current,M,32,MEDIUM,1.2000000000000002,4,963.0,1,10.0
1801,435,2151.0,3363.16,26889.0,21523.05,2665.0,14453.0,1029.0,5.0,128,50,3,44,86,293000,1,1,1.0,1,18861.8,257406.7,30011.0,2337.0,48521.74,52940.64,0.0,31,30774.0,92183.14,94695.0,2,67,17830.0,82337.18,55484.5,9,104,67064.82,Y,2700.33,current,M,40,HIGH,10.0,10,656.0,1,4.0
1802,19550,15518.0,34470.48,1895.0,24553.2,1448.0,63507.94,380.5,12.0,30,9,22,1,8,19000,1,1,1.0,1,10006.2,760470.3,908.0,3735.0,28615.92,59664.0,24.0,5,52574.0,166781.1,139662.0,5,50,16839.0,14304.25,166876.93,21,8,29326.0,Y,599.52,current,F,30,MEDIUM,9.0,5,324.0,0,2.0
1803,8382,10254.0,2534.0,5449.86,52303.2,6721.2,28942.0,3250.0,31.0,3,9,7,3,80,366000,1,1,1.0,1,31454.1,730000.0,3570.0,4314.0,30399.15,74541.0,32.0,13,42586.0,86625.13,58261.0,43,31,96358.0,9815.0,12149.58,4,103,33597.0,Y,4097.87,current,M,36,MEDIUM,8.0,7,355.0,1,19.0
1804,16567,178302.0,32120.62,3331.0,13257.81,2156.06,54412.18,1724.0,57.0,43,48,2,2,98,373000,1,1,1.0,1,25976.2,52985.43,550.0,-4679.0,167111.01,20921.0,36.0,26,287681.31,77152.01,510219.0,43,50,18378.0,33892.42,115089.0,2,38,48508.0,Y,1059.14,current,F,47,MEDIUM,13.5,1,299.0,1,12.0
1805,10127,17470.0,28832.62,2506.0,27398.18,6154.0,870.5,7807.0,10.0,128,7,39,31,13,430000,1,1,1.0,1,1859872.2,234459.4,230000.0,20324.0,59343.0,49370.0,16.0,4,52427.0,46913.4,187087.0,12,81,56130.0,410454.22,378244.5,3,37,26562.0,Y,1232.52,saving,M,50,HIGH,21.0,6,245.0,1,11.0
1806,6078,86331.0,23573.0,525.4,2017.92,4037.5,7643.495,3094.22,12.0,10,7,1,31,1,556000,1,1,1.0,1,67833.35,16000.0,6000.0,9415.0,94659.59,14507.5,42.0,0,111963.0,65941.11,29829.0,2,17,193000.0,111330.4,67238.0,62,104,31763.0,Y,6236.79,current,M,66,MEDIUM,23.0,7,883.0,1,18.0
1807,10966,3382.0,2342.5,8256.05,2706.86,1072.84,8721.03,516.25,6.0,128,47,3,6,70,252000,1,1,1.0,1,47936.43,134000.0,768.0,-6301.0,17970.15,72414.0,39.0,2,36706.0,29539.42,24487.0,5,29,19859.0,61049.14,32014.17,14,103,10457.0,Y,2237.55,current,M,28,MEDIUM,0.8,9,743.0,1,16.0
1808,602,828.0,4004.47,883.8,31565.5,6802.0,71597.36,24148.83,7.0,3,4,20,3,26,579000,1,1,1.0,1,5809.2,10903.0,126001.0,5340.0,78356.6,30523.5,52.0,3,73066.0,46182.38,18231.0,20,25,70086.0,71587.64,91808.0,12,1,14680.0,Y,5578.04,current,M,31,LOW,1.1,6,974.0,1,20.0
1809,12592,31763.0,20834.0,493.0,39768.52,1858.44,38723.3,2078.0,2.0,47,1,7,18,77,98000,1,1,1.0,1,5308.1,78744.56,38599.0,6916.0,64484.09,199928.0,22.0,19,46196.0,35258.18,114363.0,17,4,53866.0,58038.97,50269.25,3,18,6631.4,Y,3860.77,current,M,53,LOW,6.6000000000000005,10,626.0,0,19.0
1810,13152,67.0,2015.5,3045.0,4465.44,736.01,4447.89,745.0,124.0,10,35,11,11,5,383000,1,1,1.0,1,229435.05,589.39,6100.0,3897.0,802.25,18151.0,46.0,30,33370.0,47410.0,41738.5,6,40,73532.0,66727.34,589586.0,5,83,34739.0,Y,10543.73,current,M,29,HIGH,8.1,7,465.0,1,15.0
1811,9411,13720.0,9578.0,3917.0,21675.25,3767.72,20894.28,20130.0,10.0,84,87,57,1,3,359000,1,1,1.0,1,21511.8,375000.0,183999.0,1500.0,73032.0,53106.0,11.0,4,20546.0,41347.8,102671.0,43,89,239000.0,137912.22,25469.0,12,25,31290.0,Y,4864.54,current,M,53,HIGH,3.3000000000000003,10,566.0,1,12.0
1812,6291,126900.0,6756.62,10291.4,1171.0,4116.81,6075.0,6943.16,2.0,16,35,8,2,1,378000,1,1,1.0,1,526.25,10000.0,18389.0,0.0,15982.25,136391.11,147.0,2,28000.0,37080.37,54734.0,1,34,35071.0,74402.8,74278.0,94,14,16212.0,Y,9666.97,current,M,35,LOW,7.5,6,485.0,0,14.0
1813,10828,2962.0,5534.0,187.0,2540.79,5178.25,11139.545,10011.0,9.0,22,10,1,7,47,75000,1,1,1.0,1,204585.76,46500.0,96558.0,418.0,64831.1,53992.0,40.0,14,16853.0,27070.44,14726.68,9,11,20856.0,50111.64,15155.0,12,18,27299.0,Y,1801.62,saving,M,50,LOW,9.0,9,922.0,1,7.0
1814,11574,613.0,12506.0,1377.0,5435.07,4255.76,8311.0,12888.76,17.0,15,4,7,3,79,345000,1,1,1.0,1,5383.25,87578.0,16004.0,0.0,55414.3,43281.0,16.0,0,41834.0,19466.75,31760.0,1,13,20151.0,93818.0,46187.25,4,1,40447.0,Y,4855.51,current,F,62,MEDIUM,25.200000000000003,2,299.0,1,7.0
1815,14863,165957.0,1921.53,2597.0,8247.95,6293.0,42283.855,1729.0,2.0,34,19,47,5,1,17000,1,1,1.0,1,384550.05,257406.7,48950.0,-4664.0,20148.25,24574.69,4.0,26,16733.0,34704.38,58752.0,4,20,63993.0,160165.94,11140.79,40,80,35910.0,Y,5477.0,current,F,40,MEDIUM,8.0,1,656.0,1,7.0
1816,13490,1897.0,11275.24,578.0,5059.0,1157.0,1391.0,10144.0,1.0,37,4,18,2,54,100000,1,1,1.0,1,36122.87,470000.0,25524.0,1931.0,64878.0,90338.0,39.0,1,21694.0,42135.0,42444.82,31,23,45348.0,27219.0,32024.0,9,80,38028.05,Y,9709.59,current,M,50,MEDIUM,3.0,7,658.0,1,8.0
1817,16435,5895.0,10966.02,2550.0,6630.38,3384.01,8894.0,23237.5,6.0,30,4,82,2,12,337000,1,1,1.0,1,4323.0,409168.15,10973.0,-4664.0,43287.33,35952.0,32.0,19,40109.0,29269.0,24297.0,4,20,21333.0,19903.0,48098.75,3,58,16970.0,Y,4559.13,saving,M,38,MEDIUM,5.4,6,503.0,1,11.0
1818,2039,12423.0,8251.49,2570.07,9805.81,7459.1,3519.405,4133.22,29.0,43,6,1,11,34,595000,1,1,1.0,1,101891.25,128314.74,5797.0,-12179.0,102859.31,29925.0,91.0,0,30763.0,165176.37,38012.0,5,12,30754.0,62823.5,39542.0,1,52,33564.0,Y,3199.4,current,M,32,LOW,9.600000000000001,4,588.0,0,15.0
1819,14092,19764.0,17788.72,2306.5,383.5,7925.0,675.53,2361.11,7.0,9,9,60,11,47,97000,1,1,1.0,1,67833.35,624742.27,48950.0,-5998.43994,117707.42,43476.0,10.0,36,113330.0,110153.01,11245.0,9,50,11111.0,234462.83,10412.86,117,1,12193.0,Y,271.66,current,M,28,MEDIUM,5.6000000000000005,7,575.0,1,7.0
1820,15516,12328.0,6862.0,3904.14,8732.99,7555.0,9561.52,9307.0,4.0,77,72,24,1,9,19000,1,1,1.0,1,568.8,3.0,3850.0,5439.0,74419.54,141099.39,18.0,4,24980.0,14570.0,25964.66,2,63,22533.0,40745.5,297016.75,12,18,65983.0,Y,1098.14,saving,M,42,MEDIUM,11.0,6,233.0,1,18.0
1821,3231,120441.0,28247.0,735.49,1131.95,11744.48,3405.175,5296.0,1.0,83,72,4,1,10,595000,1,1,1.0,1,3101.3,3084.5,25000.0,1465.0,45917.8,46795.0,11.0,4,15842.0,23161.06,98097.47,8,20,87332.0,45235.95,101094.0,6,12,70115.0,Y,269.8,current,M,38,HIGH,10.8,5,123.0,1,4.0
1822,2565,121577.0,5168.0,1093.01,10134.8,3496.73,7624.0,5683.0,26.0,10,50,21,62,91,155000,1,1,1.0,1,250631.8,409168.15,23500.0,4795.0,8500.0,32251.81,11.0,1,22360.0,4737.82,99077.0,4,44,8481.0,67973.54,121174.75,6,11,51280.0,Y,8918.81,current,M,30,LOW,7.0,5,538.0,0,7.0
1823,15173,3016.0,3744.0,2515.0,49444.95,5082.0,6955.845,10735.0,136.0,29,44,2,4,11,58000,1,1,1.0,1,60800.0,95081.0,2156.0,167.0,39240.28,39905.17,55.0,30,21730.0,222305.33,81774.0,2,50,24571.0,98372.13,24270.0,2,21,13335.0,Y,14717.84,current,M,64,MEDIUM,4.4,9,394.0,1,17.0
1824,10305,288138.0,5660.0,2117.6,21644.39,781.0,1469.85,7331.45,1.0,8,7,18,1,4,199999,1,1,1.0,1,265809.85,91747.0,925.0,-5998.43994,5616.0,198745.0,22.0,28,16836.0,23403.15,13935.0,3,78,17418.0,75958.9,407449.41,4,12,20271.0,Y,8163.09,current,M,33,LOW,7.800000000000001,10,324.0,1,19.0
1825,16235,58057.0,61257.0,1832.92,8451.38,68.1,56405.69,1661.0,50.0,1,50,30,45,8,338000,1,1,1.0,1,325024.6,68663.61,655.0,1954.0,142308.63,51002.0,77.0,3,116875.22,15890.0,51803.0,1,24,28873.0,77664.83,647349.5,62,76,30684.0,Y,144.61,current,M,66,MEDIUM,32.2,3,558.0,1,19.0
1826,1951,10509.0,2795.45,858.0,30692.495,942.0,19862.0,2479.0,2.0,22,29,42,27,44,300000,1,1,1.0,1,17377.25,20000.0,105000.0,173.0,418.0,118.91,5.0,17,28680.0,10125.0,88688.0,50,43,171500.0,30323.35,38862.0,2,13,76902.0,Y,1680.63,current,M,36,MEDIUM,1.6,7,485.0,1,3.0
1827,17026,12522.0,67435.69,9186.0,3729.83,364.0,11021.57,1397.0,2.0,83,32,3,8,55,100000,1,1,1.0,1,544500.0,13299.0,16004.0,2921.0,19706.1,30243.0,55.0,5,17139.0,50188.19,101848.61,11,44,25845.0,69888.74,29680.68,3,18,23862.0,Y,1522.69,saving,M,37,MEDIUM,3.4000000000000004,9,809.0,1,11.0
1828,1234,19320.0,1233.81,1341.0,5757.39,1500.65,2073.0,6234.8,7.0,83,7,1,1,3,263000,1,1,1.0,1,64410.0,343342.9,908.0,19765.0,55287.5,1383.0,11.0,19,22534.0,15790.72,370684.0,6,4,157048.0,23571.61,39119.0,1,72,64254.0,Y,7958.53,current,M,46,MEDIUM,20.8,7,554.0,1,14.0
1829,8085,2529.0,7890.68,19348.0,19767.2,2071.43,2879.0,491.81,60.0,32,14,1,2,26,575000,1,1,1.0,1,3101.3,30453.0,68000.0,20790.0,44792.63,13188.0,4.0,1,980000.0,7123.15,305.0,43,8,12003.0,102761.64,82990.0,14,0,17878.0,Y,1571.08,current,F,62,LOW,4.2,10,883.0,0,14.0
1830,2020,39149.0,1987.34,1242.0,5792.0,1100.0,12877.0,6394.0,60.0,18,60,1,16,98,232000,1,1,1.0,1,683316.0,75925.0,18257.0,5773.0,70011.93,37892.0,16.0,2,13317.0,445795.94,28805.35,43,24,24280.0,176985.99,189920.0,1,38,28136.21,Y,40973.83,current,M,34,MEDIUM,9.8,8,883.0,1,16.0
1831,10503,3737.0,6717.0,29373.0,4267.0,252.0,2431.995,3762.0,17.0,2,84,1,36,17,147000,1,1,1.0,1,825.0,385218.7,51520.0,7984.0,22582.4,12493.0,5.0,1,32979.0,396384.63,28416.0,3,11,64496.0,15024.04,81803.75,2,79,29050.0,Y,9957.08,current,M,40,MEDIUM,16.0,8,516.0,1,9.0
1832,17827,296107.0,5545.23,2587.53,2572.47,2975.13,31402.385,1646.0,14.0,10,89,48,23,34,481000,1,1,1.0,1,95.0,64309.52,2644.0,12174.0,8078.55,8928.0,18.0,4,68695.0,410022.25,24788.62,0,20,991623.0,66695.85,501.0,1,65,18017.0,Y,1888.2,current,M,219,MEDIUM,59.7,7,525.0,1,20.0
1833,15795,5152.0,2472.0,578.0,10062.7,16738.51,2969.0,4999.0,19.0,85,46,18,14,3,371000,1,1,1.0,1,28482.5,895000.0,50000.0,10455.0,162791.55,28879.86,42.0,19,34394.0,18489.88,148735.57,2,6,16306.0,198476.66,33697.0,3,100,78120.0,Y,65.49,current,M,32,MEDIUM,3.6,3,653.0,1,8.0
1834,8556,169189.0,3838.82,7209.0,1767.5,1005.0,100747.0,677.0,2.0,14,135,45,2,34,17000,1,1,1.0,1,199690.5,25404.0,655.0,20513.0,59430.94,55004.0,52.0,36,26511.0,49237.43,55775.0,2,16,117144.0,51015.14,17128.0,3,18,34789.0,Y,6521.53,current,M,33,MEDIUM,7.800000000000001,3,860.0,1,3.0
1835,4640,10518.0,20235.96,4931.6,34371.51,10569.0,4134.75,23629.3,5.0,10,84,8,4,26,255000,1,1,1.0,1,2184.0,96096.0,583.0,14509.0,41009.05,66557.72,68.0,0,28040.0,22373.85,23169.0,42,6,19975.54,87262.58,44684.0,4,32,35563.0,Y,13037.5,current,M,30,MEDIUM,10.0,10,537.0,1,19.0
1836,6444,14298.0,4615.0,13282.5,3553.96,2563.4,2101.05,420.0,6.0,67,4,10,1,47,138000,1,1,1.0,1,41883.6,90829.65,12337.0,5439.0,11372.25,184579.0,42.0,26,21644.0,99834.37,399904.0,9,1,45486.0,99119.76,53469.0,3,73,27181.0,Y,0.46,current,M,49,LOW,26.1,2,801.0,0,12.0
1837,17652,125.0,206905.4,3060.35,18986.95,10309.0,10348.065,710.7,8.0,8,102,6,2,70,494000,1,1,1.0,1,115.45,118983.0,45000.0,0.0,81409.3,54005.0,50.0,4,43993.0,16460.0,1880.0,2,20,85038.0,210872.53,29381.0,3,38,10650.0,Y,3201.4,current,M,32,MEDIUM,9.600000000000001,10,737.0,1,6.0
1838,3031,94575.0,26289.93,18991.0,3712.74,7579.5,11902.875,813.59,1.0,8,8,5,9,47,147000,1,1,1.0,1,6440.0,63000.0,230000.0,20513.0,43160.0,1383.0,4.0,1,122659.0,72810.42,42296.0,3,12,25717.0,33869.5,37507.0,6,124,44627.0,Y,1819.91,current,M,47,MEDIUM,10.8,5,268.0,1,19.0
1839,13404,2516.0,5269.92,6931.52,24196.29,1458.0,2763.0,9368.0,4.0,34,112,3,21,11,100000,1,1,1.0,1,5324.49,861640.54,550.0,886.0,42225.81,66317.0,36.0,26,15500.0,26575.0,29148.72,42,26,15173.0,55014.73,109406.8,117,65,34662.0,Y,2051.16,saving,M,25,MEDIUM,3.0,3,629.0,1,19.0
1840,17148,18132.0,1702.0,11739.0,4070.0,13842.14,5398.0,188.0,12.0,84,51,2,25,13,104000,1,1,1.0,1,1641785.0,118976.0,825.0,0.0,13613.21,10181.0,147.0,1,1249.0,48655.0,104291.98,11,8,54200.0,39524.58,68046.0,36,1,23589.0,Y,11413.55,current,M,49,MEDIUM,5.800000000000001,5,488.0,1,13.0
1841,8716,11945.0,13138.84,3557.02,3320.93,7965.0,8711.0,10194.0,24.0,84,11,24,2,17,170000,1,1,1.0,1,41883.6,79828.0,5101.0,10210.0,29023.58,90339.0,11.0,5,34230.0,21816.41,247010.0,1,12,410852.0,1078.0,67187.5,3,80,78690.0,Y,11358.72,current,M,222,LOW,60.6,2,385.0,1,8.0
1842,19682,15830.0,2313.93,40556.0,1348.0,10282.57,19018.17,1146.0,1.0,8,102,1,25,1,369000,1,1,1.0,1,21220.0,100000.0,24619.0,277.0,88971.0,28907.0,7.0,19,8560.33,77088.76,98362.0,6,8,28528.59,41982.0,37620.0,6,103,32098.0,Y,171.2,current,F,29,MEDIUM,2.7,2,809.0,1,2.0
1843,8175,14238.0,29046.0,2132.0,21640.7,4803.47,15895.75,7357.0,57.0,32,74,24,3,1,35000,1,1,1.0,1,684495.7,280000.0,24619.0,3897.0,112481.86,66095.95,11.0,4,18539.0,12876.0,34801.12,2,8,80045.0,77509.75,82424.0,6,65,57154.0,Y,18717.09,current,M,64,MEDIUM,17.6,3,743.0,0,9.0
1844,2391,18893.0,33477.0,4999.01,5264.5,5430.58,644.5,57987.79,5.0,77,2,3,60,44,139999,1,1,1.0,1,5210.85,157624.24,711.0,6885.0,22246.59,20373.0,42.0,25,23908.0,30108.21,25223.5,6,20,40826.0,72048.15,77164.0,3,38,19838.0,Y,4607.37,current,M,35,LOW,7.5,8,355.0,1,20.0
1845,19873,19722.0,3362.59,4950.77,10534.88,4397.0,1436.34,1801.77,7.0,85,72,5,1,11,425000,1,1,1.0,1,39851.93,50000.0,927.0,8362.0,110356.67,146179.0,55.0,19,41121.0,75151.61,29377.0,1,63,19052.0,55187.98,100046.0,7,35,40700.0,Y,4444.83,current,M,31,MEDIUM,9.9,2,908.0,1,7.0
1846,11149,1187.0,1739.5,6748.0,277233.88,3908.0,13874.0,501.24,1.0,5,4,1,25,6,17000,1,1,1.0,1,46451.38,57345.0,787.0,5773.0,64960.88,136833.41,89.0,3,18998.0,36780.0,12986.0,8,63,202500.0,133808.89,205932.61,94,1,21518.0,Y,170978.53,current,M,40,MEDIUM,4.0,6,799.0,1,9.0
1847,9351,15342.0,162318.26,10091.23,12909.6,9684.76,4514.8,3613.85,24.0,10,59,52,2,11,381000,1,1,1.0,1,19265.4,159308.0,8333.0,5340.0,118780.72,35194.0,62.0,2,41473.0,119593.67,34380.24,31,0,39459.0,77005.6,25273.0,94,8,23568.0,Y,3490.38,saving,M,63,HIGH,38.7,7,887.0,0,13.0
1848,5217,153.0,5455.0,2418.0,10063.63,3889.5,1572.73,17511.0,32.0,14,46,1,1,41,301000,1,1,1.0,1,192428.25,369448.8,6100.0,4314.0,33452.5,134813.0,20.0,3,91481.0,27785.0,20213.0,2,11,18235.0,115419.16,11162.0,3,2,18524.0,Y,13467.18,current,M,29,MEDIUM,0.9,8,243.0,1,6.0
1849,8168,19855.0,1206.56,699.0,17482.0,4414.76,7349.73,3184.0,59.0,29,23,1,15,26,85000,1,1,1.0,1,233727.15,143000.0,4458.0,6885.0,27287.85,49582.0,8.0,0,30098.0,44083.42,156780.0,50,14,126093.77,48082.78,20993.0,58,83,176969.0,Y,15503.23,current,M,29,LOW,0.9,6,247.0,1,18.0
1850,14137,4487.0,110044.85,1451.0,5205.0,4439.0,380.84,1502.59,124.0,3,5,4,11,18,408000,1,1,1.0,1,1263221.7,159415.3,8764.0,-5715.49022999999,185692.42,33860.0,10.0,0,25677.0,95022.15,66733.0,1,14,18405.0,50328.04,145240.0,4,12,27468.0,Y,10591.93,current,M,33,MEDIUM,6.5,7,969.0,0,10.0
1851,16678,7058.0,12388.0,39125.0,3825.81,6780.0,7506.92,835.0,531.0,3,13,2,5,28,290000,1,1,1.0,1,116122.65,157624.24,51520.0,-4664.0,67493.66,13082.0,39.0,6,53000.0,25762.3,29081.0,2,8,13866.0,39713.38,27520.5,5,18,51211.0,Y,3847.15,current,M,42,MEDIUM,17.6,9,299.0,1,20.0
1852,1752,327353.0,19896.0,4695.0,6308.0,2697.0,6411.0,5150.0,6.0,23,7,82,2,8,187000,1,1,1.0,1,9255.43,79828.0,11379.0,3897.0,2777.92,60610.42,16.0,35,14310.0,13845.49,94486.0,5,59,24449.0,141879.75,133579.25,49,11,44009.0,Y,5064.66,current,F,66,MEDIUM,13.8,10,488.0,0,6.0
1853,7327,10736.0,29871.34,23109.0,5858.69,5122.0,4219.055,2226.02,16.0,3,38,3,9,6,212500,1,1,1.0,1,4900.4,343342.9,60000.0,5730.0,82184.42,125839.0,18.0,4,16818.0,78001.45,3210.67,43,11,18919.68,83756.7,45901.0,47,79,128746.71,Y,14879.43,current,M,33,MEDIUM,13.0,8,249.0,1,12.0
1854,9393,163559.0,3205.25,2210.0,351.0,190.66,12208.0,1797.0,5.0,23,30,7,3,53,19000,1,1,1.0,1,2.13,15300.0,30011.0,977.0,45917.8,403096.0,3.0,1,21100.0,137373.55,17193.05,3,30,42186.0,30785.25,10815.0,40,10,860.0,Y,5055.4,current,F,32,MEDIUM,12.0,9,855.0,0,20.0
1855,6700,11767.0,1591.97,1467.0,27600.0,10154.0,1846.67,3384.41,2.0,25,46,3,38,98,472000,1,1,1.0,1,9608.3,152664.0,18389.0,-4679.0,57266.92,7942.0,40.0,31,20725.0,42626.14,174704.0,3,9,17384.0,599.81,37705.0,3,35,37211.0,Y,5929.22,current,M,66,MEDIUM,46.0,9,259.0,1,15.0
1856,8678,6631.0,1117.0,1185.5,36099.4,3037.88,4420.0,785.26,5.0,10,74,60,62,2,125000,1,1,1.0,1,471.05,118976.0,3975.0,-12179.0,191865.09,75297.0,42.0,1,78876.82,156176.25,126973.0,2,7,23705.0,33999.93,65679.0,10,39,3289.58,Y,14187.39,current,M,40,LOW,8.0,8,974.0,1,10.0
1857,7821,9895.0,15458.93,2814.0,5019.5,3400.0,1759.0,12743.0,19.0,1,19,21,6,39,304000,1,1,1.0,1,2.13,50700.0,3850.0,6260.0,56445.0,39748.0,103.0,1,38659.0,18933.73,20364.24,5,81,24922.0,35361.09,78625.0,7,18,25173.0,Y,640.49,saving,M,223,MEDIUM,20.3,9,516.0,1,17.0
1858,1696,10976.0,33182.12,2951.97,117270.0,1095.4,8393.0,658.0,9.0,32,4,2,1,34,340000,1,1,1.0,1,474401.25,53749.0,5905.0,12174.0,51936.19,17846.0,55.0,3,19249.0,39809.0,38528.0,9,26,30473.0,88629.13,37341.0,6,39,21434.0,Y,1170.49,current,M,219,MEDIUM,179.10000000000002,1,922.0,1,15.0
1859,18686,3547.0,49121.4,1532.0,10338.9,8138.25,6356.0,925.34,16.0,46,3,2,9,3,472000,1,1,1.0,1,354.5,182359.2,3000.0,1079.0,127060.19,30486.0,4.0,6,32349.0,35346.5,84339.2,50,14,32226.0,78598.4,54683.5,9,103,33810.0,Y,1552.29,current,F,46,MEDIUM,23.400000000000002,3,686.0,1,2.0
1860,1859,7300.0,14147.46,5283.0,5727.85,2376.6,8186.0,21126.0,10.0,99,7,1,3,67,350000,1,1,1.0,1,977377.25,5241.0,28913.0,-5998.43994,16592.89,102784.0,87.0,2,27110.0,22925.84,53905.62,17,4,16250.0,43888.56,51010.0,11,104,24899.0,Y,416.52,current,M,62,MEDIUM,12.600000000000001,2,743.0,1,11.0
1861,18840,11622.0,39802.66,3459.52,35045.0,2061.68,14834.0,6234.8,12.0,32,13,1,25,1,556000,1,1,1.0,1,32951.25,3.0,891.0,3897.0,45276.14,69227.91,46.0,26,20874.0,1702.0,52520.0,2,20,81117.0,59090.77,44464.0,14,11,109665.61,Y,787.01,current,M,27,MEDIUM,3.5,7,538.0,1,13.0
1862,13781,9405.0,5225.0,16619.0,9933.15,8980.91,3034.75,21126.0,531.0,16,67,1,1,47,100000,1,1,1.0,1,1982892.29,205032.06,19081.0,1992.0,74476.0,89957.0,40.0,7,44947.0,25895.22,60166.36,0,82,40417.0,183956.07,85140.95,42,63,44289.0,Y,25326.33,current,M,32,LOW,8.4,8,950.0,1,11.0
1863,6687,2520.0,1106.5,696.0,1756.0,6578.5,3528.4,1798.19,56.0,26,35,10,2,13,564000,1,1,1.0,1,41883.6,111000.0,8417.0,8572.0,116605.66,41436.0,11.0,5,16842.0,44149.66,68244.0,5,12,14410.0,39074.54,39839.75,49,18,35662.0,Y,7016.93,current,M,38,MEDIUM,7.2,6,503.0,1,7.0
1864,14044,6885.0,23451.34,10430.45,70456.0,6457.62,4952.0,5773.0,44.0,18,71,48,55,47,425000,1,1,1.0,1,55700.0,96096.0,49975.0,14509.0,191264.81,77205.0,4.0,4,50836.0,11369.59,64608.05,3,20,17246.0,27277.0,58035.01,46,58,24773.0,Y,22925.13,current,M,37,LOW,10.200000000000001,4,296.0,1,7.0
1865,17150,108927.0,15356.57,5648.0,640.34,64615.36,123282.0,167311.0,50.0,6,3,2,17,98,156000,1,1,1.0,1,1359.3,15395.48,798.0,0.0,70882.93,58043.0,72.0,29,13469.0,49364.45,126973.0,4,70,24750.0,36786.88,30492.0,38,57,38710.0,Y,180.96,saving,M,47,LOW,18.900000000000002,6,247.0,0,8.0
1866,5227,14154.0,959.0,1121.0,1613.5,8741.3,2428.0,1476.0,63.0,66,73,2,5,77,127500,1,1,1.0,1,48422.7,180151.0,28912.0,5464.0,23230.43,80082.0,79.0,1,23616.0,103045.81,78174.88,16,171,22236.0,63415.95,25894.0,4,7,9555.0,Y,3121.44,current,M,29,MEDIUM,1.8,7,233.0,0,13.0
1867,17458,398403.0,889.93,16815.5,8194.99,9415.95,8795.28,1296.0,44.0,99,17,2,63,13,518000,1,1,1.0,1,6440.0,460000.0,13873.0,1931.0,35998.69,6182.0,11.0,7,24153.0,79651.38,85552.0,5,13,5681.0,6459.92,126290.0,42,73,166000.0,Y,18717.09,current,M,63,MEDIUM,34.4,6,488.0,1,17.0
1868,17656,21328.0,3940.0,2140.0,2442.7,1403.0,9223.0,3188.5,2.0,10,5,17,51,9,300000,1,1,1.0,1,81872.65,393982.1,610000.0,6916.0,6708.05,95859.0,20.0,17,25732.0,30042.04,22316.0,2,12,22151.0,44271.0,78438.0,2,58,27758.0,Y,7669.03,saving,F,55,MEDIUM,24.5,9,243.0,1,7.0
1869,7904,2481.0,48272.15,1514.0,4182.16,4403.24,3004.5,7357.0,44.0,66,4,1,2,2,156000,1,1,1.0,1,690857.42,295150.9,23500.0,167.0,16882.0,50237.0,63.0,36,13188.0,76811.41,13935.0,42,171,37260.0,29683.05,93181.29,4,106,55958.0,Y,6238.19,current,M,42,MEDIUM,15.4,2,799.0,1,12.0
1870,4914,9928.0,730.0,11404.01,10791.0,526.15,1989.24,1694.0,67.0,50,72,24,63,47,378000,1,1,1.0,1,46962.5,3651922.3,1209.0,-6301.0,39998.26,51602.0,7.0,4,92810.0,50143.0,30167.0,7,14,104000.0,108715.52,138312.0,40,22,23238.0,Y,9801.22,current,M,33,MEDIUM,9.1,9,506.0,1,19.0
1871,15828,5395.0,9022.67,1845.0,10655.12,8840.2,4447.89,27724.06,4.0,10,19,11,56,1,232000,1,1,1.0,1,41.4,135552.85,1052.0,903.0,22540.71,101602.9,11.0,36,19771.0,88968.75,824.0,31,108,48000.0,278112.23,98248.28,5,12,30486.0,Y,1815.67,current,F,38,MEDIUM,16.2,7,233.0,1,20.0
1872,5466,112441.0,34001.24,1784.25,4153.63,9617.15,1641.0,10377.0,14.0,65,23,4,36,30,68250,1,1,1.0,1,1910215.0,15000.0,11545.0,2351.0,47700.29,44939.37,11.0,26,39579.0,268775.98,26038.0,2,20,101383.0,17326.28,249217.0,4,63,26225.0,Y,1311.11,saving,M,27,LOW,2.1,3,802.0,1,19.0
1873,10475,1405.0,36395.0,597.01,5892.05,8953.82,2958.045,1016.0,15.0,8,7,4,2,54,199999,1,1,1.0,1,39851.93,110175.0,5797.0,-6301.0,164845.02,120927.37,42.0,30,469.0,28790.62,83011.0,43,11,31403.0,34057.87,73603.0,7,65,15267.0,Y,2992.08,current,M,32,MEDIUM,6.0,7,805.0,1,13.0
1874,15566,19952.0,19338.04,2170.0,18822.87,6872.0,419.0,2341.58,18.0,22,35,7,5,4,358000,1,1,1.0,1,1502126.3,182359.2,1762.0,553.0,24136.35,43602.82,103.0,1,49050.0,20216.11,42043.0,2,20,29456.0,119667.45,113173.69,2,104,12786.0,Y,72379.91,current,M,42,MEDIUM,4.4,3,743.0,0,17.0
1875,15651,12799.0,78868.0,778.76,6275.43,1500.65,1335.0,2154.0,52.0,99,11,4,1,81,300000,1,1,1.0,1,76.0,157000.0,12560.0,8572.0,74873.88,23092.0,6.0,31,315853.0,34709.0,33840.61,0,46,159809.0,93618.98,100581.0,5,24,49415.0,Y,4011.83,current,M,55,MEDIUM,10.5,1,737.0,1,17.0
1876,6785,20082.0,6862.34,9171.0,9238.0,2056.8,3896.0,6728.0,6.0,6,61,2,2,2,568000,1,1,1.0,1,293418.75,12000.0,130000.0,-5439.0,18007.0,30090.0,20.0,55,14890.0,6791.88,2970.8,45,8,18437.0,13763.0,629.0,19,25,30371.0,Y,2894.09,current,M,37,LOW,13.600000000000001,6,700.0,1,7.0
1877,11028,10674.0,3235.19,1051.0,7715.5,8297.25,8030.8,4363.0,9.0,18,50,2,46,47,302000,1,1,1.0,1,94127.1,132324.01,15654.0,0.0,18041.19,83519.32,43.0,2,18330.0,179979.92,36644.25,17,67,27415.0,20149.68,12432.0,3,8,30419.0,Y,3510.97,current,M,40,LOW,10.0,2,866.0,0,10.0
1878,14078,335021.0,1228.38,6578.0,32332.77,2711.0,13000.0,816.0,44.0,10,135,50,48,47,127500,1,1,1.0,1,199690.5,117890.0,300500.0,13135.0,9018.52,24214.0,37.0,31,83972.0,19946.66,3184.38,0,44,178243.0,19809.97,112184.61,14,32,30486.0,Y,3329.68,current,M,30,LOW,6.0,5,233.0,1,4.0
1879,10197,13498.0,31781.13,5578.0,19340.97,28429.49,5121.48,1489.0,31.0,29,50,52,1,16,427000,1,1,1.0,1,42460.6091,10947.0,583.0,171.0,40826.88,157426.06,46.0,31,12889.0,19919.39,53388.0,2,9,44334.0,146674.25,42793.0,4,106,589.0,Y,2654.87,current,M,62,LOW,37.800000000000004,8,863.0,1,7.0
1880,8693,5791.0,732.93,1832.92,1915.45,448.0,12589.965,11355.0,9.0,5,35,45,4,56,98000,1,1,1.0,1,506688.65,24000.0,22000.0,0.0,15876.64,169812.0,10.0,5,83359.0,14528.83,42710.0,43,82,19600.0,42443.76,631.5,14,22,513622.0,Y,20489.62,current,M,40,LOW,12.0,5,258.0,0,14.0
1881,7323,3916.0,17077.0,20030.0,10589.79,4107.91,508.0,2277.0,1.0,47,72,50,1,8,383000,1,1,1.0,1,750.6,8000.0,54101.0,1411.0,148310.55,91145.41,5.0,35,23368.0,32359.65,7954.14,1,8,27836.0,17476.15,10973.79,18,65,25382.0,Y,58324.8,current,F,35,LOW,10.5,6,248.0,0,14.0
1882,3683,356.0,92096.8,7845.0,10465.78,1324.0,8030.56,10107.0,7.0,71,50,60,1,55,267000,1,1,1.0,1,73010.0,142608.5,1727.0,-5998.43994,50650.39,35217.0,10.0,1,36773.0,26473.53,101841.0,1,8,205558.0,122223.08,20340.0,4,12,21636.0,Y,4654.22,current,M,53,MEDIUM,9.9,7,516.0,1,2.0
1883,14989,19917.0,5567.0,9898.0,6130.06,898.0,2769.775,3485.0,7.0,16,6,60,1,30,337000,1,1,1.0,1,39851.93,19129.94,5797.0,5464.0,40540.8,45558.0,4.0,15,53742.0,1194.0,152.5,0,70,38453.0,244112.97,56822.76,6,52,3040.0,Y,3032.48,current,M,42,MEDIUM,13.200000000000001,10,247.0,1,16.0
1884,2985,336973.0,1312.92,18294.16,5932.32,1640.46,1235.01,4139.0,12.0,66,30,3,5,14,352000,1,1,1.0,1,204585.76,65070.0,3000.0,5730.0,58785.91,68219.84,16.0,55,253644.0,64586.94,187565.49,5,5,34135.0,55539.93,128428.0,3,38,40450.0,Y,1238.64,current,M,56,MEDIUM,7.2,5,123.0,1,9.0
1885,14564,1527.0,32249.39,1839.01,40420.0,775.31,28407.995,19048.0,28.0,10,653,53,36,70,472000,1,1,1.0,1,2595.81,12000.0,12000.0,0.0,34302.49,107545.2,11.0,1,92864.0,86844.8,14700.0,1,20,116980.0,14929.11,62362.0,7,26,33410.0,Y,15814.77,current,M,44,LOW,7.2,8,818.0,0,3.0
1886,1290,12496.0,11148.95,10189.76,12837.29,3394.5,4146.0,3053.0,60.0,15,7,17,2,34,199999,1,1,1.0,1,5308.1,3342.51,16004.0,1332.0,21426.0,1172.0,38.0,31,11329.0,29108.1,92315.76,1,8,70186.0,320.5,216.0,4,124,66990.0,Y,21898.01,current,M,40,MEDIUM,20.0,6,448.0,0,18.0
1887,50,16410.0,6963.52,13206.31,3947.98,7036.0,472.45,8123.0,2.0,10,44,18,62,2,300000,1,1,1.0,1,18418.85,385218.7,24619.0,-5439.0,50812.05,24771.0,43.0,1,30435.0,105699.75,24028.75,4,3,36941.49,1437.0,31607.18,47,54,40679.0,Y,2220.07,current,M,40,MEDIUM,8.0,6,296.0,1,10.0
1888,15133,17805.0,6431.6,9214.0,7828.0,15484.0,28773.15,935.0,1.0,8,9,2,51,11,27000,1,1,1.0,1,293418.75,4550727.2,12337.0,-4664.0,40940.25,646225.0,36.0,2,38128.0,82356.0,163.86,3,31,21814.0,130330.39,178197.0,3,6,25609.0,Y,1320.75,current,M,33,MEDIUM,5.2,3,911.0,0,2.0
1889,18450,9444.0,12472.0,19285.0,40334.09,4658.44,3185.0,243.0,136.0,77,72,3,15,53,302000,1,1,1.0,1,29424.37,1024477.47,8060.0,35346.0,110356.67,62639.0,16.0,28,15822.74,41591.39,12511.0,17,35,39978.0,38298.5,44811.34,3,18,20.0,Y,787.01,saving,M,33,LOW,6.5,2,485.0,1,10.0
1890,7557,101198.0,2099.0,4555.55,5391.0,3344.26,15941.665,9488.52,5.0,67,20,3,4,42,410000,1,1,1.0,1,5809950.0,110135.86,69493.0,12299.0,8530.75,44320.0,11.0,3,33887.0,15370.16,35166.0,9,81,17348.0,6961.5,47113.0,8,79,35300.0,Y,3577.6,current,M,30,MEDIUM,6.0,2,805.0,1,10.0
1891,4288,16966.0,21422.0,3872.0,2472.92,22344.55,12400.25,4027.0,1.0,65,35,24,37,22,124000,1,1,1.0,1,199690.5,31033.0,4367.0,1079.0,33304.57,68743.2,11.0,5,11989.7,15995.93,30192.0,20,5,3065.67,88063.14,6643.0,58,133,33630.0,Y,535.15,current,M,39,MEDIUM,15.200000000000001,2,647.0,1,10.0
1892,13666,6712.0,4096.33,2600.44,2057.0,34004.0,1842.0,619.52,19.0,34,2,1,44,98,467000,1,1,1.0,1,65640.0,12257.0,20000.0,0.0,28736.81,42310.0,16.0,4,30275.0,32613.74,53412.0,0,8,34502.0,139556.97,218460.19,49,1,147947.0,Y,157.42,current,M,34,LOW,1.4000000000000001,8,536.0,0,4.0
1893,4045,14154.0,10241.0,5263.0,4151.78,1548.34,1419.0,3150.8,25.0,43,38,2,14,17,147000,1,1,1.0,1,61186.36,295150.9,130000.0,14509.0,66005.5,164203.88,89.0,3,45786.0,32874.53,37441.0,43,8,44154.0,20787.9,58764.26,4,106,174901.0,Y,9887.32,saving,M,30,LOW,3.0,2,656.0,0,5.0
1894,14344,6553.0,3111.3,8239.01,4502.5,1202.0,745.0,743.0,25.0,26,72,4,2,30,520000,1,1,1.0,1,272677.25,26884.0,2156.0,886.0,111817.83,20922.0,8.0,35,30435.49,33865.74,58939.0,2,28,57356.0,23441.67,85.29,9,27,61378.03,Y,282.64,current,F,33,MEDIUM,7.800000000000001,2,299.0,1,11.0
1895,16134,6001.0,3829.43,206.0,2714.26,9723.0,14325.34,12842.45,26.0,4,84,1,4,53,100000,1,1,1.0,1,154363.25,784499.0,536.0,0.0,138598.98,125071.0,12.0,2,34117.0,64353.87,18014.36,1,1,40285.0,41061.41,35075.0,2,18,3887.0,Y,19767.6,current,M,47,LOW,13.5,9,924.0,0,10.0
1896,1063,85087.0,23059.28,15697.97,2796.26,1226.0,1305.14,4912.0,5.0,23,67,82,9,34,267000,1,1,1.0,1,9832490.0,267421.4,925.0,5340.0,125913.54,94457.0,36.0,35,15261.0,74584.0,19299.0,2,50,22017.0,32255.98,28059.0,14,43,21636.0,Y,1628.76,current,M,222,LOW,141.4,8,937.0,1,4.0
1897,18454,17392.0,373.0,11404.01,848.22,3823.0,17451.1,3063.22,57.0,10,23,53,25,1,44000,1,1,1.0,1,167.5,900000.0,6000.0,5730.0,8567.4,85070.0,46.0,3,481.93,60310.2,100950.0,47,8,76253.0,28881.86,108815.79,49,14,37195.0,Y,13298.25,current,M,50,MEDIUM,15.0,9,809.0,1,2.0
1898,5918,298470.0,5037.4,8798.39,3151.5,8980.91,10410.13,1292.95,26.0,3,5,1,14,44,138000,1,1,1.0,1,120781.35,191000.0,825.0,6916.0,30519.54,94924.0,42.0,3,65144.0,47889.42,29713.0,2,9,42741.0,27915.7,180168.0,2,39,21641.0,Y,11084.29,current,M,30,LOW,3.0,5,883.0,1,2.0
1899,14427,4953.0,1041.0,13968.0,25430.85,1076.29,17654.195,4565.27,6.0,30,14,1,17,1,494000,1,1,1.0,1,24832.0,116000.0,33774.0,4314.0,157943.9,142867.77,46.0,13,34900.0,24463.28,167763.0,2,8,93931.0,17036.0,618919.0,4,58,170616.84,Y,3083.33,current,M,53,LOW,23.1,10,802.0,1,17.0
1900,12460,15913.0,8492.39,13098.21,1783.29,11182.0,8566.71,6069.0,53.0,29,48,6,1,54,371000,1,1,1.0,1,169.4,730000.0,2019.0,3897.0,610.13,44121.8,17.0,43,12948.0,21682.32,113354.97,4,42,25637.0,26693.45,20408.0,93,75,6708.81,Y,6380.18,current,M,47,LOW,8.1,5,750.0,1,3.0
1901,10532,17509.0,2945.0,10096.0,3145.34,248.9,8318.17,2022.55,5.0,5,11,2,21,31,287000,1,1,1.0,1,259573.3,25172.0,2644.0,16455.0,179819.25,95759.38,8.0,5,39458.0,56592.0,43926.0,2,0,40657.0,87488.2,21752.0,10,22,37384.0,Y,644.03,current,M,33,MEDIUM,7.800000000000001,4,386.0,0,10.0
1902,8207,289541.0,4276.0,4982.0,43112.61,11459.38,9442.0,7160.0,56.0,34,4,22,18,2,44000,1,1,1.0,1,4140.0,71944.5,4000.0,2819.0,149446.0,6087.0,18.0,7,18357.0,32594.16,27083.24,6,81,59291.0,28327.63,86773.0,4,57,11705.0,Y,1.03,current,M,40,LOW,20.0,2,927.0,0,16.0
1903,19169,10182.0,3448.7,33232.88,18494.19,5918.0,9621.3,9092.0,17.0,30,70,1,4,18,366000,1,1,1.0,1,568.8,18000.0,678.0,10455.0,59839.53,33983.0,52.0,3,25401.0,1210025.36,26033.0,4,8,35003.0,23086.47,152159.3,3,11,37201.0,Y,47519.12,current,M,37,LOW,8.5,6,748.0,1,16.0
1904,3199,7821.0,46999.0,19739.44,7258.0,9867.0,17137.14,34860.0,26.0,30,67,22,1,9,362000,1,1,1.0,1,61186.36,170989.0,73217.0,14509.0,11013.5,41913.0,11.0,36,59190.0,8181.62,21969.0,3,82,65358.0,20149.68,77827.0,9,32,22330.0,Y,1674.09,current,M,223,HIGH,40.6,7,956.0,1,11.0
1905,8291,344780.0,105853.9,876.35,45261.0,6209.0,9178.0,3173.0,4.0,5,67,5,1,47,97000,1,1,1.0,1,71020.5,97000.0,51520.0,-4664.0,20660.88,50004.91,43.0,19,16550.0,70003.76,24942.0,3,42,33006.0,19990.75,37864.0,40,120,69364.0,Y,1553.33,current,M,38,MEDIUM,10.8,9,296.0,1,19.0
1906,19805,14284.0,2044.1,9836.0,11837.31,920.0,372.1,5150.0,6.0,22,9,1,1,54,294000,1,1,1.0,1,18418.85,245000.0,6100.0,4512.0,1286.85,55446.0,20.0,7,23201.0,25869.09,30602.1,11,20,1092.52,126357.0,28255.47,5,18,12929.0,Y,756.17,current,M,30,MEDIUM,3.0,2,927.0,0,7.0
1907,4562,1428.0,7092.0,35250.0,7969.84,7174.0,5584.0,1511.3,2.0,29,49,1,4,67,47000,1,1,1.0,1,63590.4,189246.0,3570.0,-6281.37987999999,44632.82,115856.8,42.0,2,27825.0,15802.29,46587.5,6,11,29134.0,88683.97,20800.0,3,11,22349.0,Y,2803.85,current,M,62,LOW,8.4,10,746.0,0,9.0
1908,1199,3618.0,13620.0,9997.0,15415.0,6046.97,32940.19,1003.26,3.0,10,19,4,17,1,533000,1,1,1.0,1,2389800.0,90829.65,1018.0,8362.0,158740.0,141722.55,39.0,2,100627.0,43962.9,23344.37,1,13,110842.0,123991.44,35204.0,9,120,78120.0,Y,3962.42,current,M,120,MEDIUM,30.0,7,324.0,1,9.0
1909,5507,10540.0,9662.31,834.01,3392.26,1583.0,2742.0,614.0,56.0,15,50,4,3,6,83000,1,1,1.0,1,111.4,202560.0,24619.0,1500.0,20637.25,167601.0,67.0,0,19827.0,1441.0,66261.0,3,27,16554.0,97222.27,101439.0,36,57,30581.75,Y,18242.25,current,M,66,MEDIUM,41.400000000000006,6,748.0,0,2.0
1910,17162,183119.0,9317.53,1517.95,8115.0,2155.0,10869.0,2871.0,4.0,5,50,48,1,1,476000,1,1,1.0,1,60800.0,119451.0,65000.0,2337.0,67495.69,33891.0,12.0,7,22043.0,127991.64,45589.5,3,42,31755.0,87919.88,1869.69,42,32,15374.0,Y,3312.46,current,M,33,MEDIUM,11.700000000000001,5,860.0,1,17.0
1911,4526,8891.0,1950.0,6361.0,35935.75,3106.25,31713.165,6733.0,26.0,22,4,48,7,68,524000,1,1,1.0,1,720551.4,110135.86,4812.0,1500.0,13676.5,61376.5,50.0,1,34363.0,71598.32,59868.21,1,8,3900.0,52791.24,19595.0,12,12,17260.0,Y,20489.62,current,F,29,LOW,4.5,3,315.0,0,9.0
1912,1081,17983.0,21052.7,29926.25,50797.03,6682.49,7021.07,9430.31,3.0,2,64,5,2,56,252000,1,1,1.0,1,50040.0,107692.0,1135.0,9827.0,29833.82,41549.0,55.0,15,58494.0,100294.52,230836.01,2,49,85562.0,62184.23,6643.0,1,8,46486.0,Y,16981.11,current,M,66,HIGH,13.8,2,525.0,1,9.0
1913,5552,16834.0,15509.72,35250.0,30794.19,733.67,27132.0,2921.0,17.0,30,87,5,1,26,190000,1,1,1.0,1,62217.0,470000.0,183999.0,1992.0,77772.45,21605.0,39.0,2,24620.0,286410.29,19970.0,9,67,41613.0,38594.0,48049.0,6,49,58236.0,Y,991.97,current,M,53,LOW,13.200000000000001,8,737.0,0,2.0
1914,901,213768.0,148156.03,18672.34,9147.97,12978.38,23710.1,760.72,18.0,47,60,5,3,79,155000,1,1,1.0,1,13732.93,12971.0,2644.0,6916.0,65181.0,62159.0,77.0,35,149481.0,197449.29,32.97,3,82,116000.0,78267.76,29339.0,6,22,50687.39,Y,0.0,current,M,30,LOW,5.0,5,684.0,1,17.0
1915,16499,134676.0,36704.58,1986.0,19309.88,2488.0,3591.965,710.7,7.0,66,49,7,62,8,371000,1,1,1.0,1,15079.5,202560.0,583.0,5464.0,59278.73,54394.0,24.0,7,36576.0,32807.75,75717.0,11,20,51360.0,49827.17,76314.48,62,0,9666.0,Y,6399.75,current,M,62,MEDIUM,21.0,8,928.0,1,9.0
1916,13433,10842.0,16465.63,12205.15,6909.76,364.0,3361.3,164.01,44.0,10,5,5,8,6,329000,1,1,1.0,1,825.0,167870.79,500.0,903.0,142156.0,54425.0,55.0,9,26345.29,26102.04,144701.0,2,20,27200.0,15758.0,71757.44,4,24,65428.0,Y,9797.91,current,M,47,MEDIUM,21.6,10,643.0,1,5.0
1917,1169,464.0,5455.1,2645.0,26182.32,9339.0,1893.84,36724.0,531.0,85,35,1,1,10,114000,1,1,1.0,1,2.13,3084.5,8333.0,5773.0,47550.58,144947.0,12.0,15,59103.0,20804.75,38451.0,6,20,23529.0,39061.75,59507.56,6,12,101458.09,Y,34636.69,saving,M,47,LOW,2.7,2,723.0,1,12.0
1918,3030,1033.0,25950.4,798.0,5731.28,22304.86,2509.41,3506.0,44.0,5,86,82,5,5,293000,1,1,1.0,1,31524.4,36880.0,15654.0,7478.0,43974.48,32865.5,3.0,1,24389.0,22052.4,120236.0,7,44,23705.0,35478.08,53293.0,36,18,191.29,Y,7691.96,current,M,66,LOW,32.2,3,750.0,1,15.0
1919,11121,17488.0,19452.0,1985.02,35562.32,367.0,2025.115,525.0,7.0,2,4,47,36,47,186000,1,1,1.0,1,41883.6,76365.24,12500.0,3897.0,8661.04,25273.0,5.0,36,30808.0,11248.12,100407.0,2,11,21772.0,272286.65,19609.0,93,22,23184.0,Y,1164.39,current,M,32,MEDIUM,6.0,10,582.0,0,11.0
1920,7127,5007.0,12609.0,21104.39,7665.48,3447.42,2025.115,932.0,26.0,10,6,24,1,70,306000,1,1,1.0,1,250631.8,2436.91,641.0,-5942.0,9747.75,33413.0,5.0,19,11498.0,101836.96,332896.0,70,108,775.0,90711.99,18222.95,11,103,21675.0,Y,47948.51,current,M,118,MEDIUM,9.8,4,950.0,1,3.0
1921,2750,16790.0,14406.56,276.25,5715.5,34987.0,3813.5,6119.0,10.0,27,135,2,2,39,267000,1,1,1.0,1,10008.0,1475000.0,11379.0,1014.0,3868.0,16174.0,42.0,3,18496.0,34941.5,35776.0,3,82,870.0,49386.38,46389.0,14,83,90012.0,Y,241.21,current,M,37,LOW,8.5,8,537.0,1,10.0
1922,16353,10196.0,7452.23,3491.0,3060.35,94243.29,747.6,609.43,10.0,85,5,4,5,62,315000,1,1,1.0,1,21511.8,130000.0,15477.0,7478.0,20891.05,39702.0,9.0,17,26674.0,34686.09,39534.0,16,63,79654.0,18187.1,1377.0,62,17,155924.0,Y,10169.65,current,F,38,MEDIUM,18.0,1,883.0,1,10.0
1923,10713,337.0,3153.34,8762.0,2147.93,3839.0,9555.0,3501.5,44.0,84,38,7,25,37,520000,1,1,1.0,1,2.13,633323.83,90525.0,12965.0,80345.0,43391.0,11.0,26,33879.0,61478.75,137717.17,5,67,30700.0,173585.57,188526.0,94,1,11443.0,Y,4915.97,current,F,47,LOW,21.6,6,374.0,0,16.0
1924,19699,18637.0,927.13,1421.0,4709.78,14963.37,1487.0,2479.0,4.0,5,62,20,2,56,520000,1,1,1.0,1,3070.5,95000.0,230000.0,5464.0,44244.55,10719.0,39.0,2,36468.0,21415.69,9606.0,3,1,94170.0,15642.0,100605.0,49,38,301.0,Y,9213.4,current,M,49,MEDIUM,20.3,7,355.0,0,19.0
1925,6259,19922.0,8295.57,614.0,56705.1,573.58,1885.36,9812.0,5.0,128,10,1,3,9,114000,1,1,1.0,1,4400.0,15036.0,130000.0,13135.0,46923.0,44287.0,62.0,11,12523.0,19873.0,95741.0,2,82,23093.0,26322.4,71659.0,3,50,55970.0,Y,891.29,current,M,58,MEDIUM,11.4,9,448.0,0,12.0
1926,10723,16382.0,1943.7,11166.0,3270.74,652.5,25285.0,2479.0,26.0,23,3,8,1,42,138000,1,1,1.0,1,48675.31,91747.0,300500.0,6916.0,37631.66,56976.07,11.0,35,52572.0,11500.61,78142.0,1,1,23658.0,47511.09,26713.0,47,24,42191.0,Y,793.69,saving,F,66,LOW,9.200000000000001,7,736.0,1,6.0
1927,10735,9333.0,26009.25,758.42,8840.0,1403.0,2823.35,1248.0,10.0,43,35,82,2,26,125000,1,1,1.0,1,13924.0,342412.0,30011.0,-4679.0,24915.74,118593.0,52.0,2,32044.0,12472.48,174704.0,2,2,76714.0,30468.57,70859.0,5,58,19671.0,Y,0.0,current,M,36,LOW,4.800000000000001,4,505.0,1,19.0
1928,6255,136960.0,4311.85,1950.0,14738.75,236.12,12300.545,688.0,7.0,50,47,21,25,36,191000,1,1,1.0,1,55700.0,152664.0,1036.0,3735.0,5372.97,11576.0,42.0,1,119022.0,56215.0,3287.0,4,14,109775.0,29938.86,21955.0,5,12,47291.0,Y,5514.49,current,M,27,MEDIUM,4.2,7,723.0,1,11.0
1929,6142,19697.0,25893.45,10381.0,88794.0,713.84,17814.165,7950.93,57.0,10,9,2,1,47,120000,1,1,1.0,1,70310.6,11772.76,24094.0,10770.0,832553.76,86537.0,40.0,4,33164.0,28633.0,21574.74,1,20,32940.0,53165.0,1398462.0,9,28,42067.0,Y,1210.18,saving,F,39,MEDIUM,7.6000000000000005,9,801.0,1,8.0
1930,7044,16514.0,24201.92,1093.2,19403.87,10317.0,11021.095,745.0,44.0,93,50,45,18,98,263000,1,1,1.0,1,21511.8,200926.0,25000.0,0.0,23901.78,21494.0,39.0,2,10540.0,58627.5,231437.08,3,20,10202.0,50579.37,59951.04,4,49,23352.0,Y,7728.83,current,F,32,MEDIUM,8.4,8,643.0,0,2.0
1931,895,7818.0,20353.0,2600.0,790.0,1165.0,5029.0,2871.0,25.0,50,74,3,71,5,447000,1,1,1.0,1,39851.93,245000.0,73217.0,553.0,105667.43,31379.38,103.0,3,10766.0,36121.28,192143.48,1,25,3125.0,21199.0,61499.0,8,68,20587.0,Y,18862.4,current,M,28,MEDIUM,4.0,5,447.0,1,10.0
1932,9996,14810.0,6175.0,2085.77,1104.89,1509.0,1273.0,567.0,8.0,66,6,2,1,2,340000,1,1,1.0,1,33784.35,110175.0,731.0,14509.0,36503.98,154243.0,11.0,3,31455.0,22507.0,15723.0,4,108,50985.0,27553.52,76655.5,13,17,152212.0,Y,2294.71,current,M,51,LOW,12.4,6,653.0,1,11.0
1933,4128,19894.0,6251.0,15886.0,8635.23,2110.5,6271.0,8927.8,1.0,4,59,50,1,64,213000,1,1,1.0,1,1665.0,68663.61,4458.0,13135.0,19949.46,175472.88,16.0,1,19632.0,75207.0,290516.74,1,14,27768.0,122736.25,92259.0,11,35,41066.0,Y,25263.16,current,M,46,MEDIUM,26.0,10,385.0,0,9.0
1934,9004,8004.0,15785.87,34940.0,6008.61,39467.74,7125.5,357.29,5.0,601,87,25,63,34,293000,1,1,1.0,1,47024.8,429273.4,971.0,-6885.0,40654.25,164203.88,77.0,4,56893.02,25370.53,84730.0,2,108,10000000.0,17637.16,158782.51,40,49,84289.0,Y,126.58,current,F,47,MEDIUM,13.5,4,385.0,1,11.0
1935,2622,6384.0,14694.065,1070.62,1248.17,3876.0,12224.315,325.0,6.0,8,66,1,1,5,479000,1,1,1.0,1,546565.5,71944.5,1515.0,12415.0,72806.93,37906.0,77.0,1,17789.0,120271.2,34538.0,4,63,52063.0,44877.4,16644.31,3,1,52380.0,Y,16612.2,saving,F,40,MEDIUM,4.0,6,259.0,0,20.0
1936,16101,16467.0,3874.6,13770.0,14461.8,30843.0,1022.0,722.1,5.0,10,112,1,1,2,326000,1,1,1.0,1,270.0,98110.0,12337.0,5340.0,102100.33,38030.0,3.0,26,102124.0,84685.73,155456.74,5,17,21253.0,14875.49,58273.22,8,3,38279.3,Y,9645.18,current,M,53,HIGH,16.5,2,886.0,1,8.0
1937,15904,2092.0,3571.28,1446.0,4765.7,1439.0,64332.0,30180.0,46.0,29,19,8,2,18,167000,1,1,1.0,1,12.19,165970.9,12560.0,-4664.0,73032.0,161511.0,77.0,35,14908.0,26339.5,19990.0,17,8,12607.0,98712.02,36097.0,21,73,76617.0,Y,1280.0,current,M,28,MEDIUM,2.4000000000000004,3,966.0,1,8.0
1938,14197,3542.0,3764.2,6662.5,5522.93,2313.17,6836.46,2007.0,66.0,3,5,1,1,9,104000,1,1,1.0,1,60050.0,2300000.0,908.0,12174.0,160031.12,115525.0,7.0,0,42402.0,53718.86,250344.36,3,86,3630.79,19650.75,45214.0,14,38,50511.0,Y,6627.84,current,M,62,MEDIUM,37.800000000000004,8,867.0,1,15.0
1939,18794,336543.0,16165.74,5617.0,1664.0,1866.0,820.0,2449.0,44.0,9,87,60,1,98,381000,1,1,1.0,1,216500.0,64491.0,23500.0,12174.0,43675.14,90424.44,69.0,19,20934.0,22181.3,22121.74,2,108,85468.0,15325.25,100658.0,2,12,28119.0,Y,425540.1,saving,M,62,MEDIUM,25.200000000000003,3,653.0,1,8.0
1940,7544,11472.0,7136.81,37365.92,3675.92,26964.94,10029.0,1816.0,80.0,2,74,2,21,10,533000,1,1,1.0,1,32877.41,589.39,8943.86,5464.0,336285.39,50744.0,11.0,36,74852.0,89079.69,88905.0,1,82,28913.0,39606.86,1415.0,41,50,75798.0,Y,5541.99,current,M,55,LOW,28.0,4,653.0,1,12.0
1941,13586,12158.0,8437.4,20105.2,23772.28,3087.58,1905.0,6738.0,1.0,18,85,30,2,44,300000,1,1,1.0,1,45036.0,38173.0,48500.0,6916.0,39010.46,29186.0,4.0,13,27103.0,95508.43,184532.0,5,30,36103.0,26597.51,213797.0,10,12,26690.0,Y,69370.76,current,M,34,MEDIUM,5.6000000000000005,1,355.0,0,2.0
1942,16191,16742.0,17806.65,858.0,15669.0,4425.43,4494.0,1204.12,16.0,9,3,18,1,1,104000,1,1,1.0,1,18451.05,342412.0,105000.0,6613.0,138078.25,85122.5,2.0,13,78056.0,34018.83,169211.0,8,27,8735.0,5019.47,121117.0,3,12,12243.0,Y,3750.0,current,M,51,MEDIUM,24.8,2,354.0,1,20.0
1943,14963,333038.0,65608.0,1786.0,4327.99,6776.0,10152.3,5032.92,2.0,5,13,4,7,56,49999,1,1,1.0,1,27316.5,106398.0,34550.0,19765.0,31493.08,453.0,32.0,4,34740.0,28764.31,1753.5,2,81,26400.0,54963.52,50269.25,6,3,49210.0,Y,4097.59,current,M,32,MEDIUM,6.0,7,796.0,1,16.0
1944,15071,19435.0,3853.65,1285.0,8026.56,6593.0,431.92,9199.0,63.0,19,61,2,2,12,199999,1,1,1.0,1,4110.0,267421.4,3975.0,-5942.0,18158.14,500015.0,79.0,1,24616.45,104045.68,22340.0,3,8,25843.0,74448.11,223104.76,2,20,15881.0,Y,269.78,current,M,33,MEDIUM,13.0,8,713.0,1,3.0
1945,10567,13464.0,49708.58,1369.5,11502.72,20024.0,3750.82,6829.18,5.0,1,23,42,1,10,49999,1,1,1.0,1,291969.2,1475000.0,6738.0,2921.0,170509.89,50727.0,46.0,1,40800.0,19649.85,28682.96,3,44,15008.0,61975.25,20683.0,41,100,49989.96,Y,3094.29,current,M,63,MEDIUM,43.0,2,299.0,1,20.0
1946,18562,8749.0,4179.0,20021.0,8582.35,1827.0,19862.0,4328.0,37.0,1,77,5,36,42,47000,1,1,1.0,1,22086.05,143000.0,105000.0,3897.0,11719.21,98543.99,18.0,1,19915.0,263711.06,80212.0,3,1,1122.0,80087.1,68102.0,41,10,57600.0,Y,4374.6,current,F,36,MEDIUM,9.600000000000001,1,516.0,0,12.0
1947,7028,19489.0,29757.31,1147.0,10410.0,14298.0,9934.435,4305.09,29.0,4,89,22,4,6,70000,1,1,1.0,1,720551.4,119831.0,610000.0,4795.0,47104.41,36382.0,77.0,0,40922.0,10900.0,50807.0,3,5,100136.0,34321.58,44035.0,36,10,164848.0,Y,13582.85,current,M,27,MEDIUM,3.5,2,945.0,1,5.0
1948,5499,17946.0,9721.36,663.0,1413.92,3151.0,2234.0,473.59,5.0,1,30,8,9,1,371000,1,1,1.0,1,39851.93,223379.4,298472.0,0.0,15644.39,9783.0,3.0,1,45583.0,196473.16,99172.0,1,20,52500.0,88649.21,117149.0,14,124,97483.0,Y,3614.27,current,M,28,MEDIUM,4.800000000000001,7,836.0,1,3.0
1949,19933,4783.0,33118.06,795.56,26406.98,812.0,17974.0,3485.0,5.0,2,9,7,16,6,98000,1,1,1.0,1,73010.0,46500.0,50000.0,2351.0,127497.09,28403.5,11.0,36,25401.0,24486.5,34078.49,6,11,24900.0,194812.21,46.0,3,13,10587.0,Y,5360.29,current,M,50,MEDIUM,12.0,8,858.0,1,19.0
1950,8608,397903.0,7828.0,28063.86,950.4,11110.93,6151.56,13327.6,2.0,26,20,1,2,5,421000,1,1,1.0,1,1910215.0,15036.0,36114.0,5439.0,2902.25,142831.05,5.0,2,18011.0,102266.7,933406.87,6,30,27167.0,33795.66,19208.0,19,101,9679.0,Y,54632.6,saving,F,33,MEDIUM,6.5,5,708.0,1,10.0
1951,8606,11551.0,15076.0,1360.77,22301.77,978.0,9178.0,6288.0,1.0,10,7,39,27,11,75000,1,1,1.0,1,104980.25,290000.0,610000.0,24326.0,44632.82,50244.0,82.0,6,27853.0,4824.03,129954.0,42,7,44310.0,29140.46,143165.0,3,63,40581.0,Y,967.45,current,M,221,MEDIUM,80.4,10,508.0,1,6.0
1952,8365,11626.0,24201.92,449.0,21147.91,1779.12,55773.26,3501.5,1.0,1,89,22,25,79,83000,1,1,1.0,1,60050.0,52000.0,583.0,886.0,25861.52,21306.0,89.0,35,15215.0,16610.14,186698.0,17,8,136503.0,42187.43,27557.0,9,1,38322.0,Y,14653.27,current,M,34,HIGH,4.2,6,445.0,1,13.0
1953,17665,18907.0,2747.25,5714.0,44016.11,3602.87,402.0,6617.0,26.0,18,50,25,2,8,369000,1,1,1.0,1,38566.25,194099.3,73217.0,10210.0,53376.75,63714.0,90.0,5,44137.0,13420.0,34353.0,11,12,66258.0,101766.73,60672.0,6,12,35142.0,Y,4040.9,current,M,46,MEDIUM,7.800000000000001,2,507.0,0,16.0
1954,15154,9627.0,45826.93,834.01,481.0,6658.0,3056.0,4844.0,67.0,10,84,1,23,58,494000,1,1,1.0,1,11027.5,104000.0,100000.0,12415.0,22064.67,50023.0,52.0,13,40206.0,28.2,24671.0,9,12,50050.0,85187.97,82083.55,3,32,140000.0,Y,3094.29,current,M,33,LOW,13.0,1,503.0,1,11.0
1955,10748,12844.0,40047.97,1491.0,2714.5,11209.0,990.0,1222.0,531.0,8,84,24,5,11,114000,1,1,1.0,1,75240.45,88482.8,49975.0,553.0,45523.84,18315.0,42.0,2,15070.0,4832.56,59754.0,6,23,20903.0,75836.66,85115.0,36,1,1089.0,Y,8445.94,current,M,66,HIGH,23.0,3,424.0,1,12.0
1956,918,330354.0,6201.4,3944.0,1092.23,498.0,759.63,492.0,57.0,85,13,35,25,1,350000,1,1,1.0,1,39853.9,96096.0,5905.0,7984.0,42659.35,60708.0,10.0,0,14927.0,76530.0,21688.0,50,171,44421.0,80310.47,85603.81,3,96,155169.0,Y,855.57,current,M,31,MEDIUM,11.0,8,653.0,0,18.0
1957,10444,11288.0,14220.65,1865.0,1862.17,800.12,1606.45,4562.0,6.0,84,29,4,2,3,381000,1,1,1.0,1,165907.57,128314.74,2214.0,1079.0,2682.46,410890.8,40.0,26,36504.0,22146.41,116797.62,6,12,270456.0,184404.52,50519.0,11,50,10040.39,Y,1584.63,current,M,40,LOW,14.0,9,647.0,1,14.0
1958,8979,17766.0,23390.0,885.5,5056.34,2056.8,4940.0,1264.0,136.0,13,87,1,12,39,574000,1,1,1.0,1,40440.4,2436.91,73217.0,3897.0,220.0,134693.48,18.0,36,27928.0,90172.9,392358.81,70,25,81117.0,15173.92,14380.0,1,42,62122.0,Y,3819.44,current,M,32,MEDIUM,6.0,9,594.0,1,3.0
1959,6018,9661.0,19896.0,13816.51,2696.0,420.0,7329.225,7334.29,12.0,30,653,3,21,8,461000,1,1,1.0,1,13180.0,202560.0,19400.0,20513.0,60824.23,112313.0,39.0,1,18585.0,37324.69,870713.0,2,20,51929.0,27443.64,179354.5,3,7,13813.0,Y,1452.85,saving,M,46,MEDIUM,2.6,7,523.0,1,13.0
1960,17938,12810.0,55373.57,3246.0,6968.35,14738.0,6705.335,20169.3,7.0,6,49,3,3,77,306000,1,1,1.0,1,47024.8,446457.0,1611.0,-6885.0,20286.25,13188.0,16.0,0,20214.0,215.5,35179.0,2,70,38959.95,378083.51,141802.86,3,10,65983.0,Y,264.06,current,M,64,MEDIUM,30.8,7,346.0,1,2.0
1961,19293,16676.0,51158.81,5529.96,6808.19,3791.72,7513.505,4484.1,4.0,15,3,2,9,20,564000,1,1,1.0,1,3101.3,1382889.0,30011.0,9415.0,14514.45,96725.0,18.0,9,117752.0,21657.0,20263.39,2,14,17001.0,110049.34,53613.0,22,12,40679.0,Y,5075.12,current,M,66,MEDIUM,36.800000000000004,4,723.0,1,18.0
1962,4591,8933.0,6638.47,14570.5,16229.0,713.84,6000.06,41199.0,12.0,32,47,18,27,3,650000,1,1,1.0,1,137553.95,1155000.0,12337.0,-3506.17993,86524.68,95653.0,42.0,26,29880.0,30125.41,6249.0,31,35,33472.0,107627.48,183.0,1,17,57905.0,Y,243.95,current,M,55,MEDIUM,28.0,7,698.0,1,19.0
1963,7272,14825.0,4672.61,2210.0,1183.32,3755.19,3302.685,5258.0,15.0,23,5,4,1,3,471000,1,1,1.0,1,39851.93,380000.0,5797.0,1500.0,36478.96,3820.0,69.0,1,30383.0,30282.0,6282.0,5,87,20903.0,80204.86,64212.0,62,22,18560.0,Y,1273.26,current,M,66,MEDIUM,41.400000000000006,5,801.0,0,9.0
1964,2520,15858.0,32991.73,10443.0,52528.5,33647.4,8304.42,98.0,5.0,9,6,42,27,55,58000,1,1,1.0,1,683316.0,53749.0,90525.0,2351.0,20756.5,10956.0,42.0,3,18384.0,37491.0,47089.0,70,34,42884.0,11611.0,62442.0,13,1,26756.0,Y,5560.17,current,M,120,MEDIUM,50.0,9,537.0,1,5.0
1965,271,6911.0,9760.72,767.0,4590.32,34091.84,4835.0,42421.75,50.0,5,3,25,1,2,461000,1,1,1.0,1,270.0,560000.0,24619.0,4314.0,319282.92,14248.0,46.0,3,5411.0,101041.95,1828.77,4,20,14999.0,109596.0,32915.0,2,57,19067.5,Y,166.67,saving,F,58,LOW,22.8,10,713.0,0,17.0
1966,3496,2940.0,8843.84,11063.0,1183.32,5224.0,24384.465,24148.83,3.0,34,17,25,15,39,272000,1,1,1.0,1,685580.0,8000.0,12016.0,418.0,35871.51,2223.72,15.0,19,17050.0,58776.62,25791.0,7,4,28135.0,44582.08,108945.0,12,107,20859.0,Y,3568.38,current,M,33,MEDIUM,11.700000000000001,3,394.0,1,17.0
1967,4496,391482.0,35181.55,1954.0,4403.93,3063.44,6172.81,11432.0,24.0,85,4,2,18,79,472000,1,1,1.0,1,47.45,201000.0,16215.0,6916.0,72661.7,100756.0,103.0,2,49845.0,25388.7,3173.0,1,8,410852.0,49628.61,65198.5,47,58,16850.0,Y,287.81,current,M,50,LOW,30.0,7,863.0,0,6.0
1968,13206,6412.0,76755.23,3917.0,18043.25,4542.0,22456.0,23197.0,26.0,30,3,47,1,9,375000,1,1,1.0,1,78472.48,101925.0,2214.0,5340.0,35128.25,25313.0,43.0,9,42301.0,211231.0,75692.0,2,25,89847.0,425563.01,179967.0,94,79,35450.0,Y,35696.73,current,M,33,MEDIUM,9.1,6,372.0,1,20.0
1969,17088,134002.0,12476.83,767.0,11721.09,2445.0,4081.08,5329.1,1.0,8,82,24,21,47,232000,1,1,1.0,1,68640.0,77965.0,539.0,2000.0,124996.22,35545.57,24.0,1,27672.7,41890.0,82735.0,2,82,81077.0,70557.75,24049.5,21,63,27939.0,Y,5847.93,saving,F,33,MEDIUM,10.4,3,855.0,0,16.0
1970,5327,18730.0,7481.5,1733.0,12915.0,25837.0,28524.66,5347.43,24.0,5,4,62,4,55,378000,1,1,1.0,1,47.45,109000.0,6100.0,-5998.43994,875.25,42981.0,46.0,2,20482.0,173225.51,26354.0,43,42,11366.0,18190.42,78078.0,4,79,12002.0,Y,4288.13,saving,M,50,MEDIUM,9.0,9,594.0,1,20.0
1971,17481,14187.0,8007.0,3994.8,7802.93,2404.04,9555.0,24148.83,9.0,84,13,3,25,17,272000,1,1,1.0,1,6440.0,1034285.63,27809.0,-4612.00977,61108.06,84022.5,36.0,4,56667.0,42321.23,17641.0,3,11,65967.0,33895.52,53767.39,8,72,16763.0,Y,12002.8,current,M,46,HIGH,2.6,7,588.0,1,5.0
1972,2693,14692.0,1646.34,18740.0,9616.25,6865.0,1884.0,2339.42,44.0,11,84,8,56,34,49999,1,1,1.0,1,27316.5,822659.0,37274.0,-4679.0,50662.0,87684.0,12.0,31,27623.0,73513.08,86405.0,1,63,20726.0,6727.56,26151.0,2,13,793.0,Y,177.36,current,M,32,MEDIUM,9.600000000000001,1,921.0,1,13.0
1973,125,442.0,17517.61,37711.69,9368.92,892.0,2304.5,19546.33,2.0,3,89,1,2,6,329000,1,1,1.0,1,496065.0,68663.61,28985.0,3897.0,31798.96,20192.0,77.0,0,33665.0,45190.0,19353.0,11,81,34818.0,63448.64,16582.0,21,27,27166.0,Y,5069.27,current,M,44,MEDIUM,7.2,4,247.0,1,12.0
1974,3648,2123.0,8077.69,1224.0,12642.1,18421.84,16967.0,18956.0,1.0,10,61,7,63,16,296000,1,1,1.0,1,6030.65,106398.0,583.0,277.0,40631.25,46736.0,11.0,36,14150.0,48335.75,74397.0,1,6,2986.68,74111.75,82224.0,9,27,25173.0,Y,9598.45,current,M,28,MEDIUM,0.8,4,945.0,1,15.0
1975,3337,8461.0,17761.65,1529.0,6292.24,26607.0,5424.77,23197.0,25.0,77,87,47,15,26,17000,1,1,1.0,1,516.8,111000.0,4458.0,691.0,14444.8,97811.29,42.0,4,14385.0,110564.75,48068.0,11,31,38012.0,43181.27,98384.0,21,11,17086.0,Y,930.19,current,M,47,MEDIUM,2.7,7,631.0,1,2.0
1976,19976,16930.0,23390.0,16779.0,7367.36,3023.0,7722.0,11199.28,2.0,5,44,3,17,1,302000,1,1,1.0,1,3070.5,385218.7,96558.0,-5942.0,14992.29,86537.0,46.0,2,23349.0,38243.58,85112.42,7,82,71698.0,90126.95,32712.0,6,72,577.0,Y,6291.0,current,M,46,HIGH,13.0,7,394.0,1,8.0
1977,3051,8535.0,10106.98,14227.05,23259.88,4177.0,1349.02,7240.0,2.0,10,49,10,16,64,350000,1,1,1.0,1,99984.83,60481.0,33774.0,20324.0,27226.25,62173.0,77.0,19,1378.0,3901.0,45611.0,11,78,775.0,81674.54,45982.0,16,106,22314.0,Y,48.85,current,F,69,MEDIUM,14.700000000000001,7,575.0,1,3.0
1978,17054,8383.0,8149.56,2504.0,17682.33,803.0,32843.52,2040.0,63.0,10,23,2,3,8,353000,1,1,1.0,1,58834.74,251131.79,3570.0,-4324.0,27213.34,174224.0,62.0,2,159847.0,31634.75,20969.37,50,29,40834.0,92832.34,41145.0,3,24,28752.0,Y,95915.73,current,M,62,MEDIUM,42.0,2,966.0,1,9.0
1979,15761,18485.0,6831.0,21997.5,2501.0,2086.64,20031.02,967.0,6.0,23,105,24,3,7,303000,1,1,1.0,1,811.0,6.0,73501.0,5464.0,13555.54,30188.0,48.0,36,27200.0,17108.84,17925.0,5,50,26172.0,275923.71,13421.0,11,80,14334.0,Y,18862.4,current,M,47,HIGH,24.3,1,683.0,1,16.0
1980,9382,5381.0,12607.0,2465.3,24356.195,1926.86,4421.0,722.74,1.0,4,30,30,60,75,19000,1,1,1.0,1,5210.85,1030000.0,3792.0,553.0,129930.96,60060.0,46.0,1,3730.0,16121.0,68862.5,24,20,32841.0,83960.21,77736.52,4,13,31163.64,Y,4722.78,current,M,53,MEDIUM,3.3000000000000003,3,355.0,1,9.0
1981,15265,295514.0,856.8,13992.0,2816.0,717.0,2624.0,8672.0,4.0,34,10,2,3,3,100000,1,1,1.0,1,1859872.2,132324.01,90525.0,7478.0,4913.0,90857.86,55.0,1,51884.0,74766.0,190600.0,42,11,78620.2,198782.5,186366.55,9,57,81936.44,Y,12645.31,saving,F,42,MEDIUM,13.200000000000001,3,614.0,1,16.0
1982,16223,19072.0,15420.0,376.0,5674.01,3516.0,2373.075,8806.0,44.0,18,87,2,2,54,199999,1,1,1.0,1,21511.8,83402.0,8333.0,5350.0,25835.9,36767.0,2.0,36,30035.0,13657.0,51596.04,11,16,22967.0,115628.54,85194.0,13,87,1536000.0,Y,8467.11,saving,M,38,MEDIUM,18.0,7,743.0,0,3.0
1983,3427,13455.0,1378.17,251.0,7845.22,7164.0,17657.12,38792.9,19.0,13,49,45,4,1,199999,1,1,1.0,1,2666.4,1372927.14,768.0,8362.0,39917.0,36923.0,36.0,2,9402.0,54220.02,12078.0,2,5,27426.0,60253.59,64181.0,6,96,2373.0,Y,3966.79,current,M,33,LOW,6.5,8,883.0,1,13.0
1984,18000,391099.0,27109.0,5144.69,9940.12,3757.0,513.0,105631.0,28.0,36,32,8,36,56,17000,1,1,1.0,1,55700.0,51531.0,30000.0,20790.0,21090.0,37654.0,4.0,2,28097.0,26275.67,160208.0,43,0,24566.0,52673.0,68545.25,7,14,1340.0,Y,11406.69,current,M,25,MEDIUM,3.5,2,904.0,1,7.0
1985,16833,14192.0,2120.62,28534.79,3076.945,5898.68,97699.0,823.0,531.0,13,50,1,3,47,397000,1,1,1.0,1,825.0,68663.61,13873.0,-4664.0,34782.72,44808.0,10.0,1,19718.0,82980.05,116111.21,1,63,15829.0,184013.5,70020.0,6,12,60477.0,Y,2896.73,current,M,37,LOW,1.7000000000000002,6,505.0,1,12.0
1986,9250,1465.0,37990.91,171.0,1057.06,4562.14,17953.83,752.0,136.0,77,6,1,2,1,225000,1,1,1.0,1,942327.7,63000.0,3975.0,6885.0,39945.18,52456.11,40.0,30,11618.0,61038.01,276256.0,43,20,22702.0,115419.16,5429.0,12,104,28870.0,Y,4412.02,current,F,36,MEDIUM,3.2,3,516.0,1,11.0
1987,1651,4013.0,41729.54,1597.54,12188.84,1165.0,257102.9,87.0,12.0,67,27,30,4,34,293000,1,1,1.0,1,10008.0,373824.0,610000.0,-5715.49022999999,318.36,64159.0,0.0,13,30658.0,17771.0,32373.0,4,13,204000.0,61298.17,124091.41,9,32,15780.0,Y,4823.9,current,M,53,MEDIUM,29.700000000000003,6,656.0,1,11.0
1988,10178,12779.0,54839.51,1712.14,15025.49,1864.29,6134.5,7357.0,100.0,3,4,24,2,7,565000,1,1,1.0,1,443.36,34120.0,711.0,2819.0,113837.53,155394.0,8.0,2,17592.0,50239.25,25255.35,1,82,29517.0,184358.14,18282.22,7,18,37166.0,Y,3592.45,current,F,42,MEDIUM,22.0,9,594.0,0,5.0
1989,11334,8022.0,3141.0,1635.52,14024.0,396.22,2232.51,4651.0,19.0,18,35,1,5,22,472000,1,1,1.0,1,125811.0,500358.79,519.0,3735.0,17651.75,85227.88,18.0,1,54137.0,93004.0,163.86,45,18,34048.0,40586.48,28096.25,58,18,22538.0,Y,1692.32,current,M,37,LOW,10.200000000000001,10,867.0,1,9.0
1990,4859,10901.0,10007.77,31971.03,74434.0,7344.06,20688.5,3033.36,7.0,23,50,1,2,16,155000,1,1,1.0,1,4834.55,76365.24,4367.0,6916.0,40804.0,22980.0,4.0,2,18673.0,15075.0,15693.0,5,8,33881.0,42708.08,44632.0,8,49,26756.0,Y,16100.18,current,M,47,MEDIUM,24.3,1,256.0,1,4.0
1991,7982,8103.0,20090.16,138937.0,22183.0,1797.0,44141.32,2189.0,92.0,60,47,1,1,47,298000,1,1,1.0,1,124064.65,636413.11,908.0,3897.0,45823.48,34399.0,46.0,36,33146.0,377575.74,164186.0,5,44,23071.0,86668.13,29482.5,58,73,12445.0,Y,1398.87,current,F,30,HIGH,10.0,5,867.0,1,15.0
1992,18830,10324.0,2441.5,1480.4,2619.0,1164.0,8953.0,2226.02,66.0,84,14,7,1,64,263000,1,1,1.0,1,75240.45,83402.0,11545.0,1500.0,14096.0,105317.0,29.0,4,80685.0,53470.0,9111.0,1,42,87106.0,30275.44,53481.0,62,57,38338.0,Y,17044.86,current,M,44,LOW,7.2,6,883.0,1,2.0
1993,11182,20353.0,11952.03,4416.5,7853.82,2618.0,2498.5,7787.0,4.0,9,9,12,3,81,100000,1,1,1.0,1,530797.35,31871.49,26241.0,12299.0,24807.35,18151.0,12.0,19,28718.0,24170.88,100244.38,4,8,34370.0,41679.71,15705.0,7,6,120211.0,Y,3550.16,current,M,37,MEDIUM,11.9,6,430.0,1,9.0
1994,7738,300899.0,7274.7,1464.95,1433.06,5995.0,31908.5,1922.0,4.0,5,29,24,25,1,406000,1,1,1.0,1,59703.93,85300.0,579.0,6916.0,135437.42,3120.0,46.0,3,92262.0,32112.0,31760.0,11,36,18783.0,179046.93,6173.0,5,124,12999.0,Y,604.67,current,M,33,LOW,10.4,1,247.0,1,17.0
1995,5283,34923.0,27583.0,7890.8,8832.8,7340.0,2748.21,18671.15,66.0,43,60,30,3,1,232000,1,1,1.0,1,5383.25,376694.91,1515.0,1411.0,44958.28,73049.0,5.0,11,21474.0,82201.5,8640.0,4,108,39459.0,36894.87,105446.0,12,7,132056.0,Y,16358.35,saving,M,33,MEDIUM,9.1,9,683.0,1,15.0
1996,5680,38465.0,5806.4,1671.0,45829.29,4659.5,23013.0,3771.34,57.0,47,38,4,36,34,670000,1,1,1.0,1,102494.2,120154.1,3975.0,5730.0,83147.0,53408.0,10.0,4,1405.0,46197.37,33221.0,1,63,37003.0,49915.17,64840.0,21,12,1369.0,Y,157951.88,current,M,66,HIGH,9.200000000000001,4,505.0,1,3.0
1997,1812,14276.0,26473.24,2860.37,7450.07,6035.0,18141.75,426.81,60.0,36,44,30,2,2,524000,1,1,1.0,1,199690.5,20098.0,48374.0,3897.0,19310.02,12002.0,103.0,3,33840.0,5685.9,78246.0,2,12,44866.0,117344.37,11574.0,94,73,107174.0,Y,864.24,saving,M,58,MEDIUM,7.6000000000000005,4,588.0,1,4.0
1998,7322,8040.0,11579.67,1503.0,848.85,210.0,6789.43,272.74,26.0,10,6,3,3,67,190000,1,1,1.0,1,120285.0,237365.38,2156.0,20324.0,4356.5,128058.0,10.0,26,59900.0,41807.5,72986.5,4,16,95004.0,96289.94,343.79,18,3,25772.0,Y,8571.41,current,M,58,MEDIUM,38.0,2,748.0,1,15.0
1999,17386,17477.0,19062.0,7375.0,65811.05,15430.56,3737.0,6309.67,57.0,99,19,25,6,14,406000,1,1,1.0,1,89104.12,267421.4,2644.0,2921.0,20454.75,30011.0,43.0,4,17363.0,77887.89,93.0,70,20,27426.0,108737.28,130232.9,4,18,46305.0,Y,7201.74,current,M,49,MEDIUM,20.3,3,574.0,1,11.0
2000,15078,6484.0,30174.0,21572.24,3040.62,1005.0,68497.61,1068.0,44.0,46,59,35,1,47,19000,1,1,1.0,1,116122.65,187788.1,3570.0,1444.0,108133.34,46200.0,7.0,2,24153.0,105779.92,60160.0,2,8,36666.0,15138.0,27304.0,4,50,34345.0,Y,5708.13,current,M,55,LOW,28.0,9,864.0,1,18.0
2001,19476,14846.0,13962.79,826.9,27086.11,2210.0,2297.0,5246.0,26.0,2,52,1,18,47,319000,1,1,1.0,1,140262.4,170989.0,48950.0,-6885.0,21028.25,20690.0,12.0,0,23469.0,4103.83,334213.0,5,12,39374.0,422075.52,46909.0,6,58,89300.0,Y,2529.39,current,F,42,MEDIUM,11.0,9,969.0,1,20.0
2002,11242,3718.0,4611.0,162.0,2650.08,3923.85,686.0,15292.85,57.0,22,87,2,4,47,378000,1,1,1.0,1,87526.1,1400000.0,24094.0,-6281.37987999999,25647.6,23197.5,103.0,13,15183.0,57701.13,21829.0,45,8,16364.0,329535.18,369000.75,7,120,53524.0,Y,886.36,current,M,44,MEDIUM,4.800000000000001,1,243.0,0,9.0
2003,6737,14968.0,4741.15,1387.0,678.32,2462.98,11098.4,79043.0,5.0,9,49,20,2,1,287000,1,1,1.0,1,5809950.0,142608.5,927.0,35346.0,63856.65,101602.9,8.0,3,47712.0,15297.88,91516.72,2,11,21456.97,42708.08,495080.0,47,14,155.34,Y,644.03,current,M,33,HIGH,11.700000000000001,8,245.0,1,11.0
2004,7003,16484.0,3740.0,7484.0,14276.67,1251.11,9229.0,1168.0,5.0,42,3,6,9,25,150000,1,1,1.0,1,942327.7,7216.53,15756.0,1014.0,24409.0,11285.19,35.0,35,21537.0,59933.07,272432.0,6,105,23833.0,42282.07,45408.0,18,27,30520.0,Y,7445.96,saving,M,37,MEDIUM,10.200000000000001,5,950.0,1,2.0
2005,19423,2167.0,17971.0,1035.0,1072.5,232.88,1239.0,7178.99,14.0,3,47,2,11,44,147000,1,1,1.0,1,27078.09,119451.0,2156.0,6885.0,52974.29,257838.0,32.0,5,43378.0,47953.52,37641.0,0,23,60985.0,313268.82,60820.09,46,96,46548.0,Y,91.76,current,M,28,MEDIUM,7.2,1,638.0,1,5.0
2006,12546,15499.0,65703.29,34560.36,44992.24,5507.0,9287.58,7597.0,4.0,29,4,1,1,39,75000,1,1,1.0,1,59703.93,71000.0,15000.0,6885.0,26254.25,155577.91,11.0,2,122017.65,24777.87,539351.0,43,12,99798.0,242018.45,32516.0,4,0,33209.0,Y,5955.73,current,M,50,MEDIUM,3.0,1,801.0,1,4.0
2007,4708,9437.0,23904.54,69977.41,23015.57,2854.0,17355.0,3649.0,4.0,14,32,24,1,2,112000,1,1,1.0,1,8209320.0,98110.0,50000.0,8723.0,10523.84,28776.0,2.0,3,21706.0,61146.05,90100.0,19,20,21814.0,24427.69,49861.38,62,50,34168.0,Y,18242.25,current,M,42,LOW,4.4,6,957.0,1,4.0
2008,11872,12808.0,62268.29,8646.42,23214.0,11183.0,4727.28,4565.27,16.0,18,23,1,5,98,74100,1,1,1.0,1,140291.6,150000.0,57899.0,6409.0,19347.15,36491.0,91.0,0,38139.0,38731.64,64208.0,2,44,30142.0,66904.35,16919.0,8,1,567.0,Y,1612.3,current,M,42,MEDIUM,2.2,5,424.0,1,3.0
2009,17454,2196.0,2890.0,410.0,157.0,10204.52,8740.58,441.0,1.0,6,64,24,55,98,522000,1,1,1.0,1,2984.1,234459.4,16004.0,5773.0,18043.31,140175.0,11.0,3,119508.0,21935.71,4188.0,1,20,2002.0,22363.0,13489.0,47,24,15473.0,Y,2220.07,current,M,60,MEDIUM,40.0,1,245.0,1,20.0
2010,13710,37732.0,3184.15,1766.5,5360.52,6721.2,14558.68,15959.0,43.0,1,2,24,1,1,453000,1,1,1.0,1,4720.0,118983.0,12016.0,-5439.0,30919.74,19458.5,103.0,1,35514.0,5145.06,43640.35,2,26,23750.0,23624.51,17536.0,94,18,107989.0,Y,4141.87,current,F,33,MEDIUM,3.9000000000000004,10,684.0,1,7.0
2011,5950,2828.0,50860.2,4022.52,24051.75,4608.0,9809.545,3501.5,17.0,2,8,7,15,8,75000,1,1,1.0,1,4720.0,6574.31,891.0,-6885.0,117866.08,35500.0,59.0,5,14909.0,13035.75,22408.42,2,108,518.01,54226.22,45361.0,2,1,2500.0,Y,174.94,current,F,62,MEDIUM,8.4,9,374.0,0,5.0
2012,10648,17464.0,4379.87,18672.34,14680.84,3580.16,3147.0,2075.57,7.0,26,10,2,25,9,58000,1,1,1.0,1,53374.97,74599.9,50000.0,2337.0,84430.29,143444.0,11.0,13,446504.0,19457.98,184020.0,6,82,45702.0,142427.0,39145.0,10,13,40234.0,Y,5940.61,current,F,60,MEDIUM,32.0,9,485.0,1,2.0
2013,734,18038.0,25023.04,643.85,4191.07,4948.0,11340.0,1080.0,7.0,8,10,50,2,47,114000,1,1,1.0,1,20747.5,141473.07,1036.0,167.0,24530.04,23795.0,11.0,17,49803.0,46145.56,19299.0,2,4,485000.0,25520.0,44811.34,8,11,19904.0,Y,14468.87,current,M,40,MEDIUM,10.0,3,244.0,0,19.0
2014,7981,18907.0,16304.885,15063.91,9616.25,756.0,26932.54,50157.0,53.0,10,3,1,27,55,256000,1,1,1.0,1,3006385.0,3.59,5540.0,1444.0,42279.25,170085.0,35.0,1,38853.0,33037.92,22121.74,31,11,236985.0,15215.0,17877.0,4,26,50821.0,Y,9083.66,current,F,27,MEDIUM,7.0,1,535.0,0,11.0
2015,18027,5708.0,7707.77,816.0,23339.9,1039.0,1884.0,60068.0,4.0,36,135,3,11,77,366000,1,1,1.0,1,871.5,7273.15,73217.0,8723.0,502.0,85935.0,11.0,1,52543.0,48197.11,111669.79,1,25,1307234.0,76695.46,45.0,2,27,102795.25,Y,259.27,current,M,60,MEDIUM,28.0,2,964.0,1,7.0
2016,8775,2434.0,66816.19,6007.79,3967.7,1915.24,33657.0,18528.0,1.0,29,52,57,55,8,147000,1,1,1.0,1,81872.65,429273.4,787.0,-4664.0,14748.52,75820.5,42.0,19,59307.0,794702.51,27983.41,31,171,46700.0,48233.47,11254.0,47,21,53449.0,Y,5805.75,saving,M,51,MEDIUM,21.700000000000003,1,640.0,0,4.0
2017,15614,1707.0,8967.0,2929.29,17820.16,23627.0,1612.75,2486.2,25.0,30,84,60,2,9,270000,1,1,1.0,1,61186.36,51000.0,16114.0,-3053.0,50961.57,68421.0,103.0,1,54975.0,19917.34,15515.0,42,14,18316.0,39767.11,33335.0,3,100,49686.0,Y,9906.15,current,M,37,MEDIUM,15.3,9,814.0,1,8.0
2018,75,1835.0,1449.0,646.0,24896.71,5571.0,9378.02,329.0,10.0,5,35,44,3,41,138000,1,1,1.0,1,181073.75,64491.0,768.0,1332.0,17546.32,123192.0,69.0,3,86375.0,51605.0,59545.0,43,46,28714.0,160165.94,94765.5,3,38,14250.0,Y,57.67,current,M,46,MEDIUM,26.0,10,505.0,0,5.0
2019,2414,4834.0,11284.15,74497.84,16147.9,4980.0,10919.425,4659.0,29.0,23,117,4,1,3,47000,1,1,1.0,1,47.45,370000.0,24619.0,5464.0,45412.5,222155.0,11.0,1,56804.0,16522.81,130099.0,3,26,26466.0,34075.66,22688.06,47,58,24388.0,Y,2817.07,current,M,55,MEDIUM,21.0,9,863.0,1,2.0
2020,820,11301.0,14775.78,20572.39,529.0,6209.0,17451.1,8703.0,1.0,5,29,2,2,13,256000,1,1,1.0,1,568.8,76365.24,1166.0,-12179.0,65609.15,32372.0,90.0,33,33868.07,25372.36,87654.99,3,81,54792.0,27293.13,49235.0,9,10,49316.0,Y,3164.21,current,M,30,LOW,10.0,4,656.0,1,17.0
2021,15537,6912.0,31839.26,4604.0,24092.77,2378.75,2674.0,2064.0,29.0,19,4,11,2,64,199999,1,1,1.0,1,13643.8,655638.0,641.0,1500.0,47700.29,112638.0,46.0,3,67144.0,61322.69,12479.0,3,50,52055.0,22343.6,21941.25,11,17,6138.0,Y,6492.88,current,M,28,MEDIUM,0.8,3,867.0,0,2.0
2022,2873,20228.0,1903.98,7856.28,50918.5,2808.79,1229.0,10137.04,60.0,26,14,18,15,54,139000,1,1,1.0,1,124929.75,32000.0,28912.0,5773.0,19949.46,33230.0,4.0,3,151402.0,37212.9,198857.0,5,7,44339.0,61526.63,31706.29,2,113,28677.0,Y,1259.97,current,M,44,LOW,16.8,10,966.0,1,13.0
2023,8868,3855.0,20833.0,643.85,4527.0,3346.56,2874.5,4272.0,5.0,7,67,1,2,10,421000,1,1,1.0,1,28482.5,93.35,12000.0,1500.0,63337.64,103340.2,10.0,0,68064.0,13609.0,16597.0,2,13,31769.0,53208.16,19640.5,4,32,120211.0,Y,4961.08,saving,M,58,LOW,22.8,5,353.0,1,11.0
2024,8954,19462.0,12405.09,1889.0,17782.0,22302.0,34038.94,5124.0,5.0,30,50,10,24,47,408000,1,1,1.0,1,510.6,14000.0,800.0,-4664.0,49118.36,62146.41,42.0,1,29566.0,88004.39,72295.0,2,50,20378.0,26642.06,35244.75,5,13,6750.0,Y,1745.15,current,M,38,MEDIUM,3.6,6,259.0,1,14.0
2025,19783,13442.0,26662.26,12693.0,26757.91,6658.0,3563.575,16482.0,7.0,99,14,2,7,64,369000,1,1,1.0,1,77855.0,18000.0,56305.0,-6885.0,25020.0,74324.0,42.0,0,1897.2,61215.06,21054.0,3,13,19356.0,57584.2,45424.0,2,80,49809.0,Y,6832.06,current,M,62,HIGH,25.200000000000003,7,743.0,1,11.0
2026,2652,118630.0,29272.03,312.46,5298.0,404.0,4935.565,3455.5,531.0,4,87,1,31,2,255000,1,1,1.0,1,3080625.0,482147.0,3850.0,0.0,17626.41,116821.0,42.0,3,36336.0,56893.63,12250.0,43,25,41100.0,554357.6,156419.06,9,0,32784.0,Y,16981.11,current,M,120,MEDIUM,20.0,9,908.0,1,14.0
2027,7757,125314.0,2579.68,482.0,31574.0,8244.8,5902.0,5236.63,8.0,6,49,60,3,2,595000,1,1,1.0,1,291969.2,33668.0,25000.0,-4664.0,53236.09,48029.0,87.0,36,99999.0,4820.12,117751.0,3,8,22746.0,52281.0,28968.0,21,1,17184.0,Y,7378.62,current,F,31,LOW,11.0,7,683.0,1,15.0
2028,19939,13732.0,63996.29,288.0,4592.045,564.0,12958.89,8238.0,12.0,10,112,2,15,34,47000,1,1,1.0,1,526.25,36880.0,2156.0,10455.0,62634.27,5172.0,55.0,14,18082.0,24935.13,144035.0,31,20,52950.0,33110.98,18505.44,7,83,15724.0,Y,1634.09,current,M,66,MEDIUM,23.0,10,801.0,0,15.0
2029,17123,1043.0,19676.84,1041.73,7545.8,4962.0,6190.0,4982.0,44.0,10,13,20,31,4,371000,1,1,1.0,1,396036.49,197800.0,610000.0,4795.0,120265.4,2270.0,77.0,4,20344.0,1734.0,94880.0,3,20,16926.9,32423.5,116776.0,58,80,234126.0,Y,2929.29,current,M,33,HIGH,11.700000000000001,9,594.0,1,2.0
2030,8467,16136.0,23588.17,6748.0,8026.34,4376.0,39518.825,14305.2,5.0,66,14,1,18,3,232000,1,1,1.0,1,115.45,385218.7,25000.0,-5998.43994,43728.75,26137.0,11.0,6,41043.0,26740.71,41875.0,24,12,57200.0,20121.0,130737.0,2,38,50853.0,Y,3192.17,current,M,50,MEDIUM,9.0,9,683.0,1,5.0
2031,7681,4333.0,16210.85,128.5,5444.85,1240.9,2528.0,1255.52,7.0,67,7,3,4,64,188000,1,1,1.0,1,1146.0,545000.0,5981.0,35346.0,126627.28,286.77,5.0,36,25980.0,242485.4,48914.36,6,6,158486.0,4933.0,39360.0,3,9,31901.0,Y,1239.2,current,M,38,LOW,10.8,3,446.0,1,7.0
2032,4289,17227.0,3330.65,2509.0,8982.2,37437.0,25468.74,2075.52,43.0,1,89,11,60,4,369000,1,1,1.0,1,39851.93,134000.0,2158.0,0.0,15986.48,111168.24,24.0,0,50960.95,46827.75,41855.0,2,7,27697.0,44793.21,57881.5,40,12,32821.0,Y,1571.44,current,M,29,MEDIUM,0.9,9,539.0,1,3.0
2033,1662,347098.0,42799.26,1062.95,15625.79,1836.65,5123.255,4772.0,63.0,13,44,3,27,42,448000,1,1,1.0,1,204.0,76365.24,3570.0,4856.0,73194.89,46267.0,18.0,3,63.0,21199.99,202445.31,7,42,36426.0,113100.89,26283.0,9,49,33994.0,Y,2337.88,current,M,64,MEDIUM,8.8,3,643.0,1,10.0
2034,18911,126171.0,26133.0,60.0,10697.0,502.5,9615.0,378.0,6.0,8,64,3,31,30,524000,1,1,1.0,1,61186.36,2436.91,50000.0,0.0,38826.32,45045.0,147.0,3,33491.0,80588.17,31693.0,43,12,97660.0,73575.09,486.0,6,1,34130.0,Y,19200.43,current,F,47,MEDIUM,16.2,8,488.0,1,14.0
2035,13495,19191.0,1509.0,735.49,3673.85,5867.0,9321.52,4214.88,4.0,3,74,24,2,11,147000,1,1,1.0,1,83400.3,76157.6,8333.0,2008.0,50234.0,33945.5,11.0,1,29907.0,93696.83,179264.0,8,49,20926.0,26322.4,25476.09,62,18,109044.0,Y,11088.2,current,F,44,MEDIUM,2.4000000000000004,6,267.0,0,7.0
2036,2648,12148.0,13195.61,7665.17,2958.44,7552.0,2254.0,3613.42,4.0,99,14,52,1,2,338000,1,1,1.0,1,567914.67,375000.0,19176.0,-6281.37987999999,42022.49,116360.0,5.0,2,38407.0,16610.14,82945.0,1,108,11981.0,149149.26,34482.75,5,13,28096.0,Y,880.0,current,M,35,MEDIUM,4.5,2,244.0,1,10.0
2037,298,210483.0,11362.61,3143.0,4181.7,9673.36,6430.0,1106.94,6.0,3,4,52,2,79,100000,1,1,1.0,1,47.45,50000.0,13533.0,2008.0,31609.95,11336.0,35.0,36,22655.0,6970.06,200432.5,2,20,9289.0,18724.0,36398.5,2,7,48508.0,Y,6142.08,saving,F,64,MEDIUM,22.0,3,698.0,1,6.0
2038,11473,5987.0,25386.68,14234.07,5035.55,5215.09,6308.0,1365.0,3.0,1,87,1,55,91,170000,1,1,1.0,1,89908.8,134890.0,6100.0,0.0,67290.75,225285.0,11.0,31,13734.0,34331.22,272.74,2,78,7732.0,39204.63,209.0,6,32,38085.0,Y,3293.58,current,M,47,MEDIUM,8.1,10,259.0,1,11.0
2039,359,16715.0,29966.22,551.03,52737.65,12825.85,4198.0,8418.5,44.0,13,60,4,12,37,555000,1,1,1.0,1,871.5,172131.0,12000.0,8572.0,80815.38,46631.76,18.0,6,54308.0,26682.13,200064.0,1,11,95766.0,18633.6,112863.0,6,120,34979.0,Y,285.23,saving,M,47,HIGH,10.8,8,245.0,1,5.0
2040,16852,7019.0,12184.6,2652.0,25516.95,2112.93,3735.245,2282.0,18.0,43,71,57,2,98,54000,1,1,1.0,1,1831780.84,63173.17,20887.0,5730.0,68634.0,31959.0,39.0,6,38473.0,30246.87,52282.5,43,23,42586.0,55832.33,2525.5,4,58,30000.0,Y,2010.71,saving,M,118,LOW,58.800000000000004,6,386.0,0,18.0
2041,10835,19499.0,909.0,6949.65,20883.14,498.0,554.0,8176.0,44.0,84,112,7,1,3,536000,1,1,1.0,1,97.5,470000.0,1630.0,1014.0,47810.85,245215.0,36.0,4,26630.0,30465.29,101338.0,5,63,28789.0,140108.1,43331.0,12,104,17183.0,Y,4677.62,current,M,37,HIGH,1.7000000000000002,7,737.0,1,4.0
2042,16243,13065.0,5394.08,40718.42,27081.92,1155.57,33897.17,6719.58,17.0,18,10,5,6,80,46000,1,1,1.0,1,270.0,3084.5,5797.0,844.0,92772.78,1486.0,29.0,4,30731.0,48762.35,54103.0,3,59,55300.42,4844.0,89666.56,3,24,30107.0,Y,5333.82,current,M,30,MEDIUM,5.0,4,516.0,1,11.0
2043,17895,13313.0,4353.84,4299.0,5901.45,5906.6,6735.0,958.0,44.0,23,70,3,4,22,47000,1,1,1.0,1,204.0,79828.0,25728.0,-6281.37987999999,41625.76,97667.0,4.0,3,19073.0,35673.0,28442.0,2,82,33458.68,14912.08,38502.0,93,21,14833.0,Y,1529.96,current,F,28,MEDIUM,4.800000000000001,10,537.0,1,4.0
2044,669,35287.0,30112.2,6674.8,990.0,3326.45,2743.0,7479.0,10.0,9,48,4,4,2,287000,1,1,1.0,1,9118.35,15036.0,15477.0,2921.0,38219.54,23115.0,42.0,36,41596.25,61206.96,83685.0,3,20,38303.11,218575.12,46798.09,3,15,11903.0,Y,12980.68,current,M,51,LOW,15.5,5,503.0,1,3.0
2045,2085,19527.0,42799.26,16462.0,15316.7,54538.0,7968.0,550.55,10.0,2,89,21,2,47,359000,1,1,1.0,1,2014.8,10465.48,24094.0,-5942.0,14723.77,132081.0,77.0,43,143699.0,53560.98,365066.5,30,81,41634.0,72595.75,89361.0,6,24,14890.0,Y,734.74,current,M,27,MEDIUM,5.6000000000000005,3,713.0,0,4.0
2046,1605,5174.0,2736.0,10292.0,5759.49,8890.5,2101.05,493.48,57.0,43,19,8,2,1,11000,1,1,1.0,1,167.5,54388.23,16114.0,1411.0,90430.8,19048.0,36.0,33,133831.0,227455.98,71128.36,19,20,6595.0,142115.61,39825.15,6,39,8999.0,Y,3156.86,current,M,30,MEDIUM,1.0,9,723.0,0,3.0
2047,14124,392436.0,7491.96,4033.94,4184.72,9914.92,2638.19,331.82,7.0,37,27,24,12,55,351000,1,1,1.0,1,6100.0,64491.0,16068.0,20513.0,29615.25,25417.91,77.0,1,25774.0,53952.05,111669.79,2,5,46800.0,91664.62,31624.0,94,103,9513.0,Y,6925.21,current,M,34,MEDIUM,9.8,8,628.0,1,14.0
2048,14077,289134.0,9738.0,71417.8,3667.84,3446.76,3206.0,127.0,26.0,14,5,7,12,70,393000,1,1,1.0,1,8556.25,64091.0,11545.0,5464.0,50121.5,99858.64,55.0,6,73394.0,39233.0,596868.55,17,24,4488.0,213262.89,46805.0,8,80,205641.0,Y,4598.38,current,M,53,MEDIUM,16.5,7,883.0,1,3.0
2049,15619,27431.0,342847.9,5677.0,3031.0,9305.0,1191.52,18882.0,2.0,3,19,39,5,64,369000,1,1,1.0,1,20141240.0,64491.0,38599.0,0.0,37367.7,44235.0,52.0,36,21925.0,4312.0,113526.0,1,12,11374.0,23907.76,73575.0,2,104,173252.0,Y,2571.43,current,F,30,MEDIUM,4.0,8,516.0,1,6.0
2050,3133,1855.0,79987.43,2344.0,9951.52,12917.35,6068.4,13686.0,12.0,1,4,4,9,6,467000,1,1,1.0,1,12510.0,440000.0,25002.0,10210.0,13493.93,46933.0,4.0,30,738874.0,393047.85,187741.0,3,63,49833.0,4617.0,8567.0,7,79,9780.0,Y,2218.19,current,M,30,MEDIUM,5.0,4,394.0,1,16.0
2051,3975,5913.0,3562.0,14851.0,30409.0,971.0,34697.975,1864.64,7.0,32,1,23,1,17,670000,1,1,1.0,1,3950.0,119451.0,38599.0,-6301.0,90686.75,50391.96,46.0,7,55929.0,56163.85,39151.0,23,59,52710.0,34660.91,244224.0,22,83,20903.0,Y,17747.41,saving,F,49,LOW,5.800000000000001,6,683.0,1,11.0
2052,9179,12409.0,590.5,5311.0,28774.54,5245.0,16157.9,3191.6,10.0,3,72,50,3,1,136000,1,1,1.0,1,1831780.84,100934.0,24619.0,553.0,52371.95,19278.0,7.0,36,34619.0,4156.0,77804.0,50,34,43000.0,99992.38,49979.0,2,17,21432.0,Y,2189.44,current,F,29,MEDIUM,4.5,3,801.0,1,3.0
2053,6163,13548.0,4946.5,1533.9,6114.03,3757.0,13321.9,572.0,19.0,2,87,1,2,17,510000,1,1,1.0,1,250631.8,187788.1,25524.0,2921.0,84159.11,207501.46,16.0,5,30197.0,64321.96,32511.0,5,20,22121.0,56620.62,53838.0,10,21,2744.36,Y,4213.85,current,F,37,MEDIUM,11.9,3,233.0,1,8.0
2054,17632,18674.0,3859.16,3091.94,944.0,16831.5,18365.46,275.0,2.0,23,29,47,21,16,383000,1,1,1.0,1,233727.15,82907.34,539.0,5730.0,109.0,125565.0,9.0,2,73430.0,48254.88,134711.0,1,70,57126.0,27372.79,15149.0,13,61,22799.0,Y,234.35,current,M,55,MEDIUM,3.5,7,974.0,1,10.0
2055,17830,142232.0,10009.47,2720.5,2943.43,48626.68,2050.0,5309.09,6.0,84,67,3,7,98,520000,1,1,1.0,1,1053411.2,1372927.14,492.0,1429.0,2257.25,16807.0,39.0,15,32534.0,115394.31,34177.5,9,81,26028.0,41708.36,32545.0,46,83,26225.0,Y,13908.12,current,M,33,MEDIUM,6.5,6,882.0,1,17.0
2056,6930,7041.0,2005.81,367.0,147649.72,2113.85,1329.56,423.73,1.0,5,44,7,3,4,87000,1,1,1.0,1,683316.0,446457.0,48500.0,-4664.0,33067.0,28668.0,16.0,1,47371.0,38079.89,123499.38,2,171,58462.0,50134.42,30903.0,117,0,93297.0,Y,2912.76,current,M,42,MEDIUM,4.4,10,818.0,0,12.0
2057,2089,17946.0,1857.71,6391.0,2689.5,15342.0,1636.75,10542.0,8.0,30,59,39,17,39,301000,1,1,1.0,1,516.8,500358.79,1727.0,5439.0,89385.41,210529.0,36.0,31,35275.0,33089.5,19750.0,1,6,31265.0,35524.03,36335.0,4,10,55607.78,Y,9037.46,current,M,46,LOW,13.0,10,796.0,0,16.0
2058,19962,2579.0,29407.74,976.01,3218.42,4246.6,312.0,779.68,2.0,10,46,5,2,30,447000,1,1,1.0,1,21220.0,64309.52,16215.0,-3506.17993,63316.59,76725.0,16.0,7,8560.33,15211.31,29606.0,1,49,2777.0,157741.5,473.79,1,73,332.0,Y,80.36,current,M,30,HIGH,10.0,4,957.0,0,4.0
2059,17837,15131.0,3820.54,2805.37,8799.0,1590.0,4205.69,25239.0,124.0,42,10,45,2,41,313000,1,1,1.0,1,213557.15,369448.8,5591.0,-12179.0,130362.64,3819581.0,36.0,3,55911.0,37450.3,19869.0,5,21,35891.0,48979.85,59219.0,5,120,54137.0,Y,4829.14,current,M,32,MEDIUM,12.0,2,805.0,1,2.0
2060,1308,3297.0,7743.0,8762.0,7364.93,3602.0,30451.6,10931.0,1.0,18,47,44,18,16,97000,1,1,1.0,1,39851.93,295150.9,4812.0,26601.0,103922.58,26523.0,11.0,36,37814.0,24260.28,15407.27,31,7,16300.0,11174.32,39399.58,21,24,3040.0,Y,2601.39,saving,M,30,MEDIUM,9.0,7,247.0,1,20.0
2061,19358,176573.0,19369.92,1756.59,20830.61,1239.0,59678.14,5697.0,50.0,10,89,1,16,1,256000,1,1,1.0,1,11878.6,64491.0,16114.0,1014.0,14368.2,18219.0,70.0,5,18683.0,24158.5,158251.0,1,8,14192.0,18250.0,70105.0,2,6,13410.0,Y,3834.81,current,M,29,MEDIUM,7.2,1,887.0,0,6.0
2062,3028,9621.0,66076.81,5593.04,12333.0,2320.4,4337.0,1247.43,12.0,2,17,23,3,98,518000,1,1,1.0,1,16387435.0,74599.9,51520.0,2500.0,35891.6,257838.0,29.0,13,103141.0,20186.88,62806.0,9,70,20325.0,28507.41,59184.75,11,32,23589.0,Y,46.33,current,M,29,LOW,0.9,1,486.0,0,6.0
2063,14154,11501.0,11178.01,2138.0,33779.55,8897.0,2724.09,20185.0,24.0,29,67,4,1,68,391000,1,1,1.0,1,6014.12,267421.4,100000.0,2351.0,58129.03,57509.02,18.0,2,24146.0,1550.0,32815.0,43,8,62780.0,110868.81,140466.0,47,24,166921.0,Y,4196.15,current,M,29,LOW,6.300000000000001,2,249.0,1,10.0
2064,8060,14990.0,9449.06,73260.0,2876.78,1414.0,55773.26,5504.0,66.0,26,67,2,1,58,255000,1,1,1.0,1,16250.2,506383.85,15756.0,12415.0,61228.54,67745.0,12.0,5,34064.0,25152.25,21275.0,9,8,15584.0,32348.91,5180.0,2,76,41523.0,Y,155444.93,current,M,62,LOW,21.0,10,743.0,0,5.0
2065,14892,20410.0,9227.75,3962.0,1958.5,2901.96,2796.0,2075.52,6.0,10,3,18,1,58,518000,1,1,1.0,1,185669.2,393201.39,130000.0,-4679.0,25663.77,33723.38,11.0,3,45063.0,34715.59,49073.0,17,87,101174.0,79810.62,38999.29,4,15,26756.0,Y,543.56,current,M,33,HIGH,3.9000000000000004,1,595.0,0,5.0
2066,6433,5402.0,37272.0,992.0,3230.7,12684.0,8142.22,9407.0,6.0,99,74,1,3,54,581000,1,1,1.0,1,1865892.0,67555.67,25524.0,0.0,54783.09,140703.56,90.0,3,25.88,185183.44,61377.0,6,20,21547.0,13939.0,72398.5,117,18,78742.0,Y,875.19,current,M,30,MEDIUM,7.0,2,464.0,0,17.0
2067,16000,13808.0,126943.95,2838.0,15651.24,1439.22,8239.5,1821.0,4.0,4,47,45,51,22,28000,1,1,1.0,1,45036.0,30453.0,12337.0,418.0,28033.0,10284.0,62.0,1,34042.0,31359.75,16052.0,2,0,22329.0,53181.59,24631.0,9,15,40248.0,Y,3796.29,current,M,66,MEDIUM,41.400000000000006,1,595.0,1,3.0
2068,8784,129781.0,15127.28,11814.16,11553.71,6702.4,4739.445,6829.18,2.0,36,61,7,38,56,507000,1,1,1.0,1,73010.0,15300.0,610000.0,167.0,24594.0,17434.0,4.0,2,27256.0,23350.0,77796.0,4,2,101174.0,18383.25,109650.0,21,3,141318.0,Y,2054.15,current,F,42,LOW,8.8,6,454.0,1,5.0
2069,13876,16714.0,2338.5,9089.0,9650.54,2248.0,1935.875,53481.24,92.0,66,1,2,2,4,232000,1,1,1.0,1,98062.5,273221.0,130000.0,0.0,45291.9,5050.0,39.0,0,66443.0,38207.67,153077.0,2,12,46369.0,108175.88,15882.5,5,80,55411.36,Y,6517.51,current,M,44,LOW,21.6,6,685.0,1,3.0
2070,10009,5014.0,10899.43,4640.8,2564.68,1916.0,24661.515,581.0,101.0,3,7,1,16,17,301000,1,1,1.0,1,4110.0,610000.0,3570.0,12415.0,7777.37,80668.09,63.0,4,1.0,150980.63,147891.0,6,82,21971.0,61274.38,60142.91,12,24,118515.0,Y,3686.45,current,M,30,MEDIUM,5.0,8,583.0,0,13.0
2071,19240,300452.0,11927.36,799.0,22721.7,21708.0,7243.5,2940.9,1.0,84,3,1,1,68,429000,1,1,1.0,1,6440.0,2400000.0,505.0,-5439.0,21186.0,75375.18,40.0,14,38330.0,10408.0,251618.0,3,2,101383.0,105135.14,43463.94,40,21,34779.0,Y,8846.29,saving,M,44,HIGH,2.4000000000000004,2,723.0,0,20.0
2072,2017,10266.0,6948.5,15214.0,2113.7,12330.01,10509.21,1104.0,7.0,93,47,48,56,79,315000,1,1,1.0,1,568.8,674291.83,155205.0,1079.0,96338.0,125565.0,40.0,13,42384.0,8858.0,59718.5,6,11,177166.0,47466.58,238.0,10,21,11568.0,Y,727.03,current,M,28,LOW,6.4,2,249.0,1,16.0
2073,5004,3045.0,23070.95,4033.94,540.0,3317.0,4896.0,2629.84,24.0,29,4,2,7,8,124000,1,1,1.0,1,76294.6,393982.1,891.0,5773.0,10870.25,32708.0,11.0,19,33909.0,32613.47,30876.0,9,29,35203.0,418391.63,83992.0,94,103,24152.0,Y,12030.62,current,M,28,MEDIUM,0.8,9,506.0,1,11.0
2074,13931,134655.0,25023.04,4156.53,1493.85,6273.0,554.0,1090.16,8.0,36,29,8,4,16,28000,1,1,1.0,1,201133.0,165000.0,10973.0,-4664.0,44948.01,3222.0,50.0,0,98990.0,33557.1,28740.0,2,20,14100.0,195941.12,81026.0,94,21,16163.0,Y,18362.96,current,M,38,LOW,1.8,4,924.0,1,13.0
2075,2574,12709.0,23996.0,1548.37,1974.87,11846.74,70074.15,5400.0,9.0,10,16,1,2,2,232000,1,1,1.0,1,270.0,358480.64,1143.0,2921.0,88015.5,15035.0,62.0,1,48044.0,25739.17,127370.0,5,11,23849.51,41973.58,23358.0,27,0,31575.0,Y,862.78,saving,M,50,MEDIUM,30.0,2,969.0,1,18.0
2076,3335,12443.0,1140.0,242.0,8213.91,1005.0,15762.06,5370.0,44.0,1,89,3,20,10,232000,1,1,1.0,1,3950.0,12971.0,5905.0,1079.0,66426.29,42932.41,5.0,2,25952.0,47029.76,67631.0,2,16,13138.0,22605.19,221049.93,9,38,832.0,Y,4205.62,current,M,44,MEDIUM,4.800000000000001,8,330.0,1,3.0
2077,6190,13608.0,39188.5,8418.28,11027.5,862.0,2872.5,8250.0,7.0,22,7,57,3,17,324000,1,1,1.0,1,4941.45,861640.54,130000.0,1444.0,7869.2,12106.0,24.0,9,59190.0,20950.77,55132.0,7,70,28107.0,41559.47,79228.0,4,58,25337.0,Y,288.38,saving,M,37,MEDIUM,5.1000000000000005,6,743.0,1,2.0
2078,2987,19375.0,5298.31,10876.11,1884.75,4100.69,5788.8,13271.0,124.0,2,49,7,3,14,59000,1,1,1.0,1,265809.85,232524.0,2019.0,1500.0,45356.71,43909.0,29.0,2,4500.0,117493.92,9268.97,1,13,46349.0,35073.0,46476.0,4,32,11853.81,Y,15191.7,current,M,35,MEDIUM,15.0,8,464.0,1,11.0
2079,18263,17135.0,14117.7,2831.0,7561.84,1691.3,11163.0,1694.0,2.0,37,35,50,6,79,581000,1,1,1.0,1,3247.5,163.14,12560.0,6441.0,327091.0,62639.0,40.0,0,28180.0,1550.0,180111.0,0,5,525323.0,41388.82,619815.5,7,106,144000.0,Y,2505.43,current,M,44,MEDIUM,21.6,2,746.0,0,4.0
2080,14957,220045.0,15357.33,8916.0,43838.01,4400.9,3240.95,940.0,5.0,90,49,3,2,10,232000,1,1,1.0,1,41883.6,52098.99,1018.0,6260.0,117809.6,65750.0,11.0,1,24846.0,6754.59,164025.36,2,67,24372.0,48987.68,20320.0,3,0,109311.0,Y,4336.46,saving,M,28,LOW,6.4,3,503.0,1,18.0
2081,2034,16430.0,23573.0,2232.0,6838.0,22378.0,1606.45,326.0,5.0,7,32,18,2,29,44000,1,1,1.0,1,668728.4,1543.85,300500.0,9827.0,45844.66,22397.0,46.0,31,70687.0,18321.34,148802.47,2,20,36000.0,188196.35,73903.14,3,9,386.0,Y,6208.01,current,M,30,MEDIUM,7.0,9,658.0,1,6.0
2082,15167,4127.0,10834.0,29461.02,60550.59,3471.0,12351.0,9812.0,4.0,1,87,82,1,64,429000,1,1,1.0,1,181073.75,64491.0,16114.0,6613.0,158995.65,3691.0,43.0,4,36120.0,60643.22,90660.0,7,9,27409.0,53353.68,94237.0,5,13,27503.0,Y,7997.95,current,F,33,LOW,5.2,6,643.0,1,2.0
2083,14381,14382.0,67138.08,2871.0,5227.61,1204.0,13643.0,2125.53,4.0,601,52,7,7,26,369000,1,1,1.0,1,33664.3,95000.0,492.0,977.0,80010.35,111415.0,55.0,4,26003.0,8461.0,463431.0,4,70,17445.0,32891.94,30673.25,42,0,37384.0,Y,8200.0,current,M,35,MEDIUM,15.0,3,867.0,1,7.0
2084,5987,5297.0,2704.0,254.2,3590.0,5512.52,1268.19,1329.0,19.0,4,32,24,1,10,518000,1,1,1.0,1,684495.7,152664.0,11580.0,10455.0,37367.76,29258.0,4.0,1,109327.0,137373.55,106800.0,5,20,17953.0,3446.57,100824.76,10,72,14830.0,Y,183.03,current,M,29,MEDIUM,2.7,6,914.0,0,14.0
2085,14605,337423.0,85405.6,2711.0,4808.0,10507.42,9584.0,10666.0,2.0,34,61,25,14,8,494000,1,1,1.0,1,2002.36,48087.25,73217.0,1992.0,16691.61,75963.0,46.0,9,26600.0,42607.35,114129.0,1,81,51021.0,415294.27,19219.65,40,15,29838.0,Y,3234.36,current,M,53,MEDIUM,16.5,5,623.0,1,7.0
2086,6953,12891.0,12630.0,424.3,15043.74,7099.42,6744.97,9032.08,2.0,26,4,42,21,80,44000,1,1,1.0,1,204585.76,221000.0,16215.0,0.0,42811.6,37634.0,11.0,26,12057.87,213279.42,60210.17,43,81,652.35,2142.0,58377.0,94,76,34979.0,Y,53050.04,current,M,66,HIGH,23.0,8,558.0,0,10.0
2087,19445,9296.0,4316.1,231.0,3174.07,8127.0,710.2,6710.0,44.0,11,87,25,6,1,53000,1,1,1.0,1,148705.0,36000.0,3570.0,6885.0,33561.0,85029.0,46.0,1,63843.0,76989.16,26062.0,5,20,95878.0,82168.93,2077.42,5,27,22357.0,Y,7132.59,current,M,33,MEDIUM,6.5,9,606.0,1,17.0
2088,6281,9855.0,15418.0,2687.0,4450.26,986.68,12382.76,1758.42,3.0,23,10,2,1,4,505000,1,1,1.0,1,130319.0,376600.5,1018.0,6916.0,50189.25,120307.0,35.0,1,1435248.0,115394.31,54956.28,3,7,66.0,66686.65,457.0,4,24,62771.79,Y,6371.95,current,M,34,HIGH,2.8000000000000003,7,686.0,1,10.0
2089,768,9003.0,56573.0,10049.82,7385.0,2804.64,92748.18,1146.0,59.0,8,1,1,2,5,218000,1,1,1.0,1,75240.45,186474.96,50000.0,6916.0,3744.52,8815.26,18.0,1,85999.0,111002.74,79275.0,6,6,30664.0,220943.0,28968.0,3,3,8769.0,Y,3988.47,saving,M,38,MEDIUM,16.2,7,818.0,1,17.0
2090,16376,13408.0,7952.29,22079.65,2964.7,1421.92,23591.0,14701.0,12.0,83,3,8,9,30,98000,1,1,1.0,1,39851.93,145000.0,936.0,2008.0,39793.2,30157.0,89.0,3,43424.0,30250.71,28986.0,2,31,21195.0,62040.97,66252.0,4,6,138440.0,Y,413.31,current,M,35,MEDIUM,6.0,4,656.0,0,18.0
2091,6921,133076.0,816.76,2125.0,15310.76,14090.74,4290.05,12686.0,100.0,3,135,3,4,98,381000,1,1,1.0,1,6100.0,52098.99,300500.0,-5439.0,21004.96,18255.0,7.0,19,59801.0,69072.68,121834.5,5,70,28127.16,23100.75,21326.0,58,13,3200.0,Y,1839.45,current,M,66,MEDIUM,9.200000000000001,10,249.0,1,7.0
2092,10635,87897.0,2796.96,34511.0,33386.74,6662.0,18399.75,1729.0,7.0,2,50,1,18,11,232000,1,1,1.0,1,168265.55,500000.0,1266.0,-5439.0,80100.46,5100.5,4.0,4,18024.0,44916.39,27024.5,6,46,1399.0,126657.67,403.0,2,35,14676.0,Y,16522.45,current,F,33,MEDIUM,5.2,10,908.0,0,18.0
2093,7610,11460.0,1264.74,1156.0,61879.58,3873.0,7725.51,801.0,56.0,99,5,2,4,98,483000,1,1,1.0,1,1359.3,134890.0,25524.0,903.0,191336.63,24425.0,11.0,1,58504.0,66403.85,164623.0,35,63,46686.0,10367.97,21819.92,2,80,51109.0,Y,17599.29,current,M,32,MEDIUM,3.6,8,710.0,0,10.0
2094,16441,95187.0,11801.99,87.0,28205.77,2447.0,13321.9,3457.55,12.0,22,9,48,1,79,120000,1,1,1.0,1,41441.27,1155000.0,16114.0,5340.0,183930.29,40950.01,39.0,55,106324.0,53651.57,74811.0,6,23,25043.0,44140.47,50856.0,4,21,39381.0,Y,9064.83,current,F,28,MEDIUM,4.0,4,539.0,1,8.0
2095,7521,390861.0,17985.06,10621.73,14838.62,2572.0,23421.0,25967.07,18.0,85,14,8,1,1,522000,1,1,1.0,1,41883.6,70164.0,25000.0,-5998.43994,76079.97,51117.5,29.0,5,28431.0,21289.76,8261.0,6,8,20726.0,15266.25,76024.72,58,36,860.0,Y,2905.79,current,M,66,MEDIUM,41.400000000000006,1,446.0,1,13.0
2096,4376,20223.0,19541.24,3327.8,62460.0,10976.0,2157.86,1171.0,3.0,30,35,18,4,1,297000,1,1,1.0,1,185669.2,17000.0,90525.0,5439.0,59867.85,101332.0,42.0,43,15229.0,85371.17,128418.36,8,8,1131.0,65569.13,75590.0,6,13,62979.0,Y,16310.33,current,M,32,LOW,2.4000000000000004,7,700.0,0,6.0
2097,503,183359.0,3239.3,10039.0,37052.81,1212.0,36053.75,3757.0,1.0,5,23,24,14,14,483000,1,1,1.0,1,7300.0,116533.0,16215.0,1500.0,98001.8,41391.0,5.0,2,21047.72,27031.53,37760.0,6,81,24355.0,583516.0,46252.0,3,18,36798.0,Y,2469.92,current,M,64,MEDIUM,13.200000000000001,2,801.0,1,15.0
2098,16793,859.0,20976.78,1541.0,15651.24,1531.15,12599.0,928.0,16.0,32,89,3,6,11,359000,1,1,1.0,1,510.6,624742.27,610000.0,5340.0,42515.26,18844.0,16.0,3,19796.0,44629.61,171192.0,3,1,23088.0,119564.03,60782.0,8,25,19684.0,Y,5367.88,current,M,63,MEDIUM,12.9,3,974.0,1,19.0
2099,10834,114412.0,176584.68,1230.0,20280.84,59846.44,25920.56,3821.0,3.0,36,71,21,27,1,53000,1,1,1.0,1,5004.0,86000.0,4699.0,167.0,126515.82,45964.77,42.0,1,15868.0,16184.0,113.73,1,20,41559.0,28740.75,223704.84,22,133,26117.0,Y,12812.58,saving,M,47,MEDIUM,18.900000000000002,2,771.0,1,18.0
2100,2835,14168.0,12233.97,1588.0,6289.0,1152.0,214.0,31440.88,6.0,36,60,53,28,12,49999,1,1,1.0,1,568.8,100934.0,24125.0,10210.0,50258.88,119535.0,24.0,15,67144.0,44741.41,42027.32,4,20,20696.0,684748.16,61795.25,6,75,37369.0,Y,1316.38,saving,F,66,MEDIUM,9.200000000000001,2,258.0,0,12.0
2101,12031,13611.0,14490.0,1109.6,14721.7,10066.81,2108.0,25967.07,44.0,1,52,8,46,16,293000,1,1,1.0,1,3247.5,429273.4,33774.0,-3625.0,2747.05,62161.0,18.0,4,17668.0,33369.47,6830.0,6,63,12977.0,57744.59,100824.76,1,79,42065.0,Y,2844.1,current,M,30,MEDIUM,8.0,3,764.0,1,2.0
2102,14439,230713.0,14271.08,3747.94,8510.69,5653.0,9948.0,4953.0,19.0,36,4,50,44,44,54000,1,1,1.0,1,138272.2,200000.0,105000.0,20790.0,55415.2,31282.0,18.0,2,13025.0,51337.25,45174.5,5,34,4420.0,105786.5,209.0,49,58,67720.0,Y,2414.24,current,M,47,LOW,8.1,6,424.0,0,5.0
2103,10224,1086.0,6932.4,3075.6,18529.32,4151.6,5734.0,4894.0,10.0,3,35,4,9,3,326250,1,1,1.0,1,115818.74,13299.0,50000.0,1014.0,56782.86,36674.0,69.0,7,22222.0,137816.7,30510.0,6,108,21028.0,59077.75,145668.0,2,83,21047.0,Y,4680.32,current,M,53,MEDIUM,6.6000000000000005,7,314.0,0,9.0
2104,15851,301738.0,11275.35,1634.0,27888.29,9023.0,4303.0,1634.0,100.0,1,3,51,7,42,155000,1,1,1.0,1,76122.87,970000.0,30011.0,-6281.37987999999,27797.41,420164.0,5.0,0,30368.0,64212.05,40245.0,1,5,42377.0,95451.16,57797.0,6,32,132056.0,Y,10649.31,current,M,29,MEDIUM,4.5,6,799.0,1,2.0
2105,19309,2078.0,8335.61,10455.0,9068.0,5204.0,1860.08,3625.9,10.0,36,44,1,1,54,53000,1,1,1.0,1,105453.65,330001.0,19176.0,13135.0,206236.11,43250.0,10.0,3,15257.0,86841.42,27872.5,16,50,118523.0,41492.18,36030.23,6,25,45215.0,Y,1187.97,current,M,53,LOW,3.3000000000000003,4,801.0,1,18.0
2106,5887,13438.0,1596.4,9444.56,27920.42,13010.69,1305.14,1994.32,24.0,36,47,10,6,1,199999,1,1,1.0,1,47450.2,360000.0,1097.0,5340.0,63457.42,31558.0,10.0,17,35688.0,24831.47,93078.0,1,20,39652.0,4239.41,73234.0,3,104,21305.0,Y,1801.62,current,M,44,MEDIUM,12.0,2,516.0,1,4.0
2107,3372,17848.0,18763.96,21328.0,19193.13,18421.84,4843.68,8166.9,60.0,47,47,54,2,1,190000,1,1,1.0,1,101891.25,232235.65,24094.0,7478.0,54160.93,13116.0,11.0,4,41698.0,23821.33,32591.0,2,17,87332.0,175546.38,20836.0,5,38,15013.0,Y,9362.14,current,M,44,LOW,9.600000000000001,3,355.0,1,18.0
2108,5831,8037.0,122906.28,43265.22,4370.83,1871.45,10343.28,16612.0,26.0,60,50,42,24,98,84000,1,1,1.0,1,89908.8,57345.0,16114.0,6916.0,164020.55,65516.0,90.0,3,14599.0,428325.89,17846.0,2,171,41618.0,59924.49,323004.0,11,67,51836.0,Y,1477.55,current,M,28,MEDIUM,8.0,4,269.0,0,4.0
2109,401,13423.0,2260.53,3899.0,818.0,1101.0,373.0,2836.0,1.0,1,5,7,1,1,199999,1,1,1.0,1,95.0,39833.19,24619.0,5773.0,56064.0,19274.0,7.0,1,10273.0,16379.48,64950.0,3,20,125760.0,56415.91,57592.0,5,103,10458.0,Y,447.46,saving,M,64,LOW,4.4,4,743.0,1,15.0
2110,8980,15723.0,23574.61,24988.34,12214.7,8135.9,349.0,8691.87,66.0,3,7,7,1,34,157000,1,1,1.0,1,26360.0,335948.0,25524.0,5773.0,39949.94,260149.0,16.0,1,17530.0,120915.0,29985.71,1,70,19631.0,87919.88,83739.0,36,15,860.0,Y,18462.51,current,F,222,HIGH,161.60000000000002,9,958.0,1,16.0
2111,2258,11417.0,13954.0,4398.5,8839.24,7461.0,21851.0,4893.0,10.0,5,82,2,17,47,70000,1,1,1.0,1,291969.2,189246.0,24619.0,-5439.0,228032.23,22466.0,62.0,7,26073.0,77480.0,49461.0,1,7,114389.0,7277.83,52736.75,10,83,72317.0,Y,2062.42,current,M,29,LOW,2.7,4,700.0,1,16.0
2112,2275,1957.0,11830.0,355.0,2797.0,1208.0,4680.0,802.0,12.0,39,67,1,1,98,84000,1,1,1.0,1,385.0,64091.0,25639.0,5464.0,17736.25,85342.11,4.0,29,57999.0,56163.85,26867.0,31,104,91891.0,55526.49,63210.0,7,52,17082.0,Y,6109.97,current,F,60,MEDIUM,20.0,5,812.0,1,5.0
2113,11804,136682.0,5118.0,1469.18,18406.84,5673.83,19493.5,1751.0,44.0,10,11,42,31,11,119000,1,1,1.0,1,7455797.87,105000.0,19400.0,5730.0,16107.8,29164.0,16.0,1,22796.0,85947.83,119561.13,2,8,33000.0,14464.39,14387.2,8,13,31000.0,Y,66773.97,current,M,27,LOW,4.2,6,626.0,1,4.0
2114,3927,95542.0,781.0,4898.0,7359.0,1509.0,21089.59,3896.0,4.0,30,110,2,2,12,75000,1,1,1.0,1,970271.35,1425000.0,925.0,418.0,70549.1,427895.0,18.0,19,22565.0,42623.82,41830.0,5,7,39540.0,76127.16,30406.0,12,9,20588.0,Y,2700.33,current,M,42,MEDIUM,4.4,2,708.0,0,19.0
2115,3931,19351.0,913.0,2923.0,2070.0,8642.0,12387.74,5498.0,7.0,66,74,42,1,8,371000,1,1,1.0,1,54453.8,21577.06,4000.0,-4679.0,12345.88,35135.0,103.0,3,15091.0,66710.61,21092.0,1,14,51164.0,25715.59,22754.0,4,32,162271.0,Y,2252.52,current,M,32,LOW,9.600000000000001,3,805.0,0,13.0
2116,1528,4646.0,22235.73,142905.29,72865.41,4753.5,7057.135,196.1,9.0,50,14,8,27,9,406000,1,1,1.0,1,55700.0,64491.0,1633.0,35346.0,81035.43,155394.0,43.0,1,33833.0,68170.61,69524.0,31,1,17429.0,96552.0,32461.0,3,73,20234.0,Y,131.65,current,M,44,MEDIUM,7.2,6,445.0,0,20.0
2117,12910,15980.0,1406.84,3285.8,6861.4,8810.0,2624.0,12134.27,1.0,10,1,57,44,5,125000,1,1,1.0,1,61186.36,110135.86,25000.0,-6281.37987999999,32838.63,57399.0,11.0,1,35146.0,146993.28,26032.42,50,20,7047.05,14875.49,631.5,2,39,87706.0,Y,17599.29,current,M,33,MEDIUM,10.4,9,656.0,1,6.0
2118,12137,182345.0,18538.0,4813.0,15801.0,1157.0,5786.27,10086.0,8.0,85,20,20,2,17,483000,1,1,1.0,1,59703.93,85300.0,130000.0,1014.0,19747.25,14210.0,18.0,36,20363.0,82340.07,34745.0,31,108,90503.0,89859.56,141802.86,2,103,57343.0,Y,6398.94,saving,M,60,MEDIUM,32.0,9,488.0,1,5.0
2119,8629,12158.0,6009.52,24079.93,1918.44,4038.0,4930.0,820.3,4.0,4,4,48,14,41,575000,1,1,1.0,1,118686.17,120000.0,2019.0,5340.0,43754.2,51746.0,62.0,4,50909.0,25505.44,64768.0,4,81,51541.0,122625.72,192266.0,3,79,1050.0,Y,9921.56,current,M,36,MEDIUM,1.6,1,809.0,1,8.0
2120,11330,6777.0,16764.6,12202.0,6765.27,314.0,7970.0,431.28,67.0,2,5,20,11,47,400000,1,1,1.0,1,937.0,80489.0,4895.0,0.0,8730.25,146093.0,69.0,4,439764.0,811983.07,35011.0,6,69,48236.0,7699.0,298119.93,6,10,20588.0,Y,5064.66,current,M,58,MEDIUM,7.6000000000000005,3,638.0,0,16.0
2121,12513,400049.0,27292.23,5277.94,932.5,15678.0,214.0,17200.0,6.0,17,50,5,3,1,298000,1,1,1.0,1,163703.25,20000.0,19400.0,903.0,5308.0,44341.0,95.0,2,126455.0,8579.85,52241.05,1,7,53000.0,50477.06,194857.0,9,32,38642.0,Y,1029.04,saving,M,47,LOW,5.4,7,606.0,1,5.0
2122,19306,17130.0,6046.54,1628.0,35045.0,960.0,3531.0,12743.0,4.0,23,7,48,55,2,525000,1,1,1.0,1,825.0,237365.38,4000.0,-6885.0,25368.0,59574.91,39.0,4,26943.0,16014.0,24826.98,2,108,95658.0,10604.2,115734.6,6,22,21974.0,Y,77168.14,saving,M,27,MEDIUM,3.5,4,966.0,1,8.0
2123,6537,8524.0,2991.78,6296.03,73064.24,10307.84,10934.42,334.22,80.0,1,82,1,4,1,466000,1,1,1.0,1,26218.0,95000.0,25000.0,-5715.49022999999,40210.0,198914.0,11.0,1,980000.0,32239.39,116797.62,1,6,179003.0,691664.86,99659.0,3,13,47200.0,Y,140047.86,current,M,39,LOW,7.6000000000000005,3,863.0,0,11.0
2124,10217,42469.0,1151.0,59694.0,2592.0,2162.76,30482.0,3561.0,2.0,27,44,1,37,22,104000,1,1,1.0,1,146931.8,273221.0,2500.0,20790.0,12761.51,27019.0,9.0,26,29600.0,46933.05,2528.58,31,171,35540.0,74587.22,81695.2,19,0,43663.0,Y,7870.88,current,F,47,LOW,10.8,4,370.0,0,16.0
2125,4988,8305.0,25439.0,9873.5,17597.6,21080.44,1412.34,83247.0,12.0,26,4,1,3,6,378000,1,1,1.0,1,166331.66,6574.31,583.0,8572.0,50688.19,24040.0,11.0,23,47364.0,162081.04,32203.86,6,18,24222.0,162195.75,11856.58,12,58,16873.0,Y,7201.74,current,M,61,LOW,12.3,1,883.0,1,11.0
2126,7836,12331.0,35002.31,719.01,2106.0,1926.0,6257.33,1004.0,5.0,43,23,25,2,17,287000,1,1,1.0,1,5210.85,69370.0,50000.0,-5439.0,26441.35,115525.0,4.0,1,145994.0,56064.5,146667.0,47,20,23658.0,4079.0,94137.0,3,78,17239.0,Y,56018.48,current,M,47,MEDIUM,2.7,8,743.0,0,15.0
2127,4495,208510.0,7952.79,1893.0,3712.12,4402.34,4779.0,11355.0,100.0,2,89,48,4,41,472000,1,1,1.0,1,26360.0,52098.99,800.0,35346.0,65896.84,126556.87,39.0,13,37966.23,22720.0,372819.0,3,108,26561.0,11372.84,4814.0,2,79,29765.0,Y,843.3,current,M,37,LOW,8.5,2,969.0,0,16.0
2128,1362,6779.0,3214.135,210.0,22496.0,11276.0,14617.96,493.48,6.0,2,60,3,6,91,587000,1,1,1.0,1,6440.0,1400000.0,508.0,2351.0,54160.93,112604.0,39.0,35,71716.0,402803.09,29385.44,43,78,92603.0,26886.75,66870.5,14,3,55844.0,Y,3754.73,current,M,27,MEDIUM,2.8000000000000003,6,911.0,1,11.0
2129,2927,7431.0,1928.0,2225.49,4574.24,48879.0,10604.78,2768.0,44.0,128,35,47,4,47,59000,1,1,1.0,1,3549.85,121927.8,230000.0,4795.0,22013.0,21314.0,77.0,13,20674.0,147756.34,116438.06,10,13,47226.0,250193.21,195387.0,58,49,74000.0,Y,843.3,current,M,33,MEDIUM,6.5,7,537.0,1,20.0
2130,16038,7997.0,22566.86,3542.0,2762.23,5047.0,48569.0,6084.8,4.0,36,35,12,8,7,125000,1,1,1.0,1,60050.0,95081.0,25111.0,5464.0,10829.25,31135.0,103.0,9,24970.0,388190.96,41510.83,1,50,16540.0,136727.9,6144.56,8,61,15626.0,Y,37671.76,current,M,35,MEDIUM,12.0,2,331.0,0,12.0
2131,6639,16960.0,1784.88,20734.3,33092.1,2156.0,12931.08,1456.82,101.0,9,35,1,23,56,406000,1,1,1.0,1,186189.0,2436.91,12000.0,7478.0,212087.59,68998.88,17.0,23,65481.42,19052.77,18436.0,1,20,45466.0,5571.0,1541.0,2,15,18738.0,Y,2250.0,current,M,47,MEDIUM,24.3,6,626.0,0,18.0
2132,13065,16719.0,24705.74,12071.25,59541.91,15853.8,1100.0,443.0,32.0,23,29,42,1,68,199999,1,1,1.0,1,105453.65,46500.0,30011.0,0.0,45679.03,46474.0,42.0,35,28029.0,30572.88,65146.0,3,70,21447.0,41593.6,32223.85,36,18,117504.0,Y,599.52,current,M,37,LOW,3.4000000000000004,10,639.0,1,2.0
2133,16827,86620.0,4197.0,5709.0,36966.27,470.0,524.59,500.0,6.0,26,87,2,12,79,784000,1,1,1.0,1,516.8,182359.2,1515.0,12174.0,78086.26,32165.87,29.0,1,90.39,68170.61,61853.0,6,171,10058.0,75780.18,98822.75,40,8,20411.0,Y,21180.49,current,M,36,MEDIUM,3.2,10,658.0,1,12.0
2134,18017,14315.0,14620.0,6931.52,5616.17,7139.92,14232.4,15479.0,10.0,23,44,2,2,47,125000,1,1,1.0,1,27316.5,52991.0,3570.0,1014.0,39268.25,4310.0,18.0,36,33045.0,63173.99,15638.93,3,34,12922.0,16305.16,258137.0,3,79,46343.0,Y,6647.42,current,M,40,MEDIUM,4.0,2,796.0,1,16.0
2135,12395,2368.0,31174.24,4135.15,11760.93,1448.0,8065.0,345.48,60.0,50,5,1,38,53,47000,1,1,1.0,1,0.35,15395.48,12016.0,167.0,26033.22,10287.0,12.0,2,54976.0,10684.53,68269.0,23,23,11111.0,27689.6,45068.0,13,80,36988.0,Y,5477.0,current,M,60,LOW,12.0,9,698.0,1,19.0
2136,8985,9194.0,7245.28,8706.5,6750.0,2598.0,5220.13,5150.0,44.0,19,64,21,37,56,472000,1,1,1.0,1,22086.05,3.0,105000.0,903.0,20170.25,26982.0,40.0,36,73765.5,51337.25,19020.0,6,12,40116.0,68570.39,30156.28,2,3,49859.0,Y,4555.69,current,M,221,MEDIUM,60.300000000000004,3,233.0,1,15.0
2137,6210,1856.0,4541.0,3503.05,6212.86,4045.0,3667.54,1182.0,80.0,10,13,41,15,2,202500,1,1,1.0,1,7089.7,119831.0,731.0,12174.0,63548.5,30288.0,63.0,35,13124.0,110239.0,338101.0,11,12,43635.0,52805.0,125642.0,41,42,196058.0,Y,19344.4,current,M,35,LOW,15.0,7,683.0,1,3.0
2138,12911,205753.0,5215.11,5628.21,13914.18,909.86,19487.0,9351.0,7.0,10,9,53,3,10,16000,1,1,1.0,1,58121.25,55000.0,678.0,0.0,120642.0,314.0,7.0,36,43937.0,76018.0,15373.8,35,20,47226.0,51290.65,18656.0,6,32,58236.0,Y,10373.84,saving,F,37,MEDIUM,11.9,7,385.0,1,2.0
2139,11024,1707.0,11993.86,26568.73,4473.0,538.0,42907.0,1660.0,12.0,29,87,24,11,5,138000,1,1,1.0,1,147950.0,205032.06,8333.0,6916.0,284887.67,96167.0,16.0,30,19784.03,131408.7,84195.0,3,20,202236.98,37408.23,65861.0,21,42,55959.0,Y,1177.83,current,M,63,MEDIUM,17.2,7,249.0,1,10.0
2140,6207,19506.0,20138.0,4033.94,16224.74,3137.4,8331.0,7787.0,14.0,18,4,5,27,8,565000,1,1,1.0,1,526.25,67555.67,54101.0,553.0,875.25,42030.0,42.0,3,35156.26,86622.36,76972.0,17,44,127098.0,46040.92,27655.21,3,6,35052.0,Y,14644.29,saving,M,29,HIGH,2.7,8,748.0,0,7.0
2141,19342,13042.0,11554.8,34714.0,2902.71,3063.0,1283.39,2782.0,1.0,99,38,53,6,9,184000,1,1,1.0,1,205595.43,16363.0,38599.0,5730.0,142675.0,29332.0,4.0,4,30910.0,4851.04,19323.0,5,12,35129.0,141007.72,30397.0,16,83,15233.0,Y,11685.9,current,M,35,MEDIUM,6.0,3,269.0,0,17.0
2142,1502,20290.0,9415.59,2079.78,896.98,9673.36,7029.5,2043.3,1.0,85,5,1,55,98,287000,1,1,1.0,1,33784.35,165000.0,12000.0,6885.0,11378.5,13604.0,90.0,36,50161.0,8579.0,93.0,43,17,21195.0,124438.5,20393.0,7,11,20019.0,Y,2162.47,current,M,33,MEDIUM,7.800000000000001,4,809.0,1,9.0
2143,10027,13810.0,7776.0,4004.76,2856.0,2162.0,12255.0,1456.82,16.0,2,10,1,15,1,574000,1,1,1.0,1,566914.0,105000.0,25728.0,12174.0,64484.09,41555.0,0.0,4,42523.0,22483.36,18039.0,3,108,35083.0,87282.62,77745.86,16,83,41247.0,Y,25.88,current,M,33,LOW,7.800000000000001,6,633.0,0,18.0
2144,7938,8249.0,59817.06,373.0,9617.6,180.0,4247.5,3485.0,12.0,5,3,1,17,1,232000,1,1,1.0,1,117168.65,152664.0,12560.0,5773.0,30340.0,10796.0,77.0,9,37848.73,132700.75,29996.0,2,82,17407.0,169028.06,259360.3,93,7,29872.45,Y,9264.76,current,M,46,LOW,7.800000000000001,6,958.0,1,6.0
2145,9467,3431.0,4806.0,2702.0,2943.15,18437.0,1186.235,4953.0,6.0,601,4,47,3,31,302000,1,1,1.0,1,2.13,234459.4,12337.0,12965.0,30236.0,161124.0,10.0,1,27837.0,44678.48,113.73,70,36,74989.0,59809.5,37958.0,6,101,65571.5,Y,3294.91,current,M,40,MEDIUM,2.0,3,395.0,1,18.0
2146,2438,2975.0,58824.0,1700.0,351.0,540.33,21349.855,623.0,2.0,128,13,3,15,81,244000,1,1,1.0,1,1105487.1,55000.0,15477.0,1411.0,59422.45,19450.0,1.0,26,32683.0,124864.26,143527.0,1,42,24890.0,73112.0,45051.0,13,11,43685.0,Y,564.71,current,M,219,HIGH,79.60000000000001,1,628.0,1,7.0
2147,11002,14237.0,5385.62,6205.88,2145.4,3100.0,16028.0,6069.0,7.0,13,135,1,4,80,378000,1,1,1.0,1,270.0,201000.0,49975.0,-402.0,29948.98,48462.0,42.0,2,30.0,27020.9,24668.5,1,70,50200.0,142442.48,27923.0,18,14,13842.0,Y,20272.89,current,M,58,HIGH,15.200000000000001,8,656.0,1,14.0
2148,12095,2758.0,8367.89,2024.0,20325.1,7592.0,51729.785,213.52,6.0,36,50,2,4,8,329000,1,1,1.0,1,8758.2,385218.7,26241.0,-6885.0,62159.05,25295.0,90.0,3,152000.0,30674.96,101125.0,12,20,141707.0,109195.38,71795.23,13,79,25679.0,Y,20514.99,current,M,35,MEDIUM,13.5,2,700.0,1,4.0
2149,17545,130935.0,21003.02,1369.5,2832.0,833.0,10512.5,2826.13,101.0,36,50,4,2,1,290000,1,1,1.0,1,8209320.0,267421.4,73217.0,5340.0,1067.25,34529.0,11.0,0,97349.0,20779.0,103436.0,4,63,20726.0,53353.68,55971.0,12,22,31935.0,Y,2374.55,saving,M,33,LOW,10.4,4,801.0,1,13.0
2150,18992,5983.0,13097.65,193.0,1023.0,8898.0,969.0,2075.57,100.0,65,60,2,26,64,16000,1,1,1.0,1,55700.0,134000.0,130000.0,2000.0,40018.05,53251.0,69.0,2,27767.0,45682.78,15087.0,31,70,28127.16,95598.68,93790.0,6,24,97062.0,Y,921.11,current,M,32,MEDIUM,8.4,4,354.0,1,5.0
2151,12065,93117.0,3281.21,4398.5,9289.92,2965.6,20078.03,2648.0,32.0,9,4,1,2,1,263000,1,1,1.0,1,1910215.0,38928.0,5101.0,10455.0,45382.38,78100.0,8.0,31,11880.0,52170.0,22697.0,7,14,20832.0,46193.52,394793.35,2,28,18955.0,Y,7291.46,current,M,30,LOW,3.0,9,887.0,0,17.0
2152,18236,6424.0,9138.96,2582.4,4344.61,2120.47,824.74,3891.73,59.0,30,5,5,3,34,28000,1,1,1.0,1,506688.65,1475000.0,2019.0,2351.0,55235.78,36359.0,91.0,30,12171.0,72846.85,102738.0,3,78,28913.0,40568.08,30192.0,6,1,25830.0,Y,3148.74,saving,F,66,MEDIUM,4.6000000000000005,7,746.0,1,2.0
2153,17528,12560.0,6496.5,2104.0,230.0,1586.16,32571.31,3431.0,2.0,32,1,2,1,1,98000,1,1,1.0,1,270.0,267421.4,4198.0,1079.0,64027.0,40362.41,18.0,6,48719.0,129332.04,50382.25,5,8,12729.0,144667.07,37167.0,49,67,16554.0,Y,3888.42,current,M,221,MEDIUM,60.300000000000004,1,887.0,1,3.0
2154,11394,20329.0,19498.31,5113.0,18167.0,21768.0,1846.67,8450.95,6.0,77,9,1,27,4,170000,1,1,1.0,1,98062.5,82907.34,25524.0,20513.0,244591.5,38861.0,11.0,5,72241.0,138312.5,36679.0,70,13,19669.0,658.5,73393.54,7,12,6138.0,Y,2295.55,current,M,42,MEDIUM,17.6,7,748.0,1,17.0
2155,99,9939.0,4716.0,6416.0,14031.36,3109.3,5788.0,6843.0,67.0,29,59,1,1,34,199999,1,1,1.0,1,225823.8,6574.31,2158.0,5464.0,117707.42,79085.0,24.0,35,52120.0,427645.3,356729.74,30,5,85.55,54500.39,194857.0,4,58,40822.0,Y,2161.01,current,F,32,LOW,9.600000000000001,7,628.0,1,6.0
2156,15469,3367.0,49708.58,14361.0,6384.36,1423.0,11809.25,9468.0,7.0,30,59,48,60,10,120500,1,1,1.0,1,4140.0,429273.4,12337.0,5730.0,66005.5,108893.0,42.0,3,19142.0,48945.04,192887.0,2,18,34259.0,841678.86,17130.0,40,12,144000.0,Y,2170.57,saving,M,47,LOW,16.2,10,123.0,0,16.0
2157,2658,9662.0,1429.2,373.0,9409.095,863.84,10227.0,1771.0,1.0,36,16,3,3,54,212500,1,1,1.0,1,28482.5,8000.0,24619.0,-4679.0,111212.34,22980.0,77.0,13,15668.0,42814.33,34517.0,0,6,10742.0,25854.67,42917.79,6,3,99755.0,Y,11084.29,saving,M,37,LOW,15.3,3,809.0,1,15.0
2158,4635,17304.0,6048.08,2880.01,4699.6,27631.41,1719.01,4950.0,31.0,22,16,1,2,4,154000,1,1,1.0,1,568.8,589.39,28912.0,9827.0,58435.09,55446.0,42.0,4,121012.0,52446.3,100109.0,1,4,29051.0,239620.08,85691.0,21,83,44381.0,Y,727.95,current,M,30,LOW,10.0,2,595.0,1,3.0
2159,17821,4008.0,3744.0,2453.0,12625.95,7347.0,3938.0,2683.35,53.0,6,23,10,9,11,233000,1,1,1.0,1,140262.4,13299.0,5540.0,1465.0,14630.71,25730.0,11.0,26,135149.22,49859.43,45461.0,43,81,14658.0,61297.71,193502.0,5,65,38718.0,Y,5586.93,current,F,62,LOW,4.2,3,737.0,1,17.0
2160,3441,249.0,16796.18,25858.41,13170.0,6745.0,11464.04,8369.0,8.0,36,14,42,6,37,232000,1,1,1.0,1,39851.93,222222.0,3975.0,20513.0,74560.45,50651.0,42.0,3,9402.0,147053.98,50382.0,23,27,29035.87,121887.43,82383.0,94,50,13906.0,Y,4318.3,current,M,32,MEDIUM,4.800000000000001,10,708.0,0,9.0
2161,5046,24921.0,14555.54,373.0,6956.73,8925.0,10249.0,6390.0,6.0,3,13,1,9,2,375000,1,1,1.0,1,417.0,31871.49,1135.0,6916.0,68916.0,96408.0,40.0,4,37076.0,29780.38,105499.0,9,34,14726.0,253709.0,19121.0,5,15,17866.0,Y,5190.14,current,M,53,LOW,29.700000000000003,7,623.0,1,10.0
2162,9244,15666.0,3799.725,2804.0,17341.25,1509.0,5106.8,5347.43,1.0,11,4,1,36,36,147000,1,1,1.0,1,34635.25,3084.5,694.0,5730.0,27323.71,156975.0,4.0,5,22618.0,122973.63,160017.68,3,8,55806.0,19004.92,31101.69,49,18,36195.0,Y,6437.48,current,M,56,MEDIUM,36.0,10,245.0,1,14.0
2163,9892,20388.0,6080.38,5529.0,1722.09,1660.0,2344.5,371.0,4.0,34,2,6,1,1,421000,1,1,1.0,1,3380.0,22400.0,3975.0,-3506.17993,60168.97,124508.0,24.0,0,18490.0,32650.6,106448.61,3,11,66989.0,48190.61,12393.0,5,106,28618.0,Y,1243.58,saving,M,64,MEDIUM,44.0,3,809.0,0,17.0
2164,299,301053.0,3744.0,10166.67,53763.45,15063.0,985.02,2138.0,6.0,27,46,1,12,42,156000,1,1,1.0,1,306.4,278360.16,4000.0,5730.0,20555.19,68358.0,69.0,2,16430.0,13946.42,28542.0,2,5,23490.0,104309.4,31698.0,4,18,24493.0,Y,12555.57,saving,M,220,MEDIUM,180.0,1,969.0,1,20.0
2165,2795,881.0,38021.04,9760.73,24528.34,1513.0,9930.0,19810.0,44.0,2,3,2,36,1,371000,1,1,1.0,1,1466675.0,536874.6,579.0,5730.0,33421.89,140042.0,42.0,19,37559.0,34184.0,17311.0,31,12,83134.0,265154.13,185523.04,13,1,56662.0,Y,8679.71,current,M,62,MEDIUM,21.0,10,588.0,1,6.0
2166,15723,11579.0,12848.94,482.0,74434.0,9329.42,14315.0,3606.0,28.0,18,4,4,2,4,378000,1,1,1.0,1,229435.05,82907.34,12000.0,-5715.49022999999,192480.94,30046.0,11.0,1,33453.0,18495.78,160685.92,2,20,16100.0,10054.0,50609.0,2,9,51106.0,Y,9.23,current,M,64,LOW,13.200000000000001,7,865.0,1,11.0
2167,6150,305331.0,5409.29,25448.84,2884.0,3908.14,268.0,1061.0,14.0,18,16,60,44,1,188000,1,1,1.0,1,1309500.9,440000.0,183999.0,-6885.0,27937.8,228896.0,18.0,1,44173.0,11151.81,94270.4,2,78,60154.0,25125.44,265978.86,18,12,28901.0,Y,9095.71,current,M,66,MEDIUM,13.8,1,969.0,1,7.0
2168,1441,2935.0,7952.29,1258.0,9475.0,7384.0,3971.0,10865.0,5.0,84,87,60,31,80,197000,1,1,1.0,1,41883.6,105000.0,51520.0,-5439.0,192480.94,14295.52,55.0,2,159847.0,62846.64,22965.0,0,108,19989.0,56581.0,601.0,4,63,47093.0,Y,2803.85,current,M,62,LOW,8.4,4,330.0,1,9.0
2169,14725,3518.0,53593.52,13220.37,5253.84,2073.0,10391.0,48455.25,17.0,23,67,1,6,77,414000,1,1,1.0,1,2008232.55,82907.34,3000.0,1500.0,21981.0,3189.0,32.0,36,63256.0,84690.81,176129.41,43,108,41500.0,173448.21,77760.0,6,80,295000.0,Y,40311.45,saving,M,62,MEDIUM,42.0,7,737.0,1,5.0
2170,13752,19313.0,16903.86,7708.0,5017.85,3936.0,186.0,2043.3,5.0,99,3,2,1,34,199999,1,1,1.0,1,942327.7,1628.0,12016.0,13135.0,50710.71,2540902.41,147.0,7,18844.0,22639.0,37573.0,2,11,13387.0,320600.25,69155.0,18,67,67797.0,Y,5056.54,current,M,47,MEDIUM,5.4,5,802.0,1,8.0
2171,492,14025.0,6079.66,14482.0,14396.0,1431.0,10194.25,1929.0,1.0,77,29,50,1,3,523000,1,1,1.0,1,825.0,117890.0,5591.0,12415.0,33133.51,31310.0,35.0,3,116213.0,1735.0,25192.0,6,84,28010.0,150651.07,21752.0,2,38,23863.0,Y,12645.31,saving,M,47,MEDIUM,8.1,4,299.0,0,10.0
2172,17752,4425.0,47668.69,7560.88,6418.0,4713.69,34328.2,19810.0,18.0,23,50,3,27,47,371000,1,1,1.0,1,124929.75,624742.27,2156.0,553.0,39671.4,69254.0,5.0,1,107644.0,368118.31,4484.0,2,108,44333.0,29724.51,64253.0,12,104,30957.0,Y,8501.5,current,M,32,HIGH,1.2000000000000002,2,385.0,0,14.0
2173,10803,1712.0,5950.45,6124.2,666.0,1440.01,4015.5,2500.0,66.0,8,16,8,27,1,525000,1,1,1.0,1,51291.45,470000.0,126001.0,3735.0,126515.82,130238.0,63.0,3,49385.0,16300.65,10197.0,2,20,237500.0,2540.0,26333.79,3,8,61500.0,Y,14080.64,current,M,31,LOW,5.5,6,486.0,1,9.0
2174,16642,15377.0,1833.0,4872.0,5355.5,7761.93,5735.965,2037.0,6.0,42,13,3,1,12,345000,1,1,1.0,1,9255.43,42723.0,16114.0,8572.0,9022.0,82026.0,29.0,35,22400.0,72846.85,32361.0,2,11,7511.0,441497.35,20592.35,9,0,25778.0,Y,1123.12,current,M,51,MEDIUM,9.3,2,958.0,1,8.0
2175,4860,14320.0,3321.72,80.0,3533.96,5467.0,73371.635,6667.0,2.0,47,61,30,3,67,471000,1,1,1.0,1,196885.0,52985.43,183999.0,-4679.0,18003.31,28470.5,42.0,35,105980.0,65281.24,77908.0,30,16,688.0,43810.06,29710.43,3,32,2250.0,Y,220.56,current,M,42,LOW,11.0,6,488.0,0,4.0
2176,18273,19472.0,10332.03,7745.0,9155.68,2651.58,3302.685,492.0,5.0,128,5,2,15,12,75000,1,1,1.0,1,2014.8,3342.51,15756.0,553.0,126208.75,3193.0,10.0,2,26075.0,89655.0,460041.0,3,171,50951.0,41549.95,192411.0,7,50,34404.0,Y,2414.24,current,M,58,MEDIUM,11.4,10,683.0,1,5.0
2177,17189,8417.0,8216.0,12074.28,3379.5,78.0,4089.29,3390.0,63.0,18,49,23,5,13,366000,1,1,1.0,1,9717.55,109000.0,2156.0,0.0,83163.0,58745.02,55.0,2,24235.0,52034.17,69971.0,43,81,4100.0,89461.68,21281.0,7,87,45641.0,Y,2481.04,current,M,35,MEDIUM,9.0,3,867.0,0,17.0
2178,9494,16719.0,3628.5,457.48,11183.19,6324.92,4151.31,1014.0,6.0,10,5,21,1,74,49999,1,1,1.0,1,127004.3,71256.0,1001.0,0.0,54317.0,31041.0,32.0,13,40485.0,49700.22,30325.0,7,89,21894.0,44255.98,30192.0,43,7,41752.0,Y,1890.0,current,M,64,MEDIUM,4.4,9,535.0,0,6.0
2179,16536,19043.0,1053.0,424.3,5322.76,22363.47,3378.76,1300.0,4.0,26,67,48,6,1,58000,1,1,1.0,1,15772650.74,25404.0,643.0,9415.0,52023.11,30819.0,55.0,2,40268.0,14934.18,28466.0,9,20,40121.0,43950.62,143885.0,6,32,35408.95,Y,1651.38,current,M,35,MEDIUM,15.0,5,233.0,0,15.0
2180,16157,4962.0,3882.54,5133.25,14896.0,2602.0,6630.465,1784.3,57.0,18,4,18,1,7,139000,1,1,1.0,1,95.0,1034285.63,23500.0,6409.0,49493.56,80169.0,8.0,13,30399.0,57799.0,145970.36,2,8,90755.0,78267.76,88736.0,2,6,27108.0,Y,783.94,current,F,29,LOW,8.1,5,628.0,1,19.0
2181,9040,4897.0,31053.59,29926.25,10284.01,1594.0,9051.85,2144.0,25.0,18,89,35,1,47,371000,1,1,1.0,1,78472.48,86868.0,25111.0,5730.0,61089.83,43281.0,22.0,2,49253.0,37339.86,66233.0,2,8,10000.0,38576.76,34512.0,21,0,26224.0,Y,128741.28,current,M,34,LOW,12.600000000000001,1,653.0,1,12.0
2182,10400,33599.0,33483.45,922.02,47983.0,1615.0,3436.0,38792.9,6.0,9,102,4,12,98,186000,1,1,1.0,1,41441.27,229809.2,67696.0,-4324.0,32058.1,3423.25,4.0,1,738874.0,930423.0,20215.0,5,5,48686.0,42820.48,12003.5,3,1,17051.0,Y,9797.91,current,F,33,MEDIUM,6.5,1,464.0,1,15.0
2183,11379,11348.0,17752.0,512.49,25858.76,8182.63,4713.95,4207.0,1.0,42,5,1,5,11,319000,1,1,1.0,1,18418.85,15036.0,33950.0,2337.0,20637.25,64116.0,10.0,1,35926.0,25958.6,37886.42,2,50,44421.0,244352.22,35670.79,2,25,56289.0,Y,940.44,current,M,32,MEDIUM,7.2,7,628.0,1,2.0
2184,10484,15782.0,735.95,986.0,44831.6,7260.5,1150.0,2561.8,2.0,43,47,50,9,1,576000,1,1,1.0,1,41883.6,150000.0,24619.0,12163.0,163205.9,41153.0,67.0,6,50081.0,46456.48,66624.0,3,18,29756.0,105394.11,176402.82,47,11,78.0,Y,6744.25,current,M,37,MEDIUM,13.600000000000001,6,818.0,0,19.0
2185,18880,20346.0,2655.0,526.01,1168.38,14628.34,19844.195,4305.09,7.0,23,50,42,2,6,34000,1,1,1.0,1,48422.7,105000.0,1036.0,1500.0,28969.05,106668.0,7.0,15,29315.0,153851.91,293.36,1,24,65362.0,35431.59,34394.0,4,24,21209.0,Y,3908.4,current,M,58,LOW,7.6000000000000005,5,385.0,1,8.0
2186,11359,12170.0,24675.54,2600.44,4109.38,5597.43,9456.0,2088.0,24.0,47,60,35,3,44,114000,1,1,1.0,1,78472.48,16363.0,8417.0,5350.0,28027.22,49216.0,91.0,36,18330.0,47778.0,16017.0,3,50,74970.31,31263.62,21671.0,5,42,185.79,Y,13298.25,current,M,28,HIGH,2.4000000000000004,1,354.0,0,5.0
2187,7471,12203.0,3776.39,12980.0,22183.0,25722.37,36335.09,8651.0,6.0,30,89,3,56,3,186000,1,1,1.0,1,443.36,118856.1,1001.0,5730.0,5528.25,32746.0,41.0,4,28445.0,45606.44,14579.0,2,70,134893.0,124600.1,21155.0,3,32,97830.0,Y,401.56,current,M,55,LOW,35.0,9,454.0,1,6.0
2188,17653,10077.0,11670.0,1869.0,7845.22,1018.77,428.0,537.0,56.0,85,32,8,2,6,461000,1,1,1.0,1,15079.5,159308.0,15756.0,-4679.0,41875.6,45460.0,11.0,15,168292.0,184593.5,69114.15,7,12,35494.42,39342.48,518460.2,6,12,45955.0,Y,58.68,current,M,28,MEDIUM,8.0,3,464.0,1,8.0
2189,13938,5476.0,4605.99,1360.77,6504.74,1341.0,2546.155,2420.0,7.0,3,62,3,24,31,530000,1,1,1.0,1,4120.0,157000.0,925.0,5730.0,42350.34,53146.0,6.0,5,12815.0,87253.63,718556.0,43,108,193000.0,23661.72,707580.0,14,36,61722.0,Y,11342.82,current,M,55,MEDIUM,35.0,6,270.0,1,17.0
2190,655,18154.0,7453.0,1520.81,7563.41,4719.0,17374.765,4293.65,8.0,93,44,23,2,47,326250,1,1,1.0,1,671039.05,455873.9,30071.0,-5715.49022999999,45568.13,110190.88,42.0,2,59800.0,13759.0,28522.0,3,104,19220.0,1325.0,147641.86,2,57,27035.0,Y,13761.97,current,M,33,MEDIUM,7.800000000000001,10,249.0,1,12.0
2191,8977,18327.0,875.0,2130.0,12891.72,5478.56,9830.0,564.0,6.0,47,9,48,4,53,28000,1,1,1.0,1,2184.0,111000.0,12500.0,0.0,91213.67,126937.41,18.0,0,18312.0,5537.26,5120.0,4,5,28432.71,51191.54,111408.0,40,11,29983.0,Y,4349.03,current,M,46,MEDIUM,18.2,4,771.0,1,12.0
2192,14228,6640.0,3273.12,1236.0,12732.0,1460.0,14247.0,2065.0,12.0,26,27,2,16,18,138000,1,1,1.0,1,59703.93,77965.0,26241.0,-5715.49022999999,127507.87,26892.0,18.0,1,119084.0,77364.8,56221.0,31,81,19853.0,36971.7,60183.0,3,39,56558.0,Y,382.25,current,M,27,MEDIUM,0.7000000000000001,9,883.0,1,9.0
2193,1794,717.0,8348.26,5862.0,2072.73,2821.0,3289.04,14502.0,66.0,128,84,47,4,1,490000,1,1,1.0,1,4614669.901,93.35,20887.0,6916.0,8926.92,66722.0,63.0,1,119084.0,533523.49,170014.0,4,4,20235.0,51390.76,23543.0,7,63,151554.0,Y,86.8,current,M,42,LOW,4.4,4,355.0,1,6.0
2194,1782,17413.0,2280.0,1389.74,3024.84,6315.81,581.0,583.0,57.0,84,3,53,4,6,453000,1,1,1.0,1,33111020.0,24000.0,130000.0,2921.0,39148.0,44240.0,40.0,6,27757.0,3738.3,12101.0,1,105,42166.0,47891.0,87666.5,12,11,101458.09,Y,8060.65,saving,M,35,MEDIUM,10.5,4,249.0,0,15.0
2195,5505,392706.0,1163.0,1425.0,18178.77,253293.0,6477.54,4455.0,53.0,10,5,15,2,1,290000,1,1,1.0,1,99984.83,71256.0,24619.0,3735.0,15830.7,33613.0,11.0,36,43117.0,4047.0,14396.0,17,4,53086.0,27251.66,55364.0,47,18,19278.0,Y,2500.85,current,M,34,MEDIUM,12.600000000000001,7,424.0,0,8.0
2196,19963,16085.0,2962.0,33319.9,5541.54,2651.58,6780.0,2537.0,57.0,29,17,12,18,47,522000,1,1,1.0,1,937.0,40000.0,38599.0,-4324.0,9428.27,32911.0,40.0,4,26954.0,85440.31,35239.0,1,8,20888.0,22278.47,12187.0,5,3,29326.0,Y,6069.1,current,F,40,HIGH,2.0,2,385.0,1,9.0
2197,16910,10332.0,22964.01,11227.18,1276.14,265.31,6841.0,8953.0,17.0,13,16,1,2,3,650000,1,1,1.0,1,10006.2,21577.06,126001.0,173.0,49163.31,33891.0,42.0,36,37404.0,251524.64,5096.0,5,11,17953.0,233140.68,64567.63,12,103,6750.0,Y,9723.67,current,M,38,MEDIUM,3.6,5,623.0,1,9.0
2198,18496,105513.0,6439.7,18683.0,41586.27,17183.0,10213.0,869.0,10.0,1,4,42,55,39,143000,1,1,1.0,1,130319.0,202560.0,768.0,-5998.43994,21941.6,179430.36,62.0,13,28568.0,1021857.15,78246.0,0,171,192866.0,4783.5,12003.5,5,103,38445.0,Y,13507.92,current,M,56,LOW,7.2,6,315.0,1,2.0
2199,8925,10858.0,2848.29,941.72,26757.91,8195.11,767.76,1914.0,1.0,66,3,8,3,3,17000,1,1,1.0,1,360978.37,16500.0,5905.0,-4679.0,34278.6,28829.0,42.0,9,257456.0,131605.45,200086.0,9,20,27308.0,68933.38,68720.17,2,79,22108.0,Y,11470.66,current,M,37,MEDIUM,8.5,10,249.0,1,4.0
2200,17565,8883.0,13400.0,10544.0,22717.23,7687.0,8577.24,1607.0,44.0,2,49,1,16,77,345000,1,1,1.0,1,4230125.0,470000.0,550.0,1079.0,85919.48,35079.0,5.0,26,49256.0,48329.51,3020.0,3,14,3125.0,18970.52,55940.0,11,38,30221.0,Y,7183.75,current,M,60,MEDIUM,8.0,6,445.0,1,9.0
2201,11084,231835.0,43152.77,2686.01,4909.27,9447.93,8616.0,10011.0,66.0,11,84,20,6,2,49999,1,1,1.0,1,58121.25,5439.0,54101.0,5340.0,93187.38,37813.0,63.0,0,105069.0,96477.27,102220.0,11,4,25578.31,67987.08,165741.02,1,18,24579.0,Y,2295.55,current,M,64,HIGH,8.8,6,863.0,1,11.0
2202,483,11564.0,836.92,2249.0,17192.0,3876.0,70755.0,651.61,12.0,36,23,11,11,26,520000,1,1,1.0,1,13180.0,182359.2,908.0,17397.0,31321.82,30284.0,4.0,7,22347.0,157623.21,5049.0,3,18,30543.0,54016.77,42309.75,4,83,47534.0,Y,2293.31,current,M,33,MEDIUM,2.6,1,385.0,1,11.0
2203,10156,123677.0,1098.31,13226.83,22909.64,774.0,1614.63,4216.0,8.0,85,13,2,26,16,483000,1,1,1.0,1,3380.0,201000.0,34550.0,6885.0,31321.82,456801.0,50.0,1,12250.0,20721.43,67202.0,20,20,6895.0,10325.19,17238.0,3,10,115095.0,Y,8608.2,current,M,40,LOW,18.0,9,708.0,1,16.0
2204,6858,9347.0,16566.22,5413.02,2852.44,552.58,1719.0,1287.0,17.0,4,5,4,1,47,481000,1,1,1.0,1,13929.95,83402.0,22000.0,5730.0,50603.92,28365.0,11.0,26,680315.0,31163.0,40689.0,0,20,26645.0,28740.76,80172.0,47,104,32717.0,Y,7043.96,current,M,66,MEDIUM,41.400000000000006,3,805.0,0,20.0
2205,8098,3789.0,1918.97,2289.0,15479.0,487.0,8612.0,491.81,136.0,6,49,30,2,67,104000,1,1,1.0,1,41070.0,70164.0,48950.0,-5439.0,5454.75,71800.96,90.0,13,45750.0,4633.16,31898.18,9,20,1493.0,63615.15,80695.03,8,1,36357.0,Y,3849.24,current,M,33,MEDIUM,7.800000000000001,6,249.0,0,12.0
2206,541,8577.0,4729.14,573.0,3123.98,1649.0,13826.0,18738.0,100.0,2,87,1,60,1,293000,1,1,1.0,1,345.6,382191.0,24619.0,14509.0,186290.13,342053.0,9.0,5,28336.0,4193.51,35889.0,2,23,26153.0,39380.45,7648.0,7,1,43500.0,Y,401.56,current,M,42,MEDIUM,6.6000000000000005,8,638.0,0,6.0
2207,15381,20131.0,23019.5,11044.0,35835.26,5653.0,16118.715,8112.99,52.0,9,4,1,2,3,302000,1,1,1.0,1,5809950.0,185097.6,130000.0,6885.0,184613.03,34447.0,90.0,36,78842.2,15675.72,85214.0,0,82,24922.0,77031.57,10324.0,10,103,2847.23,Y,1092.5,saving,M,53,LOW,16.5,1,836.0,0,19.0
2208,1974,17849.0,979.04,4856.0,3314.0,3160.8,1117.5,34349.0,7.0,9,135,4,36,4,350000,1,1,1.0,1,306.4,784499.0,43798.0,5730.0,163547.99,84771.91,42.0,4,17336.0,218146.34,130195.0,2,20,24571.0,27776.59,10537.0,6,6,32429.0,Y,31345.8,current,M,34,LOW,11.200000000000001,3,643.0,1,10.0
2209,738,6643.0,1711.0,8602.0,6561.31,1391.0,15163.25,103639.0,2.0,3,85,24,18,3,17000,1,1,1.0,1,13558.63,650000.0,3570.0,26601.0,135437.42,72100.0,42.0,26,15198.0,11654.79,79264.31,1,82,24993.0,183852.99,18376.63,58,58,90012.0,Y,7568.89,current,M,66,MEDIUM,23.0,4,944.0,1,12.0
2210,12507,408382.0,2017.46,29066.66,15919.84,2197.0,3752.0,29798.0,1.0,4,35,6,2,13,345000,1,1,1.0,1,115818.74,158000.0,550.0,4795.0,33855.84,33401.0,70.0,36,135149.22,14282.0,39805.0,47,20,41860.0,32734.75,80959.0,36,9,171200.0,Y,4966.96,current,F,64,MEDIUM,26.400000000000002,9,355.0,0,19.0
2211,5523,8355.0,11674.64,379.42,16726.02,6818.58,7506.92,1158.0,66.0,46,89,8,2,10,45000,1,1,1.0,1,60800.0,38928.0,49000.0,12174.0,22950.85,59304.5,103.0,7,3000.0,47335.0,24488.0,43,171,34440.0,2319115.17,21661.0,4,63,273.0,Y,174.94,saving,M,67,MEDIUM,42.300000000000004,8,686.0,0,15.0
2212,11482,16312.0,28186.76,4389.0,46535.8,1624.0,11923.0,2648.0,1.0,22,20,5,14,7,306000,1,1,1.0,1,13849.4,105000.0,96497.0,-3506.17993,13680.76,64616.0,40.0,2,16179.0,26849.78,38008.5,45,44,35516.0,43449.4,98248.28,4,35,197101.0,Y,32293.42,current,M,44,MEDIUM,24.0,3,324.0,1,6.0
2213,14958,18489.0,8586.01,452.0,4770.57,45480.88,6705.335,4327.0,6.0,10,5,4,62,16,100000,1,1,1.0,1,8256.6,380000.0,105000.0,5340.0,15627.0,40597.37,12.0,3,41729.0,86844.8,77293.0,11,8,31450.0,38678.58,18204.67,2,1,16689.0,Y,50798.28,current,F,30,MEDIUM,9.0,7,268.0,1,12.0
2214,7633,18113.0,5710.5,1132.0,3359.5,611.0,14012.25,1574.0,2.0,61,3,82,1,13,293000,1,1,1.0,1,871.5,11982.0,6100.0,-6885.0,36652.25,46618.0,74.0,3,50835.0,21586.0,15051.0,43,75,24301.0,11840.0,190969.35,11,58,1017.0,Y,9921.56,saving,M,33,MEDIUM,6.5,3,823.0,1,9.0
2215,10002,13261.0,8288.91,1832.92,9901.34,1871.45,246.0,29748.06,1.0,10,61,1,11,6,190000,1,1,1.0,1,1910215.0,5439.0,20887.0,1079.0,94.5,989719.0,18.0,7,15083.0,44308.87,85293.5,6,28,35781.0,17673.36,36101.0,2,18,41702.0,Y,9492.98,current,M,222,MEDIUM,101.0,10,750.0,1,20.0
2216,7657,11993.0,132437.46,3836.17,81840.16,572.45,1826.0,444.0,10.0,10,35,30,25,79,345000,1,1,1.0,1,58928.67,96096.0,25639.0,14509.0,23972.74,28227.0,147.0,3,35796.0,44067.0,6134.85,50,108,16249.0,26253.0,277063.88,7,124,135317.0,Y,1414.54,current,M,25,MEDIUM,4.0,6,698.0,1,14.0
2217,5044,914.0,26755.86,4271.2,18024.63,2913.65,262.5,12134.27,63.0,34,35,50,31,9,350000,1,1,1.0,1,0.35,134000.0,1036.0,20513.0,189604.46,124649.0,87.0,0,11834.0,14710.0,195160.5,6,171,89161.0,92689.23,49924.0,47,58,20422.0,Y,3332.46,current,M,29,MEDIUM,5.4,4,486.0,0,8.0
2218,15009,15491.0,21291.58,767.0,15719.03,10204.52,20887.73,745.0,6.0,77,9,18,6,62,192000,1,1,1.0,1,89908.8,116533.0,610000.0,-4679.0,48464.0,41941.6,3.0,2,1260.0,42265.99,26354.0,1,14,10910.0,18187.1,1101886.0,3,39,150058.0,Y,6230.66,current,M,35,MEDIUM,6.0,8,880.0,1,8.0
2219,14774,327577.0,3234.53,2209.0,43549.92,11553.0,1530.0,8123.0,4.0,5,70,1,1,1,164000,1,1,1.0,1,12.19,147834.0,49900.0,1500.0,59239.45,35980.0,69.0,23,45125.0,50310.31,29142.0,2,12,30718.0,37857.73,43345.0,62,0,19850.0,Y,5148.42,saving,M,27,MEDIUM,1.4000000000000001,4,485.0,1,17.0
2220,16403,108.0,37797.87,6532.0,785.0,6955.0,12094.0,1326.0,44.0,9,4,48,17,1,218000,1,1,1.0,1,1859872.2,197800.0,30071.0,977.0,117885.0,11405.0,24.0,2,23425.0,101041.95,54507.28,3,8,37376.0,46404.79,43978.0,2,0,30193.0,Y,12248.94,current,M,49,HIGH,20.3,4,710.0,1,5.0
2221,1164,10469.0,2417.78,716.4,3832.93,5394.0,27240.3,6943.16,7.0,85,87,2,6,3,524000,1,1,1.0,1,10006.2,143000.0,25000.0,7478.0,15986.48,88543.5,77.0,3,55215.0,45616.46,336162.07,4,20,62822.0,58973.5,120452.0,3,11,32464.0,Y,9636.27,current,M,62,MEDIUM,29.400000000000002,5,631.0,0,5.0
2222,5530,17673.0,7072.0,5076.02,1797.03,23554.0,752.5,4087.0,7.0,4,50,3,3,70,306000,1,1,1.0,1,5308.1,200926.0,73501.0,-3506.17993,58566.87,45111.0,70.0,30,27468.0,158566.63,151641.5,6,108,20696.0,22549.38,278207.0,6,10,586100.0,Y,141479.73,current,M,60,HIGH,16.0,4,710.0,1,13.0
2223,17973,10258.0,22810.89,6315.95,68747.0,4636.52,38588.775,2204.0,1.0,10,7,47,4,47,124000,1,1,1.0,1,168.75,185097.6,4699.0,5439.0,131610.0,51547.0,46.0,5,33051.0,15997.5,37903.5,23,20,128.0,599.81,537.29,10,22,24134.0,Y,3097.38,saving,M,30,MEDIUM,6.0,8,394.0,1,13.0
2224,11934,321090.0,7295.53,17761.0,6522.19,335.0,12270.0,1725.0,2.0,66,32,1,25,13,568000,1,1,1.0,1,20049.0,93.35,50000.0,5773.0,25085.72,39148.0,3.0,35,28595.0,34360.1,10173.0,6,69,19180.0,89307.1,147329.0,6,14,39940.0,Y,1258.05,saving,M,35,LOW,13.5,10,448.0,1,4.0
2225,9123,97766.0,93773.0,1074.0,14307.26,1095.4,3531.11,6728.0,6.0,10,6,2,11,70,59000,1,1,1.0,1,1112.4,43397.0,57899.0,1500.0,113481.88,71808.0,18.0,0,63611.0,62323.51,35459.0,3,171,63627.0,195.0,20519.0,4,1,50000.0,Y,3517.43,current,M,55,LOW,14.0,4,737.0,1,4.0
2226,5384,52413.0,3927.0,4023.0,15168.67,5597.43,428.06,2442.07,5.0,60,84,45,6,5,26000,1,1,1.0,1,293418.75,176487.6,24619.0,553.0,128957.5,170616.19,90.0,1,16284.0,21816.71,143697.79,5,20,25655.0,20787.77,66219.0,43,11,25152.75,Y,35812.33,current,M,32,MEDIUM,7.2,5,802.0,1,12.0
2227,19724,5299.0,27618.48,960.0,41456.79,4647.0,1936.4,2537.0,2.0,34,20,2,3,47,595000,1,1,1.0,1,2720.0,10465.48,51520.0,-4664.0,171527.22,46795.0,23.0,1,19672.0,84221.0,14480.0,6,13,53.19,43249.28,18160.93,94,65,17399.0,Y,154949.91,current,M,33,MEDIUM,6.5,2,300.0,0,3.0
2228,4705,15830.0,15502.95,3877.0,12029.0,1754.0,8488.58,62973.2,19.0,22,35,50,21,1,373000,1,1,1.0,1,825.0,10947.0,6738.0,0.0,23165.05,138786.0,4.0,2,17361.0,21161.82,54633.0,3,82,29053.0,164123.0,22529.0,36,96,87706.0,Y,2718.2,current,M,29,HIGH,1.8,8,574.0,1,18.0
2229,3223,6736.0,258657.84,15307.0,22616.39,686.0,10985.97,3933.0,1.0,10,10,42,1,6,483000,1,1,1.0,1,55700.0,93.35,1001.0,167.0,68617.87,62555.02,77.0,28,50691.6,18223.16,8458.0,1,20,100.41,104960.41,21495.0,6,73,15776.0,Y,18101.41,current,M,37,MEDIUM,5.1000000000000005,9,638.0,1,12.0
2230,1515,10492.0,8434.89,3872.0,42941.84,663.25,9676.4,200112.0,59.0,14,14,82,18,5,233000,1,1,1.0,1,33784.35,109000.0,28913.0,1500.0,7324.89,20076.0,42.0,2,30514.73,42329.38,9606.0,2,1,188115.0,107855.88,31030.0,16,18,29303.0,Y,3424.98,current,M,36,LOW,14.4,7,448.0,1,18.0
2231,17985,12530.0,3040.665,312.46,4201.29,3823.0,8542.0,4893.0,6.0,23,19,2,7,42,199999,1,1,1.0,1,331.2,273221.0,78309.0,12174.0,75409.75,145995.0,10.0,6,20903.0,27652.98,246521.0,1,24,22575.0,20181.5,166392.0,7,11,28853.0,Y,14643.69,current,M,37,HIGH,1.7000000000000002,5,614.0,1,19.0
2232,11083,6295.0,341.02,2791.0,48802.77,69114.0,3572.0,917.31,6.0,18,64,7,15,30,188000,1,1,1.0,1,139323.25,76365.24,22000.0,-5439.0,29813.39,45837.0,43.0,2,82823.0,100427.52,57225.0,45,8,70186.0,38883.5,10848.61,7,35,18634.0,Y,2441.86,current,M,29,HIGH,2.7,8,394.0,1,11.0
2233,6040,18191.0,6426.5,3552.5,1457.58,9447.93,16496.24,6575.0,25.0,50,35,2,1,36,240000,1,1,1.0,1,270.0,119451.0,891.0,5340.0,41336.0,54808.0,29.0,4,23197.0,4512.88,14515.23,6,25,46391.0,54350.02,69821.0,8,3,8251.0,Y,227.18,current,M,61,HIGH,24.6,3,516.0,1,18.0
2234,16240,122501.0,943.5,1350.67,27015.5,2071.43,6313.43,940.0,44.0,65,50,24,36,1,188000,1,1,1.0,1,715554.75,12257.0,4000.0,0.0,16114.41,30674.0,20.0,5,37417.0,21981.42,118871.0,24,17,19976.0,111020.5,472219.6,8,32,21621.0,Y,2605.91,current,M,47,HIGH,18.900000000000002,9,516.0,1,18.0
2235,8271,14889.0,3949.74,10809.0,4282.11,3037.88,4265.0,3778.0,10.0,61,44,2,9,56,518000,1,1,1.0,1,101891.25,50000.0,96497.0,-6885.0,31437.72,74623.0,42.0,19,55215.0,31588.52,55740.0,23,8,24588.0,41192.89,35725.0,2,50,33949.0,Y,2848.76,current,F,30,LOW,3.0,2,748.0,1,20.0
2236,15302,12194.0,10638.97,12041.0,68396.0,1131.23,5687.38,2776.0,7.0,16,84,8,1,2,461000,1,1,1.0,1,161704.0,446457.0,711.0,1411.0,64135.56,108248.76,46.0,13,17808.0,61640.69,34415.0,9,171,24338.0,55364.14,175935.05,3,107,21318.0,Y,2929.23,current,M,66,MEDIUM,13.8,1,683.0,1,12.0
2237,18728,88.0,64476.2,7432.05,6739.0,5251.0,62749.96,11199.28,7.0,10,13,47,21,81,286000,1,1,1.0,1,40440.4,1194405.5,15477.0,3897.0,187070.42,1383.0,35.0,3,39751.0,42080.01,312354.8,9,108,37498.0,14875.49,66923.0,3,18,704.0,Y,27649.94,current,M,118,LOW,78.4,8,355.0,1,7.0
2238,18012,333229.0,176584.68,4391.71,4972.0,2913.65,1309.0,3718.67,2.0,3,29,53,27,41,59000,1,1,1.0,1,63590.4,34120.0,2644.0,20790.0,33056.19,70073.54,4.0,35,33612.0,61004.64,66672.0,1,42,60452.0,52773.69,17029.0,18,65,179347.0,Y,80.36,current,M,40,MEDIUM,14.0,6,296.0,1,16.0
2239,5673,18036.0,61365.28,1499.4,6605.18,1239.0,44141.32,863.0,104.0,22,85,18,56,5,466000,1,1,1.0,1,19866.0,9866.01,49000.0,6916.0,84701.93,17049.0,18.0,2,24552.0,18505.07,311.0,4,20,37397.0,33905.46,98248.28,16,42,357528.95,Y,7754.69,current,M,33,MEDIUM,6.5,2,855.0,1,5.0
2240,14883,16846.0,6833.0,9372.0,4643.0,1548.34,27926.4,7630.0,2.0,8,38,2,2,56,232000,1,1,1.0,1,89908.8,1513335.0,5797.0,8723.0,64097.5,96709.91,15.0,15,14096.0,23981.89,32170.0,3,50,53482.0,53165.0,168911.0,117,67,38443.0,Y,12005.29,current,M,34,MEDIUM,12.600000000000001,4,802.0,1,20.0
2241,13436,8544.0,10449.0,4275.53,16262.44,180.0,985.02,3192.0,100.0,30,10,7,3,13,525000,1,1,1.0,1,40681.6,64491.0,300500.0,844.0,24931.61,11024.0,90.0,7,66900.0,22184.5,31095.5,3,70,20780.0,52673.0,61663.0,94,58,29601.0,Y,32750.59,saving,M,33,MEDIUM,10.4,9,448.0,1,15.0
2242,11989,17143.0,17704.3,2846.6,2488.0,800.12,57184.0,8672.0,12.0,1,7,1,25,80,228000,1,1,1.0,1,0.35,17000.0,768.0,1429.0,72373.0,155577.91,103.0,2,15980.0,147503.6,27459.0,2,18,21814.0,20657.9,131510.25,2,49,14463.0,Y,429.36,current,M,33,MEDIUM,1.3,4,914.0,1,20.0
2243,1603,9114.0,4945.51,854.0,3273.0,8369.0,1196.6,2622.0,4.0,3,2,8,12,2,402000,1,1,1.0,1,2002.36,267421.4,49975.0,2351.0,25413.22,32003.0,20.0,26,31891.0,124680.84,35792.0,70,69,44334.0,22152.93,41928.0,4,1,17899.0,Y,4506.59,saving,M,35,MEDIUM,15.0,7,927.0,1,14.0
2244,6807,7715.0,2944.465,5440.2,30463.0,16205.74,9118.0,334.22,2.0,4,46,17,9,13,324000,1,1,1.0,1,81142.25,470000.0,3792.0,1429.0,113794.0,29715.0,18.0,1,34280.0,7219.66,20095.0,7,50,88400.0,45648.05,127195.0,2,10,28091.0,Y,3451.49,current,M,29,LOW,3.6,9,966.0,1,5.0
2245,9287,289735.0,2796.96,4780.0,3392.26,14758.0,5767.0,1263.0,24.0,13,11,1,4,8,290000,1,1,1.0,1,568.8,12000.0,51520.0,-5439.0,28869.01,431161.0,40.0,1,30150.0,20880.0,81623.5,2,75,35115.0,12935.0,52399.0,49,58,26642.0,Y,16545.74,saving,M,47,MEDIUM,27.0,9,713.0,0,3.0
2246,15548,458.0,112126.98,5191.0,14982.75,461.0,9644.0,3501.5,136.0,32,16,50,1,81,225000,1,1,1.0,1,123295.4,221000.0,5797.0,-3506.17993,55925.25,33305.5,55.0,0,25220.0,16393.89,95650.0,2,171,64699.0,277899.35,44243.29,2,11,35688.0,Y,2803.85,current,M,30,MEDIUM,3.0,1,887.0,1,15.0
2247,10011,2171.0,6871.22,3925.02,5589.0,3439.22,20234.5,11432.0,24.0,61,13,1,17,2,302000,1,1,1.0,1,23669.0,38928.0,49975.0,12163.0,43960.0,46795.0,42.0,6,11674.0,65390.75,110957.57,5,82,53250.0,15090.96,15777.0,4,75,63214.0,Y,19390.71,current,M,34,LOW,5.6000000000000005,3,928.0,1,3.0
2248,11493,5956.0,5829.72,3920.0,199379.84,992.0,5140.3,3891.73,6.0,7,82,47,4,3,49999,1,1,1.0,1,825.0,121927.8,130000.0,553.0,89564.69,37257.0,42.0,0,31907.0,49123.75,132720.0,2,171,24106.0,18895.03,18378.0,1,8,19339.0,Y,333.78,current,M,62,MEDIUM,21.0,8,928.0,1,9.0
2249,8374,10449.0,3913.36,3552.5,5034.29,225.0,1819.0,3846.0,531.0,29,13,10,1,70,304000,1,1,1.0,1,3101.3,895000.0,183999.0,977.0,28654.34,14824.0,55.0,36,27757.0,34952.0,96879.24,43,82,20720.0,29513.35,64399.28,6,18,24071.0,Y,522.92,current,M,63,MEDIUM,38.7,8,351.0,1,12.0
2250,16607,134487.0,679.37,86584.0,7579.88,3816.0,6655.0,11991.75,7.0,23,50,5,6,54,670000,1,1,1.0,1,192428.25,107692.0,1727.0,-5439.0,7461.09,10242.0,69.0,2,45404.0,18921.81,134537.94,50,171,19486.0,27704.64,13119.0,94,1,93.0,Y,755.17,current,M,60,MEDIUM,24.0,8,355.0,1,7.0
2251,15889,1910.0,1532.9,10981.22,19555.0,1005.0,31713.165,2555.3,2.0,2,2,42,20,22,199999,1,1,1.0,1,19866.0,3.0,51520.0,12415.0,81570.0,115958.2,4.0,14,159847.0,165676.48,128180.0,2,11,23726.0,34159.24,61177.0,94,11,23597.0,Y,470.72,current,M,53,LOW,29.700000000000003,4,743.0,1,8.0
2252,5721,11949.0,9352.035,2651.0,23346.98,461.0,29603.0,1327.0,531.0,26,89,1,2,26,15000,1,1,1.0,1,28482.5,446457.0,10973.0,7478.0,22057.25,26699.0,16.0,33,102034.0,12621.25,153808.0,5,69,74666.0,78635.0,36434.0,19,68,44381.0,Y,7970.12,current,M,37,LOW,10.200000000000001,2,485.0,1,20.0
2253,10740,7179.0,16409.5,10039.0,12096.12,1423.5,15943.475,1397.0,2.0,29,73,54,14,1,127500,1,1,1.0,1,38566.25,111500.0,25524.0,-5942.0,41456.0,21220.0,62.0,13,58400.0,45324.49,36831.0,50,24,13600.0,37088.33,343301.0,47,22,70500.0,Y,1775.44,saving,M,42,MEDIUM,22.0,1,836.0,0,13.0
2254,12886,13863.0,1854.0,15759.0,17794.53,3043.73,1731.14,3700.0,15.0,31,9,2,1,80,360000,1,1,1.0,1,39851.93,53750.0,12016.0,3323.0,91503.0,20920.0,11.0,33,24323.0,39476.26,87799.0,17,7,236588.0,128265.53,14633.25,7,27,113745.0,Y,5224.41,saving,M,55,MEDIUM,7.0,4,374.0,1,17.0
2255,18669,331169.0,6873.0,16889.78,4586.9,831.04,2602.895,3478.0,100.0,60,50,3,15,20,68250,1,1,1.0,1,10008.0,110135.86,13873.0,4889.0,93423.83,26541.0,55.0,31,34593.0,128161.26,25727.0,1,171,207000.0,180599.8,108839.63,14,1,35450.0,Y,4829.14,current,M,66,MEDIUM,13.8,5,737.0,1,14.0
2256,11818,3870.0,4352.05,1559.0,8922.86,2665.0,14347.0,13649.48,16.0,22,64,2,3,22,371000,1,1,1.0,1,41883.6,617203.09,13873.0,20324.0,69438.0,150830.41,9.0,3,24868.0,33688.52,30062.0,47,8,18154.0,28097.45,8437.29,11,18,33484.94,Y,5072.08,current,M,38,MEDIUM,3.6,10,974.0,0,4.0
2257,8894,12001.0,13681.0,10381.0,2216.5,13356.0,7657.45,1778.0,17.0,30,30,2,44,7,360000,1,1,1.0,1,124064.65,64091.0,492.0,-4664.0,17654.0,28871.5,10.0,1,28955.0,147153.43,90276.0,19,8,18956.0,22667.6,97612.0,5,32,19177.0,Y,3578.17,current,M,222,MEDIUM,20.200000000000003,10,771.0,0,4.0
2258,13415,320651.0,6100.46,29095.6,2238.0,7459.1,4225.375,7153.0,20.0,84,4,5,62,1,169000,1,1,1.0,1,1235.85,172131.0,26241.0,0.0,111817.83,152178.0,147.0,2,38121.0,18495.78,110040.0,43,20,13599.0,14879.16,67287.5,4,80,47400.0,Y,5620.51,current,M,37,MEDIUM,8.5,10,626.0,1,7.0
2259,6047,110559.0,25413.45,10091.23,4257.38,8398.0,6269.31,3707.0,7.0,36,50,3,15,1,313000,1,1,1.0,1,7713.51,82907.34,15756.0,2921.0,19674.85,62287.79,69.0,5,15600.0,22093.59,112404.5,5,38,24878.0,32471.37,24522.0,3,24,800000.0,Y,4037.92,current,M,32,MEDIUM,10.8,2,700.0,1,13.0
2260,3329,2693.0,3285.23,7237.0,2958.44,19091.01,16121.57,792.0,14.0,16,87,26,2,68,191000,1,1,1.0,1,6494.4,13299.0,3975.0,1954.0,66575.25,30035.0,42.0,19,30808.0,29031.07,52453.91,3,8,95158.0,31261.89,16545.29,3,58,17440.0,Y,5725.27,current,M,47,MEDIUM,24.3,5,123.0,1,18.0
2261,14527,6760.0,11358.57,16782.92,28833.62,18419.25,6316.6,52104.09,1.0,10,85,2,1,9,290000,1,1,1.0,1,154363.25,446457.0,16114.0,-4324.0,46865.21,43952.0,3.0,0,18646.0,78634.94,257771.0,50,81,53561.0,11195.43,99948.0,40,7,61645.0,Y,12780.44,current,M,62,MEDIUM,16.8,3,755.0,1,8.0
2262,14428,99515.0,47646.93,17008.01,48329.7,1255.0,4310.0,88567.97,7.0,23,44,1,1,54,104000,1,1,1.0,1,18861.8,1475000.0,230000.0,2008.0,69491.98,42141.99,11.0,0,12250.0,31870.73,10665.0,17,50,20949.0,24976.38,38694.0,5,104,33361.0,Y,3980.61,current,M,33,HIGH,13.0,3,737.0,1,9.0
2263,15268,11833.0,56862.0,1957.0,3089.88,896.63,3478.76,2444.31,3.0,30,50,5,4,6,170000,1,1,1.0,1,8256.6,30453.0,57899.0,0.0,187070.42,303057.5,24.0,36,45309.0,36664.5,86138.0,0,2,172300.0,31766.33,14498.0,1,32,28436.0,Y,6627.84,current,M,30,MEDIUM,1.0,9,408.0,1,9.0
2264,14904,1782.0,6266.39,1484.84,14887.64,3494.0,11578.0,3630.0,50.0,36,87,10,56,42,52000,1,1,1.0,1,4140.0,500358.79,3000.0,1411.0,49215.5,23303.5,67.0,33,162535.0,659905.45,21960.0,19,20,24280.0,41761.43,142499.0,6,83,23919.0,Y,4154.17,current,M,32,HIGH,1.2000000000000002,7,385.0,1,7.0
2265,11586,14368.0,17392.49,5489.44,13148.5,6515.64,4803.0,80603.0,5.0,65,5,1,27,8,255000,1,1,1.0,1,154363.25,31033.0,300500.0,5350.0,17961.22,195712.58,69.0,2,40849.87,82936.5,30876.0,2,81,33186.0,45341.0,81178.75,14,14,21719.0,Y,12778.23,current,M,33,MEDIUM,10.4,4,683.0,1,11.0
2266,12032,9442.0,24332.64,3602.82,5365.88,2463.92,129.0,3926.0,1.0,18,35,3,28,98,67000,1,1,1.0,1,65640.0,3651922.3,130000.0,4512.0,104936.57,21699.89,52.0,2,30513.0,171514.51,43721.0,42,50,85562.0,91101.13,38577.0,117,32,633.0,Y,2235.92,current,F,37,LOW,1.7000000000000002,7,575.0,1,3.0
2267,621,8476.0,8948.18,974.0,1418.0,2157.0,25736.11,3559.0,100.0,66,69,5,25,34,366000,1,1,1.0,1,293418.75,470000.0,2019.0,5464.0,33249.43,60209.0,70.0,33,12632.0,20095.72,191777.13,1,8,44555.0,21781.51,42405.0,9,104,28175.0,Y,133.99,current,M,58,MEDIUM,34.2,9,451.0,0,5.0
2268,1746,16846.0,7921.05,326.38,173580.0,25584.0,3950.48,29164.0,5.0,10,50,3,2,47,400000,1,1,1.0,1,127004.3,376694.91,1255.0,3735.0,66468.0,46795.0,11.0,3,17774.0,21877.5,135330.37,4,12,17536.0,9815.0,75030.0,7,50,112956.0,Y,35354.94,current,M,64,MEDIUM,17.6,10,488.0,1,4.0
2269,7066,136840.0,13729.39,6348.7,3690.28,1858.44,1125.3,5446.0,19.0,71,19,22,6,1,467000,1,1,1.0,1,2666.4,88482.8,519.0,5773.0,181601.5,386245.0,3.0,36,19873.0,1132501.0,28503.5,8,86,19180.0,40128.14,63978.0,58,11,17082.0,Y,14573.7,current,M,40,LOW,4.0,5,801.0,1,13.0
2270,12542,7995.0,2782.0,5574.2,2008.235,4255.76,3851.66,1991.0,9.0,50,64,2,9,1,100000,1,1,1.0,1,811.0,128314.74,33774.0,1992.0,51974.25,40294.24,42.0,4,30164.0,33457.01,78308.0,9,82,26693.42,39140.3,27199.0,14,75,26331.0,Y,13486.59,current,M,33,MEDIUM,3.9000000000000004,7,330.0,1,15.0
2271,3170,10797.0,4056.18,2255.64,21317.01,10246.0,1281.56,1111.0,8.0,7,72,1,2,47,467000,1,1,1.0,1,12010.0,26001.0,4000.0,553.0,228573.2,32721.0,4.0,7,20934.0,98900.96,35197.0,2,78,61622.0,16842.63,108921.0,3,18,116905.0,Y,1640.31,current,M,55,MEDIUM,28.0,8,488.0,1,16.0
2272,12785,82556.0,18180.0,8486.04,814.82,2747.82,19844.195,12148.2,7.0,36,50,8,2,56,381000,1,1,1.0,1,41361.3,251131.79,678.0,-5439.0,447034.51,5284.0,147.0,5,3365.0,25869.09,132898.0,17,25,36740.0,108547.16,289073.0,47,40,105122.0,Y,799.96,current,M,38,HIGH,3.6,3,355.0,1,11.0
2273,19348,326772.0,3571.28,5286.0,13473.37,3157.52,3326.0,1715.23,4.0,18,14,1,1,11,293000,1,1,1.0,1,185669.2,76365.24,11379.0,2500.0,297776.01,21537.5,36.0,5,24620.0,19206.85,24668.5,6,34,127098.0,58766.0,106608.73,94,124,89387.0,Y,12450.07,current,M,28,MEDIUM,4.800000000000001,7,575.0,1,19.0
2274,5446,9336.0,25822.26,9624.0,27269.31,28274.0,14614.305,29897.32,17.0,8,14,5,8,6,340000,1,1,1.0,1,3950.0,51000.0,731.0,5730.0,61259.64,35993.0,62.0,36,8055.0,21352.92,256270.37,1,8,181505.0,9601.26,115089.0,10,0,83890.0,Y,2202.9,saving,M,28,MEDIUM,3.2,10,683.0,1,5.0
2275,7260,222419.0,12285.77,2849.0,37381.86,6455.95,3478.5,3121.04,531.0,71,50,4,16,54,218000,1,1,1.0,1,1038501.78,142608.5,126001.0,903.0,89635.65,47391.0,79.0,0,18320.0,36981.25,41531.5,1,50,27936.0,12988.48,154901.0,7,12,33626.0,Y,143.75,current,M,36,HIGH,4.800000000000001,7,836.0,1,12.0
2276,19263,16010.0,1686.97,2472.15,7529.0,3366.0,9555.0,24148.83,67.0,71,47,20,3,12,425000,1,1,1.0,1,331.2,71000.0,51520.0,5340.0,664028.73,3193.0,12.0,26,306161.0,13709.09,34340.0,31,38,21842.0,64269.3,16988.0,18,1,360000.0,Y,9957.08,current,M,49,MEDIUM,5.800000000000001,3,966.0,1,13.0
2277,14405,2171.0,1591.98,4621.0,26557.1,7399.2,12777.6,2822.0,44.0,37,35,22,60,18,35800,1,1,1.0,1,186189.0,13299.0,300500.0,2351.0,20679.48,114551.0,84.0,26,14375.0,101020.87,45788.0,6,8,25835.0,48295.38,530.0,8,9,38313.0,Y,5092.35,saving,M,34,LOW,11.200000000000001,5,914.0,1,9.0
2278,14809,14052.0,14100.9,7877.65,19488.88,3838.0,5532.815,4368.74,17.0,84,14,5,55,79,147000,1,1,1.0,1,12869465.0,105000.0,508.0,6885.0,30760.0,45146.0,5.0,1,18360.0,18141.62,10096.0,2,7,47866.0,151675.41,63771.0,4,18,17634.0,Y,284.79,current,M,35,LOW,3.0,3,799.0,1,2.0
2279,19927,7106.0,22618.0,5454.0,25911.71,14969.34,6762.46,9270.0,1.0,27,5,1,4,6,255000,1,1,1.0,1,116122.65,51000.0,30000.0,24326.0,30637.94,75919.33,10.0,4,16905.0,61480.05,130584.0,1,82,20513.0,278997.73,50918.0,49,58,64354.0,Y,3498.74,current,M,44,MEDIUM,2.4000000000000004,3,574.0,0,16.0
2280,1767,15975.0,16593.0,9339.02,2353.37,6732.0,2994.5,1991.0,100.0,1,3,8,31,34,58000,1,1,1.0,1,825.0,95081.0,300000.0,2000.0,67021.31,97308.91,10.0,1,47362.0,19707.42,34340.0,4,171,26920.0,25479.26,111419.22,4,8,13040.0,Y,3471.72,current,M,64,MEDIUM,30.8,5,595.0,0,8.0
2281,8634,1902.0,1662.0,18893.68,7364.93,17545.46,785.98,616.4,8.0,10,112,22,44,79,28000,1,1,1.0,1,306.4,158000.0,13873.0,6916.0,61855.47,18151.0,77.0,5,61686.0,19788.9,40985.0,3,12,44401.0,35650.32,989236.0,3,73,82910.33,Y,1585.28,current,F,42,MEDIUM,11.0,5,958.0,1,7.0
2282,19055,10959.0,26752.4,321.23,11757.0,5995.0,2122.01,3501.5,5.0,2,4,2,4,16,293000,1,1,1.0,1,2014.8,160498.0,25524.0,6916.0,53207.0,60012.0,4.0,0,44528.0,6303.75,17306.0,47,59,129565.0,89195.07,96730.0,2,38,13025.0,Y,3754.42,current,M,27,MEDIUM,4.9,1,537.0,1,13.0
2283,4660,301008.0,5456.19,588.01,17510.0,1939.0,7645.68,23197.0,24.0,85,47,62,11,4,301000,1,1,1.0,1,47936.43,95081.0,49975.0,6916.0,3523.36,124859.12,42.0,3,45900.0,23465.86,160777.0,4,12,25845.0,77076.0,44815.5,94,18,12512.0,Y,6046.56,current,F,27,MEDIUM,2.1,3,424.0,0,4.0
2284,16588,100589.0,11364.55,1916.9,1708.92,2978.0,2714.0,442.27,6.0,17,64,82,1,4,206000,1,1,1.0,1,3101.3,35421.67,500718.0,-5439.0,74411.76,27864.0,4.0,7,1300.0,30138.93,18623.0,6,42,21933.0,53818.2,196162.0,3,28,68116.0,Y,8141.93,current,M,33,MEDIUM,11.700000000000001,10,485.0,1,3.0
2285,15559,300181.0,6278.1,11026.6,213004.85,5995.0,11416.0,3126.0,60.0,4,60,30,62,5,147000,1,1,1.0,1,1892440.0,15375.23,11545.0,19765.0,59759.0,2146.92,46.0,4,147172.0,73665.27,15432.0,1,6,53710.0,61498.58,57087.93,49,32,33092.0,Y,170.54,saving,M,35,MEDIUM,9.0,7,485.0,1,8.0
2286,18817,10093.0,5352.31,4640.8,2415.02,248.9,6787.63,533.0,26.0,84,27,4,5,1,587000,1,1,1.0,1,89908.8,40000.0,500.0,1992.0,137449.5,121151.94,35.0,0,24123.0,171514.51,30653.42,0,46,20040.0,132144.0,110414.0,10,35,25337.0,Y,3879.42,current,M,55,LOW,7.0,4,958.0,1,16.0
2287,6263,17155.0,9867.21,3532.0,17782.0,4264.0,16140.0,1771.0,1.0,3,74,1,2,6,350000,1,1,1.0,1,65640.0,106398.0,15756.0,-5439.0,33.89,250034.0,91.0,0,31325.0,53695.62,64194.0,6,6,24571.0,118725.0,379506.0,8,58,17239.0,Y,401.47,current,F,32,LOW,8.4,5,466.0,0,16.0
2288,17897,391870.0,22575.0,17761.0,37800.85,10355.56,1832.46,668.31,60.0,3,2,6,60,31,351000,1,1,1.0,1,39851.93,76365.24,4895.0,1500.0,11700.01,177032.0,5.0,5,18757.0,35975.54,122308.61,2,81,25491.0,28270.05,22485.29,4,32,16890.0,Y,1650.39,current,M,53,MEDIUM,3.3000000000000003,1,631.0,0,7.0
2289,910,35396.0,6319.76,4093.0,8910.39,2156.06,8099.31,7807.0,2.0,26,35,47,3,1,170000,1,1,1.0,1,1664.4,70000.0,5905.0,0.0,28342.18,41468.0,42.0,36,39751.0,48610.5,52929.5,4,13,30700.0,87480.5,43090.0,3,106,67230.0,Y,935.32,saving,M,66,LOW,23.0,7,269.0,1,15.0
2290,1173,289991.0,63924.54,3964.75,2949.17,5256.59,9656.135,764.09,6.0,84,4,2,1,8,49999,1,1,1.0,1,41883.6,32000.0,24125.0,-5998.43994,51385.51,47486.0,90.0,3,45063.0,24361.47,21577.0,3,12,39374.0,106626.13,147641.86,43,100,29540.0,Y,1257.73,current,M,53,MEDIUM,6.6000000000000005,5,268.0,0,14.0
2291,18069,291574.0,22666.44,6174.0,14538.17,2609.72,1150.0,4270.0,4.0,77,85,50,1,16,141000,1,1,1.0,1,5809950.0,93.35,13873.0,10455.0,55167.96,240517.0,38.0,4,37005.0,120513.85,22818.0,31,1,8470.0,35390.5,50441.0,6,72,24667.0,Y,2025.23,current,M,66,MEDIUM,23.0,10,372.0,1,16.0
2292,2334,341901.0,13833.0,703.0,2779.3,16785.0,2156.0,609.2,5.0,18,14,5,1,8,373000,1,1,1.0,1,17377.25,13299.0,16068.0,-5439.0,11378.5,5272.0,46.0,5,27208.0,16372.74,19653.0,2,108,107990.0,33760.82,52252.38,39,50,3612.0,Y,14546.85,saving,M,60,MEDIUM,40.0,5,354.0,1,9.0
2293,2025,2823.0,6454.9,7658.0,9616.25,3447.42,6655.25,3496.2,10.0,30,16,2,55,3,184000,1,1,1.0,1,111.0,330001.0,126001.0,9827.0,43131.26,10870.0,87.0,6,28313.0,4643.82,54227.0,0,171,137765.0,115305.71,70625.0,1,58,29070.0,Y,5785.29,current,F,25,MEDIUM,4.5,4,805.0,0,19.0
2294,2012,1107.0,6373.82,6852.65,12468.9,360.0,50209.0,14810.14,63.0,1,6,35,12,1,371000,1,1,1.0,1,825.0,5350.0,1018.0,1500.0,100904.0,14611.0,94.0,5,47055.0,107366.57,68247.05,0,20,111792.0,9193.5,102878.89,11,120,59732.32,Y,3282.75,current,M,47,LOW,16.2,1,537.0,1,5.0
2295,11518,1691.0,15683.89,8466.92,60399.0,12447.72,1950.0,609.43,4.0,29,52,3,55,12,555000,1,1,1.0,1,1359.3,50034.93,25000.0,-5439.0,19573.32,140175.0,63.0,2,18496.0,12094.0,194275.0,7,13,21631.0,164724.46,55310.5,5,12,74595.0,Y,9771.18,current,M,33,MEDIUM,1.3,9,958.0,0,4.0
2296,7173,1338.0,11881.5,2582.4,12657.78,1159.96,5851.2,5046.0,8.0,3,59,47,36,30,199999,1,1,1.0,1,170590.75,76365.24,48500.0,12415.0,22774.64,79426.0,6.0,15,11980.0,50794.06,45831.0,0,44,31251.5,423.5,77760.0,10,0,37211.0,Y,1125.08,saving,M,34,LOW,14.0,9,966.0,0,3.0
2297,16090,7925.0,26009.8,4685.0,6285.0,3267.04,4586.39,23629.3,531.0,36,44,42,56,70,338000,1,1,1.0,1,124064.65,1163405.86,49000.0,5439.0,61070.09,122069.0,46.0,13,144639.0,8364.64,233575.0,70,13,86644.0,144686.93,45479.4,53,61,25571.0,Y,2157.69,current,M,47,HIGH,21.6,6,801.0,1,7.0
2298,18208,346301.0,8754.8,9529.04,3531.31,5870.0,2391.0,37001.45,7.0,1,13,1,1,9,480000,1,1,1.0,1,13929.95,15036.0,5797.0,3323.0,5634.14,38156.0,52.0,36,20400.0,22184.5,105766.83,7,1,27771.0,206131.31,321824.0,58,12,64766.0,Y,37763.15,current,M,60,MEDIUM,36.0,9,628.0,1,19.0
2299,15753,9577.0,5678.87,14110.25,15536.25,10204.52,7977.25,11816.69,26.0,601,74,2,2,17,555000,1,1,1.0,1,937.0,80489.0,33330.0,10455.0,27191.25,54378.0,6.0,2,25952.0,41610.01,24163.0,5,11,385963.0,522722.62,297042.16,6,14,140329.0,Y,661.11,current,M,34,HIGH,14.0,7,887.0,1,12.0
2300,3073,11978.0,38969.34,13120.0,13064.48,8980.91,12407.26,4937.0,4.0,6,72,2,6,56,341000,1,1,1.0,1,13659.0,51000.0,5540.0,6916.0,28800.99,9334.0,43.0,4,83776.0,21905.0,40407.0,1,30,22549.0,6459.92,28262.79,9,24,21854.0,Y,15147.59,current,M,30,MEDIUM,7.0,8,743.0,0,2.0
2301,1179,403881.0,12038.37,1107.0,5471.61,3543.61,686.0,1102.92,7.0,46,2,1,55,17,287000,1,1,1.0,1,33784.35,58473.56,8333.0,977.0,55925.25,31181.6,18.0,2,56567.0,11292.09,41066.5,1,8,40692.0,62581.44,29336.32,38,14,44154.0,Y,5048.42,current,M,30,LOW,8.0,10,737.0,1,17.0
2302,18499,15962.0,40839.09,3892.0,4260.78,934.22,5290.0,12824.0,57.0,4,23,18,6,1,47000,1,1,1.0,1,47936.43,118856.1,925.0,1444.0,17413.0,159724.0,68.0,4,36342.0,72248.49,56328.5,43,171,75.59,98062.16,30320.0,10,106,139352.0,Y,4021.42,current,M,33,MEDIUM,9.1,1,968.0,1,9.0
2303,17315,9624.0,24410.73,870.0,3270.74,1297.84,5508.495,27928.67,4.0,3,67,20,15,98,471000,1,1,1.0,1,345.6,50034.93,4699.0,5773.0,35147.25,79489.91,6.0,13,30187.0,46225.0,38220.0,6,67,87926.0,4100.0,12773.0,117,83,62364.24,Y,3379.67,current,M,66,MEDIUM,13.8,10,488.0,1,10.0
2304,10876,9311.0,1153.7,11903.55,8102.5,818.0,2628.125,17045.0,2.0,77,14,47,21,1,524000,1,1,1.0,1,4323.0,1155000.0,28913.0,3983.0,5584.77,21269.0,67.0,2,30586.0,31854.01,100159.0,31,8,27509.0,25143.78,20519.0,21,15,63448.0,Y,4705.3,current,M,31,LOW,8.8,1,805.0,1,17.0
2305,4789,14196.0,24342.65,549.88,25889.03,1392.0,12053.9,10107.0,63.0,5,11,21,12,91,199999,1,1,1.0,1,1360.0,1425000.0,230000.0,7478.0,99893.82,369031.0,18.0,4,38489.0,12476.0,87828.0,3,38,70500.0,9820.0,25673.49,6,106,116618.0,Y,4292.75,saving,M,55,MEDIUM,10.5,6,882.0,1,16.0
2306,1359,18372.0,9488.0,10719.76,26285.66,600.0,7434.75,4293.65,31.0,39,2,22,25,4,199999,1,1,1.0,1,72383.25,16500.0,68000.0,-6301.0,45006.98,25164.0,46.0,3,16010.0,10037.17,84333.84,9,87,66372.0,20991.0,24285.0,3,83,22419.0,Y,320.41,current,F,33,MEDIUM,3.9000000000000004,6,743.0,0,4.0
2307,9725,7262.0,2630.93,11663.0,4222.03,3952.94,1938.0,10377.0,4.0,56,16,7,62,98,286000,1,1,1.0,1,300794.1,93.35,155205.0,-4664.0,593299.76,53003.0,2.0,17,46446.0,36664.5,28146.0,3,75,22554.0,56349.56,42901.0,12,75,16890.0,Y,4932.09,current,M,44,MEDIUM,2.4000000000000004,9,451.0,1,11.0
2308,9887,139339.0,2458.05,73260.0,8892.02,7151.0,6653.1,1159.0,8.0,27,20,1,51,98,267000,1,1,1.0,1,68640.0,82907.34,36114.0,1332.0,153861.52,295.0,11.0,1,38000.0,20216.11,40151.44,0,23,55774.0,28688.52,17215.13,4,65,47842.0,Y,748.74,current,M,28,MEDIUM,8.0,2,296.0,1,13.0
2309,15236,8589.0,60992.13,10190.9,7977.53,2186.14,12260.41,772.0,44.0,85,112,44,7,17,17000,1,1,1.0,1,526.25,5350.0,48950.0,6885.0,75377.67,156793.0,69.0,1,9973.34,29362.63,77530.31,0,59,22398.0,14810.0,152696.0,2,73,22347.0,Y,9568.75,current,M,35,MEDIUM,7.5,5,626.0,1,15.0
2310,10816,8430.0,30373.03,1836.0,13029.75,27860.0,52409.0,3903.0,10.0,43,59,2,1,6,369000,1,1,1.0,1,130319.0,32714.0,96497.0,1954.0,12380.77,126797.5,4.0,26,35328.0,10295.42,142415.0,4,25,208000.0,233871.91,30471.0,2,63,26970.27,Y,13144.96,current,M,35,LOW,1.5,2,454.0,1,7.0
2311,8218,16469.0,16897.0,28897.74,21834.0,2033.0,7467.0,3469.0,9.0,2,87,17,18,9,232000,1,1,1.0,1,158135.2,16000.0,11545.0,10210.0,55790.77,16901.0,35.0,5,17789.0,4492.0,53815.0,6,16,38453.0,51882.54,49345.0,12,18,24485.98,Y,2215.92,current,M,44,MEDIUM,24.0,1,270.0,1,12.0
2312,9099,4793.0,32120.62,10291.4,481.0,6572.0,11971.34,8617.0,6.0,47,16,4,6,16,287000,1,1,1.0,1,29424.37,143000.0,25524.0,-5998.43994,32912.8,44489.04,12.0,6,54587.0,84221.0,34353.0,8,26,79301.0,106966.68,87764.0,62,106,14394.0,Y,2894.09,current,F,53,MEDIUM,16.5,7,860.0,1,13.0
2313,404,132945.0,20779.33,589.96,6963.0,7302.47,2979.205,2164.0,24.0,26,67,4,2,25,173000,1,1,1.0,1,249060.0,202560.0,2841.0,-4679.0,125321.74,101173.0,52.0,3,62600.0,14471.84,34292.0,70,82,19946.0,56624.0,25737.29,2,79,17070.0,Y,4288.47,saving,M,47,MEDIUM,16.2,4,737.0,0,18.0
2314,6371,165156.0,35193.46,808.3,10783.82,1072.84,2076.85,1843.0,16.0,56,16,5,2,1,40000,1,1,1.0,1,207979.75,159415.3,787.0,2351.0,37342.0,8264.0,41.0,1,24179.0,23740.0,105374.0,2,11,83595.0,9580.87,67238.0,117,58,17634.0,Y,4256.75,current,M,33,LOW,6.5,10,248.0,0,8.0
2315,345,95618.0,4829.0,3377.91,2599.92,3582.5,6967.5,11199.28,12.0,2,46,2,4,67,595000,1,1,1.0,1,3502.8,278904.9,925.0,4856.0,37722.0,92989.38,91.0,3,52512.0,15423.62,38661.0,3,44,19641.0,59757.09,50337.0,21,18,27628.0,Y,1059.14,current,M,37,MEDIUM,6.800000000000001,4,488.0,0,19.0
2316,16467,6285.0,8622.68,975.0,16248.52,7086.89,22245.0,634.0,6.0,10,5,82,1,11,533000,1,1,1.0,1,10006.2,120000.0,56305.0,0.0,9535.25,40950.01,18.0,0,23648.0,200324.62,107455.79,17,2,29246.0,62233.5,18303.0,43,14,107174.0,Y,807.01,current,M,53,MEDIUM,26.400000000000002,5,516.0,0,18.0
2317,15998,9638.0,4439.25,1080.0,1546.0,4244.68,4611.0,213.52,52.0,26,3,1,26,11,47000,1,1,1.0,1,447490.0,152664.0,3850.0,5773.0,137726.97,29297.0,55.0,2,13593.0,20178.76,161345.0,1,14,10469.0,34868.5,19026.25,2,25,31471.0,Y,3642.97,saving,M,55,MEDIUM,7.0,3,394.0,1,8.0
2318,6488,16253.0,1301.39,3332.48,48937.9,3333.0,11059.5,2519.0,14.0,65,10,8,31,53,512000,1,1,1.0,1,89104.12,229809.2,787.0,977.0,49119.75,218.88,11.0,36,21090.0,19343.0,107133.0,20,25,15885.0,102648.25,161082.03,117,58,16594.0,Y,35812.33,current,M,66,MEDIUM,18.400000000000002,7,243.0,0,14.0
2319,15085,242894.0,72187.12,10176.0,1343.0,3384.01,786.0,311.0,46.0,7,74,19,6,18,27000,1,1,1.0,1,6440.0,76365.24,51520.0,-5998.43994,54210.25,1750.0,3.0,2,17336.0,18974.3,44031.0,3,108,29053.0,68729.1,30582.0,8,35,291043.0,Y,490.78,current,M,27,LOW,2.1,10,911.0,1,17.0
2320,1285,17072.0,1232.26,6866.0,2118.0,10124.1,12400.25,582.0,2.0,47,10,24,3,98,53000,1,1,1.0,1,298492.0,290000.0,2500.0,0.0,1053.25,40311.0,12.0,43,40157.0,70679.71,46213.0,2,6,22905.0,28319.52,48492.0,3,96,35633.0,Y,64612.41,saving,M,58,MEDIUM,15.200000000000001,9,796.0,1,5.0
2321,8289,125247.0,75342.58,2515.0,13798.33,162.0,15359.15,9654.0,6.0,1,67,8,17,2,92000,1,1,1.0,1,168265.55,190887.4,56305.0,6409.0,57593.77,24385.0,46.0,36,40139.0,16412.41,233042.5,6,8,38588.0,65426.37,40648.0,11,96,41458.0,Y,3654.34,current,M,42,MEDIUM,15.4,2,249.0,1,18.0
2322,9331,4528.0,3998.37,4245.0,11957.05,1792.0,5003.435,3033.36,7.0,11,23,1,46,81,520000,1,1,1.0,1,13762.5,3.59,49975.0,2921.0,36917.76,56018.0,91.0,4,31481.0,38065.88,50116.0,3,8,25573.35,79689.52,99323.26,14,3,63000.0,Y,14729.32,current,M,60,MEDIUM,16.0,5,750.0,1,5.0
2323,11706,11274.0,1785.0,23128.0,3912.0,1897.0,5392.0,637.0,4.0,1,50,5,2,47,28000,1,1,1.0,1,25976.2,15300.0,1266.0,-402.0,125204.9,285079.48,10.0,2,5359.53,25869.09,42054.0,43,50,25538.0,136484.77,29210.0,4,3,26665.0,Y,59.49,current,F,47,MEDIUM,5.4,8,324.0,1,5.0
2324,9167,306207.0,6250.0,1289.0,4780.0,12330.01,23093.0,14249.71,53.0,65,18,21,1,47,127500,1,1,1.0,1,48422.7,25404.0,100000.0,1500.0,25258.78,156526.74,4.0,1,44789.0,33034.52,26823.0,2,20,19320.0,29566.83,77192.0,7,28,163580.0,Y,66839.75,saving,M,35,MEDIUM,7.5,4,244.0,0,20.0
2325,15316,17894.0,7770.62,10802.0,3392.26,24804.75,4450.325,2904.0,15.0,10,35,4,14,68,579000,1,1,1.0,1,568.8,10465.48,16215.0,24326.0,34268.16,15805.32,16.0,26,61614.0,136610.0,23117.0,70,108,496256.0,14434.63,29359.0,9,21,28590.0,Y,4598.38,current,F,60,MEDIUM,8.0,2,538.0,0,10.0
2326,19289,9381.0,3179.07,18672.34,11164.0,1334.03,4225.375,12570.0,6.0,9,1,3,1,98,302000,1,1,1.0,1,165907.57,63000.0,768.0,2206.0,12152.45,49370.0,42.0,13,38407.0,20503.59,23881.0,5,8,63308.0,44943.69,105742.0,47,8,18560.0,Y,1612.5,current,M,35,LOW,13.5,4,958.0,0,7.0
2327,14618,5959.0,11284.15,1145.0,2295.43,4235.0,14292.15,3877.52,7.0,34,69,2,1,98,552000,1,1,1.0,1,1399.9,93.35,492.0,10455.0,37588.48,59678.0,24.0,2,139086.0,70834.87,17645.0,1,20,17508.0,96423.79,38503.0,4,83,166970.0,Y,946.22,current,F,53,MEDIUM,33.0,3,269.0,0,19.0
2328,16095,345669.0,5520.06,1036.0,5383.13,978.0,3068.89,31440.88,7.0,8,30,20,60,2,483000,1,1,1.0,1,4720.0,165970.9,49975.0,6613.0,32167.5,22793.0,4.0,36,46268.0,100987.85,187203.65,9,75,55250.0,54861.68,33695.29,19,8,59732.32,Y,1888.1,current,M,36,MEDIUM,16.0,5,274.0,0,20.0
2329,14657,3546.0,32347.35,6432.0,6482.34,4032.0,18957.43,932.0,7.0,1,38,53,2,2,130000,1,1,1.0,1,960000.0,14000.0,49975.0,-6301.0,50573.0,49640.34,35.0,14,26334.0,44678.48,127039.0,43,67,25478.0,127372.75,54172.79,11,12,33846.0,Y,4762.1,current,M,53,MEDIUM,16.5,9,267.0,1,12.0
2330,12784,12948.0,15369.27,5207.0,17464.98,23116.0,27926.4,3472.0,4.0,10,84,18,27,4,199000,1,1,1.0,1,21220.0,12257.0,583.0,173.0,39259.88,100177.0,1.0,7,53600.0,66706.0,25477.23,2,6,158592.0,30170.75,69291.5,3,73,35228.0,Y,34723.41,current,M,120,MEDIUM,30.0,9,700.0,0,18.0
2331,4698,1491.0,38983.84,14766.0,3755.55,4591.62,22766.0,15169.0,92.0,9,4,48,25,13,256000,1,1,1.0,1,46730.2,16000.0,130000.0,2921.0,29372.59,16297.0,11.0,4,5596.35,21736.52,185696.5,3,171,83255.0,40579.32,29286.5,12,104,215202.0,Y,20893.21,current,M,30,MEDIUM,7.0,2,908.0,0,15.0
2332,12229,8031.0,37079.08,100.0,8117.6,4644.0,4129.0,3891.73,6.0,46,50,7,44,44,27000,1,1,1.0,1,300794.1,3084.5,11580.0,20324.0,66426.29,550061.0,94.0,1,109327.0,10644.25,63577.0,4,171,187000.0,34055.24,629.0,47,80,18429.0,Y,69512.02,current,M,221,HIGH,40.2,1,631.0,1,2.0
2333,16539,8080.0,4202.47,1092.21,997.25,10246.0,5799.095,664.45,44.0,26,44,3,1,1,49999,1,1,1.0,1,322.02,74599.9,4000.0,4856.0,77427.13,632.0,79.0,4,23413.0,47813.83,4216.0,1,82,163384.0,232672.25,142986.36,7,49,34037.0,Y,538889.51,current,M,25,MEDIUM,5.0,10,814.0,1,16.0
2334,19919,32770.0,4486.75,812.0,38768.15,16242.0,5206.52,5408.0,8.0,29,2,4,14,10,400000,1,1,1.0,1,2533020.0,7051.99,925.0,5730.0,24007.64,82551.0,46.0,15,47364.0,44082.53,28752.0,3,7,23071.0,13236.06,16345.02,14,58,71283.0,Y,4037.99,current,M,33,MEDIUM,13.0,3,700.0,1,8.0
2335,8739,10324.0,2743.0,6946.01,6245.13,2354.61,6527.0,517.0,6.0,99,10,2,18,75,586000,1,1,1.0,1,124064.65,64491.0,25728.0,8572.0,50895.24,53696.0,147.0,35,17021.0,42626.14,75033.0,5,9,28372.0,1325.0,78835.03,4,7,12231.0,Y,31528.03,current,M,40,LOW,16.0,8,258.0,0,16.0
2336,2278,16114.0,25245.61,11356.0,14721.7,4906.0,15337.27,18295.0,6.0,99,50,57,15,4,403000,1,1,1.0,1,61186.36,376694.91,610000.0,3897.0,22064.67,44240.0,35.0,0,71086.0,46086.9,2715.0,5,13,172.14,178839.85,125626.27,3,18,13401.0,Y,1032.51,current,M,28,MEDIUM,7.2,8,464.0,1,19.0
2337,16479,4955.0,2948.0,43191.12,2425.69,782.85,4594.96,1088.96,100.0,10,82,60,15,8,232000,1,1,1.0,1,204585.76,138732.3,15756.0,5730.0,15102.91,203933.0,18.0,0,14572.0,20430.0,6278.0,3,7,72000.0,128237.22,38949.0,7,24,82910.33,Y,672.41,current,M,33,MEDIUM,3.9000000000000004,8,466.0,1,12.0
2338,6640,10537.0,4897.0,153.14,10624.64,2573.0,41688.0,5258.0,8.0,3,50,47,1,47,155000,1,1,1.0,1,168265.55,86000.0,1255.0,1954.0,4282.7,63345.0,3.0,1,24567.0,89632.25,76217.0,3,14,86800.0,14926.0,86830.0,22,12,33921.0,Y,13037.1,current,M,28,MEDIUM,2.4000000000000004,6,268.0,0,20.0
2339,7001,19533.0,9018.07,11356.0,3794.39,5627.33,16939.73,9294.0,26.0,18,71,57,1,47,114000,1,1,1.0,1,55700.0,237365.38,1526.0,-4664.0,96147.18,35079.0,5.0,31,17416.0,102971.12,224587.13,2,82,26605.0,37088.49,36818.1,5,103,24522.0,Y,8215.8,current,M,37,HIGH,13.600000000000001,8,643.0,0,9.0
2340,13146,14580.0,13251.0,452.4,2134.46,2640.0,11133.0,27985.1,19.0,77,50,2,2,16,197000,1,1,1.0,1,970271.35,20500.0,105000.0,-402.0,49802.4,36204.0,24.0,36,28870.0,10099.63,49789.0,43,14,17250.0,35959.15,60545.64,3,106,72951.0,Y,8040.3,current,M,60,MEDIUM,40.0,8,385.0,1,18.0
2341,13800,13998.0,1135.0,3138.6,13552.5,3267.04,9635.255,1713.0,44.0,85,11,7,3,4,581000,1,1,1.0,1,94643.15,90829.65,925.0,1500.0,2063.76,22536.0,55.0,7,27113.0,4013.55,189586.0,11,171,33901.0,142665.66,30456.5,117,50,195757.0,Y,235019.8,current,F,36,HIGH,4.800000000000001,7,354.0,1,20.0
2342,369,1729.0,13382.18,2994.98,4586.9,8105.0,34623.25,3264.0,6.0,5,47,24,11,75,173000,1,1,1.0,1,3950.0,400000.0,4000.0,4795.0,76802.9,382673.0,69.0,1,25541.0,39567.58,20757.0,3,11,57126.0,9345.1,28728.0,6,73,15626.0,Y,136.86,current,F,33,LOW,3.9000000000000004,2,588.0,1,17.0
2343,2469,132196.0,15241.0,1678.97,17835.58,1939.0,7267.0,6504.0,4.0,10,49,5,4,47,479000,1,1,1.0,1,510.6,119831.0,2156.0,20513.0,51229.0,38174.0,55.0,36,83569.0,50188.19,178681.0,5,1,19720.0,23655.1,64841.0,2,2,42067.0,Y,2724.55,current,M,47,MEDIUM,5.4,3,269.0,1,6.0
2344,1648,18489.0,32347.35,3390.0,13047.66,6582.14,268.0,4258.76,10.0,2,72,24,1,1,466000,1,1,1.0,1,15079.5,356899.37,248000.0,5730.0,71048.89,45035.0,67.0,31,9515.0,108839.94,71003.0,43,35,19853.0,101145.46,75148.0,15,37,22772.0,Y,5071.32,current,M,49,MEDIUM,8.700000000000001,8,653.0,1,12.0
2345,13004,167155.0,3123.49,1912.35,2034.0,7328.95,7645.68,4185.0,6.0,50,29,53,18,34,19000,1,1,1.0,1,148705.0,186474.96,300500.0,8572.0,57250.38,181449.14,103.0,4,24146.0,14295.14,3449.0,4,82,64429.0,44657.0,64127.0,2,18,16002.0,Y,5865.71,current,M,55,LOW,14.0,3,346.0,1,11.0
2346,19123,20025.0,57828.63,521.73,21913.0,1897.0,2525.39,1462.0,136.0,2,5,1,4,2,391000,1,1,1.0,1,10000.0,25404.0,126001.0,0.0,51974.25,53951.02,18.0,5,20909.0,78484.05,5325.86,2,50,40909.0,40454.25,70711.78,5,83,11705.0,Y,9362.14,current,M,37,MEDIUM,1.7000000000000002,4,801.0,1,18.0
2347,8246,16908.0,4599.71,5129.93,13905.42,639.0,25960.0,156.0,19.0,25,6,3,4,79,20000,1,1,1.0,1,3638.25,119831.0,12000.0,2921.0,153439.0,288212.0,29.0,11,78060.0,81281.22,49019.0,9,6,20668.0,18109.53,151067.0,49,65,18571.0,Y,5836.27,saving,M,58,MEDIUM,34.2,7,536.0,0,17.0
2348,8964,341455.0,20659.31,8272.19,25913.38,227.0,7299.0,920.0,4.0,99,6,1,1,67,17000,1,1,1.0,1,1399.9,465000.0,1374.0,0.0,48318.23,36933.0,48.0,13,23937.0,85366.39,280885.0,71,70,104687.0,43008.0,48049.0,43,11,48698.0,Y,1673.15,current,M,40,HIGH,4.0,7,244.0,0,17.0
2349,2290,4042.0,17596.36,4123.0,10230.77,22363.47,5030.89,1101.14,1.0,30,7,1,38,41,84000,1,1,1.0,1,2720.0,66.0,25524.0,16455.0,17481.24,40117.0,35.0,1,57544.0,38683.3,32429.0,1,28,55308.0,76792.0,37642.0,14,20,10650.0,Y,43068.88,current,F,32,LOW,2.4000000000000004,8,324.0,1,8.0
2350,18663,18126.0,29357.04,3060.35,4630.775,6658.0,7137.87,5237.0,19.0,8,44,3,46,42,284000,1,1,1.0,1,4720.0,118983.0,22000.0,1500.0,5231.33,169267.0,3.0,7,25319.0,23205.0,39512.0,1,27,24061.0,71672.0,46643.0,6,80,43906.0,Y,1749.35,current,M,46,LOW,7.800000000000001,1,233.0,1,9.0
2351,13461,4545.0,24219.0,5578.0,12140.88,1903.6,4019.375,1296.0,10.0,10,64,25,1,2,429000,1,1,1.0,1,134985.0,400000.0,67696.0,-5439.0,46216.0,61114.04,12.0,1,147194.0,10742.48,20970.96,17,2,23800.0,27351.46,50636.0,6,18,65104.0,Y,7493.52,saving,M,49,LOW,8.700000000000001,10,805.0,1,17.0
2352,11901,130519.0,46531.22,10291.4,40013.26,7868.0,26276.0,1113.0,46.0,66,64,15,4,47,104000,1,1,1.0,1,3502.8,120000.0,10973.0,6885.0,35724.5,35509.0,91.0,3,22474.0,301252.39,7350.0,0,17,45600.0,17815.47,22688.06,11,3,31150.0,Y,554.35,current,M,39,HIGH,15.200000000000001,8,535.0,1,11.0
2353,7859,43793.0,11829.92,8229.02,9351.71,43.0,4101.71,8057.0,1.0,30,50,2,6,3,400000,1,1,1.0,1,1910215.0,39833.19,72000.0,6885.0,76619.98,350.41,67.0,6,13025.0,9148.3,3295.0,3,14,33645.0,28124.33,106391.0,3,50,31442.0,Y,2471.66,current,M,39,MEDIUM,7.6000000000000005,2,249.0,1,18.0
2354,10176,11466.0,4932.21,6308.0,11346.5,1214.52,1641.0,17501.0,8.0,26,87,3,7,10,480000,1,1,1.0,1,293418.75,110135.86,5905.0,9415.0,30247.88,59689.0,16.0,36,231337.0,24218.06,4653.0,45,8,45000.47,94842.56,4326.41,49,107,124498.0,Y,8845.49,current,M,58,LOW,15.200000000000001,7,626.0,1,10.0
2355,14223,10015.0,3725.53,4736.96,8802.35,1926.86,7645.68,5237.0,92.0,1,2,47,2,42,152000,1,1,1.0,1,2184.0,376694.91,2156.0,0.0,56182.88,31336.0,103.0,31,157067.0,97004.88,24257.0,4,46,65062.0,62274.0,50067.0,2,10,28432.0,Y,350.32,current,M,34,HIGH,5.6000000000000005,6,801.0,1,3.0
2356,14145,3269.0,4398.35,40718.42,9531.0,1530.2,13173.0,824.04,43.0,50,50,50,21,98,350000,1,1,1.0,1,111.0,200926.0,3975.0,14509.0,50241.0,23746.85,15.0,3,38706.0,18776.84,59585.2,3,12,71248.18,4783.5,108839.63,7,6,14666.0,Y,3059.32,current,M,40,MEDIUM,8.0,1,748.0,0,17.0
2357,533,3196.0,5374.37,1010.0,4748.0,1095.4,2336.0,537.0,10.0,16,135,1,2,1,34000,1,1,1.0,1,743915.3,88482.8,925.0,167.0,48155.95,22190.0,42.0,7,35112.0,56099.99,42050.0,3,7,78137.0,18190.42,64827.0,9,38,11778.0,Y,155032.98,current,F,66,MEDIUM,36.800000000000004,8,911.0,1,16.0
2358,1274,8331.0,27109.0,1915.0,1931.81,4326.0,1766.095,3175.93,19.0,18,6,1,2,22,453000,1,1,1.0,1,9118.35,1024477.47,3792.0,6916.0,21087.25,28181.0,103.0,17,32396.0,126954.5,55511.0,47,20,33006.0,93572.42,25160.0,3,21,57343.0,Y,15375.82,current,F,42,MEDIUM,11.0,7,488.0,0,11.0
2359,4649,2265.0,2428.76,7664.15,8020.0,17477.0,11499.0,7992.47,531.0,5,30,4,46,42,150000,1,1,1.0,1,12057.2,470000.0,5591.0,-6301.0,5798.1,21231.0,10.0,19,38768.0,14361.0,172236.0,5,105,27231.0,82345.05,210379.0,3,12,20695.0,Y,656.2,saving,M,44,MEDIUM,16.8,2,355.0,1,5.0
2360,4188,2674.0,14620.0,1629.96,19959.45,3904.0,8028.0,3891.73,4.0,27,3,1,31,6,232000,1,1,1.0,1,4614669.901,20000.0,798.0,12174.0,56807.86,19182.0,103.0,3,53007.0,51276.61,24424.0,2,24,77595.0,33075.29,196078.8,11,103,41752.0,Y,878.64,current,M,33,MEDIUM,1.3,8,693.0,0,2.0
2361,19044,13551.0,5144.76,16513.08,1294.54,136.0,2193.0,4519.0,5.0,8,19,4,2,44,97000,1,1,1.0,1,111.4,108788.0,927.0,1931.0,41470.77,95621.0,42.0,2,33324.0,63389.49,39325.0,30,82,41166.19,12205.36,122426.35,13,43,38274.0,Y,489.26,current,M,55,MEDIUM,14.0,7,748.0,1,6.0
2362,8025,7205.0,26081.0,3323.0,52416.68,1439.42,13162.0,6653.0,19.0,18,4,1,4,80,400000,1,1,1.0,1,937.0,39833.19,6100.0,10770.0,67854.72,41648.0,43.0,1,22103.0,45026.81,18350.0,2,6,24269.0,66623.38,38265.33,18,7,41333.0,Y,2884.16,current,M,53,MEDIUM,9.9,2,314.0,1,16.0
2363,19710,168279.0,16494.01,10529.89,3483.25,2361.0,2905.0,624.0,8.0,71,17,18,31,13,47000,1,1,1.0,1,3101.3,1752254.0,230000.0,553.0,28677.0,44656.48,42.0,3,39742.0,44330.98,71223.72,6,26,70086.0,119075.73,23579.25,8,79,17995.0,Y,2193.41,current,M,223,MEDIUM,60.900000000000006,6,330.0,0,8.0
2364,17494,15950.0,11896.66,2549.9,57528.06,2386.36,4541.0,10210.0,19.0,8,2,47,2,26,304000,1,1,1.0,1,13849.4,15300.0,13533.0,2921.0,72564.81,66724.0,18.0,35,16905.0,16969.03,36887.0,4,12,52985.0,78561.59,60617.0,6,11,39520.0,Y,9645.18,current,F,37,MEDIUM,1.7000000000000002,3,445.0,1,14.0
2365,15903,18665.0,30619.63,703.0,25065.78,880.18,23795.34,2472.0,28.0,5,7,60,5,56,293000,1,1,1.0,1,47936.43,161648.0,1001.0,1444.0,45594.36,5020.0,35.0,1,98600.0,21731.0,30416.84,2,20,17049.0,17402.01,52251.5,47,12,27893.0,Y,9058.04,current,M,33,MEDIUM,3.9000000000000004,8,424.0,1,17.0
2366,13620,15465.0,6087.28,2489.86,12663.75,1586.16,759.0,1816.16,8.0,128,5,4,31,8,34000,1,1,1.0,1,27324.0,143000.0,925.0,5464.0,60761.95,185707.83,17.0,0,89213.0,32597.2,136371.0,1,23,26765.0,125588.54,43759.84,36,10,0.06,Y,2162.74,current,F,53,MEDIUM,23.1,8,123.0,1,19.0
2367,16944,8675.0,6399.0,1360.0,3233.73,5816.0,48101.35,389.0,56.0,65,1,82,2,1,35000,1,1,1.0,1,41883.6,464261.6,56305.0,2351.0,6002.76,28518.0,62.0,7,39250.0,27812.0,25103.0,2,9,18919.68,29026.0,235488.0,21,83,27223.0,Y,22219.32,current,F,27,LOW,6.300000000000001,1,355.0,1,11.0
2368,15168,16944.0,3407.6,1557.0,1513.0,3155.32,11406.0,14238.43,6.0,3,50,25,2,2,408000,1,1,1.0,1,1146.0,90829.65,1018.0,0.0,323353.76,21084.0,10.0,36,7865.0,17460.35,12467.0,4,12,11186.0,214961.03,62064.0,117,12,15293.0,Y,1887.75,current,F,35,LOW,7.5,1,802.0,1,3.0
2369,1353,6848.0,35211.04,460.88,4933.0,2421.18,5034.05,1820.0,5.0,47,71,24,12,11,100000,1,1,1.0,1,89908.8,170989.0,1515.0,19765.0,19878.63,140042.0,18.0,26,63611.0,11209.95,36904.0,4,12,24857.0,53905.5,125967.0,2,7,9721.0,Y,2252.52,current,M,32,LOW,1.2000000000000002,4,233.0,1,2.0
2370,12740,13279.0,60007.29,2116.0,23367.0,7151.0,7199.0,6843.0,25.0,23,50,1,2,25,373000,1,1,1.0,1,325024.6,189246.0,300500.0,-6281.37987999999,11066.96,70127.38,69.0,4,11834.0,56060.5,70221.25,2,82,55220.0,14594.16,101439.0,18,21,115000.0,Y,6678.1,current,M,223,MEDIUM,40.6,3,958.0,1,16.0
2371,6243,14555.0,4979.0,222.0,4709.78,1229.0,9287.58,18671.15,1.0,37,16,20,44,1,383000,1,1,1.0,1,20141240.0,369448.8,300500.0,-6281.37987999999,58105.31,49888.5,46.0,35,16429.0,96374.86,85395.0,11,9,14936.0,63810.67,28303.0,3,11,49442.0,Y,6230.66,saving,M,60,LOW,4.0,8,684.0,1,11.0
2372,17383,12595.0,13745.0,758.0,1503.25,2191.92,20861.72,2878.0,10.0,23,32,1,6,2,505000,1,1,1.0,1,63073.6,141473.07,2841.0,1500.0,96466.51,130735.0,10.0,35,3400.0,1093.0,26590.72,10,12,26942.0,8205.88,60672.0,9,38,51400.0,Y,3988.47,current,M,28,LOW,6.4,7,683.0,1,14.0
2373,17407,2627.0,3217.32,2351.0,761.0,5633.0,7898.5,14305.2,531.0,71,89,1,3,54,240000,1,1,1.0,1,3950.0,82907.34,12000.0,0.0,10124.0,28327.0,4.0,1,16255.0,137816.7,30200.0,2,9,12367.0,171315.82,136365.0,7,18,24606.0,Y,22588.43,current,M,33,LOW,10.4,8,523.0,1,20.0
2374,17836,17526.0,35222.0,285.0,4373.9,1900.33,4637.525,6719.85,3.0,71,20,2,1,68,338000,1,1,1.0,1,54201.87,35000.0,56305.0,20324.0,29673.71,40171.0,70.0,9,74953.0,22120.0,469193.0,1,20,47133.0,82035.55,42284.0,22,18,14072.0,Y,8528.42,current,M,33,MEDIUM,3.9000000000000004,3,274.0,1,14.0
2375,16877,18029.0,64418.14,893.0,59055.15,5626.0,4713.0,911.68,26.0,128,89,5,26,4,58000,1,1,1.0,1,42460.6091,79828.0,925.0,-4664.0,22460.47,118.91,4.0,26,15312.0,25945.43,10980.0,4,108,24027.0,489177.53,40924.0,4,58,38564.0,Y,5071.32,current,M,32,MEDIUM,9.600000000000001,7,658.0,1,7.0
2376,17928,124079.0,15357.33,5232.45,22398.88,1878.62,50369.0,4905.0,17.0,2,67,24,6,47,147000,1,1,1.0,1,116.0,273221.0,5905.0,7478.0,41320.72,486.0,10.0,35,36029.0,20859.0,230162.0,31,1,74020.42,267477.55,170021.0,117,75,17165.0,Y,78966.76,current,M,47,MEDIUM,21.6,6,923.0,1,12.0
2377,1470,17134.0,6850.0,4399.3,1141.0,60659.0,7434.255,2297.45,7.0,1,14,23,5,67,397000,1,1,1.0,1,0.61,3.0,34550.0,1465.0,27704.07,68421.0,42.0,2,15168.0,21359.49,53521.0,2,20,37260.0,47550.32,48613.68,3,103,44411.0,Y,7984.41,current,M,66,MEDIUM,46.0,3,299.0,1,11.0
2378,18709,11778.0,19951.53,1425.0,2116.76,2576.0,822.0,3376.0,6.0,65,112,3,6,64,25000,1,1,1.0,1,199690.5,19000.0,462.0,20324.0,25796.06,57049.0,8.0,30,27047.0,81165.51,157377.0,2,23,109767.0,17953.5,32151.75,6,7,110790.0,Y,4452.63,saving,M,28,LOW,5.6000000000000005,2,488.0,1,9.0
2379,8350,2030.0,31957.81,1350.67,9715.0,4584.8,10365.0,1746.0,8.0,6,49,35,2,17,466000,1,1,1.0,1,75240.45,30436.0,492.0,2921.0,9037.32,185955.0,52.0,4,61652.0,8872.11,37127.76,47,20,230199.0,67179.2,19023.29,7,42,29064.0,Y,212.07,current,M,60,MEDIUM,40.0,1,249.0,0,7.0
2380,1682,14388.0,4672.61,12081.04,2371.48,13227.79,4564.21,5228.0,44.0,18,74,21,1,81,400000,1,1,1.0,1,158135.2,114.74,130000.0,5730.0,32882.64,1486.0,42.0,4,35513.0,1660.0,14038.0,2,35,45738.0,31026.04,990.0,1,11,27200.0,Y,7805.45,saving,F,30,MEDIUM,1.0,8,723.0,1,2.0
2381,8558,18167.0,27588.0,441.06,1976.92,10317.0,13480.0,1574.0,19.0,10,117,3,9,1,429000,1,1,1.0,1,291969.2,360000.0,25000.0,1465.0,106421.26,33303.0,4.0,5,6100.0,17540.27,30185.0,10,20,5010.0,20266.5,13720.0,15,7,21128.0,Y,5483.24,current,M,33,MEDIUM,2.6,1,268.0,1,15.0
2382,5038,16305.0,5962.69,2724.8,7752.0,5816.0,6813.0,1004.0,32.0,14,35,10,24,70,383000,1,1,1.0,1,293418.75,376600.5,130000.0,167.0,41153.5,44378.0,35.0,4,13152.0,22977.0,441940.0,42,7,103685.0,10734.0,28546.5,36,35,28651.0,Y,1664.61,current,M,47,MEDIUM,8.1,5,299.0,0,6.0
2383,17406,11621.0,5158.84,10809.0,7735.0,7070.0,2429.28,6452.0,1.0,1,10,6,3,56,402000,1,1,1.0,1,1105487.1,358480.64,57899.0,2351.0,10422.0,60407.0,10.0,1,24372.0,36089.13,32887.36,6,70,60000.0,49.0,31019.0,7,21,16554.0,Y,989.03,current,M,219,MEDIUM,199.0,9,710.0,1,2.0
2384,7644,391498.0,3623.2,12202.0,3885.31,23172.0,913.78,11160.0,66.0,22,49,3,25,56,16000,1,1,1.0,1,5210.85,343342.9,5540.0,1954.0,60898.19,39646.0,16.0,36,16670.0,21305.05,26791.0,43,171,21241.05,5855.65,98401.94,5,103,11376.0,Y,3630.86,current,M,39,LOW,7.6000000000000005,2,623.0,0,6.0
2385,3855,13856.0,17775.5,2845.0,27386.0,1622.8,1907.81,2738.0,6.0,10,35,15,4,16,186000,1,1,1.0,1,67833.35,24000.0,2158.0,-5439.0,44160.33,45175.0,42.0,26,96111.0,28569.84,22966.0,31,49,36274.0,80221.52,68198.0,3,32,40396.0,Y,3014.81,current,M,47,LOW,27.0,1,574.0,1,10.0
2386,12242,17370.0,2408.0,7886.0,3274.54,1891.66,3105.0,515.0,1.0,22,49,3,2,79,192000,1,1,1.0,1,140262.4,78744.56,508.0,-4679.0,21701.6,55986.38,16.0,1,38317.0,157623.21,33620.0,5,84,98790.0,12829.0,577.0,9,58,70575.0,Y,1562.35,current,M,63,LOW,25.8,4,809.0,1,16.0
2387,12981,290173.0,18254.08,154.0,24403.88,9719.0,3682.0,4207.0,6.0,22,9,1,4,70,466000,1,1,1.0,1,137553.95,12000.0,925.0,12965.0,16022.54,40024.0,2.0,1,22331.0,32007.65,275753.0,9,13,40018.0,41068.39,61179.0,6,113,238489.0,Y,4047.45,current,M,30,MEDIUM,9.0,7,623.0,1,12.0
2388,8340,12366.0,16376.99,362.0,13629.85,5172.03,88965.97,12087.0,1.0,1,8,57,21,47,125000,1,1,1.0,1,48675.31,22400.0,4699.0,2351.0,117736.58,216699.0,36.0,2,37548.0,77622.0,36863.0,3,7,36616.0,77297.0,119092.0,117,32,35982.0,Y,5380.2,current,M,44,MEDIUM,14.4,5,503.0,1,7.0
2389,12350,1245.0,13553.34,9347.94,2360.31,3828.35,8865.0,1544.0,25.0,36,6,1,26,91,47000,1,1,1.0,1,4834.55,15036.0,37274.0,2008.0,33927.97,5404.0,4.0,1,38930.0,160161.55,103237.0,4,2,43291.0,23093.93,30470.0,47,22,15666.0,Y,859.41,current,M,64,MEDIUM,26.400000000000002,2,330.0,1,7.0
2390,13538,3856.0,13449.91,3822.0,14549.3,1087.39,22293.375,10569.0,7.0,1,89,4,2,2,170000,1,1,1.0,1,1641785.0,242827.0,12000.0,0.0,19674.85,244717.65,5.0,0,6039.0,15422.85,26998.0,4,108,28870.0,23925.0,14633.25,7,96,14560.0,Y,16302.29,current,M,42,MEDIUM,2.2,1,395.0,0,12.0
2391,11783,2587.0,5952.0,2054.0,3119.92,5209.75,6833.975,5400.0,1.0,9,59,2,2,1,74100,1,1,1.0,1,1038501.78,3.0,23500.0,-3625.0,16993.75,44995.4,20.0,26,59536.0,46950.59,42291.0,10,69,24688.0,25578.25,227936.5,40,3,17463.0,Y,171.2,current,M,51,LOW,15.5,4,464.0,1,4.0
2392,14749,2157.0,18486.04,21328.0,14764.89,13234.0,1796.04,5647.0,1.0,26,13,1,2,47,505000,1,1,1.0,1,185669.2,106398.0,25000.0,-5715.49022999999,28800.58,207501.46,3.0,35,88890.0,39003.3,25497.0,3,49,92810.0,5125.0,54790.0,6,18,24065.0,Y,9957.08,current,F,25,LOW,0.5,7,516.0,0,7.0
2393,4590,7191.0,8967.0,699.0,7398.96,3483.0,11967.0,263.0,56.0,23,110,22,2,2,70000,1,1,1.0,1,1235.85,1423567.1,610000.0,-4324.0,34335.65,59569.0,4.0,36,67080.0,39102.65,48134.37,23,29,100.0,132084.75,32883.02,7,58,51353.0,Y,2323.69,current,M,47,LOW,24.3,3,445.0,1,9.0
2394,5772,14056.0,19999.2,3856.0,9563.78,20056.0,7893.72,1248.0,5.0,14,50,53,9,3,423000,1,1,1.0,1,168.75,7242.09,579.0,20790.0,732.05,68224.0,23.0,30,14213.0,14012.0,25080.0,5,27,33929.0,174323.36,50259.0,21,10,54110.0,Y,428.3,current,M,29,MEDIUM,8.1,1,656.0,0,11.0
2395,5461,111530.0,44210.15,10852.0,1583.27,1521.0,2806.0,5643.0,4.0,7,47,6,4,81,232000,1,1,1.0,1,3101.3,278360.16,1001.0,-6885.0,43953.51,47132.0,10.0,3,6536.0,63115.0,17306.0,1,5,34589.0,154.27,73203.0,117,104,98207.0,Y,7793.26,current,M,31,MEDIUM,7.7,10,454.0,0,18.0
2396,9690,12910.0,7967.0,1836.93,2514.02,33392.85,20634.94,105631.0,1.0,36,38,4,8,70,272000,1,1,1.0,1,28482.5,93000.0,583.0,-4664.0,24551.31,50093.0,16.0,3,26366.0,8364.64,25114.0,42,70,21039.0,81801.68,336.0,62,2,27480.0,Y,147.84,current,M,40,MEDIUM,10.0,10,799.0,1,10.0
2397,7728,12713.0,31655.5,1068.64,135563.45,2485.3,14441.95,1627.41,531.0,77,50,7,6,17,59000,1,1,1.0,1,13668.25,110135.86,57899.0,6885.0,46277.0,22375.0,70.0,26,103334.0,160408.6,45685.0,1,6,231101.93,24460.0,85603.81,12,20,2600.0,Y,5735.89,current,M,33,MEDIUM,10.4,10,615.0,0,12.0
2398,8710,14015.0,2794.0,3860.45,5855.06,6046.97,2880.885,6836.0,1.0,39,1,2,2,3,599000,1,1,1.0,1,47936.43,12971.0,16114.0,5730.0,45069.9,63040.0,12.0,2,24296.0,74584.0,25.0,43,63,73118.0,18501.0,42760.0,40,11,35190.0,Y,4709.12,current,M,27,LOW,2.8000000000000003,8,880.0,0,12.0
2399,9773,179607.0,18621.29,7212.0,27967.75,348.99,824.74,4777.0,15.0,10,5,3,1,47,524000,1,1,1.0,1,2666.4,9866.9,300500.0,3735.0,29980.88,16213.28,29.0,1,23593.0,100148.75,34483.0,3,12,26976.0,17554.0,86182.0,8,22,45228.0,Y,3916.55,current,F,46,LOW,23.400000000000002,5,626.0,0,15.0
2400,11118,8317.0,9574.0,3538.0,15651.24,1995.0,3985.31,627.44,57.0,10,1,15,9,8,369000,1,1,1.0,1,4731.1,190887.4,28912.0,5730.0,45181.98,18464.0,4.0,0,13943.0,13708.12,61986.0,2,50,34589.0,21434.93,66843.48,6,0,30132.0,Y,4536.83,current,M,33,MEDIUM,7.800000000000001,2,867.0,0,3.0
2401,7779,13508.0,11385.0,7143.0,4267.0,8789.44,12261.7,25768.0,104.0,77,89,1,4,42,84000,1,1,1.0,1,3405.0,45000.0,500718.0,1332.0,60898.19,411198.0,3.0,1,15668.0,44107.0,67420.0,6,59,20004.0,46040.92,33123.0,40,15,36592.0,Y,19767.6,current,M,40,MEDIUM,10.0,1,966.0,0,19.0
2402,10933,7624.0,5902.0,14320.02,4987.0,418.46,1995.03,6829.18,1.0,66,4,19,21,10,59000,1,1,1.0,1,1727970.9,14000.0,2156.0,8723.0,36611.54,5375.0,147.0,30,38344.0,126875.89,59545.0,2,67,13501.0,20266.5,101350.33,2,13,106539.0,Y,1717.97,current,M,220,MEDIUM,160.0,8,385.0,1,15.0
2403,7567,7657.0,947.66,24877.0,31368.62,6035.0,25521.5,252.0,7.0,46,14,18,12,1,39000,1,1,1.0,1,568.8,440000.0,72000.0,903.0,52459.58,19056.0,43.0,2,22493.0,4106.0,18862.73,9,20,12271.0,61057.47,284195.75,8,106,52674.0,Y,1839.45,current,M,47,MEDIUM,10.8,7,123.0,1,6.0
2404,19100,230383.0,30483.0,729.0,15562.07,5251.0,4277.955,823.0,8.0,10,50,1,18,10,58000,1,1,1.0,1,1146.0,205000.0,2158.0,-4664.0,26803.0,34364.82,18.0,6,19255.0,45450.84,25339.0,9,20,12582.38,1771.0,15411.0,14,11,24800.0,Y,5476.02,current,M,44,MEDIUM,4.800000000000001,3,536.0,1,9.0
2405,3015,97565.0,1690.69,290.0,2949.17,6751.76,17608.27,802.0,10.0,77,48,60,27,2,17000,1,1,1.0,1,347309.75,15395.48,5905.0,-6885.0,44493.0,34319.0,42.0,23,25825.0,21003.33,105968.72,2,20,55498.0,108735.48,89829.0,7,10,16957.0,Y,7378.62,current,F,32,MEDIUM,7.2,7,511.0,0,16.0
2406,14931,1694.0,69508.09,3385.0,3474.5,15828.0,7669.85,332.28,5.0,23,13,20,20,36,319000,1,1,1.0,1,13730.0,50034.93,8333.0,1332.0,16022.54,26329.0,11.0,3,58756.0,22582.9,109081.5,5,171,22384.0,31167.96,82161.0,6,24,47203.52,Y,54126.72,current,M,31,MEDIUM,8.8,10,633.0,1,17.0
2407,14140,3620.0,10782.0,2493.04,1249.0,350.0,11513.0,62973.2,9.0,26,67,15,3,34,240000,1,1,1.0,1,94127.1,289469.58,38599.0,5773.0,111562.88,288085.0,16.0,0,29600.0,56094.15,99524.0,6,12,61783.0,23135.91,69312.0,2,106,27884.0,Y,2445.76,saving,F,32,MEDIUM,2.4000000000000004,8,644.0,1,14.0
2408,12749,5339.0,27742.5,555.0,6561.94,3447.0,7880.0,6951.0,25.0,30,13,2,5,6,300000,1,1,1.0,1,7300.0,342412.0,25524.0,-5715.49022999999,112162.76,43964.5,63.0,26,119140.0,79331.56,20207.0,12,81,36636.0,10870.29,34904.0,4,50,34768.0,Y,8039.72,current,M,32,MEDIUM,2.4000000000000004,6,723.0,0,10.0
2409,993,21.0,32518.61,4802.15,5643.19,878.0,5352.895,3671.0,7.0,10,16,3,2,47,27000,1,1,1.0,1,3575.5,429273.4,34550.0,2351.0,48962.04,102244.0,42.0,0,36435.0,57429.65,197749.0,4,20,66614.0,21501.5,20148.0,14,10,51488.0,Y,3905.19,current,M,53,MEDIUM,9.9,3,508.0,1,8.0
2410,1197,2521.0,7390.9,15063.91,4620.0,4719.0,7669.85,866.0,80.0,77,84,47,12,4,366000,1,1,1.0,1,42460.6091,93.35,2214.0,20513.0,37963.77,28595.0,10.0,3,20011.0,30364.71,82868.0,4,70,41059.44,37651.94,35515.0,4,13,45926.0,Y,9732.69,current,M,33,MEDIUM,7.800000000000001,3,254.0,1,12.0
2411,11281,290297.0,30112.2,12270.0,52596.5,33111.0,4585.0,1675.0,26.0,44,7,5,8,8,68250,1,1,1.0,1,126303.7,16000.0,787.0,5464.0,191358.29,32804.0,46.0,26,29688.0,48818.0,121900.0,35,82,37413.0,20608.0,40820.0,12,103,149500.0,Y,1110.0,current,M,64,HIGH,39.6,6,683.0,1,15.0
2412,7454,18386.0,39188.5,3213.0,20463.67,431.0,4971.85,3192.0,4.0,99,48,5,37,3,67000,1,1,1.0,1,10562.45,106398.0,583.0,-6281.37987999999,15974.66,26871.0,72.0,13,25127.0,37507.75,46212.0,0,1,12054.0,165210.93,61006.0,94,1,19889.0,Y,7997.95,saving,M,60,MEDIUM,28.0,1,638.0,1,4.0
2413,18667,14338.0,12285.77,1432.0,3638.0,2879.58,5392.0,8179.0,2.0,83,7,49,2,18,34000,1,1,1.0,1,47.35,64309.52,33774.0,5340.0,52903.55,22485.0,42.0,2,22449.0,122864.97,16983.0,2,14,294130.0,75780.18,73719.0,4,1,75957.0,Y,2176.83,current,M,66,LOW,18.400000000000002,5,371.0,1,15.0
2414,17323,6682.0,15054.0,29684.0,39619.96,2302.0,1830.64,26329.57,2.0,10,27,47,36,47,326000,1,1,1.0,1,61186.36,150000.0,1374.0,6916.0,60214.58,7138.0,18.0,2,7120.0,43150.45,79232.61,9,63,17238.0,34751.0,49190.5,7,12,55651.0,Y,9432.9,current,M,34,MEDIUM,9.8,4,945.0,1,13.0
2415,6733,18309.0,150486.72,1994.0,31751.79,19091.01,1971.0,7018.0,1.0,67,35,4,3,80,520000,1,1,1.0,1,140291.6,96096.0,678.0,0.0,162787.14,173349.0,24.0,1,15132.0,27936.87,29996.0,3,35,26172.0,109724.0,45815.06,49,63,19850.0,Y,3215.83,saving,M,55,MEDIUM,35.0,6,969.0,0,19.0
2416,514,504.0,24370.0,2724.8,3394.49,5000.0,4422.7,14101.71,2.0,81,82,1,37,55,199999,1,1,1.0,1,130319.0,74599.9,583.0,6916.0,22676.85,34143.0,23.0,2,890.0,107935.47,153241.0,6,20,2986.68,7547.8,54234.0,10,9,55607.78,Y,20118.7,current,M,33,MEDIUM,10.4,9,485.0,1,9.0
2417,12672,16698.0,9760.72,10147.0,2960.85,1897.0,27132.0,1594.0,1.0,10,5,4,4,80,47000,1,1,1.0,1,319201.67,11897.0,519.0,1079.0,32800.31,38681.0,10.0,35,46546.0,68592.0,241.58,3,13,58000.0,35740.92,486.0,4,96,24934.0,Y,18268.95,current,M,66,MEDIUM,46.0,6,538.0,0,10.0
2418,3684,19713.0,8077.69,49.0,2442.0,17318.47,6125.66,88567.97,7.0,77,38,7,17,17,25000,1,1,1.0,1,48675.31,50034.93,4367.0,-4664.0,6572.75,120028.5,94.0,7,48608.0,48655.0,213315.0,6,11,34442.0,175846.06,192894.0,22,1,60164.0,Y,5854.55,current,M,67,MEDIUM,23.5,4,966.0,1,5.0
2419,3347,18871.0,17640.25,431.52,13433.0,2024.76,4425.0,5124.0,1.0,10,7,48,21,79,218000,1,1,1.0,1,17402.2,85058.0,5797.0,5730.0,35606.08,81255.0,27.0,3,19543.0,12736.4,40037.5,30,2,16705.0,62372.0,39839.75,12,67,36783.0,Y,20854.75,current,M,33,LOW,11.700000000000001,6,866.0,0,14.0
2420,18980,300047.0,7967.5,5130.0,2884.0,4055.02,1106.41,1994.32,4.0,99,82,42,6,2,44000,1,1,1.0,1,140291.6,49000.0,38599.0,7478.0,131610.0,44398.27,4.0,13,43584.0,28301.0,49604.37,11,81,145317.0,86067.52,387320.0,4,49,16421.0,Y,650.28,current,M,29,MEDIUM,3.6,7,346.0,1,2.0
2421,17741,11330.0,12295.72,18672.34,13985.52,1586.16,9223.0,1772.0,32.0,23,4,50,2,34,199999,1,1,1.0,1,4110.0,64309.52,641.0,8723.0,95758.96,99211.0,29.0,36,13822.0,51685.18,230836.01,1,23,65730.0,72850.64,20691.0,49,133,21144.0,Y,25699.93,current,M,40,MEDIUM,16.0,8,814.0,0,7.0
2422,16621,130383.0,140175.55,1919.0,30087.45,54646.02,437.0,5346.72,7.0,6,67,8,7,2,100000,1,1,1.0,1,1269.2,730000.0,50000.0,5340.0,269.5,198914.0,11.0,18,19023.0,4147.0,12449.0,4,8,10090.0,22805.0,91406.0,10,6,46565.0,Y,1003.53,current,M,42,LOW,17.6,1,859.0,1,17.0
2423,16127,10432.0,75460.0,14320.02,10296.09,4037.5,1559.5,23270.0,5.0,84,44,30,14,56,87000,1,1,1.0,1,1146.0,484729.69,1018.0,-6301.0,37478.26,25746.0,55.0,13,76153.0,89055.44,35166.0,2,2,22200.0,62899.94,15230.0,8,38,11713.0,Y,6046.56,current,M,28,MEDIUM,0.8,1,858.0,1,9.0
2424,3323,5553.0,6715.06,7212.0,5067.63,108.0,13966.5,1527.0,2.0,31,47,2,56,6,375000,1,1,1.0,1,6440.0,110135.86,583.0,9827.0,28326.16,107913.36,46.0,13,43187.0,14803.5,24683.57,70,171,129800.0,93593.04,64201.0,2,120,27036.0,Y,14719.88,current,F,33,MEDIUM,1.3,4,267.0,1,12.0
2425,1581,84185.0,26598.64,643.85,17588.13,1005.0,19924.45,9091.02,2.0,8,64,24,1,2,533000,1,1,1.0,1,102.95,262556.0,565.0,-5998.43994,77004.06,88740.61,2.0,2,30589.0,11383.17,56136.0,2,28,28683.0,28095.04,53681.86,4,79,15300.0,Y,4427.25,saving,M,34,MEDIUM,11.200000000000001,10,259.0,1,13.0
2426,16428,2035.0,24966.81,336.0,4327.99,2568.22,4088.0,9816.0,14.0,22,7,1,38,81,393000,1,1,1.0,1,12010.0,184514.0,3570.0,0.0,180688.11,58072.0,91.0,26,23566.0,61579.0,74203.0,2,11,33318.0,12077.43,44556.0,39,25,65171.0,Y,17539.98,current,M,37,MEDIUM,10.200000000000001,5,516.0,0,4.0
2427,17112,130844.0,19422.19,717.0,1159.69,1643.5,7380.14,1282.0,1.0,15,38,18,2,1,524000,1,1,1.0,1,116122.65,134000.0,2158.0,553.0,61404.5,13116.0,6.0,0,5503.0,31758.43,117335.0,43,63,20444.0,13112.3,47355.0,6,14,184.0,Y,1867.99,saving,M,58,MEDIUM,19.0,6,638.0,0,7.0
2428,17740,18047.0,5824.13,390.0,3794.37,3379.0,2197.5,2494.0,6.0,43,18,82,1,80,100000,1,1,1.0,1,68640.0,118983.0,3975.0,-6885.0,19855.3,58392.0,22.0,4,26369.0,10355.0,25410.27,2,5,2410.76,51292.1,37177.0,6,12,48915.0,Y,4840.7,current,F,66,LOW,46.0,7,315.0,1,2.0
2429,17324,18533.0,23390.0,2461.0,400.82,9023.0,2110.0,3002.0,124.0,66,1,11,3,1,329000,1,1,1.0,1,8556.25,141473.07,100000.0,1500.0,17490.63,231081.0,52.0,3,13822.0,35034.31,2200.86,0,108,15110.0,6998.0,35459.0,5,1,140996.0,Y,235019.8,current,M,42,MEDIUM,4.4,10,911.0,1,18.0
2430,15484,16005.0,14631.8,12071.25,3755.0,3480.0,3361.3,4450.5,2.0,32,9,1,36,2,87000,1,1,1.0,1,1910215.0,143000.0,492.0,-5998.43994,22092.9,57308.0,16.0,26,37200.0,42503.3,24214.5,7,63,11374.0,35796.0,49400.5,12,106,48915.0,Y,24228.12,current,F,34,MEDIUM,9.8,3,574.0,1,11.0
2431,14238,89912.0,5205.97,3917.0,21108.0,4096.0,5593.725,13338.31,5.0,32,7,24,2,58,505000,1,1,1.0,1,3247.5,1752254.0,50000.0,2351.0,140185.63,21537.5,77.0,1,16788.0,22449.59,3861.0,3,12,281169.0,16443.42,38092.0,9,72,14096.0,Y,2170.57,saving,M,28,MEDIUM,0.8,6,386.0,0,16.0
2432,19436,18813.0,19480.03,6171.0,4933.0,3693.96,11126.995,3906.69,4.0,10,62,82,15,80,44000,1,1,1.0,1,272677.25,143000.0,16004.0,3897.0,27240.14,35490.0,43.0,36,20426.0,317.32,93773.0,2,89,2838.0,25424.82,171124.0,47,36,36607.0,Y,14943.87,current,M,63,MEDIUM,4.3,8,296.0,0,11.0
2433,18528,2669.0,10043.74,2294.72,11324.0,3563.1,22576.0,3282.0,7.0,1,35,48,37,2,25000,1,1,1.0,1,747610.0,194099.3,4699.0,1465.0,6601.0,15755.0,4.0,36,38370.0,8134.19,20495.0,4,0,14058.0,58847.88,56991.0,2,11,262176.0,Y,3424.43,current,M,46,HIGH,10.4,4,647.0,1,20.0
2434,16643,5910.0,9956.5,10981.22,27715.87,4053.5,41344.44,6394.0,1.0,23,110,4,9,79,481000,1,1,1.0,1,873.7,2436.91,3570.0,9827.0,5487.06,14878.0,8.0,5,33840.0,15476.01,22291.42,1,13,33513.0,5269.0,21110.0,4,15,102824.0,Y,2489.08,current,M,53,LOW,29.700000000000003,3,395.0,1,6.0
2435,7462,13307.0,4890.22,1303.0,17946.49,4803.47,1976.0,5246.0,2.0,3,4,5,14,68,17000,1,1,1.0,1,10535967.5,470000.0,50000.0,7478.0,50419.17,65284.0,79.0,1,46268.0,9399.72,200074.0,1,11,36128.71,37254.34,47269.0,14,32,106402.0,Y,6881.56,current,M,28,HIGH,4.800000000000001,4,503.0,1,3.0
2436,2449,7740.0,2348.16,2834.04,7507.88,22302.0,3616.0,499.4,1.0,8,7,2,4,13,390000,1,1,1.0,1,825.0,185000.0,25524.0,977.0,106697.06,21994.0,42.0,2,53665.0,151077.56,35941.0,9,7,21754.0,32085.83,40831.25,2,80,31610.0,Y,1265.95,current,M,53,MEDIUM,29.700000000000003,2,468.0,1,14.0
2437,5401,10710.0,624.44,206.0,40857.165,13768.0,3737.0,2410.0,80.0,30,11,3,14,1,44000,1,1,1.0,1,124929.75,13299.0,13533.0,-6301.0,26995.25,340194.0,67.0,43,293034.0,52395.95,1452.86,0,42,69669.0,12009.02,10445.0,47,25,48538.0,Y,3024.38,saving,M,34,MEDIUM,1.4000000000000001,7,812.0,0,17.0
2438,16708,10545.0,89736.0,139.86,5156.0,1637.92,745.0,2189.0,44.0,10,30,25,16,5,290000,1,1,1.0,1,2173459.0,343342.9,2019.0,1089.0,224762.0,176703.0,82.0,17,32492.0,52612.61,69855.35,6,12,357994.0,120612.01,86741.0,2,0,31512.0,Y,5567.76,current,M,34,MEDIUM,7.0,3,330.0,1,19.0
2439,850,13502.0,2026.02,1105.0,1520.38,3063.0,3030.0,4961.0,124.0,4,10,8,25,2,156000,1,1,1.0,1,568.8,36880.0,610000.0,12174.0,48184.15,15162.0,4.0,3,29769.0,100473.09,171192.0,3,59,14590.0,27749.93,31977.5,49,39,39938.0,Y,10729.11,saving,M,60,MEDIUM,12.0,7,233.0,1,8.0
2440,3061,287506.0,26456.4,3663.0,7564.41,12633.0,5242.0,37539.0,2.0,99,16,1,2,56,74100,1,1,1.0,1,20177.4,10947.0,1266.0,4856.0,25323.78,69613.0,79.0,4,21953.0,42265.99,36689.0,9,6,79864.0,65629.52,30471.0,7,40,44913.0,Y,2847.27,current,M,36,MEDIUM,14.4,8,268.0,1,11.0
2441,4941,7008.0,4521.92,1870.0,568.5,287.6,24094.5,1680.36,7.0,56,59,41,4,55,326000,1,1,1.0,1,12328.75,101.24,126001.0,5340.0,27083.4,262395.0,22.0,29,50611.0,10241.24,36884.8,4,81,52756.0,27783.02,64162.0,21,13,88387.0,Y,5588.16,current,F,53,MEDIUM,16.5,8,330.0,1,5.0
2442,14663,9388.0,15049.43,25597.08,650.0,213.26,9561.52,628.0,1.0,1,44,53,1,3,114000,1,1,1.0,1,41361.3,121927.8,300500.0,8572.0,71265.99,71967.0,3.0,2,32032.0,79013.61,17668.24,3,38,19818.0,45934.0,21160.0,3,28,2360.0,Y,1145.0,current,M,42,MEDIUM,8.8,9,928.0,1,11.0
2443,19745,7339.0,26081.0,2403.84,2504.735,3666.67,11475.87,2209.0,26.0,37,16,18,3,1,461000,1,1,1.0,1,28482.5,97523.61,2841.0,9827.0,31837.11,41872.0,35.0,31,1553.3,77558.94,15219.0,43,20,8627.0,68319.51,253931.01,58,7,66778.0,Y,18058.02,current,M,33,MEDIUM,5.2,5,448.0,0,16.0
2444,2134,3028.0,5599.52,646.0,14282.85,4088.0,8044.7,6297.4,53.0,66,17,1,2,81,448000,1,1,1.0,1,270.0,3.0,711.0,5773.0,13033.15,60076.0,103.0,0,35242.0,48484.09,41272.0,1,29,40442.0,20379.25,119075.7,62,120,29825.0,Y,6744.25,current,M,34,MEDIUM,5.6000000000000005,4,958.0,1,12.0
2445,3288,16191.0,1606.85,5410.0,4612.73,364.0,2110.0,3487.61,5.0,26,49,1,60,18,59000,1,1,1.0,1,7713.51,1752254.0,23500.0,-6281.37987999999,18574.61,40436.85,67.0,15,31176.0,49640.13,25185.0,1,82,46064.0,42153.59,34875.0,3,67,69597.0,Y,13783.18,current,M,29,MEDIUM,0.9,5,243.0,1,17.0
2446,8159,11601.0,15272.15,286.0,35528.0,7970.0,5145.62,5669.0,24.0,15,32,1,15,80,595000,1,1,1.0,1,186189.0,19721.85,462.0,-5942.0,11463.99,39199.0,42.0,2,1378.0,15713.65,12339.0,6,171,40232.0,59695.19,24088.18,2,106,21621.0,Y,973.18,current,F,64,MEDIUM,22.0,5,249.0,1,16.0
2447,16120,647.0,4202.47,24837.02,11717.0,5054.0,5337.32,29897.32,1.0,56,4,50,2,12,127500,1,1,1.0,1,196885.0,152664.0,45000.0,-3506.17993,34483.25,2479.0,55.0,13,38930.0,48207.87,69542.98,3,20,12451.0,30977.01,20783.0,2,0,48012.11,Y,9698.08,current,M,223,LOW,142.1,7,710.0,1,6.0
2448,1937,6046.0,16171.77,1004.0,3736.0,1067.0,3921.4,1030.0,19.0,2,74,20,3,34,568000,1,1,1.0,1,48796.45,355000.0,90525.0,1014.0,5983.75,30087.5,7.0,26,78056.0,23833.0,122229.0,6,87,24734.0,46239.06,39762.0,6,64,30105.48,Y,242.07,current,M,58,LOW,11.4,5,369.0,1,7.0
2449,11339,101717.0,904.14,1991.0,9322.77,9447.93,7452.0,3400.79,5.0,85,74,1,1,41,400000,1,1,1.0,1,3950.0,470000.0,30011.0,0.0,67027.0,54212.14,11.0,26,28065.0,23483.0,10235.0,35,81,3700.0,29440.84,41839.0,1,113,13050.0,Y,61361.22,saving,M,46,MEDIUM,7.800000000000001,9,656.0,1,7.0
2450,2608,309424.0,3724.25,2287.52,5936.9,4799.12,9166.33,1646.0,19.0,83,1,30,27,3,240000,1,1,1.0,1,123134.77,27000.0,19400.0,0.0,2728.06,28768.0,87.0,4,36358.0,128982.75,209549.0,10,82,310.5,64485.55,46800.0,21,80,34254.0,Y,6715.12,current,F,29,LOW,4.5,5,708.0,1,12.0
2451,12649,318208.0,38600.2,1344.92,9368.92,1790.0,16414.68,4985.0,6.0,50,62,1,2,8,366000,1,1,1.0,1,250631.8,35000.0,768.0,3481.0,29383.02,144429.77,90.0,19,75500.0,112805.1,22315.0,43,81,29375.0,38676.3,76888.0,1,15,35228.0,Y,2586.28,current,M,66,MEDIUM,27.6,1,974.0,0,9.0
2452,18743,19268.0,2959.7,556.02,3340.14,16915.0,2997.0,6047.92,16.0,10,10,1,6,30,155000,1,1,1.0,1,825.0,440000.0,908.0,3735.0,38067.88,39022.0,12.0,0,33997.0,74005.5,33797.0,70,8,15807.0,102111.95,122094.0,16,18,140.56,Y,657.11,current,M,55,HIGH,35.0,6,324.0,1,13.0
2453,12029,6776.0,89259.0,3539.94,4423.58,7914.0,5943.32,8123.0,100.0,77,50,1,31,47,255000,1,1,1.0,1,146931.8,15036.0,4699.0,903.0,10234.06,26239.0,16.0,5,286565.0,207686.55,102238.0,2,63,17470.0,35473.0,43884.7,2,106,69650.03,Y,1293.36,current,F,53,MEDIUM,29.700000000000003,1,882.0,1,6.0
2454,1314,10289.0,3492.0,2506.0,9018.22,422.96,16641.0,1624.0,57.0,7,14,1,25,80,54000,1,1,1.0,1,77855.0,18300.0,12000.0,6885.0,139852.04,9260.0,42.0,4,34040.0,49088.25,406833.05,0,40,22017.0,67876.02,72373.0,12,18,38445.0,Y,272.87,current,M,55,MEDIUM,14.0,7,867.0,1,14.0
2455,12377,101275.0,1334.5,665.0,2292.53,5165.4,25722.0,1384.0,1.0,3,47,1,3,8,579000,1,1,1.0,1,5210.85,148150.33,48950.0,553.0,10197.5,52582.0,0.0,5,17641.0,28927.3,39629.0,6,27,27562.0,179046.93,260940.28,36,58,23589.0,Y,82201.48,current,F,36,LOW,12.8,9,245.0,0,13.0
2456,18091,400170.0,8370.25,573.0,3884.66,1115.5,2851.8,1068.0,10.0,2,60,5,9,25,150000,1,1,1.0,1,41883.6,43394.0,16215.0,-6301.0,27766.1,15195.0,18.0,1,59800.0,246494.97,168476.03,3,82,189250.0,63465.57,45487.0,43,58,25988.0,Y,13099.77,saving,M,55,LOW,21.0,5,254.0,1,18.0
2457,9720,2986.0,13184.72,3129.0,8488.01,3676.3,5301.97,10493.0,5.0,10,9,2,4,4,466000,1,1,1.0,1,3030975.0,470000.0,5797.0,2921.0,140600.1,46933.0,11.0,1,70914.0,49193.0,34762.96,4,36,69790.0,2577.58,16368.0,2,67,48688.0,Y,16310.33,current,M,33,MEDIUM,3.9000000000000004,5,626.0,0,2.0
2458,14767,2886.0,6833.0,17438.85,11922.84,7885.25,33166.58,10111.2,1.0,6,4,24,21,79,378000,1,1,1.0,1,3638.25,326326.9,27809.0,0.0,75955.28,105961.83,90.0,7,19421.0,29113.16,84185.0,2,82,126063.0,48295.38,41019.0,3,10,30028.0,Y,4495.5,current,M,47,MEDIUM,21.6,6,574.0,1,2.0
2459,7025,14863.0,16311.11,5607.23,37136.26,3311.2,2976.9,6234.8,8.0,9,49,2,55,1,393000,1,1,1.0,1,181073.75,64491.0,768.0,2921.0,48699.86,36843.44,55.0,4,26606.0,12236.0,21040.0,43,26,35917.0,18931.0,2971.0,13,32,112956.0,Y,5230.46,current,M,58,MEDIUM,7.6000000000000005,3,623.0,0,6.0
2460,18566,15003.0,4345.72,1393.0,12937.11,886.0,2846.5,1476.0,7.0,4,23,1,4,2,330000,1,1,1.0,1,25506.67,107692.0,678.0,-5942.0,12886.85,15796.0,42.0,23,35513.0,26473.56,29278.0,2,59,21263.0,44512.11,66166.0,2,106,18309.0,Y,3888.42,saving,M,56,HIGH,7.2,2,863.0,1,17.0
2461,19147,13238.0,44365.9,885.5,20091.23,525.0,9890.0,1962.0,5.0,128,49,10,1,8,267000,1,1,1.0,1,13849.4,14000.0,4699.0,3481.0,9982.64,93182.0,52.0,19,31050.0,37271.33,18779.0,3,108,9750.0,30824.11,101992.0,6,38,15543.0,Y,1893.46,current,M,53,MEDIUM,16.5,2,864.0,1,2.0
2462,5070,3526.0,12462.0,13730.52,6107.38,16862.0,19487.0,908.0,4.0,29,67,1,2,67,178000,1,1,1.0,1,65887.8,208652.0,29542.0,2337.0,1169.5,570720.5,29.0,4,22929.0,39559.7,29214.0,17,108,73532.0,26180.0,80304.99,5,12,34760.0,Y,19282.63,current,M,42,MEDIUM,2.2,10,743.0,1,18.0
2463,5631,124206.0,37903.51,4023.0,5008.56,1447.0,23039.85,4938.0,44.0,3,72,35,3,13,353000,1,1,1.0,1,19265.4,60040.0,505.0,10210.0,39269.88,103578.0,103.0,3,84789.0,48612.68,65605.0,43,27,23341.0,68933.38,150862.0,5,18,60796.0,Y,3538.49,current,M,38,LOW,3.6,7,511.0,1,15.0
2464,6218,2312.0,6077.68,4429.16,2008.235,5542.73,20898.0,9530.01,1.0,19,47,8,3,70,199999,1,1,1.0,1,47024.8,17500.0,49975.0,12174.0,167128.61,23496.5,0.0,4,46476.0,9439.34,14562.0,2,20,226428.0,54913.12,29959.0,6,50,18503.0,Y,6554.99,saving,M,60,MEDIUM,32.0,2,615.0,0,2.0
2465,15773,447.0,3776.39,460.63,9601.21,14542.38,18207.22,1252.22,100.0,30,49,1,9,6,191000,1,1,1.0,1,7455797.87,1194405.5,130000.0,20790.0,21257.88,39245.4,46.0,35,15151.0,57127.49,105373.0,9,104,29538.0,52805.0,17227.0,5,12,32157.0,Y,2579.32,current,M,37,MEDIUM,6.800000000000001,8,249.0,1,12.0
2466,16523,298829.0,2085.8,1645.55,10420.35,2802.0,1564.0,1247.43,531.0,26,67,82,9,79,670000,1,1,1.0,1,2173459.0,12000.0,98472.0,2337.0,100460.0,33399.0,40.0,15,29660.0,26072.72,258364.88,3,27,53105.0,55581.0,2573.0,8,79,39629.0,Y,1355.2,current,M,46,MEDIUM,2.6,8,508.0,1,5.0
2467,18294,596.0,10106.98,4157.0,1666.04,364.0,1952.5,2296.0,32.0,34,74,3,60,3,581000,1,1,1.0,1,148705.0,111000.0,10973.0,0.0,11260.25,41871.0,94.0,3,64923.0,10728.5,49881.0,5,8,22746.0,11334.0,77763.0,10,8,109572.0,Y,1674.09,current,M,35,MEDIUM,9.0,10,937.0,1,13.0
2468,12776,9916.0,5411.38,986.0,34352.0,2935.0,1349.5,1257.66,10.0,56,89,2,4,47,329000,1,1,1.0,1,22712.85,7576.0,508.0,0.0,6987.0,43909.0,5.0,7,62399.0,32180.42,61283.0,16,108,23833.0,36267.26,27356.0,39,103,31128.0,Y,14286.28,current,M,33,MEDIUM,2.6,9,945.0,0,6.0
2469,11598,106.0,111517.24,15063.91,11483.52,4291.4,5130.645,5470.0,6.0,17,9,1,28,56,567000,1,1,1.0,1,111.0,152.87,908.0,5340.0,28910.25,134114.0,10.0,2,33583.0,98863.45,19186.41,9,75,44338.96,153614.55,34787.0,4,6,102126.0,Y,3148.74,current,M,30,MEDIUM,7.0,10,683.0,0,3.0
2470,3032,31937.0,776.0,49519.45,73629.66,1223.0,22935.98,15066.0,26.0,36,16,18,9,34,49999,1,1,1.0,1,325024.6,93.35,25849.0,0.0,35340.01,49660.0,46.0,19,59465.0,109249.09,26032.42,6,5,19859.0,28470.82,63556.0,4,3,16002.0,Y,12123.29,current,M,53,MEDIUM,16.5,4,355.0,0,8.0
2471,19559,1429.0,29966.22,25597.08,2909.22,2354.0,6835.0,3717.0,24.0,22,9,25,3,54,84000,1,1,1.0,1,2002.36,25404.0,2184.0,6885.0,73274.26,62033.0,10.0,4,37514.0,54435.29,102522.0,2,59,184626.66,8695.5,28546.5,22,0,594.0,Y,12980.68,current,M,54,MEDIUM,34.0,5,330.0,1,20.0
2472,14016,306163.0,6792.29,1628.75,3676.215,3311.2,15284.87,16846.0,100.0,8,64,15,4,56,525000,1,1,1.0,1,10008.0,257406.7,9570.0,5340.0,106959.41,13170.0,55.0,31,80491.0,64826.92,231437.08,23,14,23093.0,35943.75,65146.79,2,43,46548.0,Y,24296.77,current,M,62,LOW,37.800000000000004,1,386.0,0,7.0
2473,1152,13387.0,25427.31,16400.0,3474.94,10766.0,2918.0,23629.3,1.0,10,27,4,23,12,301000,1,1,1.0,1,27316.5,17000.0,6000.0,2921.0,71841.5,64917.0,147.0,4,27380.0,20353.75,90276.0,4,108,19975.54,41071.76,169346.0,7,63,64626.0,Y,8883.7,current,M,223,LOW,20.3,6,485.0,1,2.0
2474,12538,323302.0,80920.7,11166.0,77795.6,1284.0,8877.0,999.0,10.0,23,50,15,27,3,520000,1,1,1.0,1,12869465.0,992890.32,48950.0,5730.0,216.25,88935.0,37.0,35,50106.0,13006.8,14146.0,3,20,44838.0,1325.0,39248.5,12,3,501.0,Y,3539.12,current,F,36,MEDIUM,1.6,8,796.0,0,20.0
2475,3403,18932.0,7743.0,5296.0,4892.0,71876.0,7267.0,1817.0,1.0,36,30,53,4,54,255000,1,1,1.0,1,13180.0,397463.9,583.0,418.0,137720.25,4001.13,55.0,3,69186.0,31429.96,35247.0,1,6,37260.0,305110.15,311171.2,7,50,27503.0,Y,740.51,current,M,32,MEDIUM,9.600000000000001,10,658.0,0,16.0
2476,1454,16815.0,13206.0,5693.23,17597.6,4235.0,5441.0,4777.0,44.0,16,49,48,5,1,15000,1,1,1.0,1,35280.0,633323.83,500718.0,-5715.49022999999,72564.81,24425.0,18.0,36,13597.0,76426.14,104118.36,70,108,54800.0,24551.0,43566.0,4,58,20304.0,Y,2051.88,current,F,30,MEDIUM,4.0,10,928.0,1,3.0
2477,2549,5830.0,7431.86,5130.0,8561.24,1423.5,12145.63,550.59,66.0,77,7,18,2,54,524000,1,1,1.0,1,204585.76,167870.79,610000.0,5773.0,44792.63,45124.41,67.0,5,42204.0,44470.74,66642.0,0,1,120.23,137569.52,17424.0,12,63,0.06,Y,1945.12,current,M,29,MEDIUM,6.300000000000001,4,516.0,0,12.0
2478,257,136918.0,10137.79,23030.56,9531.0,349.0,3049.48,1712.0,66.0,43,112,1,1,79,479000,1,1,1.0,1,3938.25,64491.0,130000.0,4856.0,64247.68,60336.0,36.0,3,20629.8,51972.88,21218.0,2,70,3575.0,35518.0,62415.57,4,8,19255.0,Y,2361.0,current,M,62,LOW,12.600000000000001,2,631.0,1,20.0
2479,2769,2178.0,21891.47,3213.0,18167.0,3703.0,7957.755,3114.0,44.0,84,8,2,3,80,650000,1,1,1.0,1,1534.0,545000.0,2158.0,553.0,70528.0,60181.0,3.0,0,24844.0,24648.5,321685.0,2,14,33404.0,12190.7,40599.0,7,27,30218.0,Y,7163.79,current,M,35,MEDIUM,10.5,5,511.0,1,20.0
2480,1471,6364.0,17985.06,36916.03,28688.5,2305.0,5153.0,869.0,17.0,66,47,8,31,1,75000,1,1,1.0,1,5215.0,6.0,96497.0,-6301.0,97063.98,25114.0,0.0,19,16615.0,75317.06,25428.0,4,50,13720.0,1090.29,32488.0,9,50,87566.58,Y,3784.02,current,M,42,MEDIUM,8.8,2,743.0,1,14.0
2481,10756,5647.0,10308.04,4813.0,9918.3,2157.0,2743.22,4732.0,100.0,13,23,82,9,54,100000,1,1,1.0,1,153410.0,200015.58,48374.0,12965.0,48380.26,181089.94,69.0,1,59690.0,20719.0,30030.0,70,12,83688.0,26040.75,10712.0,5,22,37631.0,Y,383.26,current,M,35,LOW,6.0,1,966.0,1,3.0
2482,10860,2781.0,20235.96,311.62,4504.64,4555.0,3637.0,1342.0,2.0,5,52,44,3,10,411000,1,1,1.0,1,668728.4,77000.0,155205.0,12415.0,115230.08,18071.68,4.0,3,48141.0,26357.0,8261.0,20,81,31945.0,9524.0,11.88,7,21,479.0,Y,1912.96,saving,F,34,LOW,11.200000000000001,6,538.0,1,6.0
2483,3211,8477.0,4255.85,17020.33,5282.95,15202.0,19280.0,544.0,6.0,23,2,48,9,1,375000,1,1,1.0,1,120781.35,143000.0,1166.0,-5998.43994,34948.0,401761.0,52.0,3,28000.0,118640.99,16194.0,9,18,22551.0,57655.15,119742.0,39,78,32230.0,Y,3391.2,current,M,35,MEDIUM,7.5,7,265.0,1,12.0
2484,18984,13642.0,1695.02,178.0,12475.09,3335.0,30451.6,1778.0,100.0,99,89,24,45,1,326250,1,1,1.0,1,15079.5,446457.0,14754.0,-5998.43994,62205.75,51860.0,11.0,3,34363.0,47342.77,79967.0,2,171,27200.0,37824.09,24383.25,6,18,40542.0,Y,12248.94,saving,M,42,MEDIUM,8.8,9,454.0,1,2.0
2485,8006,304578.0,21410.25,4511.29,17198.3,728.75,6000.06,10011.0,29.0,1,13,4,6,4,112000,1,1,1.0,1,48230.5,80489.0,1036.0,14509.0,14819.19,329246.8,2.0,0,35296.0,27784.15,76106.0,3,20,21241.05,30528.88,62079.0,3,103,15819.0,Y,452.76,current,M,60,HIGH,12.0,2,710.0,0,17.0
2486,5062,11288.0,12305.74,10540.2,24943.11,3766.0,17087.0,36724.0,4.0,7,16,1,2,18,378000,1,1,1.0,1,140790.0,674291.83,50000.0,-5998.43994,48007.34,8540.0,0.0,36,15261.0,135392.25,145395.11,2,7,27426.0,12096.5,1989.0,2,63,63214.0,Y,2018.98,saving,F,56,HIGH,14.4,4,762.0,1,5.0
2487,12414,403476.0,23215.09,14954.46,4050.0,846.68,6600.0,2404.82,9.0,5,102,44,18,62,49999,1,1,1.0,1,196885.0,52098.99,15000.0,-4679.0,10179.58,34590.0,5.0,3,84796.0,114846.8,85481.74,2,20,51818.0,41845.65,7430.5,3,103,23619.0,Y,8126.72,current,M,61,MEDIUM,16.400000000000002,7,511.0,1,19.0
2488,14653,7299.0,11100.35,5449.86,27171.06,6841.3,13026.8,17167.0,4.0,23,30,1,4,1,319000,1,1,1.0,1,2014.8,12971.0,248000.0,5773.0,31719.0,17059.0,46.0,36,36285.0,19911.31,55638.04,17,81,18650.5,31705.41,134580.0,6,67,107.0,Y,6629.61,current,M,35,MEDIUM,9.0,4,631.0,0,7.0
2489,3830,11045.0,6155.07,89.0,4257.38,1395.0,1323.955,3011.52,6.0,71,4,2,4,4,378000,1,1,1.0,1,2184.0,77000.0,3850.0,8572.0,42038.5,3846.0,67.0,36,20450.0,137816.7,91632.68,9,26,56250.0,2064.0,70482.79,4,83,99000.0,Y,646.61,current,M,53,MEDIUM,16.5,7,809.0,0,5.0
2490,12064,12047.0,49808.39,4439.5,3753.06,1024.51,1377.2,15647.48,531.0,22,11,1,4,4,160000,1,1,1.0,1,50040.0,655638.0,130000.0,1500.0,24386.0,32812.0,62.0,2,74954.0,10742.48,66574.15,1,12,16306.0,27766.75,152923.03,58,28,377905.0,Y,5057.21,current,M,31,MEDIUM,8.8,3,924.0,1,20.0
2491,5176,13437.0,27118.82,35703.89,14417.51,5623.0,57184.0,1787.0,12.0,77,135,60,55,4,293000,1,1,1.0,1,2014.8,134000.0,1018.0,3735.0,8333.25,22652.0,32.0,2,37746.0,13153.08,106469.0,1,7,17025.0,112695.81,483136.43,2,6,27480.0,Y,3273.38,current,F,38,MEDIUM,5.4,2,536.0,0,15.0
2492,15642,14915.0,2364.93,103419.65,44992.24,5519.0,3130.0,6617.0,52.0,34,67,20,55,79,489000,1,1,1.0,1,2014.8,440000.0,3975.0,4512.0,30446.15,148800.0,10.0,15,91228.0,118886.24,86829.2,3,20,135864.0,28881.86,31325.46,36,100,51717.0,Y,492.78,current,F,50,LOW,18.0,2,385.0,1,10.0
2493,3076,287828.0,89736.0,8615.96,2633.84,4182.0,6628.0,377.0,2.0,36,5,2,1,55,100000,1,1,1.0,1,272677.25,29479.0,6100.0,418.0,13836.0,10806.0,42.0,2,40886.0,24470.81,11682.0,31,13,41618.0,18891.49,33184.0,21,36,122697.0,Y,849.91,current,F,223,MEDIUM,203.0,2,683.0,1,9.0
2494,297,8715.0,941.02,4999.01,3683.06,5502.0,30165.7,655.0,10.0,18,60,1,7,75,87000,1,1,1.0,1,15961.9,280000.0,2019.0,-4664.0,49858.64,48323.0,16.0,2,162582.0,24291.75,116891.4,4,28,159809.0,143193.24,17215.13,7,7,630.67,Y,3480.56,saving,M,34,MEDIUM,14.0,4,558.0,1,20.0
2495,10291,312313.0,21165.0,588.01,904.45,1423.0,7259.0,2356.0,7.0,2,13,48,1,4,352000,1,1,1.0,1,4500.0,399.09,24619.0,-4324.0,27506.09,33371.59,103.0,1,113330.0,37082.1,133986.0,3,5,38772.0,43818.3,8541.0,10,32,39373.0,Y,938.54,current,F,27,MEDIUM,6.300000000000001,2,486.0,0,17.0
2496,12223,37960.0,1583.92,330.78,4051.0,2892.7,6312.45,8246.0,19.0,10,23,5,9,1,157000,1,1,1.0,1,1207.5,12257.0,597.0,0.0,32882.64,5066.0,90.0,30,38913.0,33599.5,72644.0,5,7,49994.25,17831.0,37177.0,12,38,41866.0,Y,6603.9,current,M,66,MEDIUM,13.8,4,750.0,1,10.0
2497,18237,12794.0,1135.0,1763.22,4129.5,1068.08,12795.0,1315.0,6.0,2,16,1,2,47,202500,1,1,1.0,1,48422.7,24703.0,2214.0,5340.0,71952.49,41024.43,11.0,1,1378.0,66710.61,34020.0,31,8,16885.0,55014.73,13892.5,1,50,15152.0,Y,5574.32,saving,M,60,LOW,8.0,2,628.0,1,4.0
2498,4656,634.0,26491.51,701.26,28755.05,2346.76,2524.0,171.0,46.0,10,135,20,3,67,378000,1,1,1.0,1,1359.3,16000.0,30000.0,6916.0,144834.98,30906.0,20.0,3,15183.0,7043.0,100757.0,19,4,86644.0,31904.32,108611.0,6,113,32560.0,Y,1141.16,current,M,33,HIGH,11.700000000000001,2,626.0,1,20.0
2499,4503,564.0,10332.03,9862.01,24336.83,2303.64,6655.25,4376.88,10.0,5,50,1,1,26,17000,1,1,1.0,1,207979.75,100000.0,300500.0,6441.0,42728.0,10543.0,11.0,19,130849.0,30910.0,23475.5,4,4,148817.0,49004.15,40798.31,3,63,34523.0,Y,854.9,current,M,66,MEDIUM,23.0,5,653.0,0,19.0
2500,18190,302752.0,55352.71,2763.25,16617.07,277.1,3470.0,360.0,3.0,1,44,30,12,8,287000,1,1,1.0,1,1269.2,794000.0,492.0,1444.0,52722.12,3716.15,20.0,26,36759.0,185845.68,8323.0,5,13,13120.0,42955.78,70881.5,10,49,12892.0,Y,2859.65,current,F,34,MEDIUM,5.6000000000000005,6,799.0,1,7.0
2501,1348,16733.0,12848.94,445.0,697.0,4190.0,5465.33,23197.0,6.0,7,9,10,2,8,240000,1,1,1.0,1,47.35,1155000.0,54101.0,0.0,98325.96,65999.68,42.0,5,12517.0,73537.73,18186.0,5,82,12034.0,87126.28,93701.75,94,50,108697.0,Y,4699.74,current,M,66,MEDIUM,4.6000000000000005,6,736.0,1,7.0
2502,360,123314.0,6009.52,2743.0,30223.25,1684.1,6959.0,23315.26,7.0,5,5,3,9,1,293000,1,1,1.0,1,1417886.15,205000.0,38599.0,-5942.0,67901.0,29257.0,42.0,6,47307.0,49212.75,40639.0,5,49,25835.0,58632.86,135571.0,94,103,63200.0,Y,5736.66,current,M,47,LOW,27.0,5,867.0,0,5.0
2503,5313,3644.0,4580.0,4934.0,15952.75,2109.0,3850.915,11160.0,14.0,34,4,1,31,18,443000,1,1,1.0,1,593.2,82907.34,4000.0,9827.0,123635.24,58392.0,63.0,1,116875.22,139816.04,98041.0,5,24,62677.0,72870.8,45982.0,4,76,37485.0,Y,5171.54,current,M,40,LOW,12.0,4,748.0,0,3.0
2504,18131,297382.0,26986.5,5529.96,5339.59,864.39,10298.0,6196.0,2.0,65,48,2,63,34,520000,1,1,1.0,1,1895.04,470000.0,34550.0,-5715.49022999999,98608.23,24338.27,69.0,2,60856.0,17914.74,33069.0,0,50,25484.0,17794.02,38938.76,4,63,69267.0,Y,75571.53,current,M,66,MEDIUM,46.0,8,805.0,0,3.0
2505,7891,1258.0,28210.93,556.0,12846.5,11049.0,18878.5,11355.0,7.0,10,44,30,2,16,178000,1,1,1.0,1,140291.6,674291.83,67696.0,0.0,35528.83,38920.0,42.0,1,45654.0,119626.83,49789.0,4,8,12451.0,123514.0,84959.0,4,100,14715.0,Y,26734.35,saving,M,223,MEDIUM,20.3,10,123.0,1,20.0
2506,9294,10243.0,5630.0,1944.0,22513.53,2017.2,3564.0,19546.33,6.0,3,44,3,1,8,326000,1,1,1.0,1,322.02,794000.0,60000.0,-5715.49022999999,152027.52,28915.68,4.0,6,27625.0,14923.15,37595.0,3,20,38989.0,2654.39,58344.32,7,32,21785.0,Y,2245.2,saving,M,35,LOW,4.5,9,963.0,0,9.0
2507,15593,15635.0,18051.34,189.0,569.72,6808.99,3893.88,7868.0,7.0,18,46,57,25,3,59000,1,1,1.0,1,173.8,536874.6,28985.0,5730.0,41662.38,5174.0,11.0,30,38396.0,172568.77,15809.0,6,13,162500.0,46324.0,45751.26,6,12,16969.0,Y,10769.1,current,M,28,LOW,1.6,9,801.0,0,17.0
2508,465,1539.0,368.0,49725.0,7298.66,886.5,100265.0,4937.0,531.0,26,135,8,6,1,198000,1,1,1.0,1,58928.67,200926.0,51520.0,0.0,79069.44,45583.0,10.0,26,18870.0,162.0,119346.0,6,59,39500.0,81603.65,46016.0,40,42,35625.0,Y,6077.25,current,M,66,LOW,32.2,5,858.0,1,3.0
2509,9121,5470.0,10296.41,3584.0,3092.0,4774.5,11891.105,164.0,531.0,1,112,6,1,2,784000,1,1,1.0,1,72937.76,90829.65,1255.0,903.0,41651.0,18665.0,46.0,7,21072.0,23373.88,247626.86,3,23,42500.0,19463.88,160912.58,3,73,10892.0,Y,2748.09,current,M,50,LOW,24.0,7,330.0,0,13.0
2510,4183,12314.0,33483.45,2140.46,1000.42,3892.52,1483.25,903.0,4.0,46,1,4,14,6,393000,1,1,1.0,1,185669.2,470000.0,539.0,0.0,115190.1,26564.0,67.0,1,49661.0,46225.0,31992.0,6,104,24734.0,35585.7,54333.0,3,65,536.0,Y,1219.02,current,M,32,LOW,9.600000000000001,7,464.0,1,7.0
2511,17864,18226.0,9111.25,2232.0,12987.42,583.0,8550.0,22520.0,531.0,46,135,4,9,11,403000,1,1,1.0,1,52209.5,3342.51,925.0,-3506.17993,76845.16,23653.0,10.0,4,53202.0,136984.75,25430.0,2,12,30142.0,285189.0,31543.0,4,32,107213.57,Y,3172.05,current,M,53,MEDIUM,6.6000000000000005,7,123.0,1,7.0
2512,7108,15818.0,1881.76,597.01,9097.43,12111.84,1756.38,3431.0,46.0,43,74,2,2,13,524000,1,1,1.0,1,684495.7,163.14,15477.0,6916.0,15889.44,100497.0,16.0,1,79659.0,14729.38,70061.0,43,81,36165.0,98062.16,44224.09,9,113,45545.0,Y,2161.21,current,M,33,MEDIUM,5.2,9,270.0,0,17.0
2513,5656,13382.0,4545.9,6629.47,9561.43,949.0,689.0,14791.0,8.0,3,19,3,1,22,47000,1,1,1.0,1,7438.11,429273.4,48374.0,1411.0,28532.59,7227.74,77.0,2,15603.0,21115.57,105089.63,1,9,18917.0,139941.01,89666.56,49,65,174206.0,Y,248.24,current,M,60,MEDIUM,20.0,1,723.0,1,2.0
2514,3531,5239.0,6098.55,6190.0,43933.21,10533.4,872.0,4519.0,43.0,8,44,50,4,55,522000,1,1,1.0,1,568.8,50000.0,550.0,553.0,43675.14,57343.0,11.0,0,27250.0,75507.75,25871.0,23,82,104784.0,47698.0,48895.0,5,24,126650.0,Y,316.04,current,M,46,MEDIUM,5.2,7,758.0,1,16.0
2515,13581,3051.0,9636.58,1588.0,1775.5,7583.01,27962.0,11893.0,60.0,26,10,4,2,2,17000,1,1,1.0,1,169.4,10947.0,155205.0,7478.0,12191.24,198780.0,16.0,9,121289.0,154704.21,7992.0,9,5,26.25,77102.0,57551.0,21,49,27878.0,Y,108.03,current,M,56,MEDIUM,28.8,1,710.0,1,19.0
2516,2737,8556.0,5850.65,5977.0,25356.57,11619.8,48764.0,6059.0,5.0,26,5,4,21,79,267000,1,1,1.0,1,497317.93,187788.1,48950.0,0.0,8918.68,26994.0,10.0,6,10550.0,52909.09,1072956.05,6,12,68762.72,170352.2,151886.96,5,10,18200.0,Y,4536.83,current,M,37,MEDIUM,1.7000000000000002,10,801.0,1,6.0
2517,7686,10091.0,9566.0,424.3,1808.07,3759.0,2687.245,8179.0,60.0,6,35,1,25,1,130000,1,1,1.0,1,17377.25,35000.0,13873.0,1444.0,16528.0,57104.0,72.0,36,22986.0,128211.8,30950.5,1,20,22575.0,57984.49,49314.5,3,63,16479.0,Y,13371.4,current,F,42,LOW,22.0,10,743.0,1,12.0
2518,6864,830.0,23142.02,18702.63,840.76,100564.0,7023.0,164.01,23.0,10,9,8,25,2,44000,1,1,1.0,1,2135000.0,191000.0,1052.0,6885.0,20158.25,14196.0,1.0,4,78982.0,44463.25,137772.0,2,67,31930.0,83657.59,58273.22,5,73,21636.0,Y,308.28,current,F,32,MEDIUM,12.0,8,325.0,0,11.0
2519,3694,164489.0,8829.24,549.88,8804.0,970.0,7836.74,6309.67,104.0,18,1,1,3,54,327000,1,1,1.0,1,472.0,150000.0,925.0,12965.0,53218.52,28096.0,84.0,36,10577.0,2836.27,43152.0,11,171,34658.0,54740.66,6690.29,14,78,245.0,Y,7655.67,current,F,118,MEDIUM,58.800000000000004,7,922.0,1,10.0
2520,5068,13251.0,18889.2,4999.01,22912.0,573.58,4422.1,18912.0,25.0,10,50,1,15,98,49999,1,1,1.0,1,1399.9,16000.0,30011.0,1522.0,119768.63,67412.28,16.0,2,20309.0,215458.0,23489.0,3,20,158430.0,96259.13,49951.0,4,12,15464.0,Y,2884.16,current,M,40,LOW,10.0,10,606.0,0,3.0
2521,8731,34058.0,10782.0,3159.0,25600.8,898.0,4744.855,5124.0,6.0,15,59,30,1,17,78000,1,1,1.0,1,47.45,1024477.47,105000.0,-402.0,44632.82,31993.0,7.0,29,65364.0,25664.03,39311.91,2,0,23330.0,11961.31,55364.0,40,73,28159.0,Y,83.12,current,M,42,MEDIUM,11.0,8,503.0,0,8.0
2522,6194,111080.0,6471.25,14462.0,4694.69,2701.06,619.88,11346.0,7.0,2,44,48,3,3,430000,1,1,1.0,1,4230125.0,172131.0,798.0,0.0,85690.0,67971.5,39.0,9,30368.0,24294.3,50696.0,12,3,25231.0,111654.5,31028.36,4,83,33427.0,Y,10680.37,saving,F,55,LOW,21.0,1,354.0,1,9.0
2523,1384,13226.0,56573.0,445.0,31051.0,16144.76,13623.0,395.0,32.0,85,73,4,2,10,139999,1,1,1.0,1,593.2,1084598.7,13873.0,691.0,123744.12,136994.0,18.0,1,40787.0,5667.83,372819.0,8,82,9750.0,1325.0,4619.0,58,13,55575.0,Y,1315.76,current,M,47,LOW,13.5,5,874.0,0,20.0
2524,17421,169810.0,16550.52,5522.97,10453.77,1689.28,2394.805,3184.0,2.0,46,35,1,3,26,403000,1,1,1.0,1,25506.67,43.0,126001.0,1992.0,7549.0,50678.5,4.0,4,189.41,2195.0,112189.0,5,59,5520.0,51090.22,106456.0,6,58,340499.0,Y,2498.48,current,M,35,MEDIUM,9.0,6,299.0,1,10.0
2525,8089,6797.0,33719.73,626.32,17844.86,7687.0,11521.0,3063.22,43.0,26,7,3,2,2,378000,1,1,1.0,1,1831780.84,992890.32,579.0,-5715.49022999999,44463.25,39410.0,32.0,9,265000.0,2166.08,148680.1,9,14,19243.0,160609.3,12959.0,2,39,493.0,Y,36630.43,current,M,40,HIGH,20.0,6,963.0,1,9.0
2526,16680,17797.0,5850.65,15524.19,13925.49,4053.5,6713.0,6169.0,2.0,9,27,10,51,91,448000,1,1,1.0,1,1146.0,189246.0,5905.0,6885.0,22711.08,48855.34,41.0,1,16125.0,39467.64,40334.0,3,20,23791.0,10588.37,46493.0,36,63,35788.26,Y,43.77,current,M,29,MEDIUM,7.2,1,855.0,1,18.0
2527,1182,17064.0,19296.0,876.35,13210.43,858.0,779.48,403.52,4.0,46,74,45,44,5,479000,1,1,1.0,1,28844.0,110135.86,68000.0,8362.0,67.25,86537.0,11.0,19,100637.24,33865.74,75107.0,6,50,18390.0,31784.32,106608.73,62,8,35788.26,Y,3024.38,current,M,34,MEDIUM,12.600000000000001,9,957.0,1,10.0
2528,11867,123105.0,10501.24,9009.42,1933.0,8742.0,2852.0,26624.0,531.0,10,2,47,2,5,430000,1,1,1.0,1,67833.35,68663.61,96558.0,13135.0,107061.5,1908.0,42.0,2,15250.0,41008.25,9474.0,2,8,26503.0,134242.62,38503.0,58,14,37413.0,Y,123101.25,saving,M,46,MEDIUM,20.8,10,710.0,1,17.0
2529,4700,12636.0,7487.77,1912.66,15448.53,31607.0,8028.0,3384.41,6.0,10,5,2,16,10,75000,1,1,1.0,1,61186.36,375000.0,15654.0,-6885.0,44476.46,13235.0,8.0,0,26725.0,82005.69,16600.0,1,36,34272.0,35929.86,13714.0,62,3,108740.0,Y,58788.88,current,M,58,MEDIUM,38.0,3,866.0,0,7.0
2530,14623,5431.0,13357.0,1093.2,44992.24,11035.24,4211.37,603.0,101.0,85,9,1,6,81,512000,1,1,1.0,1,15279.79,375000.0,48950.0,2921.0,39636.15,2562.0,4.0,4,16200.0,20221.5,62573.0,43,21,15640.0,39416.78,170175.0,8,65,74832.0,Y,2183.1,current,M,64,MEDIUM,39.6,1,486.0,1,5.0
2531,5333,1277.0,10218.985,8345.0,685.5,3187.8,2468.0,624.0,19.0,66,74,3,1,47,472000,1,1,1.0,1,471.05,10767.53,73217.0,8572.0,187115.84,97974.0,63.0,1,56464.0,19998.15,26998.0,4,6,30362.0,21227.0,25008.0,5,11,41901.0,Y,23307.48,current,M,30,LOW,10.0,10,355.0,0,15.0
2532,8190,6447.0,8007.0,10913.0,17482.0,7086.89,40696.38,3589.39,15.0,5,74,18,3,29,507000,1,1,1.0,1,81872.65,142608.5,25000.0,-4664.0,108796.38,32003.0,4.0,26,498000.0,190247.57,468894.0,2,29,28115.0,62019.57,31727.0,5,58,28718.0,Y,3384.15,current,F,66,HIGH,32.2,9,247.0,1,12.0
2533,18169,15648.0,3271.96,12590.0,2912.0,2188.5,8876.5,3501.5,2.0,19,50,2,37,98,10000,1,1,1.0,1,9220.2,52991.0,33950.0,-5439.0,79441.17,27759.0,36.0,2,14807.0,15467.57,124931.61,3,78,30473.0,31038.15,66178.0,47,50,25650.0,Y,39725.97,current,M,34,MEDIUM,7.0,7,485.0,0,20.0
2534,5651,15805.0,2167.0,3962.0,7687.09,2816.8,758.72,4536.0,18.0,8,14,3,3,18,520000,1,1,1.0,1,3101.3,14000.0,2019.0,9827.0,65315.0,28216.24,32.0,0,22476.0,116939.2,120828.44,2,12,70564.0,68962.94,46249.0,94,106,13410.0,Y,14.83,current,M,33,MEDIUM,5.2,10,574.0,1,10.0
2535,15769,11546.0,1923.52,1978.0,4427.63,15582.0,2864.26,24148.83,15.0,34,4,24,7,5,173000,1,1,1.0,1,17377.25,170989.0,24619.0,12174.0,60545.25,919178.39,46.0,19,93379.0,135509.0,85914.0,7,20,21777.0,27213.72,78407.84,47,52,121.0,Y,4141.87,current,M,58,LOW,11.4,2,927.0,1,8.0
2536,1334,12527.0,2028.93,9339.02,60454.0,1805.0,5197.99,2027.0,6.0,10,13,62,1,81,447000,1,1,1.0,1,22086.05,53749.0,8060.0,-5998.43994,9278.0,261586.37,37.0,36,17088.0,24874.3,41163.36,4,4,28923.0,46443.13,29514.0,14,124,26143.0,Y,513.57,current,F,37,LOW,17.0,4,485.0,0,16.0
2537,4945,8965.0,1235.0,12081.04,2252.5,2629.2,5488.805,1956.0,50.0,10,1,18,1,81,352000,1,1,1.0,1,1502126.3,31000.0,25524.0,1014.0,60.05,4192.0,32.0,2,30252.0,101151.78,66058.0,2,20,97609.0,36017.75,43107.0,3,73,43220.0,Y,5224.41,current,M,37,MEDIUM,1.7000000000000002,3,700.0,1,15.0
2538,11494,11143.0,12162.3,4985.0,3495.0,7226.5,5984.75,1841.35,2.0,10,4,1,2,56,124000,1,1,1.0,1,40440.4,152664.0,10635.0,-5439.0,43206.05,81892.41,7.0,5,43792.81,8036.51,47667.0,3,28,117144.0,33115.25,42679.79,8,28,21919.0,Y,783.08,current,M,42,HIGH,15.4,6,536.0,0,11.0
2539,638,12076.0,19683.88,10430.45,945.98,211.73,11030.365,6919.0,60.0,99,11,1,4,4,110000,1,1,1.0,1,530797.35,94885.9,3792.0,1444.0,50604.15,480199.0,10.0,36,46873.0,34760.6,21323.0,24,5,30214.0,80310.47,101259.0,7,49,31153.0,Y,8971.96,current,M,66,MEDIUM,9.200000000000001,2,958.0,0,12.0
2540,10174,6982.0,7134.0,16561.89,26922.21,12957.0,3565.0,10250.0,4.0,6,4,2,5,98,400000,1,1,1.0,1,26335.7,138732.3,22000.0,20513.0,197694.72,47316.0,69.0,6,33262.0,33906.35,19053.0,7,20,18544.0,21207.0,156873.0,3,103,470.0,Y,62629.97,current,M,55,MEDIUM,3.5,5,708.0,1,10.0
2541,15713,20403.0,12717.46,3320.64,16859.0,7695.0,7913.22,7779.0,5.0,5,44,3,3,47,400000,1,1,1.0,1,331.2,234459.4,6100.0,3735.0,52222.03,80320.0,12.0,0,29173.0,2618.0,34502.0,7,5,193875.0,72939.66,23779.75,62,0,22347.0,Y,7755.51,current,M,55,MEDIUM,14.0,1,771.0,1,16.0
2542,5343,488.0,35698.14,3362.0,46677.28,2824.0,10372.0,2692.94,4.0,27,13,3,1,1,568000,1,1,1.0,1,47.45,385218.7,1036.0,7478.0,33663.75,65588.0,40.0,19,24837.0,84611.88,25232.0,1,13,46004.0,36737.68,93615.0,94,133,18565.0,Y,83.47,current,M,47,MEDIUM,18.900000000000002,7,698.0,0,2.0
2543,17032,19574.0,20519.66,397.0,9016.5,8785.92,6269.0,1820.0,531.0,50,87,10,5,47,471000,1,1,1.0,1,5914.15,16000.0,18389.0,10455.0,28209.0,174698.79,29.0,26,44398.0,54979.95,78142.0,4,25,47238.0,27698.63,51453.0,36,58,16970.0,Y,37245.39,current,M,47,MEDIUM,5.4,6,658.0,1,16.0
2544,1097,11046.0,8387.0,1125.08,28905.26,2243.3,13721.0,4570.0,7.0,19,27,4,1,13,371000,1,1,1.0,1,70310.6,121927.8,24250.0,1444.0,8937.0,18862.3,2.0,9,30589.0,15810.92,22297.0,3,13,188115.0,36117.58,58623.0,5,3,15473.0,Y,3014.81,saving,M,37,LOW,1.7000000000000002,1,628.0,1,2.0
2545,14807,3518.0,150994.98,5474.14,17770.51,11209.0,5392.0,5721.0,6.0,11,13,2,9,4,290000,1,1,1.0,1,34443.0,138475.4,550.0,2000.0,30299.07,38273.0,17.0,5,45135.0,144441.26,39363.0,0,81,26701.0,20555.48,31722.0,2,26,20535.0,Y,454.56,current,M,37,MEDIUM,15.3,10,575.0,1,16.0
2546,13688,857.0,4321.0,8934.0,7507.88,140.24,16570.0,1573.0,29.0,85,62,30,2,1,406000,1,1,1.0,1,690.0,6574.31,48374.0,1245.0,164399.62,116305.0,39.0,2,15628.0,14344.42,103391.0,3,8,24122.0,9702.04,68221.0,3,58,35511.0,Y,5839.24,current,M,60,LOW,40.0,1,305.0,1,16.0
2547,8611,4254.0,5082.0,5374.35,11287.94,436.0,3131.5,904.0,26.0,19,4,18,1,41,102000,1,1,1.0,1,20141240.0,482147.0,1001.0,6441.0,45313.3,40045.0,16.0,26,23287.0,64339.95,37591.0,47,40,53350.0,31678.99,37449.0,4,100,16569.0,Y,9723.67,saving,F,37,MEDIUM,15.3,9,626.0,1,7.0
2548,5535,5149.0,3846.76,2335.0,6402.0,3682.0,18705.5,1959.08,92.0,13,29,3,1,75,483000,1,1,1.0,1,5210.85,187788.1,11545.0,6885.0,26620.25,115572.77,42.0,1,22080.0,26973.46,11270.0,12,82,33249.0,330888.73,58864.0,40,75,81275.61,Y,866.93,current,M,44,MEDIUM,9.600000000000001,8,860.0,0,14.0
2549,2566,3514.0,3283.4,3831.0,4633.0,17953.82,1017.0,8467.62,17.0,1,70,35,5,47,199999,1,1,1.0,1,456.1,30453.0,6146.0,2921.0,11240.5,115034.0,16.0,6,73570.0,51775.08,97570.0,5,1,7125.97,42878.49,130785.0,3,11,173807.0,Y,4418.76,current,M,33,MEDIUM,2.6,9,653.0,0,3.0
2550,18481,336.0,6915.15,3079.55,2159.62,8628.33,1846.67,293.0,56.0,11,50,1,2,2,293000,1,1,1.0,1,2595.81,409168.15,579.0,5730.0,38826.32,110301.91,55.0,15,157067.0,108988.4,211214.36,5,171,230.0,21743.75,40049.0,21,15,24768.0,Y,4011.56,current,M,32,MEDIUM,10.8,2,922.0,1,6.0
2551,235,17447.0,75983.83,815.0,56219.64,768.0,975.42,852.9,531.0,14,3,7,1,1,160000,1,1,1.0,1,76122.87,100000.0,25000.0,3897.0,96466.51,67851.26,10.0,2,8560.33,2836.27,113947.0,9,20,200500.0,38742.99,53908.0,40,1,82150.0,Y,85.23,current,M,36,MEDIUM,3.2,10,123.0,1,19.0
2552,18078,20352.0,35837.35,2870.15,11034.0,913.4,19002.0,1315.0,32.0,26,13,50,63,81,352000,1,1,1.0,1,1910215.0,8407.46,48374.0,6916.0,45114.99,26868.0,84.0,1,29287.0,76394.71,119922.25,6,108,17177.0,15352.49,15294.0,6,1,27908.0,Y,1260.58,saving,M,36,MEDIUM,12.8,3,385.0,1,3.0
2553,8044,17549.0,17655.59,7559.0,15089.0,757.75,5306.605,3327.0,6.0,4,32,44,56,1,581000,1,1,1.0,1,6440.0,68663.61,2644.0,5439.0,55211.97,50239.0,43.0,30,87766.0,65073.42,104059.0,1,20,23529.0,51097.0,112766.0,49,103,13706.0,Y,459.56,current,M,34,MEDIUM,14.0,9,858.0,1,10.0
2554,18972,4887.0,31334.0,14614.0,3477.56,15333.64,23529.24,623.0,15.0,66,4,44,1,42,84000,1,1,1.0,1,1360.0,170989.0,96558.0,-6281.37987999999,19370.08,105961.83,29.0,6,16568.0,5204.73,33591.26,1,17,23088.0,46886.0,44684.0,22,73,52560.0,Y,14043.91,current,M,67,MEDIUM,9.4,4,464.0,0,4.0
2555,13120,10387.0,11054.72,487.64,11375.01,2223.05,3382.51,492.0,52.0,5,3,1,11,67,352000,1,1,1.0,1,4435.0,760470.3,1166.0,12174.0,343714.88,94121.0,2.0,5,46100.0,15548.0,185696.5,3,82,34589.0,80310.47,66458.83,7,9,33140.0,Y,686539.12,current,F,51,MEDIUM,15.5,5,516.0,1,16.0
2556,5301,3334.0,5287.15,25581.2,3690.28,3297.2,60679.0,12108.0,26.0,10,135,1,1,37,525000,1,1,1.0,1,10000.0,360000.0,13873.0,5730.0,42061.15,144947.0,46.0,2,82993.0,52482.52,79489.0,1,50,24369.0,11438.52,37096.0,3,21,53122.0,Y,1348.2,current,F,55,MEDIUM,10.5,1,247.0,1,10.0
2557,4778,13050.0,20368.81,2150.01,1297.0,2368.0,3468.5,4461.0,1.0,56,59,2,1,12,382000,1,1,1.0,1,140291.6,29479.0,4000.0,3897.0,66005.5,14566.0,4.0,26,40018.0,27688.58,7034.0,23,8,12977.0,22038.77,73231.01,3,10,96373.0,Y,9432.43,current,M,30,MEDIUM,6.0,1,269.0,1,4.0
2558,109,2056.0,34741.56,2724.0,2431.54,4600.0,12968.04,4351.0,57.0,11,5,1,1,13,17000,1,1,1.0,1,2216.0,14000.0,19176.0,1332.0,1286.85,252.0,95.0,7,18368.0,37977.38,18594.0,11,23,23638.0,67264.65,30309.0,3,50,26685.0,Y,29078.21,saving,F,32,MEDIUM,6.0,5,614.0,1,4.0
2559,17655,103507.0,126173.05,2849.0,27446.0,232.0,6125.66,4562.0,5.0,44,6,52,4,5,147000,1,1,1.0,1,13732.93,500358.79,183999.0,-3506.17993,118751.13,15433.0,11.0,36,26852.0,90729.13,45162.0,5,23,47866.0,7235.0,72388.0,12,1,42500.0,Y,750.74,current,M,38,MEDIUM,5.4,7,658.0,1,4.0
2560,8051,335248.0,3658.15,944.0,1652.0,4051.0,33301.87,4327.0,92.0,14,2,3,27,3,525000,1,1,1.0,1,272677.25,11897.0,12000.0,5464.0,41105.25,55113.0,40.0,18,16586.28,14284.32,39210.0,17,50,38861.0,64851.3,243554.0,62,113,18565.0,Y,2157.69,current,M,33,MEDIUM,5.2,5,582.0,1,14.0
2561,12596,6947.0,1226.0,5311.0,19748.5,4644.0,1685.04,609.2,5.0,15,7,1,25,16,147000,1,1,1.0,1,61186.36,63000.0,4000.0,-6301.0,65436.0,41233.0,59.0,2,36358.0,11515.5,100254.0,4,34,283399.0,80490.7,7648.0,2,106,27043.0,Y,2858.37,current,M,37,MEDIUM,13.600000000000001,7,503.0,1,8.0
2562,15796,405850.0,12585.5,9186.0,20027.0,4182.0,1082.0,276.0,44.0,29,27,1,4,47,25000,1,1,1.0,1,47.45,152664.0,230000.0,12174.0,407141.92,59447.0,42.0,28,25944.0,102197.09,108209.0,7,171,46686.0,171192.67,19272.0,8,106,24990.0,Y,1915.56,current,M,58,MEDIUM,7.6000000000000005,4,656.0,0,15.0
2563,16169,15643.0,5534.0,6162.0,4519.0,3828.35,55656.0,4885.75,6.0,3,89,48,16,4,44000,1,1,1.0,1,82587.0,32714.0,155205.0,2921.0,45853.75,64252.37,11.0,6,17511.0,21490.75,42710.0,3,8,9750.0,45307.68,15639.0,12,0,339.0,Y,1324.78,current,M,30,HIGH,7.0,9,354.0,0,7.0
2564,17848,3366.0,9938.77,38477.0,790.0,6092.0,15941.665,9854.0,2.0,5,23,48,25,30,20000,1,1,1.0,1,39851.93,180000.0,25000.0,1411.0,50077.69,63691.5,4.0,7,31105.3,9011.6,357473.14,43,82,24192.0,124925.28,109650.0,4,58,57343.0,Y,2376.0,saving,M,53,HIGH,6.6000000000000005,6,506.0,1,3.0
2565,14636,16523.0,7531.0,7433.0,81087.72,13972.3,1620.45,4086.52,7.0,43,49,8,27,3,523000,1,1,1.0,1,51291.45,223379.4,78309.0,2351.0,92270.75,176035.0,16.0,4,58590.0,128089.5,268214.0,17,24,14722.0,49959.89,14449.0,3,12,1710.0,Y,36.2,current,M,42,MEDIUM,6.6000000000000005,8,574.0,0,10.0
2566,3946,5359.0,25820.93,379.42,2740.0,2191.0,2659.0,6870.0,7.0,10,49,1,44,16,524000,1,1,1.0,1,33111020.0,31033.0,183999.0,1014.0,42789.0,20050.0,46.0,2,81294.4,6526.82,37595.0,3,81,21263.0,32898.66,82705.0,14,12,28786.0,Y,14567.77,current,M,35,MEDIUM,3.0,4,904.0,0,20.0
2567,4711,10324.0,27008.78,7175.93,19696.17,5178.25,6463.0,23270.0,1.0,37,5,1,3,20,304000,1,1,1.0,1,249060.0,500358.79,891.0,-5439.0,40301.25,53507.14,42.0,7,16218.0,50310.31,15088.0,42,40,20193.0,26350.88,23062.0,21,120,14347.0,Y,880.0,current,M,33,LOW,10.4,7,523.0,1,18.0
2568,16511,14640.0,11148.91,3238.0,6277.51,498.0,26802.925,4635.0,4.0,28,6,1,31,44,319000,1,1,1.0,1,306.4,107692.0,2214.0,4795.0,55506.94,74739.0,42.0,2,65728.0,26759.84,12449.25,0,7,20770.0,310606.68,33860.5,4,15,150006.83,Y,3339.84,current,F,33,MEDIUM,9.1,3,445.0,1,12.0
2569,4740,7696.0,385.0,5693.23,25845.09,107.0,10188.37,5347.43,29.0,43,38,1,6,1,401000,1,1,1.0,1,13180.0,35421.67,711.0,3735.0,23031.61,4645.0,89.0,17,89213.0,22200.51,110690.22,17,8,49177.0,29923.22,94679.0,47,3,55937.0,Y,18146.46,current,F,47,LOW,5.4,4,867.0,1,6.0
2570,14634,20037.0,74149.85,22799.68,6754.63,40826.0,38672.37,105631.0,24.0,2,4,8,62,1,410000,1,1,1.0,1,17377.25,262556.0,4895.0,5773.0,39469.25,78476.0,29.0,1,17644.0,84685.73,21830.0,2,108,57126.0,66031.91,111255.15,94,113,97383.0,Y,3558.0,current,M,47,MEDIUM,5.4,2,428.0,0,6.0
2571,6222,38828.0,57284.12,1183.5,47038.1,5816.0,1313.56,9693.51,100.0,43,35,1,4,34,575000,1,1,1.0,1,937.0,64491.0,126001.0,1954.0,44534.33,11323.0,55.0,2,33759.0,133906.68,29259.0,1,63,36206.0,51501.02,39349.0,8,24,14575.0,Y,4654.22,current,M,37,MEDIUM,11.9,5,505.0,1,10.0
2572,361,3031.0,31304.14,384.14,15340.21,6490.08,47608.35,236.0,2.0,3,53,24,71,8,97000,1,1,1.0,1,207979.75,64215.6,43798.0,12163.0,277826.25,219915.0,11.0,35,14354.0,148288.02,595672.0,50,2,8450.0,50766.0,100314.0,2,76,17165.0,Y,6603.9,saving,M,47,MEDIUM,13.5,4,874.0,1,4.0
2573,16331,10459.0,150282.87,3079.55,24556.38,2860.0,821.52,1171.0,8.0,20,67,30,15,47,19000,1,1,1.0,1,186189.0,116000.0,2019.0,2337.0,23836.69,92989.38,77.0,9,100217.0,65044.0,34826.0,1,2,22650.0,120612.01,8235.0,11,25,11083.0,Y,2896.24,current,M,36,MEDIUM,4.800000000000001,7,249.0,1,20.0
2574,17330,13804.0,7921.99,1822.24,8226.05,396.0,4009.24,2860.5,6.0,99,49,53,27,79,256000,1,1,1.0,1,166331.66,33668.0,13873.0,-4612.00977,36138.0,37571.0,4.0,3,50600.0,89756.21,39466.0,5,12,32971.0,29808.31,14520.0,2,12,25894.0,Y,5302.86,saving,M,47,HIGH,13.5,9,448.0,1,16.0
2575,13018,18191.0,30429.14,4121.43,156472.17,7151.0,2553.355,2761.0,100.0,31,52,2,16,9,272000,1,1,1.0,1,4731234.6,545000.0,24094.0,20324.0,6805.07,41318.66,20.0,33,392477.0,46225.0,109217.0,3,4,47165.0,5181.11,36208.55,9,7,44852.0,Y,3040.45,current,M,27,LOW,6.300000000000001,5,523.0,1,3.0
2576,13313,1640.0,9564.75,390.0,8045.58,1939.0,12900.865,9682.0,4.0,77,32,2,2,39,47000,1,1,1.0,1,167.5,356899.37,105000.0,10455.0,654106.3,40710.86,103.0,1,47963.0,141005.45,34483.0,4,78,27466.0,27413.8,46502.0,3,13,10919.0,Y,2244.32,saving,M,53,MEDIUM,29.700000000000003,8,626.0,1,10.0
2577,13629,18270.0,57828.63,15715.76,24398.17,12633.0,5120.0,657.0,8.0,85,110,20,9,79,114000,1,1,1.0,1,116.0,170989.0,3000.0,5773.0,44227.5,60680.0,69.0,1,42321.32,609.0,168476.03,4,20,29191.0,47946.08,78463.0,12,11,19503.0,Y,35966.64,current,M,53,MEDIUM,33.0,7,258.0,1,3.0
2578,1004,3834.0,7906.0,10932.25,5859.49,2499.0,11275.885,1686.48,92.0,3,64,18,4,56,16000,1,1,1.0,1,4400.0,93.35,13873.0,-6281.37987999999,24499.27,81713.0,69.0,13,17319.0,27931.92,68985.86,1,9,11484.0,104960.41,48724.0,49,12,18555.0,Y,19102.38,current,M,35,MEDIUM,4.5,5,454.0,0,3.0
2579,3515,115302.0,10265.24,3619.01,33604.01,3092.5,250717.62,12743.0,44.0,3,62,39,2,98,472000,1,1,1.0,1,1940.45,201000.0,1526.0,-5998.43994,197212.38,187231.0,5.0,55,24323.0,112019.72,97700.0,43,108,56500.0,23624.51,92443.0,117,7,47487.0,Y,11020.81,current,M,34,LOW,9.8,9,269.0,1,3.0
2580,4579,119987.0,7134.0,5258.0,1049.0,22628.3,4431.0,868.5,5.0,77,53,4,2,22,75000,1,1,1.0,1,3638.25,158000.0,492.0,-5998.43994,36601.44,77243.0,2.0,9,30197.0,46698.12,46525.65,2,20,67208.0,55014.73,66830.09,2,9,29580.0,Y,6093.77,current,M,63,MEDIUM,12.9,2,511.0,1,12.0
2581,9805,13274.0,5267.16,3897.72,2768.0,1403.0,30336.5,1660.0,24.0,47,105,18,31,6,84000,1,1,1.0,1,61186.36,88482.8,4000.0,886.0,104218.47,14633.81,10.0,5,36850.0,27530.6,38062.0,9,5,38910.0,2658.75,21326.0,2,17,23915.0,Y,5357.27,current,M,40,MEDIUM,18.0,5,243.0,1,11.0
2582,6479,9896.0,1268.8,775.0,2305.8,3384.01,1974.87,3324.09,6.0,18,86,5,3,3,192000,1,1,1.0,1,1910215.0,51000.0,2019.0,4889.0,35463.08,16736.0,42.0,43,63212.0,95430.43,89129.0,2,108,90016.0,78326.75,30378.0,94,39,73291.96,Y,3129.17,current,M,55,MEDIUM,3.5,9,656.0,1,13.0
2583,3244,295793.0,45725.75,263.2,8374.49,1290.0,11599.49,5561.0,124.0,43,87,24,5,1,378000,1,1,1.0,1,168.75,9866.01,583.0,1500.0,11104.38,12455.0,70.0,36,13475.0,19211.0,70061.0,4,81,42643.0,87596.79,43268.0,18,0,99894.74,Y,6164.32,current,M,58,MEDIUM,22.8,9,331.0,1,8.0
2584,11971,2957.0,1533.0,3140.0,2641.0,3955.23,2341.85,315.75,24.0,50,653,1,1,1,518000,1,1,1.0,1,8758.2,2400000.0,3570.0,1500.0,14249.95,98924.0,11.0,26,60796.0,48321.06,165386.32,5,82,30616.0,33010.2,372302.8,93,106,37378.0,Y,2294.71,current,M,66,MEDIUM,46.0,10,683.0,0,19.0
2585,7247,2156.0,673.01,4802.15,2238.0,4581.89,35961.0,6301.25,44.0,4,135,2,25,70,74100,1,1,1.0,1,71020.5,446457.0,1273.0,3560.0,41453.26,31592.0,11.0,2,21764.0,71736.11,36589.0,4,8,27711.0,90391.9,20246.52,9,38,68120.0,Y,20404.26,current,M,28,MEDIUM,8.0,3,324.0,0,3.0
2586,13718,11660.0,23356.0,2740.0,509.0,12112.0,1419.0,577.8,101.0,38,73,1,2,47,425000,1,1,1.0,1,370776.0,280000.0,11379.0,5730.0,1926.3,98207.0,11.0,1,19395.0,36589.87,59819.06,6,82,12615.0,12326.03,39067.78,14,32,20373.0,Y,13170.34,current,M,47,LOW,18.900000000000002,5,385.0,0,12.0
2587,17825,18107.0,4508.27,598.0,14562.53,538.0,7376.9,3926.0,66.0,10,67,5,1,98,650000,1,1,1.0,1,1359.3,118983.0,6100.0,7478.0,16384.0,67790.0,42.0,7,481.93,32983.0,392824.0,1,81,37165.0,18098.47,53516.65,3,107,32891.0,Y,7132.59,current,M,31,MEDIUM,9.9,3,882.0,0,6.0
2588,17338,14086.0,17842.51,684.9,6728.56,1141.0,5734.0,5745.0,10.0,71,50,53,21,3,271000,1,1,1.0,1,120781.35,16500.0,16114.0,2921.0,20125.45,16490.0,6.0,11,18295.0,37436.13,64913.0,4,70,120.34,37433.89,120386.0,2,22,33427.0,Y,1674.09,current,M,53,LOW,26.400000000000002,7,366.0,1,20.0
2589,19084,11926.0,19438.61,100.0,11806.0,1174.0,2909.0,2189.0,19.0,6,74,5,8,8,138000,1,1,1.0,1,89908.8,145000.0,3570.0,6885.0,36271.11,24917.0,7.0,6,34850.0,9733.72,50578.0,70,42,288075.0,20124.0,133410.16,3,38,34187.0,Y,9.23,current,M,37,HIGH,15.3,1,958.0,1,10.0
2590,8458,10422.0,4109.93,1764.56,4182.0,2711.0,5545.99,924.0,1.0,18,50,10,4,4,528000,1,1,1.0,1,1417886.15,3342.51,25000.0,3897.0,66468.0,58244.0,70.0,1,29329.0,31475.55,32654.07,2,59,25228.0,49326.79,48905.0,5,50,567.0,Y,3862.96,current,M,47,MEDIUM,8.1,7,801.0,1,11.0
2591,5365,5265.0,1078.29,4439.5,2662.5,413.0,1118.6,3440.53,8.0,34,50,18,20,39,212500,1,1,1.0,1,2173459.0,1244.14,2214.0,20513.0,15982.25,265109.0,11.0,1,16210.0,30607.0,540922.0,17,36,20083.0,45398.11,37790.82,2,104,20255.0,Y,4057.32,saving,M,51,MEDIUM,15.5,4,558.0,1,17.0
2592,427,12499.0,11667.0,27546.0,1598.03,1535.5,5741.0,5305.0,15.0,1,49,18,2,47,28000,1,1,1.0,1,39851.93,4550727.2,50000.0,3897.0,100904.0,48144.0,0.0,31,65364.0,52017.75,10213.0,6,12,8984.5,597.0,158527.0,1,75,95767.0,Y,40397.37,current,M,53,MEDIUM,16.5,5,445.0,0,18.0
2593,6653,5649.0,17423.9,403.77,18897.45,1345.0,2911.32,808.0,7.0,8,44,48,9,4,350000,1,1,1.0,1,98543.96,156215.3,711.0,-6885.0,26229.25,114480.0,42.0,0,28421.0,135918.88,59337.0,50,59,36999.33,54015.0,78050.9,10,104,28601.0,Y,843.3,current,M,37,LOW,3.4000000000000004,5,958.0,0,3.0
2594,19846,1211.0,53015.37,3860.45,11495.5,16729.0,10452.0,811.0,26.0,32,4,3,6,1,134000,1,1,1.0,1,5215.0,159415.3,48950.0,1992.0,68203.7,19405.0,23.0,36,291262.0,27649.79,33797.0,19,8,24046.0,55567.64,30047.0,12,83,28760.0,Y,9126.98,saving,F,33,MEDIUM,2.6,8,254.0,1,17.0
2595,3116,10850.0,4931.34,8591.0,1583.27,3483.0,21476.535,5309.09,24.0,5,11,2,2,17,263000,1,1,1.0,1,347309.75,1034285.63,1633.0,2351.0,13555.54,166531.28,46.0,7,26666.0,1437.5,44145.0,43,171,16100.0,20787.77,2809106.0,8,21,52525.0,Y,8255.71,current,M,42,MEDIUM,19.8,7,505.0,0,2.0
2596,9360,2036.0,5079.985,5347.85,14963.0,5759.51,6430.0,3033.36,1.0,3,19,48,2,3,187000,1,1,1.0,1,15079.5,170989.0,16004.0,5439.0,22944.27,19092.0,4.0,4,9015.73,403040.92,238574.0,7,8,43660.0,94280.88,8200.25,21,120,35241.0,Y,12826.96,current,M,37,MEDIUM,11.9,10,537.0,1,8.0
2597,15909,14004.0,1661.0,6866.0,4269.27,3649.0,26088.98,1715.23,6.0,18,67,18,37,13,369000,1,1,1.0,1,41883.6,376694.91,12560.0,1411.0,74716.63,35952.0,91.0,36,19399.0,56799.75,8588.0,6,75,44915.0,6422.82,302925.16,4,61,27430.0,Y,6627.84,current,M,47,HIGH,13.5,10,314.0,0,8.0
2598,9355,4269.0,6248.59,1156.7,4529.05,29606.55,3444.0,9307.0,12.0,22,44,1,2,7,47000,1,1,1.0,1,12.19,184514.0,16215.0,0.0,12886.85,29425.0,17.0,36,20940.0,66923.77,74203.0,9,8,30237.0,95342.86,76314.48,2,6,9751.0,Y,488.73,current,M,67,LOW,28.200000000000003,8,737.0,0,19.0
2599,19866,17966.0,14649.4,9621.0,4970.0,479.0,2501.38,108013.0,8.0,27,2,30,7,11,400000,1,1,1.0,1,1665.0,184514.0,1446.0,-12179.0,90814.85,96286.11,4.0,7,54783.0,114312.29,22526.0,31,12,49312.0,61938.26,23515.79,2,65,16554.0,Y,7961.88,current,F,28,LOW,8.0,3,525.0,1,20.0
2600,8408,8048.0,760.54,5297.0,15559.53,6957.72,4713.0,43473.0,44.0,32,117,1,1,10,170000,1,1,1.0,1,4731234.6,71256.0,230000.0,3897.0,16014.38,25806.0,4.0,2,23350.0,66471.0,70844.0,5,36,13600.0,87919.88,111708.0,3,22,21370.16,Y,11400.03,current,M,33,MEDIUM,11.700000000000001,5,614.0,1,3.0
2601,10402,14056.0,20210.15,739.91,40266.14,6647.0,3162.855,93094.0,6.0,13,74,15,9,39,302000,1,1,1.0,1,60800.0,96096.0,4895.0,10210.0,216769.95,61323.0,4.0,14,3000.0,22262.46,318036.0,2,17,120627.0,32928.73,31202.0,2,6,80141.0,Y,7827.67,current,M,53,MEDIUM,3.3000000000000003,2,743.0,1,6.0
2602,1105,15625.0,25001.0,18318.0,6812.3,8979.0,34484.0,9488.52,7.0,66,35,2,3,81,400000,1,1,1.0,1,45036.0,267421.4,610000.0,9827.0,53032.0,42205.0,11.0,3,42520.0,811499.36,70061.0,2,9,45991.0,91066.0,62422.0,14,18,36445.0,Y,1559.3,current,M,27,MEDIUM,1.4000000000000001,10,503.0,1,15.0
2603,3961,3222.0,25470.65,2812.0,6634.18,3755.19,5535.15,513.75,3.0,23,84,48,3,80,568000,1,1,1.0,1,6558.8,3.0,29542.0,14509.0,22460.47,97156.0,42.0,30,38139.0,26740.71,74023.81,0,50,64988.0,31784.32,477426.0,6,50,16551.0,Y,238.75,current,M,62,MEDIUM,8.4,9,755.0,1,20.0
2604,2088,37529.0,1355.0,5415.0,18020.735,2410.0,3411.6,5124.0,2.0,13,2,3,3,3,198000,1,1,1.0,1,2002.36,1372927.14,14754.0,167.0,130321.41,202329.0,79.0,2,35662.0,396384.63,86324.0,6,63,5206.0,21165.12,2097.0,8,13,51893.0,Y,5299.43,current,M,38,MEDIUM,14.4,3,488.0,0,19.0
2605,13785,7164.0,16957.0,255.0,3998.0,494.0,33900.0,18766.0,43.0,65,72,48,44,14,272000,1,1,1.0,1,8209320.0,50000.0,16215.0,0.0,223643.37,85050.0,43.0,3,56877.0,162506.74,21550.0,6,29,40012.0,64275.68,48693.0,13,100,18185.0,Y,52663.81,current,M,35,HIGH,7.5,6,805.0,1,6.0
2606,13933,136071.0,28322.0,1166.42,3969.45,2572.0,8140.0,603.64,7.0,10,13,3,3,3,429000,1,1,1.0,1,25976.2,392.0,5905.0,-3625.0,44135.09,27100.0,46.0,7,10577.0,46615.32,9709.0,50,69,25371.0,14426.0,160187.0,2,43,30658.0,Y,4215.9,current,M,32,MEDIUM,9.600000000000001,1,249.0,1,10.0
2607,4457,11030.0,4881.94,20258.0,2572.86,15333.64,21468.0,1916.8,15.0,8,10,1,5,98,338000,1,1,1.0,1,1146.0,157624.24,5000.0,-5439.0,113493.28,331072.0,11.0,1,80459.09,82132.46,11037.0,70,20,45778.0,39938.66,94855.5,9,21,275.0,Y,5009.98,current,F,66,LOW,13.8,4,123.0,1,17.0
2608,9444,4979.0,26787.18,12118.2,6308.0,14642.46,515.0,6117.0,19.0,99,29,8,31,98,304000,1,1,1.0,1,237823.88,202560.0,12611.0,-6335.0,402204.96,36088.5,46.0,4,68700.0,290681.09,385.91,43,6,116678.0,89182.06,24582.0,6,58,100113.0,Y,17796.82,current,M,60,MEDIUM,40.0,5,355.0,0,13.0
2609,2555,3276.0,3046.14,10809.0,13931.55,9508.7,17101.0,26325.0,24.0,8,102,1,1,2,427000,1,1,1.0,1,39851.93,134890.0,36600.0,12163.0,16466.75,15041.0,94.0,0,20214.0,3077.5,26823.0,4,1,193000.0,139520.12,19299.45,41,11,45034.0,Y,11031.29,current,M,63,LOW,8.6,4,372.0,0,5.0
2610,14081,10832.0,26787.18,1401.35,9018.9,6730.0,101041.0,1409.1,6.0,18,47,18,38,98,784000,1,1,1.0,1,19265.4,15036.0,508.0,20513.0,26913.25,11913.74,16.0,2,26043.0,285519.75,101134.0,42,18,21447.0,144667.07,11716.0,39,50,33789.0,Y,720.23,current,M,47,MEDIUM,8.1,8,814.0,1,17.0
2611,5124,179050.0,16249.79,18626.79,1825.0,6539.0,2436.25,1658.0,57.0,10,67,15,3,67,378000,1,1,1.0,1,76780.0,42000.0,105000.0,1992.0,22046.88,17014.91,43.0,3,97349.0,69831.35,19653.0,6,8,41265.0,28689.4,42410.0,21,38,113745.0,Y,13783.18,current,F,27,MEDIUM,6.300000000000001,7,249.0,1,7.0
2612,1119,888.0,80889.97,4369.0,17857.83,5245.0,754.0,8243.0,53.0,9,61,24,45,8,198000,1,1,1.0,1,12.19,15395.48,51520.0,35346.0,50619.18,119323.0,91.0,1,25398.0,15213.55,48627.0,6,1,101383.0,175194.36,57285.0,8,13,630.67,Y,515.15,current,M,35,MEDIUM,4.5,9,958.0,0,9.0
2613,2390,1856.0,16653.97,2251.0,11593.2,768.0,110164.0,9530.01,53.0,23,29,4,36,98,379000,1,1,1.0,1,68640.0,107692.0,13873.0,20324.0,25323.78,30553.0,55.0,1,36390.0,2627.0,86405.0,47,108,113882.0,221292.35,35023.99,3,11,16247.0,Y,247.17,current,M,58,MEDIUM,34.2,10,945.0,1,12.0
2614,4322,290.0,28188.96,3677.75,41890.68,277.1,12154.0,5045.0,1.0,27,67,26,2,3,340000,1,1,1.0,1,48796.45,12971.0,33950.0,20513.0,431218.24,31818.0,10.0,0,35728.0,47352.56,2298.8,3,17,96641.0,14815.57,39428.0,2,50,517.0,Y,410.03,current,M,32,MEDIUM,10.8,10,249.0,1,6.0
2615,1530,20108.0,22238.3,5693.23,19635.7,20154.72,7132.89,6309.67,7.0,2,78,57,9,16,47000,1,1,1.0,1,13730.0,145000.0,550.0,1992.0,44747.85,121641.0,18.0,19,16455.0,34941.5,372819.0,0,82,417491.0,53389.0,39005.0,6,1,38369.0,Y,978.43,current,M,223,HIGH,20.3,4,882.0,1,4.0
2616,6608,15843.0,4799.39,21328.0,6526.9,15025.0,14311.0,1980.0,44.0,3,47,25,15,5,17000,1,1,1.0,1,13140.0,6574.31,1018.0,6916.0,40981.18,58763.0,9.0,0,295000.0,8569.0,302938.0,3,28,30214.0,60035.5,157524.5,39,0,202500.0,Y,262.26,current,F,37,MEDIUM,13.600000000000001,7,653.0,1,7.0
2617,578,2913.0,3698.84,910.0,5315.1,3384.01,22939.34,201.0,1.0,8,2,62,1,26,293000,1,1,1.0,1,291969.2,50700.0,105000.0,6409.0,149446.0,37194.0,55.0,4,29763.0,5300.0,20254.0,2,20,43679.0,43730.75,23062.0,3,8,22733.0,Y,1680.63,current,M,47,MEDIUM,16.2,1,300.0,0,20.0
2618,1255,399.0,5636.16,142905.29,2076.76,3383.0,4845.27,191.0,17.0,29,16,1,1,81,252000,1,1,1.0,1,94127.1,136000.0,78309.0,1089.0,19233.95,32531.0,42.0,3,23724.0,4295.0,149078.0,3,24,111792.0,6044.05,174138.0,21,1,45083.0,Y,1562.86,current,M,63,LOW,38.7,9,249.0,0,13.0
2619,15771,7895.0,32120.62,2167.2,3031.89,1204.0,2303.0,23865.0,7.0,65,5,24,2,8,379000,1,1,1.0,1,3101.3,465000.0,4699.0,-6885.0,31894.55,109589.91,16.0,2,47000.0,33293.0,130308.0,1,25,17563.0,33554.33,142499.0,4,113,46389.0,Y,492.78,current,M,62,MEDIUM,42.0,3,805.0,0,20.0
2620,18708,654.0,6474.45,502.52,3579.56,6232.71,1540.0,17939.52,4.0,36,49,41,1,6,380000,1,1,1.0,1,825.0,20500.0,36114.0,6916.0,69601.65,5375.0,90.0,5,29980.0,166410.45,117335.0,4,12,208500.0,4786.58,64124.0,93,7,38718.0,Y,1838.41,current,M,37,MEDIUM,17.0,8,536.0,0,9.0
2621,12025,257785.0,6712.44,1952.0,1661.0,4223.59,20132.245,389.0,5.0,1,1,15,44,16,403000,1,1,1.0,1,5457.0,117890.0,25002.0,-4679.0,23165.05,134512.0,91.0,19,23765.0,21490.17,40554.0,42,8,29516.0,20712.0,38428.42,62,10,225699.0,Y,1544.69,current,M,55,MEDIUM,17.5,4,535.0,1,17.0
2622,18007,7540.0,1210.92,25074.55,4798.23,4446.66,11868.47,7354.0,31.0,3,44,8,1,70,518000,1,1,1.0,1,1105487.1,16000.0,28912.0,3897.0,66897.23,35356.0,89.0,3,22400.0,135514.84,15284.76,43,108,4220.0,515986.0,63978.0,13,83,793.0,Y,1374.98,current,M,58,LOW,38.0,2,508.0,1,12.0
2623,17629,7283.0,39731.55,356.0,2353.37,4813.02,3544.7,6065.0,3.0,2,17,48,55,1,68000,1,1,1.0,1,41883.6,80489.0,12000.0,20513.0,64441.57,91551.0,10.0,6,25944.0,118469.82,5074.0,6,7,83255.0,40219.83,25601.0,47,103,32336.0,Y,2437.43,current,F,35,LOW,6.0,2,505.0,1,8.0
2624,13595,6312.0,1528.0,37995.53,34201.0,403.24,7729.0,4690.48,2.0,7,32,47,18,42,599000,1,1,1.0,1,2002.36,48087.25,527.0,-5942.0,272349.58,30207.0,11.0,7,11492.0,86844.8,22033.5,5,63,33717.0,41726.54,624.29,3,124,32429.0,Y,2051.82,current,M,33,MEDIUM,13.0,9,725.0,1,2.0
2625,2180,17310.0,702.05,3451.57,2852.425,2133.79,897.95,171.0,44.0,18,44,2,1,31,190000,1,1,1.0,1,213557.15,560000.0,1052.0,2351.0,311628.78,16807.0,69.0,28,53082.0,74400.55,17858.0,0,7,21443.0,6165.0,16606.0,3,22,66.0,Y,1116.15,saving,M,33,MEDIUM,10.4,1,723.0,1,5.0
2626,3604,6366.0,14002.56,15635.0,7709.49,4257.0,3075.0,2127.0,66.0,85,19,7,7,29,408000,1,1,1.0,1,101891.25,12971.0,12337.0,-5998.43994,36503.98,51363.0,91.0,4,31914.0,22668.25,9790.78,11,69,30900.0,126543.31,180007.0,6,1,27482.0,Y,1210.39,current,M,37,LOW,17.0,5,247.0,0,13.0
2627,3506,16189.0,913.0,2405.9,2563.49,966.0,2783.8,286.0,136.0,10,6,25,21,47,467000,1,1,1.0,1,24832.0,150000.0,69493.0,-5998.43994,37663.96,35940.0,10.0,36,7223.41,48197.11,37176.0,2,20,24598.0,30180.02,12283.0,117,12,46750.0,Y,11923.1,current,M,33,MEDIUM,3.9000000000000004,7,801.0,1,2.0
2628,17527,2943.0,38463.25,22619.93,3045.0,1152.0,3145.0,9270.0,12.0,99,87,8,1,67,39000,1,1,1.0,1,328504.5,273221.0,130000.0,6613.0,19750.0,20001.8,79.0,17,54976.0,81014.88,28529.65,6,50,20625.56,35645.12,22168.0,9,42,17070.0,Y,220.56,current,M,120,MEDIUM,30.0,2,445.0,1,10.0
2629,6067,8024.0,14769.71,14874.05,2596.0,17570.01,13121.0,869.0,92.0,4,1,20,7,54,49999,1,1,1.0,1,168265.55,12257.0,183999.0,3735.0,52222.03,88323.0,4.0,5,38113.0,22841.13,6062.0,6,59,89323.0,4404.73,86891.0,16,73,99001.0,Y,823.79,current,M,60,LOW,20.0,9,355.0,1,20.0
2630,19133,18101.0,10206.55,716.3,14618.33,451.0,7758.1,17681.0,6.0,7,6,8,2,47,125000,1,1,1.0,1,213557.15,225000.0,16215.0,1411.0,10417.51,1224.0,42.0,7,17872.0,17964.12,104530.12,1,20,41674.0,12696.0,27216.0,14,103,17902.0,Y,265.08,current,M,47,LOW,16.2,5,966.0,1,16.0
2631,5958,1216.0,19237.0,1315.0,6718.45,11209.0,13845.855,9270.0,19.0,10,72,26,2,47,359000,1,1,1.0,1,10535967.5,202560.0,78309.0,14509.0,16929.76,33613.0,46.0,6,48600.0,28967.43,80716.0,7,69,52971.0,12677.75,23896.0,3,18,13050.0,Y,3323.63,current,M,66,LOW,32.2,1,355.0,1,17.0
2632,19266,8856.0,9034.0,1673.06,4193.22,4400.9,4952.0,1634.0,4.0,65,27,2,18,6,19000,1,1,1.0,1,95.0,100934.0,12016.0,-4324.0,34728.0,43909.0,103.0,0,35439.0,37224.25,59868.21,4,35,55083.0,37793.84,60672.0,39,24,256626.0,Y,1326.09,current,M,29,MEDIUM,6.300000000000001,8,445.0,0,14.0
2633,11013,9305.0,17397.92,10381.0,6663.0,404.0,79374.5,903.0,4.0,81,4,12,12,42,191000,1,1,1.0,1,1269.2,25404.0,38599.0,1444.0,29267.1,29115.38,22.0,5,41441.0,33457.01,10809.56,1,5,87726.0,48088.92,41268.0,2,61,14900.0,Y,6003.45,current,M,62,MEDIUM,21.0,9,801.0,1,8.0
2634,16082,5289.0,84186.19,11217.0,13971.87,2693.0,1165.0,235.0,12.0,128,4,2,4,7,102000,1,1,1.0,1,2184.0,64491.0,24619.0,1332.0,42425.0,28879.86,3.0,36,81210.0,22177.2,50361.57,2,11,48516.0,59766.84,198370.47,3,58,37631.0,Y,1356.02,saving,M,63,MEDIUM,8.6,6,123.0,1,10.0
2635,13302,8205.0,16060.0,4420.96,16890.39,11276.0,5863.25,7153.0,531.0,26,135,3,26,34,784000,1,1,1.0,1,140291.6,59306.0,925.0,5439.0,265442.98,58053.0,36.0,2,17384.0,13895.9,27823.0,2,81,50150.0,19743.19,77781.0,42,12,19646.0,Y,650.28,current,M,40,MEDIUM,20.0,4,448.0,1,4.0
2636,3588,1587.0,9499.0,703.0,12776.11,7808.0,5647.26,325.0,19.0,85,27,2,25,42,232000,1,1,1.0,1,7713.51,79828.0,13873.0,167.0,50400.0,16782.0,35.0,3,55623.0,10074.5,6290.0,6,13,19019.0,63659.85,123525.0,6,58,24993.0,Y,111.45,current,M,31,MEDIUM,7.7,1,464.0,0,4.0
2637,4598,171122.0,6451.0,216.22,9262.97,4781.84,7317.185,7199.0,15.0,23,9,3,1,4,155000,1,1,1.0,1,76122.87,162288.3,583.0,6916.0,54135.85,153126.0,4.0,29,77883.0,32381.45,54650.0,6,67,53000.0,155937.39,143885.0,9,0,3700.0,Y,6004.43,current,M,66,MEDIUM,27.6,1,863.0,0,13.0
2638,14971,6033.0,4607.46,2290.57,9617.6,4887.0,3323.0,1911.0,7.0,9,4,1,3,4,199999,1,1,1.0,1,21511.8,165970.9,11580.0,-5942.0,73219.0,21161.88,35.0,9,21488.0,37436.13,29214.0,30,70,30120.0,272286.65,24946.0,18,24,24191.0,Y,18502.92,current,M,53,LOW,6.6000000000000005,6,588.0,0,7.0
2639,13645,17632.0,22238.3,5311.0,241.0,46531.0,15284.87,6719.85,26.0,31,4,2,6,17,371000,1,1,1.0,1,4088.71,14000.0,1446.0,6613.0,29287.11,28778.0,46.0,4,34400.0,46695.7,30103.0,2,16,13920.0,120906.23,30553.0,38,104,17320.0,Y,10388.71,current,M,34,MEDIUM,2.8000000000000003,6,737.0,1,6.0
2640,12424,12693.0,12627.005,1407.0,5952.15,787.0,6601.92,555.09,32.0,66,44,5,71,79,302000,1,1,1.0,1,71191.8,1187335.5,798.0,2819.0,40334.25,40560.0,46.0,1,4053.0,86081.88,76497.0,2,84,80500.0,31834.75,22434.5,62,38,20.0,Y,5247.31,current,M,27,MEDIUM,3.5,2,505.0,1,2.0
2641,16890,17074.0,7852.0,976.01,1689.68,1392.0,15866.5,1423.0,37.0,23,67,12,3,1,87000,1,1,1.0,1,419327.23,138475.4,25000.0,5350.0,24848.98,37586.62,42.0,4,37962.0,12410.0,121520.0,6,20,29146.0,56198.75,88042.26,6,22,38445.0,Y,7824.86,current,M,30,MEDIUM,3.0,5,123.0,1,12.0
2642,1884,16141.0,2264.8,1741.0,28368.54,3267.04,8245.0,12057.18,3.0,9,35,4,12,58,53000,1,1,1.0,1,238733.0,15957.0,6738.0,35346.0,778.5,14880.0,70.0,7,73441.39,14612.42,99177.85,2,46,36331.0,22856.0,6690.29,117,0,91468.0,Y,12533.31,saving,M,66,LOW,27.6,8,633.0,1,9.0
2643,15224,3277.0,28354.0,9760.0,10098.27,3955.23,22273.0,389.0,10.0,10,50,1,8,56,393000,1,1,1.0,1,293418.75,96096.0,23500.0,3897.0,93.25,40002.0,70.0,5,28562.0,41934.29,36589.0,43,50,65538.0,48494.1,36441.75,14,3,35241.0,Y,6661.36,current,M,66,MEDIUM,9.200000000000001,1,503.0,1,16.0
2644,16226,16405.0,6650.24,5529.96,1774.5,4914.0,33452.55,2372.0,52.0,13,27,4,1,31,147000,1,1,1.0,1,41070.0,280000.0,19400.0,6409.0,36.25,41985.0,16.0,17,95545.0,654841.79,188474.71,4,20,26397.0,69089.68,20811.25,9,11,13360.0,Y,15497.13,saving,M,30,MEDIUM,3.0,2,737.0,0,11.0
2645,13987,18896.0,63214.8,18516.7,4717.0,1513.0,8316.69,21126.0,50.0,9,13,2,2,3,371000,1,1,1.0,1,526.25,141473.07,2644.0,0.0,187964.07,98324.1,11.0,2,78860.0,74461.4,48364.0,42,20,56754.0,18216.7,43046.0,21,58,50687.39,Y,285.23,saving,F,28,LOW,6.4,4,523.0,1,11.0
2646,3909,396.0,17077.0,2814.0,24606.0,870.42,5677.5,779.0,1.0,26,16,1,3,4,472000,1,1,1.0,1,124064.65,12000.0,8333.0,2351.0,63414.62,68259.0,36.0,3,22237.0,97933.4,29310.0,1,29,19631.0,58240.63,19957.0,3,61,1769.0,Y,6334.2,current,M,223,LOW,162.4,2,516.0,1,12.0
2647,6942,11696.0,3949.74,5109.0,3549.28,3362.0,1118.6,1911.0,8.0,3,47,2,55,1,366000,1,1,1.0,1,1664.4,90829.65,6100.0,19765.0,26037.0,91364.91,70.0,2,24905.0,15908.75,144748.0,47,6,18424.0,39802.77,33200.0,6,106,180827.0,Y,2383.8,current,M,46,HIGH,23.400000000000002,8,887.0,1,12.0
2648,18197,2367.0,7003.1,87.0,3056.825,4411.4,3416.8,3718.67,4.0,66,35,2,2,47,120000,1,1,1.0,1,12.19,100934.0,678.0,6885.0,43200.25,23441.0,5.0,13,11134.0,28959.46,35696.0,23,108,103685.0,29140.46,272424.94,2,3,37078.0,Y,1717.55,current,F,42,MEDIUM,4.4,1,855.0,1,14.0
2649,3254,115670.0,8077.69,1700.0,20027.55,2133.0,7254.8,7240.0,5.0,85,85,48,3,3,226000,1,1,1.0,1,46451.38,52098.99,96497.0,5730.0,113794.0,47153.91,69.0,26,15771.0,11483.4,15163.0,47,171,28206.0,95629.99,28084.0,58,1,27894.0,Y,2605.91,saving,M,27,HIGH,6.300000000000001,2,511.0,1,9.0
2650,13801,339644.0,17404.45,4022.52,13779.85,2337.15,9410.05,3506.0,2.0,84,9,50,51,8,232000,1,1,1.0,1,960000.0,117890.0,6100.0,26601.0,44024.12,241463.96,77.0,1,23916.0,269368.62,114910.0,35,20,28151.0,35670.85,44382.75,7,104,3612.0,Y,5312.97,saving,M,55,LOW,31.5,8,799.0,1,14.0
2651,17423,3270.0,37780.93,2372.0,35854.0,173.0,71597.36,577.8,1.0,7,32,1,15,10,483000,1,1,1.0,1,4230125.0,96096.0,3792.0,2000.0,34701.64,24913.5,94.0,35,35836.0,97556.36,26755.91,2,13,1750.0,28018.86,38997.5,13,7,32336.0,Y,22377.39,current,M,50,LOW,27.0,7,865.0,1,3.0
2652,10153,6326.0,9459.23,2782.94,36138.86,162.0,1333.0,6109.0,1.0,56,67,3,14,3,581000,1,1,1.0,1,60050.0,1084598.7,183999.0,8723.0,87952.75,45887.0,147.0,3,34887.0,41884.84,71212.0,6,44,15183.0,29917.75,18626.15,4,6,104.0,Y,525.52,current,M,33,LOW,5.2,6,536.0,1,12.0
2653,4744,17421.0,10784.65,3491.0,827.0,494.04,72120.0,32806.08,92.0,10,87,47,44,6,28000,1,1,1.0,1,140291.6,6574.31,631.0,1500.0,90919.11,130238.0,63.0,5,25354.0,32594.16,25907.92,1,6,34617.0,66607.64,20069.0,6,57,45228.0,Y,3227.45,current,M,32,LOW,12.0,7,686.0,1,15.0
2654,10104,338335.0,19852.94,2773.0,4496.5,25572.0,3450.5,4651.0,8.0,9,35,1,16,1,302000,1,1,1.0,1,144293.83,119898.8,5540.0,26601.0,30134.21,50536.0,41.0,4,25906.0,1803.47,40254.0,9,70,17633.0,44197.49,30549.95,16,13,109400.0,Y,16391.71,current,F,55,MEDIUM,31.5,2,958.0,1,12.0
2655,8440,6769.0,4711.56,563.45,8406.11,1256.25,10961.5,9089.0,2.0,23,110,10,3,1,68250,1,1,1.0,1,101891.25,22400.0,1633.0,-12179.0,44960.0,97278.5,10.0,36,113000.0,44396.63,169247.87,5,14,91812.0,45620.67,552937.48,14,21,763.17,Y,58788.88,current,M,27,MEDIUM,6.300000000000001,7,966.0,1,10.0
2656,9702,19076.0,509.5,1633.14,22064.5,50144.16,7826.5,1226.0,6.0,4,49,24,2,79,300000,1,1,1.0,1,73010.0,992890.32,23500.0,2351.0,60874.45,50196.55,103.0,26,37415.68,41880.23,20191.5,11,20,15483.0,300179.6,110890.88,3,50,22523.0,Y,930.19,current,F,66,MEDIUM,9.200000000000001,9,743.0,1,15.0
2657,2401,16354.0,13716.89,4873.0,28187.5,5617.0,10775.0,1172.0,531.0,1,9,2,3,29,576000,1,1,1.0,1,291969.2,31000.0,43798.0,19453.0,48464.0,43675.0,42.0,19,44104.0,67831.28,92922.5,6,16,735.0,22644.0,138974.0,1,9,9300.0,Y,10373.84,current,M,62,MEDIUM,42.0,10,315.0,0,15.0
2658,11524,15726.0,2870.73,3623.0,1693.76,1068.08,14012.25,6179.6,8.0,6,20,5,60,2,16000,1,1,1.0,1,127004.3,50000.0,6966.0,-4664.0,5816.57,49664.38,63.0,0,25296.0,26886.27,78287.17,1,81,27906.0,51097.0,52710.0,6,104,28601.0,Y,5190.14,current,M,34,MEDIUM,4.2,6,385.0,0,2.0
2659,6083,8657.0,3861.91,2537.0,12188.84,2371.19,12399.025,298.0,136.0,77,50,20,4,30,232000,1,1,1.0,1,130319.0,120000.0,13873.0,-5439.0,184432.35,15142.0,16.0,28,23815.0,36780.0,111669.79,7,171,40892.0,108486.02,50918.0,43,50,62364.24,Y,2406.72,current,M,38,LOW,10.8,10,249.0,1,15.0
2660,2798,9597.0,12554.44,20759.0,6268.0,9324.56,10423.0,9890.21,100.0,23,653,62,3,79,481000,1,1,1.0,1,2242.35,460000.0,4367.0,-5942.0,10303.9,40597.37,11.0,1,18433.0,84608.85,22681.0,3,6,34583.0,7159.9,133688.0,47,18,170616.84,Y,5070.46,saving,M,31,MEDIUM,6.6000000000000005,5,247.0,0,19.0
2661,6952,6996.0,25378.48,4493.71,7831.16,1324.0,373.0,47644.0,28.0,85,29,41,44,37,293000,1,1,1.0,1,5457.0,107692.0,768.0,-6301.0,186529.72,40298.0,42.0,2,23902.0,53287.25,42154.0,3,82,37010.0,19954.37,33630.25,117,38,15340.0,Y,7592.74,current,M,120,LOW,90.0,9,799.0,1,14.0
2662,18945,2340.0,2428.81,4017.0,5932.32,4948.0,46184.0,568.0,43.0,2,27,1,7,12,466000,1,1,1.0,1,225823.8,234459.4,2156.0,6916.0,44134.77,38030.0,35.0,23,25563.0,128891.21,44209.0,7,4,87330.0,41268.19,41088.87,2,12,34187.0,Y,5861.8,current,M,58,LOW,34.2,3,355.0,0,2.0
2663,3643,12390.0,11184.23,566.0,6916.12,963.24,4639.75,492.0,2.0,50,10,4,14,3,145000,1,1,1.0,1,871.5,32000.0,536.0,-4679.0,42099.45,65124.81,11.0,25,37287.0,30871.1,1200262.0,11,12,10280.0,58337.75,59951.04,6,6,13813.0,Y,2244.32,current,M,40,MEDIUM,16.0,8,746.0,1,7.0
2664,15607,308079.0,23692.02,5436.89,55394.75,7695.0,125617.0,3487.61,100.0,31,67,2,2,79,371000,1,1,1.0,1,17377.25,145000.0,16114.0,6613.0,50738.03,158870.0,91.0,6,60856.0,131011.68,112522.4,1,13,34336.0,56185.65,50667.0,14,12,35324.0,Y,237.96,current,F,37,MEDIUM,11.9,1,866.0,1,18.0
2665,18919,8010.0,9457.0,2263.5,22603.43,690.48,13356.0,1292.95,5.0,22,27,1,1,79,494000,1,1,1.0,1,75240.45,14000.0,12000.0,-5439.0,126054.7,132428.0,91.0,1,65605.0,46365.04,163475.5,0,171,40892.0,25764.47,22591.81,2,18,21816.0,Y,178.6,current,M,35,MEDIUM,12.0,2,867.0,1,7.0
2666,18179,18680.0,48158.1,61362.92,6542.84,1297.84,32541.0,150.0,26.0,9,71,1,9,37,340000,1,1,1.0,1,53530.07,165970.9,550.0,9415.0,80362.12,130735.0,29.0,1,31907.0,45578.67,101543.0,2,11,32520.0,50196.18,17795.0,14,124,19576.0,Y,3917.78,current,M,62,MEDIUM,16.8,7,249.0,1,5.0
2667,18186,171686.0,11877.63,986.0,42936.0,302.0,1366.0,1486.0,14.0,18,82,47,2,37,416000,1,1,1.0,1,2135000.0,142608.5,1727.0,5730.0,167111.01,33439.0,77.0,7,38840.0,26102.04,20174.0,1,17,106700.0,45455.06,43527.75,6,52,73787.0,Y,10277.05,current,M,34,MEDIUM,4.2,1,882.0,1,10.0
2668,3541,301394.0,2085.8,15715.76,26572.03,6212.53,7317.185,3026.0,7.0,56,84,4,36,1,232000,1,1,1.0,1,115.45,680956.4,505.0,3323.0,18829.9,21878.0,16.0,1,208339.0,115382.23,45733.0,3,14,63691.0,61533.11,29381.0,1,58,39834.0,Y,5048.42,current,M,31,MEDIUM,3.3000000000000003,2,374.0,1,6.0
2669,17012,1327.0,17282.32,2509.0,7367.36,11974.77,13930.0,1754.0,57.0,10,30,50,3,56,84000,1,1,1.0,1,116122.65,105000.0,851.0,8723.0,16178.72,27532.37,42.0,2,54976.0,39087.26,30781.0,2,29,63112.0,80656.99,49927.0,6,57,51038.0,Y,608.86,current,M,42,MEDIUM,4.4,2,516.0,1,18.0
2670,534,18341.0,1041.96,5374.35,16158.47,429.0,67476.0,2414.0,15.0,32,74,25,1,37,83000,1,1,1.0,1,115818.74,280000.0,2644.0,8572.0,46007.2,25019.41,18.0,6,50040.0,82201.5,71737.42,20,40,247558.0,152825.19,55554.0,6,96,166000.0,Y,2748.24,current,M,34,MEDIUM,14.0,5,268.0,0,4.0
2671,8593,6905.0,6389.5,3986.0,8428.2,1513.0,7888.0,474.0,9.0,71,5,1,14,16,155000,1,1,1.0,1,2666.4,46500.0,4000.0,20324.0,46416.25,55192.0,84.0,3,31094.2,110610.9,20095.0,2,21,51929.0,12884.63,108611.0,94,83,71683.0,Y,1871.89,saving,M,35,LOW,12.0,10,537.0,1,14.0
2672,9541,4753.0,22700.13,12880.0,17794.53,772.0,40122.81,2422.01,7.0,11,105,8,14,1,579000,1,1,1.0,1,87526.1,157000.0,4367.0,173.0,54317.0,9418.0,29.0,2,40897.75,29805.2,79208.0,1,81,14957.0,81462.97,43090.0,7,12,22903.0,Y,12432.08,current,M,33,MEDIUM,5.2,4,464.0,0,16.0
2673,12204,11224.0,10106.98,3009.0,11029.59,3888.8,16779.19,1811.0,1.0,93,5,1,37,56,472000,1,1,1.0,1,12850544.36,202560.0,72000.0,0.0,21610.0,27433.0,42.0,5,22091.0,154676.33,12765.0,2,6,23462.0,47946.08,15675.0,47,103,40048.0,Y,941.03,current,M,56,MEDIUM,3.6,8,454.0,1,7.0
2674,2502,12680.0,775.0,26568.73,699.5,18653.0,826.15,777.0,6.0,11,49,54,1,55,383000,1,1,1.0,1,165907.57,33700.0,583.0,4153.0,69803.2,53795.0,7.0,35,34651.0,38515.01,68320.13,42,29,16926.9,28003.6,50699.0,4,12,31521.0,Y,7362.18,current,M,42,MEDIUM,11.0,2,889.0,1,7.0
2675,952,14033.0,2416.22,8409.27,23259.88,10000.33,4342.34,5693.24,1.0,30,13,3,2,1,340000,1,1,1.0,1,3673955.0,18300.0,2019.0,-402.0,30801.0,8265.0,90.0,6,97788.0,33017.0,67243.74,6,81,32550.0,34337.76,33591.0,18,113,249000.0,Y,1141.16,current,M,66,LOW,36.800000000000004,9,424.0,1,10.0
2676,18094,15210.0,3611.42,1985.02,10207.11,1460.0,2139.25,6886.0,6.0,43,61,20,2,79,125000,1,1,1.0,1,331.2,143000.0,2644.0,5730.0,59288.25,6137.0,42.0,4,1334.0,35311.77,32894.0,7,35,22011.0,9140.0,11040.87,42,76,19840.0,Y,6204.1,current,M,219,MEDIUM,79.60000000000001,4,296.0,0,15.0
2677,7402,7639.0,303505.75,36242.82,1228.78,3478.36,4022.17,2123.0,26.0,8,64,45,8,80,324000,1,1,1.0,1,111.0,5439.0,50000.0,6916.0,314791.74,100756.0,20.0,43,35953.0,20553.92,22827.0,2,63,2168.0,80914.52,127017.0,4,37,106283.0,Y,115679.2,current,M,30,MEDIUM,3.0,6,836.0,0,14.0
2678,12093,15480.0,1323.0,2076.5,311.06,63028.1,53671.0,2346.94,16.0,27,112,1,2,1,44000,1,1,1.0,1,41883.6,189246.0,2644.0,3897.0,78964.88,367218.0,20.0,1,61134.0,11099.63,23692.0,43,50,27869.0,26876.62,4513.0,36,0,35788.26,Y,5708.13,current,M,27,MEDIUM,6.300000000000001,8,966.0,1,20.0
2679,3641,3061.0,7751.35,5867.0,3957.24,2639.6,21796.525,22520.0,10.0,18,87,1,16,68,102000,1,1,1.0,1,600650.0,100000.0,1727.0,0.0,158132.99,18494.0,11.0,1,36764.0,27768.7,5071.0,1,5,14032.0,153612.94,26517.0,3,13,35788.26,Y,878.64,current,F,40,MEDIUM,10.0,3,269.0,1,6.0
2680,8331,8525.0,13007.5,1143.52,24082.54,8537.77,3760.0,5898.19,63.0,84,30,1,1,98,232000,1,1,1.0,1,3080625.0,120541.0,12000.0,0.0,59159.14,45267.0,24.0,36,65290.0,49390.97,39324.0,50,81,22447.0,38303.75,12846.0,12,18,247681.0,Y,712.23,current,F,35,MEDIUM,4.5,6,974.0,0,5.0
2681,16452,7687.0,33572.01,2770.0,34271.78,2131.0,1778.0,11399.34,67.0,5,102,24,6,74,212500,1,1,1.0,1,4039029.9,134890.0,19400.0,10210.0,34699.63,65183.0,24.0,0,24166.0,41577.47,145254.0,31,78,21195.0,105274.49,18827.0,7,83,84910.0,Y,685.28,current,F,35,LOW,13.5,8,299.0,1,5.0
2682,11563,1033.0,8756.61,3920.0,9980.61,1495.0,12097.0,6344.0,531.0,50,2,10,31,47,524000,1,1,1.0,1,6264.25,278360.16,230000.0,19453.0,10196.0,29955.0,18.0,11,40823.0,49875.27,51119.0,43,20,17960.0,68143.0,22870.0,8,1,27531.0,Y,4037.31,current,M,35,MEDIUM,12.0,6,249.0,1,14.0
2683,17780,11697.0,904.14,15551.34,9024.97,278.44,2844.125,4651.0,6.0,18,3,2,2,17,378000,1,1,1.0,1,74899.55,13299.0,6100.0,1931.0,27562.74,54767.0,36.0,1,19632.0,197296.97,77295.0,1,9,17876.0,7801.0,184484.0,2,21,2730.0,Y,40372.05,current,M,32,MEDIUM,6.0,8,330.0,1,17.0
2684,9985,14025.0,6531.01,452.4,16763.99,6745.0,740.8,214.0,32.0,10,46,53,37,4,98000,1,1,1.0,1,39853.9,22400.0,30011.0,-4664.0,63213.94,56976.07,5.0,36,19148.0,91850.24,57334.5,6,4,54381.0,28859.96,40801.6,6,13,102280.83,Y,774.28,current,M,33,MEDIUM,11.700000000000001,5,574.0,0,4.0
2685,14448,6225.0,18309.7,24024.13,1564.42,3167.97,4755.0,7220.0,9.0,2,117,3,2,55,350000,1,1,1.0,1,53374.97,191000.0,16114.0,1444.0,59041.2,16901.0,50.0,2,24136.0,34709.0,74171.0,24,20,25655.0,18722.0,45424.0,117,21,2659.0,Y,9020.87,saving,F,32,MEDIUM,4.800000000000001,4,805.0,1,8.0
2686,14390,10826.0,4571.92,4810.0,17892.36,2162.76,18875.99,3891.73,8.0,15,29,22,2,11,381000,1,1,1.0,1,4323.0,2436.91,12000.0,-5998.43994,38940.75,24531.0,52.0,5,49870.0,28533.15,27617.0,4,82,193787.0,120035.54,65932.33,38,18,16002.0,Y,2292.61,current,M,60,MEDIUM,40.0,6,743.0,1,6.0
2687,18475,14851.0,26813.65,946.0,19635.7,5297.04,30165.7,3663.0,3.0,10,4,1,1,70,294000,1,1,1.0,1,33784.35,86000.0,105000.0,5340.0,3863.0,195383.26,18.0,4,48214.0,26975.29,93818.36,5,8,16100.0,31077.76,41560.75,94,22,72228.41,Y,946.53,current,M,58,MEDIUM,22.8,9,956.0,1,17.0
2688,2173,27.0,15066.42,4345.52,27704.59,1032.26,11154.7,5966.0,7.0,37,35,1,18,79,378000,1,1,1.0,1,23221.65,100000.0,15654.0,5773.0,59174.76,38550.44,36.0,4,30197.0,44004.38,33731.0,24,7,37498.0,10764.57,38711.5,6,24,23602.0,Y,10600.86,saving,M,37,LOW,1.7000000000000002,9,268.0,1,9.0
2689,13874,7970.0,1569.39,9651.5,6670.0,9107.36,3851.0,16434.0,24.0,26,87,18,18,36,286000,1,1,1.0,1,5215.0,13299.0,25000.0,5340.0,244277.49,37433.0,67.0,26,18360.0,44107.0,15281.76,43,82,13184.0,61722.29,18277.0,14,96,148304.0,Y,12370.12,current,M,58,MEDIUM,11.4,3,243.0,1,12.0
2690,15746,2478.0,2643.87,14851.0,4151.78,10045.0,8245.0,5019.55,18.0,66,653,5,25,4,429000,1,1,1.0,1,4.5,64215.6,34550.0,6916.0,14074.0,173349.0,77.0,1,26497.0,101479.68,57225.0,2,44,29240.0,10856.57,56319.38,49,38,53742.0,Y,7770.03,current,M,33,MEDIUM,13.0,6,249.0,1,4.0
2691,17280,8558.0,6100.46,6946.01,9341.88,1460.5,21654.0,1030.0,63.0,10,9,42,12,42,290000,1,1,1.0,1,16317860.0,409168.15,13873.0,886.0,122306.12,32339.0,35.0,35,26724.0,86726.92,45240.0,2,5,2345.0,55567.64,29039.0,6,7,42043.0,Y,199.08,current,M,32,LOW,1.2000000000000002,9,385.0,0,18.0
2692,2804,1570.0,38439.19,3831.0,6277.51,28591.0,21342.0,15861.0,24.0,3,4,5,1,5,225000,1,1,1.0,1,8209320.0,3084.5,48950.0,5439.0,1474.76,49686.0,46.0,0,293034.0,136683.13,60412.36,0,82,17508.0,13798.9,175259.0,7,80,1120.0,Y,21718.02,saving,M,27,LOW,5.6000000000000005,7,464.0,1,16.0
2693,5361,3099.0,6111.02,597.01,1305.5,19444.11,3117.3,761.87,6.0,23,50,57,12,36,16000,1,1,1.0,1,36368.7,537476.4,11580.0,5340.0,44065.5,129470.0,24.0,36,29769.0,202182.13,131619.0,2,20,26280.0,36451.96,16731.0,1,6,30296.0,Y,22490.14,current,F,61,LOW,41.0,2,858.0,0,3.0
2694,16257,141291.0,8746.0,2370.0,12109.3,770.0,5372.0,8794.09,5.0,85,71,5,21,3,425000,1,1,1.0,1,496065.0,64491.0,508.0,8572.0,22022.24,157017.0,15.0,30,21687.0,41347.8,54182.0,7,82,141361.0,83154.0,69062.0,4,79,2780.0,Y,942.97,saving,M,30,MEDIUM,9.0,1,653.0,1,6.0
2695,12587,14947.0,12012.84,4511.0,2833.53,487.0,16653.655,7281.0,3.0,56,49,1,27,22,75000,1,1,1.0,1,151000.0,234459.4,766.0,0.0,25668.55,90948.0,11.0,36,78982.0,16042.01,55367.0,3,70,33200.0,33208.32,67558.17,8,35,33754.0,Y,82111.83,current,M,58,MEDIUM,34.2,7,801.0,1,18.0
2696,1707,19777.0,4145.56,1839.01,12337.58,4088.02,1261.25,542.14,4.0,27,67,12,23,12,27000,1,1,1.0,1,54860.05,118856.1,25524.0,977.0,65089.0,39724.0,95.0,1,57194.0,86622.36,49798.86,1,20,76920.0,67739.77,49931.0,2,83,16741.0,Y,37271.72,current,M,28,LOW,6.4,2,865.0,0,11.0
2697,17817,15366.0,36507.92,2232.84,11101.0,6570.04,25951.0,3519.0,531.0,10,16,5,2,55,256000,1,1,1.0,1,46730.2,67555.67,230000.0,2008.0,18273.99,22106.0,23.0,17,125461.0,36044.0,2469.0,1,7,21884.0,182130.17,48745.28,93,79,25132.0,Y,2629.87,current,M,58,MEDIUM,26.6,5,656.0,1,10.0
2698,8635,14248.0,29606.25,35703.89,3088.03,585.0,12333.0,4258.76,14.0,10,50,5,6,13,505000,1,1,1.0,1,684495.7,142608.5,8060.0,1245.0,25386.23,75715.39,4.0,6,17829.0,156176.25,35184.0,43,81,89323.0,123124.0,22359.0,5,103,61510.0,Y,5367.88,current,M,53,MEDIUM,13.200000000000001,2,626.0,0,11.0
2699,1258,123369.0,7711.0,3486.0,27334.77,2086.64,11720.415,9816.0,2.0,10,2,1,1,5,44000,1,1,1.0,1,32200.0,385218.7,1526.0,3983.0,68115.87,67351.5,89.0,2,15794.0,167917.32,296236.5,3,108,2734.25,120902.89,58842.58,3,35,13866.0,Y,1793.96,current,M,40,MEDIUM,18.0,8,966.0,1,3.0
2700,17932,2979.0,39773.37,2949.0,8848.0,2725.0,10376.0,8369.0,4.0,3,6,20,1,2,35800,1,1,1.0,1,55700.0,861640.54,925.0,1500.0,1527.0,5252.0,70.0,35,16797.0,37865.92,26550.0,3,20,19320.0,10441.93,54491.0,2,3,53202.0,Y,192.98,current,M,29,LOW,2.7,7,805.0,0,2.0
2701,4671,1866.0,4430.0,18893.68,18128.72,814.0,5169.0,200.0,531.0,37,50,41,3,6,431000,1,1,1.0,1,825.0,8000.0,643.0,-5942.0,32134.98,102219.3,20.0,19,22755.0,42816.38,42027.32,1,75,16145.0,76783.45,196080.0,4,63,9261.0,Y,515.15,current,M,58,LOW,26.6,9,858.0,1,5.0
2702,10001,12878.0,1336.62,8090.0,9485.5,11059.4,1367.0,8683.0,44.0,9,4,53,25,5,330000,1,1,1.0,1,59703.93,68663.61,37274.0,2921.0,93043.32,243132.59,46.0,3,25277.0,27154.51,77709.0,17,82,24851.61,57179.5,46830.0,7,100,29171.0,Y,3156.86,current,M,28,MEDIUM,7.2,4,254.0,1,6.0
2703,6273,14419.0,6960.58,3803.0,1999.54,11532.99,1889.0,10882.0,80.0,23,50,3,6,77,326250,1,1,1.0,1,46730.2,105000.0,49000.0,-6301.0,16312.92,66568.0,69.0,1,13441.0,74486.31,238.58,2,13,140441.82,48295.38,51071.0,6,13,20472.0,Y,2718.2,saving,M,27,LOW,1.4000000000000001,10,631.0,0,9.0
2704,11990,1908.0,12385.43,346.0,33382.0,86.0,4391.955,1574.0,5.0,10,74,3,26,18,114000,1,1,1.0,1,3101.3,31000.0,11580.0,19765.0,66477.88,20076.0,52.0,55,25140.0,13942.96,18935.0,2,21,17509.0,69704.43,44087.0,6,13,62247.0,Y,51.57,current,M,32,MEDIUM,3.6,7,268.0,1,5.0
2705,4786,93951.0,19071.33,2743.0,16458.0,13010.69,4345.52,2277.0,7.0,13,11,8,1,47,138000,1,1,1.0,1,34786785.0,106398.0,14550.0,10210.0,7800.92,22421.0,8.0,43,43405.0,120513.85,678.0,3,6,94308.0,130.0,74491.13,13,10,139352.0,Y,8673.4,current,M,33,MEDIUM,11.700000000000001,7,887.0,1,17.0
2706,14962,14936.0,26364.2,614.0,848.22,4379.0,8802.0,26595.0,5.0,30,11,25,4,20,273000,1,1,1.0,1,970271.35,1194405.5,925.0,12415.0,45594.36,19115.0,55.0,17,24556.0,657865.99,14570.0,2,171,9473.0,42671.12,292756.0,94,83,256626.0,Y,842034.38,current,M,53,MEDIUM,9.9,10,957.0,0,3.0
2707,18328,9906.0,15718.0,1944.0,16343.73,29417.0,75099.0,7837.0,57.0,15,1,10,1,47,306000,1,1,1.0,1,62217.0,90829.65,73217.0,5340.0,1599.25,173945.27,87.0,2,497836.0,44379.44,19020.0,3,5,27624.0,5870.75,11574.0,3,1,17736.0,Y,1002.95,saving,M,56,LOW,7.2,7,331.0,0,8.0
2708,16813,9595.0,18289.16,6594.0,4576.47,3446.76,59585.55,463.73,52.0,39,19,35,18,10,75000,1,1,1.0,1,94493.75,25404.0,39389.0,1500.0,36481.55,86537.0,59.0,2,102124.0,35229.15,28740.0,4,5,6595.0,90950.62,19919.0,8,12,1900.0,Y,4058.65,current,M,60,MEDIUM,40.0,7,466.0,1,3.0
2709,16020,17981.0,15576.0,325.52,14896.0,1232.0,3095.455,1632.0,8.0,7,13,1,2,2,34000,1,1,1.0,1,293418.75,65480.0,12016.0,5773.0,96932.5,128058.0,40.0,30,253644.0,49618.4,27823.0,2,8,21808.0,76343.64,32593.0,46,18,80853.0,Y,4179.63,current,M,42,LOW,22.0,5,683.0,0,6.0
2710,6031,10142.0,947.9,4398.5,5593.24,2371.0,12386.905,21126.0,3.0,10,84,8,2,16,263000,1,1,1.0,1,115.45,159415.3,18389.0,-4664.0,6009.29,7209.0,55.0,5,20.0,72614.74,120620.0,1,70,158430.0,41170.25,866856.75,11,39,27503.0,Y,685.88,current,M,64,MEDIUM,13.200000000000001,3,958.0,1,12.0
2711,7956,19648.0,3062.02,16851.63,17903.4,14156.41,9555.0,2027.0,92.0,6,2,18,17,1,59000,1,1,1.0,1,1424.5,46500.0,12337.0,4314.0,49192.88,61114.04,2.0,9,19805.0,31785.33,5349.0,3,11,20930.0,30749.03,1814341.0,94,10,21480.0,Y,4935.93,current,F,31,LOW,7.7,8,647.0,0,12.0
2712,17198,38650.0,21441.0,646.0,31449.31,34689.0,4870.5,4715.0,8.0,30,50,1,11,11,84000,1,1,1.0,1,19866.0,76365.24,500718.0,2921.0,5372.97,1658.0,90.0,6,29887.0,47574.6,20632.0,47,75,21933.0,35401.91,29262.0,2,12,22672.0,Y,103565.55,saving,M,32,MEDIUM,6.0,6,743.0,1,2.0
2713,15983,12333.0,3537.9,1962.0,5998.38,25337.0,1510.56,944.0,7.0,99,32,2,16,1,408000,1,1,1.0,1,161704.0,201000.0,8060.0,2008.0,103752.46,35144.5,10.0,1,51993.0,17661.9,32731.5,10,20,25655.0,28039.62,16286.0,5,103,35241.0,Y,2489.08,current,M,30,LOW,5.0,6,346.0,1,12.0
2714,1268,6802.0,28322.25,2915.0,6529.53,6952.0,1305.14,36829.94,531.0,10,35,42,2,74,199999,1,1,1.0,1,566914.0,61022.63,56305.0,173.0,70310.23,24909.46,95.0,1,1300.0,7153.9,11705.0,2,44,12124.0,77377.96,30189.0,40,1,62979.0,Y,963.72,saving,M,35,MEDIUM,7.5,5,247.0,1,20.0
2715,11514,18313.0,44008.31,20105.2,92391.27,7292.0,5992.795,1959.08,7.0,1,2,3,4,1,56000,1,1,1.0,1,8554.5,3651000.0,3975.0,1522.0,129.25,28470.5,86.0,13,21800.0,20779.0,22932.0,3,171,32383.0,81885.75,186129.93,9,65,20271.0,Y,946.22,saving,M,62,MEDIUM,37.800000000000004,9,258.0,0,11.0
2716,614,16187.0,12793.97,22799.68,1000.42,2722.93,8123.835,4732.0,3.0,71,3,21,25,17,352000,1,1,1.0,1,21220.0,191000.0,96497.0,10210.0,648.25,48746.0,147.0,36,40989.0,11785.66,71093.0,43,16,38822.0,100517.66,25008.0,40,9,17915.0,Y,766.26,current,M,223,LOW,182.70000000000002,10,836.0,1,14.0
2717,19523,334783.0,1146.0,691.0,21628.26,2591.21,17355.0,654.0,101.0,4,10,3,1,37,100000,1,1,1.0,1,5383.25,1423567.1,50000.0,2000.0,26593.73,482000.81,5.0,7,15168.0,4359.0,11290.0,3,20,228175.0,57490.0,60610.25,117,79,30588.0,Y,4943.44,current,M,29,MEDIUM,7.2,3,314.0,0,3.0
2718,19736,6817.0,5265.52,919.0,4447.16,748.0,25521.5,4695.65,44.0,10,2,3,46,79,39000,1,1,1.0,1,41883.6,33668.0,30011.0,903.0,65211.18,403096.0,49.0,11,29485.0,2502.03,17041.0,3,29,11999.0,19809.97,30788.0,18,65,20274.0,Y,204.98,current,M,42,MEDIUM,22.0,7,863.0,1,9.0
2719,4959,8426.0,7952.79,4694.0,8045.58,20056.0,11886.0,4185.0,6.0,44,7,12,36,8,296000,1,1,1.0,1,81142.25,157624.24,5979.0,4314.0,7117.25,205652.0,46.0,26,64208.0,3151.73,128857.0,11,108,31930.0,195408.2,1775.0,36,133,28677.0,Y,2392.6,current,M,33,MEDIUM,11.700000000000001,8,465.0,1,19.0
2720,14343,19967.0,10538.58,3943.58,11571.0,3692.0,7747.0,20185.0,6.0,71,59,44,2,44,19000,1,1,1.0,1,871.5,161648.0,3000.0,12415.0,107245.53,45111.0,90.0,4,46446.0,59420.35,222103.8,70,12,8984.5,147961.0,54277.0,13,3,123.0,Y,614.53,current,M,55,MEDIUM,28.0,10,883.0,0,20.0
2721,16006,9026.0,11829.92,5476.03,41689.05,1045.0,41684.0,4695.52,3.0,23,59,3,12,44,156000,1,1,1.0,1,61186.36,25404.0,54101.0,35346.0,96997.67,41436.0,42.0,31,27048.0,200028.28,58910.0,0,81,117500.0,20613.0,76738.0,8,79,30753.0,Y,5589.15,current,M,63,MEDIUM,25.8,9,866.0,1,3.0
2722,16221,9241.0,1244.0,2689.0,27530.13,248.9,2475.46,1474.0,4.0,23,16,2,62,3,191000,1,1,1.0,1,1674.4,1372927.14,28912.0,0.0,44539.75,13719.0,4.0,4,176879.0,109546.7,47842.24,2,50,375500.0,22453.0,18794.44,8,24,26033.0,Y,6813.47,current,M,27,MEDIUM,4.9,3,639.0,0,6.0
2723,1567,13091.0,8077.69,31971.03,9322.48,2581.0,7975.0,3457.55,2.0,2,74,3,15,11,350000,1,1,1.0,1,12869465.0,64491.0,12500.0,8572.0,27682.26,64774.48,5.0,36,25346.0,8996.33,231964.0,7,63,15046.0,34873.0,53525.0,10,79,5820.0,Y,11925.31,current,M,62,MEDIUM,12.600000000000001,3,638.0,1,7.0
2724,19018,14927.0,1382.0,9673.14,12586.64,7347.0,18878.5,9563.03,7.0,3,50,21,38,42,533000,1,1,1.0,1,68640.0,234459.4,8060.0,903.0,117140.41,195704.0,5.0,13,103141.0,27807.5,227686.0,7,13,98830.0,26564.24,30379.0,3,83,16522.36,Y,5499.49,saving,M,47,LOW,18.900000000000002,3,265.0,1,7.0
2725,19464,18046.0,15683.0,3897.72,1650.19,13329.11,16745.44,4203.0,25.0,46,69,3,12,79,373000,1,1,1.0,1,15279.79,43545.0,3975.0,12415.0,12124.0,27421.0,52.0,4,26451.36,2979.89,94422.0,2,20,18818.0,73172.52,60827.0,3,32,66758.0,Y,4598.63,current,M,55,MEDIUM,7.0,5,243.0,1,17.0
2726,3305,140390.0,14602.07,5814.0,16807.54,26607.0,1281.56,6707.91,5.0,9,47,11,4,17,784000,1,1,1.0,1,2203.0,119831.0,4699.0,6613.0,53236.09,26166.0,12.0,36,58566.0,29625.38,15072.0,10,25,29750.0,67065.0,31382.0,5,32,239.0,Y,488.73,current,M,32,MEDIUM,12.0,7,537.0,0,11.0
2727,8464,10736.0,8238.72,14550.0,4407.62,932.41,8877.0,251.57,56.0,14,5,21,2,79,193730,1,1,1.0,1,137553.95,13299.0,8333.0,6409.0,25754.81,52560.5,29.0,31,63300.0,14778.53,222345.34,6,4,31205.0,15285.78,30001.83,5,36,16689.0,Y,7384.04,current,M,66,LOW,27.6,1,799.0,1,3.0
2728,16913,8864.0,8496.5,5114.0,4678.0,2551.0,2961.5,4514.0,8.0,10,50,20,4,3,184000,1,1,1.0,1,253302.0,45000.0,33774.0,553.0,29237.37,21688.0,39.0,0,22857.0,73537.73,26274.0,3,8,18544.0,64982.66,55830.86,117,12,8548.0,Y,3126.92,saving,M,33,MEDIUM,13.0,1,330.0,1,7.0
2729,3874,966.0,12771.44,614.0,8019.5,450.0,12970.0,868.5,3.0,26,64,15,2,6,17000,1,1,1.0,1,8556.25,64491.0,2841.0,8723.0,32790.55,28454.0,5.0,3,8086.0,48848.43,30192.0,23,36,43270.0,45622.0,35602.68,3,73,105122.0,Y,971.98,current,M,66,MEDIUM,9.200000000000001,2,927.0,1,2.0
2730,9627,8281.0,42007.21,3567.0,42756.18,25584.0,7048.0,5206.0,1.0,42,7,8,51,47,301000,1,1,1.0,1,15961.9,117890.0,1526.0,1332.0,31454.36,54181.99,6.0,15,94300.0,56738.89,5192.0,3,25,68760.77,69396.0,33202.0,1,9,45223.0,Y,11084.29,current,M,38,LOW,5.4,10,614.0,1,11.0
2731,11079,15708.0,42799.26,3902.0,30450.0,5816.0,23551.81,2001.0,4.0,36,11,15,4,6,329000,1,1,1.0,1,82.4,25404.0,6100.0,2000.0,19109.51,141795.28,55.0,13,14582.0,116441.0,64744.36,5,12,46078.0,39767.11,18224.0,7,76,12723.0,Y,216.25,current,M,27,LOW,5.6000000000000005,10,538.0,1,12.0
2732,15864,344520.0,16479.95,46614.0,1429.86,1509.0,3599.0,1654.0,26.0,46,89,2,31,1,483000,1,1,1.0,1,871.5,63000.0,2158.0,3481.0,28515.0,259511.9,52.0,26,23403.0,157623.21,203274.84,3,171,22551.0,19868.39,53877.0,2,54,19904.0,Y,3235.61,current,F,35,LOW,3.0,7,638.0,1,16.0
2733,17264,4366.0,15693.5,26764.29,16844.43,6092.0,1828.0,4409.0,101.0,65,87,57,23,1,178000,1,1,1.0,1,15279.79,358480.64,19081.0,5464.0,33163.64,1656422.0,55.0,1,22247.0,118952.15,29606.0,31,7,19194.0,49245.18,49983.0,9,39,28676.0,Y,92.96,current,M,28,MEDIUM,6.4,8,638.0,1,15.0
2734,3629,10937.0,16363.13,5593.04,7121.735,2296.0,14661.77,9307.0,92.0,56,23,4,31,17,150000,1,1,1.0,1,4110.0,87578.0,126001.0,1465.0,45459.48,74992.0,11.0,4,55412.0,54470.56,73513.95,6,81,21950.0,71461.83,65236.0,41,10,60164.0,Y,616.29,current,F,35,MEDIUM,1.5,3,685.0,1,17.0
2735,178,89065.0,5961.19,3138.6,20141.77,13703.4,10688.1,2366.1,5.0,36,47,2,2,25,400000,1,1,1.0,1,12.19,67555.67,13533.0,5464.0,62922.89,65164.28,20.0,31,7148.15,38414.88,63689.0,0,29,28233.0,9702.04,47621.1,2,61,392434.0,Y,193466.5,current,M,53,MEDIUM,9.9,2,958.0,1,18.0
2736,8198,13999.0,1713.5,699.0,20434.59,3259.0,12679.5,722.74,92.0,23,64,8,1,10,112000,1,1,1.0,1,241.65,61022.63,12000.0,5464.0,145692.51,24234.0,42.0,4,76153.0,14361.0,460041.0,2,11,25004.0,72234.98,85981.0,94,80,59403.0,Y,1028.71,current,M,33,HIGH,2.6,1,623.0,1,4.0
2737,15199,19225.0,760.54,311.62,5629.81,1558.0,7540.0,1231.5,7.0,9,102,7,1,47,296000,1,1,1.0,1,189802.75,157000.0,8060.0,0.0,57250.38,19712.0,103.0,43,20006.0,15144.0,56158.0,1,82,33000.0,12093.25,20068.02,3,7,24667.0,Y,4249.56,current,M,30,MEDIUM,9.0,3,355.0,1,10.0
2738,19879,13543.0,18440.68,1591.0,5247.49,1271.75,1336.22,2121.72,1.0,29,10,26,1,31,150000,1,1,1.0,1,229435.05,238000.0,19400.0,-5439.0,102444.9,26206.41,59.0,1,50845.0,53448.79,1270.0,3,12,32933.0,28584.0,110087.0,39,52,103334.0,Y,547.48,current,M,38,MEDIUM,9.0,4,314.0,1,5.0
2739,3477,12874.0,12840.28,781.0,1104.89,3865.0,6018.6,14701.0,6.0,128,110,1,26,55,483000,1,1,1.0,1,716556.5,11000.0,5797.0,7478.0,25953.06,97312.4,27.0,7,20311.0,13487.1,23702.0,1,20,12559.0,7305.0,39144.05,3,8,19940.0,Y,8599.9,current,M,47,LOW,16.2,5,748.0,1,10.0
2740,19764,40055.0,129317.0,1087.0,23259.88,5528.0,4666.22,773.0,5.0,6,13,1,2,80,403000,1,1,1.0,1,1424.5,61022.63,639.0,6916.0,25258.78,54020.0,11.0,7,99416.0,36835.89,147781.0,2,13,16780.0,161751.41,4075.5,2,73,29773.69,Y,2406306.66,current,M,44,MEDIUM,19.200000000000003,4,866.0,0,5.0
2741,5825,17799.0,8723.58,5781.42,16912.94,3718.0,6331.0,1159.0,8.0,7,4,39,1,58,206000,1,1,1.0,1,7089.7,2625.16,16114.0,20324.0,72718.8,40465.0,15.0,0,96641.0,4501.37,25727.0,2,26,110128.0,56669.65,29836.0,2,8,16990.0,Y,2245.2,current,M,40,MEDIUM,16.0,2,268.0,1,19.0
2742,17472,16940.0,5740.35,1259.34,5142.49,13285.0,23551.81,3150.8,25.0,2,9,3,2,2,198000,1,1,1.0,1,213557.15,118983.0,24000.0,277.0,60824.23,37781.0,103.0,36,26023.0,72825.1,128974.32,3,6,14037.0,72595.75,47103.0,7,120,34187.0,Y,1915.86,current,M,46,LOW,2.6,2,723.0,1,14.0
2743,9101,13679.0,6446.0,2163.6,23680.5,79802.0,4771.98,38928.0,2.0,27,50,3,15,6,232000,1,1,1.0,1,55700.0,17000.0,24619.0,-4324.0,65896.84,53595.0,20.0,13,26054.0,27013.99,241.58,43,63,10205.0,103859.91,13239.0,2,1,140.27,Y,1887.75,current,M,29,LOW,9.0,5,858.0,0,9.0
2744,12492,17665.0,20235.52,20337.08,30375.3,13234.0,12053.6,1195.0,3.0,66,82,62,31,30,567000,1,1,1.0,1,747610.0,267421.4,12000.0,5464.0,28515.0,157017.0,55.0,35,112721.0,10688.94,188.11,1,11,104411.0,45699.4,6170.0,6,49,354.0,Y,1570.29,current,M,36,HIGH,9.600000000000001,9,964.0,1,4.0
2745,15798,6036.0,12997.36,12199.47,39331.04,1705.0,1426.0,2708.0,1.0,10,50,1,56,47,232000,1,1,1.0,1,192478.0,121927.8,1036.0,1444.0,21701.6,18314.0,52.0,5,58500.0,44663.07,76559.0,30,12,8305.0,17872.18,19023.29,2,103,50201.0,Y,2194.0,current,M,28,MEDIUM,0.8,6,249.0,1,19.0
2746,19331,8736.0,12803.35,11466.0,4373.9,13768.0,5303.125,3926.0,67.0,18,19,8,2,70,58000,1,1,1.0,1,803155.7,184514.0,4895.0,5340.0,130934.24,21231.0,18.0,0,35814.0,40044.75,131585.0,2,12,51929.0,184109.73,44632.0,4,79,18110.0,Y,1130.39,current,M,35,LOW,9.0,8,620.0,1,16.0
2747,12924,9271.0,8829.24,3362.0,5008.56,14949.16,17949.67,1697.0,44.0,9,82,4,18,11,375000,1,1,1.0,1,111.0,105000.0,33774.0,10770.0,180.25,100139.52,46.0,3,16801.0,73126.15,15957.56,9,59,101950.0,4372.98,61840.0,3,18,26480.0,Y,11034.76,current,M,29,MEDIUM,6.300000000000001,7,269.0,1,20.0
2748,6097,16424.0,419.0,12480.0,33026.66,12666.76,2859.0,12625.0,17.0,2,61,30,21,16,167000,1,1,1.0,1,165907.57,1187335.5,938.0,5464.0,4049.29,20041.0,35.0,31,132840.15,102366.67,75408.0,1,50,100500.0,753916.18,148457.0,36,12,18052.0,Y,68220.46,current,M,44,MEDIUM,19.200000000000003,6,314.0,0,17.0
2749,5412,93733.0,63214.8,284.0,19035.75,1050.7,4413.0,2433.0,1.0,5,3,18,2,1,232000,1,1,1.0,1,39851.93,165000.0,768.0,12415.0,33143.05,24738.5,90.0,36,120284.0,23373.88,14824.0,4,108,51470.0,55825.5,474.83,8,43,47.0,Y,2643.11,current,M,32,MEDIUM,3.6,5,516.0,1,18.0
2750,13254,205870.0,61123.06,5114.2,8208.14,7914.0,7433.82,1602.0,12.0,10,11,10,21,26,240000,1,1,1.0,1,684495.7,64491.0,1630.0,8723.0,11502.43,29324.0,4.0,4,71368.0,18017.63,80212.0,6,12,34272.0,16601.73,18517.0,2,8,23750.0,Y,518.29,current,M,53,LOW,33.0,9,516.0,1,5.0
2751,2681,134881.0,5045.0,2579.0,2582.9,22378.0,5502.555,8305.0,3.0,5,52,62,2,81,525000,1,1,1.0,1,4614669.901,15395.48,51520.0,0.0,29052.32,41350.0,55.0,4,50983.0,67356.76,43537.5,11,82,28656.0,19323.71,271.0,4,3,13428.0,Y,10815.9,saving,F,27,HIGH,5.6000000000000005,10,355.0,0,17.0
2752,7528,90241.0,61050.0,14049.0,5987.0,4151.6,6153.0,629.0,66.0,31,46,5,55,1,164000,1,1,1.0,1,1263221.7,784499.0,30040.0,6916.0,41416.1,26979.91,4.0,4,19767.0,166045.86,28115.0,4,29,43436.0,141565.36,42894.0,5,113,30036.0,Y,3062.23,current,M,62,LOW,29.400000000000002,7,268.0,0,5.0
2753,5962,1873.0,1210.0,10966.59,15263.78,14216.43,7492.695,4552.0,531.0,83,3,25,2,9,58000,1,1,1.0,1,3405.0,157000.0,3546.0,8572.0,913124.69,17350.0,63.0,1,30724.0,358114.75,117174.0,4,81,1810.0,52123.63,77192.0,10,25,49300.0,Y,7568.3,current,M,60,LOW,16.0,6,867.0,1,4.0
2754,8988,3570.0,21127.0,46614.0,812.0,1876.5,4477.05,1188.0,56.0,18,11,1,6,3,595000,1,1,1.0,1,117680.0,8407.46,24619.0,903.0,27627.69,145688.0,27.0,13,39293.0,15589.0,42485.0,7,70,19600.0,38472.47,1410.0,21,52,6086.0,Y,1116.81,saving,M,30,HIGH,6.0,5,265.0,0,5.0
2755,12108,9693.0,915.0,572.52,2689.0,2830.0,8178.0,1667.1,14.0,27,84,1,3,3,256000,1,1,1.0,1,291969.2,15036.0,15756.0,3897.0,25705.66,14283.0,67.0,30,38195.0,51989.13,26353.0,3,171,45115.0,64209.0,48937.0,2,120,37260.0,Y,946.53,current,M,51,LOW,12.4,6,883.0,1,4.0
2756,10082,11754.0,13129.67,18340.0,15708.01,463.0,1587.73,1630.0,6.0,10,86,41,25,2,329000,1,1,1.0,1,52209.5,197800.0,96558.0,6916.0,5945.25,27712.0,4.0,7,41467.0,29088.0,12886.0,4,25,25057.0,203660.5,91090.5,94,42,12094.0,Y,4188.1,current,M,33,LOW,10.4,9,536.0,1,10.0
2757,17160,25647.0,17051.06,19073.0,9155.68,738.0,4947.9,1331.47,6.0,19,61,8,5,47,212500,1,1,1.0,1,360978.37,138732.3,2644.0,1014.0,35576.33,62084.8,10.0,7,296080.0,39810.0,43993.0,4,86,270.0,26096.2,204537.25,6,12,50079.0,Y,7574.08,current,M,42,HIGH,6.6000000000000005,7,259.0,1,7.0
2758,16849,303271.0,30080.28,15886.0,11166.66,9410.15,6005.0,1646.0,6.0,14,3,8,27,22,366000,1,1,1.0,1,1910215.0,455873.9,1255.0,-5715.49022999999,82492.11,85740.0,42.0,3,26043.0,184163.32,38306.61,3,11,23833.0,104960.41,40428.0,62,79,28961.0,Y,1953.73,current,M,32,MEDIUM,3.6,5,505.0,1,12.0
2759,13657,991.0,93773.0,4060.0,18178.77,5407.0,7432.42,23197.0,44.0,31,5,3,15,47,483000,1,1,1.0,1,1360.0,185000.0,6146.0,-5942.0,7069.5,91074.85,90.0,4,14871.0,61457.29,34728.36,3,24,300801.0,1352.0,14562.0,12,83,10805.0,Y,2952.38,current,M,60,MEDIUM,32.0,10,748.0,1,15.0
2760,6181,5774.0,6448.675,1262.4,1508.65,38552.03,39514.38,1355.05,26.0,4,16,1,38,4,53000,1,1,1.0,1,4435.0,1084598.7,130000.0,9415.0,23672.76,30035.0,11.0,3,30600.0,154393.1,3539.0,6,108,121500.0,99992.38,27827.0,12,15,97383.0,Y,1446.07,current,M,29,LOW,1.8,4,631.0,1,13.0
2761,5946,5498.0,12082.0,4459.55,2525.44,2697.0,2859.0,6504.0,26.0,3,10,18,17,67,28000,1,1,1.0,1,5324.49,6.0,3000.0,-5998.43994,829.9,26710.0,7.0,6,29355.0,10478.28,28740.0,0,82,19023.0,32071.0,16333.0,2,52,84415.5,Y,9584.43,current,M,32,MEDIUM,8.4,5,723.0,1,8.0
2762,14568,16843.0,26364.2,4754.99,2196.0,4376.0,49895.12,236.0,8.0,36,7,24,2,47,263000,1,1,1.0,1,124929.75,100000.0,54101.0,2351.0,71645.0,30243.0,57.0,2,30110.0,559641.0,139256.86,3,12,28115.0,458089.04,50553.0,58,21,50761.0,Y,13588.27,current,M,120,LOW,30.0,8,700.0,1,2.0
2763,8907,13309.0,923.0,2511.55,10076.24,3766.0,10550.0,11238.1,2.0,2,10,8,9,4,326000,1,1,1.0,1,68640.0,90829.65,33774.0,-6885.0,45036.54,380093.0,59.0,7,196095.0,42598.81,83367.0,1,69,28579.0,46531.31,18378.0,94,83,42209.0,Y,61361.22,current,M,67,MEDIUM,42.300000000000004,4,805.0,1,15.0
2764,15824,3460.0,1352.5,11805.26,25067.0,11077.66,21267.0,1914.0,1.0,18,3,4,2,64,337000,1,1,1.0,1,140291.6,31033.0,10271.0,-5998.43994,29042.17,5054.0,18.0,3,79442.0,36780.0,19274.0,1,9,99150.0,6998.0,243336.35,5,61,37744.0,Y,761.26,current,M,62,MEDIUM,8.4,6,653.0,0,8.0
2765,3480,16581.0,113793.21,17053.25,4327.37,878.0,23281.25,986.5,1.0,36,50,4,46,44,156000,1,1,1.0,1,27324.0,136466.0,925.0,6885.0,205111.81,103018.0,10.0,3,83923.0,33151.25,76584.0,1,12,21407.0,186101.66,33010.0,36,12,13860.0,Y,5359.16,saving,M,58,MEDIUM,3.8000000000000003,6,325.0,1,3.0
2766,3700,11549.0,14220.21,2361.55,6455.0,359.86,2049.68,334.22,531.0,36,1,1,3,81,256000,1,1,1.0,1,78472.48,13299.0,18257.0,14509.0,11649.85,46585.0,16.0,19,77569.0,13489.5,1420.0,4,26,37033.0,36263.0,18799.17,5,11,63749.0,Y,2396.68,current,M,118,MEDIUM,98.0,5,374.0,1,3.0
2767,2771,16647.0,4398.35,865.0,9873.0,5430.58,2699.0,3526.67,1.0,6,4,3,4,10,371000,1,1,1.0,1,34249.0,1749.29,3792.0,1500.0,191705.9,8263.0,11.0,36,5800.0,5166.0,47667.0,43,24,18400.0,50186.5,67770.5,7,79,20160.0,Y,1076.28,current,M,40,MEDIUM,10.0,3,258.0,1,13.0
2768,13731,309800.0,16094.0,4037.51,4347.5,411.0,4512.0,2853.02,10.0,3,50,60,2,47,379000,1,1,1.0,1,4110.0,59306.0,1515.0,14509.0,10590.75,31142.0,5.0,4,28097.0,6600.25,22914.0,0,16,17680.0,76096.46,53038.76,117,28,23223.0,Y,4977.66,current,F,34,LOW,1.4000000000000001,2,269.0,0,10.0
2769,4219,892.0,13601.37,3151.5,1081.0,22304.86,2062.545,23865.0,3.0,77,61,42,2,2,202500,1,1,1.0,1,322.02,187788.1,230000.0,6441.0,40039.61,315481.44,6.0,26,21845.0,9074.33,42994.0,9,7,16068.0,45567.09,68099.25,58,21,15233.0,Y,1621.67,current,M,40,HIGH,20.0,9,969.0,1,11.0
2770,1805,8360.0,18102.66,2820.87,33417.35,592.68,1715.0,428.52,92.0,66,59,18,1,12,202500,1,1,1.0,1,293418.75,2436.91,13873.0,20790.0,345932.13,39266.67,82.0,0,272830.0,25030.0,98200.0,50,20,49650.0,109293.36,35563.0,28,11,47891.0,Y,3020.19,current,M,36,HIGH,11.200000000000001,3,638.0,1,17.0
2771,1799,20003.0,2572.94,2777.0,7387.56,359.86,2979.205,379.0,2.0,128,19,4,1,1,350000,1,1,1.0,1,668728.4,375000.0,4812.0,-4664.0,45594.36,18234.0,4.0,2,19777.0,19765.23,26875.0,7,82,15044.0,148425.58,63440.0,117,11,25152.75,Y,4575.16,current,M,118,HIGH,19.6,8,270.0,1,6.0
2772,1963,13291.0,12700.0,289.0,10453.77,5401.0,3782.79,2638.0,2.0,34,71,2,1,4,256000,1,1,1.0,1,102494.2,69370.0,68000.0,-5998.43994,88175.19,17014.91,23.0,30,46857.78,15154.48,137158.72,70,14,21747.0,233986.35,38516.17,40,3,31935.0,Y,1647.03,current,M,49,MEDIUM,20.3,10,812.0,1,3.0
2773,14236,17009.0,3163.6,14178.27,4948.57,11800.54,3028.0,6306.0,531.0,77,35,48,5,34,252000,1,1,1.0,1,13849.4,30436.0,6000.0,12965.0,50664.65,90207.0,11.0,18,15860.0,76811.41,69167.0,2,82,48345.0,97555.67,28751.0,10,107,96213.0,Y,18801.29,current,M,29,LOW,8.1,4,700.0,1,16.0
2774,18473,11232.0,7246.6,3017.0,6052.94,7467.0,7894.4,1955.52,531.0,3,13,2,25,5,555000,1,1,1.0,1,4039029.9,9866.01,462.0,5730.0,7069.5,18566.0,11.0,33,60040.0,47135.75,49408.0,1,12,19684.0,49832.74,154995.0,6,7,34049.0,Y,2026.71,saving,M,33,MEDIUM,5.2,1,968.0,0,14.0
2775,3563,549.0,30373.03,1236.0,10389.5,5430.58,2093.54,1545.0,14.0,22,135,1,21,34,326000,1,1,1.0,1,173732.5,234459.4,23032.0,2351.0,10572.0,133301.0,77.0,0,334921.0,79993.59,18862.73,2,20,28411.0,133176.64,87204.35,2,63,185979.0,Y,4165.67,current,M,28,MEDIUM,5.6000000000000005,3,598.0,1,6.0
2776,18735,2928.0,9534.0,27167.0,14335.32,10945.09,7726.75,654.0,92.0,29,71,1,1,56,524000,1,1,1.0,1,65977430.0,429273.4,6146.0,-4679.0,10449.17,53262.0,20.0,2,31911.0,30331.0,8182.0,6,4,24961.0,63659.85,27922.0,3,38,31864.0,Y,4047.45,current,M,33,MEDIUM,2.6,4,485.0,1,15.0
2777,2680,142025.0,35910.37,8287.0,17570.23,12319.81,17030.0,2479.0,26.0,6,17,35,2,81,345000,1,1,1.0,1,5383.25,822659.0,15756.0,-6301.0,215589.46,28349.0,42.0,2,23041.0,2208.31,107455.79,1,12,244452.0,35431.97,33235.0,42,52,63358.48,Y,11246.24,current,M,46,MEDIUM,7.800000000000001,2,628.0,1,20.0
2778,13089,13448.0,3725.53,33319.9,7925.84,525.0,19613.0,14881.0,10.0,26,2,1,1,17,326000,1,1,1.0,1,39851.93,227697.61,610000.0,6613.0,84232.5,50436.39,40.0,15,24968.0,82563.0,59762.0,9,50,42741.0,73184.01,102098.66,2,63,59790.0,Y,25872.58,current,M,53,MEDIUM,9.9,8,683.0,1,12.0
2779,11922,17935.0,135469.38,23561.21,24900.48,6745.0,8269.54,14130.0,531.0,6,50,1,3,1,190000,1,1,1.0,1,2666.4,117890.0,12611.0,6885.0,70642.39,108248.76,67.0,2,55725.0,63642.43,10360.0,6,20,72367.7,60208.0,22824.0,3,50,51353.0,Y,2061.43,current,M,63,MEDIUM,12.9,2,486.0,0,17.0
2780,5220,17013.0,23215.09,3726.0,34429.74,1980.25,10385.0,4514.0,4.0,23,6,6,1,2,524000,1,1,1.0,1,53374.97,1084598.7,1526.0,4314.0,41021.77,165527.0,4.0,26,22196.0,89814.49,110143.0,50,63,34942.0,3743.5,46249.0,9,18,14321.0,Y,860.57,current,M,47,HIGH,10.8,1,683.0,1,8.0
2781,4676,5411.0,20291.36,8243.4,6684.96,3158.47,21458.0,3098.0,5.0,66,3,25,2,80,326000,1,1,1.0,1,197067.2,60040.0,126001.0,12174.0,2636.25,110287.38,4.0,26,51320.0,62824.69,51347.0,11,5,91812.0,60974.75,38392.5,19,21,50282.0,Y,452.47,current,M,33,HIGH,9.1,7,921.0,0,16.0
2782,15258,9875.0,6576.0,27848.0,17339.25,8830.0,5340.5,5032.92,100.0,2,14,24,11,56,267000,1,1,1.0,1,81284.7,194099.3,1630.0,0.0,118619.75,81217.0,77.0,36,106446.0,142739.77,29873.0,6,59,84830.0,42107.41,34263.0,22,83,39988.0,Y,796.83,current,M,46,MEDIUM,20.8,8,653.0,0,7.0
2783,1776,15227.0,4040.0,19135.0,9354.0,3929.5,10241.46,5237.0,44.0,36,67,30,1,1,472000,1,1,1.0,1,3070.5,674291.83,2500.0,-5439.0,37433.89,29526.28,11.0,1,108208.0,20779.14,53291.0,9,4,18225.0,62039.98,85009.38,40,9,513622.0,Y,7793.26,current,M,29,HIGH,4.5,6,805.0,0,4.0
2784,9998,12646.0,13626.0,7069.0,3257.48,1538.0,3891.005,868.5,1.0,47,52,62,1,9,167000,1,1,1.0,1,88.0,335948.0,16114.0,10455.0,15945.42,100459.0,90.0,2,64353.0,49953.29,84901.0,1,2,11288.0,57490.0,45584.91,94,104,18585.0,Y,866.93,current,M,60,MEDIUM,12.0,6,887.0,1,17.0
2785,8066,40.0,83537.5,4528.0,17518.61,1095.4,10434.0,777.0,16.0,19,16,1,16,10,448000,1,1,1.0,1,510.6,343342.9,230000.0,0.0,8786.25,250.0,42.0,1,43701.55,45875.76,6689.0,43,108,64663.0,16948.0,20166.0,11,12,16796.0,Y,5075.12,current,F,32,LOW,6.0,9,638.0,1,16.0
2786,6665,5630.0,18803.3,2311.79,9116.61,992.0,3906.24,88.0,2.0,18,72,44,26,68,13000,1,1,1.0,1,715554.75,25404.0,825.0,1079.0,5658.52,14742.0,23.0,19,23962.01,11122.95,43746.0,7,20,98790.0,75876.21,18813.85,49,14,224751.0,Y,1494.18,current,M,30,MEDIUM,3.0,10,643.0,0,5.0
2787,3509,7910.0,33550.21,11227.18,8024.31,894.0,11631.19,232.0,29.0,99,27,11,51,1,147000,1,1,1.0,1,2008232.55,1250000.0,15477.0,7478.0,70310.23,4058.0,36.0,36,208339.0,38710.5,32330.0,45,12,107532.57,54419.76,61792.0,2,104,93448.0,Y,831.52,current,F,65,MEDIUM,27.0,2,508.0,1,14.0
2788,14473,3183.0,15242.77,3552.5,24545.05,8094.0,22479.0,2043.3,6.0,3,35,11,11,10,240000,1,1,1.0,1,13668.25,159415.3,610000.0,20790.0,238915.47,67412.28,90.0,3,24323.0,21322.17,55964.38,2,20,2298.94,40313.5,112465.0,21,1,184500.0,Y,10729.11,current,M,66,MEDIUM,9.200000000000001,9,256.0,0,8.0
2789,9197,8772.0,11925.2,309.0,5522.93,3516.03,1229.04,2085.0,100.0,47,50,18,1,3,58000,1,1,1.0,1,4230125.0,49298.99,24619.0,14509.0,76845.16,164203.88,41.0,7,41622.0,18543.24,86349.5,4,21,21747.0,1504.0,2506172.0,8,61,87122.0,Y,882.47,current,F,58,MEDIUM,34.2,6,911.0,1,7.0
2790,8691,8916.0,10057.13,582.0,27680.69,3439.22,23395.11,1771.0,6.0,9,9,41,1,58,197000,1,1,1.0,1,443.36,235.17,8060.0,2921.0,69875.63,369031.0,55.0,36,20668.0,1702.0,2315.5,2,20,11507.0,31884.98,290176.75,4,58,82510.0,Y,1656.29,current,M,60,MEDIUM,4.0,9,249.0,1,7.0
2791,1396,173274.0,5910.0,6200.23,22029.95,359.86,51268.0,7584.02,17.0,71,117,3,1,12,579000,1,1,1.0,1,2974.75,190887.4,925.0,173.0,30717.12,350.0,11.0,1,56709.0,15835.2,58455.98,2,25,53866.0,14662.99,296.0,5,11,4506.0,Y,1738.71,current,M,33,MEDIUM,2.6,6,503.0,1,11.0
2792,18811,170.0,7769.64,4137.8,1827.5,6196.35,2424.92,6728.0,24.0,6,102,50,2,13,19000,1,1,1.0,1,299037.15,52985.43,49975.0,0.0,93550.74,66831.0,42.0,18,44898.0,194303.51,81744.0,2,78,20051.0,48357.57,38305.0,10,25,24821.0,Y,8329.77,current,F,44,MEDIUM,19.200000000000003,2,867.0,1,12.0
2793,19869,1321.0,14058.86,373.0,3859.0,798.0,1117.5,4401.8,59.0,7,102,1,5,12,59000,1,1,1.0,1,13180.0,385218.7,126001.0,0.0,76216.83,500015.0,11.0,0,52384.0,38116.0,25336.6,2,20,435000.0,17427.33,47820.0,11,12,67787.0,Y,7970.4,current,M,66,MEDIUM,23.0,9,537.0,0,16.0
2794,9826,6331.0,1316.22,5115.0,6870.49,1891.11,31639.725,441.0,6.0,43,50,30,11,70,402000,1,1,1.0,1,8043.25,245000.0,1266.0,6441.0,71634.63,43594.0,11.0,19,29173.0,27527.08,22623.0,4,81,24372.0,28592.88,81303.01,3,124,31442.0,Y,3484.7,current,M,223,LOW,101.5,6,743.0,0,5.0
2795,6193,695.0,33086.4,5653.07,25062.85,15119.44,9058.125,949.0,10.0,42,29,4,18,67,565000,1,1,1.0,1,28844.0,43021.0,38599.0,6885.0,50654.97,18825.0,2.0,5,40021.0,23672.0,20347.3,1,59,11300.0,7140.0,48177.0,9,9,23011.0,Y,1717.55,saving,M,35,MEDIUM,13.5,5,258.0,0,6.0
2796,1138,11293.0,16897.58,9732.48,13999.7,3354.5,887.0,6412.0,63.0,10,29,10,2,10,550000,1,1,1.0,1,15939.83,134890.0,25524.0,-5998.43994,142457.45,36850.0,7.0,5,14874.0,36039.55,6207.0,5,20,20867.0,387881.79,33026.0,6,79,37550.0,Y,1277.01,current,M,47,LOW,21.6,2,818.0,1,19.0
2797,9127,6048.0,9462.59,9763.27,5053.17,34158.95,10537.08,2486.2,6.0,16,23,17,60,7,330000,1,1,1.0,1,526.25,409168.15,49975.0,8572.0,57855.03,137121.41,10.0,26,33975.0,32187.11,34678.0,43,7,98066.0,46898.9,55676.0,62,75,7000.0,Y,1028.42,saving,M,28,MEDIUM,3.2,2,653.0,1,15.0
2798,9949,230.0,27118.82,8203.07,1454.34,2891.0,2405.0,53657.27,100.0,36,27,6,1,5,505000,1,1,1.0,1,5809950.0,730000.0,8417.0,2921.0,98553.61,57575.0,46.0,5,38072.24,27154.51,35179.0,3,8,69594.0,104822.45,70988.0,3,17,35675.0,Y,40809.26,current,M,62,MEDIUM,8.4,2,968.0,1,18.0
2799,1825,14145.0,4932.21,3853.75,1640.0,2131.0,29603.0,7018.0,8.0,10,112,1,9,81,359000,1,1,1.0,1,73010.0,42723.0,462.0,2337.0,39671.4,33535.0,11.0,13,31891.0,57429.65,35955.0,6,70,101655.0,46898.9,19854.0,5,83,208849.0,Y,230.12,saving,M,60,MEDIUM,28.0,6,623.0,1,13.0
2800,11912,8524.0,12859.33,1756.59,37316.29,4455.68,2561.43,1061.0,29.0,85,29,1,15,2,44000,1,1,1.0,1,2533020.0,14000.0,24619.0,16455.0,55093.49,44312.0,46.0,5,26650.0,37583.56,28706.5,1,46,32478.0,55832.33,50682.29,4,0,52596.0,Y,4273.98,current,M,33,MEDIUM,11.700000000000001,8,464.0,0,3.0
2801,12767,16386.0,27566.47,2817.8,80313.24,11760.45,11394.0,2488.0,7.0,10,10,1,1,79,453000,1,1,1.0,1,9118.35,2436.91,12016.0,-4679.0,99956.18,83546.0,147.0,36,21290.0,63115.0,72650.58,7,27,43808.0,1987.74,28025.0,3,104,129500.0,Y,5574.32,current,M,33,MEDIUM,13.0,9,921.0,1,14.0
2802,10727,321416.0,11275.24,87.0,7336.24,20225.0,21128.97,537.67,57.0,2,87,2,4,30,232000,1,1,1.0,1,2984.1,32000.0,23500.0,-4679.0,172340.76,83369.0,11.0,7,18011.0,7081.0,222103.8,5,20,11617.0,8587.0,59686.75,12,18,29979.0,Y,2661.69,current,M,32,LOW,3.6,5,799.0,0,8.0
2803,6389,7686.0,8265.42,46614.0,7811.0,1977.0,1587.73,902.0,20.0,5,44,2,3,11,112000,1,1,1.0,1,4.5,19000.0,3975.0,-4679.0,36970.72,29877.0,147.0,1,12014.0,54125.21,67084.0,2,5,22384.0,4880.0,18996.25,16,21,26258.0,Y,1749.47,current,M,118,LOW,88.2,7,683.0,1,16.0
2804,9419,13389.0,2657.0,10621.73,6171.28,8024.72,8022.12,4642.3,7.0,31,50,47,2,30,326250,1,1,1.0,1,2184.0,35000.0,610000.0,-5439.0,80931.07,102778.0,16.0,36,65357.0,80438.75,20124.5,11,6,17241.0,151867.1,52773.17,1,63,24993.0,Y,2829.86,current,M,28,MEDIUM,2.4000000000000004,7,537.0,0,17.0
2805,8274,238955.0,34741.56,436.0,8471.36,812.0,9602.485,1216.0,8.0,84,38,15,3,3,74100,1,1,1.0,1,50040.0,76365.24,5000.0,1500.0,25186.21,47230.78,5.0,2,125461.0,32267.17,75083.0,1,70,16345.0,16086.0,141133.55,10,0,128432.0,Y,27955.06,current,M,40,LOW,12.0,10,269.0,1,7.0
2806,4556,10074.0,2402.0,25408.52,7741.7,5346.0,11022.58,13642.0,24.0,3,29,2,21,81,520000,1,1,1.0,1,166331.66,446457.0,30011.0,-4664.0,38669.35,37068.0,3.0,6,69280.0,598563.5,21461.0,43,82,20642.0,60155.6,9243.0,5,36,25382.0,Y,10676.78,current,M,58,MEDIUM,19.0,4,424.0,0,3.0
2807,11418,9832.0,22085.7,5509.71,628.0,4461.0,8355.0,2829.0,60.0,71,9,30,44,4,75000,1,1,1.0,1,293418.75,358480.64,18257.0,3735.0,15142.66,174232.0,46.0,43,14351.0,60561.69,161345.0,5,25,24774.0,22197.99,21270.0,11,113,26304.0,Y,5517.45,current,M,28,MEDIUM,4.0,9,737.0,0,18.0
2808,9679,11378.0,4905.3,3079.55,40571.48,1926.86,1440.135,1065.0,37.0,4,59,4,3,79,204000,1,1,1.0,1,123295.4,399.09,24125.0,2819.0,20891.05,75820.5,5.0,19,19636.0,21443.69,41236.0,9,6,33762.0,263626.28,34849.0,9,10,9936.97,Y,971.01,current,M,30,MEDIUM,1.0,10,503.0,0,15.0
2809,7949,3611.0,3139.9,75499.94,1851.0,3037.88,5024.59,4207.0,1.0,23,78,48,36,47,27000,1,1,1.0,1,1518.0,202560.0,22000.0,12174.0,1213.25,62999.0,12.0,35,16510.0,37401.97,88128.34,43,23,37271.0,32094.24,74465.5,62,61,50301.0,Y,2336.31,current,M,49,MEDIUM,11.600000000000001,5,748.0,1,4.0
2810,19343,18157.0,8419.53,100.0,10742.24,2133.0,2549.0,649.0,44.0,27,29,53,4,80,350000,1,1,1.0,1,4140.0,194099.3,1018.0,10455.0,621855.72,164203.88,5.0,6,11524.0,31646.42,147391.0,35,12,48168.0,142365.39,38101.0,93,18,31946.0,Y,785.56,current,F,38,LOW,14.4,5,606.0,0,3.0
2811,12902,4702.0,5538.39,11335.3,16529.54,4550.86,2331.0,6394.0,67.0,31,67,4,5,10,329000,1,1,1.0,1,1359.3,167870.79,12000.0,9415.0,22789.42,27059.67,52.0,15,30192.0,22668.35,45084.0,2,171,90930.0,15837.53,63352.5,3,65,62033.0,Y,809610.48,current,M,33,LOW,3.9000000000000004,10,508.0,1,2.0
2812,2550,12709.0,18224.46,1068.64,1462.78,6351.0,1766.095,8925.2,3.0,85,3,3,2,47,204000,1,1,1.0,1,111.4,119451.0,643.0,-3625.0,83147.0,41913.0,95.0,5,15528.0,67152.88,48105.77,3,59,22551.0,17197.06,31461.92,6,79,31281.0,Y,30340.33,current,M,33,MEDIUM,6.5,8,464.0,0,10.0
2813,18761,113969.0,29782.09,770.0,1392.05,7806.94,9635.255,50157.0,10.0,29,74,15,5,2,255000,1,1,1.0,1,1105487.1,1194405.5,4367.0,-5998.43994,6091.25,22503.0,18.0,2,28940.0,257530.76,11160.0,4,42,20348.0,10416.38,86659.0,2,3,106689.0,Y,4521.67,saving,M,35,MEDIUM,9.0,7,274.0,1,7.0
2814,11015,14234.0,12554.44,6990.5,11677.8,3160.0,1901.0,2488.0,14.0,99,9,54,14,70,395000,1,1,1.0,1,71191.8,1084598.7,55000.0,2921.0,34538.0,42103.0,7.0,30,83457.0,99576.69,33249.0,7,20,25997.0,42341.92,37341.0,9,83,24606.0,Y,2977.5,current,M,40,LOW,18.0,8,594.0,1,2.0
2815,8320,17040.0,78032.76,11739.0,3143.0,4634.0,66934.0,1616.0,57.0,3,89,1,1,3,301000,1,1,1.0,1,15939.83,1372927.14,100000.0,6613.0,62159.05,16949.0,7.0,5,507.0,38748.0,5113.0,2,171,48485.0,48320.75,49846.0,4,11,45000.0,Y,25364.25,current,M,33,LOW,5.2,5,923.0,1,13.0
2816,9942,15256.0,13444.46,1132.0,17515.48,4295.0,129.0,1384.0,9.0,23,64,50,1,1,119000,1,1,1.0,1,140291.6,185097.6,6000.0,-6281.37987999999,141200.75,112074.0,43.0,1,24428.0,161597.86,44452.0,2,25,10469.0,7235.0,62444.75,11,73,9936.97,Y,1634.17,saving,M,53,MEDIUM,29.700000000000003,5,614.0,0,11.0
2817,18904,9969.0,9150.5,23146.0,1910.0,1353.75,5786.27,492.0,5.0,66,50,50,1,30,520000,1,1,1.0,1,97043.6,30453.0,5591.0,-4664.0,15175.0,60309.0,4.0,2,43103.0,108444.0,81026.0,2,6,23462.0,60035.5,50325.0,4,35,49366.43,Y,351.35,current,M,27,MEDIUM,2.1,4,818.0,1,3.0
2818,13462,7485.0,13716.89,3829.0,3512.19,4190.0,3563.575,2699.0,136.0,66,6,57,15,2,25000,1,1,1.0,1,134985.0,31000.0,4699.0,6885.0,396539.7,94457.0,2.0,3,122228.0,6602.0,76497.0,8,14,51308.0,39536.94,5143.0,40,106,15352.0,Y,7362.18,current,M,60,MEDIUM,40.0,10,466.0,1,14.0
2819,13447,86038.0,5028.58,3680.0,28368.54,1729.04,17350.75,4950.0,56.0,4,49,20,12,22,127500,1,1,1.0,1,510.6,25404.0,5797.0,10455.0,79465.66,37242.25,18.0,2,19968.0,104.0,48140.0,2,5,325128.0,42587.1,404.0,3,11,35714.0,Y,1977.56,current,M,53,MEDIUM,13.200000000000001,4,395.0,1,5.0
2820,14434,140798.0,922.01,9115.25,6166.93,2346.76,2089.0,5263.0,32.0,26,89,18,3,42,156000,1,1,1.0,1,123295.4,157000.0,891.0,-4679.0,50455.25,265020.7,7.0,6,13338.0,445795.94,22968.0,1,14,31083.0,109724.0,18097.37,4,21,37291.0,Y,1461.87,current,M,55,LOW,7.0,5,505.0,1,9.0
2821,14822,10511.0,15727.23,3834.0,34373.0,2568.22,1884.0,4985.0,8.0,3,35,1,1,17,426000,1,1,1.0,1,19866.0,20500.0,155205.0,6916.0,73032.0,59569.0,39.0,36,45404.0,16267.15,40662.0,43,13,33645.0,42443.76,36098.0,10,1,17894.0,Y,1081.94,current,M,35,MEDIUM,10.5,10,710.0,0,8.0
2822,1447,5425.0,9251.0,3025.04,2479.19,737.0,10862.0,11080.5,10.0,22,82,2,5,6,528000,1,1,1.0,1,811.0,6.0,300000.0,17397.0,12482.25,322317.0,91.0,1,45553.0,25208.29,42819.0,6,82,27466.0,188454.44,51599.0,4,24,19079.0,Y,2481.04,current,F,46,MEDIUM,15.600000000000001,5,683.0,0,18.0
2823,8507,18428.0,6401.17,683.0,3417.55,1644.0,2441.88,6458.0,4.0,36,64,1,1,79,255000,1,1,1.0,1,4140.0,43397.0,25524.0,903.0,62634.27,213363.17,18.0,3,16555.0,77425.72,238.58,2,8,18320.0,75419.04,47345.0,22,0,120100.0,Y,34723.41,current,M,37,LOW,13.600000000000001,7,536.0,1,15.0
2824,13602,15778.0,13199.0,1541.0,7202.0,4985.0,13137.295,5613.0,124.0,23,6,57,17,68,78000,1,1,1.0,1,10000.0,12000.0,51520.0,4314.0,28207.75,15241.0,52.0,2,35321.56,28498.1,70844.0,2,6,1043.76,59460.49,25920.0,94,83,107669.0,Y,10158.25,current,M,29,MEDIUM,1.8,7,945.0,1,18.0
2825,16790,8855.0,24240.34,5489.44,4485.8,676.5,42636.0,4171.04,23.0,8,50,7,4,39,170000,1,1,1.0,1,105750.0,15395.48,3570.0,-3506.17993,42999.25,35582.0,52.0,26,104470.0,12142.0,114910.0,7,14,22183.0,15990.0,34133.79,2,120,22055.0,Y,1170.49,current,M,40,MEDIUM,16.0,9,503.0,1,15.0
2826,7576,17219.0,8094.74,367.46,1774.5,13703.4,746.5,658.0,10.0,26,27,2,14,41,290000,1,1,1.0,1,59703.93,186474.96,130000.0,5464.0,47875.36,53226.0,147.0,2,15208.0,32594.16,23836.0,9,108,11707.0,35094.75,10315.0,3,76,2780.0,Y,1781.87,current,F,35,LOW,1.5,3,958.0,1,7.0
2827,11782,13152.0,50860.2,7673.34,5079.0,1827.12,2108.0,17096.82,8.0,93,117,3,3,1,215000,1,1,1.0,1,9255.43,96096.0,68000.0,6885.0,188385.32,7194.91,11.0,2,26819.85,12614.52,41398.5,5,25,14711.0,93232.83,20835.0,4,12,54485.0,Y,2335.07,current,M,35,LOW,3.0,10,684.0,1,2.0
2828,8462,13086.0,25241.03,5072.42,39565.92,5282.0,3100.0,6738.0,1.0,56,44,18,6,4,53000,1,1,1.0,1,19265.4,17000.0,29542.0,1429.0,2276.3,38709.0,62.0,26,70695.0,89117.74,211939.0,5,14,35818.0,33874.88,40400.0,62,113,24435.0,Y,13313.61,current,M,47,MEDIUM,10.8,8,351.0,1,19.0
2829,10645,1800.0,1400.87,1059.4,1287.55,1513.0,14497.54,5069.0,53.0,50,7,47,1,34,371000,1,1,1.0,1,9118.35,69370.0,4812.0,8572.0,45529.0,30523.5,12.0,2,15458.0,44330.98,48627.0,70,50,36398.0,77826.25,20238.0,4,24,45912.0,Y,653.45,current,F,53,MEDIUM,23.1,1,299.0,0,13.0
2830,11449,19658.0,3547.3,1829.01,8685.59,3649.0,3107.0,704.0,25.0,16,14,1,62,5,232000,1,1,1.0,1,98543.96,861640.54,49975.0,6613.0,56368.18,118966.0,10.0,3,45019.35,17904.84,12720.0,2,171,42684.0,88800.79,65500.0,3,120,26224.0,Y,1.41,current,M,35,LOW,15.0,5,755.0,0,20.0
2831,19508,34871.0,5658.0,9848.0,4184.72,3172.89,10088.72,212.0,7.0,66,64,7,1,1,395000,1,1,1.0,1,208710.8,93.35,4458.0,886.0,1067.25,86388.0,77.0,7,70887.0,54861.72,18294.0,5,108,23966.0,42990.64,10212.02,2,21,36640.0,Y,2456.15,saving,M,32,MEDIUM,7.2,7,536.0,1,16.0
2832,18366,2679.0,68262.2,1720.5,6757.8,7839.0,13529.5,8994.0,57.0,10,10,35,14,34,410000,1,1,1.0,1,47.45,470000.0,25524.0,5464.0,42778.5,46505.0,39.0,0,98276.0,6470.0,22725.0,35,21,53400.0,15097.0,35428.0,11,75,31397.0,Y,3264.08,saving,M,36,MEDIUM,16.0,6,958.0,1,19.0
2833,10357,10141.0,57706.47,277.0,5014.5,2369.5,3935.0,4141.0,26.0,128,7,11,1,17,293000,1,1,1.0,1,65977430.0,251131.79,5905.0,2500.0,200572.59,129106.86,42.0,0,92601.0,11428.88,163745.84,3,50,44572.0,28513.93,74081.0,7,79,15780.0,Y,11112.47,current,M,30,LOW,1.0,7,958.0,1,3.0
2834,19300,320.0,11053.5,7349.28,2803.0,7340.0,5919.0,1999.0,92.0,99,84,1,1,70,366000,1,1,1.0,1,102.95,10701.0,105000.0,-4679.0,90117.73,124328.0,103.0,3,15224.0,9327.28,193430.0,43,18,25898.0,29630.59,319672.25,13,42,43906.0,Y,34723.41,saving,M,40,LOW,16.0,5,374.0,1,14.0
2835,11374,11077.0,15038.8,21070.0,81840.16,2113.85,2878.2,15620.69,32.0,99,64,52,1,54,581000,1,1,1.0,1,2553.85,150000.0,768.0,2921.0,17926.86,12635.0,35.0,2,23395.0,42135.0,28051.06,19,63,89903.0,34586.84,808.0,2,104,66990.0,Y,8511.42,current,M,33,LOW,2.6,1,574.0,1,15.0
2836,9681,5902.0,85523.0,518.0,1131.95,1448.0,26350.34,3225.98,4.0,27,1,1,2,1,423000,1,1,1.0,1,384550.05,280000.0,544.0,4512.0,59867.85,53003.0,91.0,6,40977.0,8116.0,464456.0,11,14,24561.0,14662.99,39102.0,22,18,18560.0,Y,180049.6,current,M,32,LOW,8.4,7,638.0,1,8.0
2837,8139,17017.0,8085.47,31971.03,17050.3,1148.0,129754.02,423.73,2.0,66,32,1,3,56,256000,1,1,1.0,1,33784.35,146793.0,130000.0,1500.0,30774.53,40020.0,4.0,1,27845.89,32291.94,53389.0,0,69,49440.0,317640.3,9327.0,13,65,43377.0,Y,12490.82,current,M,47,LOW,13.5,1,628.0,1,5.0
2838,9855,11058.0,123049.18,6852.0,3533.96,8642.0,448.0,3922.0,44.0,601,5,1,21,1,47000,1,1,1.0,1,293418.75,470000.0,12016.0,6885.0,12873.26,858761.92,69.0,4,30370.0,31307.5,127583.0,4,20,55308.0,14836.74,48523.0,36,38,43378.0,Y,1388.5,current,F,27,MEDIUM,4.9,4,708.0,1,15.0
2839,882,115517.0,60634.0,21549.75,1713.0,8121.0,5321.0,8299.57,19.0,23,87,48,25,26,423000,1,1,1.0,1,568.8,53750.0,24250.0,12965.0,71278.9,64529.0,18.0,1,16644.0,13457.11,74447.0,7,7,19989.0,63581.0,30406.0,12,83,46105.0,Y,3053.62,current,M,42,MEDIUM,22.0,2,233.0,1,6.0
2840,14798,163546.0,5620.31,371.0,4025.92,3777.3,7329.05,9430.31,4.0,3,50,3,8,70,400000,1,1,1.0,1,456.1,141473.07,28985.0,12415.0,29615.25,30676.41,42.0,2,14599.0,97883.08,16423.0,1,7,52876.0,7364.0,19758.0,12,18,166970.0,Y,1416.83,current,M,27,LOW,4.2,4,454.0,0,19.0
2841,4039,8115.0,3162.7,42350.9,4491.9,2160.0,45946.54,15479.0,7.0,6,47,48,1,36,330000,1,1,1.0,1,8556.25,624742.27,25000.0,-5715.49022999999,23615.25,31737.0,12.0,7,25390.0,9369.22,5870.0,2,5,49088.0,14934.93,142541.0,117,49,24110.0,Y,15345.19,current,M,46,MEDIUM,7.800000000000001,8,799.0,0,2.0
2842,15182,10578.0,12891.74,3205.0,28502.5,4154.03,4947.9,8238.0,5.0,7,27,1,1,16,524000,1,1,1.0,1,970271.35,132324.01,1036.0,12174.0,23313.5,18434.0,23.0,2,30420.0,87233.35,175193.0,2,75,195281.0,5646.82,51485.29,13,11,59060.0,Y,4162.37,current,M,44,HIGH,12.0,8,244.0,1,12.0
2843,4991,10877.0,19365.86,3659.93,42258.39,4010.0,981.08,3457.55,44.0,47,82,7,21,8,156000,1,1,1.0,1,45463.0,32000.0,825.0,6885.0,35945.39,95390.0,22.0,13,16167.0,500100.0,22181.0,6,17,12271.0,161751.41,58597.38,7,10,45401.0,Y,6638.26,current,M,32,MEDIUM,9.600000000000001,2,537.0,1,20.0
2844,5726,6869.0,25874.0,1594.0,1881.0,5706.0,64001.01,8683.0,7.0,43,10,8,3,47,421000,1,1,1.0,1,137553.95,64491.0,3570.0,0.0,502889.94,43943.91,43.0,35,37404.0,56206.37,29713.0,50,2,71847.0,38094.04,33980.0,5,75,29867.0,Y,865.26,current,F,42,MEDIUM,13.200000000000001,4,249.0,0,20.0
2845,8626,16685.0,19313.47,20586.0,6526.9,18100.91,656.34,573.01,44.0,36,10,3,55,81,400000,1,1,1.0,1,34635.25,10947.0,30000.0,-6301.0,102775.72,127177.0,9.0,11,17175.0,51591.7,16047.55,19,75,3016.0,40627.38,185715.0,9,6,14492.0,Y,4980.52,current,M,33,MEDIUM,1.3,10,656.0,1,6.0
2846,17014,19376.0,9636.14,6866.0,18820.7,4147.0,3703.035,834.0,29.0,8,11,25,36,4,480000,1,1,1.0,1,70712.6,107692.0,5797.0,16455.0,22069.45,83697.0,17.0,33,1500.0,23079.0,50252.0,3,104,32847.26,90531.0,46264.15,14,63,34739.0,Y,2109.38,saving,M,53,HIGH,33.0,5,613.0,1,19.0
2847,15802,237113.0,8319.24,287.0,2024.76,6306.64,6841.0,841.6,10.0,10,3,2,62,13,190000,1,1,1.0,1,32200.0,822659.0,925.0,3897.0,106063.51,7826.5,20.0,26,17743.0,11659.3,64929.0,11,81,40984.0,26576.0,24815.0,11,103,39028.0,Y,2221.74,current,M,37,LOW,10.200000000000001,4,247.0,0,4.0
2848,4620,980.0,55906.78,5311.0,16529.54,5682.31,1896.3,672.77,15.0,30,105,19,1,54,461000,1,1,1.0,1,2184.0,159415.3,787.0,6916.0,33719.48,95825.0,11.0,0,31900.0,61259.0,296236.5,70,14,111792.0,103054.52,34563.0,1,36,280061.41,Y,3500.31,saving,M,36,LOW,12.8,8,710.0,1,5.0
2849,5997,3870.0,8748.39,5418.11,9255.82,21621.0,4537.085,37911.0,3.0,22,71,1,6,68,480000,1,1,1.0,1,4110.0,784499.0,4699.0,2819.0,10441.76,100265.9,7.0,3,52572.0,138987.58,50985.13,9,171,27132.0,24113.0,10445.0,21,79,23870.0,Y,4208.05,current,M,62,HIGH,42.0,10,958.0,1,5.0
2850,1512,2247.0,8385.0,3999.0,6599.1,70209.0,1096.09,1684.0,8.0,8,20,48,5,54,402000,1,1,1.0,1,825.0,409168.15,130000.0,2351.0,28120.58,46243.0,77.0,0,31820.0,285513.11,49073.0,5,12,87088.0,29300.52,897.0,22,83,228942.0,Y,2256.0,current,M,42,MEDIUM,11.0,1,809.0,0,7.0
2851,14281,19398.0,9265.98,24259.0,522.0,232.88,1386.51,5513.0,43.0,2,10,52,14,5,252000,1,1,1.0,1,3938.25,360000.0,908.0,14509.0,67.25,26991.0,55.0,5,15639.0,12563.81,73762.0,70,50,43134.0,168850.29,24672.97,3,24,19387.0,Y,1666.15,current,M,42,MEDIUM,15.4,1,801.0,0,16.0
2852,9154,18348.0,43007.78,2895.1,13395.22,7322.0,40912.0,6119.0,26.0,61,23,5,1,4,528000,1,1,1.0,1,13762.5,382191.0,891.0,-4679.0,20499.03,78739.0,42.0,1,40385.0,15297.88,23074.0,5,108,30880.0,76903.1,35035.0,11,42,20433.0,Y,381.23,current,F,33,LOW,5.2,4,615.0,1,3.0
2853,16660,10626.0,4265.01,5117.0,1066.27,13838.52,7222.0,110.5,14.0,36,60,1,2,3,68000,1,1,1.0,1,12057.2,65174.0,73217.0,1444.0,168541.57,30329.0,11.0,1,14248.0,102197.09,23880.0,35,171,39299.0,122736.25,15713.0,49,83,19878.0,Y,425540.1,current,M,223,MEDIUM,60.900000000000006,8,963.0,0,4.0
2854,16756,211978.0,9362.27,2407.6,37316.29,875.0,7450.0,204.0,2.0,3,60,11,27,30,27000,1,1,1.0,1,199690.5,134890.0,2158.0,12174.0,105809.67,60253.41,10.0,4,49953.0,38447.55,82692.0,17,29,17509.0,118339.69,92509.0,5,73,10756.0,Y,4249.48,saving,M,47,MEDIUM,16.2,6,684.0,1,5.0
2855,13743,12140.0,13749.41,5415.0,3204.9,6612.4,8123.835,1766.0,53.0,36,49,3,1,81,319000,1,1,1.0,1,510.6,21577.06,72000.0,2351.0,23077.25,8640.0,90.0,35,26805.0,171362.87,125092.0,6,82,32109.0,48714.9,20745.0,93,113,25131.0,Y,256.58,current,M,33,LOW,2.6,8,249.0,1,9.0
2856,17765,6439.0,1078.97,703.0,9187.27,1329.0,10084.385,630.0,4.0,23,12,25,25,3,232000,1,1,1.0,1,6440.0,117890.0,48950.0,3897.0,113311.81,37396.0,10.0,7,28825.0,15835.2,76217.0,70,63,19096.0,23359.8,90585.0,3,7,25004.0,Y,413.31,current,M,60,HIGH,4.0,5,653.0,1,3.0
2857,3352,2702.0,12027.56,6899.99,161981.96,1309.0,1548.65,2742.0,57.0,85,19,4,4,47,300000,1,1,1.0,1,4400.0,961916.9,1273.0,-5942.0,477866.23,41983.0,90.0,2,10602.0,111686.95,208663.0,47,25,43213.0,22729.27,35418.0,8,103,68552.0,Y,6859.77,saving,M,66,MEDIUM,32.2,4,945.0,1,13.0
2858,12343,213884.0,64626.42,16889.78,3825.81,2354.0,4234.0,1911.0,5.0,8,3,24,1,34,17000,1,1,1.0,1,1146.0,93000.0,20000.0,1954.0,16926.32,1060729.0,11.0,17,6931.87,39221.56,102529.0,5,26,46350.0,244837.32,20783.0,3,104,37861.0,Y,6121.8,current,M,46,MEDIUM,23.400000000000002,10,966.0,0,13.0
2859,7202,311355.0,12211.0,1974.0,17438.0,3158.47,24214.185,11858.04,5.0,65,7,57,38,1,188000,1,1,1.0,1,89294.6,42000.0,519.0,-6301.0,65784.95,25446.0,20.0,3,26100.0,17637.18,21688.0,1,69,21643.0,50723.06,29974.35,22,12,43407.0,Y,9064.83,current,M,56,MEDIUM,32.4,7,658.0,0,20.0
2860,18463,141666.0,4148.98,739.91,1296.22,6544.0,4920.0,3275.04,7.0,77,32,2,27,2,136000,1,1,1.0,1,1459500.0,52098.99,2644.0,10210.0,10381.04,92913.05,3.0,2,49730.0,122414.13,70808.0,3,13,2269.0,24775.03,39018.5,5,7,28786.0,Y,2277.64,current,M,66,MEDIUM,18.400000000000002,4,488.0,1,14.0
2861,12163,392280.0,3615.5,435.97,20448.2,22609.93,4198.0,1085.0,50.0,8,5,1,3,2,199999,1,1,1.0,1,83400.3,5241.0,68000.0,903.0,92509.06,10248.96,103.0,3,48505.0,100005.0,220337.26,3,82,22500.0,36022.43,45924.64,4,3,71057.0,Y,6699.26,current,M,42,LOW,13.200000000000001,5,554.0,0,19.0
2862,7543,17459.0,5552.0,326.38,3112.3,1538.4,6483.0,315.75,1.0,10,50,3,2,30,272000,1,1,1.0,1,50550.5,43545.0,36114.0,0.0,25132.74,59473.0,79.0,26,122017.65,49953.29,11031.0,3,46,69243.0,86683.25,179967.0,4,12,24810.0,Y,15648.96,saving,M,37,MEDIUM,5.1000000000000005,9,451.0,1,6.0
2863,17133,9977.0,26579.82,670.0,121074.15,5647.0,6872.0,1111.0,19.0,17,1,3,16,16,406000,1,1,1.0,1,12510.0,446457.0,54101.0,6916.0,39821.85,65912.0,62.0,3,78060.0,55271.58,41570.0,3,69,124950.0,106286.46,26917.0,13,50,23619.0,Y,4483.1,current,M,67,MEDIUM,14.100000000000001,1,639.0,1,2.0
2864,19639,178846.0,8288.91,1822.24,1851.0,46531.0,11865.0,2111.0,92.0,18,3,50,3,98,575000,1,1,1.0,1,65887.8,25000.0,51520.0,19765.0,27676.8,45441.16,2.0,9,436242.0,52503.5,72366.0,0,36,283399.0,39840.7,10879.0,12,7,27821.0,Y,7263.74,current,F,53,MEDIUM,26.400000000000002,3,233.0,0,16.0
2865,6416,163836.0,29676.28,1532.0,7336.48,2087.0,21708.7,2782.0,26.0,19,89,8,2,3,784000,1,1,1.0,1,98062.5,205000.0,28913.0,3897.0,17559.83,69133.37,11.0,33,34593.0,36805.54,68925.0,1,6,23413.0,28740.75,116082.0,22,79,16541.0,Y,15019.85,current,M,219,HIGH,19.900000000000002,4,762.0,1,11.0
2866,839,12076.0,1676.0,3238.0,18809.26,3516.0,20230.11,6069.0,2.0,99,47,35,4,54,352000,1,1,1.0,1,23669.0,15300.0,49900.0,2000.0,72730.88,16543.0,11.0,1,18360.0,16620.58,43989.0,43,108,69009.0,77338.24,45536.23,6,0,117554.0,Y,0.2,current,M,32,LOW,6.0,4,867.0,1,12.0
2867,16840,5582.0,5988.06,703.0,778.0,1513.0,29426.21,5032.92,7.0,1,13,24,71,56,125000,1,1,1.0,1,1910215.0,278360.16,925.0,0.0,16299.73,178461.0,18.0,36,2750.0,41732.7,20056.0,23,5,43986.0,49077.0,145240.0,3,38,42872.0,Y,19665.01,current,M,60,MEDIUM,16.0,3,743.0,0,17.0
2868,16373,4318.0,99909.49,14110.25,1598.86,308.5,3998.88,4293.65,7.0,43,32,1,2,34,383000,1,1,1.0,1,19265.4,1971236.9,28985.0,4063.0,54904.43,60995.5,63.0,19,12252.0,46365.04,671660.0,43,26,33442.0,16928.91,1143826.64,7,63,45955.0,Y,3280.84,current,M,56,MEDIUM,18.0,8,488.0,1,9.0
2869,2936,325287.0,1202.0,1797.0,5614.42,2907.05,4802.43,3338.0,46.0,22,87,7,15,30,430000,1,1,1.0,1,1859872.2,185097.6,4458.0,2351.0,34405.05,90720.0,69.0,1,74851.0,24874.35,19845.5,70,4,24347.76,222421.65,37174.0,2,63,48698.0,Y,15067.07,current,M,66,MEDIUM,46.0,3,249.0,1,16.0
2870,7291,14173.0,4845.19,284.0,9706.81,13567.45,11102.36,1573.0,12.0,10,19,1,1,1,100000,1,1,1.0,1,2100.0,116000.0,787.0,903.0,149673.64,88486.0,43.0,3,58400.0,27674.04,18672.0,30,27,19308.0,17036.0,100384.0,2,7,33597.0,Y,5491.65,current,M,32,LOW,7.2,5,536.0,1,8.0
2871,19042,17232.0,3581.95,4023.0,41689.05,9278.3,4667.0,2229.5,531.0,26,30,2,2,2,47000,1,1,1.0,1,300.0,900000.0,583.0,6916.0,183558.02,10158.0,103.0,0,201.0,5009.88,77359.57,4,82,34248.0,239010.53,24898.0,5,50,91219.0,Y,4253.74,current,M,60,LOW,32.0,2,945.0,1,6.0
2872,2800,2845.0,15059.0,9657.13,10324.0,3140.0,42184.64,4505.0,7.0,34,50,2,6,8,47000,1,1,1.0,1,4941.45,197800.0,5905.0,2500.0,3123.25,72222.0,29.0,1,15334.0,61262.08,167754.0,3,8,16225.0,46703.96,14796.0,47,75,30218.0,Y,19498.61,current,F,35,HIGH,4.5,3,535.0,1,14.0
2873,6177,129215.0,15821.0,397.0,14183.42,616.0,5593.725,625.0,2.0,30,35,1,21,70,199999,1,1,1.0,1,9542.5,84.32,678.0,2337.0,20580.32,65999.68,55.0,3,31174.0,75353.07,69587.29,3,108,12367.0,72816.02,20700.0,3,38,11446.0,Y,3264.08,current,M,60,MEDIUM,24.0,5,623.0,1,3.0
2874,601,18056.0,29736.63,7236.0,685.5,5653.84,6629.78,6234.8,3.0,18,19,1,63,67,391000,1,1,1.0,1,40822.5,150000.0,6100.0,-4664.0,49385.0,20194.0,22.0,4,20140.0,63904.01,29784.87,43,8,17784.0,64660.79,26405.0,3,124,28154.0,Y,6922.63,current,M,28,MEDIUM,8.0,4,299.0,1,14.0
2875,2167,141845.0,4943.55,1125.08,3425.18,7366.41,2096.0,27985.1,10.0,27,71,1,5,10,568000,1,1,1.0,1,66191.5,121927.8,33774.0,-7652.0,74223.44,75034.0,29.0,2,27352.0,54435.29,36107.04,7,20,14730.0,45266.69,24773.0,13,21,28642.0,Y,3781.31,current,M,37,MEDIUM,11.9,6,748.0,0,11.0
2876,4519,13462.0,51095.04,2361.55,3390.45,3873.0,3965.0,3658.83,2.0,65,2,1,4,79,150000,1,1,1.0,1,291969.2,545000.0,60000.0,-4679.0,34728.14,75174.0,39.0,5,71795.0,28039.58,222828.0,70,81,106447.0,66888.28,69751.0,22,113,3040.0,Y,7852.6,current,M,37,LOW,17.0,9,771.0,0,19.0
2877,19588,3544.0,2357.0,9251.59,41645.43,10459.0,4918.0,4609.0,2.0,36,11,35,63,5,352000,1,1,1.0,1,265809.85,152664.0,3000.0,3897.0,150015.25,81922.0,0.0,19,63500.0,43362.5,21715.5,5,6,89903.0,67233.63,148216.5,7,83,40635.0,Y,886.36,saving,M,34,MEDIUM,11.200000000000001,1,259.0,1,5.0
2878,9364,2982.0,24675.54,608.01,2104.52,5560.0,2714.0,1109.58,4.0,7,112,57,6,1,430000,1,1,1.0,1,385.0,76365.24,98472.0,-4664.0,20603.18,18117.0,4.0,19,30368.0,29625.38,29640.0,35,5,47408.0,32749.5,199758.0,42,58,26234.0,Y,6756.42,current,M,66,LOW,18.400000000000002,4,330.0,0,12.0
2879,14658,26688.0,23847.7,8470.83,4109.38,2512.0,6996.8,1159.0,4.0,10,50,1,4,8,49999,1,1,1.0,1,10006.2,167870.79,579.0,7478.0,67545.42,9783.0,48.0,19,101773.0,32613.47,37091.0,0,5,35543.0,13477.0,75283.0,10,1,31321.0,Y,241.53,current,M,35,MEDIUM,12.0,1,658.0,1,2.0
2880,7491,11486.0,7265.0,4225.08,13362.04,453.0,31920.5,3671.0,2.0,8,23,5,1,16,523000,1,1,1.0,1,811000.0,64491.0,6100.0,0.0,171523.0,263113.0,4.0,2,116213.0,37271.5,9591.8,2,4,24851.61,155792.33,43235.16,19,11,36397.0,Y,2884.16,current,M,35,MEDIUM,9.0,10,614.0,1,11.0
2881,14531,168268.0,12148.07,5058.0,8171.0,3179.0,3921.4,17167.0,8.0,20,112,8,2,31,226000,1,1,1.0,1,2184.0,21577.06,130000.0,3897.0,120263.09,50149.3,3.0,7,700000.0,78708.68,86829.2,1,63,12361.0,162191.78,22700.0,117,17,26224.0,Y,8126.72,current,M,29,LOW,8.1,6,710.0,1,11.0
2882,18146,15382.0,43279.0,5572.0,23185.0,8390.0,19169.0,4690.48,10.0,23,44,52,2,2,400000,1,1,1.0,1,22086.05,212907.7,891.0,1079.0,74223.44,57701.0,4.0,43,55746.0,34941.5,153570.0,2,86,98066.0,48181.73,65124.25,2,13,46258.0,Y,9723.29,current,M,66,MEDIUM,32.2,4,485.0,1,2.0
2883,15196,18968.0,3513.81,5374.35,10853.25,451.0,7137.87,1584.0,19.0,3,82,10,2,30,218000,1,1,1.0,1,28844.0,184514.0,24094.0,5730.0,34871.51,72208.0,55.0,4,35150.0,20120.5,201472.0,43,40,22074.0,60208.0,58932.0,12,25,21386.0,Y,1942.35,saving,M,47,MEDIUM,13.5,3,488.0,1,20.0
2884,5738,16385.0,22706.85,1236.0,8697.04,5821.0,3531.0,7220.0,24.0,1,27,4,31,16,410000,1,1,1.0,1,34635.25,232897.0,48374.0,12299.0,22041.25,145037.0,77.0,2,63888.0,39100.95,179977.91,2,1,36426.0,28740.75,57887.0,12,32,64354.0,Y,14294.14,saving,M,47,MEDIUM,13.5,7,836.0,1,8.0
2885,13115,110355.0,2965.0,1218.85,47577.11,1026.92,742.08,854.8,44.0,30,23,57,3,47,173000,1,1,1.0,1,6440.0,97000.0,20887.0,-5998.43994,242095.93,165237.0,16.0,2,47434.0,176311.54,5096.0,3,86,17394.0,41083.0,47675.0,2,50,28677.0,Y,4107.3,current,F,37,MEDIUM,5.1000000000000005,5,424.0,1,7.0
2886,5409,15058.0,18152.0,4369.5,9922.84,17318.47,8693.26,366.0,17.0,23,7,10,1,1,595000,1,1,1.0,1,73010.0,5241.0,610000.0,8723.0,200026.14,41080.0,18.0,3,19632.0,30415.0,19275.0,6,8,82666.0,119199.75,31887.0,9,113,127320.0,Y,2755.87,current,M,32,MEDIUM,2.4000000000000004,8,639.0,1,2.0
2887,5281,114612.0,1401.7,2929.29,110947.78,7555.0,2303.0,623.0,1.0,85,5,3,15,4,130000,1,1,1.0,1,4941.45,9866.01,5591.0,5350.0,35361.71,121095.0,69.0,5,22673.0,13793.5,37574.0,1,82,17414.0,21585.92,38706.0,94,21,32556.28,Y,12980.68,current,F,36,MEDIUM,11.200000000000001,5,454.0,1,14.0
2888,18096,7761.0,4180.09,28166.0,1453.2,23542.0,7559.82,24148.83,26.0,10,3,47,46,10,25000,1,1,1.0,1,10006.2,1024477.47,1633.0,1500.0,57357.02,40816.0,1.0,35,25468.0,50239.25,42336.0,1,7,35844.0,90181.79,61203.8,11,10,6492.04,Y,3848.67,saving,M,27,LOW,3.5,5,710.0,1,11.0
2889,19706,940.0,1183.63,4754.99,1216.86,768.0,1711.0,2138.0,124.0,5,38,20,6,42,85000,1,1,1.0,1,291969.2,992890.32,51520.0,1500.0,16574.5,48113.0,11.0,3,83359.0,123982.21,29556.0,6,12,28115.0,34055.24,101922.54,1,83,2510.0,Y,6756.42,saving,M,42,MEDIUM,17.6,2,866.0,1,19.0
2890,19388,36044.0,9169.57,976.01,16700.82,2553.28,15673.5,3501.5,32.0,10,49,3,1,4,199999,1,1,1.0,1,169.4,190887.4,768.0,167.0,22069.45,9783.0,11.0,19,105980.0,366977.39,170908.0,2,9,14386.0,48226.36,25721.0,3,11,25780.0,Y,1112.07,current,M,29,MEDIUM,3.6,1,296.0,0,3.0
2891,9274,747.0,42618.0,1978.0,9351.71,13860.0,3874.5,1873.0,44.0,37,35,42,3,70,480000,1,1,1.0,1,58834.74,186474.96,5591.0,1500.0,8730.25,77893.08,12.0,1,78842.2,284787.72,35234.0,4,104,101174.0,10687.75,181849.0,7,58,19947.0,Y,1529.96,current,F,118,MEDIUM,19.6,2,249.0,1,12.0
2892,10141,30400.0,4255.0,948.74,10506.0,1726.0,2740.0,4784.32,5.0,10,71,1,62,75,586000,1,1,1.0,1,493682.5,93.35,50000.0,8572.0,5076.25,35121.0,147.0,2,28506.0,10742.48,2249469.0,3,20,28147.0,66031.91,47046.0,19,52,79993.0,Y,12190.43,saving,M,28,MEDIUM,4.0,9,643.0,1,15.0
2893,1954,10571.0,60992.13,2055.0,923.92,2026.0,2816.5,1486.0,52.0,128,26,3,1,1,525000,1,1,1.0,1,2533020.0,75925.0,30071.0,8572.0,25465.43,30696.0,36.0,1,48840.0,75922.0,28708.28,1,5,90921.0,5870.75,41140.0,5,11,23907.0,Y,174.94,current,M,29,LOW,6.300000000000001,9,606.0,1,9.0
2894,13351,3121.0,13321.5,2340.23,22346.97,11035.24,494.84,40082.0,5.0,26,13,45,25,26,134000,1,1,1.0,1,95.0,1187335.5,936.0,1522.0,1286.85,510332.24,42.0,1,44858.0,290681.09,27209.0,3,89,16546.0,7426.04,67442.0,62,12,18485.0,Y,511.05,current,M,30,MEDIUM,5.0,8,372.0,1,17.0
2895,3833,15484.0,1495.0,2061.0,4827.41,29884.0,9410.05,842.0,531.0,3,87,8,6,2,483000,1,1,1.0,1,16387435.0,18300.0,29542.0,0.0,120260.57,30864.0,10.0,5,183846.0,97337.24,316264.72,5,11,78500.0,58019.25,79656.0,9,11,30040.0,Y,6764.79,current,M,53,LOW,19.8,3,486.0,1,2.0
2896,19546,16487.0,19313.47,139422.6,12522.0,11163.64,13639.0,1061.0,8.0,99,87,50,9,34,293000,1,1,1.0,1,197067.2,64491.0,5540.0,20324.0,196562.51,111604.91,67.0,2,23492.0,30318.69,287111.0,2,20,11374.0,145825.11,94314.0,41,50,98139.0,Y,6112.84,current,M,49,MEDIUM,2.9000000000000004,4,233.0,1,16.0
2897,3388,14840.0,21667.6,878.0,295.0,12069.11,1197.705,7357.0,10.0,30,10,62,16,80,340000,1,1,1.0,1,81872.65,52000.0,2214.0,5439.0,25202.0,50353.0,12.0,7,12714.0,33936.5,41434.26,2,86,27884.0,56151.88,135572.0,11,7,14830.0,Y,602.7,saving,M,25,MEDIUM,3.0,4,685.0,1,18.0
2898,5284,14233.0,1341.76,2531.0,2697.17,3985.54,1017.73,523.0,44.0,1,3,6,4,2,19000,1,1,1.0,1,53530.07,201000.0,6100.0,20324.0,45633.99,78839.0,84.0,31,19660.0,68204.84,95741.0,1,8,32226.0,32953.15,13952.0,4,40,62491.0,Y,718.02,current,M,62,MEDIUM,4.2,10,957.0,1,15.0
2899,19324,131896.0,5115.0,2448.0,16293.05,1524.6,26980.0,21126.0,56.0,23,42,1,1,1,480000,1,1,1.0,1,715554.75,24000.0,583.0,6885.0,20458.74,367218.0,55.0,0,21739.0,136610.0,22376.0,31,81,37010.0,46325.23,46256.87,47,120,39882.0,Y,1046.43,current,F,38,LOW,5.4,3,934.0,1,9.0
2900,2592,22394.0,1591.98,456.0,3668.66,5256.59,702.0,5330.0,4.0,2,35,24,2,9,533000,1,1,1.0,1,105453.65,446457.0,130000.0,0.0,98228.63,563573.51,8.0,2,29420.0,64351.5,25879.0,4,21,68170.0,54634.0,65618.0,117,49,23986.7,Y,11933.35,current,M,47,MEDIUM,2.7,1,713.0,1,13.0
2901,10802,17502.0,12643.16,3639.16,11357.81,14216.43,21473.0,525.0,10.0,30,2,20,2,31,178000,1,1,1.0,1,725446.38,1024477.47,768.0,5439.0,69847.0,21223.0,20.0,2,40337.4,36780.0,18354.0,3,4,27536.0,41589.76,21306.0,4,79,378.0,Y,593.11,current,M,25,MEDIUM,1.0,7,245.0,1,5.0
2902,4370,11424.0,6754.5,16839.45,4630.775,27352.0,15259.0,4185.0,26.0,37,4,12,1,4,100000,1,1,1.0,1,328504.5,104000.0,24619.0,19453.0,27924.96,10134.0,42.0,2,39263.0,33489.37,28416.0,0,108,20668.0,237441.97,45856.0,6,103,176000.0,Y,5622.52,current,M,42,MEDIUM,22.0,2,623.0,1,12.0
2903,11828,12399.0,5620.93,10381.0,2280.0,4550.92,5306.605,3493.29,26.0,84,13,3,9,47,410000,1,1,1.0,1,4614669.901,154544.47,24619.0,-6281.37987999999,22789.42,68440.0,5.0,3,24620.0,38077.24,3205.0,43,5,40552.0,253.0,162423.0,14,79,61540.0,Y,632.31,current,M,27,MEDIUM,2.1,8,796.0,1,15.0
2904,5396,16820.0,57923.97,4735.61,1130.85,782.26,1487.0,3052.0,7.0,84,35,35,14,2,16000,1,1,1.0,1,0.35,376694.91,12000.0,-4324.0,80952.18,48512.0,55.0,4,50869.0,29522.83,60356.38,0,24,46800.0,23440.55,22363.62,94,65,23216.0,Y,2804.47,current,M,30,MEDIUM,1.0,6,486.0,1,2.0
2905,3613,87689.0,5101.85,4931.6,952.5,1613.02,21363.25,3323.0,12.0,10,27,2,1,8,193730,1,1,1.0,1,3080625.0,15395.48,25002.0,1079.0,63429.17,75013.0,24.0,33,92941.0,38683.3,228562.0,2,7,690000.0,136347.68,37675.0,6,0,64354.0,Y,4982.69,current,M,42,LOW,22.0,5,370.0,0,4.0
2906,18780,583.0,30385.0,3451.57,11852.91,2549.0,650.5,8617.0,56.0,10,32,7,2,8,199999,1,1,1.0,1,13762.5,52985.43,300500.0,-3625.0,38545.86,251063.0,36.0,7,16797.0,16987.0,9597.0,6,7,91891.0,138262.08,133774.55,7,63,40662.0,Y,2670.0,current,M,36,HIGH,4.800000000000001,10,488.0,1,10.0
2907,6200,83447.0,26552.0,2150.01,10635.0,550.5,1781.0,1198.0,66.0,5,35,22,2,13,164000,1,1,1.0,1,10006.2,83402.0,787.0,5439.0,92.0,39262.0,23.0,5,167612.0,25253.69,90534.0,9,20,21062.0,176017.67,78463.0,3,54,38369.0,Y,6699.26,current,M,33,MEDIUM,13.0,6,700.0,1,14.0
2908,2668,6611.0,4968.99,10351.5,3090.0,21080.44,1274.0,2472.0,2.0,23,13,1,25,98,340000,1,1,1.0,1,7304.75,43397.0,30040.0,-5998.43994,14779.08,18388.0,42.0,36,55680.0,53325.63,288849.94,2,42,24557.0,11618.75,60285.5,7,96,9751.0,Y,3192.66,current,M,42,HIGH,6.6000000000000005,6,882.0,1,13.0
2909,16030,305.0,12012.84,4290.0,5608.84,3471.0,6264.0,2189.0,4.0,10,32,22,9,10,263000,1,1,1.0,1,10008.0,116000.0,15477.0,1245.0,11218.81,14661.5,46.0,15,25331.0,34314.13,23975.0,5,108,16878.0,40774.97,42934.0,14,28,60257.0,Y,5861.8,current,M,66,LOW,27.6,7,615.0,1,7.0
2910,2971,476.0,4200.83,4884.52,749.0,2568.2,5386.295,1602.0,80.0,77,64,2,17,1,249000,1,1,1.0,1,94127.1,289469.58,55000.0,5464.0,17798.0,78476.0,36.0,15,64471.0,31410.0,19721.0,2,44,43560.0,6292.75,69927.0,5,12,33762.0,Y,1570.29,current,M,42,MEDIUM,15.4,1,539.0,1,13.0
2911,11806,393798.0,2944.465,2406.0,12333.81,1624.0,39617.0,2510.0,3.0,66,89,21,2,2,402000,1,1,1.0,1,8209320.0,64491.0,3792.0,10210.0,13016.0,6847.0,42.0,5,13007.0,12321.81,27552.0,3,14,9265.0,21769.77,35409.0,4,9,132065.0,Y,8004.35,current,M,42,MEDIUM,17.6,7,683.0,0,2.0
2912,4155,5782.0,23409.0,4969.04,4629.6,465.86,2581.75,3192.0,531.0,43,14,11,4,44,212500,1,1,1.0,1,720551.4,1475000.0,105000.0,-5998.43994,5264.57,62130.24,67.0,13,21933.0,58604.75,56807.0,2,25,32831.0,26564.24,129295.0,11,7,25043.0,Y,3947.4,current,M,53,MEDIUM,16.5,5,684.0,1,18.0
2913,13223,15354.0,38028.03,147.0,1350.0,69114.0,7632.46,3338.0,20.0,10,2,1,15,1,338000,1,1,1.0,1,3950.0,21577.06,4895.0,553.0,126110.0,18012.74,4.0,26,48299.0,20383.85,12088.43,9,12,193000.0,3657.4,624.29,4,38,20859.0,Y,3085.64,current,M,62,MEDIUM,4.2,3,370.0,0,13.0
2914,12570,18582.0,3812.0,7783.0,4247.75,10317.0,7256.76,21189.3,29.0,83,35,25,2,44,302000,1,1,1.0,1,4941.45,380000.0,5540.0,12415.0,90524.56,19424.0,4.0,7,66433.0,64155.48,78392.8,8,171,25500.0,17311.97,225418.0,11,38,73291.96,Y,5558.14,current,M,64,LOW,8.8,5,713.0,0,17.0
2915,17553,8629.0,80289.83,3986.0,12465.3,2729.0,2359.79,16255.0,7.0,10,61,50,7,1,421000,1,1,1.0,1,115.45,93.35,4458.0,5340.0,28691.15,73483.26,70.0,3,83777.0,25601.73,297793.0,45,14,21482.0,24091.07,11923.0,9,8,6708.81,Y,2861.5,current,M,28,MEDIUM,8.0,6,974.0,0,14.0
2916,14536,242.0,29824.26,826.9,7728.5,2186.0,3640.0,9335.0,18.0,3,67,2,2,4,371000,1,1,1.0,1,47384.6,93.35,28912.0,12174.0,90117.73,60348.0,39.0,35,83569.0,14111.75,33415.62,2,82,13747.56,25273.75,81939.0,19,58,195757.0,Y,6665.62,current,M,55,MEDIUM,14.0,6,355.0,0,8.0
2917,8287,1365.0,2933.34,23146.0,945.07,44305.59,14397.0,7974.0,2.0,66,23,2,25,3,400000,1,1,1.0,1,2014.8,106398.0,2019.0,0.0,73551.75,75174.0,10.0,4,15987.0,59233.11,1418.72,2,7,142795.77,129676.58,30532.0,12,103,11017.0,Y,5838.39,current,F,35,MEDIUM,10.5,9,448.0,1,13.0
2918,3346,17773.0,10355.12,8190.92,17431.5,484.22,3330.0,1597.0,5.0,5,44,2,21,41,199999,1,1,1.0,1,99984.83,114.74,5540.0,290.0,141849.68,223779.0,95.0,9,12615.0,20683.92,49161.0,5,4,30672.0,26230.31,152203.76,44,9,25925.0,Y,10769.1,saving,F,29,MEDIUM,0.9,4,911.0,1,10.0
2919,7376,296710.0,1247.02,4931.6,4987.0,9934.0,619.88,945.97,4.0,11,44,2,27,34,100000,1,1,1.0,1,154363.25,121927.8,12000.0,20513.0,9513.0,29342.0,11.0,14,12615.0,28598.92,59337.0,2,8,55223.0,205064.4,160219.85,6,65,28672.0,Y,12730.29,current,M,35,MEDIUM,1.5,6,710.0,1,18.0
2920,15091,10902.0,7134.0,4897.07,16343.73,663.25,9345.0,10137.04,5.0,23,47,20,2,11,375000,1,1,1.0,1,39851.93,85300.0,57899.0,24326.0,20060.75,27876.23,12.0,3,43364.0,20296.46,7724.0,2,50,162500.0,14370.5,54677.53,42,49,17120.0,Y,10241.82,current,M,27,LOW,7.0,4,428.0,1,19.0
2921,12763,5455.0,4955.04,13247.96,1593.12,185.0,1883.75,1891.0,6.0,27,44,20,2,17,72000,1,1,1.0,1,166331.66,74599.9,8333.0,3735.0,30925.19,18994.0,11.0,1,51061.0,7031.88,73522.0,9,12,154500.0,126315.63,62442.0,6,106,48727.0,Y,26458.5,current,M,42,MEDIUM,11.0,2,864.0,1,14.0
2922,1054,18930.0,961.91,14674.0,25978.895,4086.62,11956.0,4606.0,5.0,18,14,22,6,47,556000,1,1,1.0,1,24832.0,191000.0,29542.0,5773.0,32764.64,5284.0,39.0,26,25567.0,75593.97,21104.0,24,28,9750.0,134191.0,365914.15,2,12,33403.0,Y,170055.19,current,M,32,MEDIUM,9.600000000000001,7,488.0,1,4.0
2923,10821,17739.0,7092.22,6351.0,15645.24,7139.92,6666.44,378.0,6.0,77,49,50,9,1,256000,1,1,1.0,1,12869465.0,1425000.0,925.0,-5998.43994,40673.0,13116.0,77.0,5,38163.0,45318.78,115218.0,9,8,69052.0,105488.53,109041.0,6,32,17165.0,Y,1371.25,current,M,37,MEDIUM,15.3,6,300.0,1,16.0
2924,7898,100211.0,24688.52,5726.0,15893.0,5275.0,22890.94,1412.0,531.0,601,87,5,15,42,480000,1,1,1.0,1,331.2,234459.4,8417.0,3323.0,60141.73,18255.0,55.0,0,291262.0,86625.13,102715.0,11,11,94231.0,21207.0,48004.0,2,28,19840.0,Y,1751.28,current,M,38,HIGH,9.0,10,713.0,1,17.0
2925,8816,5981.0,36323.42,3659.93,16229.0,3839.0,3771.515,5299.0,24.0,29,14,6,4,34,139000,1,1,1.0,1,811.0,118976.0,925.0,-5998.43994,84840.23,15397.0,42.0,5,66300.0,11595.25,321685.0,1,82,20032.0,118374.4,19690.5,117,73,16915.0,Y,2156.14,current,M,38,MEDIUM,10.8,2,863.0,1,9.0
2926,13274,6635.0,29335.2,8386.86,8142.36,4870.59,4089.29,3011.52,4.0,13,7,39,9,5,75000,1,1,1.0,1,16100.0,385218.7,800.0,0.0,116252.5,54286.0,52.0,36,111759.0,64029.0,18375.5,1,20,54412.0,26219.33,43011.0,3,12,31128.0,Y,7437.19,current,M,44,MEDIUM,21.6,3,623.0,1,4.0
2927,13173,138440.0,10983.77,16400.0,53443.0,5923.0,26550.81,5120.0,63.0,34,32,5,11,1,17000,1,1,1.0,1,196885.0,17000.0,12560.0,6916.0,15346.03,12462.0,11.0,3,30901.0,11636.0,33869.0,5,42,43191.0,32525.99,21509.59,4,18,46575.0,Y,8825.79,current,M,53,LOW,3.3000000000000003,3,914.0,0,12.0
2928,2499,309626.0,4852.69,11461.0,10861.98,1980.61,12208.0,13343.34,63.0,37,47,1,21,18,84000,1,1,1.0,1,10006.2,10000.0,73217.0,4314.0,17266.21,144266.5,42.0,5,34208.0,28560.75,100022.0,9,44,34678.0,212824.88,29204.0,3,15,18429.0,Y,7278.57,current,M,66,LOW,41.400000000000006,2,534.0,1,13.0
2929,2955,120772.0,4411.96,7082.0,35099.03,21768.0,11513.0,8656.0,18.0,99,47,62,15,58,84000,1,1,1.0,1,98062.5,165970.9,583.0,1931.0,36237.43,90126.0,87.0,1,107175.0,511053.67,153808.0,24,8,44334.0,23768.54,53908.0,7,12,55970.0,Y,6501.09,current,M,40,MEDIUM,8.0,8,802.0,1,4.0
2930,13911,3915.0,66120.54,6946.01,20601.0,4622.23,2565.52,154.0,12.0,10,35,2,71,4,395000,1,1,1.0,1,88.0,109000.0,50000.0,903.0,13938.25,36338.0,50.0,1,580000.0,123235.43,86039.0,10,50,17820.0,222752.35,34831.0,3,8,20937.0,Y,2829.86,current,M,55,MEDIUM,31.5,9,883.0,1,10.0
2931,1036,19400.0,262979.34,582.0,3005.0,24202.62,23702.0,2282.0,12.0,10,67,47,11,6,221000,1,1,1.0,1,825.0,64491.0,1018.0,2008.0,13006.47,30415.0,46.0,19,16561.0,91495.76,172236.0,17,14,34818.0,40266.69,25243.0,94,103,31281.0,Y,5685.58,current,M,62,LOW,37.800000000000004,2,713.0,1,16.0
2932,2995,11996.0,2239.5,6463.95,9565.0,6886.38,547.02,253.0,24.0,18,11,20,48,8,408000,1,1,1.0,1,360978.37,19000.0,908.0,8723.0,40644.35,102457.0,40.0,2,31900.0,21404.04,220015.0,9,81,22861.0,49451.62,112758.75,43,49,40305.0,Y,6205.85,saving,M,53,MEDIUM,26.400000000000002,6,623.0,0,5.0
2933,15459,338593.0,127684.38,114680.0,36066.58,22231.0,45970.48,3457.55,26.0,26,7,7,3,47,581000,1,1,1.0,1,153935.02,64491.0,19400.0,5464.0,24648.39,150976.41,46.0,7,365000.0,119521.0,12389.0,1,27,28417.0,37850.8,2232.0,2,24,26126.0,Y,4932.09,saving,M,27,MEDIUM,0.7000000000000001,2,233.0,1,20.0
2934,12788,307732.0,11925.2,5821.0,2247.21,50523.8,2897.0,1982.0,7.0,56,10,4,56,1,35000,1,1,1.0,1,2242.35,35421.67,12000.0,5439.0,112137.07,28763.0,43.0,1,38913.0,99130.86,187741.0,2,28,17680.0,12483.77,43890.0,3,73,252.0,Y,17376.66,current,M,33,LOW,5.2,10,369.0,0,3.0
2935,16604,515.0,5540.6,407.0,2928.5,3529.0,1647.0,105631.0,24.0,66,64,18,71,98,272000,1,1,1.0,1,293418.75,187788.1,787.0,14509.0,74009.75,50101.0,42.0,14,24966.0,348598.75,23880.0,2,20,26567.0,47215.52,51673.0,93,24,22447.0,Y,13343.33,current,M,35,MEDIUM,10.5,3,626.0,1,17.0
2936,11225,11850.0,5571.0,1279.0,4397.37,10834.97,73653.2,5504.0,1.0,18,19,1,1,54,524000,1,1,1.0,1,5324.49,280000.0,25524.0,4512.0,286.75,25375.0,103.0,9,33833.0,32564.27,55187.0,11,82,37019.0,192027.0,12568.75,5,9,42.0,Y,756.18,current,F,33,HIGH,1.3,8,799.0,1,5.0
2937,12676,14596.0,12641.5,1297.13,947.9,122.0,55425.755,2060.0,5.0,5,30,2,25,1,53000,1,1,1.0,1,138272.2,191000.0,105000.0,-5715.49022999999,34760.81,32862.0,11.0,26,21046.0,7526.0,190482.0,11,11,90016.0,72595.75,137985.99,47,63,46575.0,Y,2210.43,current,M,38,MEDIUM,9.0,9,503.0,1,12.0
2938,9387,2048.0,7392.0,703.0,37136.26,6648.14,6233.85,1624.0,6.0,77,44,18,25,9,98000,1,1,1.0,1,39851.93,1423567.1,1273.0,167.0,29768.31,47097.0,11.0,7,18867.0,37195.4,1562.0,43,20,14441.0,38576.76,120858.25,13,50,28601.0,Y,4238.14,current,M,40,LOW,10.0,2,267.0,1,12.0
2939,8531,5306.0,22389.03,19070.7,25516.95,921.0,1685.04,4342.0,4.0,20,50,24,2,47,267000,1,1,1.0,1,60800.0,138732.3,2156.0,-4641.77979,48112.75,70919.0,48.0,1,16950.0,44314.25,30416.84,4,108,26927.0,10665.5,42403.0,4,58,31283.0,Y,20440.74,current,F,47,MEDIUM,5.4,9,955.0,0,11.0
2940,14040,18317.0,9572.26,4245.0,22039.14,10507.42,6125.66,566.0,6.0,36,50,18,4,79,382000,1,1,1.0,1,19866.0,326326.9,508.0,-3506.17993,54904.43,12331.0,4.0,7,54792.0,20807.36,72366.0,24,8,24191.0,13854.15,39519.0,94,32,31345.0,Y,2210.37,current,M,30,MEDIUM,2.0,9,247.0,0,11.0
2941,18242,294737.0,20526.0,72167.0,10268.03,13356.0,1244.3,5350.0,63.0,5,3,18,1,44,74100,1,1,1.0,1,331.2,100934.0,50000.0,1992.0,22757.3,355211.0,27.0,3,15183.0,119052.51,82945.0,31,8,36400.0,168566.73,783.0,2,12,14678.0,Y,5987.28,current,M,222,MEDIUM,40.400000000000006,2,801.0,1,3.0
2942,12264,11087.0,6056.67,15086.0,5092.5,22344.55,8517.0,6084.8,26.0,10,4,4,36,42,256000,1,1,1.0,1,21220.0,29479.0,2156.0,1429.0,19638.0,79721.0,72.0,3,14945.0,100839.5,31544.4,1,8,164331.0,178104.26,139388.5,2,106,496.0,Y,204.98,current,M,42,MEDIUM,17.6,4,723.0,1,13.0
2943,10501,16155.0,6814.5,10190.9,31903.2,802.58,3512.6,642.0,8.0,2,3,60,1,39,461000,1,1,1.0,1,70310.6,63000.0,3000.0,1014.0,12013.29,21905.0,18.0,26,17241.0,67166.7,120749.1,3,8,14730.0,583516.0,52887.79,4,104,58460.0,Y,288.38,current,M,60,LOW,40.0,1,505.0,1,20.0
2944,3969,9012.0,1936.0,6104.3,27734.97,5256.59,1028.0,8650.0,2.0,23,1,26,63,6,581000,1,1,1.0,1,5809950.0,399.09,54101.0,0.0,194323.25,74444.0,77.0,4,72458.0,14296.08,56912.0,6,50,69243.0,87477.14,138512.0,47,11,11047.0,Y,1582.33,saving,M,34,MEDIUM,9.8,3,743.0,1,13.0
2945,5213,114448.0,12765.66,614.0,14027.28,16060.0,10122.65,2836.0,67.0,23,11,3,1,12,375000,1,1,1.0,1,5809950.0,273221.0,678.0,1522.0,26957.27,181089.94,20.0,1,24907.0,25030.75,74593.0,9,2,60029.0,66498.51,32240.07,49,65,75270.0,Y,2180.35,current,M,31,HIGH,1.1,5,386.0,0,19.0
2946,13045,8808.0,15862.36,2969.0,11645.0,11209.0,1561.505,1040.0,57.0,99,5,60,21,6,315000,1,1,1.0,1,510.6,15395.48,15477.0,3560.0,28400.62,30654.0,24.0,1,40849.87,22249.76,27552.5,2,28,9015.87,32375.05,4450.0,5,12,8348.0,Y,78966.76,current,M,35,LOW,9.0,1,887.0,1,8.0
2947,13133,10787.0,13953.6,3550.0,2693.76,5364.85,124119.0,467.0,6.0,84,35,5,15,8,366000,1,1,1.0,1,73010.0,14000.0,1135.0,-4679.0,5372.97,14022.0,37.0,3,37404.0,130530.41,11075.0,2,67,11541.0,155667.44,51384.0,19,76,28540.0,Y,8008.67,current,M,47,MEDIUM,24.3,6,647.0,1,12.0
2948,17747,19662.0,25457.03,5575.0,7745.5,20024.0,6415.0,6234.8,66.0,3,4,35,4,17,481000,1,1,1.0,1,360978.37,71944.5,2214.0,167.0,24917.31,51002.0,10.0,2,28549.0,36589.87,61986.0,24,24,19180.0,60707.75,70550.0,21,75,19038.0,Y,685.28,saving,M,46,MEDIUM,26.0,8,866.0,0,6.0
2949,6666,778.0,5010.0,3917.0,5258.01,151.01,59329.24,22520.0,10.0,32,67,20,60,62,510000,1,1,1.0,1,153410.0,460000.0,73217.0,5730.0,35724.5,33818.0,42.0,4,20214.0,15396.82,71374.0,2,4,46575.0,82691.81,50953.5,94,79,24269.0,Y,3574.27,current,M,66,MEDIUM,36.800000000000004,10,737.0,0,16.0
2950,19604,89756.0,1908.0,12480.0,1863.5,7494.0,10960.68,1248.0,1.0,10,16,1,18,55,505000,1,1,1.0,1,86865.0,589.39,100000.0,5730.0,24965.25,34182.78,42.0,36,33019.0,132375.47,30285.5,1,171,50985.0,54203.19,78866.9,4,80,44332.0,Y,1394.66,current,M,42,MEDIUM,17.6,2,354.0,1,11.0
2951,4764,395398.0,1041.0,1036.0,8559.5,17332.82,8476.0,664.45,136.0,84,5,25,36,54,378000,1,1,1.0,1,2184.0,87578.0,18389.0,12174.0,150103.0,30524.0,7.0,19,80685.0,603897.0,104334.13,2,20,55300.42,42671.12,90585.29,3,58,256626.0,Y,2367.96,current,F,33,MEDIUM,1.3,3,370.0,0,18.0
2952,17514,6604.0,11499.49,11624.91,72865.41,8517.04,1932.5,3121.04,2.0,3,50,8,1,98,44000,1,1,1.0,1,690.0,87578.0,43798.0,5730.0,30414.75,10169.0,11.0,9,176879.0,56439.44,121505.0,3,50,65000.0,61333.1,77443.0,14,58,27299.0,Y,33888.25,current,M,38,MEDIUM,9.0,7,658.0,1,17.0
2953,8477,11099.0,5760.0,1012.51,10246.6,12109.0,33407.17,3754.97,10.0,3,44,5,1,13,461000,1,1,1.0,1,3638.25,31730.49,20000.0,35346.0,111135.07,37254.0,11.0,31,27421.0,21553.65,11386.0,8,6,22447.0,15138.0,20406.29,5,18,27783.0,Y,588.71,saving,M,55,MEDIUM,14.0,5,685.0,1,13.0
2954,15028,7572.0,1192.68,435.97,71666.13,324.5,2418.1,3176.0,7.0,77,74,1,55,30,199999,1,1,1.0,1,98543.96,63173.17,25849.0,7478.0,639.25,42859.0,12.0,7,56333.0,36477.67,71364.75,1,35,28154.0,11434.75,92707.0,117,0,149500.0,Y,1454.69,saving,M,28,MEDIUM,1.6,9,346.0,1,12.0
2955,19583,18754.0,4265.01,2197.7,4399.85,8379.0,41584.44,696.0,9.0,29,23,2,31,98,338000,1,1,1.0,1,53374.97,30007.0,130000.0,1992.0,31577.0,76249.0,11.0,13,54434.52,105080.31,55638.04,1,4,15786.0,19752.75,10353.0,6,96,18724.1,Y,79.51,current,M,62,MEDIUM,33.6,8,466.0,1,3.0
2956,19446,14616.0,22964.01,11581.8,2947.98,3478.36,1538.0,1004.0,7.0,3,47,8,6,2,287000,1,1,1.0,1,36697150.0,85058.0,24250.0,1500.0,15678.54,85740.0,18.0,2,21461.0,443475.71,5180.0,2,82,21061.0,69165.03,37442.48,2,73,36157.0,Y,17498.33,current,M,53,LOW,23.1,2,538.0,0,6.0
2957,15230,6366.0,20260.07,152026.44,372.0,1243.0,33868.445,4519.0,1.0,29,79,57,1,7,268000,1,1,1.0,1,1664.4,50034.93,4367.0,-3625.0,118780.72,43816.0,40.0,7,104981.0,18466.84,77331.0,5,20,19778.0,45847.5,30364.5,62,83,54565.0,Y,8980.45,current,M,40,LOW,8.0,1,558.0,1,19.0
2958,4074,10719.0,8315.69,1010.08,25585.0,6751.76,8542.0,9388.0,6.0,5,35,1,3,4,0,1,1,1.0,1,15079.5,10701.0,508.0,-6885.0,77488.59,44774.0,24.0,4,21551.0,190292.5,63726.0,6,67,29101.0,27240.33,91505.5,4,96,26665.0,Y,0.0,current,M,44,LOW,16.8,7,683.0,1,7.0
2959,13005,17790.0,4929.38,1994.0,43228.0,48626.0,10090.0,11886.0,2.0,19,38,5,4,70,125000,1,1,1.0,1,443.36,257406.7,3792.0,5340.0,8534.0,2123631.89,1.0,1,52392.0,215.5,91769.0,45,13,41510.0,193452.04,74976.5,40,80,24024.0,Y,2292.22,current,F,29,LOW,5.4,9,858.0,1,14.0
2960,1534,4092.0,15376.0,2034.0,34742.4,4584.0,3154.7,80603.0,7.0,84,87,1,18,70,13000,1,1,1.0,1,2533020.0,111500.0,1515.0,-5942.0,340667.5,72412.5,91.0,36,7223.41,88130.25,5870.0,5,8,22670.0,12524.0,191292.0,36,65,163580.0,Y,3044.03,current,M,42,LOW,19.8,2,330.0,0,20.0
2961,11017,14587.0,9341.0,767.0,20283.92,7717.0,28683.0,4061.0,8.0,93,49,8,36,8,272000,1,1,1.0,1,115407.0,429273.4,130000.0,-12179.0,36271.11,24817.0,4.0,26,43358.0,16097.11,12126.0,2,20,51360.0,21662.0,29153.0,94,107,36529.0,Y,234.35,current,M,35,MEDIUM,6.0,3,626.0,0,4.0
2962,7740,13699.0,8523.0,3332.48,2914.5,8505.89,1524.52,108013.0,6.0,8,16,57,1,58,98000,1,1,1.0,1,2595.81,253000.0,15477.0,4314.0,45652.0,3166.0,23.0,23,49803.0,39794.64,94897.0,7,171,22025.0,90022.47,14062.0,94,42,132307.0,Y,830.71,current,M,58,MEDIUM,38.0,3,454.0,1,20.0
2963,7014,24000.0,3798.965,8525.0,9356.6,39467.74,14111.0,2706.0,2.0,56,4,60,12,17,362000,1,1,1.0,1,33664.3,278360.16,2644.0,2921.0,82838.95,45754.0,4.0,36,98691.0,35068.58,59082.0,2,6,17742.0,39998.13,148993.96,7,103,60164.0,Y,21895.84,current,M,28,MEDIUM,5.6000000000000005,4,537.0,1,3.0
2964,6073,6068.0,18879.96,23322.52,16525.35,73591.63,2442.5,1331.47,12.0,18,44,50,15,4,845000,1,1,1.0,1,101891.25,19000.0,155205.0,1500.0,203522.93,51045.0,16.0,3,33909.0,101020.87,10261.0,17,3,23816.0,27576.07,26487.0,9,32,638.0,Y,15767.78,current,M,58,MEDIUM,34.2,1,519.0,1,16.0
2965,12373,12167.0,7090.39,37365.92,4897.58,2946.0,11296.325,9686.46,531.0,29,53,2,2,8,401000,1,1,1.0,1,3101.3,66.0,583.0,6885.0,6729.0,51240.0,84.0,1,25522.0,28079.52,29798.0,2,30,32383.0,139243.0,12292.0,5,7,56400.0,Y,2451.64,current,M,60,MEDIUM,16.0,8,743.0,0,4.0
2966,13691,6940.0,12853.78,1760.2,6092.5,3969.0,29601.0,7199.0,12.0,5,5,5,9,2,408000,1,1,1.0,1,48422.7,152.87,1209.0,-4664.0,3479.0,75540.91,36.0,5,8086.0,25094.56,35789.0,1,5,45486.0,14802.85,28914.38,5,11,65100.0,Y,2724.55,saving,M,33,LOW,2.6,10,686.0,1,18.0
2967,19792,405600.0,2988.76,2372.0,15168.0,908.0,15486.0,5641.7,5.0,6,60,20,6,1,49999,1,1,1.0,1,1235.85,370000.0,583.0,-6301.0,47995.07,91069.0,16.0,2,26655.0,102266.7,86159.86,42,70,38441.0,58287.64,152249.0,21,1,15911.0,Y,6.36,saving,F,66,MEDIUM,23.0,10,485.0,1,3.0
2968,11350,20314.0,9248.0,2509.0,12467.89,3516.03,19322.03,37001.45,4.0,85,50,1,9,1,53000,1,1,1.0,1,2135000.0,1372927.14,711.0,-5715.49022999999,7821.51,99880.0,11.0,4,97486.0,17907.7,39606.0,20,67,21687.0,36421.47,20276.31,40,1,34726.0,Y,842.91,current,M,34,MEDIUM,2.8000000000000003,1,882.0,0,6.0
2969,6681,28648.0,12376.64,1218.85,115281.54,9357.52,3988.0,6949.0,4.0,2,59,1,2,26,381000,1,1,1.0,1,8758.2,6574.31,2158.0,5439.0,26780.75,100560.0,147.0,6,32990.0,44678.48,7687.0,4,50,15426.0,155914.76,103619.0,12,3,28718.0,Y,2659771.43,current,M,40,MEDIUM,6.0,3,737.0,1,3.0
2970,11447,6987.0,51929.0,10381.0,7341.1,12429.66,34942.585,3035.65,5.0,1,16,50,3,79,290000,1,1,1.0,1,568.8,760470.3,4699.0,-6281.37987999999,76094.1,43861.65,18.0,9,38886.0,21233.45,160236.0,0,82,64989.0,165605.93,31307.5,8,83,10458.0,Y,2754.38,current,M,30,LOW,2.0,2,269.0,1,5.0
2971,181,298731.0,1368.0,448.3,56342.34,10509.03,4664.0,1439.7,6.0,1,64,1,3,81,47000,1,1,1.0,1,111.4,31000.0,130000.0,5340.0,17374.0,27154.0,24.0,7,26577.0,68960.37,28317.0,30,20,47787.0,244886.04,41330.0,62,57,14187.0,Y,4415.11,current,M,44,MEDIUM,4.800000000000001,4,588.0,0,16.0
2972,202,3222.0,19062.0,529.08,43594.15,3354.5,3546.69,1384.0,44.0,30,72,2,14,31,338000,1,1,1.0,1,16250.2,340000.0,33774.0,19765.0,46715.04,170874.09,55.0,2,21682.0,102472.25,173583.0,70,25,25501.0,43693.75,52621.76,19,73,42569.0,Y,5354.97,current,M,33,HIGH,6.5,2,883.0,0,17.0
2973,1999,7208.0,3359.5,5113.0,29239.46,11209.0,14194.0,30385.0,66.0,1,9,8,55,8,212500,1,1,1.0,1,60050.0,39833.19,936.0,14509.0,46288.98,239649.0,43.0,15,35443.0,2617.0,102522.0,11,82,7125.97,119341.1,10316.0,4,38,18766.0,Y,7864.1,current,M,35,MEDIUM,7.5,9,537.0,1,11.0
2974,10068,114750.0,19825.92,2359.0,12333.0,7304.0,15396.0,1326.0,66.0,61,82,3,4,54,233000,1,1,1.0,1,225823.8,154121.9,13873.0,-5998.43994,76216.83,22398.0,55.0,17,25040.0,155656.23,77359.57,30,82,7511.0,48718.19,47621.1,3,32,15141.0,Y,3301.18,current,M,32,MEDIUM,12.0,2,969.0,1,16.0
2975,3954,205968.0,4537.01,994.2,10532.0,4980.0,4869.0,9917.15,63.0,65,4,2,21,3,17000,1,1,1.0,1,1053411.2,35000.0,33950.0,5340.0,74098.98,873608.92,4.0,31,21551.0,40460.81,122214.33,2,86,54654.0,70791.0,37816.0,3,20,166970.0,Y,407.55,current,M,58,MEDIUM,30.400000000000002,3,486.0,1,11.0
2976,15285,15984.0,31781.13,17761.0,7911.92,5963.95,6348.5,19048.0,4.0,5,84,12,3,3,286000,1,1,1.0,1,181073.75,440000.0,536.0,10770.0,438.3,173816.75,55.0,7,37677.0,35903.16,55241.0,23,2,33527.0,21460.0,41371.0,5,40,39824.0,Y,95915.73,current,M,37,MEDIUM,8.5,6,698.0,1,10.0
2977,12234,4804.0,13850.78,2434.0,26878.66,8980.91,28113.0,7992.47,56.0,30,10,1,2,11,87000,1,1,1.0,1,41070.0,3084.5,1036.0,0.0,120432.5,311.43,59.0,13,296080.0,65133.32,260281.0,43,20,24379.0,27323.27,7422.0,42,63,29745.0,Y,262.93,current,M,27,MEDIUM,2.8000000000000003,7,363.0,1,19.0
2978,9544,11168.0,7023.01,5391.22,4771.41,3018.0,15982.715,2559.38,100.0,25,27,44,15,79,371000,1,1,1.0,1,50550.5,100000.0,2156.0,6409.0,277719.41,57058.0,18.0,7,27767.0,20323.0,23498.0,23,81,9757.0,38028.41,137125.35,62,24,54321.0,Y,1263.46,saving,M,31,LOW,8.8,4,805.0,1,10.0
2979,16405,307601.0,112278.84,7916.0,8428.2,1724.8,7095.0,3754.97,44.0,81,2,1,44,47,403000,1,1,1.0,1,31454.1,130000.0,18389.0,16455.0,26450.09,704715.0,4.0,3,40922.0,242704.47,69787.86,43,50,24402.0,91101.13,150509.09,4,100,31873.0,Y,546.18,current,M,69,MEDIUM,39.2,1,259.0,1,11.0
2980,12106,39397.0,12421.865,1786.0,9601.21,20264.0,6036.01,1188.0,10.0,66,5,1,3,80,25000,1,1,1.0,1,4500.0,48087.25,678.0,1014.0,9115.06,17543.0,32.0,1,35610.0,48581.83,179040.0,1,42,3125.0,101111.24,20412.0,4,79,12123.0,Y,2204.48,current,M,34,LOW,8.4,3,966.0,1,12.0
2981,18369,166337.0,41726.0,4245.0,13021.77,3748.5,15542.925,568.0,60.0,26,1,25,44,79,125000,1,1,1.0,1,192428.25,132324.01,300500.0,35346.0,220663.34,30622.0,36.0,3,48608.0,50143.0,33686.93,12,5,35798.0,18077.23,15469.85,3,12,49089.0,Y,180.96,current,M,47,MEDIUM,10.8,6,296.0,0,9.0
2982,16601,14032.0,9150.5,7745.0,11533.5,4758.0,3680.885,2494.0,19.0,61,74,8,1,58,100000,1,1,1.0,1,92195.0,6574.31,2841.0,12415.0,43946.75,29921.0,11.0,3,142943.0,46136.53,37929.29,43,17,22861.0,2081.5,109851.0,117,39,20271.0,Y,1265.95,current,M,28,LOW,7.2,1,866.0,1,17.0
2983,5181,288713.0,45725.75,9760.0,1528.0,4470.32,24611.0,1171.0,1.0,3,64,51,1,2,381000,1,1,1.0,1,5215.0,70164.0,28985.0,3897.0,34483.25,29577.0,10.0,1,55911.0,66628.28,157500.0,43,8,14300.0,12114.46,249217.0,12,7,30753.0,Y,4168.58,current,M,36,MEDIUM,4.800000000000001,9,464.0,1,10.0
2984,253,19174.0,10464.4,7268.0,8559.5,5946.0,9702.54,6084.0,100.0,7,16,1,3,47,155000,1,1,1.0,1,747610.0,11982.0,49000.0,3735.0,28351.26,33465.0,39.0,17,22895.0,27043.67,22804.0,4,171,33950.6,49252.67,30252.0,2,36,16163.0,Y,1537.42,current,M,33,MEDIUM,7.800000000000001,6,351.0,1,7.0
2985,14768,1575.0,5269.92,10916.0,3833.0,4592.62,2127.3,12686.0,52.0,11,30,1,27,25,581000,1,1,1.0,1,123134.77,222222.0,49975.0,20513.0,9840.0,114719.0,52.0,13,62364.0,42065.02,32175.0,43,13,19766.0,13353.76,305786.5,7,12,1613.0,Y,2908.06,current,M,33,MEDIUM,11.700000000000001,1,486.0,1,10.0
2986,9534,10942.0,21284.93,2175.0,1191.14,93849.0,511.0,1576.99,100.0,34,10,47,62,26,381000,1,1,1.0,1,185669.2,170989.0,300500.0,6885.0,6729.0,48020.0,43.0,0,24296.0,22049.39,52120.22,8,20,37437.0,49846.26,52252.38,5,106,40542.0,Y,23506.03,current,M,58,MEDIUM,11.4,9,296.0,0,11.0
2987,377,3283.0,4133.0,3036.0,7750.22,433.0,2396.2,3877.52,1.0,65,44,1,7,2,522000,1,1,1.0,1,10000.0,278904.9,565.0,-5715.49022999999,32857.83,143187.0,62.0,31,61950.0,34111.46,123558.62,4,81,36725.0,24091.33,79305.0,3,75,20255.0,Y,718.02,saving,M,30,HIGH,9.0,7,859.0,0,14.0
2988,7145,2382.0,7041.76,3491.0,10560.77,2078.34,2816.5,944.0,3.0,2,50,53,2,10,293000,1,1,1.0,1,10006.2,785115.94,54101.0,-4679.0,48318.0,408030.0,36.0,3,17394.0,30194.59,103857.0,2,5,72970.0,26408.42,26577.0,8,39,44816.0,Y,3072.74,saving,M,38,MEDIUM,7.2,8,233.0,0,15.0
2989,9576,307469.0,11952.03,27848.0,1878.08,337.0,2422.0,5860.0,63.0,3,70,44,15,9,87000,1,1,1.0,1,51291.45,1194405.5,1001.0,6916.0,79964.5,89696.91,32.0,13,102.0,42903.65,73541.0,2,8,14294.0,36293.5,342541.0,3,49,39320.0,Y,262.26,current,M,37,LOW,10.200000000000001,8,956.0,1,3.0
2990,17913,96607.0,7406.67,3238.0,3365.0,7914.0,10912.0,1698.0,1.0,23,6,1,62,34,371000,1,1,1.0,1,420.0,822659.0,1273.0,35346.0,127875.0,97825.0,18.0,2,16991.0,24393.88,24648.0,3,11,15141.0,35165.0,77948.2,2,12,171828.0,Y,164.13,current,M,44,MEDIUM,4.800000000000001,2,818.0,0,18.0
2991,1437,297094.0,13182.33,28824.27,2829.95,4410.52,2525.39,11160.0,531.0,10,3,1,21,26,193730,1,1,1.0,1,747610.0,16583.84,4367.0,12415.0,103918.29,80320.0,70.0,2,27539.0,181851.26,243358.5,3,18,21983.0,105250.39,22860.0,8,15,21675.0,Y,55.23,saving,M,40,MEDIUM,6.0,10,523.0,0,12.0
2992,4900,6088.0,4674.92,12538.0,4283.24,4799.12,25829.0,201.0,2.0,1,38,50,44,55,408000,1,1,1.0,1,39851.93,158000.0,12611.0,7478.0,172727.33,20026.0,18.0,1,20669.0,17326.5,2486.61,1,11,43496.0,17091.8,120637.0,47,73,43377.0,Y,227.18,current,M,56,HIGH,18.0,8,750.0,0,4.0
2993,3099,1824.0,1226.0,49690.0,11928.92,11988.89,14685.0,21605.0,6.0,10,5,2,2,34,272000,1,1,1.0,1,11878.6,385218.7,60000.0,0.0,53462.78,21612.0,77.0,4,7210.0,50655.98,29142.0,4,29,35443.0,13850.21,255522.0,2,24,227.0,Y,12980.68,current,M,53,MEDIUM,23.1,7,866.0,1,16.0
2994,14981,13385.0,3971.0,735.49,10976.29,5282.0,824.74,5294.03,7.0,61,9,62,4,1,461000,1,1,1.0,1,40440.4,201000.0,5797.0,6441.0,43996.39,45919.64,11.0,3,33700.0,29003.08,83507.0,2,108,55852.0,45069.93,540.0,4,2,13401.0,Y,3367.12,current,M,55,MEDIUM,7.0,1,505.0,1,18.0
2995,1977,3547.0,1147.0,3036.0,6371.0,8458.0,3022.81,13193.01,136.0,26,7,2,3,37,574000,1,1,1.0,1,53374.97,120000.0,24125.0,-4679.0,133633.82,57993.0,90.0,4,195632.0,109218.11,11245.0,47,18,26878.0,46520.88,776018.04,3,61,2872.0,Y,4977.76,current,M,37,MEDIUM,11.9,8,860.0,1,16.0
2996,17084,16616.0,3940.71,3604.0,1209.0,4116.95,3035.97,3795.0,4.0,6,74,39,6,47,341000,1,1,1.0,1,3247.5,160498.0,643.0,1522.0,150108.0,6182.0,7.0,6,28043.0,605.51,39606.0,70,42,42600.0,50305.27,631.5,4,57,691984.71,Y,19784.13,current,M,66,MEDIUM,18.400000000000002,2,737.0,1,19.0
2997,15627,15542.0,10127.0,762.01,33188.8,3892.52,1936.4,2404.82,2.0,14,9,1,14,3,510000,1,1,1.0,1,77855.0,560000.0,20887.0,12415.0,192357.27,34529.0,42.0,3,28232.0,31623.49,16928.0,3,82,56693.0,16979.7,1213796.0,14,32,50761.0,Y,2808.91,current,M,33,MEDIUM,5.2,7,355.0,0,17.0
2998,18034,5467.0,6174.55,6198.86,15759.0,11379.94,19448.67,2266.0,531.0,8,18,25,25,3,127500,1,1,1.0,1,52209.5,138732.3,3570.0,173.0,44801.27,54057.0,42.0,1,88890.0,25055.17,620185.0,2,63,69894.0,2338.55,41560.75,3,83,26666.74,Y,559.5,current,M,32,MEDIUM,12.0,9,914.0,1,12.0
2999,12682,17083.0,58438.89,1308.79,10186.82,219.0,18822.74,15066.0,26.0,6,135,2,56,91,104000,1,1,1.0,1,225823.8,53750.0,16114.0,167.0,106786.3,100161.0,46.0,4,14873.0,35078.42,38269.61,1,30,63302.0,76650.23,27666.0,5,124,741361.0,Y,5865.71,current,M,34,MEDIUM,11.200000000000001,3,911.0,1,4.0
3000,1788,15724.0,1853.64,4011.0,3670.18,7304.0,2143.25,221.0,53.0,10,29,30,44,12,75000,1,1,1.0,1,568.8,105000.0,13873.0,8572.0,116193.75,24977.0,50.0,3,70111.0,17914.74,23106.0,0,67,10202.0,66037.5,17592.74,6,63,32251.0,Y,188.65,current,M,36,MEDIUM,11.200000000000001,10,653.0,1,16.0
3001,3191,18540.0,2778.41,2344.0,16931.54,3084.5,7004.0,2982.0,3.0,3,23,3,2,1,400000,1,1,1.0,1,84.65,117890.0,38599.0,-6281.37987999999,74023.01,209675.0,84.0,1,18999.0,55795.59,35383.0,1,82,79283.0,35823.52,50958.0,21,28,57441.0,Y,6398.94,current,M,27,HIGH,5.6000000000000005,10,748.0,1,5.0
3002,4723,16620.0,815.0,29095.6,4790.8,1926.86,2985.0,1704.0,5.0,99,74,2,2,18,670000,1,1,1.0,1,111.4,446457.0,2644.0,6885.0,6115.0,4031.0,12.0,2,21347.0,33306.76,4216.0,1,31,26944.73,256984.21,53613.0,7,120,67549.0,Y,15.21,current,M,32,MEDIUM,8.4,7,623.0,1,14.0
3003,17767,14994.0,9718.08,16031.0,2425.69,6806.0,1606.5,4695.52,531.0,99,4,1,2,6,218000,1,1,1.0,1,12328.75,186474.96,18257.0,-6335.0,8151.36,41122.0,90.0,5,53025.0,69708.19,52633.16,4,23,26.25,15548.25,24291.36,117,13,3571.38,Y,3362.62,current,M,53,MEDIUM,3.3000000000000003,8,424.0,1,5.0
3004,5106,175269.0,4890.22,1494.0,1869.0,180.0,8123.835,5398.0,2.0,26,50,48,25,10,125000,1,1,1.0,1,12869465.0,674291.83,1633.0,5439.0,32652.48,33252.0,72.0,36,16845.0,65122.0,5873.0,4,82,27093.0,22874.52,77694.0,42,83,23027.0,Y,78800.7,current,M,220,MEDIUM,80.0,10,354.0,1,16.0
3005,14750,142249.0,23010.28,11894.0,1999.54,48626.0,3038.0,3176.0,9.0,84,20,25,2,64,326250,1,1,1.0,1,942327.7,165970.9,6738.0,8572.0,28314.33,37617.5,39.0,7,176819.0,18176.33,27044.0,7,13,14451.0,366073.63,56233.25,117,12,933.0,Y,1252.25,current,M,33,MEDIUM,13.0,8,766.0,0,15.0
3006,15570,3882.0,27385.33,12152.84,13610.91,2226.73,2518.2,4293.65,5.0,5,44,5,6,1,510000,1,1,1.0,1,104980.25,7051.99,24251.0,2921.0,9529.63,60674.0,18.0,26,13454.0,18959.5,51078.0,3,87,47538.0,23293.38,46316.75,49,25,38274.0,Y,3.55,current,M,31,MEDIUM,9.9,6,314.0,0,14.0
3007,195,8219.0,4469.5,2841.0,6021.18,760.54,8297.78,1012.0,44.0,23,17,3,55,2,68000,1,1,1.0,1,13180.0,237365.38,6100.0,553.0,48951.87,88270.0,39.0,1,8560.33,187627.89,131214.0,6,13,26565.0,35670.85,159446.5,2,11,10000.0,Y,18449.14,current,M,220,LOW,140.0,1,969.0,1,8.0
3008,9464,6483.0,20032.58,4347.93,46482.0,1398.08,40358.04,6234.8,25.0,1,653,1,2,16,138000,1,1,1.0,1,81284.7,64491.0,68000.0,-5715.49022999999,89563.8,40243.54,36.0,3,37803.0,75115.47,58643.0,2,82,81500.0,19859.5,35691.5,3,8,18013.0,Y,1145.0,current,M,120,MEDIUM,100.0,7,558.0,1,18.0
3009,12315,15737.0,3112.575,1421.0,77910.3,12319.81,3450.5,2274.0,53.0,5,67,30,3,98,191000,1,1,1.0,1,20141240.0,21698.0,12016.0,-4664.0,36786.0,59318.0,42.0,2,30781.0,164224.51,47570.0,7,108,22011.0,20097.92,28522.0,40,21,50201.0,Y,8098.99,current,M,42,LOW,22.0,6,566.0,1,8.0
3010,2599,1974.0,1627.755,23712.0,20196.56,12684.0,5090.64,1955.52,2.0,32,70,1,3,9,147000,1,1,1.0,1,510.6,93000.0,130000.0,-6885.0,17588.75,51860.0,55.0,2,19707.0,50427.88,66272.0,2,18,178243.0,79689.52,24850.0,3,73,80058.0,Y,1938.51,current,M,27,LOW,0.7000000000000001,10,270.0,1,19.0
3011,15507,1187.0,4599.71,2791.0,15562.07,1643.5,57269.86,13840.06,2.0,2,4,47,3,56,406000,1,1,1.0,1,59703.93,235.17,610000.0,3735.0,38459.98,20618.0,9.0,2,20043.0,270413.01,39522.0,3,82,17384.0,327888.38,22842.31,5,18,42682.0,Y,2439.86,current,M,47,MEDIUM,10.8,8,445.0,1,9.0
3012,16533,7884.0,31240.0,1533.9,33923.75,20118.0,1685.52,944.0,25.0,27,59,30,18,1,26000,1,1,1.0,1,11878.6,143000.0,8333.0,-6281.37987999999,45784.64,14797.0,11.0,13,13200.0,27013.99,84185.0,0,89,14350.0,115205.0,131191.0,10,79,808.0,Y,7594.47,current,M,53,MEDIUM,29.700000000000003,9,836.0,1,16.0
3013,16133,19861.0,53031.41,1071.0,728.5,17592.68,11881.0,7949.48,7.0,3,59,25,3,13,153000,1,1,1.0,1,60800.0,11982.0,536.0,1500.0,65313.82,680091.0,62.0,3,45556.0,36985.47,160685.92,31,63,27132.0,37985.39,51679.0,14,24,15808.0,Y,3915.0,current,F,32,MEDIUM,3.6,8,325.0,0,7.0
3014,867,9014.0,4586.67,7925.0,7974.58,3311.06,3630.0,2994.76,43.0,1,4,18,7,80,74100,1,1,1.0,1,960000.0,16363.0,1526.0,2921.0,152165.25,53456.33,11.0,35,15452.0,427532.95,165098.0,2,13,13001.0,31429.5,39416.0,9,61,18233.0,Y,657.38,current,M,37,MEDIUM,17.0,3,606.0,1,9.0
3015,66,12183.0,3068.3,363.0,1130.85,748.0,27043.49,19048.0,10.0,15,64,12,24,26,568000,1,1,1.0,1,140291.6,760470.3,69493.0,5464.0,152005.74,33668.0,18.0,3,23039.0,60474.48,46356.5,3,7,98500.0,17606.0,49185.0,3,57,477.0,Y,773.57,current,M,31,LOW,2.2,1,658.0,0,14.0
3016,2101,13002.0,1161.0,20562.68,10318.13,67.0,6014.5,8713.0,10.0,13,82,30,14,3,68000,1,1,1.0,1,2984.1,152664.0,12000.0,-3506.17993,84849.87,27958.51,11.0,19,20074.0,79651.38,71071.0,50,108,100331.0,19868.39,55215.0,6,6,128553.0,Y,7629.97,current,M,222,HIGH,141.4,2,647.0,0,20.0
3017,990,15993.0,2096.68,2154.29,2689.39,6914.35,44959.74,1192.63,92.0,26,27,1,4,12,45000,1,1,1.0,1,1539496.64,165970.9,1273.0,6409.0,172571.89,45409.65,42.0,36,42562.0,2707.48,32591.0,35,8,24944.0,12052.55,16066.0,9,13,25441.69,Y,350.32,current,M,31,LOW,11.0,9,945.0,1,18.0
3018,1121,15204.0,17387.0,24837.02,21330.32,350.0,4083.0,1135.0,10.0,6,90,2,1,67,340000,1,1,1.0,1,28482.5,95081.0,4895.0,3735.0,27736.56,37250.0,147.0,9,67080.0,13852.09,28366.0,2,82,20644.0,25763.11,157524.5,2,1,341.0,Y,906.2,saving,M,28,LOW,7.2,8,314.0,1,19.0
3019,11229,13670.0,25820.93,1399.0,5601.2,3994.58,14184.0,1969.0,26.0,2,5,2,2,1,52000,1,1,1.0,1,225823.8,134000.0,527.0,-5715.49022999999,71834.94,10170.0,2.0,4,23451.0,13253.75,17323.0,2,50,6637.0,21127.0,38169.0,7,18,3777.0,Y,15454.55,current,M,47,LOW,8.1,10,314.0,1,17.0
3020,17432,4006.0,13072.705,1557.0,1410.5,2024.76,6634.0,2150.0,8.0,36,4,15,5,47,109000,1,1,1.0,1,24832.0,245000.0,16114.0,0.0,49089.17,24173.0,12.0,2,92905.0,25030.75,19653.0,1,20,15483.0,19652.66,30055.35,21,32,23052.0,Y,19481.55,current,F,32,MEDIUM,6.0,7,247.0,1,10.0
3021,19288,15392.0,36046.26,1780.0,40334.09,23554.0,1462.0,3839.03,5.0,10,74,1,12,67,156000,1,1,1.0,1,233727.15,3.0,3975.0,5773.0,17443.15,161261.65,7.0,3,20613.0,13827.5,31947.0,1,25,17290.0,24398.72,19610.0,16,50,9390.0,Y,7083.67,current,M,28,MEDIUM,6.4,7,836.0,1,4.0
3022,14402,11438.0,1323.41,4850.0,11974.0,3516.03,1766.095,3476.52,92.0,29,32,4,18,64,191000,1,1,1.0,1,1269.2,33700.0,25508.0,6613.0,129327.78,190510.0,11.0,2,64208.0,23092.88,32654.07,6,20,2150.0,119078.28,20450.37,7,1,13706.0,Y,1320.12,current,F,60,MEDIUM,12.0,1,566.0,1,4.0
3023,14271,10141.0,23326.47,758.0,9563.7,2876.0,3568.285,15273.0,1.0,10,3,25,2,8,435000,1,1,1.0,1,55700.0,187788.1,6100.0,14509.0,313950.7,99779.0,11.0,3,56997.0,31636.1,167754.0,6,8,22549.0,2122.0,85135.0,3,49,103814.0,Y,116.53,current,M,34,MEDIUM,9.8,10,737.0,1,16.0
3024,4732,7666.0,45452.8,4728.72,7642.72,3155.0,4666.22,1766.0,14.0,5,110,50,6,11,199999,1,1,1.0,1,111.0,170989.0,73217.0,1411.0,19233.95,75874.0,42.0,7,15240.0,100987.85,33249.0,1,13,26567.0,43823.91,21160.0,117,25,44378.0,Y,3015.36,current,M,44,MEDIUM,2.4000000000000004,10,743.0,1,4.0
3025,4345,408025.0,17128.18,2858.0,14933.61,18254.0,7174.18,4933.0,80.0,93,3,3,12,9,11000,1,1,1.0,1,25976.2,17000.0,925.0,2351.0,63502.79,115034.0,3.0,13,18440.0,51748.47,31804.28,6,50,44401.0,21486.54,431964.0,2,49,350442.0,Y,31.3,current,M,60,MEDIUM,24.0,5,385.0,0,2.0
3026,18607,482.0,24716.63,5979.58,6072.63,29120.57,6673.0,57987.79,7.0,23,13,4,1,1,25000,1,1,1.0,1,17377.25,52098.99,2156.0,1411.0,297231.83,33428.0,46.0,13,13235.0,46216.56,83948.0,50,70,26503.0,147313.62,42484.54,40,106,16186.0,Y,64043.88,current,M,62,MEDIUM,12.600000000000001,7,867.0,1,20.0
3027,5863,126694.0,7531.0,2582.4,21186.51,8830.0,4688.0,912.0,6.0,43,5,35,1,1,564000,1,1,1.0,1,46962.5,1543.85,16215.0,5730.0,24807.35,47098.0,40.0,0,71934.0,7729.8,34788.38,16,12,6575.0,49594.5,140939.0,6,22,19904.0,Y,193.76,saving,M,66,MEDIUM,41.400000000000006,7,466.0,0,12.0
3028,10237,1917.0,4438.96,2959.0,5180.0,17818.03,8953.0,2894.0,3.0,71,27,7,7,8,373000,1,1,1.0,1,1208.25,1400000.0,30071.0,5340.0,63106.14,174990.09,18.0,29,68754.0,82324.3,95124.86,3,7,119100.0,28636.42,89361.0,5,11,71328.0,Y,8078.91,saving,M,37,MEDIUM,11.9,8,887.0,1,5.0
3029,5351,7272.0,11643.0,17020.33,7297.72,360.02,5922.26,389.0,60.0,47,7,5,5,13,362000,1,1,1.0,1,153410.0,560000.0,579.0,3421.0,31246.81,3486.0,11.0,4,24965.0,114026.07,139824.0,3,4,16345.0,37483.94,49216.0,47,12,27098.0,Y,61649.29,current,M,54,MEDIUM,27.200000000000003,2,486.0,1,14.0
3030,17420,13097.0,8065.005,739.91,2134.46,6294.0,8616.0,1397.0,7.0,93,64,42,9,47,155000,1,1,1.0,1,111.4,227697.61,51520.0,977.0,664028.73,76698.0,62.0,4,42703.0,21800.38,70890.0,2,5,25150.0,219748.82,18160.93,6,18,4165.0,Y,13839.18,saving,M,223,MEDIUM,20.3,5,249.0,1,12.0
3031,11192,4234.0,21165.0,29095.6,4042.0,1771.0,7926.405,1962.0,6.0,36,10,5,25,81,371000,1,1,1.0,1,161704.0,53749.0,24619.0,4856.0,131374.0,101546.0,55.0,7,22568.0,49839.0,22744.0,43,20,63212.62,37097.95,61006.29,7,15,50953.0,Y,3763.37,current,M,56,MEDIUM,21.6,7,710.0,1,18.0
3032,9600,132394.0,13296.62,15858.0,32549.15,3330.3,7283.385,5898.19,2.0,11,64,7,55,4,297000,1,1,1.0,1,13732.93,121927.8,1052.0,10210.0,30286.25,275.0,90.0,1,50645.0,16484.26,30945.0,42,11,20467.0,74014.0,51804.23,16,113,44332.0,Y,9565.78,current,M,28,MEDIUM,5.6000000000000005,8,710.0,1,11.0
3033,15895,6691.0,3316.72,138.0,33739.18,8033.84,9625.05,582.0,43.0,77,46,25,2,11,120500,1,1,1.0,1,871.5,38173.0,3792.0,1444.0,85870.6,35663.0,23.0,3,35566.43,16561.64,28092.0,9,63,11617.0,61674.44,962.0,8,106,31521.0,Y,264.06,current,M,120,LOW,30.0,2,640.0,1,4.0
3034,984,16679.0,26187.0,1399.0,6102.84,11209.0,38723.3,428.52,7.0,36,59,2,1,2,293000,1,1,1.0,1,168265.55,191000.0,54101.0,1931.0,49119.75,76058.0,11.0,30,225.0,13754.3,122173.74,6,13,21551.0,18236.54,25820.25,3,67,53389.0,Y,3248.85,saving,M,28,MEDIUM,8.0,3,386.0,0,14.0
3035,18251,16474.0,16918.0,1839.01,4496.5,4115.0,40269.08,2479.0,3.0,9,27,41,1,47,75000,1,1,1.0,1,186189.0,3342.51,550.0,3481.0,21039.4,59246.0,29.0,1,79337.09,196290.19,24485.5,3,25,96243.0,30672.64,22289.21,11,12,25275.0,Y,781.77,current,M,60,MEDIUM,8.0,7,247.0,0,7.0
3036,519,7038.0,12573.79,2383.0,33327.7,5991.0,22419.84,3446.0,1.0,61,102,21,1,1,240000,1,1,1.0,1,32200.0,393201.39,2019.0,-5715.49022999999,10096.0,58043.0,11.0,7,51761.0,630379.25,88213.82,6,1,27562.0,50365.91,40734.0,42,13,15377.0,Y,12370.12,saving,F,47,MEDIUM,21.6,9,858.0,1,17.0
3037,19993,16813.0,2084.35,20945.08,420.0,396.0,15798.0,2216.0,136.0,36,30,7,4,8,272000,1,1,1.0,1,293418.75,222222.0,54101.0,12965.0,96124.0,50363.39,10.0,30,41784.0,22371.88,831.0,0,11,96641.0,21769.77,1238.0,7,64,15286.0,Y,9126.91,current,M,62,MEDIUM,37.800000000000004,2,737.0,1,4.0
3038,11030,15365.0,5760.0,11141.0,3204.12,7994.72,33868.445,4100.2,1.0,29,35,8,27,22,256000,1,1,1.0,1,137260.8,64491.0,26241.0,-5715.49022999999,57686.51,3487.02,39.0,3,25.88,64041.89,97705.0,1,82,98482.0,96423.79,131458.0,3,113,15724.0,Y,391.53,saving,M,33,LOW,10.4,2,598.0,1,20.0
3039,4158,16098.0,7047.5,15602.31,26356.98,65962.0,5610.0,1778.0,9.0,34,84,3,2,4,301000,1,1,1.0,1,13732.93,42723.0,4699.0,3897.0,66467.32,25513.0,16.0,0,68695.0,5960.05,60928.5,9,81,18372.0,85997.93,47582.54,40,104,62491.0,Y,727.03,current,M,46,LOW,23.400000000000002,4,385.0,0,12.0
3040,5609,12265.0,13004.5,10087.0,6363.92,3815.24,307.0,956.0,26.0,10,3,7,5,8,750000,1,1,1.0,1,47.35,185097.6,78309.0,5773.0,11218.81,67941.0,35.0,2,3365.0,5623.56,533828.5,2,11,208759.0,19457.35,23980.39,14,32,25973.0,Y,2456.15,current,M,47,LOW,21.6,10,858.0,1,4.0
3041,10917,10215.0,11505.72,7223.0,10926.51,1532.95,9326.0,4558.0,43.0,2,44,50,7,54,472000,1,1,1.0,1,472.0,96096.0,25524.0,20324.0,57459.51,35942.0,4.0,36,20011.0,39233.0,17244.0,6,20,22920.0,153625.75,5293.0,8,75,32151.0,Y,6633.55,current,M,35,MEDIUM,4.5,7,736.0,1,6.0
3042,14013,2514.0,12916.47,5611.0,41955.0,373.0,6518.085,2475.04,6.0,9,61,3,5,4,329000,1,1,1.0,1,13659.0,64491.0,126001.0,20513.0,133633.82,25904.0,37.0,35,87336.0,20635.0,29666.0,20,171,31794.0,41772.22,64097.0,4,40,14155.0,Y,1353.73,current,F,28,MEDIUM,0.8,2,799.0,1,4.0
3043,2923,16794.0,10689.48,8012.0,3185.0,958.0,21630.16,646.0,10.0,43,117,22,71,28,25000,1,1,1.0,1,8554.5,617203.09,18389.0,0.0,340667.5,50400.84,10.0,2,17216.0,47507.14,231437.08,5,43,23425.0,62191.64,291568.0,40,83,33754.0,Y,35696.73,current,M,38,HIGH,12.600000000000001,6,247.0,1,14.0
3044,8031,20302.0,70288.94,885.5,12724.5,5900.97,18274.0,6234.8,2.0,3,50,4,55,54,130000,1,1,1.0,1,604365.0,115000.0,678.0,1465.0,109986.11,27082.0,55.0,2,11376.0,14361.0,34040.0,2,25,15640.0,25125.44,364.0,6,73,27389.0,Y,590.02,current,M,42,LOW,15.4,9,485.0,1,16.0
3045,9029,5979.0,25299.53,6189.05,5658.57,4760.0,4971.85,47769.21,4.0,61,7,18,4,10,524000,1,1,1.0,1,170590.75,8407.46,936.0,-5439.0,64647.35,45515.0,18.0,3,29427.0,42816.38,19104.0,1,26,14032.0,30008.98,114954.0,19,12,101.0,Y,3143.73,saving,M,46,LOW,20.8,5,445.0,1,16.0
3046,5683,1501.0,2428.81,11894.0,8839.5,3692.0,4181.0,1127.0,10.0,65,135,57,37,13,35000,1,1,1.0,1,139323.25,82907.34,1630.0,26601.0,95070.06,9969.14,29.0,33,25318.0,49416.0,48143.0,2,7,4870.0,85296.53,39067.78,18,11,34380.0,Y,1432.85,current,M,53,LOW,19.8,8,366.0,1,13.0
3047,7093,7356.0,14514.0,1360.77,11534.95,1152.0,11497.29,4016.0,46.0,2,27,39,18,10,381000,1,1,1.0,1,38428.6,237365.38,22000.0,4314.0,44828.92,123865.0,12.0,36,43404.0,34843.07,18934.0,23,46,30498.0,114857.77,2972.25,7,58,60932.12,Y,4057.32,current,M,30,MEDIUM,1.0,5,537.0,1,9.0
3048,2864,5135.0,24204.0,3486.0,4867.52,10309.0,497.0,828.04,2.0,77,82,18,3,17,784000,1,1,1.0,1,526.25,278904.9,1611.0,-4664.0,69963.44,104319.0,11.0,5,35814.0,62824.69,25270.0,2,8,5162.0,39755.05,39349.0,47,104,74780.0,Y,2637.53,current,M,28,MEDIUM,6.4,6,866.0,1,8.0
3049,12612,9467.0,54669.11,11354.0,65763.17,819.0,5687.38,3208.0,29.0,32,1,24,56,1,525000,1,1,1.0,1,233727.15,156215.3,12000.0,5773.0,545955.65,21190.0,5.0,1,145994.0,12049.18,1798.0,43,7,15225.0,70751.77,17730.5,93,76,61169.0,Y,9116.03,current,F,51,MEDIUM,3.1,5,355.0,1,20.0
3050,8117,11728.0,12405.06,10039.61,1175.0,1874.0,2567.775,583.95,100.0,23,4,2,55,1,586000,1,1,1.0,1,1359.3,19000.0,1018.0,5773.0,87014.7,28679.0,42.0,0,36349.29,57918.69,44947.0,70,12,25150.0,45801.49,105740.0,13,2,48122.0,Y,2260.64,current,F,35,HIGH,15.0,1,708.0,0,6.0
3051,9556,298553.0,18273.0,4316.76,73629.66,6648.14,6270.79,1986.72,6.0,23,50,1,44,39,466000,1,1,1.0,1,291969.2,53749.0,28913.0,20324.0,12124.0,229989.0,46.0,35,11875.0,54351.58,80465.5,3,7,30658.0,50150.27,33183.0,8,76,26224.0,Y,4288.94,current,M,32,MEDIUM,8.4,7,355.0,1,12.0
3052,6493,3947.0,4075.0,3925.02,36778.5,2485.0,8797.0,3863.0,5.0,7,67,1,11,11,87000,1,1,1.0,1,4039029.9,52985.43,49975.0,3897.0,82.25,61167.0,11.0,0,21366.0,38591.23,32094.0,3,81,19050.0,46898.9,90972.0,4,7,55320.0,Y,896.81,current,M,36,MEDIUM,11.200000000000001,9,818.0,1,7.0
3053,11943,300490.0,2089.0,27848.0,40307.8,2903.75,8615.0,4624.68,5.0,7,82,2,14,2,17000,1,1,1.0,1,117168.65,278360.16,925.0,553.0,41436.0,26433.0,10.0,31,53275.0,69693.41,12448.0,3,25,21447.0,33047.0,67425.0,3,12,34256.0,Y,2658.15,saving,M,29,MEDIUM,7.2,10,299.0,1,14.0
3054,3443,1448.0,68098.79,10455.0,6731.0,1742.99,41688.0,1767.0,56.0,77,14,17,24,70,156000,1,1,1.0,1,825.0,16000.0,2644.0,-6301.0,47992.24,180325.91,11.0,7,24907.0,5066.0,18947.0,9,171,99440.0,92502.85,62533.9,3,35,28297.0,Y,22903.99,current,M,29,MEDIUM,6.300000000000001,3,708.0,0,12.0
3055,9809,1431.0,5084.0,19820.98,1816.85,15202.0,373.0,9351.0,136.0,3,89,62,2,11,494000,1,1,1.0,1,15279.79,93.35,536.0,6916.0,59644.0,26653.0,42.0,4,47937.0,100421.87,40273.74,3,44,31222.0,102287.05,18282.22,14,24,15504.0,Y,17729.63,current,M,34,MEDIUM,4.2,4,370.0,1,10.0
3056,8114,17351.0,17681.26,8980.0,5075.56,2327.0,1576.29,760.72,8.0,128,50,1,6,34,164000,1,1,1.0,1,115818.74,40000.0,908.0,1500.0,32817.22,60571.0,90.0,4,35557.0,61770.07,115183.0,47,63,32015.0,6292.75,20210.0,2,7,47788.0,Y,8308.44,current,F,29,LOW,9.0,7,588.0,1,2.0
3057,15906,18830.0,16584.54,5133.25,45261.0,4291.4,2318.8,232.0,14.0,5,6,7,4,47,340000,1,1,1.0,1,568.8,376694.91,23500.0,6916.0,90430.8,72520.61,22.0,1,33759.0,60754.0,29828.5,0,59,42265.0,209316.81,132.0,3,14,28618.0,Y,14646.92,current,M,69,MEDIUM,9.8,4,683.0,1,3.0
3058,4000,344567.0,3463.07,10091.23,57562.7,31087.15,4770.5,19810.0,26.0,18,50,1,17,79,100000,1,1,1.0,1,12328.75,172678.56,23500.0,8362.0,44464.6,119761.0,103.0,4,24968.0,24586.0,35184.0,2,4,6089.0,36955.01,57421.0,43,10,36974.0,Y,10388.71,current,M,53,LOW,19.8,1,354.0,1,18.0
3059,9173,6754.0,2202.59,13289.76,1582.1,7965.0,6316.0,824.04,10.0,1,9,1,2,37,98000,1,1,1.0,1,42460.6091,16000.0,30011.0,6916.0,120356.38,149799.0,4.0,2,59423.0,17546.5,299514.75,2,69,20500.0,49455.0,58631.0,12,78,26273.0,Y,490.78,saving,F,40,MEDIUM,10.0,9,766.0,0,7.0
3060,18028,398283.0,11641.0,2249.0,4989.0,4414.76,1186.0,1014.0,1.0,3,72,1,44,54,25000,1,1,1.0,1,51291.45,222222.0,2214.0,12174.0,18080.24,51635.04,103.0,13,19531.0,7310.0,220607.25,6,44,146972.0,51124.2,153238.0,117,40,24583.0,Y,10992.02,current,M,31,MEDIUM,5.5,9,743.0,1,4.0
3061,7258,14420.0,12171.45,4244.65,7125.7,2464.56,9856.385,9812.0,8.0,66,49,3,1,79,369000,1,1,1.0,1,39853.9,39833.19,16004.0,10210.0,61586.25,186697.91,4.0,4,57705.0,13457.11,302243.0,1,11,52560.0,28929.01,37327.69,9,7,81936.44,Y,4168.58,current,M,55,MEDIUM,24.5,5,516.0,1,8.0
3062,11191,16862.0,36546.93,352.0,7944.83,1800.1,393.0,14130.0,18.0,10,6,3,5,1,20000,1,1,1.0,1,153935.02,194099.3,550.0,14509.0,93668.15,51740.41,11.0,19,25519.0,39467.64,12098.0,45,8,8479.16,44428.74,121940.0,8,73,468114.0,Y,1646.97,current,M,28,HIGH,2.4000000000000004,3,801.0,0,15.0
3063,17182,18940.0,20659.31,11638.0,1364.85,17053.16,4333.0,6375.89,46.0,85,47,3,18,5,379000,1,1,1.0,1,1665.0,64491.0,927.0,1429.0,16201.17,124156.0,18.0,4,11614.0,122350.38,179984.37,11,20,39978.0,73861.3,70671.0,12,35,16969.0,Y,13043.34,current,M,222,HIGH,80.80000000000001,10,867.0,1,5.0
3064,10035,15714.0,28188.96,482.0,4769.09,5401.0,1146.94,5620.0,531.0,8,11,25,55,98,25000,1,1,1.0,1,213557.15,64491.0,48374.0,20324.0,30512.75,14226.0,5.0,9,44341.0,12310.76,20730.0,3,24,44145.0,59846.95,77948.2,8,80,954.0,Y,5396.27,saving,M,49,HIGH,5.800000000000001,5,855.0,1,5.0
3065,18844,16233.0,5829.72,3923.64,5544.0,16785.0,21468.0,1101.14,8.0,23,49,45,1,1,72000,1,1,1.0,1,32200.0,134000.0,6000.0,20790.0,24025.0,228138.91,46.0,9,173275.0,26590.2,83903.5,43,44,1254000.0,32506.86,156419.06,2,113,31069.0,Y,42595.06,current,M,36,MEDIUM,4.800000000000001,10,269.0,1,8.0
3066,17199,5602.0,9313.98,4898.0,3131.63,9117.48,2612.04,2575.0,4.0,128,16,1,6,6,130000,1,1,1.0,1,76294.6,257406.7,33774.0,4856.0,26767.03,68824.51,55.0,30,43078.0,3416.0,26141.0,5,50,16779.0,2700.0,188268.93,6,13,26600.0,Y,4981.74,current,M,58,MEDIUM,3.8000000000000003,1,755.0,1,7.0
3067,10994,127396.0,4150.5,878.0,27014.4,5623.0,1815.34,200.0,12.0,6,6,48,6,75,524000,1,1,1.0,1,32877.41,189246.0,5797.0,2921.0,69327.5,16016.0,42.0,35,19399.0,23039.0,169785.68,2,31,34512.0,8635.5,20259.0,5,83,21128.0,Y,3312.46,current,M,64,LOW,26.400000000000002,6,866.0,1,3.0
3068,4848,15046.0,7281.48,5372.0,2899.0,1412.0,3426.0,2726.0,7.0,8,35,2,6,1,74100,1,1,1.0,1,201133.0,1194405.5,1255.0,8723.0,14836.88,78835.37,35.0,36,19224.0,36370.0,374952.5,6,171,47592.0,41485.46,41183.0,6,83,52380.0,Y,10633.85,current,M,53,MEDIUM,26.400000000000002,1,244.0,1,5.0
3069,14302,337620.0,7934.61,5993.0,1922.64,4479.0,2254.0,3867.0,1.0,10,87,22,4,12,290000,1,1,1.0,1,139323.25,470000.0,2644.0,12415.0,34754.21,61665.0,147.0,19,25223.0,41594.09,37948.0,1,20,63585.0,84274.82,14031.0,9,106,53900.0,Y,4961.08,saving,M,29,LOW,7.2,7,386.0,1,11.0
3070,7062,1118.0,56741.37,2797.0,39645.61,831.0,15339.78,5965.0,5.0,5,59,8,6,3,391000,1,1,1.0,1,216500.0,1187335.5,73217.0,-4679.0,128189.63,181907.16,3.0,36,23073.0,27974.98,200183.0,45,44,35003.0,186638.46,53555.5,4,18,32014.03,Y,3379.82,current,M,38,MEDIUM,14.4,9,713.0,1,15.0
3071,13839,16874.0,1699.5,36242.82,2819.5,13847.0,4467.0,792.32,17.0,42,44,1,2,20,188000,1,1,1.0,1,354.5,50000.0,25000.0,-5715.49022999999,30958.0,3596.0,4.0,1,46800.0,42816.38,6219.0,0,81,23014.0,40711.5,104740.0,2,12,21961.0,Y,5243.43,current,M,47,MEDIUM,2.7,4,465.0,1,10.0
3072,2899,3493.0,6080.38,683.48,3401.38,8094.0,7060.0,1271.0,6.0,14,74,48,2,37,579000,1,1,1.0,1,9646.5,409168.15,5905.0,6885.0,37280.39,174913.0,94.0,29,30118.0,202721.12,138075.0,3,11,14410.0,170251.16,39005.0,7,10,29412.0,Y,9277.76,current,M,44,MEDIUM,14.4,10,355.0,1,8.0
3073,3102,14443.0,2611.77,948.0,9064.51,2131.0,21019.0,877.0,5.0,85,10,8,2,70,255000,1,1,1.0,1,42460.6091,17000.0,3570.0,20324.0,97429.87,74134.0,7.0,2,185485.0,3921.3,43111.89,1,50,44915.0,190521.75,530.0,3,83,15851.0,Y,401.56,current,M,35,MEDIUM,9.0,9,864.0,1,8.0
3074,17140,302978.0,3152.5,2336.0,18413.2,2047.0,2905.0,784.0,8.0,36,30,1,38,6,114000,1,1,1.0,1,15079.5,390700.0,230000.0,-5998.43994,47875.36,437892.0,62.0,2,17057.0,38940.9,63001.0,1,171,41411.0,25764.47,256354.0,4,96,27718.0,Y,8395.76,saving,M,63,MEDIUM,4.3,4,385.0,1,15.0
3075,10022,1347.0,5940.38,6644.0,49376.56,3414.4,7281.125,722.1,5.0,10,110,1,6,2,556000,1,1,1.0,1,55700.0,10701.0,96558.0,1954.0,25530.61,220713.0,52.0,1,30743.0,39797.26,21349.0,6,8,27409.0,22616.5,27785.0,94,124,34589.0,Y,1822.2,current,M,36,MEDIUM,16.0,3,928.0,1,14.0
3076,8346,15468.0,5325.5,3010.19,18833.95,2904.0,16110.2,3501.5,10.0,23,87,3,9,47,178000,1,1,1.0,1,2014.8,189246.0,30011.0,0.0,22314.34,680049.0,91.0,2,19047.0,16062.51,180946.0,9,20,59885.0,36496.61,49915.0,4,58,90742.0,Y,3846.15,current,M,27,LOW,1.4000000000000001,9,519.0,1,10.0
3077,7017,9488.0,6325.0,2247.0,18114.83,9617.15,33868.445,3225.98,14.0,16,48,8,44,47,84000,1,1,1.0,1,13668.25,340000.0,49000.0,24326.0,20714.0,86937.0,2.0,23,103278.0,231255.0,94328.0,35,50,11243.0,70533.11,720.0,3,58,24167.0,Y,14644.29,current,M,33,MEDIUM,2.6,7,956.0,1,6.0
3078,13655,4019.0,2097.0,5653.07,23555.12,211.73,41344.44,227.0,3.0,77,7,2,15,22,650000,1,1,1.0,1,137260.8,71256.0,550.0,6885.0,40303.79,131822.74,67.0,1,58249.0,49015.84,25676.86,8,14,28118.0,38849.48,30470.0,3,1,23715.0,Y,1141.16,current,F,66,LOW,13.8,1,855.0,0,5.0
3079,5878,17743.0,2491.26,6630.0,23971.63,2770.86,9891.44,792.32,18.0,5,50,24,7,2,204000,1,1,1.0,1,102494.2,1400000.0,38599.0,20513.0,50734.0,19807.0,11.0,6,5950.0,39809.0,190749.0,43,24,17997.95,57840.96,71127.0,11,83,15832.0,Y,1028.42,current,F,33,LOW,11.700000000000001,1,354.0,1,4.0
3080,6913,6451.0,11760.445,2178.96,4427.63,1586.16,13462.555,12625.0,6.0,2,32,2,25,34,272000,1,1,1.0,1,66191.5,730000.0,24094.0,2351.0,362696.29,32003.0,3.0,1,16639.0,133236.38,57069.57,1,70,12582.38,86467.06,259360.3,6,3,255500.0,Y,408.09,current,M,46,MEDIUM,23.400000000000002,5,836.0,1,19.0
3081,7862,2065.0,14731.92,556.3,2582.9,16174.0,10721.42,391.5,12.0,17,32,1,15,5,362000,1,1,1.0,1,1982892.29,6.0,711.0,6885.0,54838.95,74541.0,46.0,2,26647.0,56709.01,37221.86,42,0,29046.0,3062.08,77469.0,47,83,105482.0,Y,30892.59,current,M,63,MEDIUM,21.5,10,685.0,0,6.0
3082,13614,3232.0,7699.0,9197.62,60119.05,7695.0,1880.0,7480.0,18.0,10,10,12,7,1,296000,1,1,1.0,1,806.25,290000.0,908.0,903.0,66426.29,118634.0,77.0,2,25013.0,144614.44,27773.4,11,12,41634.0,267.0,112269.0,4,12,21133.25,Y,4823.54,current,M,46,MEDIUM,13.0,4,966.0,0,15.0
3083,3361,19824.0,1975.5,461.0,14010.0,3447.0,431.0,21189.3,10.0,50,13,1,11,12,147000,1,1,1.0,1,2173459.0,39833.19,610000.0,844.0,63448.06,55253.91,37.0,1,106229.0,19068.72,66907.0,4,42,32416.0,24078.63,30314.0,3,73,14045.0,Y,2777.77,current,M,66,LOW,4.6000000000000005,2,249.0,1,6.0
3084,19920,3320.0,21368.87,3242.72,2330.5,615.88,3025.15,1630.0,19.0,26,9,1,18,30,290000,1,1,1.0,1,21220.0,33668.0,25000.0,844.0,36857.41,32564.0,11.0,13,26003.0,179979.92,30186.0,4,30,14902.0,170739.33,91406.0,18,49,112924.0,Y,22377.39,saving,M,27,LOW,4.9,4,911.0,1,5.0
3085,19932,115420.0,6197.33,1491.79,30284.29,1684.1,27912.35,806.0,7.0,23,5,24,21,8,371000,1,1,1.0,1,81872.65,861640.54,300500.0,-5998.43994,71782.28,107913.36,46.0,2,204000.0,16412.41,85762.0,4,20,202236.98,10828.7,92371.0,2,104,102.0,Y,4465.71,current,M,53,LOW,19.8,1,968.0,0,6.0
3086,5428,133668.0,3725.53,974.0,2066.52,2991.0,13321.9,13989.0,25.0,56,49,4,4,1,471000,1,1,1.0,1,1466675.0,16000.0,3975.0,6409.0,46626.0,123507.0,4.0,36,50313.0,5156.75,49346.0,8,31,30633.0,46621.46,793813.63,36,11,15310.0,Y,2617.46,current,M,42,MEDIUM,11.0,6,638.0,1,18.0
3087,8684,438.0,10740.87,1513.0,3241.93,9962.0,3187.0,2067.0,9.0,27,60,1,9,39,156000,1,1,1.0,1,20049.0,895000.0,12337.0,5340.0,63517.0,16158.0,16.0,7,9321.0,340915.14,35717.0,43,81,13906.0,182130.17,94629.0,22,50,1386.0,Y,770.31,current,M,62,LOW,29.400000000000002,3,626.0,1,6.0
3088,19057,7869.0,11727.0,691.0,21287.66,42646.81,3360.165,4614.0,26.0,3,20,3,17,8,134000,1,1,1.0,1,24832.0,17000.0,25728.0,0.0,19458.25,36378.0,4.0,7,30697.0,123450.2,17829.86,9,5,23518.82,304871.68,34795.0,2,79,31354.0,Y,5410.96,saving,M,36,MEDIUM,4.800000000000001,8,623.0,1,2.0
3089,2467,17143.0,29655.0,4898.0,1526.0,2573.0,990.72,3264.0,4.0,2,2,8,16,18,533000,1,1,1.0,1,16317860.0,335948.0,26241.0,3897.0,94509.48,63012.0,52.0,3,34322.0,171093.08,64402.36,5,11,17290.0,98660.84,21510.0,2,12,350442.0,Y,3259.17,current,M,40,MEDIUM,18.0,1,809.0,0,8.0
3090,18059,14898.0,10917.0,3049.0,3731.53,2598.0,2886.75,1911.0,23.0,56,135,48,4,47,47000,1,1,1.0,1,58928.67,24000.0,12337.0,1429.0,68378.82,75237.0,24.0,36,99900.0,35068.58,27785.0,2,81,49404.96,120114.25,31748.51,117,22,28078.0,Y,12822.26,current,M,27,LOW,0.7000000000000001,1,523.0,1,7.0
3091,11404,14421.0,9308.54,18119.58,9911.2,5209.75,5638.195,5309.09,1.0,10,7,60,16,31,426000,1,1,1.0,1,137260.8,108788.0,5591.0,1444.0,4814.89,20615.0,16.0,1,46598.0,74356.78,15857.86,4,2,28520.28,47698.0,51916.0,12,38,48698.0,Y,5171.54,current,M,29,LOW,8.1,5,809.0,1,19.0
3092,6783,10804.0,14030.0,87118.0,7563.41,15063.0,9223.0,16255.0,531.0,32,19,10,1,1,25000,1,1,1.0,1,116122.65,680956.4,130000.0,20790.0,42146.0,44604.0,42.0,19,21339.0,29003.08,262783.0,1,8,30440.0,60208.0,43527.75,6,28,18425.0,Y,2579.32,current,M,34,LOW,4.2,6,864.0,1,16.0
3093,13334,2196.0,35861.0,3428.0,4732.99,15568.0,12333.0,4207.0,25.0,77,5,48,2,81,17000,1,1,1.0,1,262584.0,141473.07,49975.0,12415.0,134320.37,41962.57,89.0,1,30445.0,114184.56,93078.0,1,29,75849.0,23293.38,541767.03,7,96,17559.0,Y,6288.86,saving,M,32,HIGH,6.0,7,623.0,0,11.0
3094,7466,18492.0,23059.28,12764.0,2253.84,16831.5,4978.915,11816.69,2.0,5,9,4,51,11,650000,1,1,1.0,1,78390.5,16000.0,48950.0,2500.0,35346.27,40252.0,18.0,2,81099.0,115772.72,15827.0,2,82,20889.0,187946.9,48239.74,9,113,57748.0,Y,10988.24,saving,F,28,HIGH,3.2,9,247.0,1,20.0
3095,11670,11718.0,42799.26,2324.0,4245.5,1366.9,100265.0,4558.0,4.0,84,9,1,2,34,35000,1,1,1.0,1,670875.0,218670.0,925.0,0.0,63113.53,171950.96,36.0,4,81874.0,41577.75,151641.5,0,24,14501.0,36232.47,14322.58,47,76,42745.99,Y,5933.54,current,M,33,MEDIUM,9.1,2,867.0,0,2.0
3096,14733,15870.0,40948.89,4780.0,13692.03,1096.0,5554.93,17167.0,1.0,32,50,50,2,1,579000,1,1,1.0,1,173732.5,119831.0,2156.0,-5942.0,54487.47,31959.0,62.0,31,59704.0,108444.0,2168.0,2,20,20151.0,21102.79,26283.0,4,21,250.0,Y,15067.07,current,M,56,LOW,14.4,5,924.0,1,3.0
3097,3912,19333.0,4286.86,1915.0,5540.0,4002.77,2650.675,79043.0,136.0,6,87,53,25,56,302000,1,1,1.0,1,1665.0,252369.0,19081.0,-4664.0,28387.14,99880.0,52.0,31,148165.0,58039.89,2297.0,5,108,14278.0,48808.08,17536.0,2,12,197101.0,Y,6405.52,current,M,62,LOW,29.400000000000002,1,914.0,1,8.0
3098,11646,10267.0,19001.04,763.82,5964.0,11744.48,6454.79,3365.37,10.0,23,59,50,2,44,173000,1,1,1.0,1,4110.0,3084.5,24250.0,1954.0,178986.08,37739.0,16.0,26,24110.0,36039.55,21291.0,4,7,31048.0,85072.25,56544.0,7,50,43127.0,Y,7970.12,current,M,31,MEDIUM,4.4,10,631.0,1,8.0
3099,18037,1764.0,4638.035,3727.3,8100.55,470.0,318.0,34603.68,2.0,65,82,48,1,64,345000,1,1,1.0,1,41883.6,79828.0,50000.0,3897.0,55506.94,27249.0,4.0,7,15253.0,233570.38,48687.73,2,4,32137.0,43449.4,41429.75,6,12,44992.0,Y,7859.52,saving,M,32,LOW,9.600000000000001,4,633.0,0,11.0
3100,905,7974.0,12376.64,6249.24,3398.84,6818.58,2985.0,6589.0,66.0,99,13,1,2,28,198000,1,1,1.0,1,977377.25,50000.0,28985.0,553.0,23518.66,4252.38,42.0,5,24980.0,64351.5,55127.36,0,7,24822.0,63472.03,56159.0,3,12,22347.0,Y,2334.34,saving,M,47,MEDIUM,13.5,7,796.0,1,15.0
3101,11255,15606.0,3130.4,6220.29,19767.2,3476.14,1960.71,589.0,4.0,30,29,47,4,8,138000,1,1,1.0,1,510.6,170989.0,68000.0,5730.0,32058.1,37768.0,11.0,1,165000.0,94104.95,49275.0,31,81,399156.0,24442.75,28546.5,117,3,61692.0,Y,556.01,current,M,33,MEDIUM,11.700000000000001,3,575.0,1,17.0
3102,15152,19189.0,9459.23,1179.05,3350.0,2133.79,3585.0,869.0,6.0,23,44,4,2,9,49999,1,1,1.0,1,6440.0,9866.01,8943.86,10210.0,148615.97,100177.0,3.0,26,45583.0,18419.83,151701.74,3,20,89250.0,28252.1,27027.0,6,83,99755.0,Y,30863.57,saving,F,53,HIGH,13.200000000000001,7,268.0,1,5.0
3103,10605,40673.0,3547.3,2929.29,48393.08,3755.19,5900.0,41877.5,1.0,65,32,22,21,68,100000,1,1,1.0,1,120285.0,108726.0,3792.0,12415.0,96084.47,18858.0,29.0,36,39728.0,50030.0,52306.0,3,17,28115.0,41776.83,127206.0,12,63,108697.0,Y,13761.97,current,M,55,MEDIUM,24.5,6,866.0,1,6.0
3104,6415,13624.0,24604.92,10319.0,6030.1,5866.11,1552.21,276.0,2.0,30,70,47,7,1,100000,1,1,1.0,1,8209320.0,71944.5,583.0,5340.0,19867.76,53222.0,32.0,0,74631.0,46913.4,39512.0,3,50,35183.0,68143.0,157516.0,62,7,8689.5,Y,185.53,current,M,40,MEDIUM,18.0,10,536.0,1,9.0
3105,18572,1143.0,67183.18,231.0,27473.86,15025.0,18402.0,6726.0,6.0,43,49,1,16,2,350000,1,1,1.0,1,3101.3,172131.0,10271.0,-4664.0,21886.25,2460.0,6.0,2,27018.0,21049.75,168705.99,1,12,21772.0,23200.0,25469.0,4,104,1810.0,Y,17489.19,current,M,33,MEDIUM,11.700000000000001,8,867.0,1,17.0
3106,7788,169763.0,3153.34,1350.67,19514.97,8925.0,2176.35,2555.3,63.0,43,89,3,6,1,127500,1,1,1.0,1,46730.2,31000.0,631.0,13135.0,37896.13,18282.0,29.0,31,28783.0,415034.68,12202.0,1,82,45403.0,18098.47,9550.0,12,11,24723.0,Y,4165.67,saving,M,47,MEDIUM,13.5,3,723.0,0,19.0
3107,14559,3474.0,3130.4,3253.0,10624.64,10736.0,7199.0,2646.0,10.0,10,87,24,7,9,232000,1,1,1.0,1,1270086.05,165970.9,130000.0,4795.0,32957.36,218.88,91.0,6,94300.0,36839.0,143992.0,0,5,146250.0,201543.08,21714.0,2,12,238851.0,Y,6881.56,current,M,62,MEDIUM,42.0,7,395.0,1,20.0
3108,18721,5724.0,19891.73,2210.0,10177.87,1581.4,70074.15,1999.0,6.0,1,13,1,2,13,75000,1,1,1.0,1,111.4,470000.0,50000.0,-5998.43994,43531.75,21991.0,52.0,4,24270.27,43819.14,28118.0,9,59,127098.0,41585.6,41832.25,16,50,36958.0,Y,5247.31,current,M,47,MEDIUM,21.6,9,454.0,1,20.0
3109,4187,130569.0,1733.22,24024.13,669.0,4010.0,12391.36,3365.37,63.0,10,60,11,4,1,489000,1,1,1.0,1,58928.67,117890.0,925.0,2000.0,271902.16,173430.0,11.0,1,64471.0,324432.62,166879.0,42,8,3496.0,239433.92,30527.29,4,12,52653.0,Y,574.67,current,M,33,MEDIUM,6.5,6,748.0,0,14.0
3110,187,3929.0,4502.32,826.9,57766.29,2067.5,38889.77,11238.1,10.0,37,49,4,55,1,296000,1,1,1.0,1,105453.65,185097.6,230000.0,977.0,70642.39,11853.0,4.0,3,38259.0,1133.0,11031.0,2,20,116000.0,7930.0,21738.0,14,6,22502.0,Y,2744.49,current,M,33,MEDIUM,3.9000000000000004,4,535.0,1,12.0
3111,3169,10832.0,2378.47,3524.0,2928.1,10346.0,11722.4,19810.0,531.0,43,9,3,1,1,255000,1,1,1.0,1,3247.5,244483.3,11379.0,12174.0,127694.99,90272.0,62.0,1,30450.0,5288.0,597.36,5,67,65967.0,145975.25,88783.0,3,76,19694.0,Y,24.24,current,M,53,LOW,6.6000000000000005,4,488.0,1,19.0
3112,1434,13178.0,12027.56,10430.45,14647.89,2935.0,29273.89,215.02,6.0,30,50,2,3,75,461000,1,1,1.0,1,1831780.84,101.24,25524.0,844.0,8633.55,71430.0,29.0,25,30855.0,86726.92,147607.0,2,24,40260.0,118193.72,28299.0,7,3,11752.0,Y,11302.72,current,M,33,MEDIUM,3.9000000000000004,7,243.0,1,10.0
3113,13574,663.0,18841.46,4416.5,9238.0,9627.0,2543.475,4259.0,2.0,46,30,15,38,9,391000,1,1,1.0,1,9255.43,111000.0,2130.0,4795.0,22022.24,88740.61,36.0,19,165305.38,27717.2,64841.0,1,2,19560.0,24450.74,27785.0,7,103,25609.0,Y,4598.38,current,M,66,MEDIUM,18.400000000000002,8,683.0,1,16.0
3114,7679,3331.0,610.0,1838.0,15846.84,2598.0,3662.0,1033.0,20.0,2,117,22,3,4,410000,1,1,1.0,1,9949.66,278360.16,25524.0,12299.0,30466.82,109198.0,18.0,23,738874.0,12777.9,38875.0,2,82,66506.0,48714.9,17746.0,7,1,22856.0,Y,0.0,current,M,29,MEDIUM,6.300000000000001,4,685.0,0,14.0
3115,3010,17271.0,40351.97,5020.48,7211.4,5178.25,20132.245,464.73,1.0,18,23,53,3,68,410000,1,1,1.0,1,50550.5,223379.4,25000.0,3983.0,16955.0,67517.0,46.0,4,36579.0,14857.33,47950.77,2,20,32409.0,39121.94,10133.0,2,39,28841.0,Y,15209.96,current,M,30,MEDIUM,2.0,8,867.0,1,16.0
3116,9406,15707.0,40571.32,1425.0,50918.5,2087.0,6367.0,50943.0,17.0,1,50,1,4,2,296000,1,1,1.0,1,1377313.45,537476.4,51520.0,35346.0,125959.67,66830.0,6.0,35,12075.0,112977.19,34647.5,47,12,13069.0,51501.02,42943.0,94,50,67887.0,Y,7522.08,saving,F,47,LOW,27.0,2,643.0,1,13.0
3117,17245,397232.0,19345.0,3117.0,5342.39,94243.29,18067.14,1373.44,1.0,10,110,1,12,30,272000,1,1,1.0,1,13732.93,40000.0,8333.0,14509.0,22656.81,14265.0,10.0,19,15151.0,48534.46,213315.0,4,20,520.0,109724.0,43436.0,14,120,18622.0,Y,6517.51,current,M,35,MEDIUM,4.5,9,536.0,1,9.0
3118,1681,18227.0,1204.23,736.0,23477.64,14963.37,2342.0,813.59,6.0,36,14,4,3,16,84000,1,1,1.0,1,5045.13,1151269.05,20887.0,13135.0,27573.44,17390.0,18.0,7,24372.0,13806.15,41438.83,1,5,71248.18,154040.92,140480.0,3,32,10756.0,Y,7566.69,current,M,28,MEDIUM,4.0,5,523.0,0,14.0
3119,699,328068.0,5119.7,22339.59,5374.26,35084.3,3396.5,10044.0,56.0,13,47,2,55,3,147000,1,1,1.0,1,811.0,2300000.0,3792.0,-6885.0,117656.75,46795.0,46.0,35,54263.0,254093.0,10530.0,5,20,56623.0,311541.49,66711.0,12,50,60666.0,Y,15444.36,current,M,30,MEDIUM,9.0,7,626.0,1,2.0
3120,4414,1990.0,2264.8,21070.0,18088.0,4934.88,658.0,722.74,6.0,2,67,60,15,2,303000,1,1,1.0,1,26335.7,190887.4,2156.0,3897.0,45144.0,65065.5,3.0,26,23029.0,70834.87,88866.86,43,70,34492.0,3642287.0,55925.84,14,32,31900.0,Y,2468.82,current,M,42,MEDIUM,13.200000000000001,9,927.0,1,5.0
3121,475,16741.0,9649.92,5149.0,3859.0,6046.0,501.0,3751.7,56.0,1,74,82,2,12,15000,1,1,1.0,1,325024.6,194099.3,583.0,4150.0,41441.25,68259.0,0.0,2,510.0,268636.13,164557.0,5,11,325128.0,227092.51,31706.29,38,2,22111.0,Y,1303.14,current,M,33,LOW,6.5,10,508.0,1,2.0
3122,11946,183647.0,5447.6,3708.0,1176.93,1726.0,7925.345,577.8,9.0,85,52,4,23,16,49999,1,1,1.0,1,474401.25,7216.53,28913.0,-5942.0,81339.94,72414.0,84.0,3,10564.0,24483.75,211025.0,10,82,25813.0,76086.55,98316.0,36,73,68409.0,Y,15676.56,current,M,53,LOW,33.0,9,914.0,0,12.0
3123,19924,11939.0,7228.79,7031.0,4351.26,1357.61,10238.045,1061.0,9.0,17,67,2,4,98,190000,1,1,1.0,1,70310.6,25404.0,56305.0,0.0,31654.92,78970.91,11.0,1,61134.0,26759.84,33228.91,1,27,101424.53,6635.53,44279.0,6,83,21443.0,Y,6805.5,current,M,62,LOW,33.6,2,966.0,1,7.0
3124,9852,10372.0,47809.55,10741.42,2909.0,549.0,1699.08,7048.0,26.0,77,16,1,4,2,574000,1,1,1.0,1,328504.5,79828.0,3975.0,-5942.0,1219.31,77787.22,6.0,1,21257.0,59421.8,36891.0,3,42,78565.0,5061.0,29408.32,93,3,27758.0,Y,6027.11,current,M,66,LOW,46.0,6,351.0,1,2.0
3125,17586,9300.0,8483.0,6007.79,12830.03,1036.0,49472.99,1290.06,16.0,6,7,57,21,98,74100,1,1,1.0,1,22086.05,111500.0,25639.0,0.0,26389.0,72629.0,62.0,2,44439.0,59420.35,13596.0,5,18,97825.0,38394.38,37174.0,5,7,10457.0,Y,11437.24,saving,F,62,MEDIUM,21.0,5,245.0,1,8.0
3126,2948,15053.0,10195.2,114680.0,43771.48,4170.27,13663.0,2189.0,8.0,36,3,53,3,79,581000,1,1,1.0,1,46730.2,95081.0,14754.0,-3506.17993,18038.07,111415.0,40.0,14,38121.0,47937.04,16358.8,3,82,55059.0,44133.3,465535.77,58,9,17019.0,Y,19439.66,current,M,220,MEDIUM,180.0,3,883.0,1,19.0
3127,16922,12764.0,45037.99,2975.0,2636.92,21195.65,2992.0,132120.0,23.0,13,14,24,15,80,0,1,1,1.0,1,28844.0,210651.4,891.0,6885.0,19959.89,68743.2,42.0,31,19102.0,35142.54,40910.0,2,13,21380.0,16405.77,89495.0,3,12,170859.0,Y,1333.6,saving,F,31,MEDIUM,1.1,4,486.0,1,17.0
3128,8379,1366.0,19062.0,4808.95,1911.0,6080.0,11275.885,1144.44,12.0,22,30,5,5,1,233000,1,1,1.0,1,8758.2,6574.31,768.0,-4679.0,35210.62,64089.38,89.0,1,44334.0,78826.92,134688.36,9,20,19931.0,844834.0,8623.0,6,58,53738.0,Y,8599.9,current,M,25,MEDIUM,4.5,2,245.0,1,3.0
3129,19740,1943.0,22866.4,27835.0,45666.03,5282.0,2561.0,1713.0,5.0,27,6,5,25,79,519000,1,1,1.0,1,52209.5,617203.09,3000.0,13135.0,113.25,35439.0,42.0,7,22091.0,166489.68,79699.0,4,0,160060.0,208391.16,48391.0,40,11,8050.0,Y,4411.9,saving,M,33,MEDIUM,11.700000000000001,4,647.0,1,19.0
3130,14866,5598.0,2727.91,808.3,15210.01,7108.0,31916.675,7945.2,1.0,3,44,4,6,3,134000,1,1,1.0,1,33145.5,24703.0,54101.0,6409.0,54889.75,148800.0,10.0,7,272830.0,105890.39,42748.0,1,8,47340.0,29767.75,60820.0,47,68,26224.0,Y,4735.69,current,F,33,MEDIUM,13.0,5,588.0,1,2.0
3131,16981,329966.0,43515.0,2740.0,6812.3,3839.0,4431.0,6829.18,4.0,85,16,20,3,16,784000,1,1,1.0,1,8209320.0,234459.4,2019.0,-3506.17993,5166.25,22572.0,7.0,2,28655.0,29417.07,44978.0,5,69,87332.0,40410.41,18532.0,2,64,32040.0,Y,8463.59,current,M,31,MEDIUM,2.2,4,395.0,1,7.0
3132,4330,2855.0,4661.52,318.0,11483.52,1995.0,40269.08,1606.0,6.0,6,110,53,23,5,425000,1,1,1.0,1,18451.05,154121.9,500718.0,844.0,25051.85,41917.5,20.0,35,45425.0,32441.91,16611.5,0,86,21800.0,74969.0,30069.0,3,1,29600.0,Y,23857.24,current,M,34,HIGH,14.0,8,394.0,1,6.0
3133,11615,11597.0,3217.32,3550.0,10961.33,6081.04,29410.74,1014.0,8.0,19,59,3,2,37,16000,1,1,1.0,1,167.5,50034.93,505.0,-6335.0,50745.9,100275.0,3.0,7,6128.0,12166.91,48348.0,23,23,26536.0,99131.0,13850.0,9,75,50913.0,Y,773.57,current,M,40,LOW,4.0,8,809.0,1,12.0
3134,18600,346964.0,2015.5,14234.07,4997.75,359.86,2077.94,1729.0,44.0,6,14,1,1,10,75000,1,1,1.0,1,7713.51,12000.0,130000.0,1931.0,52323.25,10054.0,42.0,0,60137.0,59833.0,22278.0,2,40,43290.0,67179.2,387320.0,7,104,141392.0,Y,9434.34,saving,M,42,MEDIUM,13.200000000000001,3,233.0,0,19.0
3135,8848,12159.0,176584.68,5391.22,8168.09,1906.52,39390.58,760.72,25.0,31,67,8,1,30,350000,1,1,1.0,1,89908.8,107692.0,50000.0,0.0,87598.75,46970.13,22.0,35,19513.0,42000.5,86390.0,1,4,7453.0,19838.0,27303.17,2,72,87651.0,Y,8936.25,saving,M,62,LOW,4.2,1,958.0,1,14.0
3136,12410,18257.0,24710.37,2232.0,571.62,8738.85,3373.48,1961.78,44.0,10,50,1,25,4,340000,1,1,1.0,1,50550.5,64215.6,505.0,7478.0,29091.0,859688.0,18.0,7,24970.0,72466.86,56801.0,2,35,59327.0,99460.99,52519.0,3,12,22889.0,Y,4823.54,current,F,29,LOW,1.8,7,536.0,1,7.0
3137,16925,9094.0,11178.01,1630.57,10468.01,13469.0,6518.085,1109.58,6.0,22,13,1,31,70,20000,1,1,1.0,1,115.45,187788.1,33774.0,2337.0,68970.0,80703.0,42.0,1,20082.0,42147.67,110910.5,1,26,4407.0,34676.85,87334.0,16,22,91126.97,Y,3665.45,saving,M,64,LOW,44.0,7,394.0,1,15.0
3138,792,342912.0,26369.95,8706.5,9617.6,21538.0,1351.5,8703.0,7.0,69,59,25,2,8,68250,1,1,1.0,1,39758.95,110000.0,30011.0,1332.0,108460.53,45739.0,89.0,2,24817.0,17826.58,168731.0,4,13,16903.0,110222.2,53323.0,49,32,332.0,Y,5560.17,current,M,42,LOW,17.6,6,536.0,1,15.0
3139,9264,3614.0,2954.92,3190.0,2425.69,5430.58,4087.0,13840.06,4.0,10,23,3,55,3,249000,1,1,1.0,1,161704.0,96096.0,126001.0,3897.0,82071.0,60754.0,77.0,2,27767.0,98636.16,202220.0,31,13,17633.0,202879.73,71715.5,4,11,17866.0,Y,15092.7,saving,M,60,LOW,28.0,3,860.0,0,3.0
3140,15916,15682.0,9431.5,2838.0,2055.82,2555.0,9660.92,4006.0,56.0,36,44,3,18,4,54000,1,1,1.0,1,2.13,1425000.0,130000.0,-4612.00977,150309.0,23201.28,5.0,13,83907.0,626038.39,22681.0,2,87,27093.0,36311.71,24764.29,4,63,19638.0,Y,3510.97,current,M,56,MEDIUM,36.0,6,713.0,0,11.0
3141,15744,326021.0,8992.27,11904.48,20601.0,2218.73,19516.56,17167.0,44.0,32,23,1,1,34,186000,1,1,1.0,1,98062.5,338430.0,1611.0,2351.0,20933.25,250986.0,18.0,0,19533.0,21557.17,150284.0,3,8,41559.0,1018172.01,75094.0,2,9,45295.0,Y,81.61,current,M,56,LOW,14.4,8,633.0,0,2.0
3142,11823,11429.0,1805.0,26274.0,27725.87,4785.0,15365.23,1697.0,92.0,30,3,2,2,1,138000,1,1,1.0,1,24832.0,1382889.0,8333.0,-6281.37987999999,41305.15,365.6,42.0,2,33466.0,28279.0,135492.0,2,13,25626.0,397525.73,276893.68,1,38,24799.0,Y,813.42,current,M,46,MEDIUM,15.600000000000001,10,683.0,0,11.0
3143,16179,163880.0,15496.13,4065.23,44831.6,368.0,8236.0,1981.0,19.0,23,71,5,15,98,528000,1,1,1.0,1,47936.43,202560.0,643.0,7478.0,33844.5,13467.0,11.0,19,25765.0,161476.0,63706.0,1,63,129842.0,9686.0,41511.0,47,24,20137.0,Y,695.48,current,M,223,MEDIUM,81.2,6,270.0,1,8.0
3144,12988,16071.0,11317.0,10176.0,8674.83,6005.0,51039.59,2658.0,63.0,39,4,4,6,5,366000,1,1,1.0,1,347309.75,185097.6,2214.0,-5942.0,24358.0,19726.0,62.0,30,43792.81,26103.0,232321.0,1,28,27565.0,55373.76,238192.0,117,13,16444.0,Y,15322.87,current,M,32,MEDIUM,2.4000000000000004,5,748.0,0,11.0
3145,4868,109709.0,41360.0,23589.66,7816.5,1440.01,12795.0,9563.03,4.0,1,74,62,3,44,50900,1,1,1.0,1,291969.2,6574.31,12611.0,6885.0,33433.64,44127.0,46.0,19,33700.0,23898.5,45201.0,4,23,25003.0,340.0,5131.0,21,104,1710.0,Y,18862.4,current,M,30,MEDIUM,6.0,3,700.0,0,18.0
3146,15021,11016.0,699.14,2805.37,1618.0,723.17,8152.0,440.0,531.0,5,74,3,3,10,124000,1,1,1.0,1,2666.4,197800.0,13533.0,10770.0,36312.18,123052.05,91.0,26,28190.0,83184.0,150209.36,2,59,29253.0,126930.15,57081.0,3,15,108997.0,Y,29577.19,current,M,32,MEDIUM,1.2000000000000002,9,243.0,1,4.0
3147,11134,37315.0,3614.65,1944.0,34352.0,324.5,13696.0,3874.0,4.0,22,44,1,5,79,293000,1,1,1.0,1,144110.45,117890.0,30000.0,6441.0,23998.0,110239.51,77.0,36,38317.0,62470.91,23344.37,11,23,56956.0,48226.36,10184.0,8,73,22828.0,Y,737.12,current,M,47,MEDIUM,2.7,4,753.0,1,17.0
3148,3558,10929.0,10105.33,4111.0,7389.58,3876.0,11154.7,2782.0,57.0,5,9,48,1,31,232000,1,1,1.0,1,31845.5,51000.0,3570.0,1465.0,30875.64,50744.0,4.0,36,16801.0,19522.48,49798.86,3,50,40692.0,102648.25,481.29,7,65,49613.0,Y,19498.61,current,M,56,MEDIUM,25.200000000000003,1,812.0,1,2.0
3149,4672,5228.0,9735.3,3153.0,550.64,3409.0,2644.0,2802.3,16.0,3,64,3,7,20,471000,1,1,1.0,1,111.0,37000.0,12000.0,12174.0,8805.5,9972.0,10.0,4,37231.0,136610.0,39522.0,5,63,44154.0,41761.43,4326.41,12,6,31354.0,Y,86.8,current,M,69,MEDIUM,4.9,8,254.0,1,11.0
3150,14813,15623.0,2001.69,3688.0,2140.61,3167.97,1641.0,7011.0,7.0,85,67,1,2,58,147000,1,1,1.0,1,45463.0,134890.0,1266.0,977.0,6326.15,5375.0,18.0,0,12663.0,21706.42,63881.0,0,30,33314.0,115028.0,19125.29,5,24,12440.0,Y,0.0,current,M,58,LOW,7.6000000000000005,3,324.0,1,14.0
3151,7506,17504.0,23055.0,3673.0,23214.0,818.0,4282.81,10979.0,8.0,10,84,8,15,54,378000,1,1,1.0,1,293418.75,119898.8,43798.0,167.0,63414.62,50281.0,46.0,4,67691.0,96266.68,18746.0,3,49,31551.0,6292.75,30615.0,3,83,46548.0,Y,11840.42,current,M,35,MEDIUM,4.5,1,799.0,1,19.0
3152,3250,5530.0,65268.5,314.88,6213.68,8641.35,1349.5,802.0,19.0,19,4,4,2,2,184000,1,1,1.0,1,8209320.0,65480.0,33774.0,173.0,92495.11,37493.0,4.0,2,17902.0,118263.24,44452.0,0,20,73887.94,22974.9,6723.0,12,0,39953.0,Y,2235.38,current,M,30,LOW,4.0,5,882.0,1,8.0
3153,7390,523.0,2611.77,4704.0,1530.0,4455.91,18910.98,3485.0,3.0,9,1,1,62,86,152000,1,1,1.0,1,28482.5,633323.83,927.0,553.0,41092.89,115320.57,40.0,13,10195.0,42316.22,34218.0,30,23,13000.0,11010.0,39200.0,11,13,23922.0,Y,262.41,current,M,32,MEDIUM,8.4,9,867.0,0,9.0
3154,14361,8672.0,8982.0,1311.0,48294.09,2651.58,11272.815,5150.0,1.0,10,4,3,38,81,402000,1,1,1.0,1,52209.5,31000.0,6000.0,3897.0,28267.29,37029.0,55.0,6,19892.0,1650.0,33039.37,70,13,52382.0,119075.73,16510.58,16,120,23281.0,Y,9925.36,saving,M,35,MEDIUM,6.0,7,923.0,1,14.0
3155,17000,19208.0,57492.0,27995.0,3776.0,4036.8,2245.0,1772.0,6.0,601,7,50,3,2,293000,1,1,1.0,1,105453.65,167870.79,16114.0,6916.0,38022.9,51288.0,4.0,18,78099.3,263711.06,24225.86,2,59,32940.0,85151.95,145341.0,94,63,357952.0,Y,5469.79,current,M,34,MEDIUM,1.4000000000000001,1,245.0,1,8.0
3156,15045,15645.0,5334.26,1829.01,11766.4,3021.0,22828.0,2109.0,26.0,71,47,2,71,67,218000,1,1,1.0,1,39851.93,5241.0,300500.0,3897.0,25225.98,51611.0,20.0,1,21072.0,58494.06,151166.0,4,13,29790.0,4033.0,32415.0,7,24,32560.0,Y,8683.57,current,M,35,MEDIUM,15.0,3,566.0,1,14.0
3157,232,26152.0,6707.58,10166.67,2560.19,86.0,7669.85,3748.0,44.0,30,35,24,44,6,556000,1,1,1.0,1,568.8,65174.0,13873.0,0.0,79461.97,18995.0,20.0,19,40447.0,108454.68,35808.62,6,108,89903.0,19411.0,22671.0,7,12,57907.0,Y,171773.65,current,F,34,MEDIUM,2.8000000000000003,6,771.0,1,19.0
3158,6290,11631.0,2707.04,47211.28,18911.76,886.5,4495.48,12842.45,1.0,3,29,5,15,98,383000,1,1,1.0,1,3247.5,278904.9,1036.0,173.0,34968.65,129350.91,12.0,26,65866.0,93910.39,13915.55,47,11,37388.0,37379.4,13232.41,21,80,39127.0,Y,2977.5,current,M,33,MEDIUM,6.5,5,574.0,1,18.0
3159,14786,12265.0,3725.53,8851.0,3296.73,3816.0,6269.0,1778.0,63.0,9,18,54,2,3,366000,1,1,1.0,1,185669.2,369448.8,1166.0,14509.0,28759.59,42435.0,94.0,4,17945.0,82779.27,27113.0,3,23,248500.0,304871.68,33739.0,8,113,14334.0,Y,3181.79,current,M,47,LOW,5.4,2,394.0,0,19.0
3160,8620,8111.0,18508.0,2405.9,34072.0,5338.0,6784.0,1336.92,15.0,46,35,1,55,64,369000,1,1,1.0,1,825.0,82907.34,1630.0,173.0,34.0,31048.0,52.0,5,29148.0,43962.9,63550.76,4,6,86134.0,481629.98,128241.0,2,12,18360.0,Y,23910.02,current,M,42,MEDIUM,15.4,9,523.0,0,15.0
3161,17690,207322.0,32378.55,17900.0,1673.0,2754.0,492.7,1204.12,31.0,15,16,2,6,54,212500,1,1,1.0,1,328504.5,53749.0,13873.0,1429.0,178834.78,76985.91,70.0,2,46430.0,5871.18,174704.0,6,20,34623.0,590092.14,130785.0,36,32,37750.49,Y,702.28,current,F,33,MEDIUM,13.0,7,485.0,1,10.0
3162,11743,292944.0,13679.0,21449.81,5019.5,3550.0,15931.8,4619.0,6.0,30,30,47,44,47,98000,1,1,1.0,1,84.65,31000.0,3975.0,-12179.0,39573.58,58763.0,12.0,35,70980.0,1133.0,42296.0,6,25,22815.0,69868.25,19310.0,2,18,14023.0,Y,7151.5,current,M,46,MEDIUM,2.6,2,863.0,1,3.0
3163,3958,16740.0,3940.71,4818.0,948.8,489.72,21654.0,236.0,4.0,10,6,2,1,13,337000,1,1,1.0,1,1112.4,1543.85,28985.0,0.0,88918.93,69732.91,11.0,4,21086.0,46972.29,21829.0,6,12,39652.0,28929.01,83964.76,14,13,22576.48,Y,14644.29,current,M,34,MEDIUM,12.600000000000001,3,866.0,0,12.0
3164,4350,8162.0,25414.46,2998.9,1503.25,15575.48,5813.0,2900.0,2.0,66,4,2,56,4,150000,1,1,1.0,1,568.8,470000.0,565.0,553.0,117885.0,2103.0,7.0,26,33549.0,25094.19,73823.0,4,12,3575.0,47125.23,38949.0,7,14,60273.0,Y,3750.0,current,M,29,MEDIUM,0.9,9,519.0,1,4.0
3165,19875,5865.0,3575.38,3117.0,7252.24,13234.0,5007.0,4127.0,24.0,3,70,7,4,1,564000,1,1,1.0,1,22086.05,29479.0,19081.0,5773.0,81204.69,142572.0,43.0,7,16255.0,41501.11,19913.0,11,4,17820.0,30977.01,35418.0,16,3,30994.0,Y,10731.63,current,M,60,MEDIUM,16.0,7,464.0,1,11.0
3166,6258,2795.0,11160.79,1985.08,2619.17,342.0,27087.0,4730.0,44.0,3,74,8,15,98,306000,1,1,1.0,1,19265.4,52000.0,5981.0,-5942.0,7881.91,11071.0,94.0,5,16067.0,34096.0,25588.0,47,42,23955.0,72112.14,302925.16,4,11,65165.0,Y,3106.52,current,M,56,MEDIUM,36.0,4,424.0,0,3.0
3167,4548,1042.0,11925.2,1689.0,4605.6,11182.0,1041.0,1124.66,6.0,38,7,2,3,1,141000,1,1,1.0,1,36368.7,385218.7,155205.0,5340.0,43990.44,50273.0,46.0,4,24796.01,34630.29,70576.08,5,81,48345.0,173448.21,29246.0,43,80,145370.0,Y,337259.01,saving,M,31,LOW,7.7,1,538.0,1,5.0
3168,2526,17872.0,10637.5,4347.93,3643.0,5759.51,13231.0,290.0,53.0,3,35,2,1,11,212500,1,1,1.0,1,510.6,335948.0,49975.0,-4679.0,28642.76,44647.0,35.0,23,20768.0,5200.0,33845.0,3,7,33420.0,58766.0,11174.0,7,21,26021.0,Y,402.19,saving,M,62,MEDIUM,16.8,6,684.0,1,17.0
3169,16648,6852.0,14769.71,3820.0,17859.75,6052.75,1761.13,8748.0,56.0,17,13,47,2,1,294000,1,1,1.0,1,105453.65,118976.0,30011.0,1465.0,26500.2,60899.0,90.0,30,63795.0,21424.47,18725.0,4,38,31945.0,16842.63,149941.99,4,50,40604.0,Y,2829.86,current,M,55,MEDIUM,21.0,9,801.0,1,9.0
3170,9654,13332.0,3416.0,1503.0,80412.61,2681.03,16700.23,10542.0,100.0,13,23,1,11,1,184000,1,1,1.0,1,568.8,9866.01,12000.0,0.0,35932.95,48433.0,27.0,5,50322.0,25775.0,192887.0,2,14,33224.0,82706.27,10432.0,5,106,113862.0,Y,2391.74,current,M,55,MEDIUM,24.5,6,799.0,1,10.0
3171,2511,2888.0,20838.01,2233.86,2399.63,5914.6,6524.0,2549.73,1.0,37,5,1,9,8,232000,1,1,1.0,1,7089.7,25000.0,155205.0,1089.0,33632.27,60047.0,46.0,9,47158.0,358421.36,40099.5,3,8,23720.0,25158.72,71438.06,4,35,35717.0,Y,7238.34,current,M,33,MEDIUM,11.700000000000001,7,866.0,1,6.0
3172,9523,8360.0,4576.85,9657.13,3066.69,766.0,30468.41,3105.29,15.0,1,44,62,21,2,510000,1,1,1.0,1,1359.3,25404.0,36114.0,4795.0,27809.85,1012271.0,46.0,2,22091.0,45586.43,12479.0,7,63,125912.0,3514.79,171353.33,10,83,27166.0,Y,1893.93,current,M,28,MEDIUM,3.2,10,123.0,1,11.0
3173,15018,135368.0,323.0,2861.21,44916.0,29884.0,12051.6,622.59,1.0,36,47,44,1,41,595000,1,1,1.0,1,41883.6,157624.24,938.0,277.0,24439.5,106480.5,5.0,2,22313.0,107518.33,49149.61,30,9,56665.0,84797.05,65529.0,3,12,43220.0,Y,10000.34,current,F,39,HIGH,17.1,10,805.0,0,18.0
3174,13641,11910.0,10464.4,3261.0,5629.0,3827.0,59414.08,322.21,92.0,13,47,15,6,44,249000,1,1,1.0,1,825.0,93.35,1266.0,-6885.0,9782.92,92801.0,29.0,35,15299.0,43439.0,32774.0,10,25,26464.0,28921.0,35670.79,5,104,66494.0,Y,187.6,current,M,53,HIGH,23.1,4,445.0,1,14.0
3175,8250,18455.0,6268.8,542.0,29736.15,1111.0,349.0,1359.84,14.0,43,50,24,2,2,267000,1,1,1.0,1,60800.0,61022.63,8417.0,20513.0,5528.25,56223.97,77.0,23,15263.0,37754.08,90154.5,1,21,73.29,185048.75,20704.79,3,104,21675.0,Y,23857.24,saving,M,38,MEDIUM,16.2,2,643.0,1,19.0
3176,7298,9775.0,619.0,2987.75,66498.16,882.0,32541.0,11631.36,9.0,30,29,48,1,47,302000,1,1,1.0,1,568.8,76365.24,12337.0,10455.0,22460.47,159724.0,4.0,3,32113.9,22921.88,64194.0,2,17,19792.0,115628.54,121329.0,3,42,69223.0,Y,106.5,current,M,44,MEDIUM,16.8,7,445.0,1,11.0
3177,16211,5332.0,679.5,1084.3,14390.47,2080.0,23520.0,2277.0,15.0,10,23,21,3,7,125000,1,1,1.0,1,6440.0,17000.0,25000.0,-6885.0,20324.0,13157.75,46.0,2,58249.0,63780.3,22207.35,6,77,65521.0,92389.57,34073.0,94,38,1340.0,Y,8200.0,current,F,58,LOW,34.2,4,372.0,1,11.0
3178,7744,8757.0,20721.45,5621.0,7432.83,302.0,3775.48,6943.16,14.0,47,112,20,18,17,119000,1,1,1.0,1,89104.12,356899.37,768.0,12415.0,24937.31,26749.38,69.0,17,22604.0,85997.02,110910.5,1,23,26179.0,68497.81,47003.0,3,24,25845.0,Y,5884.13,current,M,34,MEDIUM,9.8,1,924.0,1,18.0
3179,10109,9718.0,22900.0,6560.0,9357.0,4524.0,15543.105,3011.52,44.0,5,52,3,1,79,34000,1,1,1.0,1,47024.8,19000.0,15654.0,-4324.0,23979.7,30633.0,11.0,31,21970.0,32774.11,15491.0,17,6,26463.0,11794.0,26039.0,58,7,62847.0,Y,686.93,current,M,38,MEDIUM,1.8,4,950.0,1,20.0
3180,4567,9040.0,2120.57,6295.96,60550.59,908.0,22168.0,24070.5,4.0,32,67,4,44,55,156000,1,1,1.0,1,489773.55,172131.0,1036.0,4314.0,12118.0,27691.0,11.0,19,10838.01,31220.34,52177.0,9,12,12120.2,92851.02,10974.0,7,83,16768.61,Y,5955.42,current,M,28,MEDIUM,1.6,3,799.0,1,20.0
3181,7340,93923.0,16741.56,6852.0,5085.0,2594.0,5704.0,1889.0,1.0,2,4,10,2,6,10000,1,1,1.0,1,19265.4,119831.0,15477.0,5773.0,9651.5,10077.0,42.0,3,23197.0,103211.5,103504.0,5,70,52122.0,96590.13,199925.5,2,12,34739.0,Y,3114.3,current,M,58,MEDIUM,19.0,6,911.0,0,4.0
3182,18746,14782.0,22700.13,14766.0,4612.73,2411.0,16570.0,3667.0,2.0,36,6,4,5,6,255000,1,1,1.0,1,55458.53,31033.0,2644.0,0.0,24554.04,59304.5,7.0,0,41350.0,68138.04,39282.94,50,59,79063.0,32928.73,59552.83,4,63,1789.0,Y,7207.11,saving,M,47,LOW,8.1,8,488.0,0,7.0
3183,12750,689.0,1372.42,3994.8,26546.95,18665.23,1931.7,5762.0,1.0,26,74,52,12,79,481000,1,1,1.0,1,4400.0,223379.4,519.0,903.0,197.0,241463.96,37.0,4,27627.68,43365.71,35872.72,43,11,36274.0,19825.09,5160.0,12,6,25075.0,Y,5071.81,saving,M,34,MEDIUM,11.200000000000001,5,801.0,1,3.0
3184,18677,9138.0,27567.17,10998.0,11475.25,2710.0,11631.19,2742.0,1.0,7,3,2,11,30,155000,1,1,1.0,1,3549.85,262556.0,300500.0,886.0,48551.77,86613.0,5.0,5,36300.0,120517.0,41371.0,3,20,27046.0,107933.33,131303.0,40,32,15431.0,Y,10273.55,saving,M,33,MEDIUM,1.3,4,243.0,1,11.0
3185,5779,2610.0,37984.7,1952.0,7718.01,3529.0,12255.0,6084.0,1.0,10,67,3,3,34,127500,1,1,1.0,1,140291.6,1475000.0,300500.0,5464.0,44476.46,59569.0,11.0,0,28502.0,71777.14,110521.0,7,12,43660.0,46541.19,25484.74,6,35,24387.0,Y,8603.94,current,M,28,MEDIUM,4.800000000000001,5,249.0,1,18.0
3186,6638,2619.0,4744.22,435.0,6431.0,4794.27,17575.725,4893.0,1.0,26,16,1,21,3,37000,1,1,1.0,1,4120.0,116533.0,130000.0,1500.0,14974.04,163344.14,63.0,13,31000.0,481.0,25302.57,5,8,42017.0,181184.37,6931.0,93,13,99031.0,Y,946.55,current,M,53,MEDIUM,33.0,3,233.0,1,11.0
3187,12347,17959.0,4341.5,6348.7,1400.5,717.0,10182.37,396.0,136.0,128,46,21,6,2,293000,1,1,1.0,1,216500.0,730000.0,908.0,-5715.49022999999,4379.36,53385.0,42.0,4,52120.0,42446.35,56186.87,43,8,1275.0,55014.73,100824.76,13,18,78354.0,Y,11330.15,current,F,27,MEDIUM,4.2,7,247.0,1,2.0
3188,13396,2218.0,6580.78,1420.0,27578.6,1791.85,10913.0,760.72,23.0,9,16,25,12,13,170000,1,1,1.0,1,4120.0,500358.79,73501.0,-12179.0,15422.9,327643.0,7.0,1,74616.0,110923.29,20542.0,10,29,31571.0,35193.5,15392.0,3,79,14405.0,Y,8186.99,current,F,37,MEDIUM,8.5,3,331.0,1,2.0
3189,12089,35662.0,9175.41,2033.0,15399.87,9640.95,8400.44,1634.91,531.0,36,14,48,1,2,378000,1,1,1.0,1,192215.0,64215.6,678.0,20324.0,138598.98,54372.0,4.0,36,27010.0,30377.79,119421.0,2,6,39001.0,41585.6,12860.0,7,25,19220.0,Y,13230.37,current,M,65,MEDIUM,36.0,7,887.0,0,11.0
3190,9812,3767.0,50218.53,11684.84,4070.0,5597.43,19056.54,4905.0,6.0,27,86,4,9,55,53000,1,1,1.0,1,47.35,14000.0,50000.0,6885.0,43529.33,19720.0,42.0,0,43937.0,19602.4,196221.0,0,12,25762.0,22404.95,112269.0,21,83,24485.98,Y,1160.0,saving,M,64,MEDIUM,17.6,10,969.0,0,19.0
3191,168,11454.0,1191.03,2164.94,6212.86,415.05,12148.105,12261.34,44.0,10,67,24,9,64,197000,1,1,1.0,1,74899.55,110135.86,48950.0,35346.0,28091.0,28463.02,11.0,2,28040.0,59701.12,150516.0,9,25,16250.0,51780.0,111496.0,3,68,45162.0,Y,966.22,current,M,69,LOW,9.8,2,743.0,1,7.0
3192,5386,292315.0,10983.77,1973.0,23286.0,5393.04,1936.4,2537.64,7.0,77,50,3,44,42,522000,1,1,1.0,1,76122.87,50700.0,5540.0,5350.0,35724.5,26369.0,55.0,7,31450.0,54364.14,60209.86,3,2,14711.0,100649.0,49859.0,7,100,27908.0,Y,1265.95,current,M,62,MEDIUM,33.6,10,558.0,1,5.0
3193,10618,16060.0,37873.18,4950.77,76498.0,1165.0,935.935,925.34,8.0,99,44,8,3,9,345000,1,1,1.0,1,58928.67,117890.0,1166.0,-5715.49022999999,118197.34,15238.0,11.0,6,1902.0,31725.0,40176.0,0,5,37386.0,24819.05,152159.3,3,103,84415.5,Y,10016.12,saving,M,34,MEDIUM,14.0,9,700.0,1,13.0
3194,4236,2213.0,2075.93,18558.6,3001.95,2133.79,26812.4,5299.0,60.0,61,35,1,7,4,519000,1,1,1.0,1,76122.87,77965.0,2214.0,6260.0,20303.1,567741.0,11.0,5,32979.0,15381.0,36907.0,16,81,31106.0,50128.45,121306.0,4,25,34220.0,Y,2896.24,saving,M,64,HIGH,17.6,4,314.0,0,16.0
3195,2833,18568.0,2962.0,4121.43,3696.06,802.58,3996.0,8897.0,12.0,43,14,60,6,79,326000,1,1,1.0,1,30895.44,462000.0,2500.0,5340.0,22991.92,60941.0,90.0,31,120542.0,103045.81,211214.36,11,20,80735.0,59563.26,352021.0,21,21,1912.0,Y,1018.35,current,M,32,MEDIUM,10.8,5,867.0,0,20.0
3196,12332,15325.0,2034.375,1781.9,5533.38,3703.0,1883.75,6322.1,92.0,3,44,82,55,47,461000,1,1,1.0,1,825.0,16000.0,583.0,0.0,36652.25,229989.0,90.0,13,11281.0,17600.02,28889.5,3,24,43361.0,42513.7,262738.11,36,18,7638.0,Y,36772.09,current,M,62,LOW,42.0,8,860.0,1,7.0
3197,18123,5256.0,1806.4,10651.97,3650.5,5704.0,6586.26,8617.0,2.0,10,50,20,2,47,290000,1,1,1.0,1,72383.25,71944.5,19400.0,3735.0,65187.81,11791.0,50.0,36,50645.0,10562.0,77691.0,7,6,27225.0,4930.0,42429.0,6,11,345000.0,Y,906.2,current,M,32,MEDIUM,7.2,5,647.0,1,4.0
3198,17515,36928.0,6734.73,5644.09,1934.77,26290.0,8089.23,13580.0,19.0,36,35,8,4,37,198000,1,1,1.0,1,9542.5,376600.5,30071.0,20324.0,545955.65,112569.0,2.0,1,628.9,22841.13,6199.1,9,63,29598.0,280567.5,15409.0,3,104,126467.0,Y,35112.87,current,M,51,MEDIUM,9.3,3,968.0,1,11.0
3199,17146,22555.0,15356.57,4750.0,3873.0,5135.81,4708.5,8691.87,7.0,3,16,4,1,13,98000,1,1,1.0,1,50550.5,117890.0,20000.0,-6885.0,3205.25,78937.0,42.0,36,90930.0,77803.97,68032.0,1,82,35818.0,2141.0,15117.66,6,38,27820.0,Y,1868.79,current,M,27,MEDIUM,0.7000000000000001,1,355.0,1,18.0
3200,302,12805.0,6289.3,2404.0,13293.87,1675.21,13964.11,8651.0,16.0,6,50,1,11,77,738000,1,1,1.0,1,1360.0,160498.0,20000.0,20324.0,207838.25,60209.0,46.0,3,46200.0,25472.89,93033.16,43,44,97758.0,32011.74,43929.15,14,12,130000.0,Y,12581.16,current,M,30,MEDIUM,3.0,2,258.0,1,14.0
3201,3325,8264.0,9647.87,1425.0,49748.8,5209.75,1996.8,1101.14,101.0,29,6,3,3,62,252000,1,1,1.0,1,2008232.55,1024477.47,25524.0,0.0,27861.68,52560.5,42.0,4,12889.0,38575.22,15006.0,47,8,80500.0,73313.96,45236.49,2,58,30602.0,Y,26.23,saving,M,49,LOW,5.800000000000001,9,249.0,0,18.0
3202,4062,330156.0,4193.18,6062.0,4656.48,1921.0,686.0,7992.47,531.0,43,7,17,55,77,581000,1,1,1.0,1,111.4,74599.9,300000.0,35346.0,13555.54,63572.29,42.0,13,22031.0,190292.5,227930.0,10,82,30629.0,30388.0,33586.0,2,83,28805.0,Y,380.93,current,F,33,LOW,13.0,2,647.0,1,16.0
3203,10934,106291.0,15633.06,3353.74,774.48,12447.72,4306.0,2020.0,92.0,44,4,57,1,4,575000,1,1,1.0,1,551439.2,3.0,798.0,12174.0,41330.73,51586.0,12.0,1,35381.0,30732.6,75282.0,5,23,4598.0,27915.7,39127.0,38,12,202500.0,Y,2492.7,current,F,58,MEDIUM,38.0,8,354.0,1,15.0
3204,17095,197.0,7906.0,563.45,589.36,3460.0,20664.905,10970.04,28.0,9,38,50,36,98,296000,1,1,1.0,1,568.8,39833.19,12000.0,-6281.37987999999,67854.72,26966.6,36.0,4,31157.0,37979.16,57130.0,43,11,37397.0,13616.57,20201.0,8,113,26595.0,Y,400.91,current,F,25,MEDIUM,5.0,5,685.0,1,5.0
3205,10251,20675.0,61908.55,160.0,7925.84,418.0,38276.0,1511.3,4.0,3,13,50,9,47,510000,1,1,1.0,1,41070.0,21577.06,183999.0,7478.0,188017.86,62806.0,46.0,13,10273.0,26732.5,45831.0,19,20,26.25,36980.45,17703.0,2,39,38378.0,Y,1553.29,saving,M,53,LOW,29.700000000000003,3,886.0,0,10.0
3206,8286,290575.0,13381.85,16020.0,2129.67,29606.55,6725.75,4772.0,1.0,10,4,7,62,8,87000,1,1,1.0,1,225823.8,24703.0,15654.0,5730.0,1599.25,25694.0,62.0,2,71078.0,603897.0,24559.0,7,67,69164.0,7564.5,73905.0,117,58,40604.0,Y,2755.87,current,M,66,MEDIUM,32.2,2,799.0,1,19.0
3207,4253,20394.0,3180.76,1541.0,1418.0,18252.45,431.0,545.28,4.0,1,35,50,21,58,152000,1,1,1.0,1,3299447.136,60040.0,20887.0,20513.0,6857.0,35456.0,36.0,26,49655.0,151350.75,121286.5,70,171,43428.0,35140.72,56907.9,2,27,68350.0,Y,13482.82,current,M,66,MEDIUM,13.8,8,685.0,0,4.0
3208,19684,7629.0,2325.23,2414.0,681.92,860.0,66934.0,2192.5,25.0,601,10,1,5,68,382000,1,1,1.0,1,88.0,110135.86,18257.0,0.0,24635.84,43424.0,20.0,7,27507.0,44356.0,42018.0,6,81,48524.0,2153.0,15891.0,4,106,84910.0,Y,5792.62,saving,M,33,LOW,5.2,6,523.0,0,4.0
3209,3016,7371.0,25565.0,325.0,12731.12,7043.57,3816.0,23197.0,531.0,1,50,1,3,3,267000,1,1,1.0,1,46962.5,200000.0,5905.0,-4679.0,56922.65,38579.0,4.0,26,69766.0,41228.0,48339.26,43,5,39477.0,18672.95,40969.0,6,12,245.0,Y,285.23,current,M,62,MEDIUM,33.6,10,647.0,1,7.0
3210,12307,306803.0,10481.0,7432.05,11837.31,2181.94,17401.0,1381.0,8.0,128,13,57,44,75,595000,1,1,1.0,1,41070.0,69370.0,100000.0,-6335.0,125321.74,239376.76,91.0,0,25650.0,56878.78,923.0,2,20,31610.97,101891.1,39552.62,94,113,21468.0,Y,10384.6,current,M,34,MEDIUM,2.8000000000000003,3,372.0,1,15.0
3211,6577,9668.0,34407.85,6259.93,49444.95,3311.06,17913.5,13049.0,1.0,26,35,18,1,4,17000,1,1,1.0,1,120781.35,120000.0,768.0,5773.0,36947.58,9566.91,10.0,26,25588.0,28130.0,18989.5,19,7,23349.0,45934.0,61075.28,1,32,72629.0,Y,4107.3,current,M,33,MEDIUM,6.5,5,713.0,1,8.0
3212,6223,4440.0,23371.55,19181.36,4796.58,7304.0,1905.25,3302.0,44.0,3,84,20,21,1,127500,1,1,1.0,1,5383.25,66.0,1266.0,1500.0,18618.25,17132.0,46.0,28,61691.0,49030.85,19087.0,5,14,84836.0,49091.23,17746.0,7,39,23733.0,Y,4864.86,current,M,35,LOW,1.5,1,974.0,1,20.0
3213,12520,20118.0,5583.02,1578.0,23211.54,3181.55,7506.92,2125.53,531.0,13,74,47,3,1,293000,1,1,1.0,1,163703.25,370000.0,49000.0,6916.0,43943.66,10248.96,7.0,4,62609.0,10021.17,372936.37,43,59,8627.0,101775.66,800.84,7,11,168.29,Y,6329.71,current,M,33,MEDIUM,13.0,6,631.0,1,16.0
3214,4421,214687.0,39369.68,4348.0,39175.48,5365.87,338.0,80603.0,7.0,3,82,1,18,4,39000,1,1,1.0,1,48675.31,19000.0,105000.0,5439.0,53650.34,116290.0,77.0,3,31573.0,135471.53,106809.0,2,13,21945.0,40981.35,29280.0,3,24,90349.0,Y,5545.77,current,M,47,MEDIUM,10.8,10,809.0,1,15.0
3215,8495,1995.0,11681.36,1041.73,30709.43,4255.76,2267.94,396.0,2.0,8,6,22,1,3,255000,1,1,1.0,1,38566.25,134000.0,655.0,2921.0,29685.88,302290.0,16.0,4,15893.0,70138.22,38824.5,2,108,69243.0,27082.05,25731.0,58,18,21481.0,Y,3437.6,current,M,29,LOW,4.5,9,247.0,1,16.0
3216,1027,15989.0,40307.89,5750.0,4118.6,2739.34,6598.76,609.43,5.0,83,44,3,15,3,232000,1,1,1.0,1,115818.74,393201.39,130000.0,-4664.0,147922.25,103578.0,42.0,4,506.0,62234.0,20097.0,2,81,11258.0,56355.61,14633.25,46,12,79464.0,Y,17350.88,current,M,46,MEDIUM,23.400000000000002,4,656.0,1,11.0
3217,13367,13623.0,14270.0,1839.01,2169.5,1823.84,6779.5,1299.0,6.0,3,78,10,4,79,112000,1,1,1.0,1,825.0,232897.0,711.0,4512.0,39424.4,4245.0,42.0,4,25155.0,245177.0,299901.0,4,5,6426.0,39772.62,2506172.0,2,57,15570.0,Y,1144.32,saving,M,29,MEDIUM,0.9,7,723.0,1,17.0
3218,3792,10516.0,1766.84,1121.0,8701.98,12872.0,3083.86,499.4,1.0,37,44,1,16,62,408000,1,1,1.0,1,1982892.29,70000.0,891.0,5464.0,51380.91,32246.5,6.0,0,150.0,118369.91,14595.0,1,70,52063.0,65232.76,65861.0,62,6,63489.0,Y,178.75,current,M,37,LOW,11.9,1,887.0,1,18.0
3219,7526,338380.0,12721.0,1754.0,9358.0,1750.0,4436.0,2451.0,53.0,36,46,47,60,7,27000,1,1,1.0,1,1955.6,4550727.2,583.0,553.0,10157.0,28106.0,46.0,2,35439.0,38300.52,21969.0,10,8,119100.0,22404.95,86421.0,58,103,42344.0,Y,2643.11,current,M,46,MEDIUM,20.8,8,966.0,1,20.0
3220,10115,3606.0,20419.19,3455.09,2392.0,9090.0,8093.5,1772.0,100.0,26,86,24,51,29,524000,1,1,1.0,1,2216.0,340000.0,16215.0,10455.0,53877.57,56338.0,16.0,4,16305.0,20095.72,125963.0,70,7,11346.0,77234.0,61572.0,12,36,59060.0,Y,1733.28,current,M,42,MEDIUM,6.6000000000000005,8,254.0,0,5.0
3221,16609,297522.0,9169.57,7509.01,14870.4,473.0,7694.0,1040.0,2.0,66,50,1,27,17,53000,1,1,1.0,1,36122.87,113751.39,6100.0,-6885.0,28105.04,17894.0,69.0,2,122017.65,30476.0,112350.35,1,36,33472.0,72331.9,62131.0,3,10,199581.0,Y,66.49,current,M,33,MEDIUM,11.700000000000001,1,249.0,0,14.0
3222,14518,139764.0,5737.0,2814.0,11518.64,7782.0,18304.59,9530.01,26.0,46,6,48,3,5,293000,1,1,1.0,1,4834.55,60481.0,24250.0,5464.0,72444.0,24494.0,5.0,1,40800.0,15279.88,41875.0,6,17,22861.0,71325.08,85665.0,1,50,57343.0,Y,15643.03,current,M,27,HIGH,3.5,9,249.0,1,18.0
3223,15740,327345.0,8674.0,1557.0,2091.92,14707.76,11449.155,2878.0,6.0,128,4,12,11,6,525000,1,1,1.0,1,1910215.0,35421.67,1515.0,553.0,48203.5,134059.0,36.0,1,4350.0,8445.62,21354.0,3,24,27500.0,25107.58,11841.93,4,65,28257.0,Y,1708.24,current,M,27,MEDIUM,2.1,8,683.0,0,15.0
3224,11996,13761.0,53448.0,346.0,20325.1,20531.0,4080.0,12868.0,8.0,6,10,4,2,3,494000,1,1,1.0,1,937.0,8000.0,11379.0,7478.0,101838.51,18830.57,35.0,1,57530.0,57563.63,30227.0,5,108,87330.0,47033.57,85092.0,6,3,48190.0,Y,3359.77,current,M,55,MEDIUM,24.5,5,683.0,1,13.0
3225,7594,299388.0,3564.0,2061.0,11229.53,5079.0,11631.19,10011.0,26.0,5,50,8,5,17,329000,1,1,1.0,1,9624.6,222222.0,2156.0,9415.0,7877.86,81191.0,16.0,1,154095.0,22061.78,51190.0,4,50,14413.0,17193.5,49567.0,49,0,23223.0,Y,4925.23,current,M,30,MEDIUM,7.0,7,685.0,0,10.0
3226,19812,13352.0,40561.75,32843.55,31263.31,2792.3,12032.6,14253.0,2.0,22,4,3,1,54,330000,1,1,1.0,1,937.0,1187335.5,16004.0,0.0,229419.5,41277.31,55.0,33,193672.0,20841.59,25339.0,0,171,87330.0,20972.88,16066.0,19,124,61743.0,Y,12949.98,current,F,30,MEDIUM,4.0,2,685.0,1,2.0
3227,14470,16825.0,18783.57,11739.0,14010.0,2210.0,50463.0,738.14,1.0,10,9,1,2,44,505000,1,1,1.0,1,57395.5,158000.0,20000.0,14509.0,22685.61,37634.0,7.0,11,22541.0,43311.83,34541.0,43,13,56421.0,22853.22,29232.85,5,38,41454.0,Y,1418.84,current,M,56,MEDIUM,10.8,7,485.0,1,18.0
3228,5808,1028.0,8025.49,5438.92,4797.17,4585.19,6202.23,1607.0,16.0,23,2,25,1,11,85500,1,1,1.0,1,204.0,340000.0,13533.0,2351.0,75115.75,73000.0,46.0,2,41500.0,193603.15,197749.0,4,67,25762.0,19252.83,96115.0,16,106,1215.0,Y,18198.28,current,M,29,LOW,3.6,7,445.0,0,5.0
3229,378,3041.0,1141.0,2044.66,8765.1,10463.0,7575.0,1821.0,10.0,1,74,1,1,8,50900,1,1,1.0,1,1270086.05,31730.49,26241.0,0.0,303391.0,48273.0,11.0,2,31396.0,26001.34,82904.0,4,12,32944.0,50139.0,40612.0,6,3,9297.0,Y,12826.96,current,M,37,LOW,17.0,3,700.0,0,12.0
3230,2958,3151.0,21719.5,5058.0,20448.0,6904.13,2627.34,11858.04,531.0,18,49,5,25,1,127500,1,1,1.0,1,4322.5,79828.0,694.0,-6885.0,15728.0,205608.5,38.0,3,43358.0,11092.42,2631.0,2,7,15640.0,35706.75,147542.36,93,42,28553.0,Y,13482.82,saving,F,44,LOW,2.4000000000000004,9,299.0,1,3.0
3231,19657,325754.0,7462.6,3571.0,51011.0,4576.0,24352.57,22433.79,6.0,5,10,19,4,3,199999,1,1,1.0,1,12057.2,35421.67,28913.0,0.0,5903.03,34968.0,36.0,26,26511.0,36960.28,299901.0,1,11,96358.0,24447.0,9457.71,2,27,31946.0,Y,3148.74,current,M,34,LOW,11.200000000000001,1,296.0,0,16.0
3232,1737,2429.0,28297.77,4736.96,5882.7,1031.0,6413.0,1127.0,6.0,85,67,5,17,17,256000,1,1,1.0,1,13849.4,128314.74,25000.0,5730.0,30222.25,65157.0,22.0,6,38751.64,2134.0,7918.95,43,7,193787.0,53971.54,45309.5,4,10,28990.0,Y,427.57,current,M,60,LOW,40.0,2,713.0,1,3.0
3233,9632,2117.0,6740.01,15886.0,6339.34,2701.06,5306.605,2629.84,2.0,50,82,3,1,56,170000,1,1,1.0,1,27730.68,109000.0,1633.0,6916.0,85171.16,65619.5,11.0,4,20669.0,88341.6,55626.0,7,82,27875.0,160374.77,73427.0,21,65,22499.0,Y,4532.82,saving,M,56,MEDIUM,7.2,4,324.0,1,5.0
3234,14461,16098.0,7774.8,82608.0,9876.71,3718.0,2857.96,6234.8,44.0,5,5,7,18,1,114000,1,1,1.0,1,4614669.901,234459.4,3975.0,7478.0,59660.25,8382.0,42.0,23,17019.0,27020.9,36014.0,4,14,112062.0,105491.08,22025.1,3,124,42500.0,Y,244.27,current,M,40,MEDIUM,18.0,6,656.0,0,5.0
3235,5328,961.0,32892.96,5197.0,4341.06,2223.05,9058.0,1016.0,44.0,3,2,20,45,81,169000,1,1,1.0,1,811.0,76365.24,73217.0,6613.0,43754.2,79783.0,18.0,4,30820.0,13035.75,293.36,3,12,95878.0,26351.41,34214.5,2,103,30159.0,Y,354.79,saving,M,39,MEDIUM,19.0,9,254.0,1,13.0
3236,481,2318.0,11965.5,2675.0,19375.92,909.86,8534.0,2537.74,28.0,29,30,1,1,17,524000,1,1,1.0,1,15939.83,31871.49,787.0,10210.0,610.5,16200.0,42.0,29,28344.0,75228.88,10070.0,6,44,44834.79,82286.44,68745.81,47,38,27300.0,Y,2414.24,current,F,47,MEDIUM,2.7,9,536.0,1,5.0
3237,10668,3245.0,5151.65,321.3,913.6,3892.52,1547.0,4651.0,24.0,56,14,20,2,1,256000,1,1,1.0,1,151000.0,11897.0,54101.0,19765.0,3084.56,21691.0,67.0,13,32396.0,24831.47,99373.37,6,84,21078.35,31038.15,18955.0,7,32,28436.0,Y,2271.12,saving,M,46,MEDIUM,10.4,10,867.0,1,17.0
3238,1623,15645.0,23354.88,10087.0,13770.08,676.5,12134.0,87.0,5.0,11,50,8,4,8,408000,1,1,1.0,1,47936.43,74599.9,1630.0,0.0,8730.25,44957.0,89.0,2,33249.0,35200.6,44472.5,3,20,31937.92,31866.33,50719.0,12,13,19554.0,Y,8786.83,current,F,37,LOW,5.1000000000000005,8,123.0,0,13.0
3239,19688,15650.0,6503.14,3964.75,156472.17,1204.0,1204.0,5715.0,57.0,71,7,2,1,7,53000,1,1,1.0,1,28.5,7194.0,96558.0,6885.0,27084.02,52192.0,55.0,35,53007.0,10561.6,38605.5,6,44,117511.0,27928.0,39689.0,49,36,45738.0,Y,783.94,current,M,46,LOW,20.8,7,299.0,1,10.0
3240,9614,207325.0,5189.69,210.0,12495.95,17010.0,21796.0,3922.0,7.0,10,30,1,3,13,430000,1,1,1.0,1,4552.0,191000.0,14904.0,-4664.0,22653.25,192205.0,10.0,43,25567.0,161898.39,62842.72,3,30,23896.0,157376.1,8983.0,2,1,32040.0,Y,10169.65,current,M,27,MEDIUM,2.1,4,485.0,1,19.0
3241,2205,7998.0,10495.14,219.0,10723.3,4838.73,5629.0,1004.0,19.0,23,35,60,16,1,255000,1,1,1.0,1,3575.5,95081.0,16215.0,-12179.0,10412.25,59034.03,7.0,26,147194.0,21033.25,75651.23,2,75,18170.0,222265.91,40801.6,58,13,26095.0,Y,4594.35,current,M,66,LOW,36.800000000000004,9,269.0,1,20.0
3242,19992,222264.0,4408.24,13741.0,1131.95,1878.62,3829.96,1676.0,6.0,85,117,2,4,2,268000,1,1,1.0,1,12057.2,84.32,300500.0,-5942.0,48135.5,15282.57,35.0,0,10190.0,27793.89,54110.0,70,40,17589.0,17201.63,68781.24,15,25,37505.0,Y,2500.32,current,M,50,LOW,9.0,10,537.0,1,18.0
3243,333,860.0,43225.5,3205.0,7799.5,5682.2,13515.775,5860.0,6.0,47,7,10,7,3,167000,1,1,1.0,1,196885.0,132324.01,1374.0,-4664.0,172700.03,20373.0,12.0,15,33150.0,21795.9,2374.0,2,6,21747.0,61348.05,40280.0,18,75,33898.0,Y,1644.98,current,M,47,MEDIUM,21.6,4,536.0,0,5.0
3244,3529,16129.0,99028.81,5845.0,2136.97,2233.0,3117.3,6829.18,531.0,3,23,2,1,47,423000,1,1,1.0,1,199690.5,138475.4,48500.0,5773.0,34774.95,79378.36,20.0,36,13756.0,60145.71,147891.0,5,82,281169.0,50906.91,72656.0,7,104,15769.0,Y,14540.8,current,M,32,LOW,6.0,3,538.0,1,15.0
3245,16137,20158.0,1446.0,22835.65,1524.04,12903.05,4615.97,8369.0,37.0,34,44,57,2,44,13000,1,1,1.0,1,8556.25,267421.4,5797.0,2351.0,26230.75,12660.0,2.0,5,16530.0,37224.25,32126.23,0,89,64429.0,23416.25,33493.91,4,65,55197.61,Y,5619.62,saving,M,29,HIGH,4.5,3,244.0,0,17.0
3246,4048,772.0,16721.445,4409.0,552.49,6288.96,7434.255,11800.26,6.0,22,87,2,44,22,315000,1,1,1.0,1,2184.0,290000.0,11545.0,167.0,202121.35,7251.0,11.0,30,78627.0,86841.42,85305.35,9,17,43134.0,229713.92,130482.0,10,50,133548.0,Y,1943.33,current,F,50,MEDIUM,27.0,2,488.0,1,3.0
3247,18747,5945.0,4844.0,15858.0,43838.01,2561.0,482.54,29164.0,9.0,10,49,1,36,98,303000,1,1,1.0,1,9462.2,22400.0,1143.0,0.0,51781.31,38126.0,20.0,4,29874.0,78474.94,35907.24,2,25,84650.0,46503.76,44457.25,14,61,102436.0,Y,6478.98,current,M,33,MEDIUM,9.1,9,799.0,1,11.0
3248,19201,9604.0,2608.56,10189.76,2919.8,17010.0,2628.125,3457.55,6.0,3,11,2,18,10,587000,1,1,1.0,1,1263221.7,7576.0,2214.0,5730.0,64298.51,90026.0,12.0,26,26650.0,33443.24,128181.0,3,20,28471.0,24137.73,56980.0,3,32,1575.0,Y,3014.81,current,M,60,MEDIUM,20.0,8,799.0,0,6.0
3249,8001,6254.0,3417.7,1407.0,10098.27,17306.0,14237.165,868.5,10.0,30,50,24,2,44,375000,1,1,1.0,1,10006.2,97000.0,68000.0,6441.0,20297.78,118106.95,67.0,2,25588.0,21078.0,29093.0,1,108,14501.0,30464.0,51124.0,3,15,23074.0,Y,1620.51,current,M,25,MEDIUM,2.5,10,465.0,1,12.0
3250,17585,15004.0,4012.065,19561.36,85440.58,12642.41,6353.0,1632.0,1.0,7,4,60,60,1,375000,1,1,1.0,1,80163.75,237365.38,183999.0,6885.0,34773.88,68105.0,89.0,15,40692.0,17483.0,27830.36,3,18,24320.0,225230.0,92091.29,8,83,14971.0,Y,41366.49,current,M,34,LOW,14.0,5,249.0,1,19.0
3251,341,20200.0,12603.35,847.27,3730.53,4906.0,27381.0,2726.0,1.0,77,69,44,1,41,13000,1,1,1.0,1,19265.4,375000.0,1374.0,5730.0,18273.99,108826.38,42.0,13,37231.0,28448.92,20023.0,3,108,85468.0,80189.0,19218.0,14,3,11554.0,Y,1098.14,current,M,42,LOW,15.4,8,958.0,1,4.0
3252,11709,167947.0,12078.0,195.21,2335.0,1297.84,16145.5,1247.43,52.0,39,60,3,2,1,378000,1,1,1.0,1,12057.2,100934.0,768.0,-6301.0,45442.12,14666.0,24.0,2,13822.0,177347.39,105740.0,1,171,496256.0,256984.21,117671.0,7,83,12778.0,Y,26.74,current,M,37,MEDIUM,8.5,5,244.0,0,8.0
3253,19390,12835.0,31767.0,7696.0,199379.84,4997.46,7150.0,7949.48,6.0,2,59,4,2,17,84000,1,1,1.0,1,684495.7,12971.0,6146.0,20513.0,10889.9,41206.91,55.0,17,102124.0,555389.69,35833.05,9,6,87753.0,56913.5,20548.66,5,80,26900.0,Y,1410.63,current,M,32,HIGH,8.4,4,911.0,1,10.0
3254,11430,216.0,691.66,8762.0,62415.0,2243.3,4998.0,5470.0,12.0,71,70,1,5,25,483000,1,1,1.0,1,685580.0,278904.9,936.0,10210.0,44747.85,42391.0,18.0,11,22848.0,52342.94,55241.0,9,20,164331.0,75674.25,31517.4,10,8,16187.0,Y,1446.02,current,F,47,MEDIUM,13.5,3,385.0,0,9.0
3255,4938,1260.0,9414.2,1350.67,9961.0,857.0,7337.0,3096.1,32.0,3,44,1,1,56,102000,1,1,1.0,1,138129.4,12971.0,15756.0,0.0,3912.25,7512.25,42.0,17,22091.0,34331.22,37049.0,2,35,45713.0,29767.75,36072.35,8,50,82457.0,Y,10169.44,current,M,25,LOW,2.5,3,883.0,1,9.0
3256,4508,11592.0,34224.7,138937.0,27641.64,1309.0,42425.055,47644.0,12.0,18,47,18,1,11,340000,1,1,1.0,1,153410.0,6.0,48500.0,2000.0,33136.75,44911.0,11.0,9,32009.0,5019.0,46272.5,2,75,14010.0,387881.79,63288.0,3,10,58716.0,Y,15086.1,current,M,47,MEDIUM,27.0,3,516.0,0,12.0
3257,14719,5516.0,11554.8,3159.0,27457.64,21080.44,4921.0,1848.83,101.0,85,50,8,1,31,402000,1,1,1.0,1,148705.0,400000.0,30011.0,-5998.43994,139852.04,19424.0,11.0,4,44500.0,28066.88,119909.36,0,20,27838.0,2115.0,51324.25,3,103,9679.0,Y,41805.09,current,M,51,MEDIUM,9.3,10,743.0,1,18.0
3258,13621,12424.0,31707.84,875.0,1132.5,3904.0,3908.0,7357.0,4.0,10,50,57,27,64,358000,1,1,1.0,1,6558.8,138475.4,13873.0,6916.0,11178.21,75540.91,18.0,1,10969.0,87861.63,55192.27,5,20,48928.65,14378.62,39728.93,2,11,39483.0,Y,1238.64,current,M,34,LOW,12.600000000000001,4,685.0,0,6.0
3259,4667,329194.0,35910.37,4416.5,33092.32,4691.0,17561.81,6205.0,2.0,10,60,24,3,58,315000,1,1,1.0,1,192428.25,30453.0,583.0,1500.0,7248.25,22061.0,2.0,14,60364.0,154393.1,25926.0,3,38,79384.0,65704.7,59014.75,6,11,155924.0,Y,942.97,current,M,34,MEDIUM,8.4,6,330.0,1,14.0
3260,17707,3097.0,4483.0,4299.0,34195.71,5597.43,33657.0,1967.0,10.0,10,50,1,55,2,402000,1,1,1.0,1,19087.6,54388.23,25728.0,-4679.0,12834.5,62209.0,12.0,5,37474.0,5715.24,12870.0,23,20,47590.0,69857.75,44777.0,8,18,24813.0,Y,1779.98,current,M,33,MEDIUM,13.0,4,593.0,0,2.0
3261,12550,6177.0,19369.9,10291.4,1521.0,6798.45,33056.0,8250.0,1.0,30,52,18,4,53,471000,1,1,1.0,1,11878.6,237365.38,500718.0,-5998.43994,19381.25,34563.0,36.0,19,9973.34,23420.5,95243.0,6,59,20460.19,79741.0,45456.0,58,83,24386.0,Y,1573.44,saving,M,67,LOW,9.4,9,737.0,1,20.0
3262,7101,25932.0,11866.53,5283.0,8210.7,420.0,5164.15,4957.28,1.0,9,53,2,3,6,378000,1,1,1.0,1,4140.0,12971.0,50000.0,2000.0,31706.89,12351.0,32.0,4,125229.0,14857.33,92744.17,2,82,11388.0,31856.7,32692.0,21,50,15082.0,Y,1110.0,current,M,33,MEDIUM,7.800000000000001,1,523.0,0,15.0
3263,9440,212860.0,14502.46,2185.6,2958.44,2876.0,9467.425,40728.0,6.0,20,35,1,18,3,845000,1,1,1.0,1,3575.5,227697.61,550.0,13135.0,77275.01,61544.0,11.0,2,70531.0,61110.0,3861.0,1,70,114389.0,99192.58,113558.0,6,24,2015.97,Y,78966.76,current,M,47,MEDIUM,27.0,7,537.0,1,13.0
3264,1273,1492.0,865.79,9528.12,4484.06,3908.14,11582.0,7898.0,10.0,29,6,8,44,22,114000,1,1,1.0,1,251938.45,42723.0,2644.0,-5998.43994,107245.53,386245.0,69.0,26,22706.0,53166.22,59718.5,4,14,6035.63,44284.63,24645.0,2,49,19351.09,Y,183.03,current,F,63,MEDIUM,30.1,3,805.0,0,15.0
3265,12951,10878.0,18363.0,251.0,3008.0,10397.78,10122.65,20823.0,531.0,2,48,57,1,16,447000,1,1,1.0,1,684495.7,111500.0,30071.0,20324.0,90054.8,95637.5,63.0,4,506.0,23847.0,29964.0,6,42,14395.0,40264.47,283880.0,47,83,6510.0,Y,91.4,current,M,37,MEDIUM,3.4000000000000004,10,655.0,0,9.0
3266,8846,17200.0,22229.24,232.6,1148.6,14539.0,754.0,1910.73,56.0,30,67,22,25,5,199999,1,1,1.0,1,8554.5,71944.5,11379.0,20513.0,60141.73,47049.0,77.0,33,17700.0,20830.37,19787.5,5,8,7732.0,10716.74,160430.0,12,80,29900.0,Y,25035.67,saving,M,62,LOW,16.8,9,633.0,1,14.0
3267,10751,167969.0,9265.98,814.89,7033.84,6841.3,20253.22,14864.17,4.0,29,30,2,7,16,190000,1,1,1.0,1,306961.5,636413.11,25000.0,2921.0,137726.97,54425.0,5.0,2,22038.0,43160.35,50066.0,3,78,23438.0,25383.56,36378.5,47,6,5309.0,Y,4188.1,current,M,53,MEDIUM,33.0,8,299.0,1,6.0
3268,15849,15606.0,56001.71,2340.23,23974.0,2738.0,17902.22,20418.28,6.0,18,82,1,4,8,447000,1,1,1.0,1,117168.65,42723.0,1727.0,9415.0,50313.75,8815.26,46.0,15,29507.0,45638.16,41091.66,9,1,77619.0,117681.13,33335.0,12,39,24276.0,Y,1656.29,current,M,46,LOW,5.2,3,123.0,1,12.0
3269,17706,6016.0,3423.85,5097.46,32728.09,656.67,22711.62,263.0,19.0,43,5,2,4,67,147000,1,1,1.0,1,12.19,409168.15,12337.0,9827.0,39050.5,10737.0,91.0,14,7778.0,35731.1,30220.0,43,6,11374.0,58174.75,48377.0,12,49,150006.83,Y,3916.55,current,M,60,MEDIUM,24.0,1,656.0,1,11.0
3270,11772,289388.0,30373.03,12901.18,3271.0,3914.66,5668.0,1697.0,64.0,10,86,3,4,1,25000,1,1,1.0,1,2184.0,784499.0,641.0,-6885.0,109764.26,29510.5,147.0,5,37545.0,43577.57,37504.0,0,4,30120.0,31263.62,36335.0,1,3,15340.0,Y,269476.45,current,M,30,LOW,7.0,3,805.0,1,6.0
3271,14252,24652.0,10357.0,5492.0,1671.0,9366.0,5268.0,11923.0,92.0,66,84,62,25,3,186000,1,1,1.0,1,46056.7,61022.63,30071.0,1500.0,44296.0,59154.0,7.0,2,32653.0,27513.85,85381.0,2,5,1650.0,163755.17,60506.0,39,83,14574.48,Y,7083.67,current,M,28,MEDIUM,3.2,2,867.0,1,2.0
3272,5244,15762.0,16590.58,3889.0,3092.0,9817.88,3536.0,3203.34,25.0,32,71,11,2,17,87000,1,1,1.0,1,3247.5,3.0,20887.0,2351.0,30827.81,51968.0,70.0,3,17384.0,32825.36,69879.5,0,108,20834.0,176394.48,38554.5,42,11,32100.0,Y,657.49,current,M,36,MEDIUM,11.200000000000001,4,258.0,1,2.0
3273,17534,11359.0,42549.15,4810.0,16171.13,10309.0,3194.52,15273.0,7.0,10,50,2,7,11,402000,1,1,1.0,1,544500.0,500000.0,73501.0,0.0,79347.98,14282.0,46.0,2,59103.0,113656.07,42905.5,31,50,72011.0,53452.05,67744.0,93,113,178274.0,Y,1749.29,current,M,42,LOW,19.8,3,911.0,1,3.0
3274,7274,296786.0,2798.49,5149.0,20150.36,329.0,26204.67,12743.0,1.0,30,49,10,1,1,402000,1,1,1.0,1,331.2,60040.0,925.0,4856.0,85228.96,36378.0,36.0,19,43754.0,20841.59,114318.23,4,14,14346.48,145835.41,15566.0,22,83,13299.0,Y,1534.3,current,M,30,MEDIUM,2.0,2,911.0,1,8.0
3275,17289,1390.0,85405.6,10140.5,44448.83,23542.0,4328.0,20133.12,531.0,9,61,1,4,56,75000,1,1,1.0,1,2.13,160498.0,508.0,4512.0,52409.73,33876.0,18.0,31,26259.0,100473.09,83031.0,43,11,40012.0,31754.8,122389.5,2,35,13689.0,Y,940.44,current,M,47,MEDIUM,18.900000000000002,9,249.0,0,8.0
3276,13006,6666.0,13637.24,1425.0,19349.81,9995.48,2918.0,11110.5,52.0,10,35,25,1,6,327000,1,1,1.0,1,72937.76,53749.0,15756.0,-5998.43994,22085.0,98160.0,6.0,4,35138.0,86118.8,38136.0,2,20,65353.0,15857.51,59052.0,47,25,41774.0,Y,3679.49,current,M,118,MEDIUM,78.4,1,921.0,1,9.0
3277,19212,16782.0,2111.0,1022.0,5579.15,10204.52,8754.125,1049.0,6.0,32,653,20,4,16,75000,1,1,1.0,1,2184.0,76365.24,3975.0,-4324.0,98486.7,53184.42,69.0,5,98600.0,6896.0,12574.0,1,13,38500.0,43919.58,37598.0,46,25,29985.0,Y,241.28,current,F,44,LOW,7.2,2,748.0,1,10.0
3278,9080,2465.0,3812.0,4524.0,13705.0,7419.85,26396.925,2973.0,4.0,10,52,47,55,70,595000,1,1,1.0,1,3380.0,446457.0,73217.0,14509.0,48391.35,132140.0,0.0,1,19718.0,29729.69,105836.26,1,2,40411.0,30950.04,121404.0,7,50,79751.0,Y,1109.89,current,M,32,HIGH,2.4000000000000004,7,836.0,1,8.0
3279,16770,300519.0,961.52,1810.0,24476.25,7366.41,745.0,5378.0,136.0,66,13,57,3,47,147000,1,1,1.0,1,3413.5,191000.0,3975.0,3897.0,23478.95,24087.0,11.0,2,19632.0,17590.7,19632.5,7,44,17237.0,44449.63,122412.13,4,6,54321.0,Y,24891.82,saving,M,40,LOW,10.0,10,626.0,1,6.0
3280,5667,19120.0,22482.22,4850.0,5855.06,730.0,5186.2,2204.0,124.0,10,67,1,1,47,533000,1,1,1.0,1,4834.55,25404.0,927.0,-3506.17993,61437.25,55114.5,82.0,4,19249.0,25769.76,77262.57,9,81,53250.0,187001.87,20783.0,4,0,25711.0,Y,1039.24,current,M,53,MEDIUM,29.700000000000003,6,809.0,1,6.0
3281,12357,14834.0,3844.35,4226.6,21147.91,10442.0,21821.5,3002.0,8.0,10,59,57,11,79,371000,1,1,1.0,1,57701.5,25404.0,4000.0,-6885.0,66374.36,18219.0,46.0,0,58439.0,15956.5,16423.0,3,50,18435.0,135257.63,20551.75,6,37,63082.35,Y,3933.62,current,M,28,MEDIUM,2.4000000000000004,6,710.0,1,16.0
3282,7339,5656.0,11322.08,632.0,3280.2,3271.0,3500.025,4869.0,19.0,36,38,8,1,5,25000,1,1,1.0,1,17377.25,5350.0,3975.0,173.0,24711.0,52566.4,10.0,6,22940.0,52938.58,115263.25,31,9,4455.0,384385.56,33200.0,94,9,4430.0,Y,12965.93,saving,F,33,MEDIUM,10.4,10,865.0,0,7.0
3283,7569,12860.0,17054.61,11027.0,5056.34,5118.0,8839.0,3800.79,66.0,2,50,57,18,1,85000,1,1,1.0,1,173732.5,120000.0,2156.0,1992.0,3205.25,92989.38,68.0,3,41760.0,44854.51,29392.5,31,35,100000.0,111330.4,64148.0,4,38,29146.0,Y,9925.36,saving,M,33,MEDIUM,10.4,6,867.0,1,11.0
3284,6649,10815.0,77733.96,74497.84,18833.95,13093.0,5584.0,1538.0,57.0,50,27,21,2,56,143000,1,1,1.0,1,306.4,785115.94,3000.0,2351.0,13425.65,75874.0,29.0,2,29364.0,160045.78,23821.0,70,14,16950.0,10325.19,30935.0,7,8,21505.0,Y,7793.59,saving,M,32,HIGH,8.4,5,922.0,1,11.0
3285,17310,3851.0,7952.79,8409.27,78777.86,8469.0,11726.0,3225.98,7.0,1,71,2,7,56,272000,1,1,1.0,1,1895.04,506383.85,12000.0,6409.0,67.25,39646.0,8.0,0,28617.0,13035.75,34466.0,1,13,21172.0,45699.4,152609.0,13,18,16879.0,Y,17023.02,current,M,36,LOW,3.2,6,249.0,1,9.0
3286,4227,284.0,59611.71,3138.6,69112.0,4887.2,4829.0,1885.0,8.0,84,50,3,1,11,524000,1,1,1.0,1,3030975.0,589.39,3570.0,6885.0,20798.67,41642.0,4.0,1,95899.0,20506.69,5180.0,9,14,148608.0,42419.0,57582.88,28,18,282034.0,Y,5094.62,current,M,33,MEDIUM,10.4,6,796.0,1,10.0
3287,16537,7347.0,6474.45,5489.44,8604.34,4027.0,3083.86,3440.53,43.0,36,87,2,1,5,567000,1,1,1.0,1,370776.0,162423.0,10973.0,6885.0,45290.81,5202.0,24.0,2,30120.0,23485.48,18293.5,5,82,83351.0,12696.0,152159.3,1,52,286150.0,Y,13264.5,current,M,32,LOW,12.0,7,233.0,1,5.0
3288,11696,362.0,23491.09,13494.0,48940.01,190.66,1223.12,13319.0,9.0,6,67,1,6,68,453000,1,1,1.0,1,76122.87,2625.16,155205.0,-5439.0,55775.52,51042.0,4.0,5,42795.0,41626.13,135492.0,23,5,1260.0,19219.0,35138.95,3,0,68552.0,Y,9053.91,current,M,33,MEDIUM,9.1,2,355.0,0,13.0
3289,10928,1316.0,60381.0,2666.95,3626.84,3755.19,8745.75,38792.9,26.0,30,10,2,16,80,403000,1,1,1.0,1,825.0,462000.0,26241.0,10210.0,11246.0,50319.0,12.0,0,33164.0,53470.0,157049.0,17,70,28147.0,184787.0,51029.0,5,11,34049.0,Y,1358.04,current,M,49,MEDIUM,5.800000000000001,6,805.0,1,20.0
3290,4294,3348.0,18166.47,242.0,2831.0,2327.0,50463.0,814.0,57.0,18,4,50,4,34,340000,1,1,1.0,1,45463.0,784499.0,3570.0,8723.0,48473.68,63491.0,36.0,3,96640.0,13487.1,21356.0,70,82,43264.0,25197.23,34125.32,36,0,67.0,Y,3683.82,current,M,33,MEDIUM,1.3,4,355.0,1,18.0
3291,2876,6783.0,12211.0,13543.0,1911.5,12348.14,9635.255,2297.45,10.0,11,50,1,1,17,199999,1,1,1.0,1,13180.0,11982.0,33330.0,-6301.0,112363.75,269745.0,16.0,4,20674.0,63588.37,34011.62,3,17,63112.0,133863.97,144581.91,3,58,28601.0,Y,4115.66,current,M,33,MEDIUM,1.3,3,448.0,1,19.0
3292,10351,10855.0,1481.84,14416.29,13285.86,40826.0,5661.0,3496.2,4.0,32,67,7,15,56,287000,1,1,1.0,1,67833.35,5439.0,798.0,1507.0,42753.07,13648.0,8.0,1,18285.0,58786.95,26081.0,1,7,180276.0,63929.22,22171.0,9,76,126970.0,Y,3293.58,saving,M,47,LOW,24.3,6,267.0,1,17.0
3293,1861,4522.0,7173.69,7925.0,2411.57,4026.0,18107.76,5408.0,7.0,17,64,3,27,54,520000,1,1,1.0,1,960000.0,201000.0,18257.0,3897.0,149817.88,85054.84,42.0,26,30673.0,94840.21,61853.0,11,12,27936.0,101558.95,17826.79,22,83,20287.0,Y,8249.08,current,M,56,MEDIUM,28.8,5,812.0,0,6.0
3294,16721,9628.0,8192.58,2342.52,56590.03,4550.86,14822.09,12108.0,10.0,10,2,3,6,1,302000,1,1,1.0,1,825.0,64491.0,3975.0,-5439.0,49033.79,31268.01,12.0,5,116875.22,6019.0,54310.0,0,81,70019.87,40219.08,59968.0,2,32,29348.0,Y,1266.53,current,M,219,LOW,59.7,6,372.0,1,9.0
3295,6105,19258.0,87693.39,7608.6,4634.0,4291.4,937.745,777.0,44.0,43,71,8,2,81,784000,1,1,1.0,1,3950.0,3084.5,12016.0,1429.0,34954.33,5079.0,77.0,36,107544.57,20783.5,28494.0,3,7,94102.0,22141.0,39551.0,2,72,39953.0,Y,256.58,current,M,47,LOW,21.6,6,643.0,1,12.0
3296,74,9736.0,953.0,3546.98,14634.0,4591.0,18274.0,718.0,3.0,18,19,3,60,67,293000,1,1,1.0,1,1664.4,470000.0,3975.0,553.0,28314.33,56926.0,43.0,0,27117.0,862819.88,78783.0,43,20,742.0,10434.0,60846.75,19,21,20903.0,Y,7566.69,current,M,37,MEDIUM,5.1000000000000005,6,708.0,1,5.0
3297,7808,19844.0,129317.0,17053.25,11160.04,729.0,582.8,23629.3,6.0,7,87,47,3,54,119000,1,1,1.0,1,331.2,165970.9,583.0,5340.0,26573.75,72850.0,42.0,35,20510.0,56094.15,38735.0,43,21,31482.0,27517.14,10733.0,6,80,16269.0,Y,8978.61,current,M,222,LOW,161.60000000000002,3,516.0,0,15.0
3298,2267,343053.0,31334.0,12154.0,16931.54,4122.0,5495.0,1706.32,44.0,83,48,8,18,67,345000,1,1,1.0,1,57395.5,6574.31,925.0,-4679.0,25902.87,16551.0,62.0,2,156049.0,108895.12,42681.0,43,20,23301.0,1548.78,145668.0,6,18,22849.0,Y,1316.38,saving,M,46,MEDIUM,10.4,3,243.0,1,13.0
3299,6718,12590.0,3423.85,7223.0,10051.25,4223.59,16743.5,7183.0,8.0,3,7,48,2,3,44000,1,1,1.0,1,2173459.0,170989.0,230000.0,7478.0,33149.03,459.0,9.0,0,22177.0,256917.75,67068.0,8,81,50634.0,37071.13,85071.58,2,11,29657.0,Y,880.0,current,M,223,MEDIUM,20.3,2,966.0,0,19.0
3300,5968,11099.0,16060.0,9676.0,11160.04,3985.54,4837.24,1751.0,5.0,65,50,1,1,1,466000,1,1,1.0,1,71020.5,52991.0,15756.0,2351.0,49737.01,18040.65,11.0,1,65299.0,255687.41,51603.0,11,12,34370.0,24254.1,43581.0,49,58,18541.0,Y,1711.53,current,M,29,MEDIUM,9.0,5,511.0,0,8.0
3301,8538,11596.0,9256.0,3964.75,7967.24,6918.92,8128.5,1779.0,19.0,10,27,1,3,20,524000,1,1,1.0,1,825.0,409168.15,183999.0,8572.0,179.25,65015.0,11.0,7,17145.0,22611.05,140185.0,3,11,110938.0,19081.65,28443.0,12,15,92083.0,Y,4354.47,current,M,29,MEDIUM,8.1,2,653.0,1,14.0
3302,9927,15869.0,42523.85,4426.0,9781.59,3757.0,64620.0,4171.04,1.0,3,5,4,2,17,303000,1,1,1.0,1,306.4,69370.0,33950.0,-5942.0,58129.03,101569.5,103.0,4,172283.0,58976.08,52230.0,2,7,120.34,34280.06,12665.0,3,113,28276.0,Y,40.28,current,M,37,HIGH,13.600000000000001,1,595.0,0,6.0
3303,19036,13214.0,24635.85,378.0,3715.845,1454.0,1468.01,3501.5,3.0,99,10,1,18,14,44000,1,1,1.0,1,166331.66,3084.5,28985.0,7478.0,42937.44,191.0,36.0,1,40632.0,11122.95,44393.0,31,12,29163.0,54550.52,134374.0,1,50,60337.18,Y,6400.47,current,M,39,MEDIUM,9.5,7,249.0,1,19.0
3304,12280,306237.0,10782.0,3258.0,24051.46,3823.0,3879.705,784.0,1.0,22,3,1,1,3,155000,1,1,1.0,1,21745.0,25404.0,5540.0,-5715.49022999999,68916.0,55292.0,70.0,7,26451.36,34221.64,28959.0,1,81,27673.0,34308.2,50575.0,3,61,168640.0,Y,11883.49,current,M,33,LOW,3.9000000000000004,7,802.0,1,10.0
3305,12882,288087.0,29890.33,1012.0,1601.0,3738.0,14844.81,23197.0,24.0,1,6,20,1,17,267000,1,1,1.0,1,506688.65,10701.0,24000.0,20513.0,239767.51,113019.0,62.0,36,62822.0,23051.77,18759.42,5,17,13599.0,6140.0,94470.0,2,113,31126.0,Y,3267.28,current,M,32,MEDIUM,12.0,6,331.0,1,17.0
3306,16605,317913.0,24615.19,15858.0,2478.0,6946.54,3051.75,167.0,4.0,29,60,22,3,1,369000,1,1,1.0,1,20177.4,76157.6,29542.0,553.0,40467.58,7484.0,11.0,2,60137.0,128825.68,3146.0,43,21,48621.0,63345.98,72558.0,13,8,18074.62,Y,18655.09,saving,M,66,MEDIUM,41.400000000000006,10,299.0,1,15.0
3307,6440,13569.0,15808.19,1285.0,3432.5,2098.0,6192.84,6086.0,26.0,84,29,2,18,79,505000,1,1,1.0,1,766011.5,42723.0,93651.0,5730.0,21063.66,54113.0,11.0,26,59304.0,199662.0,226762.0,1,40,107088.0,5272.54,204537.25,3,10,378.0,Y,3694.28,current,M,30,MEDIUM,6.0,9,385.0,0,14.0
3308,18132,2233.0,3723.0,4085.08,30842.74,6092.0,2173.0,27335.12,6.0,32,74,10,1,13,330000,1,1,1.0,1,825.0,376694.91,15756.0,1429.0,155795.0,540888.61,11.0,1,20043.0,16610.14,104709.0,3,13,34290.0,21769.77,20963.0,3,32,6997.68,Y,1838.41,current,M,37,MEDIUM,11.9,7,269.0,1,15.0
3309,19385,7644.0,13797.0,10117.0,60009.92,4618.0,27043.49,18067.0,50.0,10,3,6,1,1,293000,1,1,1.0,1,472.0,100934.0,2644.0,3983.0,19310.02,154243.0,55.0,5,197123.0,15355.0,115577.0,7,108,31051.0,40124.37,35780.0,41,15,2872.0,Y,6472.59,current,M,50,LOW,12.0,5,911.0,0,3.0
3310,16187,6685.0,15513.66,11056.0,2852.425,2337.15,6943.0,1470.53,8.0,11,30,1,1,2,421000,1,1,1.0,1,166331.66,186474.96,13873.0,1444.0,43093.49,31282.0,55.0,1,38800.0,51972.88,38216.0,1,171,32788.0,41600.0,5146.0,47,6,19838.0,Y,5216.0,current,M,33,LOW,6.5,5,445.0,1,20.0
3311,15876,14573.0,2102.0,534.08,31565.5,8132.3,1885.36,3962.0,8.0,36,3,21,24,62,371000,1,1,1.0,1,28482.5,180000.0,1630.0,-5998.43994,53891.45,15517.0,11.0,3,145953.0,21714.84,12109.0,5,20,44834.79,56650.6,1240.0,5,52,22850.0,Y,6284.72,current,M,53,MEDIUM,23.1,2,539.0,1,15.0
3312,10791,304116.0,12380.22,306.8,1246.85,1087.0,4381.62,1999.0,6.0,22,7,2,2,4,192000,1,1,1.0,1,111.0,15036.0,49975.0,0.0,140850.58,11179.0,62.0,3,15195.0,64195.0,27261.0,1,25,29046.0,72543.75,25876.84,9,42,22805.0,Y,30331.35,current,M,33,MEDIUM,2.6,4,488.0,1,13.0
3313,11479,15419.0,3891.93,1200.9,2116.81,1581.4,9145.97,4481.14,4.0,5,35,20,9,16,30000,1,1,1.0,1,41441.27,278360.16,12000.0,-5439.0,25130.5,76698.0,43.0,3,20832.0,33306.76,495206.0,8,1,28884.0,16157.19,47808.1,49,73,34058.0,Y,64612.41,current,F,34,MEDIUM,8.4,7,488.0,1,16.0
3314,14543,3900.0,78183.38,597.01,11342.9,997.0,10521.5,3292.0,24.0,30,5,1,2,30,481000,1,1,1.0,1,199690.5,201000.0,300500.0,-6885.0,8709.17,7726.0,42.0,3,34622.33,50549.52,19191.63,2,2,102800.0,22885.64,61092.1,9,0,15300.0,Y,505.54,current,M,27,HIGH,4.2,1,619.0,1,7.0
3315,1941,13032.0,14250.35,8828.9,3134.05,4364.0,5840.93,3184.0,5.0,65,29,47,1,6,315000,1,1,1.0,1,825.0,82907.34,16114.0,4856.0,326857.0,833981.0,42.0,5,23739.0,56514.0,63963.65,7,82,23948.0,17929.76,69915.0,7,1,31047.0,Y,6353.09,saving,M,46,HIGH,10.4,3,958.0,0,20.0
3316,16599,294758.0,125259.5,3922.0,3116.84,2133.79,8693.0,578.0,7.0,46,64,48,2,10,378000,1,1,1.0,1,526.25,82907.34,230000.0,-5998.43994,93047.9,65551.0,11.0,19,33048.0,64551.68,19607.5,6,4,19641.0,59334.48,48176.0,21,50,43890.0,Y,12298.68,current,M,42,MEDIUM,22.0,8,945.0,0,10.0
3317,10307,6281.0,7199.3,1042.0,2934.56,2841.0,25424.06,7584.02,66.0,77,50,4,25,1,380000,1,1,1.0,1,685580.0,110135.86,768.0,0.0,71634.63,17635.0,37.0,35,15168.0,11216.0,28757.0,2,17,12032.0,63472.03,180168.0,3,79,28553.0,Y,4583.09,current,M,27,HIGH,5.6000000000000005,10,805.0,0,20.0
3318,1031,3174.0,33153.18,11198.0,5294.79,1980.61,3977.0,6516.0,7.0,4,13,11,21,8,403000,1,1,1.0,1,384550.05,64491.0,15756.0,2000.0,42133.0,24659.5,20.0,1,50600.0,14484.0,95353.0,0,6,16676.0,43858.23,136081.0,117,14,44485.0,Y,2609.82,current,M,42,MEDIUM,4.4,9,858.0,1,15.0
3319,4983,105209.0,7880.96,5232.45,177713.2,2781.52,23512.0,2982.0,44.0,1,32,24,18,5,84000,1,1,1.0,1,720551.4,185097.6,565.0,2351.0,31017.62,73985.0,62.0,3,29990.0,479576.25,27443.0,43,63,24363.0,338910.17,70482.79,19,103,29601.0,Y,9126.98,current,M,222,MEDIUM,80.80000000000001,5,796.0,0,20.0
3320,3852,17668.0,16568.4,20258.0,16726.97,2959.0,14754.715,5296.0,2.0,5,32,53,5,34,54000,1,1,1.0,1,1220.0,150000.0,4895.0,-4664.0,10096.0,21584.0,35.0,2,19102.0,21786.86,8572.0,0,108,122476.0,163512.08,79380.0,6,38,15791.0,Y,3114.3,current,M,30,MEDIUM,8.0,8,372.0,1,18.0
3321,11367,7600.0,3797.0,8851.0,1725.75,1095.4,20209.0,8150.0,7.0,32,69,4,12,4,273000,1,1,1.0,1,5383.25,95000.0,130000.0,977.0,185656.56,6272.0,91.0,5,26302.0,108066.76,34126.0,6,7,56712.0,61297.71,7897.0,7,8,35788.26,Y,11413.01,current,M,28,MEDIUM,4.0,8,516.0,1,4.0
3322,11009,14727.0,43016.0,6568.4,9822.0,3375.61,1333.0,5019.55,5.0,9,35,57,37,1,650000,1,1,1.0,1,24832.0,71944.5,27809.0,903.0,65187.81,345.37,42.0,0,29758.0,398124.8,315338.61,3,8,61302.87,7338.34,20210.0,93,79,74122.63,Y,4085.63,current,M,220,MEDIUM,20.0,10,539.0,1,12.0
3323,19626,14953.0,5449.0,5938.0,18579.2,1752.48,5713.41,197.0,16.0,5,23,7,25,47,315000,1,1,1.0,1,130319.0,187788.1,25849.0,167.0,50152.0,34518.0,68.0,4,35606.0,43867.91,173503.56,4,171,51835.0,233676.65,108525.0,7,104,35697.0,Y,4031.45,current,M,42,MEDIUM,22.0,1,574.0,1,7.0
3324,18739,16071.0,1341.85,13199.0,25355.0,11110.93,21303.7,863.0,8.0,42,89,2,71,29,220800,1,1,1.0,1,124929.75,194099.3,11580.0,14509.0,100128.0,25245.0,2.0,1,26259.0,25909.98,82034.0,1,67,21141.45,137917.87,103893.0,6,120,149500.0,Y,757.45,current,M,35,MEDIUM,3.0,10,710.0,0,3.0
3325,2812,14662.0,10689.48,8615.96,7254.0,8120.0,5661.0,53481.24,2.0,16,38,20,3,41,337000,1,1,1.0,1,116122.65,15395.48,711.0,4512.0,507387.1,175472.88,11.0,36,335000.0,68881.73,42412.0,2,6,143769.0,64723.38,12316.0,12,61,25905.0,Y,10815.9,saving,M,27,MEDIUM,6.300000000000001,4,300.0,1,5.0
3326,15551,11658.0,17088.78,29373.0,2281.0,4782.0,4586.715,3328.34,29.0,84,5,8,2,17,173000,1,1,1.0,1,31454.1,159415.3,49975.0,-4679.0,21608.55,39136.0,18.0,26,17808.0,76595.49,13799.0,6,30,8470.0,80.88,58932.0,8,39,17902.0,Y,5590.91,current,M,25,MEDIUM,1.5,1,247.0,0,5.0
3327,15603,3622.0,9501.0,1532.0,12372.79,23542.0,2396.2,4957.28,6.0,36,38,50,5,5,129000,1,1,1.0,1,63073.6,31000.0,78309.0,5464.0,84259.83,63738.6,4.0,1,35955.0,37998.52,4216.0,6,46,10577.0,27056.5,57738.0,4,65,24667.0,Y,2978.81,saving,F,27,MEDIUM,1.4000000000000001,1,355.0,1,17.0
3328,18785,19956.0,6145.45,7776.84,10625.28,21195.65,9644.0,18956.0,56.0,99,10,57,31,8,212500,1,1,1.0,1,158135.2,172678.56,1633.0,-3506.17993,29948.98,24381.0,17.0,14,21258.0,10745.76,22297.0,31,11,7672.0,76059.26,1215.0,14,1,37240.0,Y,4149.23,current,M,33,LOW,9.1,7,507.0,1,14.0
3329,987,7421.0,2296.0,5113.0,4395.76,4337.6,5597.66,1956.0,26.0,84,7,5,1,10,375000,1,1,1.0,1,34648.75,232524.0,30011.0,6409.0,71403.19,88844.76,42.0,19,9999.0,753938.92,36866.36,3,7,10000000.0,123913.48,35476.0,11,68,396732.0,Y,3451.49,current,M,64,MEDIUM,4.4,5,566.0,1,8.0
3330,8008,5916.0,26552.0,5474.14,11922.84,13885.0,7921.49,932.0,6.0,14,49,4,18,20,20000,1,1,1.0,1,36368.7,64215.6,583.0,8723.0,50241.0,181530.0,24.0,13,87511.0,26412.16,165141.23,1,21,13747.56,89728.39,466925.0,3,58,127548.0,Y,405.5,saving,F,66,LOW,46.0,10,966.0,0,4.0
3331,629,8242.0,20906.62,210.0,16932.98,3100.0,39603.23,12743.0,8.0,84,50,1,4,30,75000,1,1,1.0,1,60800.0,446457.0,183999.0,2000.0,137432.34,29925.0,4.0,26,24100.0,34941.5,149122.0,1,8,14358.0,92542.37,1410.0,2,103,81202.0,Y,7896.13,current,M,47,MEDIUM,8.1,6,123.0,0,18.0
3332,13832,12102.0,69993.96,1421.0,21644.39,4622.32,4477.05,4911.0,20.0,9,29,22,55,55,167000,1,1,1.0,1,117168.65,3342.51,25524.0,5340.0,8110.01,25040.0,35.0,7,14909.0,44405.0,30227.0,3,20,42684.0,100355.25,151395.0,2,12,20736.0,Y,2697.8,current,M,40,LOW,8.0,2,809.0,1,17.0
3333,19136,16101.0,9644.2,9273.75,28954.66,23627.0,7909.27,4957.28,18.0,2,50,19,1,11,525000,1,1,1.0,1,942327.7,97000.0,16068.0,6916.0,72310.41,19248.0,4.0,7,25886.0,84794.17,73230.34,3,20,41283.0,34708.66,72088.0,2,18,43235.9,Y,896.26,current,F,47,MEDIUM,16.2,4,748.0,1,13.0
3334,11906,288524.0,12589.64,14134.39,2387.82,12875.0,1743.0,11110.5,6.0,128,44,4,1,98,524000,1,1,1.0,1,151000.0,108788.0,3975.0,-4679.0,336023.0,113853.0,2.0,3,3000.0,37377.25,42958.0,43,25,70019.87,39281.06,19683.0,6,75,39518.0,Y,1868.79,current,M,34,LOW,11.200000000000001,5,799.0,1,10.0
3335,8473,34030.0,9760.72,16877.5,4170.96,1500.65,18706.205,8023.0,2.0,2,59,39,2,2,134000,1,1,1.0,1,360978.37,300000.0,13873.0,-5942.0,24334.0,102545.0,46.0,19,35711.0,32613.47,78778.03,17,50,37019.0,110868.81,21045.0,4,36,83578.0,Y,1320.12,current,M,38,MEDIUM,16.2,10,966.0,1,8.0
3336,8721,35555.0,40891.0,4017.0,9304.15,1755.0,560.57,2216.0,5.0,13,23,42,6,5,462000,1,1,1.0,1,94643.15,87578.0,1001.0,-4664.0,2682.46,33439.0,9.0,35,26353.0,202441.75,336162.07,1,7,25134.0,124084.75,90387.0,6,3,14321.0,Y,9555.63,current,F,42,MEDIUM,2.2,9,536.0,1,12.0
3337,3917,82109.0,7154.56,16779.0,3419.56,1634.26,9093.0,1547.18,67.0,77,74,20,2,70,17000,1,1,1.0,1,715554.75,76365.24,8764.0,6885.0,570.0,41440.0,103.0,2,63887.0,23546.48,12449.0,4,171,64208.0,33747.0,33441.0,6,12,30499.0,Y,807.01,current,M,29,LOW,6.300000000000001,7,883.0,1,15.0
3338,19336,17066.0,3804.0,1842.0,21599.87,3500.79,8166.0,2351.0,6.0,30,7,1,55,39,400000,1,1,1.0,1,31454.1,429273.4,3975.0,9415.0,238745.43,33550.0,17.0,4,27736.0,12693.0,20283.0,2,2,37437.0,50520.6,34101.4,2,75,34593.0,Y,14653.27,current,M,47,LOW,24.3,6,445.0,1,16.0
3339,15751,2075.0,18254.08,5830.88,18809.26,16052.21,878.72,3782.0,24.0,85,49,3,18,17,461000,1,1,1.0,1,204585.76,118983.0,3975.0,5350.0,545443.11,114057.02,23.0,35,23396.0,21396.33,86360.0,3,171,23902.0,44255.62,128460.05,8,13,20969.0,Y,6125.91,saving,M,35,LOW,9.0,9,536.0,1,11.0
3340,7371,4886.0,19144.0,1090.0,5253.84,10307.84,21136.0,5378.0,12.0,43,61,50,21,3,408000,1,1,1.0,1,41883.6,560000.0,2214.0,3897.0,65672.0,115211.91,5.0,31,15440.0,26275.67,24429.0,1,2,127645.0,70147.51,21755.0,1,73,860.0,Y,171.63,saving,M,42,MEDIUM,2.2,8,805.0,0,10.0
3341,18771,23484.0,4537.01,297.0,2745.2,774.0,3273.52,1634.0,136.0,11,50,22,2,47,199999,1,1,1.0,1,39758.95,32000.0,51520.0,1465.0,67832.43,39213.0,42.0,0,20669.0,557.0,41699.0,0,27,24986.0,137119.36,65198.5,94,50,23795.0,Y,13482.82,saving,M,32,MEDIUM,3.6,6,623.0,0,20.0
3342,4125,2808.0,9769.9,8190.92,4465.44,11760.45,28428.565,4170.78,63.0,84,29,2,1,12,423000,1,1,1.0,1,2002.36,338430.0,711.0,20513.0,32262.8,60438.0,63.0,1,18392.0,18959.5,23118.5,1,4,65245.0,37717.17,16813.0,21,35,18640.5,Y,8877.71,current,M,35,MEDIUM,6.0,6,267.0,1,19.0
3343,6261,343727.0,28017.0,11076.94,13846.26,3939.0,15014.515,12468.2,8.0,19,23,3,15,20,100000,1,1,1.0,1,68908.5,200926.0,30000.0,2000.0,14876.25,21494.0,42.0,0,19454.0,9310.0,81511.5,35,81,19853.0,46859.94,35227.0,93,83,665.0,Y,8530.12,current,M,47,MEDIUM,27.0,7,957.0,1,20.0
3344,18839,3812.0,3313.92,2104.0,9004.25,4469.19,757.0,5072.0,4.0,32,50,60,26,6,524000,1,1,1.0,1,33664.3,610000.0,36114.0,-5942.0,64950.25,22038.0,38.0,3,25050.0,56012.44,15156.0,24,14,27953.0,41593.6,9007.0,3,63,40894.0,Y,940.3,current,M,28,MEDIUM,1.6,3,394.0,1,9.0
3345,13467,5979.0,14894.6,2702.0,2736.5,5653.84,8647.0,4018.52,8.0,128,72,30,2,1,199999,1,1,1.0,1,42460.6091,273221.0,29542.0,-4664.0,107245.53,33907.0,15.0,1,51993.0,6470.0,53135.0,2,1,57350.0,32498.63,57666.0,4,83,17670.0,Y,783.8,current,M,25,MEDIUM,3.0,8,865.0,1,2.0
3346,16859,8604.0,3492.0,4528.0,27355.93,2406.0,2370.0,214.0,57.0,14,1,57,1,1,244000,1,1,1.0,1,47024.8,60481.0,925.0,-4679.0,104421.47,36755.0,6.0,5,29710.0,22368.09,49951.85,1,20,13051.0,160535.69,31517.4,47,57,31133.38,Y,9739.84,current,M,29,LOW,8.1,10,723.0,1,3.0
3347,1321,3998.0,24224.35,6189.05,7136.0,34689.0,2138.58,6653.0,19.0,14,82,18,15,39,199999,1,1,1.0,1,41883.6,110135.86,24250.0,5340.0,328.95,109796.0,18.0,35,20171.0,72962.58,33026.0,2,20,17407.0,56813.91,39073.0,8,1,49994.0,Y,1311.11,current,M,33,MEDIUM,2.6,9,626.0,1,9.0
3348,10139,795.0,14172.07,1951.94,524.52,1871.0,1005.425,6768.17,32.0,85,10,18,2,80,272000,1,1,1.0,1,750.6,12789.0,1166.0,903.0,29700.8,869.0,11.0,1,475000.0,64041.89,108209.0,6,108,15985.0,64708.33,75540.0,4,3,252.0,Y,3605.48,current,M,34,MEDIUM,12.600000000000001,10,684.0,1,14.0
3349,2223,2344.0,23070.95,887.0,15952.75,6682.49,2465.43,11800.26,10.0,99,29,35,62,47,59000,1,1,1.0,1,151000.0,132324.01,13873.0,-5439.0,25051.75,97647.0,37.0,35,94000.0,32807.75,60463.0,5,7,144960.0,31784.32,387320.0,11,73,30520.0,Y,6398.23,saving,M,62,MEDIUM,37.800000000000004,6,628.0,1,7.0
3350,10413,8390.0,11557.5,2566.01,1204.43,11182.0,1031.0,17358.0,57.0,36,44,52,11,13,307000,1,1,1.0,1,46923.0,93.35,33950.0,3897.0,29042.17,106656.78,90.0,26,30928.0,16998.97,167287.0,31,40,22231.0,209316.81,55364.0,49,7,24191.0,Y,17489.19,current,M,40,MEDIUM,20.0,4,346.0,0,2.0
3351,12814,5978.0,1558.0,5714.0,6903.65,1830.0,16391.0,13272.0,531.0,1,32,47,7,79,302000,1,1,1.0,1,4720.0,12257.0,15477.0,1332.0,6911.25,19672.0,36.0,15,52831.0,9019.3,141580.0,2,20,60190.0,28337.95,56233.25,21,11,31069.0,Y,70.75,current,M,44,MEDIUM,9.600000000000001,10,723.0,1,4.0
3352,16650,8410.0,35057.0,60095.0,51169.8,1782.2,33452.55,8897.0,44.0,6,74,8,1,3,68000,1,1,1.0,1,63590.4,32714.0,15756.0,5773.0,23085.0,63548.0,7.0,0,73399.0,20555.0,43929.0,1,82,50634.0,8860.83,171754.0,94,8,16763.0,Y,15684.27,current,F,47,LOW,2.7,8,638.0,1,11.0
3353,3021,1965.0,4735.75,2225.49,26346.59,886.5,2704.6,1607.0,6.0,10,4,1,62,79,393000,1,1,1.0,1,15250.79,134000.0,29542.0,2351.0,50459.38,24479.0,11.0,4,87127.0,21486.25,2032.0,70,4,40071.0,80977.04,55676.0,10,14,146152.0,Y,647.8,current,M,58,HIGH,3.8000000000000003,10,503.0,1,7.0
3354,9762,701.0,23853.86,4402.0,2656.68,7717.0,5718.09,7949.48,14.0,42,71,2,1,39,429000,1,1,1.0,1,7089.7,110135.86,10271.0,-6301.0,65334.48,23414.0,18.0,4,214.0,139816.04,22935.0,17,108,42750.0,26657.84,28914.38,4,8,27048.0,Y,1481.81,current,M,44,MEDIUM,4.800000000000001,10,259.0,0,20.0
3355,5214,8983.0,762.0,1289.0,2741.5,100564.0,6421.6,11737.0,7.0,26,64,6,24,9,400000,1,1,1.0,1,5688.0,376694.91,33774.0,5340.0,31608.0,62087.91,10.0,35,32966.0,637205.07,5083.2,17,86,13864.0,9980.77,6353.0,2,12,49859.0,Y,906.87,current,M,40,MEDIUM,16.0,1,508.0,1,19.0
3356,17873,113824.0,5033.13,8525.0,17278.49,1005.0,39222.0,8560.56,8.0,30,64,52,45,44,381000,1,1,1.0,1,4140.0,32000.0,33330.0,0.0,32587.0,25373.0,4.0,13,20140.0,46136.53,31582.13,0,21,29846.0,57928.88,20408.0,8,27,25382.0,Y,2445.76,current,F,58,MEDIUM,34.2,8,974.0,1,19.0
3357,5042,1555.0,11843.9,11709.44,6392.92,3172.89,4109.0,1109.58,19.0,30,47,4,9,75,290000,1,1,1.0,1,33664.3,2436.91,8417.0,19453.0,483177.96,24234.0,4.0,4,15794.0,4160.0,22566.0,43,82,43436.0,11705.0,26330.07,3,83,31502.0,Y,2484.05,current,M,47,MEDIUM,27.0,2,247.0,0,3.0
3358,9781,9314.0,10697.0,15063.91,21164.0,10090.0,3180.4,1646.0,531.0,1,10,62,6,39,58000,1,1,1.0,1,39758.95,120154.1,105000.0,6916.0,38741.31,186000.0,2.0,5,12075.0,5076.75,129759.0,35,13,41283.0,80479.75,25981.0,3,65,28676.0,Y,7004.44,current,M,33,LOW,3.9000000000000004,8,700.0,0,8.0
3359,6484,13456.0,28464.0,1893.0,950.4,6533.13,6526.915,705.64,12.0,18,1,1,1,55,255000,1,1,1.0,1,5688.0,470000.0,30071.0,2337.0,146783.77,120152.0,42.0,36,59992.0,118840.39,137772.0,6,20,31501.0,4854.99,70135.0,1,12,24835.0,Y,17489.19,current,M,69,MEDIUM,24.5,3,809.0,1,19.0
3360,997,18989.0,19591.08,22835.65,3801.0,3823.0,41584.44,10111.2,2.0,81,71,18,4,81,44000,1,1,1.0,1,750.6,16000.0,500718.0,167.0,66266.25,138786.0,70.0,3,28974.0,34903.5,18746.0,1,82,40692.0,14802.85,20683.0,49,58,98716.0,Y,197284.49,saving,M,46,LOW,26.0,7,713.0,0,14.0
3361,19778,2314.0,27911.21,6751.0,27680.69,6166.0,4566.0,6032.0,3.0,5,7,47,25,56,481000,1,1,1.0,1,20747.5,68663.61,13533.0,7478.0,57765.5,9044.0,90.0,36,19326.0,22867.79,32723.0,17,46,20807.0,24450.74,47820.0,117,3,36607.0,Y,99671.73,saving,M,58,MEDIUM,15.200000000000001,10,485.0,1,19.0
3362,12053,16697.0,6911.0,3302.0,3730.53,287.0,605.52,9270.0,531.0,6,59,1,2,9,267000,1,1,1.0,1,123134.77,267421.4,30011.0,167.0,21331.51,19458.5,29.0,2,34664.0,57127.49,19045.63,31,50,28884.0,155055.53,24477.63,44,13,19338.0,Y,10095.76,current,M,33,MEDIUM,10.4,9,598.0,1,9.0
3363,12189,17055.0,35837.35,6201.17,22834.0,11448.52,41344.44,9684.2,44.0,9,7,30,1,91,173000,1,1,1.0,1,75240.45,251131.79,130000.0,-3053.0,48007.34,63069.0,46.0,7,44898.0,67019.0,24788.62,43,28,67994.0,27078.23,76509.0,40,58,15340.0,Y,16097.53,saving,M,33,MEDIUM,6.5,6,686.0,1,16.0
3364,16935,322665.0,20946.8,5424.0,15094.77,1084.0,1333.44,3328.34,53.0,601,89,1,25,10,371000,1,1,1.0,1,168.75,21698.0,1255.0,5464.0,24594.0,151397.0,69.0,15,28478.0,36227.69,98891.0,43,50,31320.0,232639.06,48882.76,14,12,24377.0,Y,3814.97,current,M,35,MEDIUM,4.5,10,355.0,1,6.0
3365,3624,168097.0,10968.54,1070.62,8889.05,4557.0,20963.92,1089.0,7.0,3,50,4,2,4,147000,1,1,1.0,1,81284.7,80489.0,105000.0,12174.0,51909.25,25271.0,91.0,2,22480.0,94860.22,26274.0,1,20,62211.9,89195.07,148411.18,5,36,14879.0,Y,7051.88,current,M,28,LOW,5.6000000000000005,3,866.0,1,3.0
3366,4998,20055.0,8924.24,6580.0,838.05,4062.6,7700.0,1226.0,25.0,37,52,3,21,3,366000,1,1,1.0,1,8762.96,28000.0,3570.0,4795.0,136815.9,5252.0,46.0,9,142556.0,22102.85,211214.36,6,31,52392.0,28249.51,164853.0,2,35,493.0,Y,7970.12,current,M,51,MEDIUM,6.2,9,247.0,1,12.0
3367,3640,445.0,3956.96,1379.0,10079.5,10627.48,2373.0,7881.0,6.0,1,3,1,12,34,184000,1,1,1.0,1,843123.5,152664.0,2019.0,-4664.0,43250.13,69640.0,18.0,33,20832.19,51684.75,58338.0,9,20,13830.0,121549.0,44259.79,6,9,26756.0,Y,3530.18,current,M,47,MEDIUM,8.1,10,748.0,0,16.0
3368,5913,22422.0,2734.0,57.0,52090.7,8826.64,9653.48,1773.0,63.0,128,72,3,21,5,620000,1,1,1.0,1,22086.05,100934.0,1633.0,7478.0,71638.85,8518.24,16.0,2,29253.0,518.5,2178.0,24,82,65358.0,16662.0,262831.91,94,73,18730.0,Y,2088.96,current,M,60,MEDIUM,32.0,9,710.0,1,14.0
3369,2585,7234.0,4286.86,82893.0,2829.95,5816.0,7580.83,4893.0,1.0,71,64,3,31,98,784000,1,1,1.0,1,89908.8,680956.4,22000.0,5439.0,270190.45,132253.0,43.0,36,194049.0,37212.9,36743.0,10,12,47912.0,45249.86,24772.0,7,103,22293.0,Y,7937.05,current,M,30,MEDIUM,9.0,8,974.0,1,16.0
3370,44,6644.0,776.0,5197.0,12188.84,33420.0,38543.86,3188.5,63.0,5,112,3,18,1,738000,1,1,1.0,1,28482.5,545000.0,2019.0,0.0,24917.31,125839.0,11.0,2,38037.4,50422.07,2891.0,2,40,50985.0,25072.14,83487.0,3,103,26452.0,Y,12822.26,current,M,40,MEDIUM,18.0,1,523.0,1,9.0
3371,2115,2970.0,40400.0,1182.0,19213.95,1440.01,10882.82,8057.05,6.0,65,84,44,2,14,352000,1,1,1.0,1,270.0,5241.0,300500.0,12415.0,27879.0,50011.0,46.0,7,15676.0,7472.0,77323.0,3,82,23488.0,81801.68,44705.0,47,63,27820.0,Y,34670.95,current,M,58,LOW,22.8,4,123.0,1,18.0
3372,10556,2783.0,4956.79,1994.0,4418.01,488.0,1765.93,10542.0,29.0,71,82,30,25,44,256000,1,1,1.0,1,20747.5,6.0,68000.0,6916.0,26589.26,36378.0,86.0,4,20668.0,12876.0,87375.0,5,8,78267.0,96547.71,360341.76,47,10,38578.0,Y,18734.7,current,M,35,MEDIUM,9.0,2,945.0,1,4.0
3373,7395,5151.0,2924.0,3236.16,12736.85,887.33,2127.0,936.06,5.0,42,82,1,2,1,226000,1,1,1.0,1,47936.43,119451.0,68000.0,5439.0,69537.37,53968.0,16.0,13,110842.0,49007.2,71102.0,3,13,7384.0,50455.75,109713.0,4,22,131623.0,Y,23372.4,saving,M,47,MEDIUM,2.7,9,516.0,1,15.0
3374,4540,321441.0,2733.21,21328.0,16017.715,8686.0,6714.375,6294.0,92.0,5,50,62,24,54,427000,1,1,1.0,1,209110.5,390700.0,492.0,6916.0,44479.48,23255.0,2.0,28,20613.0,15627.18,30759.36,0,70,23741.0,12205.36,45427.0,2,12,23388.0,Y,4980.52,current,M,38,MEDIUM,9.0,7,353.0,1,12.0
3375,7739,19891.0,33763.66,2720.05,35029.0,5204.0,6680.0,1799.0,92.0,5,110,8,1,98,70000,1,1,1.0,1,11878.6,119898.8,24619.0,20513.0,98486.7,92906.0,42.0,36,53700.0,101515.76,72466.0,2,81,38028.0,49714.87,37442.48,22,39,22480.0,Y,430.81,current,M,34,MEDIUM,9.8,9,866.0,1,14.0
3376,12561,9093.0,1219.0,1921.0,944.0,10204.52,16145.5,6301.25,136.0,65,67,3,6,39,134000,1,1,1.0,1,68640.0,2625.16,14754.0,6916.0,44653.74,114719.0,32.0,4,392477.0,236345.57,32895.0,1,25,2410.76,278112.23,40640.27,4,12,10903.0,Y,36141.77,current,M,35,MEDIUM,15.0,9,270.0,1,13.0
3377,13948,328904.0,10653.83,8494.03,8809.17,180.0,24352.57,823.0,531.0,46,71,1,1,42,139000,1,1,1.0,1,46451.38,462000.0,16114.0,10210.0,22604.2,64279.0,77.0,4,24296.0,23758.5,41327.0,2,108,24685.0,129910.0,156419.06,9,75,14577.0,Y,0.2,current,M,35,LOW,15.0,5,814.0,1,19.0
3378,3226,9065.0,10288.1,1963.0,5946.01,5991.0,11174.0,779.68,10.0,26,59,1,1,3,300000,1,1,1.0,1,76.0,152664.0,787.0,0.0,33717.77,173089.0,77.0,1,30658.0,14617.08,76139.0,11,18,24495.0,85710.68,577.0,3,12,24514.0,Y,11426.6,current,M,47,MEDIUM,16.2,1,748.0,1,7.0
3379,19451,19197.0,34386.39,9089.0,19486.5,4320.18,63794.0,4784.32,1.0,43,6,24,25,1,369000,1,1,1.0,1,55458.53,182359.2,25639.0,-5942.0,25666.88,9969.14,42.0,36,44137.0,290681.09,35602.0,4,9,82512.0,38284.41,69193.0,117,26,31069.0,Y,2322.5,current,M,47,MEDIUM,24.3,3,372.0,1,10.0
3380,9625,20408.0,20848.605,1027.0,14622.5,1573.0,379.48,2923.0,1.0,37,3,5,2,12,423000,1,1,1.0,1,7089.7,105000.0,2019.0,167.0,25374.42,90017.0,90.0,23,25040.0,28203.4,78373.0,2,20,109775.0,207087.0,68745.81,11,32,19317.0,Y,4553.41,current,F,30,MEDIUM,3.0,6,249.0,0,20.0
3381,19576,16333.0,49990.02,6007.79,8316.95,13234.0,1959.965,1292.95,5.0,31,50,23,44,1,59000,1,1,1.0,1,10535967.5,537476.4,1166.0,-5715.49022999999,27559.0,26662.0,55.0,1,31334.0,58926.0,103391.0,1,78,36991.0,277038.7,400787.0,2,18,3400.0,Y,882.47,current,M,53,LOW,26.400000000000002,4,516.0,1,2.0
3382,14188,419.0,6155.07,10529.89,8020.0,8897.0,66874.0,8560.56,1.0,10,3,1,1,8,564000,1,1,1.0,1,530797.35,7216.53,12337.0,12299.0,7150.25,19036.0,42.0,1,42386.0,8824.06,186978.0,1,59,80045.0,42467.5,36179.58,2,17,134946.0,Y,2670.77,current,M,67,MEDIUM,9.4,9,708.0,1,12.0
3383,11910,10875.0,8370.0,7663.85,8220.4,4505.0,3591.0,4895.0,8.0,9,44,10,56,13,140000,1,1,1.0,1,417.0,32000.0,11580.0,10210.0,187407.64,530660.0,16.0,7,102124.0,45350.45,61887.5,4,11,16540.0,33321.46,131180.0,12,57,33069.0,Y,686.93,current,M,60,MEDIUM,32.0,4,538.0,0,11.0
3384,10588,7864.0,2221.5,2515.0,590.0,4264.0,23956.25,628.0,6.0,34,4,4,51,44,461000,1,1,1.0,1,173732.5,57345.0,1036.0,4512.0,44743.75,81043.0,36.0,5,12340.0,256917.75,4284.0,3,81,197993.98,278347.01,25452.0,5,9,9094.0,Y,79975.4,current,M,32,LOW,12.0,6,858.0,0,16.0
3385,2638,11665.0,29547.72,5507.4,12266.28,1590.0,3326.0,16597.0,50.0,18,70,25,18,10,134000,1,1,1.0,1,88.0,15000.0,300500.0,1992.0,64904.66,21289.0,69.0,2,65492.0,101374.76,90199.0,3,21,168000.0,95072.05,20230.0,117,58,21038.0,Y,9037.46,current,M,30,MEDIUM,8.0,5,233.0,1,3.0
3386,18589,16770.0,14210.48,6220.29,2762.23,4337.6,736.54,4732.0,4.0,65,49,8,4,11,784000,1,1,1.0,1,99984.83,134890.0,12016.0,5464.0,2074.0,35204.0,22.0,4,20242.0,445795.94,2891.0,5,25,19641.0,8433.28,27867.9,18,73,99995.0,Y,3199.4,current,M,31,LOW,7.7,4,864.0,1,16.0
3387,13342,12615.0,53219.15,814.0,22296.6,6710.61,6045.69,3410.73,2.0,4,19,2,5,70,599000,1,1,1.0,1,9462.2,482147.0,6000.0,10210.0,80461.37,71866.88,36.0,5,50960.95,52151.0,74357.0,0,44,54377.0,31919.15,2029.75,42,80,44239.0,Y,135.08,saving,M,33,MEDIUM,10.4,4,454.0,1,17.0
3388,7963,302141.0,11151.92,8762.0,822.0,25073.0,12748.08,2338.0,23.0,10,13,48,55,1,138000,1,1,1.0,1,3405.0,262178.09,550.0,10455.0,27204.67,391310.0,10.0,4,54001.0,88553.25,92315.76,3,16,29315.0,48226.36,34774.6,2,80,25789.0,Y,880.0,current,M,62,MEDIUM,29.400000000000002,9,883.0,0,6.0
3389,4615,9175.0,33954.43,29461.02,53998.38,2462.0,16911.215,2683.35,2.0,22,19,1,1,30,191000,1,1,1.0,1,2184.0,134890.0,16215.0,-5998.43994,49972.25,71961.0,11.0,2,34047.0,84685.73,33538.0,1,1,156312.0,8128.75,64079.0,38,96,50884.0,Y,7546.56,current,M,32,MEDIUM,3.6,5,801.0,0,11.0
3390,14192,3789.0,26949.04,16783.18,16653.57,3773.0,13652.0,1959.08,2.0,14,64,3,1,67,390000,1,1,1.0,1,140291.6,375000.0,800.0,5773.0,49385.0,15907.0,4.0,4,119741.0,12882.42,163.86,6,81,104687.0,77012.22,27016.85,47,22,38378.0,Y,3199.4,current,M,53,MEDIUM,6.6000000000000005,4,523.0,1,11.0
3391,14524,2792.0,3702.0,17362.36,33536.51,680.0,3624.0,3326.0,1.0,16,50,48,6,2,505000,1,1,1.0,1,4731234.6,5439.0,5905.0,-6301.0,15052.4,127943.28,35.0,19,19290.0,63850.31,90260.0,1,20,37023.0,186098.23,32778.0,3,9,21501.0,Y,7337.4,current,M,33,MEDIUM,6.5,2,643.0,1,7.0
3392,16695,298129.0,3696.38,6096.0,12919.17,15533.0,1261.0,26329.57,10.0,37,10,53,1,20,199999,1,1,1.0,1,8209320.0,12257.0,15654.0,-4324.0,51048.4,40180.0,5.0,1,23219.0,6321.65,67116.0,7,50,36968.0,35837.58,85128.49,3,22,60500.0,Y,5057.41,saving,M,30,LOW,10.0,8,505.0,1,4.0
3393,281,4898.0,80625.0,6068.0,24429.87,12486.47,3660.215,1005.21,53.0,26,38,11,21,2,44000,1,1,1.0,1,293418.75,134000.0,28912.0,8362.0,39482.29,45035.0,11.0,2,45583.0,34245.5,17809.0,30,44,20302.0,52248.74,33479.0,21,25,219529.0,Y,8631.17,saving,M,51,MEDIUM,3.1,6,534.0,0,18.0
3394,3873,6832.0,43463.26,6698.01,6118.99,245.52,6637.935,4619.0,8.0,67,87,26,21,17,256000,1,1,1.0,1,2.13,172678.56,5540.0,-6885.0,413.25,44997.0,5.0,35,119741.0,33442.5,17961.0,70,4,29461.0,52543.54,81555.5,8,32,82438.0,Y,2700.33,current,M,29,MEDIUM,9.0,5,748.0,1,3.0
3395,15476,1671.0,20005.6,602.01,7081.92,6702.4,11741.225,20169.3,18.0,5,50,1,1,1,423000,1,1,1.0,1,137260.8,27000.0,130000.0,5464.0,192277.44,70121.0,46.0,7,30933.0,7940.88,46587.0,1,13,10202.0,34907.26,56974.83,10,103,82655.0,Y,9698.08,current,M,222,MEDIUM,20.200000000000003,5,486.0,1,2.0
3396,10615,4300.0,148156.03,221348.0,21766.0,1247.84,10182.37,1816.16,531.0,6,7,1,4,3,134000,1,1,1.0,1,46451.38,251131.79,54101.0,20324.0,77069.25,25077.0,11.0,3,1855.0,116939.2,416.57,1,78,36400.0,93173.0,73381.0,3,26,34138.0,Y,5284.68,saving,M,58,MEDIUM,38.0,7,267.0,0,6.0
3397,10580,13226.0,8540.1,9699.0,5420.1,2512.0,4590.285,25768.0,26.0,34,4,53,1,68,300000,1,1,1.0,1,21220.0,315000.0,96558.0,19765.0,16378.01,29055.0,35.0,4,37308.0,698775.0,74437.37,50,63,38303.11,60832.6,28290.25,43,96,39677.0,Y,3448.84,saving,M,29,MEDIUM,4.5,7,628.0,0,16.0
3398,16844,286428.0,1007.0,505.0,21780.22,2590.0,8882.635,14701.0,1.0,26,71,19,12,98,375000,1,1,1.0,1,604365.0,267421.4,1374.0,167.0,17006.08,57165.0,20.0,7,29165.0,68835.76,45212.0,5,29,77836.0,113915.03,71060.8,18,11,102373.0,Y,18449.14,current,M,53,LOW,33.0,5,485.0,1,14.0
3399,1232,17957.0,7575.32,17106.94,11287.94,7986.4,16700.23,15479.0,1.0,56,52,1,23,67,75000,1,1,1.0,1,26218.0,71256.0,155205.0,3735.0,47625.84,78839.0,18.0,36,35843.0,10178.0,28503.5,2,50,37397.0,293132.53,66248.25,12,15,23789.0,Y,16857.89,current,M,33,MEDIUM,6.5,8,485.0,1,16.0
3400,19650,214743.0,1676.0,534.7,3698.09,13561.0,27132.0,3874.0,6.0,20,5,2,1,17,263000,1,1,1.0,1,1424.5,43397.0,98472.0,20513.0,142649.94,16280.0,46.0,13,21257.0,61579.0,38384.36,50,20,2951.0,18273.24,75279.0,12,10,46650.0,Y,14643.69,current,M,33,MEDIUM,6.5,7,506.0,1,19.0
3401,1997,292.0,10178.555,16779.0,6838.0,1866.0,22248.0,443.95,8.0,23,72,2,2,41,232000,1,1,1.0,1,2014.8,340000.0,54101.0,-5715.49022999999,87465.89,36554.0,87.0,7,21890.0,25459.46,34662.0,45,6,25484.0,146887.69,160187.0,4,72,61692.0,Y,620.84,current,M,66,MEDIUM,23.0,3,385.0,1,12.0
3402,9306,13996.0,53941.9,922.02,1147.66,3425.0,11929.0,4558.0,124.0,71,47,3,44,58,101250,1,1,1.0,1,51967.25,267421.4,1515.0,5340.0,20398.25,13572.0,11.0,1,50688.0,317350.4,103257.0,2,4,78089.0,16794.0,44914.38,117,12,65702.0,Y,2136.51,saving,M,33,MEDIUM,6.5,4,249.0,1,9.0
3403,15728,112118.0,14271.08,2117.6,6339.34,9138.14,9856.385,1959.08,19.0,67,38,2,9,81,564000,1,1,1.0,1,937.0,5350.0,3792.0,-4679.0,192999.59,63831.0,52.0,6,27686.0,25869.09,38542.0,11,69,16540.0,44297.44,315229.0,8,14,46548.0,Y,104770.2,current,M,38,HIGH,9.0,6,809.0,1,8.0
3404,12652,12568.0,35581.12,2686.0,3500.84,6360.0,2235.1,19108.0,3.0,84,110,3,12,58,169000,1,1,1.0,1,568.8,154121.9,24619.0,-5998.43994,31768.75,396435.0,42.0,4,16423.0,39026.1,4371.65,11,171,20004.0,37325.5,24190.0,117,39,21155.0,Y,111.45,current,M,51,MEDIUM,18.6,3,538.0,1,20.0
3405,12391,1279.0,997.0,4105.5,8676.0,24202.62,5638.195,3567.0,5.0,17,82,4,4,4,164000,1,1,1.0,1,118686.17,111500.0,48950.0,8362.0,47088.5,19836.0,32.0,2,19317.0,153483.58,311332.0,5,27,22575.0,77012.22,119391.82,9,14,25000.0,Y,123.79,current,M,53,LOW,23.1,3,700.0,0,6.0
3406,18214,138265.0,3954.41,10291.4,1577.42,50245.75,5334.42,12670.16,8.0,10,20,19,4,25,360000,1,1,1.0,1,12315.0,60040.0,4895.0,-4324.0,50320.81,25271.0,11.0,35,43960.0,56548.4,18947.0,8,4,58488.0,368153.85,228105.64,2,24,22383.0,Y,6521.53,current,M,58,HIGH,19.0,1,924.0,1,11.0
3407,6647,19228.0,2572.94,1020.0,1775.5,195.0,16013.0,10346.04,136.0,26,50,6,55,10,425000,1,1,1.0,1,1665.0,393201.39,12337.0,2921.0,33783.2,29729.0,32.0,17,22817.0,81961.73,5617.0,9,5,55083.0,28245.0,962.0,12,79,44172.0,Y,11391.81,current,M,37,MEDIUM,6.800000000000001,9,700.0,0,15.0
3408,11972,12172.0,25489.0,4982.0,66291.78,23116.0,4422.1,3795.0,7.0,13,19,47,2,4,44000,1,1,1.0,1,71020.5,470000.0,565.0,4314.0,326857.0,39589.59,5.0,9,30608.0,83981.47,18375.5,4,20,70086.0,5272.54,217731.0,10,38,21719.0,Y,2194.0,current,M,47,HIGH,8.1,7,805.0,0,8.0
3409,13559,28.0,22235.73,371.21,28368.54,3347.0,17874.0,6539.0,2.0,66,71,17,27,1,329000,1,1,1.0,1,544500.0,25404.0,25728.0,5350.0,185437.91,70703.0,18.0,1,13788.0,1470576.68,31057.0,3,59,37492.0,16441.8,30069.0,6,65,22912.0,Y,1603.02,current,M,28,MEDIUM,4.800000000000001,2,249.0,1,20.0
3410,9134,4853.0,14775.78,7484.0,8463.79,10683.43,27643.0,1027.9,43.0,34,29,7,2,34,408000,1,1,1.0,1,4834.55,64491.0,825.0,-4664.0,188.25,134766.46,55.0,3,95769.0,4614.71,204310.0,2,42,34052.0,32416.02,157121.0,6,49,62565.0,Y,5056.54,current,M,42,MEDIUM,15.4,8,867.0,0,16.0
3411,11086,3078.0,9837.0,11688.18,29248.29,2465.92,7632.46,4299.3,10.0,71,6,50,55,81,298000,1,1,1.0,1,124064.65,142608.5,51520.0,5350.0,38459.98,805.0,46.0,5,919592.0,51065.28,157888.0,20,14,27167.0,62973.76,33645.0,117,21,34272.0,Y,20514.99,current,M,53,MEDIUM,26.400000000000002,9,858.0,1,13.0
3412,5879,7440.0,37058.82,255.0,7735.0,4062.0,10807.5,630.0,7.0,84,7,3,2,30,87000,1,1,1.0,1,52506.0,369448.8,26241.0,2921.0,49752.25,31001.0,52.0,3,16550.0,399481.0,67116.0,3,49,36137.0,63032.45,22688.0,6,106,118515.0,Y,246.24,saving,M,33,LOW,13.0,8,454.0,1,12.0
3413,14209,2325.0,47468.82,814.89,5788.02,3952.94,5816.0,1843.0,44.0,83,13,1,62,10,34000,1,1,1.0,1,72383.25,165970.9,583.0,0.0,38145.23,27001.0,55.0,7,25906.0,35068.58,25251.0,11,8,106368.0,44545.21,42796.0,5,39,14394.0,Y,1036.79,current,M,29,LOW,4.5,10,354.0,1,9.0
3414,12843,7621.0,38004.51,996.0,21012.21,489.72,1983.76,1106.94,26.0,22,6,4,4,17,784000,1,1,1.0,1,506688.65,182359.2,12337.0,1245.0,60517.33,39410.0,11.0,3,32344.0,38227.78,6952.0,6,25,56960.0,20824.75,30869.0,2,58,16391.0,Y,7613.93,current,M,33,MEDIUM,13.0,1,753.0,1,12.0
3415,15980,11046.0,28150.0,12408.0,8062.04,1581.4,12091.0,1982.0,3.0,23,46,57,2,13,66000,1,1,1.0,1,5215.0,11772.76,24619.0,1332.0,11441.75,58392.0,11.0,19,80736.0,14933.62,20265.0,5,11,29198.0,4623.58,57607.0,21,83,80927.0,Y,606.01,current,M,35,LOW,3.0,3,801.0,1,7.0
3416,19086,10667.0,7705.54,6276.0,18583.54,6658.0,67063.0,6480.0,1.0,23,1,3,1,70,67000,1,1,1.0,1,24832.0,77965.0,73217.0,3897.0,41710.83,386245.0,77.0,1,102495.0,27848.75,24504.0,2,28,17606.86,18526.34,177630.37,2,83,29062.0,Y,259.13,current,M,39,MEDIUM,3.8000000000000003,2,511.0,1,2.0
3417,4530,402031.0,7073.51,40755.2,21313.0,767.0,5799.095,443.95,1.0,99,6,2,4,47,75000,1,1,1.0,1,568.8,267421.4,908.0,-5998.43994,29130.0,38709.0,11.0,3,50983.0,12683.53,74410.25,30,171,5500.0,141465.48,24262.86,6,36,36308.0,Y,14435.23,current,F,33,MEDIUM,1.3,4,863.0,1,7.0
3418,11356,12134.0,1534.0,1548.37,26757.91,2894.0,3662.0,4629.0,12.0,8,49,4,11,4,447000,1,1,1.0,1,10000.0,537476.4,1209.0,-4679.0,29292.56,16530.72,4.0,2,18807.0,15713.65,59082.0,23,69,21288.6,127901.48,172376.0,49,24,27035.0,Y,7566.69,current,M,32,MEDIUM,6.0,10,802.0,1,19.0
3419,12184,131877.0,6100.46,956.0,86293.27,1217.39,6308.0,1144.44,5.0,50,13,3,24,55,68000,1,1,1.0,1,12010.0,39833.19,16114.0,0.0,16592.89,42932.41,11.0,1,34363.0,11248.12,60029.0,0,81,40260.0,66866.7,48110.0,62,21,17587.0,Y,1177.83,saving,M,37,HIGH,15.3,10,488.0,0,7.0
3420,419,8538.0,4411.96,3548.0,11884.55,7949.78,5306.605,4327.0,10.0,10,11,48,8,47,461000,1,1,1.0,1,1399.9,64491.0,57899.0,5730.0,143262.25,111650.0,11.0,0,18168.0,66948.0,241.58,4,40,143880.0,98656.64,46627.0,10,24,38473.0,Y,3687.65,current,M,28,MEDIUM,6.4,1,428.0,1,14.0
3421,10587,6203.0,12133.78,8087.0,1976.92,2438.45,5207.7,3007.39,1.0,23,50,47,3,11,301000,1,1,1.0,1,510.6,370000.0,54101.0,14509.0,10179.58,87377.0,46.0,3,23519.0,79331.56,48207.0,3,13,32478.0,109072.22,31624.51,40,12,241979.0,Y,2329.13,current,M,44,MEDIUM,21.6,4,516.0,1,20.0
3422,3562,18463.0,5558.54,24657.17,1216.86,1448.0,8142.22,6790.0,44.0,10,47,18,1,47,337000,1,1,1.0,1,249060.0,3651922.3,954.0,-6885.0,36793.34,33814.0,103.0,26,25319.0,83627.85,28636.0,1,70,28868.0,54812.07,92389.75,9,35,21412.0,Y,32293.42,current,M,42,MEDIUM,13.200000000000001,2,922.0,0,16.0
3423,9153,4671.0,9574.0,5303.05,35830.21,2024.0,2234.5,7697.0,2.0,9,2,20,15,42,59000,1,1,1.0,1,293418.75,190887.4,7162.0,1500.0,49818.25,51320.5,39.0,3,13458.0,16850.64,84491.0,6,11,39978.0,87126.28,47938.56,3,106,59903.26,Y,2567.43,current,M,47,MEDIUM,27.0,2,267.0,1,8.0
3424,4606,2974.0,4086.5,3711.0,1607.625,1451.02,4584.0,9928.8,44.0,99,14,1,24,54,447000,1,1,1.0,1,4552.0,376600.5,6966.0,-4679.0,56314.11,24287.0,103.0,2,17774.0,74005.5,17961.0,2,8,181505.0,222750.46,44431.0,10,2,46457.0,Y,429.79,saving,F,38,MEDIUM,10.8,8,536.0,1,16.0
3425,12080,3087.0,3882.0,6578.0,10031.33,3602.87,619.88,3493.29,1.0,7,50,1,15,91,147000,1,1,1.0,1,12057.2,119898.8,23500.0,6409.0,27165.8,34434.0,24.0,5,36982.0,30480.3,19801.0,2,82,51874.0,12677.75,53445.0,3,49,27433.0,Y,6230.94,current,F,55,MEDIUM,7.0,6,355.0,1,7.0
3426,17799,404251.0,75983.83,6276.0,12796.73,9210.51,9030.105,39071.72,12.0,1,30,52,9,56,371000,1,1,1.0,1,50550.5,10947.0,10973.0,8362.0,49587.5,16874.0,40.0,9,82698.0,15081.0,57075.38,50,82,58170.0,111330.4,46190.0,19,11,89355.0,Y,188.65,current,M,27,MEDIUM,5.6000000000000005,2,245.0,0,19.0
3427,4156,20284.0,4331.11,986.0,3089.88,4266.0,48532.44,4824.38,2.0,71,74,10,2,5,160000,1,1,1.0,1,443.36,900000.0,5981.0,20324.0,42038.5,39905.17,55.0,35,25677.0,22289.0,468894.0,43,23,65967.0,67339.89,36335.0,22,13,50355.0,Y,1717.55,current,M,30,MEDIUM,1.0,2,950.0,1,3.0
3428,6500,20229.0,2092.36,1633.14,9634.0,1075.92,1707.04,1821.0,26.0,29,10,50,5,58,371000,1,1,1.0,1,137260.8,103000.0,30071.0,0.0,30490.53,345258.0,29.0,13,7400.0,153100.31,45461.0,2,108,35037.0,50139.0,23584.0,40,35,23326.0,Y,2124.59,current,M,223,MEDIUM,203.0,5,573.0,1,11.0
3429,3149,4839.0,1388.5,8203.73,27846.94,2243.3,2948.0,9563.03,6.0,10,82,1,9,39,491000,1,1,1.0,1,70310.6,67555.67,12337.0,0.0,14567.7,53759.0,42.0,1,34322.0,26120.1,117174.0,19,25,73960.0,274780.51,39064.0,7,13,21224.0,Y,2292.92,current,M,47,LOW,24.3,5,710.0,0,10.0
3430,12097,424.0,4609.595,3025.04,13257.81,124.31,749.0,2861.0,19.0,8,44,24,31,39,595000,1,1,1.0,1,167.5,118983.0,4000.0,5464.0,42097.82,11805.0,11.0,2,30578.0,11056.59,42213.5,5,59,21530.0,97302.81,50608.0,3,12,13657.0,Y,3541.45,current,M,47,MEDIUM,24.3,7,867.0,0,14.0
3431,15585,297783.0,31506.0,5873.0,21644.39,2249.73,7556.0,578.0,1.0,29,7,22,11,2,358000,1,1,1.0,1,5809950.0,3651922.3,3975.0,-5439.0,47121.47,150246.0,91.0,23,179027.0,155803.83,22792.0,1,87,16436.0,25606.0,28681.0,5,0,15088.0,Y,7542.51,current,M,30,LOW,9.0,10,737.0,1,19.0
3432,5769,86.0,13954.0,2043.21,1333.13,20513.0,3387.52,7602.0,9.0,43,74,1,2,8,423000,1,1,1.0,1,251938.45,470000.0,23160.0,-5715.49022999999,59430.59,81748.0,16.0,19,128708.0,242704.47,23380.35,24,82,9627.0,61938.26,162467.0,13,80,47934.0,Y,1324.33,current,M,40,HIGH,10.0,4,628.0,0,16.0
3433,10669,20181.0,16465.63,3546.98,8089.09,2386.0,50369.0,3795.0,4.0,9,14,2,1,41,20000,1,1,1.0,1,47024.8,110135.86,583.0,4314.0,27682.26,23653.0,29.0,7,24146.0,5311.27,27552.0,4,26,100.0,30714.22,745.23,43,18,594.0,Y,1247.23,current,M,40,LOW,2.0,2,683.0,1,6.0
3434,10287,18451.0,1360.63,1985.0,9879.97,2629.2,7315.52,10308.4,10.0,29,89,18,27,1,104000,1,1,1.0,1,54201.87,189246.0,908.0,1522.0,67322.25,9828.0,32.0,36,29647.0,24798.99,212690.2,2,8,31918.0,179545.08,629.0,4,13,31454.0,Y,912.39,current,M,31,HIGH,1.1,8,858.0,0,5.0
3435,4229,12880.0,7880.54,2072.05,3326.58,21195.65,21349.855,607.0,57.0,10,89,2,60,67,286000,1,1,1.0,1,41441.27,3342.51,20000.0,35346.0,38086.57,91052.62,55.0,6,11856.0,25895.22,10258.0,6,59,23661.0,237441.97,51916.0,49,13,111432.0,Y,1177.83,current,M,33,MEDIUM,10.4,8,258.0,1,11.0
3436,4646,17912.0,23010.28,15184.55,36679.77,173.0,34217.0,30180.0,531.0,83,3,82,4,34,301000,1,1,1.0,1,63073.6,93000.0,1036.0,20513.0,31287.95,315386.0,5.0,0,58800.0,15416.76,70871.0,70,11,18528.0,14175.33,47292.75,3,65,64560.0,Y,2644.15,current,M,56,LOW,3.6,6,270.0,1,15.0
3437,4335,5504.0,22542.36,1703.0,16737.69,5855.44,2493.0,2938.0,7.0,18,4,8,12,91,286000,1,1,1.0,1,139323.25,6.0,300500.0,-6885.0,20251.38,96638.29,40.0,13,159847.0,5887.53,307741.0,43,59,51344.0,162356.5,23937.0,4,12,27210.0,Y,2589.33,current,F,51,MEDIUM,31.0,6,259.0,0,15.0
3438,4796,8859.0,23055.0,1072.31,20247.0,5660.44,1828.44,3365.37,8.0,29,4,1,2,39,167000,1,1,1.0,1,52209.5,375000.0,6738.0,0.0,101630.29,32553.0,84.0,26,16691.0,18921.81,85746.0,2,34,30500.0,40805.75,123778.0,49,26,22556.0,Y,3820.31,current,M,55,MEDIUM,21.0,1,351.0,0,9.0
3439,12634,6843.0,5039.0,800.76,6212.86,2410.0,6744.0,2472.0,10.0,77,135,5,25,8,198000,1,1,1.0,1,546565.5,446457.0,68000.0,2351.0,59766.13,444.0,91.0,3,200005.0,120597.02,55511.0,2,78,103017.0,51030.0,42185.0,10,79,55530.0,Y,1522.18,current,M,30,MEDIUM,9.0,6,753.0,0,14.0
3440,11837,10615.0,7370.54,5113.0,16496.055,8929.9,12368.0,4781.52,100.0,4,117,24,25,1,461000,1,1,1.0,1,41883.6,57345.0,73217.0,1429.0,135176.24,28489.0,4.0,23,32895.0,35731.6,40961.0,11,29,18684.0,36021.14,30926.0,16,63,19583.0,Y,5838.39,saving,M,37,MEDIUM,5.1000000000000005,2,330.0,1,17.0
3441,12456,14222.0,9805.92,7592.0,5365.88,3507.92,9561.52,6693.0,8.0,65,6,57,24,55,100000,1,1,1.0,1,3380.0,138475.4,4000.0,5730.0,16070.84,47254.0,57.0,5,15195.0,101301.77,50081.0,3,24,22329.0,38824.0,78705.82,6,8,34049.0,Y,4100.46,current,M,31,HIGH,7.7,2,866.0,1,14.0
3442,7449,2811.0,24635.85,1401.35,4400.63,7513.0,30698.0,39568.0,26.0,4,82,15,6,3,525000,1,1,1.0,1,15279.79,105000.0,1727.0,903.0,24204.68,69732.91,11.0,1,2091.0,23824.0,31822.07,6,12,29060.0,73149.74,22456.0,8,106,22033.0,Y,18862.4,current,M,47,MEDIUM,24.3,8,684.0,0,18.0
3443,794,14974.0,10178.0,4898.0,1594.04,12535.0,54083.015,3593.8,60.0,32,2,47,18,6,150000,1,1,1.0,1,41441.27,12000.0,2644.0,6885.0,76570.0,39221.5,89.0,3,93732.0,16372.74,23554.0,1,11,31553.0,162356.5,24773.0,93,13,40954.0,Y,1466.23,saving,M,47,LOW,21.6,1,883.0,1,15.0
3444,7363,3562.0,13337.84,13992.0,3217.76,2462.98,42425.055,1114.0,101.0,1,32,50,9,79,28000,1,1,1.0,1,223000.0,760470.3,49975.0,-4679.0,47596.12,239978.68,36.0,7,19037.0,107463.38,35014.18,23,59,7476.25,48320.34,46556.79,13,103,38028.05,Y,82.48,current,F,29,MEDIUM,8.1,7,123.0,1,6.0
3445,15823,3640.0,4929.38,43191.12,9546.5,2243.3,10335.44,992.0,2.0,2,50,52,14,47,139000,1,1,1.0,1,6100.0,446457.0,925.0,3735.0,1106.25,132253.0,79.0,36,23276.0,32469.0,573.57,4,82,29516.0,98712.02,13225.0,4,38,25894.0,Y,8040.3,current,M,53,HIGH,16.5,2,259.0,1,11.0
3446,11957,12842.0,26579.82,1833.0,34864.99,396.0,7299.0,2125.53,4.0,16,74,48,7,41,481000,1,1,1.0,1,165907.57,76157.6,2214.0,5773.0,28614.88,25395.08,7.0,3,36219.84,53226.46,71651.37,0,20,79028.0,54913.12,20493.0,49,52,10040.39,Y,2178.23,current,M,38,LOW,3.6,3,640.0,0,15.0
3447,3397,16911.0,17135.88,1555.0,3116.84,12274.1,951.56,492.0,33.0,11,44,1,3,1,293000,1,1,1.0,1,10008.0,232524.0,492.0,1444.0,78325.7,28721.0,18.0,30,18719.0,22965.25,18599.0,4,89,202236.98,108064.92,29238.0,3,18,50140.0,Y,1009.07,current,M,29,MEDIUM,0.9,7,536.0,1,9.0
3448,16118,8686.0,4832.78,11063.0,51925.09,2017.2,6835.0,378.0,19.0,11,5,3,1,1,272000,1,1,1.0,1,75240.45,17000.0,34550.0,-6885.0,38033.0,103679.71,11.0,15,24496.0,15202.0,107481.36,11,20,242.0,56581.0,54981.0,6,12,82438.0,Y,4583.09,current,F,62,MEDIUM,25.200000000000003,8,626.0,1,10.0
3449,7356,3141.0,7828.0,2051.64,2714.5,1513.0,7354.74,2041.0,136.0,2,38,22,1,44,480000,1,1,1.0,1,960000.0,655638.0,2130.0,16455.0,1573.0,30055.0,4.0,3,20978.0,3578.07,117174.0,2,7,35083.0,90540.5,50699.0,47,3,16276.0,Y,5896.13,saving,M,32,MEDIUM,3.6,8,801.0,1,20.0
3450,18396,4395.0,33554.11,5845.0,2943.15,3828.35,6518.085,6069.0,29.0,32,74,2,5,34,461000,1,1,1.0,1,144293.83,197800.0,1633.0,12415.0,18246.13,52679.0,6.0,30,19102.0,22187.75,24596.0,1,27,36346.0,51770.75,25244.0,13,10,15473.0,Y,104770.2,current,M,47,MEDIUM,8.1,10,640.0,1,4.0
3451,19631,19884.0,13663.8,5821.0,6264.5,4336.0,4405.82,1090.0,9.0,19,44,52,2,79,411000,1,1,1.0,1,1377313.45,100934.0,23500.0,1332.0,19974.94,165814.0,46.0,1,31176.0,23233.5,5094.0,3,21,14700.0,11478.49,39263.0,47,21,29735.0,Y,9666.97,current,M,53,LOW,26.400000000000002,5,385.0,1,4.0
3452,1087,6704.0,2500.4,18294.16,8095.5,489.72,3935.42,732.0,60.0,85,9,1,46,64,70000,1,1,1.0,1,249060.0,45769.27,300500.0,4150.0,45455.0,28510.0,103.0,1,121645.0,5000.8,61619.0,5,6,31857.0,23652.38,81804.0,9,12,64138.0,Y,1077.08,current,M,53,LOW,19.8,7,249.0,1,3.0
3453,2367,11055.0,3159.62,81184.52,5266.28,1672.6,23281.25,19546.33,29.0,83,44,1,18,20,273000,1,1,1.0,1,526.25,157000.0,4198.0,-6885.0,49645.17,26497.13,55.0,4,10285.0,24555.25,95051.81,11,42,67900.0,90540.5,63771.0,5,18,25595.0,Y,5541.9,current,M,51,MEDIUM,12.4,5,538.0,1,19.0
3454,3249,17763.0,6753.92,9716.0,4391.53,173.0,1239.82,5378.0,6.0,27,13,50,3,5,481000,1,1,1.0,1,105453.65,14000.0,50000.0,171.0,84556.0,63956.0,79.0,1,24511.0,7169.66,34273.0,70,82,50226.0,22549.38,16582.0,3,38,25894.0,Y,9925.36,current,M,61,MEDIUM,12.3,9,860.0,1,13.0
3455,19409,12420.0,7669.73,690.96,3760.75,1940.0,17036.0,1497.5,5.0,6,35,2,55,4,533000,1,1,1.0,1,4140.0,51531.0,2019.0,0.0,16992.7,35839.0,3.0,3,49673.0,56490.02,78695.0,4,81,6162.0,546908.13,45235.0,43,50,79744.0,Y,1553.16,current,M,32,MEDIUM,6.0,5,867.0,1,11.0
3456,18045,276.0,22229.24,7484.0,10071.85,12486.47,3457.555,1929.0,7.0,26,13,18,21,98,44000,1,1,1.0,1,140790.0,51000.0,78309.0,277.0,783.25,118256.0,4.0,2,61156.0,134807.66,7733.0,0,84,93879.4,14220.02,37096.0,13,11,10813.0,Y,5736.66,current,M,42,HIGH,2.2,7,588.0,0,4.0
3457,13373,10498.0,3417.7,36242.82,3432.5,896.63,3004.5,4108.5,2.0,36,30,1,15,1,114000,1,1,1.0,1,70310.6,11772.76,15756.0,-5942.0,20909.19,73729.0,42.0,2,54384.66,43195.36,23445.0,0,70,21991.0,93214.34,42940.0,5,0,37260.0,Y,281943.98,current,M,62,LOW,21.0,3,247.0,1,11.0
3458,19807,5526.0,12540.6,4299.0,16772.0,1290.0,6897.0,1338.49,124.0,5,82,1,2,11,556000,1,1,1.0,1,12010.0,148150.33,13873.0,1444.0,17757.59,975.0,42.0,28,11420.0,27043.67,38814.88,2,20,9811.0,38431.0,4453.0,12,50,26665.0,Y,15275.08,current,M,61,MEDIUM,12.3,4,760.0,0,15.0
3459,18538,8127.0,2326.0,242.0,7038.0,563.07,5340.53,1766.0,19.0,99,4,10,2,30,13000,1,1,1.0,1,213557.15,251131.79,1266.0,5350.0,15015.47,78814.0,37.0,1,3546.0,76255.0,59354.0,2,8,51929.0,152209.23,48933.0,5,7,25529.88,Y,15847.92,current,M,51,MEDIUM,12.4,4,503.0,0,19.0
3460,4153,6698.0,9630.81,3877.53,10857.5,5256.59,4584.0,3461.0,67.0,26,67,1,1,3,47000,1,1,1.0,1,19265.4,230000.0,500.0,1444.0,46086.75,31607.0,79.0,3,29646.0,343921.75,574.0,0,25,106368.0,128206.62,32197.75,5,103,22349.0,Y,720.28,current,F,67,MEDIUM,23.5,1,628.0,1,5.0
3461,15972,3597.0,4043.84,3922.0,2570.89,12366.0,2262.925,700.0,8.0,30,1,1,31,6,232000,1,1,1.0,1,140790.0,10465.48,43798.0,5730.0,54213.57,15783.0,79.0,6,24262.0,596519.64,85003.63,2,108,34502.0,24976.38,130199.65,2,24,992.0,Y,2844.1,current,M,28,MEDIUM,7.2,4,647.0,1,13.0
3462,5867,116961.0,19591.08,14246.0,2353.37,1836.65,2030.0,1376.0,6.0,10,50,1,3,3,371000,1,1,1.0,1,98543.96,3342.51,8929.0,886.0,5894.77,63093.0,90.0,1,50721.0,50771.0,262783.0,9,11,25127.0,69087.82,40806.0,6,50,26826.0,Y,8039.72,current,M,36,LOW,16.0,5,700.0,0,19.0
3463,2554,214889.0,56429.46,644.0,706.0,5402.0,2983.5,413.0,31.0,8,89,62,2,68,104000,1,1,1.0,1,99984.83,42723.0,4000.0,6260.0,18727.0,164650.0,69.0,36,71300.0,10631.0,8174.0,11,50,26000.25,159385.49,59951.04,9,18,16594.0,Y,2826.41,current,M,118,LOW,19.6,6,394.0,1,8.0
3464,10361,5627.0,1167.0,6351.0,656.38,3755.19,2922.0,4462.0,17.0,17,38,22,31,13,119000,1,1,1.0,1,970271.35,560000.0,20887.0,173.0,51603.89,22981.0,2.0,11,20668.0,24777.16,287376.0,3,171,24566.0,114477.3,52521.5,117,100,32248.0,Y,2804.47,current,M,27,MEDIUM,2.8000000000000003,8,370.0,1,15.0
3465,3118,36043.0,36382.62,9877.88,86395.0,3359.5,990.0,607.0,5.0,84,5,48,4,13,366000,1,1,1.0,1,3070.5,29479.0,655.0,8572.0,41982.09,46680.0,39.0,1,64587.0,51989.13,29798.0,4,12,3480000.0,8635.5,41863.0,8,37,65470.0,Y,1819.91,current,M,64,MEDIUM,35.2,10,623.0,1,9.0
3466,2293,12062.0,5558.54,9364.0,19704.71,6563.12,693.0,1815.0,56.0,1,13,1,1,11,599000,1,1,1.0,1,871.5,400000.0,11545.0,1500.0,18298.0,24106.0,5.0,14,50364.68,14818.94,191043.0,20,49,29471.0,244352.22,302708.09,117,8,54110.0,Y,3743.28,current,F,29,LOW,5.4,5,799.0,1,6.0
3467,9196,10998.0,3235.19,1978.0,8714.5,10246.0,3064.0,38571.75,1.0,25,102,3,2,9,47000,1,1,1.0,1,291969.2,82907.34,24619.0,903.0,27555.25,85350.0,3.0,36,61167.0,45038.0,156446.0,5,20,43635.0,76059.26,73575.0,2,54,76922.0,Y,4800.0,current,M,222,MEDIUM,121.2,9,267.0,1,6.0
3468,2235,7232.0,794.0,9752.29,1911.0,733.0,9856.41,3384.37,3.0,34,53,18,17,3,16000,1,1,1.0,1,4839.6,393201.39,6146.0,6613.0,248890.04,20413.0,10.0,5,26519.0,211476.84,40071.0,1,46,52586.0,18633.6,7561.0,8,39,40709.0,Y,105.61,current,F,55,MEDIUM,21.0,3,274.0,1,2.0
3469,7509,7121.0,40937.41,6278.0,23479.63,6315.81,2400.46,2696.0,136.0,66,35,47,46,56,345000,1,1,1.0,1,105453.65,91747.0,5540.0,6885.0,44007.17,101228.79,4.0,2,35200.0,70059.33,65059.0,4,13,31687.0,48284.0,87104.5,2,80,120881.0,Y,8008.85,saving,M,66,MEDIUM,9.200000000000001,9,771.0,1,5.0
3470,9859,530.0,13828.26,10147.0,1840.5,2071.43,4047.0,589.52,56.0,99,44,3,2,98,109000,1,1,1.0,1,9118.35,1475000.0,78309.0,-4641.77979,42501.42,35374.5,6.0,36,17587.0,16331.19,33074.0,7,81,23488.0,48354.85,130232.9,21,58,40377.0,Y,13183.12,current,M,27,MEDIUM,6.300000000000001,9,746.0,1,9.0
3471,635,166661.0,3860.26,6190.0,25792.0,6755.0,14977.0,6358.0,2.0,8,47,5,3,4,186000,1,1,1.0,1,1940.45,120000.0,639.0,-5715.49022999999,5903.03,64190.33,43.0,4,27784.0,139505.14,83.3,3,8,23658.0,46040.92,164853.0,94,80,38088.0,Y,257.17,saving,M,63,MEDIUM,38.7,6,968.0,1,4.0
3472,18042,87399.0,7481.5,1559.0,4301.06,2700.0,164770.75,546.0,1.0,18,67,15,2,1,395000,1,1,1.0,1,58928.67,64491.0,711.0,9415.0,142487.0,135204.0,11.0,36,11989.7,75237.82,27785.0,23,171,27670.0,48459.49,18196.25,3,103,21461.0,Y,243.95,current,M,36,MEDIUM,8.0,2,505.0,1,5.0
3473,14952,3593.0,7598.89,3860.45,9420.62,11581.0,8876.5,1385.0,6.0,6,72,26,36,79,338000,1,1,1.0,1,51291.45,68663.61,90525.0,-4679.0,69456.92,234699.07,10.0,1,11515.0,30504.63,27214.0,2,13,21253.0,201693.48,31247.0,4,63,78742.0,Y,3761.29,current,M,37,MEDIUM,13.600000000000001,4,966.0,0,14.0
3474,6384,134459.0,7659.5,13451.35,11207.51,5825.28,8013.0,6870.0,7.0,2,27,8,4,98,100000,1,1,1.0,1,5809950.0,5000000.0,3000.0,5340.0,56605.28,52400.99,11.0,0,30397.0,45262.95,94346.0,3,82,43451.0,33534.75,32101.0,9,63,114707.0,Y,10486.46,current,M,222,MEDIUM,60.6,9,245.0,1,19.0
3475,1148,4877.0,4476.07,1339.96,8463.79,3078.75,5741.0,12743.0,5.0,36,16,1,1,1,199999,1,1,1.0,1,144110.45,46500.0,105000.0,35346.0,33024.99,52575.0,8.0,4,68695.0,4384.5,26821.0,1,34,32841.0,50538.65,27813.0,40,12,23255.0,Y,657.38,current,M,30,MEDIUM,6.0,7,355.0,0,18.0
3476,18378,10296.0,31839.26,3358.4,15141.48,1569.0,5738.5,8650.0,1.0,18,29,4,17,98,212500,1,1,1.0,1,825.0,43397.0,550.0,6916.0,23807.99,699.0,12.0,35,43797.0,19478.13,17645.0,6,24,143859.0,71672.0,31647.0,47,106,49989.96,Y,24469.9,current,M,29,MEDIUM,1.8,6,799.0,1,9.0
3477,11907,12822.0,6911.0,11217.0,33699.99,4833.6,6835.0,47769.21,52.0,10,13,20,16,47,523000,1,1,1.0,1,8762.96,17000.0,13533.0,173.0,22794.83,30153.84,5.0,6,41731.0,13811.06,225022.0,9,108,4950.0,110034.37,35391.0,19,27,38718.0,Y,5736.75,current,M,55,HIGH,21.0,7,882.0,1,18.0
3478,15937,6035.0,5324.55,17160.57,5310.0,772.0,2037.78,2951.0,2.0,11,44,8,2,54,72000,1,1,1.0,1,89104.12,95000.0,33774.0,0.0,13821.34,42128.0,42.0,4,26005.0,26103.0,29703.0,2,20,23071.0,399117.27,43581.0,47,104,40894.0,Y,8395.76,current,M,55,MEDIUM,28.0,3,883.0,1,14.0
3479,16113,16877.0,7375.19,7484.0,82876.0,1626.5,921.0,1771.0,26.0,84,86,24,14,1,114000,1,1,1.0,1,685580.0,41813.0,583.0,3897.0,51931.25,17350.0,4.0,2,35673.0,23165.5,112641.14,4,81,82666.0,53203.35,216.0,14,12,14492.0,Y,470.72,current,M,28,MEDIUM,1.6,4,505.0,0,14.0
3480,13098,12690.0,2790.02,1359.0,17599.08,2337.0,4014.0,6117.0,26.0,29,30,1,25,44,224000,1,1,1.0,1,104980.25,194099.3,1446.0,167.0,15074.45,39589.59,7.0,36,8643.0,8570.0,6023.5,50,14,46422.0,169168.92,27599.3,13,11,66.0,Y,2293.31,saving,M,36,MEDIUM,16.0,5,314.0,1,6.0
3481,13760,8391.0,5299.28,3394.6,15645.48,30843.0,13529.5,1616.0,56.0,22,71,18,2,30,255000,1,1,1.0,1,105453.65,24000.0,23032.0,-3625.0,80730.9,273907.0,42.0,31,57666.0,31405.16,93247.33,3,20,11111.0,119300.96,61482.0,5,18,23467.0,Y,64469.3,current,M,46,MEDIUM,10.4,3,867.0,1,7.0
3482,1136,330075.0,633.5,14606.34,2610.7,302.0,1115.0,2148.0,37.0,29,5,2,2,28,479000,1,1,1.0,1,449.01,132324.01,8333.0,1500.0,123019.3,57058.0,18.0,3,15257.0,41518.57,36154.0,2,23,7453.0,20763.12,12402.0,4,12,53523.0,Y,3802.06,saving,M,33,MEDIUM,2.6,1,355.0,1,4.0
3483,10136,60291.0,64375.0,6748.0,1999.54,818.0,9662.0,533.0,37.0,20,61,22,2,70,576000,1,1,1.0,1,4834.55,42723.0,1526.0,-6301.0,20637.25,56280.0,55.0,4,38344.0,24241.12,49490.78,6,20,28277.0,23710.0,22672.0,47,124,17399.0,Y,227.13,current,M,47,LOW,21.6,4,966.0,1,11.0
3484,10456,212489.0,29039.59,1921.0,15315.62,2057.0,6959.0,2590.0,53.0,25,74,5,3,91,510000,1,1,1.0,1,15279.79,191000.0,925.0,6885.0,34756.87,30176.4,23.0,2,176819.0,158154.66,27611.73,8,14,25927.0,41061.41,34054.0,40,58,61918.0,Y,21141.74,current,M,35,LOW,13.5,7,710.0,0,3.0
3485,10720,343248.0,6793.0,2863.0,10404.34,736.01,8647.0,1955.52,63.0,5,90,3,1,68,362000,1,1,1.0,1,720551.4,26884.0,14904.0,2351.0,64298.51,58529.0,11.0,4,35566.43,29655.7,49484.0,4,8,36456.0,42766.4,33097.5,21,49,35975.0,Y,18638.57,current,M,27,MEDIUM,0.7000000000000001,8,623.0,1,17.0
3486,13338,5219.0,15934.91,15068.0,1833.42,6864.0,14973.89,2330.0,3.0,71,46,3,14,98,134000,1,1,1.0,1,192428.25,1163405.86,130000.0,6613.0,110508.75,78814.0,67.0,4,16355.0,49018.03,189.0,43,104,93811.0,38326.87,39399.58,3,80,59859.0,Y,2718.74,current,M,44,MEDIUM,12.0,5,799.0,0,14.0
3487,1077,7899.0,3829.43,14550.0,4415.0,2191.0,1950.24,1140.0,5.0,10,35,4,1,8,524000,1,1,1.0,1,13659.0,15036.0,8060.0,2921.0,54349.83,95321.91,10.0,33,61134.0,231999.06,24072.0,6,20,60866.0,27372.79,166847.0,3,24,44948.0,Y,18717.09,saving,M,63,LOW,34.4,6,818.0,0,19.0
3488,2277,388611.0,5774.85,12701.75,4568.16,9334.85,32541.0,1369.0,1.0,17,49,18,3,47,358000,1,1,1.0,1,36122.87,794000.0,694.0,6885.0,32652.47,67600.0,9.0,1,9015.73,13796.85,108362.33,0,108,70186.0,76539.11,19897.0,6,24,6086.0,Y,5175.29,current,M,27,MEDIUM,0.7000000000000001,10,324.0,0,11.0
3489,2227,12266.0,33753.15,14674.0,31263.31,2381.0,672.0,614.0,10.0,1,29,25,4,54,272000,1,1,1.0,1,213557.15,42000.0,2158.0,2921.0,35891.6,74603.56,89.0,36,22134.0,11428.88,25679.22,2,11,15803.0,20999.0,20412.0,6,18,19889.0,Y,173.65,current,M,223,MEDIUM,20.3,9,355.0,1,10.0
3490,14109,19448.0,32632.0,10506.0,5444.85,3456.0,766.0,4328.0,2.0,26,59,20,2,11,525000,1,1,1.0,1,160.2,229809.2,49975.0,0.0,39377.41,377549.0,4.0,35,74425.0,18419.83,24429.0,5,8,33077.0,37222.96,2999.0,2,0,17440.0,Y,6820.43,current,M,33,MEDIUM,3.9000000000000004,6,860.0,0,5.0
3491,11235,14883.0,1426.0,2053.31,1547.92,9415.95,11194.805,2622.0,16.0,10,50,17,1,2,152000,1,1,1.0,1,225823.8,42723.0,5797.0,16455.0,164906.52,35252.21,11.0,26,43187.0,77083.49,26505.0,9,75,34440.0,71585.95,13412.31,4,76,69650.03,Y,350.61,saving,M,36,LOW,11.200000000000001,4,628.0,1,4.0
3492,7045,132328.0,19290.56,6990.5,2385.0,9665.0,9524.1,12042.09,1.0,1,5,25,1,1,54000,1,1,1.0,1,11073.0,1475000.0,925.0,35346.0,192064.42,134728.0,46.0,36,174843.0,40574.66,41318.0,3,50,17658.0,49156.24,577.0,8,76,32666.0,Y,1311.11,current,M,32,MEDIUM,12.0,2,708.0,1,11.0
3493,7670,19427.0,57460.58,18318.0,3343.56,9023.0,17949.67,7029.64,19.0,5,50,2,1,98,579000,1,1,1.0,1,180615.02,191000.0,23500.0,1332.0,36167.79,12569.0,16.0,29,149392.0,24350.63,77576.0,2,8,198500.0,61742.78,109845.0,21,73,24134.0,Y,9409.74,current,M,66,MEDIUM,32.2,1,748.0,1,15.0
3494,18085,10136.0,836.92,2076.5,10976.29,3952.91,11678.415,5229.0,3.0,3,29,4,7,47,104000,1,1,1.0,1,170590.75,197800.0,18389.0,12415.0,13057.6,44997.0,6.0,5,35711.0,23451.51,91899.0,3,108,214495.0,65566.09,45414.33,36,21,23795.0,Y,68.31,current,M,66,MEDIUM,9.200000000000001,3,374.0,0,11.0
3495,15735,34828.0,16196.0,4237.6,33092.1,825.09,15708.0,9854.0,4.0,26,2,2,2,98,784000,1,1,1.0,1,47.35,1034285.63,519.0,6916.0,16449.0,2886.0,69.0,3,45309.0,42265.99,230261.0,47,8,24527.0,9639.5,11162.0,21,0,179347.0,Y,6027.11,current,M,33,HIGH,10.4,8,523.0,1,15.0
3496,17262,224270.0,20662.77,3118.0,1035.86,1790.0,9635.255,20169.3,66.0,99,11,3,71,4,225000,1,1,1.0,1,60800.0,143000.0,15477.0,-12179.0,45594.36,69278.5,24.0,31,30110.0,48815.87,3210.67,9,69,35003.0,66874.44,98316.0,2,104,27569.0,Y,36141.77,current,M,42,MEDIUM,22.0,6,351.0,0,4.0
3497,4777,11249.0,6601.0,662.0,18307.69,2441.43,13407.0,5150.0,44.0,10,89,26,71,20,138000,1,1,1.0,1,2242.35,180000.0,18257.0,5439.0,64484.09,67335.8,70.0,36,19758.0,21782.72,33657.0,70,63,78199.99,43731.0,19054.0,58,65,26645.0,Y,989.03,current,M,47,MEDIUM,13.5,1,614.0,1,19.0
3498,3803,94004.0,89736.0,2370.0,22398.88,9215.19,3098.725,18174.06,17.0,99,62,10,2,1,378000,1,1,1.0,1,36122.87,64491.0,11511.0,-12179.0,361973.36,26041.0,18.0,2,36721.0,64771.4,301116.04,2,11,55083.0,50128.45,133752.0,62,58,20904.0,Y,1123.99,current,M,40,MEDIUM,16.0,3,505.0,1,4.0
3499,13862,92992.0,3881.14,1999.37,4083.95,10090.0,26372.925,7153.0,3.0,3,74,8,11,1,400000,1,1,1.0,1,81872.65,393982.1,22000.0,418.0,56616.57,80012.0,42.0,35,97268.0,113285.55,156090.0,2,6,34500.0,25527.5,192411.0,4,18,34612.42,Y,71509.31,current,M,30,MEDIUM,7.0,4,354.0,0,10.0
3500,18885,5894.0,15981.41,411.0,2958.44,5625.6,27087.0,10750.97,10.0,4,1,2,11,44,453000,1,1,1.0,1,1910215.0,119831.0,20000.0,24326.0,9180.37,85124.83,18.0,36,101773.0,35068.58,89558.0,6,8,38300.0,50364.01,38821.0,2,24,109349.0,Y,281943.98,current,M,33,LOW,6.5,8,736.0,0,10.0
3501,8754,295044.0,13097.65,16889.78,7526.41,2017.2,31768.62,29164.0,53.0,77,1,15,3,5,255000,1,1,1.0,1,604365.0,109000.0,925.0,-4324.0,25238.71,149202.09,69.0,3,18435.0,56425.99,22566.0,3,20,50340.0,19530.33,30599.0,3,133,2154.0,Y,5324.65,saving,M,27,MEDIUM,4.2,5,737.0,1,6.0
3502,14015,5958.0,15026.05,12880.0,6102.84,12633.0,8953.0,4466.0,57.0,36,35,4,25,98,670000,1,1,1.0,1,13849.4,330001.0,4000.0,10210.0,197566.4,61077.0,4.0,4,58677.0,12728.82,37422.74,5,5,19746.0,24751.0,20246.52,93,17,29788.28,Y,82160.62,saving,M,42,MEDIUM,6.6000000000000005,6,867.0,1,18.0
3503,487,2027.0,6292.0,4381.31,2637.0,3140.0,5718.0,2361.11,1.0,2,29,18,3,37,193730,1,1,1.0,1,6440.0,119831.0,643.0,2921.0,9982.65,40374.0,42.0,15,39379.0,22449.59,48305.86,70,49,30902.0,2263.0,140769.0,8,133,8950.0,Y,6922.63,saving,M,66,LOW,4.6000000000000005,7,445.0,1,4.0
3504,5564,6966.0,18931.0,2686.01,2873.09,1099.9,5191.45,908.0,12.0,10,82,5,2,17,27000,1,1,1.0,1,1665.0,91747.0,11580.0,-4679.0,26343.58,55584.0,4.0,33,65.91,218730.85,147607.0,47,34,58170.0,42491.59,322180.0,49,65,82350.0,Y,458.21,current,M,42,MEDIUM,17.6,7,536.0,1,2.0
3505,18447,15177.0,10605.54,5572.0,15592.0,812.0,8902.14,1439.0,19.0,66,112,22,11,79,100000,1,1,1.0,1,67833.35,280000.0,30071.0,1079.0,39932.36,57468.51,40.0,36,16496.0,22016.35,248362.36,0,26,67691.0,78441.25,35139.86,2,76,75957.0,Y,1247.23,current,M,30,MEDIUM,3.0,9,974.0,0,18.0
3506,11411,1505.0,13147.85,6972.37,5794.78,3109.84,45417.47,1994.32,24.0,9,50,42,3,14,595000,1,1,1.0,1,166331.66,560000.0,5905.0,4314.0,70345.25,27003.41,55.0,3,33891.0,130399.69,34486.0,9,8,46466.0,49037.92,176402.82,47,103,9640.0,Y,21895.84,current,M,34,MEDIUM,14.0,3,614.0,0,7.0
3507,19718,11656.0,12275.14,8190.92,20499.76,12633.0,6442.8,11110.5,12.0,1,32,44,1,3,430000,1,1,1.0,1,39851.93,100934.0,12560.0,2351.0,80824.33,55305.0,10.0,3,25637.0,32306.5,18198.0,4,78,49322.0,45015.44,1779.0,21,0,24821.0,Y,836.77,current,M,34,LOW,11.200000000000001,6,771.0,0,2.0
3508,19359,5686.0,5214.0,3704.91,1131.95,1227.1,1022.0,14238.43,57.0,6,87,42,1,68,450000,1,1,1.0,1,516.8,95081.0,787.0,-5998.43994,12886.85,27001.0,42.0,7,39471.0,21781.98,4014.0,2,7,22025.0,82723.43,166164.5,9,14,19777.0,Y,9434.34,current,F,222,MEDIUM,121.2,8,760.0,0,16.0
3509,16919,1805.0,8552.36,570.0,19403.87,7437.0,2122.0,1600.0,1.0,30,84,1,18,7,512000,1,1,1.0,1,39853.9,399.09,5981.0,-5439.0,22425.77,2160.41,89.0,1,19155.0,24935.13,246590.2,1,31,6423.0,111646.0,2805.0,22,22,74000.0,Y,20456.72,current,M,46,MEDIUM,20.8,2,249.0,1,2.0
3510,9670,8742.0,18470.32,18773.0,6710.0,7399.2,7940.77,2346.94,20.0,39,2,18,1,7,147000,1,1,1.0,1,331.2,138475.4,49000.0,-5439.0,40318.28,90102.0,23.0,5,39579.0,78350.21,18106.0,7,6,37353.0,64908.19,407449.41,2,73,32296.0,Y,6699.26,current,M,42,MEDIUM,11.0,10,799.0,1,19.0
3511,1099,18963.0,850.5,3527.97,10985.52,16014.3,2763.0,9092.0,1.0,6,5,2,2,47,173000,1,1,1.0,1,328504.5,42723.0,3000.0,7478.0,55587.01,116360.0,39.0,19,25563.0,26180.0,285429.5,3,50,11374.0,78469.38,82383.0,10,120,41392.61,Y,212.53,current,M,47,LOW,27.0,1,802.0,1,18.0
3512,7762,17399.0,8829.24,27835.0,13082.77,2462.98,19582.78,1449.0,50.0,8,4,42,55,31,391000,1,1,1.0,1,22712.85,117890.0,2644.0,5439.0,165986.22,84839.0,69.0,1,27672.7,62200.0,46014.0,1,108,101174.0,202688.12,4343.93,16,83,82438.0,Y,7755.56,saving,M,34,LOW,7.0,10,748.0,0,19.0
3513,13754,210894.0,8193.15,2963.0,8973.22,3036.0,5732.0,1693.0,5.0,6,60,6,4,3,338000,1,1,1.0,1,322.02,143000.0,49975.0,-5715.49022999999,165363.2,19896.0,5.0,2,7830.0,91651.0,40768.26,10,12,148280.0,61779.63,44815.5,4,68,158326.0,Y,7375.92,saving,M,37,MEDIUM,8.5,8,525.0,0,2.0
3514,2589,20155.0,86744.95,4616.33,6188.8,8212.0,2983.5,1209.0,12.0,65,4,25,15,56,567000,1,1,1.0,1,29424.37,13299.0,24619.0,5773.0,2074.0,144266.5,11.0,1,20248.0,105080.31,33759.0,70,82,75392.0,44318.0,32980.5,3,79,72881.0,Y,1320.75,current,M,35,MEDIUM,6.0,8,911.0,1,20.0
3515,14572,4569.0,13606.24,2489.86,9450.4,7260.5,8404.0,3771.34,10.0,26,23,47,55,1,184000,1,1,1.0,1,1105487.1,222222.0,105000.0,26601.0,38606.31,36367.66,11.0,2,131615.0,113946.13,30084.0,2,20,27477.0,32291.5,127099.0,94,24,28853.0,Y,1516.57,saving,M,69,MEDIUM,24.5,6,454.0,1,12.0
3516,6464,5404.0,7926.75,7716.0,27050.46,6864.0,2592.91,442.27,4.0,1,70,24,1,98,70000,1,1,1.0,1,13730.0,201000.0,508.0,-5715.49022999999,150108.0,17059.0,39.0,7,31009.0,18204.5,27758.0,6,14,136052.0,251475.85,63.5,19,7,24343.0,Y,13818.69,current,M,50,MEDIUM,24.0,5,860.0,1,14.0
3517,1342,133722.0,29375.39,1156.0,53998.38,10488.0,15782.75,3035.65,28.0,84,16,42,6,98,319000,1,1,1.0,1,213557.15,7194.0,10635.0,12163.0,432271.47,91082.0,16.0,1,9109.0,12374.48,16335.0,35,27,27646.1,38208.93,101350.33,4,73,517.0,Y,68220.46,current,M,62,MEDIUM,25.200000000000003,6,887.0,0,10.0
3518,13154,12978.0,45910.02,1432.0,6627.77,17570.01,2880.885,2111.45,531.0,32,50,1,15,98,124000,1,1,1.0,1,75240.45,95000.0,2644.0,6613.0,35210.62,164940.0,2.0,19,52960.0,41556.88,66321.23,1,38,31610.97,16633.28,77893.86,2,63,43206.0,Y,38347.78,current,M,25,MEDIUM,4.5,2,503.0,0,15.0
3519,11534,2527.0,14210.48,498.0,6239.41,1572.0,2017.0,1999.0,17.0,32,44,39,6,1,307000,1,1,1.0,1,937.0,46500.0,5540.0,10210.0,27381.5,79343.33,22.0,3,17160.0,152111.35,20765.0,2,44,29668.0,31207.41,531.0,7,11,20840.0,Y,14447.8,current,M,32,MEDIUM,6.0,5,859.0,1,13.0
3520,14493,6337.0,815.5,3546.98,3204.92,3819.0,92626.59,1397.0,1.0,36,48,1,3,1,410000,1,1,1.0,1,55700.0,106398.0,18389.0,8572.0,88031.89,44782.0,35.0,4,8.0,2040.0,40123.0,0,8,15847.0,55567.64,17440.0,21,32,17183.0,Y,20728.05,current,F,30,MEDIUM,5.0,6,805.0,0,4.0
3521,2863,84681.0,11570.29,1939.0,4519.0,5920.84,8281.42,20130.0,3.0,32,16,1,5,81,472000,1,1,1.0,1,104980.25,167870.79,5540.0,5773.0,231393.88,60818.0,43.0,4,23765.0,88341.6,84730.0,1,46,99383.0,33892.42,102257.0,6,87,23101.0,Y,940.72,current,M,27,MEDIUM,2.8000000000000003,9,507.0,1,17.0
3522,15054,16836.0,5305.84,5693.0,30335.37,10668.0,6606.235,3052.0,32.0,5,16,60,3,34,575000,1,1,1.0,1,100284.85,167870.79,38599.0,5730.0,9513.0,211061.5,94.0,3,40977.0,67696.98,41163.36,23,26,26503.0,242579.95,104740.0,38,79,28786.0,Y,7629.97,current,M,47,LOW,8.1,3,911.0,1,4.0
3523,6419,11522.0,5320.01,876.35,13676.91,2235.0,11720.415,5420.08,100.0,3,52,18,5,1,87000,1,1,1.0,1,15079.5,200015.58,33330.0,-5998.43994,367195.82,49956.0,11.0,36,27541.0,44356.0,36887.0,2,20,26834.0,135215.9,2024.0,3,75,31930.0,Y,2063.91,saving,M,27,MEDIUM,7.0,10,258.0,0,6.0
3524,15524,14017.0,1066.74,3087.9,4491.9,26290.0,79461.0,869.65,4.0,99,72,4,11,8,236000,1,1,1.0,1,1895.04,100934.0,20887.0,2351.0,82469.74,98720.94,79.0,3,36670.0,306402.27,145315.56,6,82,202236.98,36003.14,43107.08,9,68,46750.0,Y,4213.42,current,M,35,LOW,6.0,7,372.0,0,9.0
3525,2643,12879.0,21966.0,529.08,8866.31,20372.58,14782.06,10882.0,2.0,1,74,1,4,53,302000,1,1,1.0,1,23669.0,1475000.0,12000.0,-6885.0,107197.0,33357.0,7.0,7,21682.0,38742.81,140099.51,5,8,40116.0,18138.7,87182.0,4,21,24909.0,Y,15485.18,current,M,27,MEDIUM,2.8000000000000003,3,958.0,1,9.0
3526,5150,4328.0,8389.97,9686.01,13268.22,10668.0,23190.08,4536.0,7.0,1,67,30,18,13,72000,1,1,1.0,1,98062.5,110135.86,100000.0,-4324.0,192320.87,88229.31,29.0,1,11099.0,837453.81,248766.0,1,108,74666.0,20385.88,15566.0,8,18,1361.0,Y,1774.5,current,M,37,MEDIUM,1.7000000000000002,4,446.0,1,5.0
3527,8410,404801.0,2345.0,12199.47,716.46,6166.0,32966.0,573.0,8.0,85,61,1,1,17,25000,1,1,1.0,1,506688.65,117890.0,67696.0,5439.0,19557.0,38911.0,48.0,1,401274.0,63060.0,77908.0,4,25,87334.41,38843.34,15377.0,6,113,33755.37,Y,10245.86,current,F,47,MEDIUM,2.7,8,488.0,0,7.0
3528,6652,435.0,20533.61,186.0,4996.38,29884.0,2967.92,2212.92,101.0,8,35,1,71,44,198000,1,1,1.0,1,4322.5,186474.96,19400.0,-12179.0,56897.5,31175.29,46.0,1,132489.0,97060.29,3964.0,6,20,56712.0,52164.46,431682.0,5,15,17999.0,Y,1682.73,current,M,47,MEDIUM,13.5,3,325.0,0,7.0
3529,1645,4360.0,28832.62,435.97,5770.0,2781.52,22293.375,3800.79,20.0,30,12,2,2,56,127500,1,1,1.0,1,156875.0,52985.43,48950.0,2500.0,94045.0,40624.0,91.0,7,72241.0,21359.49,145688.73,2,20,44421.0,19683.67,1297.58,2,1,42675.0,Y,5308.95,saving,F,38,MEDIUM,7.2,8,554.0,0,4.0
3530,101,344170.0,1122.5,4409.0,1530.62,2344.0,1641.0,1188.0,6.0,38,1,1,24,39,173000,1,1,1.0,1,53374.97,14000.0,28912.0,6885.0,25078.32,195704.0,8.0,1,35722.0,19300.88,27409.0,6,63,64989.0,8590.54,60763.0,2,49,31460.0,Y,3802.06,current,M,222,MEDIUM,181.8,7,643.0,0,17.0
3531,16810,166459.0,3526.76,3602.82,4568.9,1876.5,3025.175,8179.0,31.0,23,49,15,2,39,371000,1,1,1.0,1,75240.45,48087.25,30000.0,6613.0,10974.71,65588.0,43.0,3,27826.0,23699.66,162734.0,1,70,96685.0,56198.75,53481.0,42,10,39772.0,Y,6288.86,current,M,40,MEDIUM,18.0,6,858.0,1,13.0
3532,13010,9379.0,6960.58,10027.0,31780.68,26607.0,5100.47,1959.08,100.0,17,60,4,18,30,263000,1,1,1.0,1,3380.0,1425000.0,6100.0,-12179.0,31833.0,28067.0,20.0,3,25331.0,3166.0,79250.0,2,16,14121.0,79741.0,33538.0,7,73,24023.0,Y,296.11,current,M,34,LOW,11.200000000000001,1,858.0,0,6.0
3533,8613,7397.0,11641.0,10077.0,816.87,450.0,15030.0,17576.0,9.0,84,9,4,4,3,130000,1,1,1.0,1,124929.75,19129.94,3000.0,26601.0,42725.88,68478.0,42.0,23,65728.0,79331.56,164072.5,1,171,207000.0,23293.38,96055.75,1,11,30051.0,Y,4829.91,current,M,35,LOW,10.5,3,883.0,1,6.0
3534,16686,210678.0,75013.0,1100.3,173020.4,3361.18,8807.2,3154.1,124.0,2,53,18,2,13,461000,1,1,1.0,1,692000.0,90829.65,230000.0,0.0,24202.34,59967.0,0.0,19,54230.0,74858.05,5349.0,6,20,20083.0,42671.12,50878.0,40,104,25830.0,Y,11085.42,current,M,42,MEDIUM,11.0,4,243.0,1,7.0
3535,15113,90591.0,29468.24,6997.0,85440.58,1421.93,3358.0,1292.95,2.0,36,47,44,18,4,50900,1,1,1.0,1,1534.0,100934.0,14754.0,6885.0,147484.24,40718.0,67.0,19,31325.0,117420.78,70871.0,2,25,37188.0,5181.11,10184.0,117,50,15458.0,Y,10729.11,saving,M,47,MEDIUM,18.900000000000002,10,968.0,1,14.0
3536,19376,34048.0,6957.54,814.0,67928.56,15838.92,9902.58,1537.0,8.0,1,72,22,25,30,16000,1,1,1.0,1,1831780.84,58473.56,1630.0,167.0,26953.51,25164.0,82.0,7,19624.0,34295.61,24573.0,11,23,1342.47,52111.39,9581.0,9,73,147947.0,Y,177.36,current,M,32,MEDIUM,12.0,5,523.0,1,5.0
3537,16343,9664.0,27320.06,6906.04,31387.28,3443.0,3885.14,603.64,1.0,71,35,2,2,8,494000,1,1,1.0,1,28844.0,128314.74,13873.0,1500.0,48140.88,215130.0,1.0,1,10906.0,74061.68,389501.0,6,82,48461.0,35252.07,6153.0,2,18,29580.0,Y,7658.29,current,M,61,LOW,12.3,1,446.0,1,5.0
3538,16252,3905.0,4056.18,549.88,15559.53,18091.87,353.0,3365.37,2.0,77,7,5,20,17,579000,1,1,1.0,1,265809.85,150000.0,43798.0,-4679.0,80732.76,68743.2,42.0,5,46268.0,9585.4,6199.1,1,13,22549.0,31103.73,21752.0,7,50,21555.0,Y,8008.67,current,M,53,MEDIUM,29.700000000000003,5,685.0,1,12.0
3539,8749,2817.0,5115.0,4704.0,2083.79,1757.0,6776.2,7898.0,1.0,38,50,15,12,74,525000,1,1,1.0,1,41070.0,110135.86,68000.0,3735.0,23031.61,36826.0,90.0,6,16242.0,51337.25,108406.0,43,12,379628.0,18974.01,47067.0,58,38,1504.0,Y,6859.77,current,M,32,MEDIUM,10.8,2,799.0,1,15.0
3540,3970,101522.0,10848.58,2138.0,11101.0,1332.85,15782.52,12776.89,63.0,3,112,4,25,56,87000,1,1,1.0,1,7300.0,8000.0,2158.0,-5439.0,81409.03,92291.0,46.0,3,15554.0,152116.03,38211.38,3,4,18544.0,32423.5,10073.5,4,73,3887.0,Y,8763.22,current,M,67,HIGH,18.8,6,867.0,0,7.0
3541,877,449.0,16791.22,632.0,6890.0,3148.0,21089.59,7754.0,53.0,6,5,1,2,4,15000,1,1,1.0,1,19265.4,356899.37,30040.0,1500.0,32661.51,27488.5,52.0,7,88930.0,37894.1,18601.0,2,14,14726.0,272286.65,49345.0,4,58,20828.0,Y,6756.42,current,F,62,LOW,4.2,9,503.0,0,3.0
3542,11233,86641.0,27712.0,3416.0,3896.0,12236.49,29881.0,6234.8,8.0,1,86,2,17,58,293000,1,1,1.0,1,3938.25,51445.0,19400.0,0.0,33607.99,37226.0,55.0,3,16492.0,86444.81,44589.0,3,8,18868.0,9698.0,50330.0,43,83,24821.0,Y,6170.93,saving,M,34,MEDIUM,14.0,4,907.0,1,18.0
3543,4525,13701.0,8012.16,2280.0,11592.3,768.0,73653.2,3496.0,1.0,601,38,22,3,12,199999,1,1,1.0,1,4120.0,1425000.0,56305.0,-5439.0,88672.83,34735.83,18.0,7,401274.0,30155.66,181137.72,2,11,21992.0,78801.5,49915.0,47,80,12511.0,Y,2543.52,current,F,29,MEDIUM,3.6,3,270.0,1,5.0
3544,13375,6682.0,7360.51,3311.0,1860.27,8114.87,12635.0,940.0,26.0,47,59,3,46,1,202500,1,1,1.0,1,94127.1,64491.0,5797.0,0.0,29161.74,83519.32,70.0,17,15367.0,16379.57,13447.76,3,8,41051.55,32011.74,42419.75,22,79,27538.0,Y,79.93,current,M,35,HIGH,9.0,3,314.0,0,8.0
3545,18581,9441.0,27311.55,3557.02,30706.93,718.78,2148.58,3192.0,1.0,5,74,24,55,1,164000,1,1,1.0,1,61186.36,93.35,798.0,1465.0,93611.78,42103.0,3.0,1,33159.0,34376.79,71950.0,1,13,31125.0,58277.65,32872.0,4,11,69557.0,Y,18892.69,current,M,30,MEDIUM,5.0,8,708.0,0,18.0
3546,3490,4029.0,3596.0,2132.0,9866.14,871.6,3185.0,1581.0,6.0,36,6,1,5,98,784000,1,1,1.0,1,7455797.87,96096.0,13873.0,12415.0,95311.0,62161.0,42.0,7,18837.0,173050.38,86080.91,8,24,47310.0,74969.0,4139.0,3,103,23785.0,Y,3266.02,current,M,38,LOW,12.600000000000001,2,488.0,1,3.0
3547,9798,9063.0,21077.6,4308.0,16832.46,16077.96,4317.0,1046.0,5.0,18,20,2,56,17,225000,1,1,1.0,1,9462.2,88482.8,2214.0,12174.0,4221.47,25242.5,69.0,43,299000.0,57580.56,2970.8,3,171,6035.63,17929.76,33787.0,6,50,22909.0,Y,12397.88,current,M,62,MEDIUM,21.0,6,424.0,0,13.0
3548,16181,212759.0,13459.2,1334.02,36844.5,1448.0,67778.15,6065.0,56.0,26,38,1,2,98,784000,1,1,1.0,1,493682.5,189246.0,300500.0,-3506.17993,87299.66,215189.0,29.0,9,18285.0,28886.88,75125.36,3,6,76611.0,50242.0,44986.0,10,1,9428.0,Y,84873.13,current,F,60,MEDIUM,20.0,4,454.0,0,19.0
3549,5039,31340.0,15588.37,14606.34,14123.4,5393.67,406.89,27335.12,9.0,4,71,8,25,55,340000,1,1,1.0,1,168.75,1752254.0,891.0,0.0,2045.0,328958.0,8.0,36,14909.0,35057.14,67084.0,23,20,20597.0,82271.17,71881.0,3,12,57260.76,Y,2701.96,current,M,64,MEDIUM,4.4,7,700.0,1,20.0
3550,10265,15526.0,25874.0,4299.0,17713.0,3477.0,21329.56,5296.0,32.0,56,49,1,26,2,425000,1,1,1.0,1,39851.93,1425000.0,583.0,5464.0,81713.61,71866.88,4.0,5,18358.0,57444.6,167180.0,2,11,63853.0,42252.1,95305.0,3,24,37842.0,Y,1280.0,current,M,32,MEDIUM,9.600000000000001,6,268.0,1,17.0
3551,15588,6306.0,4160.9,3144.0,2473.24,3939.0,11023.0,574.59,24.0,71,6,2,18,98,421000,1,1,1.0,1,42460.6091,232235.65,8333.0,5464.0,49587.5,103442.0,46.0,36,21925.0,29057.76,102521.47,1,7,27624.0,29498.29,32114.0,4,1,117741.0,Y,3291.24,current,M,36,MEDIUM,16.0,1,447.0,1,3.0
3552,5969,1858.0,16541.63,2287.52,5947.0,5816.0,9554.0,11199.28,92.0,10,135,10,1,10,430000,1,1,1.0,1,319201.67,262178.09,49975.0,1079.0,39749.64,75549.0,35.0,19,365000.0,31116.63,29139.0,10,82,3859.0,45015.44,36855.65,14,38,17486.0,Y,106.5,current,M,36,MEDIUM,4.800000000000001,10,330.0,0,8.0
3553,11073,18496.0,70958.0,662.0,20084.35,2131.0,6501.08,6979.0,7.0,34,4,20,2,47,116000,1,1,1.0,1,45036.0,12257.0,6100.0,12174.0,205890.31,20908.86,103.0,7,61559.0,10146.88,77510.0,11,44,49994.25,19426.35,29339.0,2,14,18555.0,Y,10020.93,current,M,34,MEDIUM,7.0,5,631.0,1,4.0
3554,15704,258935.0,7476.0,26889.0,12050.27,442.8,7187.55,2938.0,1.0,128,2,1,27,81,507000,1,1,1.0,1,510.6,76365.24,50000.0,7478.0,92900.96,77787.22,11.0,2,43196.0,58411.71,155972.0,2,70,2168.0,22510.42,59014.75,9,32,563445.0,Y,11840.42,current,F,53,MEDIUM,23.1,7,233.0,1,19.0
3555,12671,15606.0,5421.15,614.0,9972.14,3712.0,2880.44,1275.0,29.0,1,84,62,6,1,155000,1,1,1.0,1,7404.75,278360.16,51520.0,167.0,26036.79,27961.88,42.0,5,630000.0,26968.86,30462.0,1,6,39549.0,30133.64,71881.0,94,61,107989.0,Y,71509.31,current,M,34,MEDIUM,9.8,9,249.0,1,7.0
3556,6993,11440.0,6227.6,6990.5,181144.89,288.0,26036.59,6485.0,57.0,8,1,1,55,47,100000,1,1,1.0,1,158135.2,152391.0,30011.0,1992.0,639.25,24774.0,5.0,31,38912.0,36839.0,24917.0,8,6,88260.0,25761.7,84548.0,42,106,20588.0,Y,9062.79,current,M,69,LOW,14.700000000000001,7,370.0,0,2.0
3557,13121,873.0,66617.0,3074.79,7725.57,3555.24,25965.89,38753.0,15.0,10,50,22,1,1,303000,1,1,1.0,1,31524.4,730000.0,25639.0,9415.0,74023.01,150829.13,29.0,23,18960.0,39087.26,33720.0,1,20,16394.0,26323.63,15962.39,12,38,36783.0,Y,4441.49,current,M,223,MEDIUM,142.1,3,233.0,1,14.0
3558,16162,11856.0,11881.5,12701.75,41205.71,498.0,12860.815,1127.0,2.0,3,50,5,1,2,49999,1,1,1.0,1,474401.25,254348.9,639.0,1089.0,308115.54,79118.0,41.0,5,17808.0,30476.0,27998.0,43,82,102500.0,18970.52,50158.29,41,24,28990.0,Y,3917.78,current,M,37,LOW,17.0,8,858.0,1,19.0
3559,16634,11914.0,5193.0,6308.0,7579.88,4418.24,13849.0,4905.0,2.0,22,16,8,1,34,306000,1,1,1.0,1,39851.93,93.35,30071.0,10210.0,45093.76,95007.0,24.0,3,46296.0,12584.05,128915.0,31,2,10454.08,108984.84,90280.0,4,124,48375.0,Y,3953.04,current,F,33,MEDIUM,1.3,6,330.0,1,10.0
3560,11589,10359.0,19816.13,1446.0,3407.3,5282.0,1846.67,492.0,6.0,23,72,3,1,98,256000,1,1,1.0,1,47.45,32000.0,248000.0,16455.0,7018.0,123130.5,32.0,3,29132.0,15792.0,92744.17,2,63,17354.0,40372.28,66527.0,11,54,32040.0,Y,1488.49,current,M,25,MEDIUM,3.5,3,836.0,0,9.0
3561,19150,136176.0,2105.93,1098.52,7204.0,5759.51,2911.32,214.0,101.0,10,13,24,6,2,267000,1,1,1.0,1,15961.9,62606.0,13873.0,1500.0,13835.52,276739.0,27.0,1,27518.0,32547.24,46821.0,0,20,27950.0,16387.0,59552.83,117,103,24388.0,Y,1924.32,current,M,32,LOW,10.8,6,658.0,1,18.0
3562,16834,302717.0,19158.33,8929.64,15334.0,609.8,4173.78,442.27,7.0,6,70,4,2,80,78000,1,1,1.0,1,13558.63,1300000.0,583.0,0.0,82184.42,184336.0,40.0,1,30608.0,66445.07,34502.0,9,4,11645.68,93666.99,42901.0,117,7,15352.0,Y,15224.23,saving,M,53,MEDIUM,9.9,7,799.0,0,4.0
3563,7748,7150.0,30066.46,24657.17,7623.755,16174.0,48931.6,1914.0,531.0,26,85,48,3,56,378000,1,1,1.0,1,167.5,536874.6,230000.0,0.0,23474.05,329668.0,63.0,3,38822.0,71777.14,34768.0,2,6,20.51,29671.24,36438.67,94,57,30435.0,Y,8463.59,current,M,44,MEDIUM,7.2,8,684.0,1,12.0
3564,6492,167011.0,13619.0,221348.0,21799.74,3043.73,1457.45,31854.92,12.0,16,27,1,3,16,139999,1,1,1.0,1,154363.25,20000.0,1273.0,-6281.37987999999,195.19,110367.0,23.0,1,26065.0,87861.63,384.75,4,8,39374.0,2247.0,56159.0,12,80,71328.0,Y,5512.03,current,M,32,MEDIUM,7.2,2,801.0,1,13.0
3565,3468,137586.0,1025.5,1114.0,1457.58,151.01,22042.5,6829.18,17.0,9,70,1,1,9,75000,1,1,1.0,1,12315.0,24703.0,24125.0,6885.0,101630.29,51124.0,24.0,3,35977.0,105890.39,80049.0,5,1,67746.0,19894.66,80695.03,3,79,24134.0,Y,3416.05,current,M,27,MEDIUM,5.6000000000000005,9,867.0,1,10.0
3566,17107,14054.0,58635.0,10443.0,3174.07,7231.0,1955.48,3704.0,2.0,10,5,1,1,16,153000,1,1,1.0,1,11027.5,2625.16,12560.0,6916.0,57752.02,50192.0,3.0,3,98537.7,33531.11,12591.5,6,108,37429.0,25578.25,10400.83,42,12,38288.0,Y,29664.84,saving,M,47,LOW,10.8,9,593.0,0,17.0
3567,4514,13604.0,4592.0,2994.98,1577.42,2892.7,3177.0,3501.5,1.0,8,50,10,31,55,550000,1,1,1.0,1,871.5,63000.0,12000.0,3735.0,51603.89,75857.0,24.0,0,39379.0,20689.1,25564.0,6,171,20083.0,38472.47,7648.0,6,83,1050.0,Y,5785.14,current,M,60,LOW,8.0,8,268.0,1,12.0
3568,10165,7457.0,29625.0,97164.0,11762.67,2069.53,40764.0,3733.0,3.0,60,35,24,16,98,58000,1,1,1.0,1,970271.35,30453.0,30011.0,6916.0,24950.3,50784.0,91.0,2,65364.0,16040.88,20984.0,5,108,17945.0,70915.64,36335.0,12,79,43172.48,Y,6462.0,current,M,38,MEDIUM,10.8,7,858.0,1,10.0
3569,15776,16410.0,3534.23,24837.02,552.49,1451.02,690.51,593.0,531.0,30,23,1,6,34,576000,1,1,1.0,1,306961.5,100000.0,183999.0,-4664.0,96487.23,83339.0,90.0,3,58494.0,63071.84,7609.0,35,13,26172.0,122408.13,47621.1,4,10,73067.0,Y,1288.3,current,M,27,LOW,2.8000000000000003,6,516.0,1,15.0
3570,15644,2231.0,20733.0,314.88,2994.5,2512.18,30409.215,2982.0,7.0,7,6,24,1,41,403000,1,1,1.0,1,81872.65,60040.0,2019.0,-3625.0,24853.37,60551.74,16.0,0,285.35,83569.56,47496.0,3,82,26200.0,9211.0,35309.0,8,11,40011.0,Y,930.19,saving,M,30,MEDIUM,6.0,6,539.0,1,19.0
3571,14900,2520.0,7074.735,3033.6,15166.0,6455.0,9630.02,799.0,16.0,27,35,1,25,77,466000,1,1,1.0,1,331.2,32000.0,96558.0,3897.0,139086.35,10614.51,32.0,3,33342.23,21618.0,17311.0,23,6,73960.0,131660.62,71816.0,5,18,109044.0,Y,5960.89,current,F,47,MEDIUM,16.2,9,269.0,1,15.0
3572,7246,17444.0,35222.0,1929.84,37309.62,34817.2,24611.0,3501.5,6.0,2,9,3,31,79,406000,1,1,1.0,1,26360.0,245000.0,8060.0,20790.0,2948.0,33151.48,16.0,3,55680.0,21331.85,27246.0,2,7,27415.0,53905.5,164708.9,8,7,21434.0,Y,10165.74,current,M,28,MEDIUM,1.6,9,656.0,1,14.0
3573,12716,18778.0,167434.74,2051.64,37227.89,3268.0,2721.55,1614.28,25.0,17,19,22,11,5,67000,1,1,1.0,1,84.65,24000.0,105000.0,3735.0,27703.3,19759.0,70.0,7,78099.3,32381.45,21374.0,5,1,19849.9,23857.4,26868.0,2,103,31873.0,Y,17023.02,current,M,28,HIGH,3.2,5,508.0,1,12.0
3574,8137,15978.0,18801.07,1989.0,3526.99,66068.03,9653.84,9388.0,17.0,3,29,21,1,98,197000,1,1,1.0,1,3101.3,1475000.0,12000.0,6885.0,13223.5,19073.0,42.0,3,23765.0,3429.28,7704.0,3,20,27308.0,90126.95,27514.36,12,12,2804.77,Y,5154.26,current,M,60,LOW,40.0,5,860.0,0,16.0
3575,6304,305688.0,5058.6,510.28,5383.13,4783.08,8061.0,1401.0,57.0,43,50,3,2,4,25000,1,1,1.0,1,41883.6,3.59,13873.0,3735.0,67854.72,25474.38,72.0,4,33879.0,72867.21,42155.5,2,82,17658.0,62291.24,255522.0,21,14,28590.0,Y,4298.98,current,M,47,MEDIUM,8.1,8,818.0,1,7.0
3576,10236,314642.0,33213.0,5333.0,2291.0,2930.68,9621.3,1573.0,12.0,15,60,23,37,4,294000,1,1,1.0,1,1263221.7,6574.31,12000.0,1079.0,62428.9,161534.0,63.0,4,143922.0,71253.88,75556.0,4,20,25835.0,16463.05,18955.0,10,50,20160.0,Y,4190.07,current,M,37,HIGH,6.800000000000001,9,314.0,0,14.0
3577,3376,15055.0,10456.0,9848.0,11375.01,411.0,6189.25,1248.0,5.0,2,74,1,2,13,340000,1,1,1.0,1,9784.1,117890.0,51520.0,14509.0,46740.0,42240.5,46.0,2,17898.32,153483.58,204782.0,0,171,7306.95,58501.21,42748.96,58,80,36157.0,Y,1760.78,current,M,42,MEDIUM,4.4,3,771.0,1,15.0
3578,1719,211257.0,12462.47,1308.0,2426.36,16133.0,13117.9,1702.0,53.0,3,47,1,4,5,267000,1,1,1.0,1,146931.8,187788.1,3975.0,9415.0,94789.0,585081.0,87.0,2,49803.0,12329.0,218187.0,7,82,32478.0,30015.75,99320.0,47,8,48190.0,Y,1849.37,current,M,34,HIGH,12.600000000000001,1,867.0,1,7.0
3579,2260,304411.0,1627.755,12152.84,5491.94,2482.84,7506.92,5582.0,6.0,46,1,17,2,10,232000,1,1,1.0,1,270.0,145000.0,33774.0,8572.0,47865.55,76782.0,32.0,5,14408.0,13487.1,35261.0,3,12,15370.0,33478.37,141030.0,43,11,34850.0,Y,2278.26,current,M,27,MEDIUM,1.4000000000000001,4,968.0,1,7.0
3580,6170,1753.0,801.92,1648.0,4148.7,16999.17,11938.5,2505.0,25.0,16,50,2,14,2,369000,1,1,1.0,1,51291.45,152.87,539.0,9827.0,31894.55,4149.0,103.0,2,14482.0,11731.5,24289.0,0,42,25835.0,40173.58,28368.0,4,26,36958.0,Y,4575.16,current,M,32,HIGH,8.4,8,753.0,0,3.0
3581,3719,13644.0,19433.64,1143.52,15917.72,8094.0,3547.0,325.0,17.0,1,35,25,37,86,520000,1,1,1.0,1,825.0,64491.0,14904.0,-5715.49022999999,144054.0,56035.0,69.0,19,24213.0,151490.53,34943.41,5,20,208759.0,285604.5,328882.83,2,120,35333.0,Y,731.3,current,F,33,LOW,5.2,7,488.0,0,8.0
3582,3475,7770.0,10304.0,3444.37,3821.34,1764.31,49966.0,4305.09,19.0,30,4,42,18,20,378000,1,1,1.0,1,8531560.0,455873.9,891.0,-6885.0,27083.4,71104.64,3.0,7,13760.0,63045.19,80753.53,17,29,35472.0,83332.01,68653.0,117,50,3525.0,Y,3544.33,current,M,30,MEDIUM,1.0,3,638.0,0,2.0
3583,16178,5529.0,48113.72,4017.0,44747.44,332937.94,3517.455,13421.77,66.0,6,72,10,17,17,172000,1,1,1.0,1,225823.8,278904.9,15756.0,12174.0,37598.77,661620.0,42.0,4,40389.0,622311.25,40267.65,0,20,23726.0,218646.73,25006.0,42,96,39833.0,Y,22051.97,current,F,27,MEDIUM,4.9,8,536.0,1,5.0
3584,14506,289302.0,2440.685,18730.92,60688.43,2930.68,9225.0,12743.0,1.0,18,89,50,2,41,300000,1,1,1.0,1,51031.4,136000.0,10271.0,553.0,4219.99,58244.0,67.0,5,30383.0,15644.46,4014.0,4,5,88882.01,77113.34,5403.0,2,1,20197.0,Y,642.86,current,M,37,MEDIUM,6.800000000000001,2,818.0,0,16.0
3585,1487,17989.0,3052.25,5757.0,32389.43,10246.0,14123.3,22520.0,63.0,43,46,1,4,34,371000,1,1,1.0,1,36122.87,12257.0,500718.0,-4664.0,2148.3,57895.0,36.0,26,22754.0,11383.17,117696.95,2,14,86644.0,161751.41,37925.96,36,58,2373.0,Y,1655.2,current,M,34,MEDIUM,5.6000000000000005,6,606.0,0,6.0
3586,9898,5779.0,10536.17,3295.0,27584.18,118.0,3319.67,2990.0,26.0,10,6,8,1,1,286000,1,1,1.0,1,8758.2,3651922.3,891.0,6885.0,42022.49,30217.28,42.0,1,19531.0,10292.29,49521.36,4,7,236985.0,63672.94,78866.9,36,0,57122.0,Y,7566.69,saving,M,47,LOW,8.1,4,686.0,1,11.0
3587,116,13905.0,2664.16,15602.31,843.35,425.0,1884.0,4171.04,19.0,30,32,57,2,77,302000,1,1,1.0,1,2173459.0,66.0,1255.0,5464.0,5768.27,103046.0,18.0,2,63332.0,20028.34,113.73,1,6,12730.0,71466.84,46185.0,3,12,105482.0,Y,2892.27,saving,M,36,LOW,1.6,8,505.0,0,8.0
3588,10447,17404.0,78259.03,9673.14,10807.5,65962.0,10310.735,2724.0,67.0,3,60,4,44,80,650000,1,1,1.0,1,86865.0,71944.5,8764.0,-12179.0,81440.81,32526.0,11.0,29,495000.0,19024.74,34213.0,1,25,38500.0,34370.48,70044.0,2,39,45926.0,Y,2908.06,current,M,66,LOW,4.6000000000000005,7,805.0,1,19.0
3589,6831,289432.0,37990.91,712.0,24284.11,313.0,5215.0,2883.0,3.0,8,102,1,3,68,45000,1,1,1.0,1,11027.5,134000.0,643.0,977.0,40288.0,74992.76,20.0,36,124728.0,344.5,119654.59,43,84,14010.0,78939.4,75930.0,9,73,64305.0,Y,323.66,current,M,37,MEDIUM,1.7000000000000002,3,269.0,1,9.0
3590,13616,5137.0,13992.0,10039.0,9347.35,15598.0,13849.0,110.5,2.0,83,50,8,6,47,429000,1,1,1.0,1,213557.15,50034.93,2158.0,19765.0,7052.19,68211.0,40.0,26,32762.0,82780.75,38824.5,3,29,13507.0,128943.86,37842.0,4,12,46258.0,Y,685.28,current,M,62,MEDIUM,12.600000000000001,9,249.0,1,20.0
3591,4107,137162.0,5995.0,10101.0,10296.09,4337.6,9478.68,12803.75,59.0,26,1,2,25,79,461000,1,1,1.0,1,4322.5,95199.02,5591.0,3735.0,57855.03,39417.0,55.0,5,19571.04,10139.0,18389.0,5,20,9265.0,29264.75,133410.16,47,83,33017.0,Y,7048.38,current,M,60,LOW,12.0,3,799.0,1,17.0
3592,5563,13343.0,28665.8,9259.0,55186.65,4503.0,4726.345,2366.1,32.0,10,29,4,44,56,518000,1,1,1.0,1,3380.0,119898.8,1526.0,903.0,193370.1,39164.0,62.0,1,23294.0,78049.5,12243.0,3,63,31538.0,47698.0,32282.0,6,38,12075.0,Y,5938.48,current,M,40,LOW,2.0,8,867.0,0,2.0
3593,12146,16764.0,53031.41,3690.13,10284.01,1157.0,2790.0,7659.0,1.0,7,27,1,62,54,150000,1,1,1.0,1,8556.25,280000.0,183999.0,2921.0,22582.4,55202.0,18.0,29,27257.0,30908.86,91159.0,4,63,22384.0,72343.4,6441.0,2,32,15141.0,Y,3367.42,current,M,30,MEDIUM,1.0,8,445.0,0,19.0
3594,4948,35723.0,6363.65,2470.26,550.64,1891.11,30610.21,1385.0,1.0,10,8,5,71,79,520000,1,1,1.0,1,12057.2,106398.0,56305.0,-4679.0,196562.51,76268.05,18.0,2,39290.13,16814.4,66409.99,2,8,1324439.0,137306.45,11299.0,8,50,25943.0,Y,2336.31,saving,F,33,MEDIUM,9.1,6,858.0,1,5.0
3595,10222,4767.0,9574.0,35971.0,25543.63,7133.0,1121.0,8703.0,26.0,32,44,57,38,39,425000,1,1,1.0,1,1399.9,201000.0,100000.0,5464.0,913124.69,78610.54,15.0,36,44398.0,45834.15,232208.0,6,82,5675.0,16387.0,36718.0,58,15,79744.0,Y,7315.32,current,M,32,MEDIUM,6.0,3,247.0,1,9.0
3596,7072,8665.0,3699.94,2938.52,7038.0,4274.84,17059.0,5258.0,26.0,39,117,4,15,56,67000,1,1,1.0,1,196885.0,200015.58,16215.0,4889.0,15260.14,31833.2,36.0,2,24546.0,200096.03,62611.0,43,8,26181.0,278237.28,144715.0,4,83,24768.0,Y,643.27,current,M,62,MEDIUM,16.8,5,594.0,1,10.0
3597,5912,10524.0,20261.0,976.01,20284.94,1634.26,9030.105,3667.0,92.0,1,117,4,6,79,330000,1,1,1.0,1,8043.25,19000.0,29542.0,0.0,80782.94,60209.0,11.0,7,58677.0,25030.75,99385.0,1,25,90033.0,18847.0,127812.1,7,18,9257.75,Y,9563.55,current,M,32,MEDIUM,12.0,6,809.0,0,18.0
3598,8897,10241.0,24219.0,9089.0,4026.23,3021.0,3238.0,428.52,7.0,5,60,1,1,1,47000,1,1,1.0,1,68640.0,189246.0,3000.0,4314.0,9641.25,40201.5,4.0,23,20573.0,77745.31,48597.0,6,12,22908.0,33312.5,18091.75,9,22,29646.49,Y,3040.45,current,F,67,MEDIUM,47.0,6,355.0,1,16.0
3599,3424,997.0,3823.0,5862.0,3067.0,43566.0,9140.5,2442.07,4.0,7,64,20,37,5,525000,1,1,1.0,1,249060.0,232897.0,4812.0,844.0,34758.04,47653.0,16.0,5,12015.0,8002.0,41136.0,0,104,48400.0,112657.96,30179.69,2,32,7650.0,Y,509.61,current,M,29,LOW,5.4,3,330.0,0,7.0
3600,8086,16083.0,1233.81,2951.97,4951.0,1152.0,4080.0,5244.0,26.0,37,7,11,1,16,403000,1,1,1.0,1,199690.5,397463.9,550.0,0.0,162770.25,40151.0,40.0,3,68400.0,102421.55,53507.0,6,12,23490.0,130737.58,18397.0,6,103,1731.0,Y,2026.71,current,M,66,MEDIUM,9.200000000000001,2,488.0,1,14.0
3601,4561,9804.0,5288.46,986.0,14720.82,5660.44,32304.965,1329.0,2.0,99,9,4,60,47,218000,1,1,1.0,1,568.8,237365.38,48374.0,-6301.0,201772.0,217172.0,46.0,30,68695.0,45147.92,36891.0,5,11,20200.0,111646.0,12969.5,4,49,16634.0,Y,114.96,current,M,30,LOW,1.0,7,538.0,1,13.0
3602,4981,9225.0,8432.16,2258.31,53962.38,1590.0,16239.0,4342.0,7.0,30,4,1,44,16,366000,1,1,1.0,1,1982892.29,80577.0,155205.0,20324.0,46847.76,132593.0,16.0,4,34702.0,28412.37,49145.9,1,25,61036.0,133700.67,52922.0,22,38,91000.0,Y,8883.7,current,M,27,MEDIUM,4.2,3,864.0,1,18.0
3603,16404,16931.0,31683.87,5781.42,4699.72,10455.88,4770.5,901.25,7.0,56,50,3,1,64,232000,1,1,1.0,1,825.0,41.26,96497.0,0.0,54858.33,12551.0,11.0,31,22713.0,64351.5,23154.0,0,7,224007.0,14747.16,55939.0,5,58,47200.0,Y,4961.65,current,M,42,MEDIUM,2.2,1,249.0,0,13.0
3604,17340,14646.0,23322.0,5614.0,943.62,6090.04,5157.0,357.29,5.0,85,59,42,1,80,450000,1,1,1.0,1,15079.5,170989.0,825.0,13135.0,875.25,25373.0,23.0,3,28.75,263711.06,80465.5,50,6,105.84,47745.0,77763.0,94,9,11705.0,Y,6289.71,current,M,35,LOW,6.0,9,723.0,1,14.0
3605,18626,5387.0,12161.65,15049.0,2610.74,14969.34,2283.0,2938.0,531.0,10,5,3,3,98,153000,1,1,1.0,1,754075.0,25000.0,30000.0,3735.0,62822.59,29164.0,29.0,2,67000.0,100987.85,20275.0,43,50,56442.0,10019.76,22494.0,43,24,18418.0,Y,85.21,current,M,55,MEDIUM,7.0,9,700.0,1,12.0
3606,16458,10712.0,11319.39,7727.0,3909.62,4879.0,239.0,1986.72,4.0,60,7,4,2,54,406000,1,1,1.0,1,6440.0,150410.0,16215.0,-6281.37987999999,192953.77,48114.0,2.0,13,16369.0,16140.46,33932.0,24,8,34827.0,67891.35,41596.0,5,63,82510.0,Y,10633.85,current,M,29,MEDIUM,7.2,10,684.0,1,14.0
3607,3092,111867.0,8662.71,8989.16,21611.75,8890.5,78497.925,8467.62,17.0,10,35,39,1,2,528000,1,1,1.0,1,7304.75,138732.3,2841.0,8723.0,18257.4,66221.0,18.0,26,121000.0,9264.0,75125.36,50,44,245197.0,50561.45,22266.0,5,21,35418.0,Y,724.56,current,M,62,MEDIUM,25.200000000000003,5,299.0,1,5.0
3608,1107,299748.0,1583.92,9917.61,1166.18,8837.0,53365.025,3253.0,7.0,29,87,10,15,5,190000,1,1,1.0,1,2216.0,3084.5,851.0,-3625.0,63701.66,54123.44,91.0,3,37349.8,66515.93,68755.3,31,8,26468.0,35425.12,8266.0,3,73,247681.0,Y,5477.95,current,M,40,MEDIUM,2.0,2,750.0,1,19.0
3609,9907,11791.0,2778.41,4222.99,1582.6,222.85,51605.0,2520.0,25.0,601,60,22,16,6,525000,1,1,1.0,1,12.19,24000.0,2184.0,-5942.0,31383.0,19458.5,11.0,7,48519.0,32239.39,209618.0,3,6,13543.0,156686.84,65529.0,2,7,28579.0,Y,4723.09,current,M,35,MEDIUM,6.0,8,445.0,1,18.0
3610,2838,15883.0,16237.78,23119.0,12395.35,11166.11,26730.56,2486.2,18.0,5,1,42,2,1,0,1,1,1.0,1,115.45,25000.0,73217.0,0.0,15637.02,139344.41,4.0,13,24968.0,13656.25,56696.27,43,20,12702.0,39542.0,25001.0,7,124,167888.0,Y,68508.13,current,F,35,MEDIUM,3.0,2,809.0,1,20.0
3611,6735,181355.0,229785.6,6855.0,52934.07,2804.64,7895.76,721.0,3.0,10,23,1,25,11,267000,1,1,1.0,1,15772650.74,674291.83,50000.0,6885.0,44745.19,20233.0,10.0,36,30781.0,58948.49,12526.0,1,42,49312.0,26143.04,21173.0,4,21,49477.0,Y,297.38,current,F,35,LOW,3.0,3,863.0,0,5.0
3612,18016,19584.0,31828.52,22799.68,1735.74,3376.5,1468.01,21643.19,6.0,16,60,47,2,30,380000,1,1,1.0,1,34635.25,560000.0,5822.0,5730.0,10109.1,10701.5,11.0,6,28655.0,51505.49,61479.23,45,59,28390.0,12077.43,46316.75,36,12,106327.0,Y,238.81,current,M,40,MEDIUM,6.0,2,867.0,1,15.0
3613,1913,1370.0,14735.0,1238.0,17457.78,8121.0,14150.0,721.0,3.0,23,44,25,1,1,720000,1,1,1.0,1,31454.1,794000.0,1630.0,1500.0,38907.25,66430.5,16.0,3,71000.0,100839.5,111699.5,2,9,20232.0,111008.4,40248.0,4,1,20186.0,Y,4091.07,current,M,66,MEDIUM,9.200000000000001,10,964.0,1,18.0
3614,14010,11880.0,18691.85,1963.0,16640.17,13856.24,323.74,3762.0,29.0,3,74,24,15,9,505000,1,1,1.0,1,5383.25,43397.0,73217.0,7478.0,147466.37,32133.0,20.0,15,22929.0,23353.98,36267.0,8,78,27225.0,67891.35,253919.0,10,11,54017.0,Y,4224.92,current,M,29,MEDIUM,7.2,5,801.0,0,8.0
3615,14626,4574.0,1791.0,11335.3,12663.75,2975.0,15330.58,3874.0,17.0,34,71,7,15,47,383000,1,1,1.0,1,205595.43,385218.7,4198.0,5439.0,82071.0,51049.0,6.0,1,32113.9,48363.0,20815.0,1,20,69200.0,20901.59,201362.0,22,3,49859.0,Y,90.6,current,M,49,MEDIUM,20.3,1,523.0,1,18.0
3616,6107,5660.0,788.09,2140.0,1818.0,978.0,143.0,1962.0,66.0,85,35,24,11,42,518000,1,1,1.0,1,1424.5,992890.32,5905.0,5340.0,127846.63,5106.0,11.0,15,27858.0,22639.0,90796.0,3,81,28472.63,9496.18,194381.75,3,50,21988.0,Y,21180.49,current,M,27,MEDIUM,4.2,4,454.0,1,10.0
3617,2372,216072.0,11925.2,2846.6,20499.76,5000.0,49835.16,11070.0,66.0,1,135,5,2,20,47000,1,1,1.0,1,319201.67,482147.0,11379.0,173.0,62163.17,144266.5,42.0,4,13943.0,146993.28,275.74,23,108,128.89,72009.82,99896.0,94,65,34345.0,Y,8450.54,current,F,27,MEDIUM,5.6000000000000005,4,366.0,1,3.0
3618,1168,6475.0,61123.06,1924.0,76405.21,22751.6,4495.48,2727.0,4.0,36,50,5,2,80,290000,1,1,1.0,1,825.0,150000.0,3975.0,3421.0,385.75,52545.0,147.0,5,53.0,91991.85,48412.48,43,8,32847.26,9597.0,27016.68,2,79,25449.0,Y,247.28,current,M,63,MEDIUM,4.3,6,743.0,0,5.0
3619,8817,3025.0,55586.0,4616.33,1160.75,7559.91,8550.0,3477.0,56.0,1,112,3,1,9,461000,1,1,1.0,1,15961.9,257406.7,13533.0,3897.0,82276.48,36252.0,11.0,7,110185.0,42516.35,66881.27,2,20,40552.0,57123.17,41589.0,4,61,31908.0,Y,13818.69,current,M,40,MEDIUM,16.0,4,911.0,1,12.0
3620,19753,9274.0,8188.77,974.0,14487.0,4434.68,5816.0,2938.0,101.0,23,1,53,44,1,178000,1,1,1.0,1,50550.5,537476.4,798.0,-5439.0,107842.67,35662.0,7.0,1,92941.0,200595.34,180424.0,2,70,80694.0,33779.09,20836.34,2,32,12243.0,Y,6456.52,current,F,40,MEDIUM,20.0,3,536.0,1,8.0
3621,13741,24047.0,3895.08,20786.0,3296.76,8398.0,2791.21,10865.0,24.0,1,46,1,1,3,52000,1,1,1.0,1,690.0,186474.96,798.0,5340.0,15609.19,46335.0,4.0,36,31094.2,56818.75,164025.36,1,44,48054.0,28324.5,28255.47,6,63,44492.0,Y,64043.88,saving,M,60,MEDIUM,4.0,4,683.0,1,4.0
3622,15530,2138.0,999.0,2080.0,14593.21,4156.0,5322.7,887.0,44.0,77,82,15,1,16,599000,1,1,1.0,1,86865.0,429273.4,1036.0,3897.0,28202.91,471.0,5.0,3,18435.0,38694.0,26550.0,4,20,98066.0,56882.5,32208.0,2,73,42847.0,Y,56.78,current,M,35,LOW,7.5,1,866.0,1,11.0
3623,13941,3452.0,18538.0,240.0,2835.0,4891.0,9547.0,5170.2,44.0,77,50,22,1,2,17000,1,1,1.0,1,111.4,120000.0,2130.0,903.0,32800.31,345.37,10.0,4,26283.0,15452.0,68697.0,2,87,6546.66,43919.58,50918.0,3,9,48938.0,Y,7970.12,current,F,51,LOW,15.5,2,454.0,1,8.0
3624,18650,11060.0,4801.56,2700.77,28147.0,9723.0,4630.605,2297.45,531.0,10,48,20,6,8,17000,1,1,1.0,1,3502.8,482.6,2156.0,5340.0,25078.32,116901.88,39.0,13,39698.0,119593.67,404155.0,71,25,18922.0,30983.06,36818.1,19,83,1321.0,Y,568.48,current,M,28,MEDIUM,4.800000000000001,9,613.0,1,12.0
3625,5161,95529.0,1582.62,5339.44,538.72,1334.0,3104.315,9034.01,63.0,85,67,3,5,98,375000,1,1,1.0,1,8370.8,32714.0,1374.0,12299.0,67364.88,102219.3,5.0,1,101617.0,43427.74,40662.0,5,50,13069.0,33284.07,13707.5,21,32,1410.0,Y,3057.38,current,M,64,MEDIUM,44.0,6,371.0,1,17.0
3626,9940,17116.0,60007.29,8202.86,107865.0,2112.93,6353.0,286.0,136.0,17,67,48,15,1,212500,1,1,1.0,1,5210.85,356899.37,126001.0,-5439.0,102065.25,42201.0,4.0,4,21257.0,13552.63,39317.86,2,25,14920.0,130144.35,475.0,2,3,16915.0,Y,1572.83,current,F,53,MEDIUM,6.6000000000000005,8,737.0,0,13.0
3627,10526,4491.0,14686.91,60095.0,379.4,63861.83,38935.0,5643.0,57.0,2,89,1,18,1,44000,1,1,1.0,1,370776.0,1187335.5,22000.0,14509.0,66421.0,50237.0,10.0,4,437010.0,220522.0,49024.0,2,1,40932.0,169672.12,19694.0,12,61,450295.0,Y,788.51,current,M,33,MEDIUM,11.700000000000001,8,626.0,0,2.0
3628,2145,335120.0,2887.03,24657.17,660.78,1440.28,3901.0,3327.0,7.0,8,1,3,55,68,400000,1,1,1.0,1,13180.0,282541.6,51520.0,8572.0,46740.0,195704.0,35.0,0,26497.0,141177.72,923.0,45,8,116123.0,35136.62,5720.0,6,63,103950.0,Y,147329.73,current,M,27,HIGH,4.2,4,354.0,1,13.0
3629,19954,10345.0,8237.14,6137.6,12015.39,5312.0,24705.4,593.0,66.0,32,38,8,1,3,410000,1,1,1.0,1,51291.45,278360.16,492.0,7478.0,52276.75,81069.04,90.0,5,27012.0,265755.0,24211.0,45,29,107738.0,28284.79,34499.0,14,24,189.29,Y,4217.94,current,M,118,MEDIUM,58.800000000000004,4,614.0,1,19.0
3630,7618,307286.0,1963.28,16685.96,376.0,447.0,4181.64,270.0,3.0,26,16,57,8,1,114000,1,1,1.0,1,38428.6,59306.0,3792.0,-5998.43994,47596.12,33891.0,42.0,7,37181.0,29179.13,105089.63,0,20,13866.0,66357.92,45982.0,12,67,22805.0,Y,18992.62,current,M,28,MEDIUM,0.8,10,554.0,0,12.0
3631,17184,13472.0,6890.295,4345.52,24766.0,4210.0,129754.02,1827.0,10.0,15,30,8,3,67,402000,1,1,1.0,1,180615.02,20000.0,20000.0,-5439.0,156612.37,51514.0,18.0,13,18139.0,15376.0,277.0,2,86,8481.0,23273.72,37665.0,7,12,29407.0,Y,2823.26,current,M,37,LOW,3.4000000000000004,7,801.0,1,19.0
3632,1513,7844.0,20050.0,2857.0,5022.5,1069.02,9137.0,5902.0,4.0,37,6,30,1,1,352000,1,1,1.0,1,42460.6091,20500.0,230000.0,-4664.0,75377.67,115034.0,29.0,1,31094.2,58051.83,6698.0,45,11,16575.07,31784.32,18031.0,7,80,38313.0,Y,73133.11,current,M,38,MEDIUM,5.4,2,628.0,1,9.0
3633,11903,9158.0,3614.65,363.0,2381.08,4892.95,23956.25,12888.76,14.0,5,5,15,14,34,80000,1,1,1.0,1,39851.93,100000.0,33330.0,-5998.43994,206058.25,114082.89,11.0,35,35117.0,24214.85,26063.0,9,8,23088.0,109009.31,19962.0,47,9,74671.0,Y,2961.88,current,M,27,LOW,7.0,5,363.0,0,11.0
3634,9623,11220.0,4617.0,2199.0,5716.21,2162.76,2925.22,534.0,28.0,7,112,1,18,17,483000,1,1,1.0,1,50040.0,85058.0,1209.0,167.0,15106.22,45871.72,42.0,26,16411.0,48357.83,46043.0,7,21,36274.0,41284.25,22231.0,1,63,140329.0,Y,1838.56,current,M,34,MEDIUM,5.6000000000000005,1,809.0,0,10.0
3635,3000,1990.0,18289.16,3410.92,3761.5,1844.0,1491.0,2871.0,7.0,85,35,2,2,29,375000,1,1,1.0,1,568.8,29479.0,15477.0,1500.0,44464.6,10701.5,39.0,3,39236.0,82356.0,55638.04,6,11,16433.0,3444138.08,58437.0,47,8,21443.0,Y,2451.64,current,M,58,MEDIUM,22.8,2,924.0,1,11.0
3636,15639,648.0,7931.0,24296.26,4754.5,26607.0,17416.0,1774.0,531.0,34,46,6,15,91,329000,1,1,1.0,1,19087.6,185097.6,8333.0,5439.0,44855.08,19939.0,11.0,1,56051.0,22484.84,150516.0,6,20,87706.0,51680.49,56860.0,2,104,37769.0,Y,2451.64,current,M,46,MEDIUM,20.8,7,945.0,1,7.0
3637,17778,287006.0,32274.42,4173.0,27976.95,7459.1,25965.89,945.97,10.0,42,1,48,1,34,359000,1,1,1.0,1,14574.8,107692.0,16114.0,5773.0,49097.43,25048.0,11.0,30,30855.0,91991.85,132804.5,6,21,20460.19,49594.5,183163.0,3,13,44255.0,Y,13274.63,saving,M,27,LOW,4.2,7,355.0,1,5.0
3638,9519,3800.0,38229.22,2025.92,37625.5,8132.3,2650.675,4179.0,12.0,3,5,2,1,1,16000,1,1,1.0,1,42460.6091,71944.5,78309.0,19765.0,74468.25,117752.44,90.0,3,49828.0,64609.5,74811.0,2,40,42741.0,73303.85,180284.5,12,65,24134.0,Y,2646.18,current,M,47,MEDIUM,24.3,3,614.0,1,17.0
3639,10179,15191.0,1827.36,2080.0,1577.42,1764.31,23640.8,7854.0,5.0,13,32,5,9,1,0,1,1,1.0,1,684495.7,227697.61,56305.0,14509.0,28387.14,80151.93,103.0,15,242348.0,9450.34,15094.0,6,59,130790.0,23341.89,217167.0,10,12,30418.0,Y,909.46,current,M,39,MEDIUM,13.3,6,314.0,1,2.0
3640,6912,13123.0,21667.6,6348.7,547.52,10739.0,3751.31,1991.0,44.0,71,11,1,14,55,371000,1,1,1.0,1,4731234.6,15395.48,2019.0,-5942.0,92581.33,46022.0,4.0,2,63581.73,38828.21,61986.0,6,34,45713.0,45847.5,48523.0,2,61,27389.0,Y,5477.0,current,M,60,MEDIUM,36.0,2,974.0,0,4.0
3641,2000,4262.0,4678.87,9243.0,2016.46,13594.0,16145.5,16874.0,44.0,99,60,52,3,3,139999,1,1,1.0,1,117168.65,358480.64,68000.0,1500.0,57247.25,52400.99,89.0,6,29350.0,34652.07,70598.0,50,20,28033.0,102969.36,81788.02,4,52,19939.0,Y,1315.36,current,M,27,MEDIUM,2.8000000000000003,4,274.0,1,3.0
3642,5695,127447.0,16311.11,1092.0,4940.5,900.0,8277.0,1414.0,10.0,27,3,3,1,30,56000,1,1,1.0,1,1146.0,146793.0,2130.0,6441.0,25609.0,3846.0,22.0,5,18433.0,24928.73,26821.0,1,38,38822.0,77234.0,962.0,94,17,48012.0,Y,1431.01,saving,M,36,LOW,14.4,9,537.0,1,15.0
3643,5448,4720.0,14147.46,18225.0,4732.99,4002.77,2484.0,28135.0,12.0,37,44,1,4,31,120000,1,1,1.0,1,4834.55,446457.0,610000.0,-5715.49022999999,223.75,48744.0,12.0,2,24254.0,16193.55,238798.0,6,8,17905.0,136932.53,8930.0,3,3,39326.0,Y,5271.01,current,M,36,MEDIUM,9.600000000000001,10,445.0,0,4.0
3644,139,3684.0,17169.47,8173.7,1495.6,10935.0,3229.24,1680.36,56.0,601,72,5,71,13,190000,1,1,1.0,1,192478.0,43545.0,20000.0,2206.0,49033.79,40224.0,62.0,7,19188.66,39664.0,76194.0,1,82,18840.0,23152.1,3413.0,7,21,13813.0,Y,2867.1,current,M,60,MEDIUM,32.0,1,575.0,1,10.0
3645,4432,1514.0,3120.5,20562.68,2139.5,2162.0,11211.71,17167.0,8.0,66,35,60,1,68,327000,1,1,1.0,1,8043.25,470000.0,925.0,6916.0,85621.2,137121.41,4.0,36,23197.0,35979.44,21574.74,2,87,21884.0,24681.03,65209.0,12,27,341.0,Y,38442.24,current,M,38,MEDIUM,5.4,6,355.0,1,11.0
3646,17363,165992.0,216497.09,2270.01,12993.43,11733.7,2891.73,4787.0,8.0,29,50,4,4,30,524000,1,1,1.0,1,140291.6,100934.0,43798.0,9415.0,21179.76,44489.04,63.0,5,26943.0,79440.88,9730.0,17,11,44633.0,30864.58,223104.76,4,18,16604.0,Y,15871.44,current,M,37,LOW,17.0,1,867.0,0,2.0
3647,2286,19252.0,3804.0,12074.28,1599.46,5430.58,2961.5,52104.09,14.0,66,53,4,5,47,518000,1,1,1.0,1,526.25,87578.0,100000.0,0.0,81339.94,36795.0,43.0,13,211068.27,10074.5,72265.0,6,8,25717.0,437.0,59894.0,5,14,19710.96,Y,3007.42,current,M,66,LOW,23.0,7,523.0,1,10.0
3648,7110,25753.0,18780.87,1829.01,6808.19,23568.58,1393.3,1751.0,6.0,5,89,10,1,10,391000,1,1,1.0,1,86865.0,446457.0,519.0,1465.0,33025.25,88935.0,11.0,5,81964.0,27302.02,19274.0,4,12,23014.0,96289.94,18992.75,19,52,19119.4,Y,6798.69,current,M,33,MEDIUM,6.5,2,867.0,1,6.0
3649,12397,19.0,11957.83,14035.0,144463.2,1524.6,7075.5,5019.55,7.0,8,2,1,55,55,17000,1,1,1.0,1,4941.45,76365.24,11545.0,5773.0,56204.02,58043.0,52.0,1,46626.0,11143.0,15929.0,1,5,7732.0,15915.16,809640.0,2,1,13070.0,Y,13904.19,saving,M,62,MEDIUM,29.400000000000002,4,505.0,0,12.0
3650,12379,8238.0,3791.11,16685.96,9650.54,4026.0,8028.0,1299.0,124.0,1,2,3,7,1,212500,1,1,1.0,1,17377.25,157624.24,4812.0,1992.0,43153.52,35089.0,11.0,2,42427.0,158566.63,241730.29,4,21,2951.0,14539.37,21008.5,2,1,15630.0,Y,6093.77,current,M,28,MEDIUM,0.8,7,958.0,1,2.0
3651,8974,13510.0,9769.9,5440.2,3269.45,2483.0,83669.0,2864.0,4.0,18,84,3,21,1,50900,1,1,1.0,1,36368.7,15375.23,24619.0,2351.0,23165.05,35076.0,67.0,4,23895.0,40035.24,63881.0,8,81,47439.0,7672.49,34073.0,3,22,14715.0,Y,4981.26,current,M,66,MEDIUM,23.0,10,525.0,1,10.0
3652,2621,14807.0,40669.43,15049.0,23716.9,2157.0,1274.0,8748.0,1.0,13,6,7,12,3,366000,1,1,1.0,1,46730.2,33668.0,12560.0,2921.0,25180.25,22992.0,16.0,36,22054.0,17061.41,38450.37,43,63,51541.0,40266.69,42401.25,36,65,17999.0,Y,4555.69,current,M,62,MEDIUM,12.600000000000001,5,685.0,1,2.0
3653,1249,275.0,3043.0,3879.0,3699.31,1165.0,9089.6,25982.0,4.0,85,67,15,18,9,79000,1,1,1.0,1,95.0,69370.0,230000.0,-5942.0,229315.05,76197.0,8.0,13,71086.0,162900.0,167754.0,2,20,49404.96,48348.0,42122.0,2,104,30193.0,Y,3184.71,current,M,37,MEDIUM,1.7000000000000002,2,614.0,1,4.0
3654,11300,3004.0,3637.93,4511.29,5667.0,330.9,4737.835,1376.0,15.0,128,59,57,31,3,525000,1,1,1.0,1,2666.4,3651922.3,655.0,2351.0,80782.94,305066.0,82.0,3,19450.0,23717.96,408744.0,0,36,510242.0,36940.58,41471.0,2,38,26045.0,Y,10141.79,saving,M,30,LOW,8.0,1,700.0,1,6.0
3655,2078,327468.0,18686.92,18340.0,1832.66,2553.28,16884.0,25269.0,14.0,128,1,6,3,8,202500,1,1,1.0,1,5210.85,369448.8,1097.0,6885.0,60909.39,21144.0,12.0,19,291612.0,18193.72,10089.0,3,171,19382.0,80310.41,100469.5,3,83,99995.0,Y,5805.75,current,M,29,MEDIUM,0.9,10,424.0,1,6.0
3656,7845,16828.0,16376.99,713.0,80169.0,342.0,6101.0,4016.0,1.0,71,17,52,44,17,512000,1,1,1.0,1,33784.35,409168.15,536.0,5464.0,26180.1,41375.0,24.0,9,20214.0,254520.37,252204.0,45,12,12000.0,76086.55,191292.0,62,106,54365.0,Y,2125.87,current,M,46,HIGH,20.8,3,330.0,1,17.0
3657,17336,4643.0,16541.63,4244.65,2100.0,2483.0,2134.0,14149.0,1.0,30,1,2,3,67,47000,1,1,1.0,1,12850544.36,3651922.3,34550.0,-4664.0,155795.0,15145.0,41.0,2,1021.0,121855.16,76324.5,0,7,48200.0,263625.76,36408.31,8,7,18708.0,Y,207.9,current,M,56,MEDIUM,21.6,9,558.0,1,4.0
3658,5407,9083.0,6215.0,15063.91,14487.0,4906.0,2984.95,3891.73,2.0,18,30,4,6,10,381000,1,1,1.0,1,568.8,202560.0,50000.0,6441.0,100855.11,71961.0,32.0,7,44739.0,8250.0,22207.35,8,82,41800.0,135215.9,45751.26,6,50,403.0,Y,5333.82,current,M,55,MEDIUM,28.0,3,737.0,1,8.0
3659,737,9312.0,7437.17,1360.77,34887.34,518.84,4034.99,5959.0,531.0,2,14,20,4,41,575000,1,1,1.0,1,98543.96,3.59,50000.0,5730.0,81803.43,68223.0,39.0,36,30023.0,14361.0,60065.0,6,171,600.0,82033.1,22885.0,14,18,23743.0,Y,7249.85,current,M,61,MEDIUM,4.1000000000000005,4,268.0,1,14.0
3660,18282,167603.0,7674.04,24024.13,5307.03,2681.03,1229.0,3647.0,4.0,10,50,2,1,6,286000,1,1,1.0,1,100284.85,1475000.0,10271.0,-6301.0,45026.04,10248.96,4.0,7,21686.0,68592.0,57402.59,6,44,14766.0,121549.0,976.21,94,61,106000.0,Y,9421.62,current,M,27,MEDIUM,5.6000000000000005,7,743.0,1,13.0
3661,3544,13610.0,1098.31,3246.0,10634.0,1226.0,4308.535,4183.45,24.0,10,67,1,18,4,359000,1,1,1.0,1,16387435.0,221000.0,20887.0,5464.0,9278.0,65516.0,11.0,7,20874.0,51396.52,32492.86,3,82,16208.0,70940.0,160858.0,94,21,59958.0,Y,4165.67,current,M,30,MEDIUM,5.0,7,265.0,1,16.0
3662,15811,17081.0,732.93,5179.74,24047.48,2398.86,9573.44,7973.0,3.0,27,5,1,21,1,154000,1,1,1.0,1,19265.4,138732.3,12000.0,0.0,67770.9,9225.0,84.0,4,30720.0,106438.75,62783.5,9,81,45476.0,32886.62,1116119.68,11,96,33069.0,Y,1522.69,current,M,51,LOW,21.700000000000003,8,685.0,1,12.0
3663,15389,6067.0,562.0,14094.74,7806.7,382.0,1661.3,12825.4,43.0,10,47,44,3,1,378000,1,1,1.0,1,19265.4,42000.0,68000.0,-4679.0,71343.15,17254.0,42.0,26,27510.0,135943.48,26081.0,5,5,4405.0,70119.63,87666.5,43,103,60117.0,Y,57389.07,current,F,25,MEDIUM,2.0,3,966.0,1,6.0
3664,11370,9632.0,12211.0,24837.02,32927.68,1232.0,8573.0,87.0,5.0,7,3,10,51,30,479000,1,1,1.0,1,4614669.901,470000.0,73217.0,6613.0,131677.06,57515.0,22.0,1,40055.0,60743.49,47089.2,6,8,41411.0,138037.18,64181.0,14,12,107174.0,Y,19364.96,saving,M,62,HIGH,42.0,5,684.0,1,11.0
3665,11413,14586.0,5253.76,3048.0,6958.12,1851.51,6524.0,3704.0,25.0,23,20,45,31,6,184000,1,1,1.0,1,13180.0,397463.9,300500.0,6885.0,55235.78,75820.5,7.0,1,22604.0,87122.45,113438.82,2,108,54922.0,30974.7,25820.25,2,12,19040.0,Y,116.91,current,M,33,MEDIUM,2.6,8,658.0,0,6.0
3666,10301,10199.0,4060.13,808.3,3841.8,13090.0,33868.445,17167.0,16.0,22,49,10,2,44,124000,1,1,1.0,1,23669.0,390700.0,155205.0,0.0,37663.96,171110.0,2.0,4,18508.0,60561.69,74378.5,5,108,113678.0,35787.88,27459.88,5,9,23715.0,Y,1040.65,current,F,62,LOW,33.6,4,523.0,1,13.0
3667,10257,7845.0,7889.0,106.0,723.0,4550.86,11631.19,2028.0,26.0,42,82,4,16,6,252000,1,1,1.0,1,100284.85,27000.0,25524.0,13135.0,42684.0,50647.5,84.0,3,10349.25,3062.0,36091.43,3,20,68235.0,292.8,72235.42,18,76,14310.0,Y,5497.7,current,M,40,MEDIUM,14.0,3,945.0,0,17.0
3668,5074,296686.0,132437.46,6634.0,60539.0,2696.0,5877.2,2270.0,6.0,18,50,24,14,11,44000,1,1,1.0,1,384550.05,43397.0,11545.0,-4664.0,32058.1,34873.0,103.0,4,36884.0,35779.0,19323.0,9,9,19845.0,62635.67,25976.0,4,54,56122.0,Y,3391.2,saving,M,42,LOW,11.0,10,536.0,1,3.0
3669,2406,97435.0,6215.0,2465.0,50645.14,801.0,12377.69,29164.0,6.0,43,29,3,20,17,232000,1,1,1.0,1,568.8,3.0,50000.0,6916.0,109584.0,86672.0,23.0,26,49942.0,62026.43,86927.0,2,5,68595.0,15024.04,183282.0,3,103,14022.0,Y,156.64,current,M,27,MEDIUM,2.1,10,516.0,1,9.0
3670,19989,17841.0,14989.715,7559.0,7623.755,547.0,4363.85,10408.0,4.0,9,7,4,1,4,272000,1,1,1.0,1,370776.0,55000.0,8417.0,4150.0,54780.42,173349.0,6.0,2,21890.0,22917.05,34399.0,5,82,30472.0,40658.79,26141.0,6,49,56660.0,Y,13946.28,current,M,35,MEDIUM,15.0,1,700.0,0,12.0
3671,6231,5053.0,7766.7,435.0,1546.92,9210.51,963.0,1252.22,6.0,77,7,3,17,9,167000,1,1,1.0,1,2533020.0,393982.1,100000.0,5730.0,102090.1,43281.0,103.0,5,34018.0,24435.0,17256.74,5,11,15173.0,77549.32,13232.41,7,12,21302.0,Y,2851.79,current,M,50,MEDIUM,18.0,3,748.0,0,4.0
3672,15420,133977.0,27594.66,8243.4,123673.1,3508.0,3994.2,3395.0,2.0,10,59,47,12,1,212500,1,1,1.0,1,89908.8,45000.0,49975.0,5730.0,35199.44,38156.0,20.0,13,27136.0,23161.06,37272.48,23,20,35436.0,5216.45,10483.0,3,63,149.0,Y,9402.99,current,M,55,HIGH,24.5,6,928.0,0,18.0
3673,10235,13629.0,8395.53,982.0,3252.6,2632.0,5943.32,8806.0,7.0,14,53,10,36,3,129000,1,1,1.0,1,331.2,85300.0,13873.0,1500.0,44792.63,15611.0,24.0,11,43731.0,19634.65,151701.74,0,46,18235.0,159.75,898.0,6,107,18130.0,Y,6164.32,current,M,58,LOW,19.0,3,464.0,1,5.0
3674,9683,83487.0,6869.86,1448.22,7752.0,6368.0,4994.41,13327.6,1.0,2,35,7,9,68,581000,1,1,1.0,1,68908.5,82907.34,678.0,8362.0,44792.63,24040.0,18.0,4,122730.0,149505.28,249849.0,3,7,52586.0,18077.23,250.5,6,57,219951.0,Y,586.55,current,M,47,MEDIUM,16.2,7,536.0,1,18.0
3675,15478,11483.0,40920.21,2489.86,5048.01,1247.84,45417.47,775.0,19.0,9,4,2,4,55,85000,1,1,1.0,1,96218.53,15000.0,155205.0,171.0,2601.5,17385.0,69.0,35,104692.0,40898.75,73088.0,2,16,37683.0,8635.5,247946.64,9,10,29266.0,Y,4583.09,saving,F,25,LOW,3.5,8,805.0,1,7.0
3676,18362,12520.0,1864.28,6034.0,17941.96,8641.35,4564.21,1127.0,32.0,2,50,48,71,1,416000,1,1,1.0,1,1859872.2,25404.0,300500.0,12299.0,25078.32,30951.5,52.0,7,41674.0,36519.0,18548.0,1,2,51283.0,330745.44,466925.0,2,1,44816.0,Y,4601.4,current,M,35,LOW,3.0,7,249.0,1,6.0
3677,7516,118977.0,13855.05,712.0,15801.0,7960.9,29273.89,6667.0,101.0,5,135,2,55,47,167000,1,1,1.0,1,99984.83,2400000.0,25524.0,20324.0,101695.0,58953.0,16.0,4,35296.0,20173.0,83241.0,43,108,29608.0,4118.0,69097.78,9,7,28922.22,Y,16447.45,saving,F,49,MEDIUM,2.9000000000000004,5,858.0,1,10.0
3678,10627,27005.0,3074.0,15697.97,426.65,2248.0,2854.52,2875.0,4.0,30,49,8,21,9,127500,1,1,1.0,1,59703.93,54388.23,43798.0,0.0,70882.93,15611.0,11.0,2,13822.0,142206.58,29763.0,6,11,109775.0,41628.21,63978.0,93,8,5184.0,Y,10486.46,current,M,32,LOW,4.800000000000001,2,123.0,0,6.0
3679,13168,7873.0,5104.69,139.86,11495.5,3110.54,7669.85,4514.0,66.0,71,72,7,11,11,136000,1,1,1.0,1,95.0,109000.0,1209.0,20324.0,37011.66,29729.0,39.0,36,83312.0,235592.92,34728.36,2,81,32944.0,70379.9,55818.54,4,58,28677.0,Y,17350.88,current,M,29,MEDIUM,3.6,9,958.0,0,4.0
3680,795,5083.0,57879.86,16031.0,20734.92,3929.5,8134.0,1090.0,7.0,10,49,22,1,2,87000,1,1,1.0,1,102.95,194099.3,583.0,173.0,14514.45,30561.0,10.0,1,31000.0,72301.75,261209.41,23,25,36493.0,66009.39,55260.0,14,21,16856.0,Y,23750.0,saving,M,55,MEDIUM,31.5,5,446.0,1,2.0
3681,8539,17218.0,2433.93,2294.72,65856.83,4942.05,15335.27,511.0,531.0,2,50,3,62,55,411000,1,1,1.0,1,34249.0,128314.74,4198.0,8572.0,3175.18,74098.0,18.0,4,26725.0,62787.08,1898998.44,9,70,19243.0,55586.01,5146.0,117,0,100113.0,Y,2055.04,current,M,44,MEDIUM,7.2,6,355.0,0,3.0
3682,17446,2853.0,17193.28,679.0,8210.88,3892.52,693.49,7576.0,5.0,23,19,1,1,54,581000,1,1,1.0,1,9717.55,5241.0,6966.0,-5998.43994,28709.15,21412.0,46.0,36,19859.0,64262.21,66089.0,70,7,16250.0,23798.94,99782.5,6,21,24128.0,Y,2601.39,current,M,62,MEDIUM,42.0,5,385.0,1,7.0
3683,13483,20137.0,7521.66,11609.0,2412.08,2799.0,4211.37,355.24,4.0,65,35,2,44,1,306000,1,1,1.0,1,12.19,134890.0,925.0,5730.0,1596.12,57552.0,46.0,2,30308.43,14956.17,21772.0,3,40,20348.0,33882.69,22754.0,19,80,54714.0,Y,5175.29,current,M,46,HIGH,2.6,3,723.0,0,19.0
3684,16246,23962.0,13202.38,2582.4,4133.46,1387.0,4970.265,3184.0,2.0,23,69,17,1,1,49999,1,1,1.0,1,9624.6,429273.4,25524.0,7478.0,61049.92,15209.0,91.0,19,22730.0,7011.48,30798.0,3,7,44401.0,21670.89,70031.0,62,11,392434.0,Y,9381.18,current,M,55,MEDIUM,14.0,7,538.0,1,17.0
3685,6893,35833.0,9660.86,13494.0,4282.13,1160.06,4451.92,10250.0,10.0,84,4,47,14,1,524000,1,1,1.0,1,272677.25,78744.56,16114.0,9827.0,8158.0,20962.0,11.0,3,26179.0,52652.0,33389.0,70,8,688.0,89984.28,68904.0,5,21,216678.0,Y,591.34,current,M,38,LOW,5.4,3,613.0,1,13.0
3686,2757,3657.0,12472.0,4426.0,82264.3,3268.0,3649.0,2346.94,67.0,10,38,1,4,9,402000,1,1,1.0,1,3638.25,10767.53,8417.0,6613.0,54094.0,52874.5,7.0,7,46196.0,150263.75,34658.4,3,7,63112.0,182257.51,378288.0,3,24,16915.0,Y,0.0,current,M,37,LOW,5.1000000000000005,5,258.0,1,9.0
3687,15386,4034.0,21678.15,10811.15,48238.18,1403.0,15825.03,18528.0,5.0,50,7,22,6,2,152000,1,1,1.0,1,26218.0,3651922.3,2019.0,8723.0,55587.01,30612.0,2.0,1,37646.0,48350.0,34285.2,2,21,29326.0,155495.86,4216.0,10,18,495390.0,Y,6663.19,current,M,47,LOW,5.4,9,748.0,0,3.0
3688,1089,9679.0,887.0,1147.39,21313.0,3767.72,10110.0,5623.4,24.0,2,64,15,3,8,17000,1,1,1.0,1,291969.2,55000.0,1255.0,903.0,2193.33,53500.0,11.0,33,21309.0,69072.68,27069.0,2,8,16904.0,106669.22,19032.0,3,25,10460.0,Y,830.71,current,M,46,MEDIUM,5.2,6,647.0,1,2.0
3689,4103,17030.0,18180.0,2854.21,605.62,3489.0,14787.0,7262.0,26.0,65,44,15,5,42,87000,1,1,1.0,1,81872.65,60481.0,130000.0,0.0,13589.23,24365.0,90.0,2,10625.0,33293.0,25879.0,6,50,32281.0,41017.25,28303.0,5,18,16552.0,Y,589.28,current,M,30,MEDIUM,1.0,6,372.0,1,11.0
3690,17258,20370.0,43310.0,441.0,15707.84,2598.0,100116.0,1816.0,14.0,71,16,3,18,8,234000,1,1,1.0,1,225823.8,3084.5,5540.0,0.0,74375.51,154525.0,91.0,7,35711.0,244619.9,2777.0,50,4,90503.0,26537.25,68746.29,14,0,24328.0,Y,3860.77,current,M,28,LOW,4.800000000000001,4,245.0,1,20.0
3691,13622,8785.0,2010.0,11474.75,4294.96,11296.0,1826.0,1140.0,4.0,9,50,4,55,1,650000,1,1,1.0,1,825.0,90829.65,908.0,6409.0,297319.75,43634.0,46.0,36,19320.0,35561.8,337091.0,43,8,40514.0,10029.0,22301.8,13,58,16900.0,Y,4980.52,current,M,42,MEDIUM,15.4,7,355.0,1,17.0
3692,12058,14183.0,22227.0,3690.13,1182.48,860.0,289.5,1654.5,136.0,1,7,52,26,22,524000,1,1,1.0,1,76122.87,1155000.0,519.0,1465.0,62428.9,100235.95,16.0,3,41652.0,26680.0,77359.57,3,12,15483.0,5193.0,800.84,8,32,12462.0,Y,3199.4,current,M,35,MEDIUM,6.0,2,485.0,1,6.0
3693,3504,17520.0,7434.17,5436.89,6961.86,3476.14,44959.74,21927.62,17.0,23,60,30,3,41,519000,1,1,1.0,1,117168.65,500358.79,4699.0,1444.0,197336.76,15158.0,11.0,30,142896.0,33951.5,30711.0,3,24,42514.0,45870.93,39232.0,6,58,27773.0,Y,1746.38,current,M,46,MEDIUM,26.0,1,867.0,1,3.0
3694,5404,18855.0,3540.46,2484.0,21329.83,3773.0,11293.0,10210.0,26.0,10,49,2,12,17,510000,1,1,1.0,1,960000.0,76365.24,19400.0,-5942.0,54347.36,111820.36,10.0,43,30586.0,37185.41,43924.0,0,63,54745.0,29382.25,11.88,3,103,26460.0,Y,77168.14,current,F,47,MEDIUM,10.8,5,385.0,1,17.0
3695,12658,19706.0,3731.91,763.82,14081.0,3873.0,1960.71,1969.0,100.0,7,112,10,9,56,70000,1,1,1.0,1,98543.96,245000.0,711.0,-6301.0,22757.3,32003.0,69.0,4,14248.0,31882.66,50939.31,5,30,18594.0,40558.0,7612.0,12,120,91468.0,Y,11437.24,current,M,56,MEDIUM,18.0,3,743.0,1,2.0
3696,16712,6405.0,4021.0,5296.0,53629.85,21866.0,3979.55,10542.0,2.0,99,47,22,51,10,84000,1,1,1.0,1,1377313.45,33668.0,38599.0,5439.0,24426.25,220201.38,3.0,13,10273.0,29729.69,20856.0,4,12,245433.0,99865.5,80695.03,14,76,114823.0,Y,77.69,saving,M,64,MEDIUM,30.8,9,254.0,1,3.0
3697,2992,96099.0,9766.25,3604.0,5933.5,785.0,11295.05,2212.92,52.0,3,1,6,7,2,574000,1,1,1.0,1,12328.75,63173.17,24619.0,3560.0,121855.0,7227.74,11.0,4,22200.0,31708.34,54085.0,43,14,55883.61,7279.0,15747.0,4,52,35511.0,Y,1867.28,current,M,30,MEDIUM,4.0,2,330.0,1,8.0
3698,17024,125768.0,54038.21,4299.0,12298.86,1084.0,4957.5,1365.0,52.0,10,13,62,25,17,378000,1,1,1.0,1,13180.0,119831.0,4000.0,24326.0,173931.5,55457.47,55.0,19,28180.0,27587.17,51246.16,2,4,38109.0,120334.22,77331.0,58,54,28601.0,Y,15648.96,current,F,62,MEDIUM,21.0,5,488.0,1,6.0
3699,7828,4857.0,2305.44,1047.0,3130.5,6294.09,3274.22,4620.0,136.0,3,4,25,7,34,119000,1,1,1.0,1,331.2,470000.0,96558.0,0.0,148310.55,29665.0,70.0,5,140250.0,91217.35,126973.0,2,13,43604.0,35235.75,52041.0,9,11,67797.0,Y,204.98,current,F,32,MEDIUM,6.0,8,249.0,1,20.0
3700,5139,11565.0,7185.0,758.0,7510.31,9305.0,16744.0,8056.0,7.0,23,67,11,2,1,411000,1,1,1.0,1,1482778.95,57345.0,694.0,2921.0,87465.89,386.35,147.0,2,26594.0,47179.94,90796.0,4,171,47034.0,62093.21,28059.0,94,49,87706.0,Y,813.52,saving,M,33,LOW,13.0,7,593.0,0,20.0
3701,16992,15448.0,41360.0,8957.0,20434.59,1527.0,1695.39,2871.0,10.0,65,74,5,1,79,256000,1,1,1.0,1,15250.79,82907.34,12337.0,6885.0,25047.75,18858.0,42.0,26,12505.0,21447.42,171177.0,0,8,28472.63,26309.35,39012.75,3,11,31901.0,Y,10526.97,current,M,35,MEDIUM,1.5,4,233.0,1,5.0
3702,2210,10961.0,9814.26,4483.56,47122.0,1572.0,11898.0,11923.0,531.0,29,13,24,1,79,100000,1,1,1.0,1,34249.0,760470.3,13873.0,5350.0,87784.0,38691.0,23.0,0,87332.0,89655.0,41564.5,4,14,22215.0,12884.63,140769.0,6,50,41458.0,Y,235.49,current,M,29,MEDIUM,9.0,4,523.0,1,6.0
3703,12010,22892.0,2773.27,10621.73,1294.54,3182.0,12368.0,1361.1,66.0,66,47,2,25,3,524000,1,1,1.0,1,48422.7,267421.4,12560.0,173.0,23885.42,48323.0,46.0,15,24544.0,75841.6,55335.0,35,7,28683.0,48015.7,42360.0,6,10,20615.0,Y,6657.14,current,M,56,MEDIUM,3.6,1,454.0,1,8.0
3704,15868,18436.0,18889.2,4033.94,1160.75,2410.0,3653.0,8243.0,2.0,1,49,48,9,5,53000,1,1,1.0,1,137260.8,12971.0,19081.0,-5998.43994,155123.55,120137.0,5.0,4,3000000.0,49249.5,9293.0,45,11,40121.0,6150.75,15023.0,2,11,18044.0,Y,1382.71,saving,M,40,MEDIUM,8.0,8,537.0,1,20.0
3705,14677,2441.0,2775.21,4857.0,10328.93,4255.76,10036.75,7974.0,1.0,30,27,48,25,98,300000,1,1,1.0,1,70310.6,161648.0,768.0,5439.0,172692.1,126836.0,77.0,2,34619.0,11099.63,47385.0,70,8,61622.0,23451.0,181922.75,6,103,14023.0,Y,27649.94,current,M,29,LOW,8.1,7,858.0,0,8.0
3706,7917,13649.0,2629.5,2018.33,180336.83,1425.22,29968.17,9530.01,4.0,27,44,21,12,17,193730,1,1,1.0,1,173732.5,107692.0,2156.0,-6281.37987999999,28204.38,38115.0,39.0,3,98276.0,27070.44,29317.0,6,20,69894.0,113450.69,20166.0,13,57,54350.0,Y,19481.55,current,M,35,LOW,6.0,7,363.0,1,17.0
3707,71,3815.0,37935.635,10936.0,6352.0,2186.14,10152.5,1361.1,43.0,36,16,1,27,56,429000,1,1,1.0,1,9717.55,162288.3,23032.0,6885.0,35696.5,848.0,10.0,5,32978.0,23016.0,46014.0,9,82,31205.0,9646.6,14387.2,12,3,58643.0,Y,65009.12,current,M,62,MEDIUM,29.400000000000002,9,737.0,1,8.0
3708,10895,3203.0,19406.42,2079.78,1585.0,5118.0,10222.685,232.0,6.0,13,35,4,62,36,17000,1,1,1.0,1,111.4,66.0,2841.0,-5998.43994,30553.0,61815.0,10.0,5,88907.0,6351.82,70258.0,2,108,22231.0,399198.57,1755.0,94,13,250000.0,Y,18261.92,current,F,28,MEDIUM,8.0,5,887.0,0,5.0
3709,9675,59697.0,13554.48,5712.0,2547.5,2181.94,89801.87,3240.0,9.0,85,82,4,6,56,338000,1,1,1.0,1,250631.8,103000.0,49975.0,1500.0,52276.75,10262.0,18.0,1,9262.75,16492.25,77026.0,1,81,26172.0,34716.97,35055.0,21,103,9094.0,Y,2612.08,current,M,32,LOW,8.4,3,753.0,1,15.0
3710,9077,12248.0,3082.0,16513.08,4632.0,9436.5,3997.0,834.0,6.0,6,49,24,8,2,330000,1,1,1.0,1,9717.55,185097.6,2158.0,-4679.0,111228.49,31048.9,11.0,36,11913.0,30318.69,63923.0,1,81,104991.0,38149.0,44181.75,4,32,90742.0,Y,4058.65,saving,M,30,MEDIUM,4.0,3,525.0,1,9.0
3711,16098,19601.0,47646.93,1950.0,19970.28,6904.33,709.34,221.0,32.0,4,9,4,45,42,329000,1,1,1.0,1,1235.85,278360.16,1097.0,2000.0,28031.56,425197.0,20.0,3,116875.22,8005.69,56406.55,0,69,24906.0,79858.25,50472.0,8,75,52979.0,Y,3953.58,current,M,63,MEDIUM,4.3,7,486.0,1,14.0
3712,10362,18323.0,27930.38,24296.26,3381.71,1016.0,13955.98,16874.0,9.0,3,3,3,31,1,139000,1,1,1.0,1,39851.93,76365.24,2500.0,0.0,54422.57,100739.0,70.0,36,31450.0,50030.52,35261.0,2,28,24216.0,46541.19,18077.0,2,103,44874.0,Y,38585.55,current,M,60,HIGH,12.0,6,700.0,1,12.0
3713,4185,8254.0,60007.29,24837.02,52737.65,2598.0,29711.02,23197.0,531.0,1,7,1,2,9,199999,1,1,1.0,1,4230125.0,674291.83,300500.0,0.0,17098.19,24774.0,62.0,1,40723.0,16121.0,6012.34,43,50,30629.0,73886.88,34983.76,21,9,427.0,Y,12407.87,current,M,28,MEDIUM,0.8,3,448.0,0,9.0
3714,16461,8842.0,15427.485,3994.8,6412.04,10853.06,22828.0,108013.0,26.0,18,5,8,1,4,98000,1,1,1.0,1,11878.6,70164.0,100000.0,-5998.43994,51380.91,50193.37,42.0,3,44833.0,9984.77,31992.0,45,14,54614.0,20916.54,47410.0,7,76,17070.0,Y,122.55,saving,M,42,LOW,2.2,9,299.0,1,16.0
3715,4461,87144.0,1057.5,39739.0,3484.0,224.0,7925.345,83247.0,57.0,23,73,1,6,4,581000,1,1,1.0,1,186189.0,107639.28,19081.0,1332.0,94597.01,23603.0,22.0,2,33909.0,54918.0,119155.0,2,6,15593.25,152976.41,45836.0,49,104,20287.0,Y,5512.03,current,M,35,LOW,7.5,10,802.0,1,17.0
3716,13318,943.0,37028.14,23128.0,1529.0,611.0,13891.0,4446.0,1.0,26,87,18,1,6,87000,1,1,1.0,1,319201.67,30000.0,50000.0,14509.0,48699.86,21898.0,18.0,1,74616.0,169924.6,110690.22,1,50,15225.0,49156.24,815.0,16,83,66688.32,Y,11016.09,saving,M,27,MEDIUM,6.300000000000001,3,818.0,1,8.0
3717,6357,20092.0,14006.03,2522.0,1511.49,1945.0,1708.0,1581.0,6.0,23,1,8,3,7,293000,1,1,1.0,1,566914.0,95000.0,50000.0,12174.0,150153.76,102457.0,84.0,36,17527.0,50017.88,415099.0,31,89,8627.0,23441.67,24062.0,94,3,37234.0,Y,12523.11,current,M,53,LOW,16.5,2,249.0,0,10.0
3718,11703,14318.0,6944.54,16839.45,2778.42,13561.0,10640.995,22839.0,57.0,29,16,5,5,2,256000,1,1,1.0,1,68908.5,194099.3,11545.0,-5942.0,75823.36,32746.0,42.0,5,135156.0,34633.0,130099.0,3,13,24061.0,50196.18,36037.0,2,104,14715.0,Y,3361.32,current,M,32,LOW,8.4,7,658.0,0,16.0
3719,7094,107554.0,3998.37,637.9,14105.82,248.9,16004.53,4043.0,12.0,2,47,11,4,54,44000,1,1,1.0,1,116771.25,110135.86,3570.0,10210.0,27235.75,71054.88,147.0,0,103300.0,78465.14,21890.0,2,50,29538.0,69371.21,128936.5,4,37,14833.0,Y,2254.65,current,M,30,LOW,3.0,8,503.0,0,3.0
3720,18289,5023.0,6996.0,27123.0,9121.27,6085.0,29388.555,3782.0,100.0,99,20,8,24,56,80000,1,1,1.0,1,26360.0,148150.33,655.0,-5998.43994,57250.38,36958.0,7.0,13,64005.12,43160.35,40116.0,9,50,24744.0,46214.33,19311.0,4,50,63130.0,Y,1424.24,current,M,47,MEDIUM,16.2,3,883.0,1,16.0
3721,16622,99254.0,10768.71,982.0,16221.0,8358.36,2425.53,14253.0,57.0,19,9,2,20,16,17000,1,1,1.0,1,526.25,110135.86,2019.0,9415.0,50895.24,18559.0,2.0,2,33887.0,29032.2,24876.0,2,82,24598.0,6851.02,40318.75,2,63,37772.0,Y,13.36,current,F,27,LOW,1.4000000000000001,4,299.0,1,3.0
3722,2230,124403.0,9644.2,11814.16,25207.93,1271.75,59678.14,18295.0,26.0,38,11,8,2,8,110000,1,1,1.0,1,153410.0,43394.0,24717.0,1500.0,60601.93,16214.0,69.0,23,62822.0,161549.03,27248.75,2,49,23093.0,25906.55,39416.0,5,37,19609.0,Y,2677.75,current,M,44,MEDIUM,14.4,1,314.0,1,19.0
3723,17774,19259.0,31642.0,12408.0,13999.5,11257.0,21007.655,298.0,2.0,50,50,42,1,4,750000,1,1,1.0,1,52209.5,144025.0,5905.0,903.0,22757.3,1300.0,41.0,36,7865.0,2003.5,39311.91,43,46,33567.5,49717.32,30624.0,16,83,17861.0,Y,79.07,current,M,42,MEDIUM,15.4,10,386.0,1,20.0
3724,14286,18469.0,121960.0,11022.88,1613.5,22946.87,6248.71,511.0,1.0,2,72,2,3,70,19000,1,1,1.0,1,568.8,79828.0,18257.0,1444.0,156628.87,27003.41,18.0,13,35146.0,34111.46,42419.71,3,6,60029.0,50285.5,306382.69,6,75,11202.12,Y,14282.37,current,M,53,MEDIUM,3.3000000000000003,6,595.0,1,8.0
3725,11112,213928.0,23883.59,40718.42,10998.72,3050.9,3807.65,3384.41,2.0,5,48,48,9,42,87000,1,1,1.0,1,47.35,165970.9,908.0,2351.0,54429.5,23704.04,16.0,29,37460.0,7407.36,44475.0,43,8,83084.0,62311.0,55847.57,11,83,23907.0,Y,19957.98,current,M,39,LOW,13.3,2,424.0,1,18.0
3726,11016,28824.0,23245.64,6345.0,973.0,4454.0,5502.555,293.0,1.0,8,112,25,31,1,58000,1,1,1.0,1,74899.55,43021.0,50000.0,1992.0,180023.66,40950.01,11.0,23,14958.0,23102.0,5192.0,2,59,55806.0,19543.26,26086.0,3,12,36545.0,Y,12675.3,saving,M,223,MEDIUM,40.6,2,631.0,1,14.0
3727,14758,12730.0,63214.8,3825.0,6753.0,10407.5,327.0,4674.28,32.0,1,7,50,1,1,579000,1,1,1.0,1,3938.25,6574.31,300500.0,20513.0,55790.77,100739.0,70.0,31,24274.0,66091.77,32461.5,1,44,49459.0,184521.37,35406.87,93,11,19554.0,Y,12195.25,current,M,47,LOW,2.7,6,325.0,0,8.0
3728,7112,17300.0,35560.0,362.0,1964.5,7108.76,5113.23,9252.24,24.0,23,59,20,1,79,461000,1,1,1.0,1,2720.0,10947.0,48950.0,2351.0,247597.51,21387.0,2.0,17,78060.0,9185.57,26068.5,24,82,690.0,3657.4,30737.3,5,22,9626.0,Y,2278.26,current,M,40,LOW,8.0,8,299.0,0,14.0
3729,10463,1465.0,8847.8,1547.0,7246.0,34689.0,16994.5,3839.03,531.0,13,82,1,6,2,350000,1,1,1.0,1,3950.0,11772.76,6000.0,12174.0,12672.61,325519.64,42.0,9,30439.0,36150.29,62396.0,43,7,24734.0,122754.54,48805.88,6,15,45912.0,Y,3574.27,current,M,40,MEDIUM,12.0,4,750.0,0,9.0
3730,3682,7666.0,28656.0,13141.3,1173.0,1425.22,5541.0,945.97,7.0,34,110,25,2,98,300000,1,1,1.0,1,205595.43,107692.0,29542.0,0.0,2831121.0,55180.0,55.0,7,19026.0,20918.5,69110.87,3,6,15483.0,23341.89,33837.0,12,58,551.0,Y,2706.22,current,M,53,MEDIUM,19.8,2,566.0,0,10.0
3731,1070,342707.0,57476.34,3753.0,1693.66,3480.0,15290.0,389.0,4.0,77,67,53,15,1,68250,1,1,1.0,1,8370.8,100934.0,610000.0,167.0,38545.86,127607.0,20.0,36,28248.15,2204.5,19177.71,3,25,94771.0,39524.58,8877.98,4,61,64354.0,Y,904.65,current,M,32,LOW,6.0,7,454.0,1,9.0
3732,3210,15077.0,36382.62,2666.95,3959.5,4550.86,6278.1,6787.54,531.0,85,82,3,6,4,483000,1,1,1.0,1,1940.45,33668.0,69493.0,1332.0,113481.88,22440.65,90.0,5,42846.0,3598.33,60992.3,8,8,14441.0,33605.3,61951.0,9,22,17686.0,Y,1537.42,current,M,56,MEDIUM,32.4,2,539.0,1,18.0
3733,4326,93152.0,11442.31,12118.2,1352.0,3740.0,1300.57,6044.0,2.0,10,112,2,21,80,845000,1,1,1.0,1,33111020.0,1372927.14,56305.0,-6301.0,228773.0,77990.09,42.0,0,34426.0,56995.77,122214.33,4,108,19231.84,44678.83,18724.0,41,32,30608.0,Y,10649.31,saving,F,50,LOW,27.0,6,911.0,1,6.0
3734,7377,135880.0,6009.52,1194.57,2878.46,11774.04,2439.0,1530.35,1.0,8,44,3,9,34,104000,1,1,1.0,1,20049.0,208652.0,25728.0,1411.0,67322.25,43909.0,46.0,26,84789.0,98746.0,23380.35,1,82,23708.0,58982.16,42600.34,58,42,49359.0,Y,2136.25,current,M,62,LOW,21.0,5,883.0,0,13.0
3735,13340,10259.0,16221.0,4467.0,10228.06,7888.0,2404.0,3242.0,531.0,36,5,35,2,70,170000,1,1,1.0,1,19265.4,82907.34,505.0,2351.0,53675.25,23722.0,11.0,5,27875.0,49388.0,18436.0,7,25,21334.0,55728.35,47719.85,8,7,35201.33,Y,1656.73,current,M,32,MEDIUM,9.600000000000001,4,865.0,1,11.0
3736,8192,12014.0,20100.0,4988.34,27479.49,3050.9,18365.46,555.09,6.0,10,50,24,18,47,518000,1,1,1.0,1,48230.5,202560.0,6000.0,8723.0,25668.55,55202.0,6.0,2,81874.0,115962.59,22681.0,9,34,44140.0,251289.91,106721.0,4,42,232596.0,Y,57243.38,current,M,46,MEDIUM,7.800000000000001,2,809.0,1,15.0
3737,14206,14464.0,6719.52,4704.0,2426.78,399.24,3039.0,554.0,67.0,5,2,50,1,58,520000,1,1,1.0,1,72383.25,31000.0,3792.0,173.0,12504.5,100155.0,4.0,1,105980.0,48484.09,18848.0,43,34,61.4,52895.09,18992.75,4,32,26886.0,Y,2500.0,current,F,60,LOW,20.0,6,385.0,1,2.0
3738,18269,2893.0,6269.7,501.21,1120.3,1558.0,11272.625,40728.0,12.0,66,13,15,5,98,477000,1,1,1.0,1,39851.93,129149.19,50000.0,-5715.49022999999,24363.0,40165.0,5.0,6,16900.0,12321.81,4028.0,45,12,52158.0,44736.79,50088.0,94,32,40011.0,Y,9758.48,current,M,61,LOW,24.6,9,325.0,1,18.0
3739,13077,134450.0,18102.66,11316.0,22153.49,50934.0,16189.0,7808.85,7.0,26,35,50,15,28,192000,1,1,1.0,1,21511.8,440000.0,583.0,173.0,24482.29,85377.0,16.0,36,12102.7,13489.5,177550.0,4,40,14726.0,35423.16,19588.0,1,21,105846.0,Y,2186.05,saving,M,28,MEDIUM,2.4000000000000004,3,123.0,1,11.0
3740,16025,32467.0,229048.05,1520.81,2831.0,14628.34,6036.01,5745.0,8.0,47,5,42,62,68,340000,1,1,1.0,1,19957.5,108788.0,33774.0,5730.0,26641.1,52940.64,103.0,2,31289.0,61608.92,77908.0,5,82,10852.0,113915.03,53010.0,7,25,61918.0,Y,1116.81,current,M,28,LOW,4.800000000000001,9,863.0,1,14.0
3741,16953,13903.0,12515.53,12669.15,1421.0,4505.0,3616.0,1231.5,7.0,29,44,1,3,6,371000,1,1,1.0,1,0.35,21577.06,30000.0,14509.0,35369.76,37711.41,91.0,15,16411.0,86081.88,100175.0,0,13,16964.0,104045.77,75870.0,18,40,26179.0,Y,13.36,current,F,38,MEDIUM,14.4,9,643.0,1,20.0
3742,5344,16930.0,5079.53,15279.61,8676.0,8653.0,4181.64,722.74,24.0,11,4,2,4,41,98000,1,1,1.0,1,348533.0,79828.0,230000.0,171.0,34538.0,22847.0,11.0,1,40977.0,43007.47,22291.42,2,8,9750.0,366073.63,29044.0,12,83,28760.0,Y,1233.28,current,M,35,MEDIUM,10.5,4,685.0,1,17.0
3743,11705,10155.0,2729.62,12880.0,6487.77,12241.55,9573.44,2860.0,92.0,23,50,24,1,8,125000,1,1,1.0,1,1488748.8,470000.0,49975.0,1465.0,50991.83,75690.2,10.0,0,199900.0,14059.41,66983.02,5,7,13830.0,109739.82,23647.0,10,13,25606.0,Y,1740.45,saving,M,37,MEDIUM,5.1000000000000005,5,508.0,1,12.0
3744,10509,20384.0,25019.0,5916.0,3338.92,6204.0,16157.045,3098.0,17.0,60,16,25,11,47,28000,1,1,1.0,1,1263221.7,165970.9,126001.0,5464.0,52722.12,19419.0,4.0,4,52600.0,85322.5,1054267.0,3,82,40885.0,6954.63,24229.0,40,7,427.0,Y,7801.21,current,M,34,LOW,8.4,5,508.0,1,20.0
3745,12091,12415.0,3586.33,5424.0,3090.0,3740.0,22579.0,3575.0,5.0,5,50,25,1,30,153000,1,1,1.0,1,47936.43,76365.24,25111.0,-3506.17993,69217.52,59447.0,46.0,26,15257.0,32747.64,145211.0,1,20,14722.0,278347.01,45526.5,22,113,56930.0,Y,5319.33,current,M,55,HIGH,17.5,8,928.0,1,19.0
3746,1397,22641.0,93518.0,1288.25,17659.0,277.1,6021.16,8418.5,6.0,46,9,1,3,1,395000,1,1,1.0,1,54201.87,82907.34,1630.0,1332.0,56919.18,43093.0,52.0,6,45733.0,10753.0,97929.0,3,44,38989.0,96963.0,10019.0,12,106,63749.0,Y,882.47,saving,M,32,MEDIUM,9.600000000000001,6,355.0,0,16.0
3747,19624,5230.0,12281.02,4290.0,45147.17,1871.0,6459.385,6452.0,7.0,26,13,2,1,44,54000,1,1,1.0,1,319201.67,51000.0,13873.0,7478.0,23623.83,29750.0,36.0,3,23676.0,16014.0,34352.0,3,20,193000.0,29040.72,19201.0,11,76,7582.5,Y,3439.01,current,F,66,HIGH,46.0,7,385.0,1,16.0
3748,7902,312595.0,7050.0,2826.0,24520.0,9991.76,6790.0,790.0,60.0,14,71,2,3,2,408000,1,1,1.0,1,40440.4,12971.0,527.0,19765.0,31512.01,90022.0,29.0,4,51772.0,12731.75,119414.0,9,82,109039.0,49608.88,185715.0,6,54,8620.0,Y,14644.29,current,M,28,MEDIUM,0.8,7,354.0,1,20.0
3749,4533,125879.0,10768.71,10503.05,31368.62,963.24,135481.84,1315.0,4.0,27,105,17,1,1,267000,1,1,1.0,1,60050.0,376600.5,230000.0,6916.0,18373.5,20350.0,4.0,4,20213.0,52832.15,49334.0,1,20,19231.84,76096.46,70993.0,3,0,40700.0,Y,15092.58,current,M,27,MEDIUM,5.6000000000000005,6,324.0,1,12.0
3750,5770,46683.0,12464.34,2136.51,23385.92,3671.7,5164.0,25239.0,4.0,26,27,3,1,11,350000,1,1,1.0,1,185669.2,100000.0,12016.0,9827.0,67940.48,108836.0,11.0,25,33549.0,53636.65,110168.0,35,108,35543.0,12205.36,84691.17,58,80,122782.0,Y,3026.2,current,M,29,HIGH,2.7,3,863.0,1,12.0
3751,6385,12815.0,843.0,5113.0,9845.52,2876.0,2652.41,2729.0,9.0,3,6,5,4,4,378000,1,1,1.0,1,42460.6091,85300.0,2156.0,-4324.0,4129.13,855.0,2.0,3,30554.0,54189.36,40460.86,5,12,27658.0,7202.92,20537.0,3,103,16301.0,Y,2882.71,current,M,35,LOW,15.0,3,537.0,0,19.0
3752,17675,400.0,43332.37,2820.87,1294.54,6294.09,3878.0,4043.0,18.0,1,1,8,60,47,340000,1,1,1.0,1,24832.0,2625.16,2214.0,1429.0,9258.84,36210.25,10.0,2,17140.0,31299.0,124910.86,1,8,15146.0,122408.13,21933.0,7,79,93448.0,Y,3384.71,saving,F,34,MEDIUM,12.600000000000001,1,685.0,1,3.0
3753,6845,17001.0,5237.31,6785.0,3676.45,3023.0,9030.105,2404.82,57.0,99,47,15,1,31,47000,1,1,1.0,1,61186.36,273221.0,3792.0,1500.0,35696.5,32154.0,95.0,3,28568.0,10021.17,73378.0,2,82,20696.0,136179.26,73203.0,2,104,22738.37,Y,43485.0,current,M,47,MEDIUM,5.4,2,801.0,0,19.0
3754,16832,18407.0,15791.08,1329.15,5728.96,9410.15,26434.0,4368.74,5.0,128,13,48,1,98,425000,1,1,1.0,1,3950.0,31033.0,4198.0,2921.0,6868.96,33371.59,40.0,7,203689.35,51468.71,49120.0,9,108,20670.0,83713.84,73905.0,13,3,8935.0,Y,971.01,saving,M,33,MEDIUM,6.5,3,516.0,1,2.0
3755,16521,15983.0,15934.91,208.55,8750.34,12633.0,4616.0,3558.3,4.0,50,48,42,2,4,341000,1,1,1.0,1,123295.4,46500.0,16215.0,1332.0,24806.21,13553.0,55.0,30,10564.0,25775.0,119467.0,4,82,44838.0,29095.41,98697.0,14,83,33391.0,Y,13723.45,current,M,62,MEDIUM,25.200000000000003,2,244.0,0,20.0
3756,18558,15339.0,12462.47,10966.59,10885.12,2887.48,8256.6,25269.0,4.0,84,52,2,3,18,102000,1,1,1.0,1,153410.0,992890.32,300500.0,-5998.43994,1646.95,228896.0,10.0,1,25682.0,33997.5,84567.37,3,82,99440.0,11843.48,131180.0,21,63,40379.0,Y,12370.12,current,M,29,MEDIUM,3.6,10,802.0,1,14.0
3757,38,16853.0,24235.28,10994.14,6236.56,22304.86,8085.0,1999.0,6.0,1,52,44,24,5,167000,1,1,1.0,1,291969.2,24703.0,5797.0,12415.0,53787.0,48317.0,91.0,6,18433.0,72007.25,1400.5,4,7,27936.0,63562.1,4828.0,49,103,35450.0,Y,18717.09,saving,M,55,LOW,10.5,7,928.0,1,11.0
3758,10016,13221.0,6079.66,2270.01,33417.35,1084.0,7679.0,9252.24,8.0,56,1,3,2,80,358000,1,1,1.0,1,803155.7,138732.3,23500.0,5340.0,36328.79,50107.0,68.0,36,63166.0,48138.96,321685.0,1,11,22518.0,57281.23,261965.51,36,3,39362.0,Y,6744.25,current,M,34,MEDIUM,11.200000000000001,2,488.0,1,5.0
3759,13349,35605.0,48450.86,2511.55,23922.0,905.0,4019.0,12868.0,7.0,2,89,2,20,34,406000,1,1,1.0,1,55700.0,21698.0,825.0,0.0,64904.66,38224.0,5.0,0,33491.0,85773.14,68039.0,1,8,19101.0,18426.31,348145.0,6,106,19789.0,Y,1503.89,saving,M,42,HIGH,19.8,8,574.0,1,13.0
3760,231,17850.0,10308.04,452.4,21519.66,8033.84,5145.62,9488.52,17.0,30,13,25,56,79,0,1,1,1.0,1,65887.8,120000.0,4198.0,12174.0,23216.95,53508.0,0.0,3,32927.0,80306.93,33966.0,31,12,43589.0,112318.19,18420.0,12,50,16219.0,Y,2330.32,current,M,223,HIGH,81.2,1,805.0,1,5.0
3761,1091,850.0,22542.36,5607.23,6909.5,9679.12,7048.0,1600.0,60.0,10,47,25,1,36,750000,1,1,1.0,1,29424.37,100000.0,3975.0,-5998.43994,48602.24,54163.91,6.0,14,53732.0,24835.63,29538.0,6,70,56421.0,15353.05,31028.36,15,24,35695.0,Y,3195.82,current,M,62,MEDIUM,4.2,7,346.0,0,18.0
3762,3707,9416.0,39661.0,5297.0,3271.0,6946.0,14137.0,603.64,531.0,128,50,1,4,44,520000,1,1,1.0,1,170590.75,360000.0,1633.0,8723.0,2074.0,79721.0,2.0,17,594088.0,87169.83,37929.29,43,82,25467.0,49097.0,356.25,3,18,28295.0,Y,42.79,current,F,222,MEDIUM,202.0,10,583.0,1,12.0
3763,14654,399716.0,22597.16,6942.0,3269.32,6798.45,4637.525,6829.18,24.0,23,10,1,6,8,19000,1,1,1.0,1,46730.2,77000.0,24619.0,-6301.0,141599.25,119878.05,10.0,1,39935.0,93171.68,35354.26,9,8,42214.0,56954.9,254908.02,21,3,27711.0,Y,2391.74,saving,M,37,MEDIUM,1.7000000000000002,10,771.0,1,8.0
3764,14764,18915.0,11994.0,4135.15,22504.43,5861.0,4395.0,3074.0,6.0,3,13,2,20,1,39000,1,1,1.0,1,144555.95,50000.0,300500.0,0.0,18806.84,56964.0,11.0,2,25125.0,39216.46,33134.0,2,8,29143.0,45934.0,161343.0,44,79,31321.0,Y,4526.12,current,M,27,MEDIUM,2.1,8,448.0,1,7.0
3765,10396,86063.0,1726.045,5301.3,7256.05,465.86,6021.16,8626.22,44.0,83,44,7,2,98,369000,1,1,1.0,1,9832490.0,82907.34,230000.0,5773.0,70691.38,106976.0,79.0,36,26445.8,518.5,12893.0,3,171,28287.0,15626.5,162412.0,3,15,103893.0,Y,1650.39,current,M,220,MEDIUM,140.0,8,928.0,0,17.0
3766,16902,12940.0,11125.5,3860.45,15485.6,26964.94,14777.145,6829.18,5.0,84,5,1,1,79,429000,1,1,1.0,1,165907.57,446457.0,519.0,1079.0,41236.44,9783.0,7.0,26,35152.0,94264.24,15760.0,43,13,12767.0,49700.51,25115.0,47,76,8700.52,Y,3568.38,current,M,63,MEDIUM,25.8,1,296.0,1,20.0
3767,5793,18230.0,14402.09,3483.0,62460.0,20372.58,2880.885,10250.0,1.0,20,14,50,2,58,150000,1,1,1.0,1,40440.4,154121.9,33774.0,6885.0,16142.75,88935.0,11.0,5,59690.0,23143.0,40028.0,6,12,44572.0,118443.93,36677.0,2,0,16873.0,Y,10245.86,saving,F,33,MEDIUM,7.800000000000001,6,537.0,1,15.0
3768,16755,317947.0,4415.14,502.52,36099.4,5346.0,2714.0,1489.0,57.0,99,10,7,2,8,501000,1,1,1.0,1,811.0,560000.0,130000.0,7478.0,39377.41,8264.0,24.0,3,46454.54,53.75,66354.0,4,82,38535.25,78401.07,111496.0,40,79,32556.28,Y,2917.19,current,M,38,LOW,14.4,4,269.0,1,11.0
3769,4404,9292.0,2090.78,3244.69,9333.0,878.0,1971.14,23629.3,6.0,26,1,18,11,3,595000,1,1,1.0,1,151000.0,42723.0,3792.0,6441.0,54347.36,120021.0,42.0,1,204000.0,32741.51,27617.0,50,7,11617.0,54511.66,25758.0,7,7,18000.0,Y,0.0,current,M,60,LOW,24.0,6,385.0,1,19.0
3770,11745,4248.0,23771.86,1085.0,17820.16,2067.5,2266.92,6190.0,16.0,26,2,1,36,70,167000,1,1,1.0,1,40440.4,784499.0,100000.0,903.0,76560.25,48440.0,46.0,1,27510.0,36015.75,43487.0,3,0,34500.0,11688.81,4139.0,21,15,9584.0,Y,6073.28,saving,M,33,MEDIUM,7.800000000000001,5,969.0,1,14.0
3771,11544,9504.0,1866.42,3136.0,1810.4,37483.84,5823.01,5661.0,10.0,2,5,57,26,47,568000,1,1,1.0,1,10006.2,238000.0,536.0,0.0,251628.11,45014.0,0.0,17,5300.0,92339.13,161515.0,9,20,100093.0,173071.0,75291.0,43,107,93448.0,Y,104.5,current,M,66,MEDIUM,36.800000000000004,4,866.0,1,16.0
3772,9994,18074.0,13664.07,6783.0,19249.5,6045.75,5589.0,7779.0,7.0,32,38,44,1,41,750000,1,1,1.0,1,506688.65,108788.0,55000.0,6885.0,112819.66,28626.0,5.0,0,36342.0,36309.22,20381.0,8,7,130790.0,225230.0,51443.29,3,58,16768.61,Y,2215.15,current,M,47,LOW,27.0,6,743.0,0,6.0
3773,13026,339554.0,10428.37,4467.0,24051.75,1521.0,5215.0,6308.88,1.0,29,102,1,3,3,263000,1,1,1.0,1,98062.5,1425000.0,2644.0,5439.0,84676.19,243132.59,46.0,2,14800.0,29665.06,146978.0,0,25,1275.0,58847.88,164708.9,2,38,41241.0,Y,11088.2,current,M,50,MEDIUM,30.0,4,799.0,0,10.0
3774,19443,14378.0,1802.15,2724.0,1204.0,3376.5,4564.715,6870.0,7.0,61,67,1,12,80,184000,1,1,1.0,1,977377.25,64491.0,300500.0,12415.0,30035.0,76780.0,62.0,17,75900.0,2392.39,33221.0,2,105,51541.0,83794.94,90280.0,5,11,34364.0,Y,7449.8,current,F,55,LOW,7.0,3,805.0,1,4.0
3775,3962,9393.0,18309.7,9201.0,14449.34,39005.3,1721.0,11160.0,4.0,10,60,50,18,2,28000,1,1,1.0,1,23221.65,30453.0,26241.0,1444.0,40607.49,68743.2,29.0,6,5800.0,160161.55,15072.0,2,18,112218.0,27179.0,64079.0,6,1,49775.27,Y,18388.55,current,F,223,MEDIUM,121.80000000000001,3,683.0,1,8.0
3776,18459,7083.0,4258.26,4137.8,26757.91,31742.01,940.0,9900.72,17.0,77,6,18,25,47,120000,1,1,1.0,1,53374.97,7194.0,43798.0,-5942.0,192320.87,39884.5,48.0,13,96303.0,85296.45,101343.0,4,44,31962.0,16132.46,1212.0,4,25,43877.0,Y,5396.27,current,F,42,LOW,11.0,9,723.0,1,12.0
3777,17730,60775.0,419.0,3550.0,8708.23,8830.0,39776.625,2683.35,26.0,65,1,30,20,11,300000,1,1,1.0,1,165907.57,64491.0,2156.0,6885.0,72718.8,86322.0,3.0,4,22565.0,3071.0,55868.0,8,108,10625.0,17770.37,119562.75,2,49,27448.0,Y,2169.61,current,M,69,MEDIUM,14.700000000000001,7,244.0,1,17.0
3778,8780,83728.0,5475.1,1955.0,7058.92,4239.0,3888.525,2121.72,10.0,2,5,12,1,30,461000,1,1,1.0,1,192428.25,254348.9,96558.0,5464.0,12672.61,68260.0,4.0,11,236068.0,94993.0,294602.0,2,78,57126.0,23703.51,6173.0,5,9,149500.0,Y,1711.53,current,M,60,LOW,36.0,10,809.0,1,14.0
3779,11632,2394.0,2058.0,6220.29,8416.0,492.0,12295.0,2040.0,8.0,29,35,62,4,64,83000,1,1,1.0,1,15250.79,77000.0,2214.0,6885.0,189.25,45711.0,4.0,3,60578.0,56592.0,14396.0,43,0,110938.0,3730.17,56860.0,3,2,49210.0,Y,1625.28,current,M,62,MEDIUM,16.8,4,614.0,0,15.0
3780,9673,4691.0,20513.34,3691.9,3106.93,769.5,15299.5,2976.5,3.0,36,44,1,2,54,47000,1,1,1.0,1,82.4,36359.0,3975.0,-5942.0,69456.25,13916.0,52.0,3,48505.0,66684.0,164765.0,11,8,62211.9,80337.99,62158.0,3,50,28658.0,Y,2129.42,current,M,34,MEDIUM,7.0,5,355.0,1,19.0
3781,8124,12859.0,19290.56,11820.52,3667.84,1980.25,11199.58,3613.85,50.0,26,5,3,12,47,27000,1,1,1.0,1,33111020.0,70164.0,678.0,5464.0,30420.74,49593.0,4.0,4,53007.0,326197.94,24383.0,20,82,97916.0,45015.44,50699.0,8,8,31581.0,Y,9967.06,current,M,60,LOW,8.0,4,653.0,1,16.0
3782,10404,298781.0,16913.06,3884.65,10071.0,6324.92,625.21,2725.0,66.0,36,7,82,1,2,378000,1,1,1.0,1,241.65,382191.0,583.0,977.0,10329.25,106770.5,12.0,2,25181.0,46459.0,3977.0,4,29,82512.0,41342.88,65209.0,3,49,37973.08,Y,8443.85,current,M,31,HIGH,2.2,10,966.0,0,19.0
3783,1090,10659.0,1991.0,4882.12,8837.75,1159.96,6681.32,792.0,17.0,9,82,48,36,9,199999,1,1,1.0,1,44575.0,78050.0,2156.0,12174.0,52222.03,22333.62,5.0,2,183846.0,175123.95,30950.5,2,81,53211.0,26823.0,65633.5,1,8,21971.0,Y,1123.12,current,M,62,MEDIUM,16.8,7,614.0,0,8.0
3784,14738,5814.0,1665.0,1834.04,19723.0,21096.75,20454.0,1401.0,2.0,1,44,4,2,98,233000,1,1,1.0,1,22086.05,16000.0,5905.0,20324.0,51764.37,10690.0,62.0,36,12515.0,374028.95,12375.0,43,14,5600.0,96590.13,642439.0,58,58,16163.0,Y,6935.16,current,M,120,MEDIUM,20.0,10,243.0,0,6.0
3785,5391,2289.0,9414.2,455.78,3288.51,2629.2,14141.0,8246.0,3.0,37,48,45,1,47,520000,1,1,1.0,1,1208.25,376694.91,12000.0,24326.0,36474.75,97278.5,52.0,3,2750.0,14646.35,22467.0,6,40,30575.0,219528.3,50337.0,58,1,46347.0,Y,3943.97,current,M,63,LOW,34.4,4,743.0,0,17.0
3786,16551,174035.0,21127.0,5529.0,2139.5,8195.11,1268.19,4236.0,67.0,77,50,45,6,1,30000,1,1,1.0,1,168.75,385218.7,891.0,-6281.37987999999,103301.0,79074.0,42.0,19,29598.0,11092.42,106861.75,2,20,33224.0,93930.85,1768645.21,3,11,501.0,Y,2896.24,current,M,60,MEDIUM,20.0,3,748.0,1,11.0
3787,13829,13561.0,7114.45,12058.0,29349.0,4055.02,4477.52,3067.36,6.0,10,13,25,5,12,26000,1,1,1.0,1,447490.0,94885.9,111825.0,-4679.0,25560.0,22456.7,72.0,31,51250.0,76394.71,31851.0,70,21,18471.0,57490.0,127017.0,14,12,63489.0,Y,9462.0,current,M,37,MEDIUM,13.600000000000001,1,799.0,0,19.0
3788,2508,11816.0,19092.5,2372.0,30524.8,7513.0,22997.3,9388.0,6.0,3,102,7,2,58,80000,1,1,1.0,1,48624.7,237365.38,48950.0,6885.0,34210.68,59644.0,29.0,31,58603.22,37761.47,9342.0,6,14,43264.0,12285.5,26732.5,94,73,31727.0,Y,13090.22,current,M,34,MEDIUM,4.2,3,247.0,1,14.0
3789,5502,320384.0,102337.2,13120.0,44034.86,1997.0,3977.0,393.0,92.0,10,102,48,3,1,198000,1,1,1.0,1,593.2,84.32,48950.0,5439.0,28431.6,48079.0,42.0,43,26367.0,21241.87,101416.61,47,5,37023.0,44346.64,161082.03,2,58,60769.0,Y,7490.14,saving,M,36,LOW,16.0,7,394.0,0,12.0
3790,8590,15545.0,2500.0,5410.0,12003.34,5390.0,8263.0,2045.52,24.0,36,5,3,1,5,447000,1,1,1.0,1,384550.05,15957.0,6000.0,4314.0,63224.83,31440.49,4.0,3,54975.0,59167.71,37046.0,71,8,30171.0,62274.0,28476.0,39,2,100439.0,Y,11071.72,current,M,66,MEDIUM,18.400000000000002,3,305.0,1,11.0
3791,12101,116832.0,10236.0,7063.0,17755.46,465.86,6717.0,3926.0,531.0,26,87,1,9,81,293000,1,1,1.0,1,55700.0,120000.0,30071.0,1992.0,47485.0,59093.0,7.0,1,10940.19,48069.76,4083.0,2,8,22152.0,110100.45,64999.65,4,21,26964.78,Y,3630.86,current,M,60,MEDIUM,16.0,6,736.0,1,2.0
3792,6351,1226.0,4874.46,10913.0,13919.37,23525.31,4099.0,1704.52,44.0,2,1,7,2,1,429000,1,1,1.0,1,671039.05,50000.0,2156.0,20324.0,141200.75,26676.0,17.0,26,39438.0,43150.45,592919.85,2,8,32971.0,39458.97,138213.02,12,37,26800.0,Y,1315.36,current,M,25,LOW,2.0,6,588.0,1,3.0
3793,12509,15498.0,7675.76,1333.0,2681.36,2485.0,981.08,1139.0,66.0,5,19,30,2,80,172000,1,1,1.0,1,40440.4,76365.24,4699.0,6885.0,75480.12,200341.0,0.0,1,42592.0,3992.87,147363.0,9,8,34882.0,130214.32,67814.0,3,8,96738.0,Y,5476.02,current,M,223,MEDIUM,40.6,6,623.0,0,7.0
3794,17797,52213.0,929.16,758.0,2630.0,3493.0,6455.85,6170.0,10.0,56,52,24,18,1,505000,1,1,1.0,1,115.45,11772.76,12000.0,1500.0,59131.5,28443.0,11.0,2,34584.0,35527.13,88378.0,2,2,32457.0,9815.0,148216.5,2,11,20859.0,Y,17350.88,current,M,29,LOW,7.2,9,723.0,0,4.0
3795,7890,222670.0,29046.0,829.0,26862.0,8454.5,15652.2,26325.0,12.0,47,35,2,1,54,17000,1,1,1.0,1,1859872.2,11000.0,13873.0,14509.0,61437.25,293327.0,18.0,2,41100.0,19392.96,11047.0,2,29,800.0,93571.39,42429.0,12,6,15036.0,Y,272.87,current,M,27,MEDIUM,2.1,10,394.0,1,9.0
3796,15540,20209.0,11710.0,4475.99,13737.29,3493.0,29410.0,1364.14,101.0,10,50,22,6,10,27000,1,1,1.0,1,716556.5,12257.0,4000.0,8572.0,96338.0,22220.0,62.0,35,111266.0,8181.62,80886.0,70,2,51308.0,9601.26,75279.0,47,14,55970.0,Y,926.24,saving,M,38,MEDIUM,16.2,8,296.0,1,20.0
3797,2741,761.0,28150.0,289.0,6052.94,1717.0,4495.48,577.8,15.0,71,14,50,26,47,164000,1,1,1.0,1,19866.0,11897.0,28985.0,9415.0,57567.0,53021.0,11.0,3,9643.34,21055.29,219072.0,31,12,11372.0,41485.46,32114.0,117,65,551.0,Y,1490.12,current,M,37,MEDIUM,15.3,9,647.0,1,3.0
3798,5711,17846.0,61802.23,3151.5,21628.26,1767.0,9957.755,1022.0,7.0,3,50,57,9,75,53000,1,1,1.0,1,111.0,64309.52,5591.0,1500.0,114265.53,29186.0,48.0,13,62613.0,124824.73,88378.0,1,20,27225.0,41973.58,111408.0,5,38,39833.0,Y,7568.3,current,M,37,LOW,5.1000000000000005,7,366.0,1,19.0
3799,11862,11327.0,22307.0,28534.79,27015.5,5706.0,6689.1,1634.0,44.0,26,89,3,4,47,307000,1,1,1.0,1,3950.0,107692.0,51520.0,1429.0,32742.22,73044.0,42.0,2,61652.0,38414.88,25599.0,1,43,62122.0,21501.5,18536.0,12,79,12530.0,Y,36.2,current,M,62,MEDIUM,21.0,8,799.0,1,6.0
3800,3144,295030.0,3311.0,7433.0,8869.17,1139.0,4938.09,143.0,136.0,23,44,1,3,13,579000,1,1,1.0,1,1910215.0,3084.5,230000.0,1079.0,16136.36,261073.0,63.0,3,22730.0,35050.88,60086.0,4,50,77600.0,91599.11,808.0,14,0,37102.0,Y,18223.5,saving,M,55,LOW,7.0,8,370.0,1,2.0
3801,7493,1930.0,262979.34,457.0,2283.68,3425.0,5049.5,5258.0,3.0,99,9,1,2,5,366000,1,1,1.0,1,7455797.87,143000.0,130000.0,5340.0,102090.1,9566.91,8.0,3,14385.04,82936.5,31803.0,2,7,77619.0,7196.5,88388.0,14,80,31153.0,Y,7125.81,current,M,40,MEDIUM,8.0,3,945.0,1,5.0
3802,7413,6390.0,10638.97,780.46,8443.18,5390.0,11154.7,53481.24,12.0,23,4,48,23,1,44000,1,1,1.0,1,3070.5,176487.6,1727.0,-6301.0,124312.0,148800.0,32.0,25,26668.0,10209.46,21089.0,43,8,22746.0,158398.0,40176.5,14,58,25830.0,Y,5114.67,saving,M,36,MEDIUM,6.4,10,710.0,1,19.0
3803,10839,10704.0,5547.88,6850.41,941.5,9762.0,6021.16,1113.0,12.0,46,4,3,3,2,59000,1,1,1.0,1,2002.36,992890.32,13873.0,1500.0,142530.0,32296.0,35.0,2,28421.0,167917.32,314.09,43,23,12330.0,399117.27,42886.0,18,63,611762.0,Y,571.05,current,M,47,LOW,16.2,9,614.0,1,8.0
3804,11099,2640.0,24627.0,4658.29,25585.0,2700.0,3203.175,513.75,5.0,36,82,42,2,34,100000,1,1,1.0,1,13762.5,470000.0,57899.0,903.0,139814.59,37127.0,91.0,1,48029.0,15516.6,16712.0,50,81,62816.0,83248.44,14231.0,4,3,66028.0,Y,1953.73,current,M,222,MEDIUM,181.8,9,628.0,1,6.0
3805,2387,11196.0,14638.54,14963.97,121074.15,4062.0,1331.85,3002.0,12.0,93,11,50,3,25,68000,1,1,1.0,1,354.5,27000.0,28985.0,1500.0,69726.84,104934.0,52.0,5,40139.0,5960.05,11682.0,7,21,40692.0,25033.6,85457.0,117,75,60151.0,Y,4617.41,saving,M,33,MEDIUM,13.0,10,243.0,0,3.0
3806,13709,1581.0,9080.45,1719.0,3249.5,1634.26,13156.0,589.52,12.0,83,30,20,1,56,461000,1,1,1.0,1,3070.5,82907.34,96497.0,844.0,84547.25,25689.5,24.0,2,29907.0,30898.0,76072.1,9,7,5350.0,24239.88,55237.0,2,18,37258.0,Y,6627.84,saving,M,44,HIGH,2.4000000000000004,6,685.0,1,4.0
3807,19229,4069.0,9766.25,12880.0,12642.1,898.0,3531.11,1112.0,3.0,20,42,4,7,6,167000,1,1,1.0,1,111.4,227697.61,925.0,-6885.0,23077.25,11087.0,18.0,23,506.0,41369.63,47702.0,1,86,30733.0,26143.04,15895.0,4,11,23546.0,Y,2831.43,current,M,33,MEDIUM,6.5,10,249.0,1,18.0
3808,12420,82235.0,1573.01,25204.0,9270.0,2700.84,3772.0,1841.35,6.0,10,6,4,4,80,381000,1,1,1.0,1,33111020.0,165970.9,800.0,0.0,16832.25,175513.0,52.0,4,14417.0,52342.94,76106.0,4,14,89250.0,19305.7,674145.0,6,80,24250.5,Y,4388.67,current,M,47,MEDIUM,13.5,7,700.0,0,16.0
3809,4117,24677.0,19158.33,1268.0,1856.92,498.0,8999.5,1916.8,1.0,5,30,48,2,98,13000,1,1,1.0,1,139323.25,18300.0,24250.0,5439.0,45568.0,315481.44,11.0,1,17715.0,8570.0,19310.0,1,44,124528.0,49398.0,79320.0,6,11,21194.0,Y,2406.72,current,M,34,MEDIUM,9.8,4,537.0,0,2.0
3810,1558,8904.0,2202.59,95.0,24256.08,13104.0,14973.89,3606.0,44.0,29,29,7,15,30,358000,1,1,1.0,1,1417886.15,118983.0,25524.0,-4664.0,97323.64,35942.0,2.0,1,63728.0,120915.99,47067.0,11,13,18842.0,24278.26,65060.0,3,63,107174.0,Y,3763.37,saving,M,35,MEDIUM,7.5,8,485.0,0,14.0
3811,19571,5317.0,13962.79,1725.0,4636.58,656.67,177.0,5959.0,3.0,85,7,10,26,1,373000,1,1,1.0,1,81872.65,67555.67,694.0,6885.0,47452.0,20234.0,18.0,1,21730.0,5173.0,68925.0,1,171,25500.0,28340.7,44977.0,4,120,38853.0,Y,422857.0,current,M,58,MEDIUM,7.6000000000000005,7,537.0,1,13.0
3812,6799,12406.0,4736.24,1766.5,10713.11,6284.0,4809.0,3327.0,7.0,26,4,48,6,91,157000,1,1,1.0,1,225823.8,560000.0,126001.0,10455.0,41474.0,5642.65,32.0,2,31000.0,77829.98,74184.0,3,50,281169.0,105499.84,632.0,9,49,23352.0,Y,40438.02,saving,M,28,MEDIUM,6.4,1,537.0,1,19.0
3813,3221,6993.0,14270.0,1315.0,12468.23,1607.72,4801.0,681.0,14.0,66,87,24,1,11,453000,1,1,1.0,1,48624.7,470000.0,12016.0,0.0,98681.04,17434.0,18.0,36,17402.0,21484.29,853.03,0,6,18626.0,56545.89,25367.58,5,50,24862.19,Y,2567.54,current,M,66,LOW,27.6,10,448.0,0,18.0
3814,18540,19721.0,38993.54,9647.57,13976.08,5542.73,23066.0,577.8,10.0,99,48,1,3,11,461000,1,1,1.0,1,165907.57,560000.0,248000.0,-12179.0,52440.24,36811.26,10.0,1,31572.0,72229.12,12467.0,50,8,10175.0,35226.0,179967.0,6,11,61645.0,Y,942.97,current,M,28,MEDIUM,8.0,3,860.0,1,13.0
3815,2083,335213.0,1263.32,2440.85,34429.74,12978.38,2163.81,3328.34,10.0,71,38,1,2,79,100000,1,1,1.0,1,566914.0,120000.0,16114.0,-3506.17993,37843.0,119886.0,147.0,9,16632.0,18725.61,27230.5,11,8,36991.0,26587.09,38943.0,94,10,46486.0,Y,5753.57,current,M,47,MEDIUM,18.900000000000002,6,516.0,1,8.0
3816,14204,28298.0,24592.7,653.0,818.0,5739.87,1685.0,2959.0,29.0,32,48,8,2,44,784000,1,1,1.0,1,474401.25,201000.0,37274.0,12415.0,33652.44,25010.39,10.0,0,96641.0,35046.95,155090.0,1,78,136503.0,44133.3,37542.5,5,8,28842.0,Y,302.01,current,F,47,MEDIUM,5.4,10,485.0,1,19.0
3817,13529,8200.0,20546.0,15635.0,1116.95,38552.03,223.0,1773.0,92.0,29,49,52,2,41,16000,1,1,1.0,1,3070.5,280000.0,43798.0,9827.0,201325.63,73097.0,82.0,19,135000.0,14934.18,6012.34,50,7,120.34,75970.0,54659.0,3,107,28760.0,Y,3294.91,current,M,37,LOW,5.1000000000000005,7,314.0,0,5.0
3818,17246,16879.0,24410.73,5677.0,945.07,4618.0,3132.43,30020.0,4.0,23,84,25,6,1,461000,1,1,1.0,1,5383.25,446457.0,300500.0,10210.0,584656.31,45723.0,79.0,13,680000.0,138447.5,110552.0,7,5,336405.0,131879.89,28369.0,2,113,38294.0,Y,1640.31,current,M,118,MEDIUM,68.60000000000001,2,575.0,1,11.0
3819,610,178882.0,16249.79,4667.0,6115.89,4794.27,11606.04,4938.85,100.0,10,19,4,9,6,483000,1,1,1.0,1,5809950.0,64491.0,1515.0,6916.0,34366.58,21361.0,4.0,1,21735.0,75289.31,7167.0,0,105,27646.1,18980.34,61804.56,4,37,25449.0,Y,5905.4,current,M,36,MEDIUM,9.600000000000001,5,558.0,1,7.0
3820,12847,3870.0,14585.0,662.0,5167.71,494.04,3123.5,2486.2,6.0,6,3,2,2,1,68000,1,1,1.0,1,250631.8,187788.1,6146.0,0.0,20426.61,85224.0,90.0,36,51171.0,90729.13,144104.0,0,7,44149.0,40568.08,884.5,3,58,35958.0,Y,2441.86,saving,M,40,MEDIUM,4.0,9,506.0,1,11.0
3821,5639,14286.0,3614.375,1047.07,27852.0,106.0,3778.0,2115.0,6.0,2,6,57,3,1,156000,1,1,1.0,1,48422.7,119898.8,4000.0,5773.0,275891.88,20467.0,42.0,5,31782.0,8636.0,26821.0,1,13,22309.0,5660.61,102552.0,1,13,20005.0,Y,2578.6,current,M,49,LOW,14.5,9,588.0,1,7.0
3822,4072,6831.0,22575.0,4137.8,21217.0,2810.0,8428.0,475.0,10.0,61,2,42,1,17,380000,1,1,1.0,1,21220.0,280000.0,583.0,-5439.0,12672.61,31410.0,42.0,7,8039.0,16102.42,57662.0,43,81,12271.0,69484.85,749.57,58,75,35408.95,Y,44380.43,current,M,37,MEDIUM,5.1000000000000005,6,883.0,1,11.0
3823,3062,329700.0,17008.945,1194.57,34526.35,3271.0,13156.0,2555.3,50.0,18,44,3,6,1,47000,1,1,1.0,1,36122.87,545000.0,891.0,1500.0,64611.78,23672.0,6.0,2,46800.0,93910.39,46197.0,70,29,71952.0,53905.5,104398.0,12,1,23795.0,Y,7734.92,current,M,33,MEDIUM,5.2,10,653.0,0,19.0
3824,16112,18468.0,15272.15,1356.45,23324.0,2770.86,4209.6,4912.0,19.0,17,11,4,38,47,507000,1,1,1.0,1,166331.66,78386.0,462.0,1429.0,59106.49,37114.5,42.0,4,25187.0,359810.71,201513.81,6,20,31078.0,123398.25,100384.0,3,38,348703.0,Y,2712.82,current,M,40,MEDIUM,10.0,4,863.0,1,11.0
3825,3688,123039.0,19254.08,6362.0,10215.54,9529.0,7467.0,1607.0,10.0,26,71,57,56,1,232000,1,1,1.0,1,67833.35,187788.1,68000.0,5340.0,71838.74,57101.0,20.0,4,30275.0,198100.84,116290.0,1,13,57370.0,93225.19,84470.0,6,58,41471.0,Y,7493.52,saving,M,35,MEDIUM,1.5,1,249.0,1,7.0
3826,6375,3995.0,4282.2,7284.16,9728.0,463.0,1070.5,619.52,7.0,23,13,47,31,2,98000,1,1,1.0,1,5308.1,10701.0,33774.0,-4664.0,97429.87,102134.0,52.0,13,55267.0,29573.93,12007.0,19,12,23093.0,38525.12,82157.59,8,35,58363.0,Y,7029.36,current,F,29,LOW,0.9,6,428.0,1,16.0
3827,4313,179526.0,20405.59,22558.0,5189.0,2061.68,1955.48,3223.0,5.0,10,135,1,3,1,141000,1,1,1.0,1,41070.0,64491.0,3975.0,6885.0,67456.28,99316.0,29.0,5,20667.0,57913.57,1959.5,4,25,48555.0,31119.07,276893.68,36,3,33994.0,Y,6719.88,saving,M,62,MEDIUM,12.600000000000001,10,882.0,1,13.0
3828,9550,3235.0,77019.28,6480.28,198192.0,1548.34,4242.57,2761.0,56.0,18,4,5,21,3,523000,1,1,1.0,1,3101.3,150000.0,130000.0,0.0,30297.51,33557.35,36.0,1,69302.86,7502.82,28907.5,2,70,15463.0,104309.4,62079.0,49,21,16634.0,Y,4939.22,saving,M,221,MEDIUM,80.4,8,537.0,1,16.0
3829,5275,10127.0,3775.2,426.0,22429.0,1366.9,11996.0,1282.0,2.0,37,64,4,51,2,191000,1,1,1.0,1,77855.0,470000.0,6100.0,-4664.0,45257.76,107426.02,77.0,1,22330.0,15291.35,68204.0,31,4,8141.0,23185.48,26487.0,7,3,77000.0,Y,7477.67,current,F,37,LOW,11.9,10,465.0,1,5.0
3830,18316,13121.0,11436.0,4372.65,40857.165,1533.0,126754.17,4505.0,16.0,5,7,10,9,1,378000,1,1,1.0,1,270.0,60481.0,1060.0,20324.0,21981.0,28347.82,52.0,0,21783.0,85109.76,80127.0,2,78,28010.0,47985.69,130260.0,93,80,29734.0,Y,1634.17,current,M,35,LOW,6.0,2,866.0,1,6.0
3831,8627,45308.0,42523.85,5898.0,9004.25,10406.5,5541.0,2756.02,14.0,26,23,50,31,34,358000,1,1,1.0,1,197067.2,397463.9,130000.0,14509.0,45861.81,17557.12,79.0,1,21435.0,28113.5,21689.0,4,82,600.0,20577.61,89601.61,12,96,23884.0,Y,237.96,current,M,40,MEDIUM,20.0,5,638.0,1,9.0
3832,6151,296417.0,57668.48,2938.52,3448.6,21538.0,18570.0,2622.0,29.0,71,6,4,7,98,139999,1,1,1.0,1,107686.46,470000.0,4699.0,903.0,135614.01,99779.0,63.0,3,75549.0,231999.06,173945.0,4,82,385963.0,5315.25,27495.0,3,12,75326.0,Y,3578.17,current,M,55,LOW,28.0,6,937.0,1,9.0
3833,10533,244615.0,10488.0,798.0,10130.0,6648.14,10829.0,4461.0,10.0,84,32,1,3,6,198000,1,1,1.0,1,39853.9,159415.3,15654.0,-5942.0,52276.75,27141.0,18.0,30,16769.0,24969.48,151641.5,17,13,25835.0,25417.04,53555.5,5,83,2390.0,Y,1977.1,current,F,49,MEDIUM,20.3,9,796.0,1,8.0
3834,7606,108371.0,781.0,2478.0,12149.12,9519.88,1678.0,3122.0,12.0,128,13,15,31,1,199999,1,1,1.0,1,3247.5,125000.0,5981.0,12174.0,37454.62,29729.0,37.0,5,214.0,15297.88,18257.0,9,1,35226.0,66968.37,5264.0,21,63,202432.5,Y,1166.02,current,M,32,LOW,4.800000000000001,6,866.0,0,18.0
3835,18593,20312.0,6330.86,3659.93,11500.81,3279.0,17467.85,1574.0,2.0,3,27,1,44,3,523000,1,1,1.0,1,78472.48,77965.0,130000.0,14509.0,109731.63,35089.0,29.0,2,48299.0,76414.5,170908.0,3,86,86800.0,45955.27,84562.0,12,2,70575.0,Y,38210.02,saving,M,33,HIGH,5.2,6,243.0,1,10.0
3836,17341,5252.0,6928.81,4023.0,78663.31,15063.0,457.0,3096.0,63.0,2,10,20,2,5,49999,1,1,1.0,1,970271.35,184514.0,3570.0,12174.0,46630.81,18785.88,39.0,3,20525.0,340887.49,29677.0,50,23,2951.0,88375.19,16644.31,43,9,30107.0,Y,64043.88,current,M,32,HIGH,12.0,7,614.0,1,16.0
3837,665,12685.0,1681.06,1058.28,4511.42,1364.65,23037.0,944.0,8.0,29,49,57,1,34,489000,1,1,1.0,1,8209320.0,66.0,5797.0,5730.0,12900.0,38554.0,18.0,5,11989.7,61443.57,69776.0,43,20,2555.95,77012.22,36477.77,2,10,11646.0,Y,1394.66,current,M,49,LOW,2.9000000000000004,7,355.0,1,19.0
3838,14728,18544.0,3768.92,8958.0,6721.25,181.0,2139.0,582.0,3.0,23,13,57,51,1,27000,1,1,1.0,1,506688.65,2400000.0,1633.0,1429.0,45382.38,19698.0,43.0,9,36776.0,10426.99,30751.0,11,171,49164.0,31054.28,130199.65,6,13,39693.0,Y,3125.05,saving,M,37,MEDIUM,6.800000000000001,8,355.0,1,6.0
3839,659,17716.0,15325.1,4613.0,31334.0,3516.0,6300.0,7922.0,15.0,56,16,5,6,68,255000,1,1,1.0,1,2533020.0,97523.61,15654.0,3735.0,10643.34,100463.0,29.0,4,27205.0,13527.0,116144.0,0,42,22790.0,7564.5,348145.0,94,3,44992.0,Y,261.01,saving,M,44,MEDIUM,24.0,8,536.0,0,17.0
3840,7719,38488.0,11878.0,8670.65,24528.34,3006.92,2981.0,5244.0,56.0,23,27,42,1,36,134000,1,1,1.0,1,25976.2,50000.0,583.0,8572.0,100478.86,29851.0,10.0,26,36184.43,41443.44,20008.0,43,70,33421.0,24585.06,49354.0,4,18,68192.0,Y,7094.47,current,M,37,MEDIUM,11.9,2,256.0,1,9.0
3841,2317,16177.0,17045.0,1831.97,5817.76,7366.41,19449.0,3779.67,7.0,6,79,24,2,41,443000,1,1,1.0,1,8531560.0,200926.0,711.0,3735.0,58162.0,28467.0,42.0,26,18320.0,32131.0,23810.0,5,4,17883.0,20693.2,20779.52,5,79,26729.0,Y,13371.4,current,M,37,LOW,10.200000000000001,3,249.0,1,4.0
3842,19159,14647.0,15431.0,8173.7,10045.31,2710.0,3549.0,4933.0,7.0,23,27,30,4,6,391000,1,1,1.0,1,140291.6,142608.5,1143.0,2008.0,22125.5,147599.0,10.0,4,40615.0,60164.0,58577.0,31,5,188115.0,93038.17,99182.0,42,68,45295.0,Y,346.8,current,M,47,MEDIUM,24.3,5,249.0,0,6.0
3843,13748,12746.0,24471.45,1401.35,2080.99,2218.73,11174.0,2860.0,10.0,4,89,1,5,22,244000,1,1,1.0,1,120781.35,211406.19,30011.0,1992.0,22022.24,109399.0,46.0,5,61214.0,40626.75,209663.46,1,21,16216.0,111646.0,16279.0,4,104,97062.0,Y,4412.02,current,M,33,LOW,2.6,8,488.0,1,10.0
3844,14888,19915.0,20126.2,4135.15,4060.0,608.79,10411.54,7697.0,7.0,5,4,1,25,1,345000,1,1,1.0,1,52506.0,1400000.0,4367.0,3735.0,41970.25,172808.9,35.0,4,33022.0,58524.75,28054.0,2,21,43560.0,26680.72,60449.57,2,15,12647.0,Y,3184.71,current,M,32,LOW,8.4,5,883.0,1,8.0
3845,12995,5799.0,3148.0,2258.31,6013.07,4100.69,5621.115,1646.0,92.0,20,50,1,3,2,16000,1,1,1.0,1,27316.5,125000.0,130000.0,1465.0,32236.54,129190.0,16.0,7,40199.0,15272.0,25336.6,0,82,17207.0,101897.77,41103.25,10,57,22419.0,Y,421.64,current,M,40,MEDIUM,12.0,6,880.0,1,3.0
3846,15341,7825.0,3184.15,7747.91,17470.29,7714.3,3544.61,103639.0,60.0,22,30,21,15,8,403000,1,1,1.0,1,71191.8,5350.0,130000.0,5439.0,42725.88,30127.0,48.0,1,76174.0,39384.0,106702.48,1,171,25583.0,44849.83,123656.0,2,2,28870.0,Y,3530.18,saving,M,60,LOW,36.0,9,880.0,1,19.0
3847,17210,15426.0,10525.55,6453.0,3616.92,431.0,798.02,2189.0,124.0,2,19,30,2,55,565000,1,1,1.0,1,3618670.8,330001.0,6738.0,3897.0,74023.01,637.3,90.0,3,15763.0,22036.0,10153.0,9,5,15741.0,3542.0,75540.0,2,18,129000.0,Y,14294.14,current,F,66,MEDIUM,13.8,7,503.0,1,7.0
3848,12775,5316.0,10028.0,1004.0,48593.0,14628.34,8542.0,10408.0,100.0,42,4,2,5,9,232000,1,1,1.0,1,76.0,19.39,25728.0,-5715.49022999999,9258.84,18071.0,69.0,0,41715.0,149682.73,83295.0,31,8,30635.0,29873.9,74510.0,2,83,64354.0,Y,7569.49,saving,M,64,MEDIUM,4.4,7,355.0,1,19.0
3849,2228,12366.0,29743.08,24657.17,4535.0,26053.19,3536.895,11432.0,100.0,8,16,3,23,56,27000,1,1,1.0,1,51291.45,446457.0,43798.0,3897.0,55833.91,115875.0,5.0,0,77883.0,115167.76,9134.58,1,78,33950.6,37760.28,790.0,3,14,49468.0,Y,4864.54,saving,F,58,MEDIUM,22.8,8,370.0,0,10.0
3850,18705,120182.0,12891.74,25792.91,11754.5,5331.24,6167.64,13972.0,8.0,5,48,19,2,18,352000,1,1,1.0,1,140790.0,141473.07,30011.0,886.0,54352.32,63345.0,3.0,23,16498.0,136544.41,275312.0,6,30,129842.0,25763.11,32967.0,2,124,1160.0,Y,15866.63,current,M,29,MEDIUM,6.300000000000001,8,883.0,1,14.0
3851,4179,5350.0,7350.0,5097.46,35841.72,13125.0,13725.995,1784.0,1.0,31,47,53,16,16,202500,1,1,1.0,1,1360.0,25404.0,148474.0,5464.0,10179.58,25830.0,5.0,2,120500.0,34111.46,17068.0,4,5,50172.95,23246.12,47251.0,94,2,21011.0,Y,6817.89,saving,F,27,HIGH,6.300000000000001,1,249.0,1,12.0
3852,13793,13993.0,1159.8,1425.0,23542.29,17038.61,3634.66,246.0,25.0,85,82,42,26,10,59000,1,1,1.0,1,11827.75,380000.0,48374.0,0.0,130368.15,44689.24,10.0,0,47964.0,88130.25,191198.0,43,8,12675.0,38750.68,101399.0,58,1,24616.0,Y,0.46,current,F,32,LOW,9.600000000000001,2,247.0,1,15.0
3853,17132,296442.0,14250.35,3602.82,4294.0,911223.49,16650.0,6324.0,6.0,128,84,4,18,2,19000,1,1,1.0,1,89908.8,5350.0,536.0,10210.0,65951.5,30549.0,20.0,7,19712.0,73665.27,24767.5,5,21,1280000.0,83466.86,76528.0,10,0,19278.0,Y,18862.4,current,M,60,LOW,24.0,6,737.0,1,19.0
3854,4369,403208.0,2803.0,2743.0,9004.25,7228.54,11098.4,954.0,6.0,27,19,24,1,1,378000,1,1,1.0,1,6.164,895000.0,300500.0,1444.0,56654.32,21792.0,46.0,28,23368.0,34630.29,33840.61,7,4,49404.96,53853.02,16472.5,42,11,48529.0,Y,2793.56,current,M,67,MEDIUM,28.200000000000003,7,867.0,1,9.0
3855,1763,17596.0,1515.85,10621.73,4694.69,1031.0,50297.0,4597.0,10.0,26,14,5,4,1,581000,1,1,1.0,1,6440.0,267421.4,25524.0,-402.0,76263.25,4287.0,11.0,4,39669.0,50307.97,19201.0,17,86,57435.0,83904.34,69134.5,36,7,37165.0,Y,11840.42,current,M,35,LOW,6.0,5,945.0,0,17.0
3856,797,239786.0,14598.3,8615.96,50645.14,3257.22,6762.46,785.26,6.0,20,38,5,25,10,525000,1,1,1.0,1,59703.93,730000.0,579.0,6885.0,20170.25,30207.0,5.0,1,630000.0,16449.0,80372.0,2,14,47408.0,19788.0,40259.5,8,58,18500.0,Y,1156.55,current,M,37,MEDIUM,10.200000000000001,10,505.0,0,9.0
3857,6945,15410.0,12844.95,3922.0,7799.35,780.52,1635.0,27928.67,57.0,2,27,3,9,64,670000,1,1,1.0,1,9255.43,159415.3,57899.0,7478.0,147495.51,51206.0,35.0,13,29840.0,2867.5,43115.0,9,12,24019.5,44862.04,53959.0,5,21,26225.0,Y,685.28,current,M,53,LOW,23.1,10,748.0,1,18.0
3858,14430,14356.0,10818.0,3484.37,8202.86,2930.68,8877.0,15647.48,1.0,9,13,2,18,79,47000,1,1,1.0,1,21220.0,8000.0,80000.0,0.0,28187.25,14647.0,94.0,29,28750.0,3071.0,99605.0,2,17,21481.87,77076.0,266541.0,2,58,63214.0,Y,343.11,current,M,27,MEDIUM,3.5,4,446.0,0,7.0
3859,17111,13992.0,8654.64,2582.4,17654.0,1811.92,6155.2,9812.0,4.0,14,44,2,12,80,191000,1,1,1.0,1,60800.0,43397.0,300000.0,173.0,2071.0,30090.0,42.0,1,24440.0,27508.06,49443.05,2,5,35964.72,51401.44,68720.17,11,11,31108.0,Y,2256.0,current,F,33,LOW,1.3,6,658.0,0,7.0
3860,3284,19215.0,6454.0,2873.0,925.0,925.0,3256.45,891.0,57.0,23,72,4,12,2,17000,1,1,1.0,1,3950.0,17000.0,505.0,1014.0,8306.23,58191.74,12.0,2,14309.0,53265.82,69266.0,6,36,270.0,67429.64,34160.0,1,18,15759.0,Y,17692.83,current,M,33,MEDIUM,3.9000000000000004,7,963.0,0,3.0
3861,13190,318659.0,1676.0,24657.17,3686.22,7384.0,16870.92,2237.2,66.0,26,44,5,16,26,520000,1,1,1.0,1,168265.55,300000.0,891.0,5439.0,149336.25,54673.0,77.0,3,29909.54,64707.87,80098.0,0,44,16928.0,22038.77,46836.13,4,58,32003.0,Y,6080.24,current,M,32,MEDIUM,7.2,8,867.0,1,18.0
3862,18125,19590.0,10046.0,11018.63,13086.0,666.0,14802.0,1962.0,6.0,10,6,24,9,13,410000,1,1,1.0,1,568.8,38173.0,130000.0,1500.0,201562.0,142220.0,46.0,0,54518.0,6003.29,8033.0,43,9,101204.0,105370.76,61804.56,40,103,18475.96,Y,4058.65,current,M,27,LOW,4.2,6,314.0,0,2.0
3863,4856,17938.0,7481.96,268.0,5855.06,463.0,11474.0,5156.0,6.0,22,35,4,16,31,136000,1,1,1.0,1,5809950.0,42723.0,3570.0,5439.0,22545.35,36367.77,82.0,1,31018.0,70150.0,48060.0,6,59,23806.0,76130.81,32753.0,5,100,47487.0,Y,5117.03,saving,F,58,MEDIUM,22.8,6,683.0,1,6.0
3864,17566,13692.0,16658.31,1565.74,21988.1,7905.83,729.52,969.0,6.0,30,44,4,1,1,302000,1,1,1.0,1,3786.9,440000.0,505.0,3897.0,79964.5,39213.0,147.0,1,27800.0,27871.0,44305.5,3,81,51493.0,51097.0,933047.9,14,32,7638.0,Y,3190.88,current,M,47,LOW,2.7,2,647.0,1,6.0
3865,8492,19284.0,15292.54,612.0,10004.07,900.0,1287.0,5470.0,20.0,10,74,62,15,42,307000,1,1,1.0,1,70310.6,235.17,1209.0,-4679.0,77863.94,111558.46,11.0,1,40823.0,29835.17,44624.0,4,25,23733.0,54224.71,1306.0,40,0,19554.0,Y,2170.57,current,M,33,LOW,2.6,4,233.0,1,7.0
3866,15019,38381.0,39328.64,19747.65,18633.29,22751.6,15647.65,10194.0,92.0,31,47,4,36,8,199999,1,1,1.0,1,4720.0,189246.0,2158.0,173.0,102316.97,848.0,11.0,7,34812.0,20221.5,25477.23,1,13,21574.0,2003.0,71104.0,3,18,28359.0,Y,8599.9,current,M,67,MEDIUM,37.6,8,700.0,1,3.0
3867,11797,5199.0,23963.54,8424.0,20986.97,5199.76,3633.0,3121.04,44.0,23,4,2,3,5,27000,1,1,1.0,1,384550.05,25404.0,57899.0,20790.0,62159.05,53631.64,55.0,3,22539.27,30707.93,15032.4,0,29,125137.0,35616.18,13183.0,40,133,13.0,Y,1123.12,current,M,35,LOW,15.0,3,743.0,1,16.0
3868,1875,338783.0,3586.33,4898.0,7902.04,6052.75,8740.58,4275.0,4.0,71,112,3,36,2,369000,1,1,1.0,1,2184.0,470000.0,100000.0,20324.0,34451.61,120927.37,77.0,35,21390.0,166641.35,25537.0,1,38,37990.0,142115.61,31573.0,14,52,22330.0,Y,21946.94,current,M,42,MEDIUM,19.8,4,516.0,0,20.0
3869,9518,7752.0,12295.4,221348.0,38013.38,5816.0,48866.0,4005.0,6.0,37,20,5,4,80,371000,1,1,1.0,1,39851.93,96096.0,2214.0,-5439.0,22589.25,2031.0,67.0,0,101397.0,14064.57,53388.0,19,7,20700.0,32053.76,23987.5,40,52,44009.0,Y,2724.55,saving,F,35,MEDIUM,7.5,7,372.0,1,12.0
3870,2976,14936.0,5298.77,373.0,8332.43,3140.0,152235.905,4422.0,6.0,3,3,10,12,56,352000,1,1,1.0,1,1399.9,25404.0,25508.0,-4612.00977,39269.88,53507.14,16.0,3,17.6,106773.5,11253.0,4,14,93001.0,32828.25,32530.0,4,73,27773.0,Y,10952.37,current,M,29,LOW,3.6,3,233.0,1,13.0
3871,346,17932.0,9210.0,23902.24,11178.61,723.17,1883.75,465.0,2.0,3,10,2,4,42,306000,1,1,1.0,1,5809950.0,296170.08,56305.0,13135.0,7325.0,77826.0,23.0,35,53660.0,88568.63,10067.0,5,20,8481.0,172818.99,64207.0,36,21,7638.0,Y,1825.29,current,M,30,MEDIUM,6.0,8,748.0,1,20.0
3872,17709,17212.0,37752.41,56085.6,6544.02,5251.0,2485.34,2678.0,5.0,3,52,25,3,67,513000,1,1,1.0,1,456.1,482147.0,10973.0,-5942.0,13348.56,4281.0,84.0,1,24193.0,29833.77,54821.0,50,171,79654.0,9200.89,117986.49,94,76,55267.0,Y,2215.15,current,M,62,MEDIUM,12.600000000000001,10,818.0,0,18.0
3873,16219,17952.0,7705.54,1553.0,6737.44,1572.0,4246.5,22068.77,8.0,23,48,2,55,1,290000,1,1,1.0,1,81872.65,674291.83,825.0,2500.0,21165.99,7002.0,147.0,19,26720.0,74005.5,50578.0,0,2,44834.79,48467.42,95507.38,2,8,24195.0,Y,34723.41,current,M,37,MEDIUM,17.0,7,748.0,1,10.0
3874,5002,304865.0,7085.9,240.0,5998.38,13216.0,18216.0,5244.0,29.0,71,4,3,62,2,402000,1,1,1.0,1,566914.0,120000.0,2156.0,-4664.0,89605.39,27881.0,23.0,1,953.0,75018.75,28494.0,70,12,117362.0,60208.0,55364.0,19,13,50187.0,Y,2879.22,current,M,62,MEDIUM,4.2,6,653.0,0,12.0
3875,1991,7422.0,911.0,1755.0,2439.0,1213.0,44141.32,3357.0,1.0,23,20,8,56,3,147000,1,1,1.0,1,384550.05,50000.0,126001.0,2921.0,25861.52,41648.0,12.0,7,41090.0,3106.0,130605.0,6,59,48069.0,78687.83,35604.0,40,22,29630.0,Y,3241.26,saving,M,66,LOW,36.800000000000004,7,503.0,0,7.0
3876,474,1910.0,14351.79,7367.0,623.5,934.22,8313.5,16335.0,1.0,10,35,50,31,77,272000,1,1,1.0,1,568.8,82907.34,550.0,1332.0,48551.77,431161.0,94.0,1,79510.0,19379.46,289813.0,2,81,24702.0,37230.29,123421.0,44,63,75980.0,Y,6225.14,saving,F,47,LOW,24.3,6,710.0,0,9.0
3877,8201,10370.0,26284.0,14565.0,16694.0,3864.0,3852.0,1085.0,2.0,10,82,10,2,16,100000,1,1,1.0,1,166331.66,25000.0,5981.0,6885.0,54838.95,98692.0,10.0,1,30820.0,28378.06,38216.0,9,20,25326.0,68859.81,74824.27,38,9,66650.0,Y,17729.63,current,M,56,MEDIUM,14.4,6,506.0,1,4.0
3878,10229,13019.0,4576.85,5602.0,10635.0,1460.5,3093.245,3011.52,1.0,10,87,42,51,54,350000,1,1,1.0,1,2.13,80489.0,43798.0,20513.0,63316.59,9571.0,35.0,36,82993.0,126612.0,27319.74,43,44,13830.0,47828.74,72294.0,9,38,26126.0,Y,1987.97,current,M,47,MEDIUM,16.2,8,277.0,1,18.0
3879,7768,6783.0,4832.78,18340.0,6016.02,1966.0,15624.0,1171.0,4.0,3,9,1,27,17,155000,1,1,1.0,1,3486840.0,730000.0,5540.0,1465.0,164298.26,88740.61,147.0,26,62600.0,34331.22,145775.0,23,42,121000.0,70944.02,79156.0,1,50,36221.0,Y,2271.12,current,M,62,MEDIUM,33.6,10,748.0,1,20.0
3880,9929,213054.0,10862.73,5870.0,3235.5,2699.0,16685.5,2683.35,19.0,10,47,1,2,58,329000,1,1,1.0,1,158135.2,88482.8,550.0,-4679.0,79085.0,8815.26,9.0,3,13730.0,179494.1,43929.0,9,81,4100.0,22184.42,22236.5,2,22,17438.0,Y,809610.48,current,M,47,MEDIUM,13.5,9,801.0,0,9.0
3881,9240,15704.0,5681.53,3451.57,32899.54,11835.0,24615.325,2028.0,8.0,23,135,4,21,1,272000,1,1,1.0,1,33111020.0,25404.0,230000.0,-6885.0,49959.51,99264.0,39.0,1,446402.0,100421.87,78153.0,2,81,79950.0,53214.86,94629.0,4,6,26224.0,Y,3148.74,current,F,55,MEDIUM,21.0,9,922.0,0,15.0
3882,6979,13716.0,13494.88,2232.0,26541.12,4942.05,3920.14,8560.56,63.0,10,4,48,2,80,489000,1,1,1.0,1,10535967.5,118976.0,1374.0,-12179.0,123950.53,23294.0,4.0,55,15344.0,14044.03,337366.69,8,4,37846.0,28953.66,95005.0,5,63,32367.0,Y,3853.33,current,M,33,LOW,11.700000000000001,6,799.0,1,17.0
3883,17207,2939.0,37114.33,6438.0,3755.55,6455.0,3531.11,1956.0,5.0,42,64,2,1,67,218000,1,1,1.0,1,60050.0,48087.25,8764.0,6885.0,53387.65,64552.0,12.0,7,50040.0,76986.25,43040.0,10,50,59834.0,100933.3,22190.93,13,39,66844.0,Y,18462.51,saving,F,40,LOW,18.0,7,436.0,1,6.0
3884,17768,19024.0,5151.65,901.73,6062.6,3271.0,5352.895,7153.0,44.0,32,2,1,18,5,68250,1,1,1.0,1,36122.87,589.39,49975.0,12415.0,54593.8,38369.0,90.0,1,20082.0,54663.45,68032.0,5,35,17382.0,24806.0,14872.0,2,50,26647.0,Y,1555.4,current,M,27,MEDIUM,3.5,10,626.0,0,7.0
3885,19068,44891.0,4311.85,941.72,596.73,6046.0,6524.0,2822.0,6.0,36,82,19,1,98,378000,1,1,1.0,1,88.0,119451.0,1266.0,-4679.0,4651.0,31277.0,46.0,15,19148.0,9122.99,134688.36,3,4,283640.0,130499.74,16867.0,9,76,63489.0,Y,405.5,current,F,62,MEDIUM,33.6,7,799.0,0,10.0
3886,1017,5430.0,10740.87,10319.0,14533.48,9723.0,7342.0,1352.5,7.0,10,4,1,15,29,300000,1,1,1.0,1,15250.79,138475.4,500718.0,2921.0,37588.48,133010.0,90.0,26,40735.0,2826.38,27940.0,1,1,83127.0,5206.75,73112.75,9,7,179347.0,Y,11131.41,current,M,33,MEDIUM,2.6,7,855.0,1,17.0
3887,15646,19580.0,24615.19,12408.0,180336.83,7105.0,6281.0,568.0,531.0,71,72,3,4,29,124000,1,1,1.0,1,903003.0,52000.0,583.0,1411.0,61297.81,63956.0,69.0,2,2082.0,85341.25,7046.0,3,8,28118.0,36021.14,72294.0,94,25,37505.0,Y,42027.66,current,M,27,MEDIUM,5.6000000000000005,2,799.0,1,7.0
3888,216,12935.0,19415.4,71417.8,6416.0,368.0,23512.0,11893.12,3.0,1,67,44,5,2,49999,1,1,1.0,1,293418.75,1187335.5,12560.0,6613.0,135186.53,423568.4,11.0,35,24898.0,75865.47,10095.0,12,6,36831.0,128140.75,22697.12,3,13,23268.0,Y,1247.23,current,M,53,MEDIUM,6.6000000000000005,8,683.0,1,19.0
3889,7308,7510.0,132437.46,267.0,17947.45,3279.0,12570.0,619.52,2.0,47,20,5,18,91,327000,1,1,1.0,1,5215.0,278904.9,583.0,2351.0,105.25,117374.0,18.0,26,19148.0,65127.39,44375.5,4,171,60452.0,51413.33,124560.25,9,39,155924.0,Y,5476.13,current,M,38,MEDIUM,12.600000000000001,8,296.0,1,6.0
3890,8858,4501.0,6866.5,6880.77,11095.72,29654.84,13623.0,4411.0,63.0,13,47,22,11,1,393000,1,1,1.0,1,185669.2,15000.0,1143.0,167.0,93458.47,77159.0,3.0,4,121396.0,207103.25,87308.5,2,6,15633.0,96289.94,30549.95,4,83,112000.0,Y,3028.98,current,M,35,MEDIUM,13.5,9,700.0,1,6.0
3891,9936,28141.0,14945.74,3840.0,22132.92,23162.7,13156.0,14101.71,1.0,85,50,3,60,80,403000,1,1,1.0,1,9462.2,165970.9,73217.0,19453.0,39186.9,99913.0,103.0,0,24372.0,68952.83,23344.37,28,82,23000.0,55112.19,113940.83,6,3,25609.0,Y,2180.35,saving,M,55,LOW,28.0,3,945.0,0,3.0
3892,8578,2210.0,6149.18,4429.16,5653.69,34158.95,4239.0,831.88,5.0,36,3,3,4,2,169000,1,1,1.0,1,8758.2,172678.56,27809.0,5730.0,145760.92,57217.66,77.0,2,52120.0,19189.9,47883.63,2,14,12412.0,84648.18,94137.0,7,12,34717.0,Y,15092.7,saving,M,53,LOW,3.3000000000000003,8,968.0,1,19.0
3893,12874,129845.0,9936.7,3390.0,13779.85,6914.35,14497.54,11296.78,2.0,10,87,4,25,98,380000,1,1,1.0,1,146931.8,148150.33,69493.0,6916.0,97769.8,49750.0,10.0,1,28829.0,34307.1,43221.0,3,108,37429.0,40572.0,239736.0,7,35,56596.0,Y,2089.26,current,M,30,MEDIUM,5.0,2,508.0,0,15.0
3894,4381,17075.0,3539.5,588.01,3484.54,1726.0,18429.04,33525.02,2.0,2,6,21,3,31,25000,1,1,1.0,1,9255.43,60481.0,18389.0,1954.0,34193.0,57049.0,22.0,4,26087.0,391109.2,566676.24,1,9,23017.0,30728.72,31192.0,6,38,22725.0,Y,1380.49,current,M,56,MEDIUM,28.8,7,249.0,1,13.0
3895,6658,17035.0,8395.53,6972.37,15350.0,50934.0,6359.0,34860.0,7.0,37,67,4,18,64,263000,1,1,1.0,1,6440.0,111000.0,30000.0,2921.0,29477.0,106276.0,147.0,55,68000.0,31725.0,17193.05,4,9,155168.0,3504.0,101145.5,2,83,19684.0,Y,597.84,current,M,67,MEDIUM,18.8,5,799.0,1,9.0
3896,3141,18989.0,74549.58,3563.0,19959.45,947.0,3229.24,3704.0,14.0,46,2,25,60,4,35800,1,1,1.0,1,881.0,1372927.14,8060.0,977.0,15417.77,622.0,24.0,5,29394.26,2919.44,121158.0,3,8,27505.0,10053.75,50699.0,2,8,238489.0,Y,4297.86,current,M,34,MEDIUM,8.4,2,937.0,1,2.0
3897,11286,13952.0,11897.66,699.0,14880.0,1772.0,14682.605,846.0,8.0,27,6,22,60,79,402000,1,1,1.0,1,33784.35,49000.0,4458.0,6885.0,771.81,370428.0,23.0,17,246239.0,20553.92,130443.0,2,12,24465.23,158731.4,610.0,2,11,31182.0,Y,10375.52,saving,M,30,MEDIUM,1.0,6,508.0,0,20.0
3898,5491,407029.0,1713.5,14674.0,3698.09,5336.14,3842.0,2414.0,124.0,8,50,3,3,8,167000,1,1,1.0,1,34786785.0,118856.1,1727.0,-5942.0,7278.0,57722.0,16.0,6,12517.0,34155.25,8615.0,1,29,38910.0,61374.75,55260.0,15,12,513.0,Y,6472.59,current,M,29,MEDIUM,3.6,3,505.0,1,3.0
3899,14877,20054.0,13007.5,106.0,12242.48,1297.84,6655.0,30020.0,19.0,10,70,7,1,1,202500,1,1,1.0,1,33784.35,15300.0,678.0,12174.0,34122.32,805.0,46.0,4,28020.0,19716.1,38384.36,70,82,72390.0,29975.94,63505.0,6,18,148023.0,Y,238.53,current,M,44,HIGH,7.2,3,270.0,1,14.0
3900,2107,15787.0,28706.28,1582.0,3873.0,21614.8,20043.0,3747.0,80.0,32,82,8,1,47,358000,1,1,1.0,1,1112.4,9866.01,550.0,5464.0,45412.5,29429.38,18.0,35,30056.0,46202.64,35375.04,1,13,18405.0,68292.31,44815.5,94,0,32157.0,Y,5359.16,saving,M,53,MEDIUM,13.200000000000001,9,505.0,1,7.0
3901,9482,70.0,20467.84,213.0,19340.97,1179.0,13202.09,779.0,1.0,22,4,50,2,34,302000,1,1,1.0,1,165907.57,86000.0,155205.0,7478.0,14748.52,14261.0,52.0,3,84459.0,111874.18,32126.23,2,42,33176.0,31919.15,82930.78,36,13,53202.0,Y,18717.09,current,M,32,MEDIUM,3.6,6,684.0,1,20.0
3902,8700,20243.0,2674.0,5677.0,8088.67,1115.5,1685.04,97210.0,7.0,83,50,10,3,17,125000,1,1,1.0,1,259573.3,191000.0,3570.0,2921.0,103556.89,23353.0,18.0,30,18277.0,43867.91,62051.0,1,12,70152.0,21839.8,654.0,7,7,28269.0,Y,7994.07,saving,M,60,MEDIUM,40.0,10,265.0,1,18.0
3903,13556,12120.0,8057.95,7212.0,5307.03,77831.56,13880.0,1437.0,32.0,26,3,1,1,6,329000,1,1,1.0,1,52209.5,31000.0,641.0,-5942.0,19240.74,38325.53,35.0,14,15500.0,23102.0,17411.0,9,13,9330.0,102242.95,10238.0,21,58,82851.0,Y,8387.2,saving,M,40,LOW,6.0,10,708.0,1,20.0
3904,6138,14187.0,11499.49,2536.0,22064.5,6521.05,29982.0,6301.25,10.0,60,50,24,8,79,461000,1,1,1.0,1,8758.2,500358.79,8417.0,1931.0,15126.95,28957.0,5.0,30,771.69,11887.0,5873.0,2,81,30740.0,8728.0,24705.0,2,11,239.0,Y,4583.09,current,M,35,MEDIUM,15.0,9,508.0,1,8.0
3905,1676,97083.0,1006.0,2372.0,16653.57,5898.68,2283.25,11110.5,43.0,47,50,7,4,4,47000,1,1,1.0,1,116122.65,82907.34,100000.0,10210.0,69.99,14479.0,32.0,3,16161.0,54642.5,23875.0,31,59,33404.0,60708.72,67480.86,7,106,50540.0,Y,6472.59,current,M,120,MEDIUM,60.0,1,468.0,1,17.0
3906,10397,16974.0,14945.19,8229.02,2582.9,2157.0,4033.065,3291.0,26.0,46,10,20,2,58,27000,1,1,1.0,1,39851.93,54388.23,20887.0,20324.0,16606.48,90342.0,63.0,2,226429.0,23700.67,14305.88,5,49,20942.0,28238.36,123164.0,21,83,43220.0,Y,2198.74,current,M,50,MEDIUM,18.0,6,799.0,1,10.0
3907,9894,311641.0,1037.82,18197.05,35874.0,2277.0,1766.095,3920.25,15.0,99,10,1,15,47,371000,1,1,1.0,1,60050.0,150000.0,80000.0,903.0,99529.86,58699.0,11.0,2,27845.89,68674.34,26835.0,4,24,18868.0,67973.54,35476.0,6,35,30000.0,Y,9023.88,current,M,56,MEDIUM,3.6,7,771.0,1,14.0
3908,4521,26771.0,23722.62,3497.0,10415.69,3496.73,554.0,5964.0,44.0,4,19,35,1,68,143000,1,1,1.0,1,1674.4,536874.6,3000.0,1931.0,94504.1,28721.0,42.0,3,20140.0,21897.5,58603.0,47,8,15293.0,24607.0,103175.0,39,54,168640.0,Y,5264.13,saving,M,36,MEDIUM,14.4,5,123.0,1,9.0
3909,10188,14579.0,3377.83,16020.0,4297.34,1332.85,2250.52,1961.78,50.0,5,64,1,9,47,494000,1,1,1.0,1,2242.35,184514.0,5905.0,0.0,22879.62,88229.31,67.0,35,24236.0,352.0,12389.0,5,42,28300.0,87488.2,109713.0,5,83,59167.0,Y,48900.0,current,F,60,HIGH,28.0,3,525.0,1,20.0
3910,7866,7776.0,16721.445,1147.0,2778.42,38463.0,1377.2,609.2,2.0,46,74,1,1,1,87000,1,1,1.0,1,3938.25,7576.0,39389.0,0.0,557653.36,12185.0,22.0,26,32653.0,48936.53,77068.0,3,11,51874.0,69302.15,45538.0,2,6,32157.0,Y,5685.58,current,F,55,LOW,10.5,4,684.0,1,14.0
3911,7460,90237.0,1393.17,3831.0,5748.12,1811.92,1851.995,772.88,531.0,3,71,2,4,98,130000,1,1,1.0,1,229435.05,43397.0,18389.0,0.0,140379.87,29631.0,2.0,4,79890.0,20091.01,745.0,1,20,20203.0,103491.84,15616.0,9,10,84410.0,Y,3424.43,saving,M,62,MEDIUM,42.0,2,588.0,1,15.0
3912,8857,289021.0,1233.81,1309.0,974.13,8033.84,4007.26,441.0,25.0,10,30,1,1,9,173000,1,1,1.0,1,272677.25,7194.0,610000.0,1411.0,12048.36,41024.43,29.0,1,16670.0,51078.0,67722.0,6,5,17482.0,54701.61,103885.0,4,103,34181.0,Y,4412.02,current,M,220,MEDIUM,100.0,3,123.0,0,9.0
3913,1792,14432.0,9662.97,2408.0,2071.0,3578.0,5614.0,12824.0,14.0,27,10,4,12,8,282000,1,1,1.0,1,4435.0,376600.5,25000.0,2921.0,78374.5,170874.09,11.0,2,56225.0,29885.0,58229.0,7,28,21640.0,42209.92,305942.75,58,27,34039.0,Y,8898.03,current,M,62,HIGH,4.2,7,809.0,1,20.0
3914,2276,11513.0,17459.0,23902.24,8379.0,6865.0,1607.0,17167.0,60.0,43,4,48,2,10,16000,1,1,1.0,1,13279.75,42723.0,12337.0,6409.0,117015.22,45427.0,20.0,2,14786.0,30910.0,30702.0,1,82,17405.0,164322.27,40664.0,10,104,23715.0,Y,24911.14,current,M,34,MEDIUM,14.0,5,538.0,1,12.0
3915,12591,295280.0,18284.0,1464.95,9900.82,4094.0,2261.52,1502.59,44.0,65,13,1,23,5,522000,1,1,1.0,1,102494.2,36000.0,12500.0,20324.0,1161.82,65422.88,18.0,9,27256.0,60064.0,78174.88,6,8,40826.0,8128.75,32663.0,9,78,20331.0,Y,19971.71,current,M,42,HIGH,19.8,2,488.0,0,19.0
3916,13137,2283.0,6792.29,9339.02,8722.36,699.0,10213.0,1247.43,4.0,18,49,8,2,1,225000,1,1,1.0,1,20049.0,385218.7,25524.0,5439.0,45037.0,92291.0,35.0,1,31176.0,172260.44,71179.0,3,70,13747.56,8955.03,22311.22,62,18,25986.0,Y,18749.45,current,M,28,MEDIUM,1.6,10,614.0,0,2.0
3917,8781,16588.0,3725.53,325.0,15310.76,1428.28,1059.5,7240.0,4.0,10,9,24,5,1,300000,1,1,1.0,1,156875.0,165970.9,24619.0,173.0,5109.25,106050.0,77.0,6,35610.0,43963.0,37080.0,2,20,41051.0,170756.75,74395.0,117,12,81202.0,Y,2313.53,current,M,33,LOW,3.9000000000000004,8,315.0,1,7.0
3918,4251,5031.0,11626.25,4728.72,4353.04,4088.0,2511.0,550.55,31.0,65,38,2,1,30,402000,1,1,1.0,1,6100.0,470000.0,5591.0,12163.0,106642.36,91721.2,11.0,13,218500.0,1959.94,48939.0,5,108,43589.0,21167.38,4390.33,94,18,16163.0,Y,353.52,current,M,55,MEDIUM,24.5,10,656.0,1,9.0
3919,15706,17367.0,22235.73,1994.0,7389.58,8398.0,10422.0,167.0,15.0,22,35,20,11,8,530000,1,1,1.0,1,127004.3,28000.0,12016.0,6916.0,1067.25,17628.0,43.0,78,33879.0,79304.68,174145.23,70,4,97500.0,16892.28,98584.59,9,1,21364.0,Y,2221.74,saving,M,30,MEDIUM,5.0,3,503.0,1,2.0
3920,4578,14907.0,29913.5,2804.0,15825.59,6764.36,1935.5,546.0,16.0,8,86,1,2,47,378000,1,1,1.0,1,9395.3,343342.9,6000.0,553.0,241432.0,221203.0,39.0,3,59144.0,20353.08,131796.0,4,59,29315.0,59968.68,27320.0,4,67,33324.0,Y,597.84,saving,M,39,MEDIUM,13.3,3,503.0,0,13.0
3921,8297,12602.0,51682.81,2352.13,13888.1,10059.53,49895.12,2546.7,3.0,17,47,3,3,2,125000,1,1,1.0,1,1424.5,221000.0,4895.0,5773.0,70345.25,39672.0,42.0,4,14874.0,15517.0,80944.16,4,49,39112.0,39586.75,22179.0,3,0,22800.0,Y,5257.67,current,M,53,MEDIUM,16.5,1,801.0,0,13.0
3922,19401,10079.0,4741.46,2998.9,9060.42,1356.12,830.0,2964.5,37.0,66,7,44,3,16,53000,1,1,1.0,1,31454.1,154544.47,13873.0,5340.0,88309.73,46038.0,79.0,3,28331.0,32014.25,19768.0,5,18,11388.0,39561.25,1814341.0,5,96,69900.0,Y,147329.73,current,M,47,LOW,27.0,6,488.0,1,14.0
3923,1210,36587.0,5251.51,6348.7,12109.82,2156.06,3727.8,214.0,9.0,5,50,8,7,79,524000,1,1,1.0,1,961924.8,9866.01,3792.0,-6885.0,3560.25,37453.0,7.0,13,19547.93,69121.01,42905.5,43,104,71823.0,16994.38,91098.0,5,11,138440.0,Y,429.79,current,M,47,MEDIUM,8.1,6,249.0,1,2.0
3924,10412,104473.0,1750.0,7663.85,13954.0,4300.25,9210.405,1279.0,12.0,84,16,52,1,79,195000,1,1,1.0,1,1488748.8,2300000.0,50000.0,1465.0,237602.28,28651.0,18.0,6,32611.0,141668.89,64062.0,2,26,37413.0,15249.92,34394.0,21,1,134244.0,Y,632.31,current,M,30,MEDIUM,9.0,5,858.0,1,16.0
3925,15965,20422.0,9324.17,18893.68,445.6,22344.55,8269.54,18528.0,6.0,3,48,30,36,67,87000,1,1,1.0,1,1359.3,157000.0,130000.0,2921.0,26468.43,85377.0,94.0,5,30006.0,30728.42,250344.36,2,8,29756.0,39721.71,1218.0,4,13,52596.0,Y,4901.29,current,M,33,MEDIUM,5.2,5,866.0,0,19.0
3926,5376,14233.0,17054.61,1004.0,450.0,11553.0,1196.6,8540.5,4.0,65,49,7,55,55,522000,1,1,1.0,1,7089.7,170989.0,183999.0,553.0,5983.75,37491.0,12.0,7,37691.0,16637.35,24635.0,1,20,30629.0,42158.0,59005.73,2,3,27645.78,Y,4559.13,current,M,49,MEDIUM,8.700000000000001,2,537.0,0,4.0
3927,6880,7918.0,8160.56,36242.82,4628.0,87479.0,13331.19,3519.0,1.0,50,74,26,38,80,178000,1,1,1.0,1,241.65,38173.0,527.0,553.0,38958.32,5783.0,147.0,1,56557.0,29240.72,41367.76,3,171,23307.0,61742.78,65833.0,1,79,55267.0,Y,1870.17,current,M,33,MEDIUM,7.800000000000001,7,683.0,0,7.0
3928,13532,6415.0,12821.2,3877.0,2551.97,7871.0,8161.23,2890.0,92.0,18,7,41,1,54,466000,1,1,1.0,1,9784.1,12971.0,5981.0,2008.0,76699.08,97235.0,46.0,3,29329.0,67393.25,19048.0,1,82,19180.0,32897.58,173386.38,1,61,40379.0,Y,5175.29,current,M,28,MEDIUM,3.2,6,249.0,0,13.0
3929,17294,101056.0,32347.35,11814.16,4468.28,15250.81,3033.01,587.0,66.0,10,50,12,55,34,519000,1,1,1.0,1,55458.53,65070.0,4198.0,0.0,215589.46,9110.0,6.0,26,19855.0,48562.12,37259.0,5,5,27018.0,8128.75,65198.5,42,50,26224.0,Y,21946.94,current,M,30,MEDIUM,2.0,8,488.0,1,4.0
3930,5082,10874.0,9215.5,364.0,1410.5,2143.1,3587.0,18295.0,16.0,5,10,1,9,1,360000,1,1,1.0,1,546565.5,189246.0,155205.0,1931.0,35413.4,777605.0,4.0,1,19761.0,76018.0,120486.26,2,20,37413.0,182253.37,30285.0,8,32,29961.0,Y,9508.75,current,M,67,MEDIUM,47.0,3,448.0,1,15.0
3931,19308,6916.0,19887.0,10319.0,5935.53,7852.0,6597.985,1778.0,66.0,65,5,4,6,1,31000,1,1,1.0,1,7089.7,187788.1,3975.0,-5439.0,36898.23,60033.0,46.0,36,518126.0,25382.55,4790.0,0,20,4501.0,34318.78,200924.0,16,7,22111.0,Y,7347.47,current,M,60,MEDIUM,40.0,1,809.0,1,6.0
3932,7088,5013.0,2020.0,34714.0,28302.01,248.9,8269.54,4405.0,5.0,71,10,4,37,29,371000,1,1,1.0,1,568.8,1024477.47,550.0,553.0,32053.91,11029.0,4.0,1,13082.0,38258.13,33090.0,1,81,10205.0,315576.28,1720.1,4,103,47291.0,Y,1893.46,current,F,53,LOW,26.400000000000002,3,805.0,1,9.0
3933,8108,800.0,2476.21,1230.0,6309.69,10321.0,2906.0,1376.0,2.0,31,46,18,25,17,670000,1,1,1.0,1,9220.2,182359.2,4458.0,5350.0,688610.21,178095.0,147.0,2,102.0,29240.72,55964.38,1,108,13747.56,30004.0,27353.5,53,80,41518.0,Y,2277.64,current,M,62,MEDIUM,4.2,1,593.0,0,14.0
3934,1704,15222.0,8677.0,11018.63,9322.48,1024.51,2738.225,32432.0,63.0,15,64,1,4,47,97000,1,1,1.0,1,720551.4,232235.65,100000.0,-5942.0,113.25,54188.0,20.0,36,45800.0,5350.0,6576.0,6,20,33533.0,20456.58,164452.0,21,11,32449.0,Y,51574.23,current,M,62,MEDIUM,16.8,3,385.0,1,7.0
3935,3387,3325.0,7026.22,34560.36,1193.42,4724.0,7245.0,9682.44,124.0,18,50,26,1,1,84000,1,1,1.0,1,3575.5,12000.0,54101.0,13135.0,30892.75,370428.0,40.0,1,3500.0,11141.75,32647.5,0,44,41283.0,141224.04,6185.25,5,1,23635.0,Y,3163.3,current,M,30,MEDIUM,5.0,5,628.0,1,20.0
3936,6478,18909.0,42799.26,4264.0,8080.08,5430.58,19848.575,3877.0,531.0,6,47,44,27,13,139000,1,1,1.0,1,47936.43,88482.8,14754.0,20324.0,25639.95,322682.0,67.0,6,30910.0,166489.68,115218.0,7,20,55040.0,27571.88,194857.0,13,3,79751.0,Y,9224.01,current,M,34,MEDIUM,14.0,3,911.0,1,6.0
3937,7647,38593.0,19320.77,4245.0,5616.965,1805.0,2288.985,815.0,26.0,23,35,20,4,12,480000,1,1,1.0,1,7455797.87,24000.0,26241.0,5340.0,35451.41,2515.0,4.0,5,800000.0,19160.0,10734.76,1,82,61036.0,81529.14,180189.58,94,76,30576.0,Y,253.24,current,M,35,MEDIUM,4.5,9,516.0,1,18.0
3938,13068,119803.0,5759.25,8218.0,2231.71,3112.37,2733.83,91180.0,1.0,23,50,1,44,13,17000,1,1,1.0,1,6558.8,60481.0,12611.0,7478.0,180.25,109318.16,4.0,2,37073.0,98489.0,34078.49,2,28,67060.0,30387.5,18277.0,22,7,63800.0,Y,2218.19,saving,M,66,MEDIUM,41.400000000000006,6,708.0,0,11.0
3939,12691,13238.0,6951.0,7890.8,47573.84,53637.0,801.265,1400.0,7.0,66,49,23,18,36,136000,1,1,1.0,1,5688.0,64491.0,56305.0,-4664.0,11686.52,3846.0,29.0,0,28544.0,97146.95,51741.0,1,171,17382.0,66357.92,46655.0,9,21,275000.0,Y,6329.71,current,M,28,LOW,0.8,5,723.0,1,4.0
3940,8898,10215.0,8203.28,7184.0,25883.75,152.1,9890.26,4597.0,10.0,19,4,1,55,5,17000,1,1,1.0,1,14781.5,278360.16,57899.0,8572.0,22495.75,58789.0,5.0,26,199900.0,163863.0,123725.0,6,20,34820.0,33233.36,42419.75,94,12,17004.0,Y,14258.81,current,M,66,MEDIUM,41.400000000000006,1,685.0,0,9.0
3941,18122,183748.0,6812.92,6184.54,34946.96,39796.09,3735.245,6733.0,20.0,10,50,5,36,4,530000,1,1,1.0,1,250631.8,455873.9,583.0,-3506.17993,135009.15,25268.0,52.0,26,39751.0,25561.27,36738.0,2,20,40202.0,953.4,56523.83,6,40,53560.0,Y,1839.45,current,M,39,LOW,19.0,7,638.0,1,17.0
3942,18183,58308.0,11679.84,3486.0,7944.83,4409.0,6996.8,1294.0,7.0,17,11,3,51,64,524000,1,1,1.0,1,291969.2,77965.0,155205.0,4856.0,60961.16,22673.0,77.0,2,25918.0,258009.12,115126.55,9,27,30514.73,188196.35,22313.0,3,21,58720.0,Y,1100.16,current,M,60,MEDIUM,24.0,2,818.0,0,8.0
3943,5746,15052.0,28803.44,3513.34,8451.0,21096.75,4758.625,7945.2,1.0,1,44,11,11,68,47000,1,1,1.0,1,4323.0,1400000.0,98472.0,1500.0,301746.09,9269.0,11.0,5,13258.0,86665.21,650169.0,1,14,39278.0,193170.45,36104.0,1,22,21316.0,Y,6492.88,current,M,32,MEDIUM,10.8,8,766.0,1,14.0
3944,7277,36241.0,8175.32,3920.0,1893.81,6808.99,2026.64,445.0,19.0,18,59,24,2,70,255000,1,1,1.0,1,94127.1,39833.19,33774.0,1014.0,111629.66,99851.0,67.0,1,18164.0,21199.99,13459.0,2,27,48168.0,77125.58,35964.0,58,12,18200.0,Y,241.21,current,M,47,HIGH,10.8,5,683.0,1,4.0
3945,12619,6701.0,3269.0,5382.99,7223.04,1533.0,1054.86,1922.0,52.0,71,16,5,2,68,519000,1,1,1.0,1,19265.4,400000.0,11379.0,6885.0,36579.75,22935.0,2.0,1,42938.19,21017.0,7629.0,43,108,19766.0,14737.75,10163.0,49,100,50028.0,Y,3384.15,current,M,30,MEDIUM,4.0,9,737.0,1,10.0
3946,18966,1611.0,4770.97,19666.0,3795.17,173.0,747.75,9091.02,6.0,2,67,1,1,1,303000,1,1,1.0,1,58121.25,93.35,583.0,0.0,21608.55,6137.0,2.0,23,36794.0,134288.65,121834.5,1,108,87926.0,60144.0,130785.0,40,11,15881.0,Y,1945.12,current,M,60,MEDIUM,28.0,8,485.0,1,3.0
3947,13505,215182.0,34231.2,82893.0,1964.5,3572.1,10190.0,616.4,4.0,10,3,1,2,6,395000,1,1,1.0,1,47.45,197800.0,851.0,-6301.0,67086.39,740.0,4.0,3,70356.0,15355.0,49521.36,10,82,29025.0,101770.0,36208.55,4,9,62633.0,Y,91.4,current,M,42,MEDIUM,19.8,4,355.0,0,7.0
3948,8219,18973.0,1699.5,9647.57,2721.0,13594.0,2723.0,201.0,4.0,60,49,53,6,1,192000,1,1,1.0,1,683316.0,88482.8,1036.0,5439.0,191264.81,76954.0,72.0,13,69836.0,29839.75,18934.0,2,20,18154.0,10252.54,41661.0,11,79,10300.0,Y,64043.88,current,M,64,LOW,26.400000000000002,7,448.0,0,19.0
3949,16744,1718.0,37058.82,10279.0,3955.64,2700.0,2673.0,1860.0,2.0,30,10,1,6,2,350000,1,1,1.0,1,46451.38,300000.0,20887.0,6885.0,22115.25,90057.0,55.0,13,59920.0,24291.75,322604.5,6,171,184626.66,78047.15,15703.64,3,49,40542.0,Y,6941.16,current,M,28,MEDIUM,4.800000000000001,10,535.0,1,4.0
3950,14839,176509.0,316.0,3421.0,3102.2,1980.25,3004.5,920.0,4.0,27,59,1,27,39,581000,1,1,1.0,1,24129.0,120000.0,1515.0,2921.0,29072.5,28890.36,72.0,3,33324.0,19099.81,326.8,30,6,32076.0,45934.0,19659.5,47,22,37464.0,Y,30256.19,current,M,33,MEDIUM,5.2,4,265.0,0,3.0
3951,12751,86973.0,909.92,5533.68,6289.0,864.39,8709.515,3931.0,6.0,43,74,8,2,70,287000,1,1,1.0,1,250631.8,262556.0,30071.0,8572.0,57593.77,56964.0,10.0,4,20213.0,45419.49,33730.0,4,25,110938.0,50196.18,27395.0,5,75,93500.0,Y,591.04,current,M,28,HIGH,0.8,8,386.0,0,4.0
3952,1587,9294.0,1431.34,325.0,21834.09,3939.0,3581.6,7602.0,57.0,15,50,20,1,5,290000,1,1,1.0,1,566914.0,470000.0,8417.0,5730.0,12118.0,121649.75,91.0,9,24545.0,37624.38,8640.0,1,7,124871.0,22510.42,60617.0,4,14,19794.0,Y,1419.3,current,M,40,MEDIUM,4.0,10,537.0,1,16.0
3953,19597,6397.0,7327.85,5283.0,2934.56,2698.91,12884.535,2575.38,10.0,6,4,30,3,30,568000,1,1,1.0,1,11027.5,30453.0,25000.0,19765.0,23961.0,74731.16,11.0,26,6039.0,29153.68,45468.0,5,11,18972.0,66695.85,9302.0,2,3,43580.0,Y,8567.56,current,M,37,LOW,5.1000000000000005,3,424.0,1,9.0
3954,11634,7281.0,959.0,2703.0,9322.77,3384.01,11752.2,205.0,6.0,6,86,2,3,10,184000,1,1,1.0,1,10006.2,31000.0,536.0,1429.0,26476.0,25074.0,94.0,2,55898.0,61066.0,22622.0,7,25,214495.0,173448.21,45153.0,62,79,25595.0,Y,53786.41,current,M,28,MEDIUM,6.4,5,883.0,1,8.0
3955,11559,138645.0,1558.0,2140.0,13187.65,3929.5,44372.0,11110.5,531.0,84,7,6,7,39,564000,1,1,1.0,1,670875.0,93.35,49975.0,5340.0,142.25,62639.0,62.0,3,20004.0,124824.73,127370.0,11,26,8305.0,76461.98,82383.0,3,18,92991.0,Y,3063.22,current,M,29,LOW,5.4,6,244.0,1,18.0
3956,13454,5726.0,1441.35,60495.0,17241.0,13482.9,311.0,12468.2,1.0,43,13,8,2,4,326250,1,1,1.0,1,42460.6091,24000.0,78309.0,-4324.0,59422.45,10745.0,36.0,2,21279.75,23519.5,72844.0,2,171,48687.0,16547.5,37520.0,42,113,14672.0,Y,2851.79,current,M,33,MEDIUM,13.0,8,538.0,1,5.0
3957,16143,30026.0,3344.86,1832.92,48748.66,276.0,20253.22,196.0,10.0,10,59,1,71,9,34000,1,1,1.0,1,4039029.9,100000.0,1633.0,903.0,51352.84,33982.0,36.0,2,63212.0,91592.0,30462.0,1,4,54200.0,42671.12,22799.8,2,79,39988.0,Y,157951.88,current,M,40,HIGH,8.0,8,698.0,1,10.0
3958,6050,19024.0,4619.02,7222.0,3043.0,3939.0,3478.5,2933.0,5.0,99,50,47,6,5,252000,1,1,1.0,1,81872.65,109000.0,768.0,5439.0,19903.5,520369.0,3.0,2,33491.0,31084.13,4226.0,43,34,1700.0,64186.0,67744.0,47,9,19940.0,Y,6817.89,current,M,35,MEDIUM,12.0,9,723.0,1,11.0
3959,3359,9774.0,23883.59,1730.0,21644.39,104123.06,58136.0,7262.0,1.0,43,67,18,18,70,199999,1,1,1.0,1,347309.75,144025.0,26241.0,0.0,93973.0,2416.0,11.0,4,38037.0,36507.16,126973.0,2,26,32777.0,23200.0,51720.0,7,11,21793.0,Y,1612.5,current,M,33,MEDIUM,7.800000000000001,6,523.0,1,6.0
3960,6287,1267.0,9226.22,9647.57,2910.0,1916.0,14844.81,2104.0,2.0,77,23,1,5,4,341000,1,1,1.0,1,272677.25,50034.93,68000.0,977.0,43538.28,220713.0,69.0,5,4950.0,28910.0,130017.0,1,104,22152.0,158984.91,20408.0,12,113,63296.0,Y,4809.16,current,M,53,MEDIUM,9.9,6,743.0,0,12.0
3961,3802,12330.0,24615.19,201544.79,7794.53,1137.47,524.59,14611.0,7.0,1,135,3,3,3,390000,1,1,1.0,1,165907.57,194099.3,8060.0,173.0,10807.0,149130.0,87.0,7,34811.0,12621.25,15941.0,1,18,240925.0,254196.81,23543.0,14,103,107.0,Y,3414.4,current,M,33,LOW,10.4,4,450.0,0,15.0
3962,16450,680.0,134282.92,4281.1,2796.26,604.0,15429.47,935.0,1.0,30,61,3,24,6,28000,1,1,1.0,1,199690.5,1163405.86,2214.0,3897.0,20286.25,73515.0,11.0,26,49470.0,61478.75,18154.0,43,4,99075.0,9557.0,63771.0,21,12,43052.0,Y,5739.45,current,M,53,MEDIUM,9.9,8,354.0,1,11.0
3963,5339,19237.0,9649.92,3553.0,82264.3,26643.0,6793.13,74146.0,101.0,85,35,1,5,2,366000,1,1,1.0,1,48675.31,194099.3,49900.0,5730.0,16252.7,194548.0,4.0,14,13822.0,43493.44,41886.0,2,27,83084.0,31904.32,122570.0,8,25,964372.0,Y,10506.59,current,M,55,HIGH,24.5,1,258.0,1,13.0
3964,8630,775.0,3643.28,4978.0,3482.0,13997.0,10410.13,7945.0,3.0,4,50,3,20,17,147000,1,1,1.0,1,1895.04,64309.52,126001.0,-12179.0,67419.97,37114.0,46.0,5,59186.0,24598.35,100126.0,2,20,31323.0,12755.0,21270.0,14,106,97439.0,Y,39.49,current,M,64,HIGH,39.6,7,958.0,1,6.0
3965,12610,337889.0,1221.92,10557.0,23483.35,2248.0,1213.5,17511.0,80.0,1,16,2,3,4,170000,1,1,1.0,1,60800.0,536874.6,68000.0,844.0,19365.42,42208.0,11.0,2,31450.0,4285.13,17667.5,3,25,74885.16,29917.75,107756.76,5,7,75798.0,Y,107.64,current,F,51,HIGH,3.1,10,640.0,1,11.0
3966,3867,13497.0,11227.0,20904.2,25171.0,37338.0,2775.0,531.28,1.0,10,44,45,31,44,784000,1,1,1.0,1,229435.05,185097.6,68000.0,10455.0,35932.2,76268.05,4.0,3,13924.0,51790.89,28523.0,50,82,38959.95,117399.61,133010.0,1,67,82210.0,Y,164.13,current,M,47,MEDIUM,18.900000000000002,6,683.0,1,12.0
3967,16698,38808.0,15774.62,5023.0,17859.75,1530.0,12309.0,52104.09,19.0,56,46,18,16,10,35000,1,1,1.0,1,825.0,278360.16,49975.0,6916.0,4618.0,109400.0,90.0,36,47362.0,42577.98,90053.0,4,78,48764.0,18530.65,21318.0,8,67,94334.0,Y,391.53,current,M,38,MEDIUM,10.8,1,488.0,1,4.0
3968,18809,2138.0,25793.63,2525.94,1245.76,232.0,1244.3,1109.0,31.0,9,47,42,27,56,35000,1,1,1.0,1,115818.74,15000.0,4812.0,3897.0,45629.08,26901.0,20.0,26,59536.0,37234.47,45496.0,50,8,24218.0,225980.53,15548.0,39,83,109349.0,Y,3201.4,current,M,35,LOW,3.0,6,512.0,0,17.0
3969,4475,2110.0,12815.03,2720.05,1735.37,520.47,1685.52,1090.0,531.0,18,44,10,31,3,255000,1,1,1.0,1,34443.0,106398.0,30000.0,7478.0,42023.74,87942.0,4.0,29,9999.0,32315.91,69271.0,31,82,14936.0,74587.22,11177.0,40,11,58757.0,Y,3639.8,saving,M,38,MEDIUM,5.4,5,914.0,0,14.0
3970,9777,6848.0,24201.92,588.01,64792.58,2068.8,6757.0,4294.0,26.0,7,84,4,1,1,156000,1,1,1.0,1,309795.13,146793.0,610000.0,10210.0,44747.85,38100.0,42.0,26,165305.38,7187.0,221992.0,1,27,299178.41,65198.88,58831.0,3,63,20588.0,Y,6441.44,current,M,120,HIGH,70.0,2,268.0,0,18.0
3971,12166,18279.0,5227.0,15524.19,827.0,6360.77,9041.5,1386.0,24.0,2,67,4,25,8,98000,1,1,1.0,1,15961.9,25404.0,43798.0,35346.0,18343.95,54767.0,4.0,4,90378.0,33853.84,10018.0,9,82,8531.0,41258.5,26285.0,12,9,28601.0,Y,589.28,current,M,40,LOW,10.0,3,424.0,1,3.0
3972,8344,397866.0,11067.09,5575.0,14725.59,3582.5,1502.785,15856.0,136.0,6,50,20,1,54,98000,1,1,1.0,1,10006.2,39833.19,126001.0,8723.0,42264.25,36526.0,90.0,4,41324.0,91486.0,18989.5,2,171,97609.0,148151.73,58991.0,47,17,19365.0,Y,4340.1,saving,M,35,HIGH,7.5,6,354.0,1,3.0
3973,4933,9274.0,928.69,779.45,1074.22,29654.84,1041.2,12842.45,4.0,10,50,3,1,11,263000,1,1,1.0,1,7089.7,159415.3,100000.0,20513.0,20389.19,54329.0,24.0,4,21623.0,81014.88,256270.37,2,11,44915.0,40840.12,617.0,13,83,72990.0,Y,16981.11,current,M,32,MEDIUM,12.0,7,249.0,1,2.0
3974,17270,7241.0,8723.58,16685.96,13999.5,2629.2,207708.385,1286.74,10.0,8,44,57,18,64,87000,1,1,1.0,1,1831780.84,385000.0,12000.0,1500.0,249016.84,35431.0,11.0,2,15091.0,253382.86,28959.0,2,20,55212.0,130499.74,9166.0,2,83,32342.0,Y,930.19,current,M,42,LOW,6.6000000000000005,5,486.0,1,15.0
3975,14573,140886.0,2146.0,4780.0,707.0,8454.5,17584.75,18793.0,7.0,3,4,57,18,17,138000,1,1,1.0,1,130319.0,150000.0,90525.0,-4664.0,55967.16,38115.0,18.0,2,34104.0,33457.01,123970.0,43,29,45447.0,36379.0,49126.39,117,52,18560.0,Y,8528.42,saving,M,40,MEDIUM,4.0,7,268.0,1,11.0
3976,12792,17059.0,3614.35,9251.59,2570.25,23116.0,4584.0,593.0,101.0,5,67,2,4,53,212500,1,1,1.0,1,55.2,25172.0,16114.0,5773.0,24439.5,975.0,4.0,1,35722.0,17827.0,35553.0,2,46,3900.0,37317.88,60766.0,14,79,517.0,Y,24112.99,saving,M,33,LOW,2.6,10,631.0,1,20.0
3977,4172,94459.0,17948.47,3659.93,12517.55,3828.35,1950.37,7898.0,4.0,66,82,52,12,1,402000,1,1,1.0,1,136000.0,41.26,766.0,-402.0,7150.25,35194.0,5.0,17,40970.0,500100.0,68032.0,4,46,147447.0,39930.45,645105.75,2,103,32230.0,Y,1838.41,current,M,32,LOW,12.0,7,249.0,0,12.0
3978,6220,10299.0,8483.67,3478.35,7912.0,7383.0,14237.165,7987.0,5.0,11,2,8,5,4,47000,1,1,1.0,1,9624.6,38928.0,16215.0,5464.0,27072.9,53568.0,55.0,43,51372.0,42329.38,21040.0,3,69,99586.0,8084.27,27867.9,2,32,340000.0,Y,1260.58,current,M,66,HIGH,36.800000000000004,1,626.0,1,7.0
3979,11168,17638.0,2364.5,68240.0,163748.23,188.0,23281.25,9787.0,101.0,1,48,2,12,47,50900,1,1,1.0,1,53374.97,232524.0,20887.0,6916.0,7759.19,52169.0,11.0,29,50322.0,103099.57,38752.0,1,13,54405.0,22605.19,15549.93,58,14,17808.0,Y,10108.3,current,M,28,MEDIUM,7.2,3,299.0,0,18.0
3980,10625,4553.0,10088.77,4458.37,5477.04,4050.0,430.0,1282.0,5.0,10,29,7,31,16,340000,1,1,1.0,1,100284.85,82907.34,23500.0,-5439.0,73975.4,39506.0,46.0,7,40700.0,154704.21,61853.0,6,82,42166.0,57470.14,37901.0,21,63,64305.0,Y,5560.17,current,M,35,MEDIUM,6.0,10,535.0,1,2.0
3981,17762,18289.0,4596.0,31684.0,11002.82,2731.0,12428.0,21126.0,8.0,30,62,3,71,70,155000,1,1,1.0,1,68640.0,38173.0,25508.0,7478.0,402204.96,16275.0,90.0,3,35146.0,22203.42,47743.0,2,4,25228.0,297363.0,57308.0,2,18,227.0,Y,9921.56,current,M,60,MEDIUM,28.0,10,737.0,1,17.0
3982,4739,1397.0,305.0,1484.84,14154.58,1364.65,15451.0,4784.32,56.0,5,59,2,14,53,35000,1,1,1.0,1,1910215.0,65480.0,731.0,-5998.43994,8620.07,49746.0,1.0,2,202579.0,17964.12,14232.0,9,3,189250.0,33420.75,108305.88,21,103,96375.0,Y,82117.01,current,M,28,MEDIUM,8.0,4,593.0,0,2.0
3983,19276,9456.0,82700.93,1259.34,5744.3,525.0,18554.71,15861.0,12.0,6,4,2,6,18,300000,1,1,1.0,1,526.25,42723.0,10973.0,1332.0,51316.75,15013.0,39.0,3,17759.0,15449.69,42852.0,31,82,85562.0,253709.0,22820.48,21,32,345000.0,Y,3081.74,current,M,69,MEDIUM,19.6,5,534.0,0,14.0
3984,5456,14432.0,8800.0,5529.96,8994.56,15582.0,1151.0,2075.52,531.0,8,67,4,3,1,518000,1,1,1.0,1,15279.79,157000.0,5797.0,6613.0,45086.91,1054.0,42.0,33,13493.0,107812.75,13459.0,35,7,52560.0,59856.56,10271.0,7,21,832.0,Y,2051.88,saving,M,62,MEDIUM,33.6,10,866.0,1,17.0
3985,11733,20114.0,14351.79,3464.0,3031.0,1903.6,53609.89,7992.47,1.0,85,14,21,4,34,461000,1,1,1.0,1,5809950.0,93000.0,130000.0,6885.0,17635.46,49712.91,42.0,5,13200.0,21613.07,50939.31,43,20,148817.0,61085.5,68781.24,2,38,17866.0,Y,2634.87,current,M,56,MEDIUM,32.4,8,866.0,1,5.0
3986,16091,1940.0,25136.93,5339.9,22831.55,13997.0,3180.4,34860.0,2.0,26,50,25,6,22,255000,1,1,1.0,1,19265.4,52991.0,183999.0,1500.0,63469.47,62555.02,4.0,35,16446.0,16087.38,70360.57,1,38,26944.73,33410.63,48630.56,2,80,12223.0,Y,3114.1,current,M,60,LOW,32.0,5,858.0,1,13.0
3987,6672,6460.0,38435.0,619.0,4295.0,6626.31,6038.52,5513.0,19.0,25,50,17,21,12,13000,1,1,1.0,1,23221.65,77000.0,10973.0,1079.0,36048.35,35356.0,35.0,3,59891.0,44190.0,127993.0,0,171,24897.0,66373.15,153579.0,2,32,41419.0,Y,2484.05,current,F,67,MEDIUM,37.6,6,743.0,0,14.0
3988,7780,8277.0,3991.75,510.28,2238.0,1139.0,4659.0,4191.0,63.0,61,72,53,2,80,125000,1,1,1.0,1,3247.5,3.0,2158.0,7478.0,81307.4,234699.07,42.0,4,14594.0,12614.52,19053.0,31,108,18542.0,32632.2,21155.0,12,10,45228.0,Y,787.01,current,M,50,LOW,15.0,9,858.0,1,11.0
3989,10353,8198.0,17847.87,1178.25,15022.79,6744.0,5430.08,5046.0,4.0,34,1,2,12,6,153000,1,1,1.0,1,298492.0,29522.0,24717.0,-5998.43994,168765.17,88584.0,52.0,55,11712.0,23976.77,38249.0,3,67,24476.0,55396.25,79034.59,5,65,15122.0,Y,30927.27,current,M,34,MEDIUM,2.8000000000000003,9,708.0,1,19.0
3990,13480,2118.0,8527.42,2344.0,7389.58,8195.11,16121.0,5560.56,44.0,10,49,3,17,3,100000,1,1,1.0,1,39851.93,385218.7,13873.0,12415.0,25436.25,48906.11,32.0,9,34567.0,370718.76,322291.72,1,21,48089.0,185423.54,176232.0,2,73,18904.0,Y,2670.0,current,M,33,MEDIUM,1.3,10,801.0,1,9.0
3991,16416,2063.0,20511.43,3709.0,7254.0,56390.5,10990.0,603.64,531.0,10,23,18,4,54,313000,1,1,1.0,1,1581000.0,1423567.1,925.0,2500.0,142219.7,11024.0,46.0,0,12898.65,59340.88,9161.0,2,2,15184.0,27506.26,20783.0,7,36,100183.0,Y,10999.73,current,M,53,MEDIUM,3.3000000000000003,8,248.0,1,20.0
3992,14071,7370.0,2378.44,2423.0,7620.37,790.16,703.2,7992.47,12.0,7,50,2,31,1,47000,1,1,1.0,1,13849.4,26001.0,925.0,-5998.43994,13711.25,52569.0,70.0,31,30862.0,110710.93,98097.47,7,108,37765.0,122625.72,128718.0,40,12,68024.0,Y,19851.06,current,M,36,MEDIUM,3.2,1,766.0,0,13.0
3993,4337,5035.0,6830.47,174.0,15562.07,6284.0,1223.12,1358.0,531.0,10,50,2,4,64,276000,1,1,1.0,1,95.0,87578.0,1001.0,-5439.0,75147.94,13362.0,79.0,26,26706.0,48428.84,32171.0,23,38,73526.0,113915.03,116209.0,12,38,46347.0,Y,3642.97,saving,M,28,MEDIUM,3.2,5,628.0,1,7.0
3994,4111,13127.0,28114.49,6200.23,25067.0,6046.0,16456.9,4177.0,136.0,10,10,20,11,77,383000,1,1,1.0,1,61186.36,1244.14,25000.0,13135.0,114265.53,193724.0,46.0,7,15334.0,40180.75,84289.0,2,20,20216.2,17586.46,47734.0,10,42,28676.0,Y,3672.37,current,M,56,HIGH,25.200000000000003,1,796.0,0,9.0
3995,12236,16995.0,10480.0,10876.11,3100.0,1265.63,2088.9,5541.0,1.0,14,112,19,56,34,568000,1,1,1.0,1,30895.44,104000.0,28913.0,-6301.0,52707.92,359347.0,27.0,4,34322.0,37271.33,62822.07,45,34,20000.0,52503.52,91738.0,4,3,26901.0,Y,4154.17,saving,M,44,MEDIUM,7.2,5,863.0,1,11.0
3996,5132,17211.0,3316.71,1584.0,3296.73,5236.0,10410.13,779.0,44.0,23,16,1,2,56,147000,1,1,1.0,1,54860.05,376694.91,1166.0,-7652.0,21533.25,39623.52,95.0,29,20613.0,49193.0,65427.72,2,12,55250.0,44877.4,10321.0,47,39,84274.0,Y,2353.85,current,M,32,MEDIUM,9.600000000000001,10,233.0,0,3.0
3997,8457,16450.0,25601.0,4846.89,2112.49,2464.56,270.61,7992.47,19.0,61,1,4,3,55,564000,1,1,1.0,1,2184.0,14000.0,69493.0,1465.0,387331.82,123865.0,4.0,7,46598.0,20804.0,76630.0,2,27,191600.0,150955.37,305825.0,21,80,28927.53,Y,7127.99,current,M,40,MEDIUM,20.0,4,445.0,0,15.0
3998,10652,5236.0,16957.0,11287.0,37409.55,1545.52,35723.0,7262.0,31.0,36,50,1,4,47,255000,1,1,1.0,1,71020.5,82907.34,5540.0,-6301.0,34208.43,84880.0,32.0,23,14206.0,34340.98,84195.0,35,20,17052.0,953.4,77687.18,94,106,47468.0,Y,3471.68,current,M,63,MEDIUM,30.1,9,867.0,1,5.0
3999,6277,335561.0,3050.16,6243.02,653.5,11209.0,20023.385,5610.0,26.0,2,110,15,4,3,188000,1,1,1.0,1,120781.35,30007.0,925.0,173.0,27597.51,28452.0,36.0,14,44898.0,22373.85,60086.0,2,6,47985.0,69101.25,119742.0,12,11,28058.0,Y,19276.1,current,M,28,MEDIUM,0.8,7,958.0,1,7.0
4000,13555,4428.0,45690.0,6852.65,1196.0,6570.0,30409.215,19546.33,14.0,65,4,18,14,5,290000,1,1,1.0,1,417.0,69000.0,26241.0,7478.0,24007.64,50278.0,11.0,3,20340.0,79190.27,38266.0,1,4,348255.0,55062.51,27320.0,117,15,44929.57,Y,5110.43,current,M,47,MEDIUM,27.0,4,867.0,1,14.0
4001,19496,18517.0,7678.36,961.14,24203.96,3598.0,1306.26,2403.9,5.0,23,70,11,31,1,28000,1,1,1.0,1,977377.25,482147.0,8333.0,6916.0,25238.71,275466.05,3.0,5,36982.0,9445.69,42175.0,3,1,57397.0,184651.75,37177.0,6,12,14540.0,Y,402.19,current,M,56,MEDIUM,7.2,7,324.0,1,8.0
4002,6202,15802.0,20353.0,10291.4,28344.31,918.0,116304.0,19134.89,19.0,42,67,24,55,30,16000,1,1,1.0,1,21511.8,225000.0,30000.0,3897.0,104823.68,47435.0,91.0,0,37377.0,33398.0,2995.43,3,44,20636.0,136408.51,103893.0,40,0,30172.0,Y,5708.13,current,F,34,LOW,1.4000000000000001,2,640.0,0,6.0
4003,9951,311875.0,14428.5,5714.0,1822.13,22378.0,9780.0,3762.0,63.0,1,135,20,5,1,68250,1,1,1.0,1,2242.35,28000.0,12500.0,-5942.0,632927.53,28170.0,69.0,1,27463.0,102170.94,37705.0,3,8,23307.0,16981.0,18160.93,2,12,19079.0,Y,14351.85,current,F,62,MEDIUM,29.400000000000002,1,743.0,1,11.0
4004,5322,7171.0,6089.95,2472.0,547.52,28274.0,16329.67,10011.0,63.0,26,19,1,1,67,184000,1,1,1.0,1,104980.25,375000.0,539.0,3421.0,55615.92,29851.0,77.0,43,33656.0,18463.36,13459.0,6,108,25115.0,407.0,53613.0,3,83,377905.0,Y,28.08,saving,M,58,MEDIUM,30.400000000000002,6,539.0,1,15.0
4005,5010,7790.0,22131.62,1777.02,7975.99,644.2,27962.0,414.0,1.0,93,16,1,2,3,568000,1,1,1.0,1,213557.15,114.74,30040.0,10210.0,172682.25,14083.0,55.0,7,27205.0,30868.86,19847.77,4,108,55129.0,120068.01,74358.0,13,14,45719.0,Y,2202.9,saving,M,55,MEDIUM,10.5,3,269.0,0,4.0
4006,10871,12927.0,30167.27,703.0,21962.08,12486.47,19582.78,1041.0,2.0,5,89,3,2,98,579000,1,1,1.0,1,3080625.0,267421.4,925.0,6916.0,29700.8,35775.0,42.0,35,27047.0,119484.16,171192.0,2,59,65967.0,72484.62,26210.0,3,83,24905.0,Y,9887.32,current,F,62,LOW,29.400000000000002,3,809.0,1,6.0
4007,16436,16269.0,2595.0,6738.89,57018.0,4161.0,4351.115,2276.0,31.0,14,117,3,31,11,480000,1,1,1.0,1,13279.75,32000.0,230000.0,0.0,12255.75,12635.0,72.0,35,18720.0,12104.92,18735.0,0,4,60452.0,115205.0,28587.0,4,107,16020.0,Y,8857.7,current,M,66,MEDIUM,46.0,2,818.0,1,14.0
4008,6373,7053.0,5975.12,876.32,29909.7,7717.0,11418.63,1129.52,1.0,10,6,41,4,39,400000,1,1,1.0,1,70310.6,760571.3,4367.0,-3506.17993,74859.67,30951.5,79.0,1,38552.65,18571.47,108183.72,43,21,18666.0,19252.83,75099.5,5,40,17866.0,Y,19564.21,current,F,53,LOW,3.3000000000000003,1,801.0,1,20.0
4009,15592,10216.0,958.26,2782.94,23555.12,1941.0,4804.9,681.0,1.0,8,74,1,3,34,120000,1,1,1.0,1,443.36,70000.0,4198.0,12174.0,31454.36,115525.0,20.0,2,39438.0,1133.0,30213.0,70,17,18702.0,17542.11,2834.0,4,39,23344.0,Y,22289.04,current,F,33,MEDIUM,1.3,10,485.0,1,11.0
4010,9124,1465.0,3820.54,2328.81,2656.68,35186.49,928.85,3711.0,5.0,8,44,24,2,12,293000,1,1,1.0,1,180615.02,17000.0,46000.0,1500.0,33234.68,61.38,16.0,2,26674.0,4547.0,214587.0,45,25,7615.0,20972.88,218273.0,4,8,21256.0,Y,1632.6,current,M,33,MEDIUM,6.5,5,818.0,0,12.0
4011,5652,18047.0,1902.0,9669.0,34034.25,1548.34,7176.26,971.02,44.0,8,67,25,31,42,35000,1,1,1.0,1,2184.0,465000.0,230000.0,-4664.0,1789922.21,47486.0,84.0,3,64592.0,80819.48,15393.22,3,25,27436.0,17382.7,41724.0,14,58,45062.0,Y,2366.8,current,M,33,MEDIUM,3.9000000000000004,1,385.0,0,7.0
4012,10338,6997.0,1397.5,4029.0,6092.24,950.0,13609.93,7054.0,24.0,47,23,57,3,6,381000,1,1,1.0,1,72383.25,1425000.0,50000.0,7478.0,778.5,25395.08,84.0,19,55412.0,4851.04,52728.75,30,5,16115.0,11252.0,269.0,94,38,38640.0,Y,2641.38,current,M,37,MEDIUM,8.5,3,805.0,1,2.0
4013,5000,25963.0,10600.89,1179.0,15932.72,525.0,1729.03,1910.73,1.0,77,7,24,60,80,313000,1,1,1.0,1,6558.8,234459.4,300500.0,2921.0,36696.93,52772.0,32.0,7,39293.0,170978.37,15827.0,1,63,18015.0,41973.58,6170.0,2,58,19671.0,Y,13512.59,current,M,40,MEDIUM,8.0,5,363.0,1,6.0
4014,16894,7671.0,26461.5,525.4,9403.0,1332.85,23670.065,4772.0,2.0,23,44,51,18,54,75000,1,1,1.0,1,4834.55,5000000.0,800.0,6409.0,50782.49,16822.64,11.0,26,50645.0,18412.0,119639.0,1,11,58650.0,18236.54,57421.0,2,104,34523.0,Y,3678.72,current,M,32,LOW,1.2000000000000002,9,865.0,1,8.0
4015,17943,2717.0,32991.73,788.0,11647.075,2166.0,26283.335,5641.7,19.0,1,32,8,9,8,112000,1,1,1.0,1,87526.1,109000.0,13533.0,-5942.0,48272.78,39803.0,46.0,43,34702.0,115234.38,40174.0,3,13,19549.0,62782.46,16417.0,8,13,24559.0,Y,3665.45,current,M,58,MEDIUM,34.2,2,809.0,0,20.0
4016,16472,6501.0,7504.0,3483.0,2056.24,1495.0,11687.7,797.0,10.0,23,86,4,2,17,326000,1,1,1.0,1,41883.6,93.35,15654.0,7478.0,15669.2,53746.0,35.0,2,18929.0,51542.86,102521.47,43,21,54681.0,73996.23,40396.0,2,12,31000.0,Y,3955.28,current,M,66,LOW,36.800000000000004,6,355.0,0,4.0
4017,9634,7494.0,4421.06,1165.0,13433.0,10397.78,400.66,1401.0,104.0,93,44,42,2,75,267000,1,1,1.0,1,64410.0,28000.0,4895.0,5340.0,387331.82,50009.0,4.0,6,1021.0,111372.46,69813.0,11,6,51636.0,22343.6,34787.0,21,32,34364.0,Y,25289.21,saving,M,33,LOW,9.1,6,658.0,1,7.0
4018,18044,17384.0,12059.4,5979.58,6398.63,7610.0,2651.29,6504.0,4.0,22,13,4,21,79,234000,1,1,1.0,1,1895.04,83402.0,25524.0,1444.0,26416.12,72222.0,11.0,2,28097.0,63240.0,63623.0,20,12,55032.0,49697.36,78619.09,2,18,27025.0,Y,23108.9,current,M,25,LOW,4.5,5,700.0,1,4.0
4019,12062,4573.0,15718.0,13962.0,5646.58,5314.0,20818.27,1484.39,2.0,6,10,1,1,39,19000,1,1,1.0,1,148705.0,57479.0,768.0,1444.0,12860.0,109536.0,94.0,19,3099.0,33037.92,78373.0,5,6,27208.0,154040.92,23225.0,5,35,28016.0,Y,18442.84,current,M,50,MEDIUM,3.0,10,685.0,1,15.0
4020,356,6951.0,59205.46,1772.94,3667.84,25989.01,11084.38,6344.0,10.0,30,16,4,7,39,104000,1,1,1.0,1,16250.2,42000.0,2644.0,3735.0,7909.0,9478.0,52.0,1,34801.0,32693.48,205257.0,3,70,15847.0,32147.75,35328.0,3,50,59903.26,Y,10975.65,current,M,56,MEDIUM,10.8,9,887.0,1,4.0
4021,15708,6809.0,53569.97,1839.01,3518.96,6590.92,1813.13,5299.0,12.0,85,82,1,1,4,289000,1,1,1.0,1,68640.0,134000.0,583.0,-4664.0,117809.6,16073.0,69.0,36,111266.0,50655.98,923.0,5,44,16363.0,37703.5,89361.93,12,50,38898.0,Y,4238.32,saving,M,32,LOW,9.600000000000001,8,536.0,1,15.0
4022,354,12459.0,3589.21,598.0,22554.7,10595.75,5321.0,5258.0,10.0,1,35,4,2,70,147000,1,1,1.0,1,186189.0,35000.0,12337.0,1444.0,29356.5,28125.0,29.0,2,85999.0,89948.39,18947.0,5,50,27869.0,49285.21,104878.0,3,1,51374.0,Y,6159.53,current,M,33,MEDIUM,2.6,5,535.0,1,16.0
4023,2232,4297.0,5522.38,1337.0,5608.84,899.0,2624.0,6539.0,7.0,2,6,1,5,22,232000,1,1,1.0,1,3638.25,97000.0,3975.0,1500.0,27560.22,27122.0,90.0,35,52341.0,20444.64,107190.0,4,8,12451.0,67876.02,40681.5,8,79,16436.0,Y,4205.62,current,M,27,MEDIUM,1.4000000000000001,9,863.0,0,15.0
4024,9615,15881.0,15288.35,22339.59,16232.38,969.35,9211.0,356.0,10.0,2,64,35,5,1,141000,1,1,1.0,1,94643.15,730000.0,27809.0,-6281.37987999999,22115.25,72591.0,10.0,2,27260.0,131490.53,24634.0,2,82,244452.0,102780.0,150853.0,117,7,14476.0,Y,2884.16,saving,M,53,MEDIUM,26.400000000000002,6,346.0,0,19.0
4025,3972,20018.0,3817.79,19739.44,10904.59,8529.41,1022.0,5647.0,136.0,66,74,1,12,81,326000,1,1,1.0,1,50550.5,152664.0,49000.0,6409.0,49120.22,35676.0,42.0,5,40109.0,31300.5,100504.0,50,29,22587.0,58539.98,62801.5,7,0,29690.0,Y,18638.57,current,M,33,MEDIUM,13.0,4,883.0,1,16.0
4026,17076,3807.0,5395.9,18434.63,18094.02,3506.0,16550.0,3906.69,6.0,10,4,8,2,1,184000,1,1,1.0,1,31524.4,165970.9,68000.0,12965.0,51380.91,75963.0,2.0,36,27977.0,13645.0,88995.0,4,50,47787.0,33119.5,82157.59,2,38,210.0,Y,256.58,current,F,62,HIGH,37.800000000000004,6,626.0,1,9.0
4027,1835,9170.0,10981.55,1730.0,3844.45,463.0,17137.14,6674.0,101.0,27,49,2,15,4,67000,1,1,1.0,1,140291.6,52985.43,4367.0,-5439.0,33632.27,54195.0,4.0,35,138167.0,41190.07,33869.0,1,18,87332.0,60705.63,19165.0,6,9,24805.0,Y,3007.42,current,M,222,MEDIUM,121.2,7,863.0,1,16.0
4028,11140,14438.0,5810.42,1944.0,8922.86,4550.86,3811.0,2928.0,12.0,11,87,1,12,6,429000,1,1,1.0,1,26360.0,330001.0,519.0,6885.0,10581.93,59787.07,8.0,3,24106.0,6500.0,47573.0,2,4,84830.0,76792.0,90397.0,4,38,54400.0,Y,4262.91,current,M,50,MEDIUM,24.0,3,737.0,1,3.0
4029,6948,18756.0,29782.59,6184.54,21313.0,1524.0,406.89,1910.73,5.0,18,13,4,1,55,156000,1,1,1.0,1,68640.0,232524.0,825.0,3735.0,18864.59,680091.0,4.0,7,41090.0,12108.99,110149.0,2,12,22746.0,90932.03,25134.58,3,12,92603.0,Y,16857.94,current,M,222,MEDIUM,80.80000000000001,5,945.0,1,4.0
4030,6630,10165.0,6421.6,2258.31,15241.5,10246.0,5413.0,2486.2,44.0,99,47,2,4,30,306000,1,1,1.0,1,27316.5,152664.0,936.0,10455.0,32661.51,35519.0,32.0,0,17763.0,1078.88,51131.86,2,46,13501.0,82691.81,16728.0,12,9,21770.0,Y,393.03,current,F,53,MEDIUM,19.8,2,882.0,0,6.0
4031,3841,345271.0,19537.18,20586.0,651.58,527.0,12487.0,1876.0,53.0,6,4,20,46,17,564000,1,1,1.0,1,506688.65,43397.0,28985.0,-3625.0,183800.28,47287.0,22.0,2,23669.0,36589.87,127370.0,1,27,8470.0,26170.57,1410.0,9,7,23795.0,Y,54.38,current,M,42,HIGH,8.8,5,614.0,1,14.0
4032,16301,86370.0,24279.05,3016.0,7390.0,5946.0,4594.96,2479.0,7.0,77,13,10,3,47,44000,1,1,1.0,1,970271.35,6574.31,4895.0,1500.0,17798.0,68012.95,10.0,36,26819.85,65189.44,91899.0,70,82,4598.0,49359.0,64071.64,21,12,36915.0,Y,4986.21,current,M,58,MEDIUM,22.8,10,424.0,1,12.0
4033,19315,13879.0,8997.54,7884.0,3698.09,3409.8,1843.3,4463.41,19.0,5,50,8,1,1,845000,1,1,1.0,1,21220.0,16583.84,1515.0,-5998.43994,92881.89,68259.0,46.0,7,9126.97,7750.75,35998.01,1,20,16540.0,50906.91,72396.88,4,14,21756.0,Y,307719.34,current,F,66,MEDIUM,13.8,6,927.0,1,18.0
4034,416,302998.0,35386.04,331.0,9016.5,7260.5,2662.0,290.0,44.0,66,74,1,1,6,650000,1,1,1.0,1,76.0,138475.4,1273.0,6885.0,24729.6,75297.0,7.0,2,31626.0,2003.5,20007.0,2,108,30417.0,43919.58,37953.06,12,24,81202.0,Y,3197.91,current,M,60,LOW,40.0,6,259.0,1,5.0
4035,7837,8362.0,7890.68,5418.11,5446.5,6306.64,4518.005,4446.0,16.0,66,4,17,9,47,352000,1,1,1.0,1,140262.4,16000.0,13873.0,1992.0,93258.21,8039.0,77.0,36,24828.0,25869.7,12870.0,7,70,4035.0,37582.07,18282.22,8,12,27706.0,Y,3917.78,current,M,62,MEDIUM,29.400000000000002,7,268.0,1,19.0
4036,13210,92911.0,1041.38,683.0,16737.69,4374.0,17297.0,1999.0,2.0,13,16,8,9,13,302000,1,1,1.0,1,67833.35,141473.07,583.0,14509.0,27191.25,20019.0,11.0,2,23593.0,26846.52,53507.0,1,14,86.76,54812.07,28137.0,4,35,860.0,Y,2706.22,current,F,55,MEDIUM,10.5,2,818.0,1,20.0
4037,6026,13246.0,47940.4,130.32,1355.15,5739.87,24816.0,3891.73,43.0,5,64,5,15,70,17000,1,1,1.0,1,89908.8,278360.16,908.0,167.0,50124.03,68348.5,55.0,3,27784.0,20383.5,113947.0,0,82,19278.0,50014.18,29483.0,4,80,6138.0,Y,3500.31,current,M,44,MEDIUM,21.6,3,249.0,0,18.0
4038,10046,2535.0,219598.13,2849.0,18907.61,1284.0,2530.21,4784.32,5.0,46,4,12,11,91,461000,1,1,1.0,1,2002.36,161648.0,3570.0,5464.0,236132.08,119535.0,23.0,6,39312.0,45928.0,124261.0,9,108,61498.26,23185.48,12273.75,7,106,27482.0,Y,2936.78,current,M,221,LOW,100.5,10,836.0,1,15.0
4039,9147,10099.0,842.6,9803.0,12496.36,880.18,21417.0,9917.15,8.0,85,13,5,55,12,301000,1,1,1.0,1,272677.25,9866.01,28913.0,691.0,13057.6,49322.0,62.0,15,46546.0,24627.0,22665.37,1,23,139202.0,123493.93,41408.0,2,24,19824.0,Y,7961.88,current,M,53,MEDIUM,9.9,6,700.0,1,18.0
4040,18283,303326.0,18273.0,573.0,7364.78,2553.28,1361.0,1606.0,28.0,5,6,45,7,47,447000,1,1,1.0,1,46451.38,138017.0,25000.0,1332.0,30271.7,72564.0,1.0,1,14874.0,37333.78,45246.0,43,4,145317.0,45249.86,67187.5,5,12,16714.0,Y,1077.08,saving,M,40,MEDIUM,12.0,10,330.0,1,18.0
4041,14520,4806.0,4202.47,11078.0,9805.81,5744.68,6811.5,2683.35,19.0,67,49,18,1,26,272000,1,1,1.0,1,690.0,42723.0,4895.0,-6335.0,48789.99,165932.0,11.0,3,22103.0,231654.15,29473.0,4,29,65358.0,41058.78,58896.5,3,58,99465.0,Y,1772.46,saving,M,44,LOW,21.6,4,945.0,1,11.0
4042,8869,4592.0,2979.0,3040.0,5941.55,37483.84,23551.81,5242.0,1.0,1,67,53,4,1,450000,1,1,1.0,1,8758.2,157624.24,508.0,8572.0,10206.28,18753.2,52.0,4,134250.0,18790.09,35362.27,50,0,36660.0,102179.56,20197.0,21,50,33994.06,Y,4288.13,current,M,29,MEDIUM,1.8,9,539.0,1,13.0
4043,2673,299845.0,6888.99,5919.0,1455.0,78.0,27943.0,1706.32,1.0,23,84,2,1,26,74100,1,1,1.0,1,2242.35,70000.0,18257.0,-3506.17993,19840.75,883052.0,5.0,3,61244.0,44629.61,250344.36,3,81,203000.0,35431.97,21281.0,2,12,26647.0,Y,104.5,saving,F,32,HIGH,4.800000000000001,2,525.0,1,8.0
4044,15991,2816.0,3214.1,39739.0,2145.4,4459.0,3096.13,5227.0,16.0,25,13,50,25,34,579000,1,1,1.0,1,156875.0,992890.32,971.0,5730.0,21090.0,113.0,11.0,6,40544.0,85363.54,592556.1,9,50,40364.0,82952.32,6576.79,3,11,66834.0,Y,2437.43,current,M,32,MEDIUM,8.4,10,883.0,0,2.0
4045,5353,166939.0,3914.16,589.96,9591.45,4759.0,8616.0,7787.0,6.0,23,1,15,1,86,120000,1,1,1.0,1,72383.25,20098.0,300500.0,5350.0,51149.16,39709.21,11.0,14,25689.0,74486.31,25502.0,3,20,31937.92,47330.89,64419.5,18,68,31792.0,Y,14102.45,current,M,60,MEDIUM,24.0,5,448.0,1,9.0
4046,12288,11609.0,4711.01,8762.0,6955.83,961.0,7970.465,1746.0,10.0,50,2,24,4,34,193000,1,1,1.0,1,54860.05,760470.3,5905.0,-4324.0,43863.9,67865.0,77.0,1,21995.0,51253.84,15094.0,2,5,20032.0,69620.0,21495.0,6,38,66688.32,Y,18649.33,current,M,60,MEDIUM,8.0,9,945.0,1,7.0
4047,4348,238106.0,8718.0,1419.37,8548.41,6841.3,3319.67,3095.0,10.0,9,30,2,1,3,218000,1,1,1.0,1,39851.93,1024477.47,12105.0,553.0,210352.22,137465.86,77.0,26,19026.0,21581.75,22358.04,9,86,62040.0,43890.8,36734.26,3,107,138887.0,Y,2489.08,current,F,32,MEDIUM,6.0,8,802.0,0,19.0
4048,16389,160.0,33097.84,712.0,7397.42,4963.41,6556.6,1462.0,16.0,4,35,3,5,31,403000,1,1,1.0,1,213557.15,730000.0,1036.0,14509.0,26039.52,113853.0,1.0,35,20214.0,30954.22,39700.5,0,49,24476.0,10071.0,49040.5,19,8,16410.0,Y,1514.41,current,M,32,MEDIUM,4.800000000000001,3,574.0,1,8.0
4049,10145,11410.0,763.0,1912.66,5947.0,21899.2,4022.17,815.0,10.0,18,16,2,4,42,98000,1,1,1.0,1,9624.6,63000.0,12611.0,2921.0,82184.42,82205.0,5.0,36,22617.0,16500.0,1072956.05,6,20,12582.38,137119.36,272424.94,5,12,15656.0,Y,3356.76,current,M,37,LOW,3.4000000000000004,6,386.0,1,5.0
4050,13250,16503.0,8169.58,3570.57,22912.0,1451.02,2769.775,12743.0,7.0,3,4,10,9,1,403000,1,1,1.0,1,942327.7,470000.0,13873.0,3421.0,5076.25,168209.0,18.0,19,91228.0,68761.31,59831.5,43,18,41450.0,32593.28,118037.17,2,24,11775.0,Y,1557.69,current,M,69,LOW,49.0,1,737.0,1,9.0
4051,18388,5799.0,9721.36,25448.84,3916.62,10945.09,5772.6,25250.0,50.0,2,46,25,1,47,155000,1,1,1.0,1,510.6,165970.9,2644.0,0.0,52941.73,7763.0,11.0,9,31916.0,10132.0,15336.0,1,11,23330.0,76901.99,135800.0,5,12,16000.0,Y,11635.36,current,M,46,LOW,23.400000000000002,8,914.0,1,6.0
4052,13142,48649.0,15318.65,10091.23,9028.29,12633.0,564.06,2384.7,56.0,1,5,1,15,79,410000,1,1,1.0,1,241.65,115000.0,28913.0,1500.0,16691.61,79381.53,5.0,0,28040.0,73597.86,37988.0,2,25,17207.0,191389.19,68821.84,94,79,40604.0,Y,4418.76,current,M,33,MEDIUM,11.700000000000001,4,914.0,1,20.0
4053,14512,1747.0,8103.54,1399.0,36403.53,1926.86,4205.69,912.0,2.0,23,50,1,3,13,199999,1,1,1.0,1,9255.43,3.0,25524.0,1332.0,6879.8,15517.0,2.0,3,35761.0,61830.02,24404.0,2,29,18225.0,73506.01,93703.0,41,58,47291.0,Y,10277.05,current,F,47,LOW,5.4,8,945.0,1,10.0
4054,5483,11967.0,3269.0,739.91,7018.0,2320.95,5863.25,755.0,92.0,3,5,1,3,16,329000,1,1,1.0,1,223000.0,120154.1,25524.0,12415.0,598834.72,41083.0,36.0,1,57837.0,1509.96,20090.0,50,86,52307.0,35518.0,36803.0,94,1,12769.0,Y,15217.78,current,M,34,LOW,14.0,4,805.0,0,15.0
4055,10502,11789.0,592.0,38932.03,5224.08,211.73,14182.8,93094.0,80.0,23,49,1,11,17,595000,1,1,1.0,1,34112.0,278360.16,13873.0,6409.0,20080.12,67180.0,4.0,2,18807.0,62200.0,35998.01,45,70,79864.0,31054.28,20851.0,11,50,22352.0,Y,4040.9,current,M,42,MEDIUM,19.8,5,558.0,0,2.0
4056,1478,11721.0,4602.78,27848.0,21780.22,8220.07,17946.9,184.0,26.0,2,89,4,2,1,650000,1,1,1.0,1,471.05,470000.0,925.0,-4679.0,117769.89,64852.0,42.0,9,38448.0,39190.09,27350.22,43,4,23448.0,120102.5,63267.0,3,7,4340.0,Y,4780.38,current,M,33,LOW,7.800000000000001,1,958.0,1,10.0
4057,6166,11954.0,33632.04,758.0,10874.67,6429.01,22890.42,259.0,10.0,5,35,1,2,56,256000,1,1,1.0,1,825.0,165970.9,711.0,5439.0,57339.59,53264.88,20.0,7,22754.0,40249.71,30271.5,3,20,19845.0,38285.8,50219.0,49,32,19939.0,Y,4749.57,saving,M,32,MEDIUM,6.0,10,354.0,1,19.0
4058,16303,85224.0,6598.66,1720.5,18018.0,4879.0,29601.0,8849.34,52.0,1,60,1,9,47,326000,1,1,1.0,1,298492.0,25404.0,24619.0,3897.0,9505.25,51194.0,46.0,14,60228.0,59737.79,1162.0,0,5,9988.0,35378.79,100581.0,94,83,26808.0,Y,16436.11,current,M,35,MEDIUM,7.5,8,725.0,1,6.0
4059,15116,2770.0,5729.15,8576.08,4327.35,2065.0,2925.0,25345.42,43.0,65,38,48,14,6,130000,1,1,1.0,1,78472.48,12257.0,1209.0,-4679.0,38850.2,116569.08,82.0,0,55725.0,71430.87,94328.0,42,14,61725.0,34565.81,418546.0,49,15,36837.0,Y,1496.55,current,M,60,MEDIUM,20.0,5,355.0,1,19.0
4060,2076,8426.0,210629.43,3358.0,2651.0,2617.61,7363.95,1090.0,9.0,31,3,30,62,44,169000,1,1,1.0,1,3938.25,74599.9,4699.0,6613.0,51380.91,21923.0,82.0,43,39001.0,16758.94,21960.0,11,50,26798.0,63809.15,41475.0,46,80,16450.0,Y,9126.91,current,F,28,MEDIUM,3.2,5,623.0,0,6.0
4061,1720,16838.0,1217.0,3422.0,45127.01,28429.49,2895.0,1733.0,5.0,16,19,48,14,98,408000,1,1,1.0,1,116.0,245000.0,19176.0,-6885.0,63549.04,50196.55,36.0,3,15987.0,72846.85,24257.0,2,7,103500.0,100752.42,441562.92,94,14,17078.0,Y,1081.94,current,M,64,MEDIUM,44.0,5,267.0,1,8.0
4062,11809,19842.0,10600.89,97.0,4570.5,5895.0,21851.0,6069.0,24.0,22,7,11,15,77,59000,1,1,1.0,1,27316.5,37000.0,126001.0,0.0,123744.12,81539.0,11.0,1,36670.0,12721.0,35111.0,5,8,43635.0,72153.04,36104.0,2,12,17920.0,Y,11391.81,current,M,60,LOW,20.0,1,737.0,1,4.0
4063,19069,299446.0,1545.0,13353.83,21713.5,4799.12,21796.0,9335.0,2.0,56,35,8,1,17,160000,1,1,1.0,1,1263221.7,17000.0,20089.0,9415.0,55099.68,108826.38,5.0,7,37746.0,11463.1,54292.85,3,8,21772.0,100622.74,64185.91,6,18,30800.0,Y,6943.72,current,M,30,LOW,7.0,10,249.0,1,4.0
4064,11861,345.0,13958.58,2652.0,2766.76,986.68,6959.0,2877.0,4.0,20,30,25,3,8,358000,1,1,1.0,1,803155.7,87578.0,15477.0,1465.0,80307.63,30923.0,77.0,5,27507.0,24586.0,22451.0,9,8,30635.0,28740.75,118418.0,2,57,17082.0,Y,7315.32,saving,M,30,MEDIUM,3.0,3,723.0,1,20.0
4065,5908,17448.0,25793.63,1076.5,11125.0,4461.43,2025.115,9034.01,26.0,4,50,3,6,1,378000,1,1,1.0,1,9649.6,879134.4,230000.0,1089.0,30105.25,26431.0,10.0,0,50611.0,69050.75,118609.0,9,70,30718.0,44737.54,41088.87,19,24,174206.0,Y,9378.21,current,M,60,LOW,24.0,1,296.0,1,20.0
4066,9727,6203.0,1890.34,4237.0,21514.27,10073.0,1716.15,6485.0,101.0,71,82,1,71,17,358000,1,1,1.0,1,360978.37,30453.0,36114.0,0.0,85614.3,151635.0,89.0,3,45347.0,5302.0,56411.61,6,13,243528.0,19387.42,35852.0,6,73,27531.0,Y,30863.57,current,M,33,MEDIUM,3.9000000000000004,2,269.0,1,18.0
4067,9461,20244.0,1965.0,11044.0,1323.0,9107.36,12679.5,901.0,1.0,2,53,8,1,34,480000,1,1,1.0,1,8556.25,15036.0,13533.0,6916.0,54896.45,27181.0,55.0,7,29370.0,14954.06,31693.0,9,50,2951.0,70590.08,65416.0,11,79,55742.0,Y,2742.86,saving,M,37,LOW,5.1000000000000005,9,538.0,0,4.0
4068,10879,1818.0,15033.94,14766.0,2689.5,7610.0,18067.14,38792.9,3.0,10,16,25,55,56,595000,1,1,1.0,1,155.05,154121.9,130000.0,1411.0,10790.13,255493.0,147.0,1,23147.6,176336.18,18870.0,2,43,200815.17,13308.0,15320.13,7,8,46343.0,Y,80960.37,current,M,69,MEDIUM,34.300000000000004,2,305.0,0,6.0
4069,11770,1658.0,64350.61,402.0,6535.92,16999.17,7669.85,2138.0,5.0,23,30,2,1,2,49999,1,1,1.0,1,510.6,176487.6,15477.0,1411.0,31324.0,57170.0,16.0,36,16632.0,50118.0,21733.0,2,18,17971.0,34472.3,66837.0,8,11,20386.0,Y,1650.39,current,M,62,LOW,42.0,9,536.0,0,6.0
4070,9538,235302.0,9289.72,3889.0,12333.0,12133.0,6038.52,629.0,25.0,23,4,10,2,1,124000,1,1,1.0,1,10008.0,94885.9,2156.0,5730.0,287776.87,43391.0,16.0,26,18077.0,22351.0,2379.0,2,0,40750.0,32071.0,54659.0,94,9,39988.0,Y,21895.84,saving,F,32,LOW,9.600000000000001,3,123.0,1,18.0
4071,18776,5987.0,5303.26,2570.07,1775.5,188.0,977.68,21421.0,57.0,23,46,2,4,5,47000,1,1,1.0,1,270.0,14000.0,519.0,-3506.17993,61682.52,308112.0,69.0,4,24496.0,25958.6,24730.0,2,1,97123.0,57048.23,26640.28,3,11,199.0,Y,69118.56,current,M,44,MEDIUM,12.0,7,638.0,0,19.0
4072,17048,7643.0,42946.29,11327.9,12853.48,2879.58,31718.0,5150.0,2.0,43,82,2,2,12,44000,1,1,1.0,1,811.0,15036.0,1001.0,6885.0,12672.61,40158.0,11.0,31,215000.0,13457.11,23074.0,1,108,51636.0,17505.0,66252.0,12,73,22724.0,Y,19986.76,current,M,50,HIGH,6.0,3,748.0,0,5.0
4073,5964,9566.0,21904.96,2171.0,9004.25,900.0,20876.645,1097.0,5.0,17,3,48,4,98,263000,1,1,1.0,1,31845.5,93.35,16215.0,-3625.0,23703.13,5102.0,42.0,1,59946.0,101020.87,31047.0,5,11,41272.0,51501.02,322180.0,94,8,103380.0,Y,6400.47,current,M,32,MEDIUM,10.8,9,684.0,0,18.0
4074,12486,13191.0,7120.26,3527.97,10004.07,3516.0,14248.1,533.0,26.0,18,67,2,3,42,390000,1,1,1.0,1,1035.0,15036.0,183999.0,4314.0,38422.8,35711.0,63.0,5,28008.0,14000.34,20757.0,50,9,19975.54,9794.89,72580.0,12,35,36494.0,Y,731.3,current,M,37,MEDIUM,6.800000000000001,10,908.0,1,8.0
4075,2894,14479.0,99778.04,1950.0,2941.3,1871.45,18577.0,2740.04,2.0,29,67,3,2,3,581000,1,1,1.0,1,873.7,63000.0,500718.0,1465.0,21173.0,71210.4,11.0,1,23197.0,74022.32,52322.0,43,25,21850.0,165210.93,118640.0,3,103,35228.0,Y,198.06,current,F,35,LOW,15.0,1,614.0,0,9.0
4076,7989,104136.0,13449.91,7223.0,43940.77,11163.64,5861.96,15856.0,2.0,22,105,8,20,2,125000,1,1,1.0,1,82.4,3651922.3,15756.0,6885.0,64441.57,29174.0,77.0,2,21497.0,107686.79,182282.0,1,50,60448.0,35964.3,51453.0,6,100,9010.0,Y,8367.27,current,M,32,MEDIUM,8.4,7,805.0,1,20.0
4077,4429,11763.0,30347.75,6855.0,2274.14,3914.66,20132.245,1634.0,2.0,14,19,1,7,2,150000,1,1,1.0,1,8209320.0,31000.0,1611.0,2819.0,72719.0,67890.0,2.0,5,102.0,142739.77,227264.48,3,108,102795.25,43783.27,23788.0,7,24,34005.0,Y,11736.5,saving,M,55,HIGH,3.5,10,683.0,0,12.0
4078,19979,13215.0,1119.96,3569.0,10635.0,1657.0,1287.0,2177.0,4.0,23,47,57,2,3,453000,1,1,1.0,1,1581000.0,470000.0,300500.0,16455.0,38191.78,206389.5,4.0,35,17361.0,33276.12,20211.0,2,44,83711.0,379320.48,59868.0,4,21,47301.29,Y,2035.44,current,M,61,MEDIUM,24.6,7,805.0,0,16.0
4079,7474,5979.0,11214.92,39739.0,1922.75,12917.35,5772.6,1306.0,43.0,99,4,18,2,25,371000,1,1,1.0,1,52209.5,12257.0,908.0,1014.0,6372.0,23222.0,42.0,1,32815.0,100427.52,8113.0,7,108,36620.0,56913.5,29714.0,14,58,28485.0,Y,3778.61,current,M,51,MEDIUM,9.3,1,424.0,0,4.0
4080,18195,8600.0,8104.9,6495.0,33616.51,4319.03,7758.1,8250.0,80.0,46,5,1,1,12,378000,1,1,1.0,1,116.0,32714.0,33774.0,977.0,15024.75,253388.0,4.0,31,26630.0,16676.76,28305.0,11,8,27470.0,590092.14,15321.0,6,104,12829.0,Y,3484.7,current,M,49,MEDIUM,5.800000000000001,5,805.0,0,9.0
4081,12862,13330.0,54121.88,2225.49,3565.0,5393.67,42907.0,16335.0,10.0,10,49,5,9,34,351000,1,1,1.0,1,1238.65,24000.0,183999.0,6885.0,52242.38,244717.65,39.0,1,26606.0,45013.59,19065.0,6,70,34290.0,41752.48,61603.35,21,57,249.0,Y,27955.06,current,M,222,MEDIUM,202.0,4,643.0,1,10.0
4082,1414,12428.0,5484.64,8908.64,19340.0,7157.01,3395.79,7274.0,2.0,2,44,48,11,34,400000,1,1,1.0,1,28844.0,330001.0,60000.0,16455.0,21429.0,98137.0,55.0,4,143922.0,38788.0,48807.0,3,82,26701.0,56152.16,33787.0,14,50,23238.0,Y,4091.07,current,M,47,LOW,10.8,7,855.0,1,10.0
4083,14174,11885.0,76079.95,20113.0,1960.99,3940.0,4196.08,18806.76,5.0,19,9,8,1,1,125000,1,1,1.0,1,1234298.9,40000.0,30071.0,1079.0,236969.77,5584.0,11.0,2,41879.03,82918.92,12967.0,4,1,107738.0,53265.09,33416.0,42,83,25007.0,Y,940.16,current,F,32,MEDIUM,9.600000000000001,7,428.0,0,15.0
4084,9367,135563.0,22349.96,11993.0,5391.0,248.9,13156.0,204.0,531.0,5,13,3,1,1,147000,1,1,1.0,1,111.4,184514.0,4699.0,6916.0,25584.0,84898.59,46.0,4,18763.0,5313.31,18873.25,3,81,15885.0,31108.88,59694.0,3,80,14925.0,Y,4768.81,saving,M,32,MEDIUM,12.0,8,516.0,1,8.0
4085,3878,13858.0,8911.75,1757.0,75467.0,315.0,2046.0,6857.0,92.0,85,7,3,2,6,98000,1,1,1.0,1,21511.8,6574.31,126001.0,553.0,32882.64,17545.0,52.0,1,14293.0,25030.0,105380.75,4,46,95362.0,76318.17,41023.0,3,67,65571.5,Y,927.28,current,M,27,HIGH,4.2,5,525.0,1,10.0
4086,5675,19333.0,16719.71,22079.65,5031.38,1572.0,690.51,236.0,43.0,30,7,52,15,56,400000,1,1,1.0,1,67833.35,69370.0,925.0,1411.0,58443.17,18255.0,35.0,35,23219.0,10342.0,41928.5,1,14,33882.0,26420.88,73905.0,12,35,52653.0,Y,3259.17,current,M,29,MEDIUM,7.2,4,385.0,0,13.0
4087,8549,38635.0,107258.85,9686.01,2889.0,28429.49,49746.41,1776.0,7.0,10,4,4,1,53,524000,1,1,1.0,1,7304.75,141473.07,33774.0,-6281.37987999999,24238.0,51546.0,2.0,0,3400.0,27535.1,173044.82,2,63,33465.87,45439.13,814.0,49,107,28677.0,Y,103.94,current,M,63,LOW,12.9,8,882.0,0,13.0
4088,17369,10616.0,37058.82,14015.4,3417.51,13768.0,24615.325,10942.0,63.0,15,67,39,3,70,87000,1,1,1.0,1,4731234.6,1971236.9,1209.0,12415.0,62205.75,54327.5,3.0,4,22653.0,50778.76,59831.5,43,6,20642.0,137127.91,35724.27,2,8,31930.0,Y,1780.73,current,M,37,MEDIUM,17.0,9,836.0,1,9.0
4089,14845,15256.0,20126.2,57.0,2958.44,904.0,16148.83,12671.0,2.0,3,44,50,25,13,448000,1,1,1.0,1,3938.25,110135.86,610000.0,977.0,45633.99,60000.0,18.0,9,28751.0,2065.0,46382.0,6,8,15700.0,42731.54,229531.93,47,12,41933.0,Y,5412.0,saving,M,47,LOW,10.8,10,799.0,0,15.0
4090,1678,130640.0,1532.9,9487.4,27715.87,736.01,4585.695,8952.0,1.0,93,71,15,2,4,119000,1,1,1.0,1,13730.0,3.0,2156.0,1500.0,19406.0,70359.97,16.0,5,61876.0,41201.68,177424.0,3,8,19644.0,28161.59,26643.75,7,7,33120.0,Y,5563.64,current,M,30,LOW,7.0,9,598.0,1,20.0
4091,13915,15115.0,14437.3,7391.0,14647.89,6515.64,4392.525,29798.0,17.0,23,50,2,24,1,370000,1,1,1.0,1,9624.6,15300.0,492.0,-4679.0,29354.0,52872.0,69.0,17,86887.0,15052.67,65141.0,4,27,54792.0,47007.35,41270.0,3,100,57269.0,Y,2966.28,current,M,53,MEDIUM,13.200000000000001,10,805.0,1,4.0
4092,956,10134.0,780.68,14028.0,959.52,717.0,1314.64,200.0,44.0,3,19,53,1,55,98000,1,1,1.0,1,13849.4,290000.0,33330.0,1992.0,4130.63,52492.0,7.0,7,18683.0,61258.24,80326.5,6,30,484400.0,82555.0,45485.25,14,106,14003.0,Y,2254.65,current,M,35,MEDIUM,1.5,6,644.0,1,7.0
4093,2516,89704.0,41504.75,1333.0,3512.19,3692.0,524.85,7973.0,5.0,77,9,1,62,54,555000,1,1,1.0,1,4140.0,157000.0,130000.0,5773.0,28365.6,18464.0,67.0,4,98691.0,6074.08,53958.0,1,17,15992.0,74559.75,54329.0,2,12,21166.0,Y,4388.67,current,M,66,LOW,46.0,6,950.0,1,16.0
4094,16292,129340.0,9545.0,3244.69,2439.35,3339.25,2259.95,9527.42,136.0,8,5,25,12,5,352000,1,1,1.0,1,1112.4,278360.16,48500.0,-5715.49022999999,86549.8,16995.0,4.0,6,58876.0,13581.5,222103.8,45,29,34420.0,9799.0,72444.0,62,21,19313.0,Y,19726.26,current,M,28,MEDIUM,2.4000000000000004,1,864.0,1,6.0
4095,6441,8266.0,65368.0,1268.0,7243.83,6585.43,5048.0,925.34,8.0,56,4,8,21,10,59000,1,1,1.0,1,937.0,409168.15,4000.0,5464.0,37802.9,26982.0,46.0,4,50691.6,4108.0,112987.0,5,20,18015.0,100468.05,42355.0,49,79,17350.0,Y,17277.64,current,M,33,LOW,5.2,4,708.0,1,5.0
4096,13553,11298.0,29000.97,21855.31,15681.52,1136.0,40269.08,3896.0,26.0,65,4,45,3,54,150000,1,1,1.0,1,52209.5,409168.15,12560.0,418.0,11739.68,64033.0,39.0,36,32230.0,66684.0,53712.0,4,12,47500.0,165605.93,1351.0,2,106,2015.97,Y,2437.43,current,M,35,LOW,15.0,5,267.0,1,11.0
4097,8142,20309.0,12472.84,28530.86,2509.0,7513.0,55345.625,3026.0,26.0,6,14,7,62,3,296000,1,1,1.0,1,19265.4,1194405.5,610000.0,-3506.17993,36965.0,40992.0,77.0,7,29444.0,20649.04,42023.0,1,2,74970.31,19366.0,109845.0,6,7,32433.0,Y,7315.32,current,M,40,MEDIUM,12.0,3,536.0,1,13.0
4098,18145,39143.0,1413.0,4485.16,5109.42,5178.25,15685.17,4624.0,60.0,3,7,8,1,1,68250,1,1,1.0,1,551439.2,253000.0,641.0,-6335.0,134137.71,35281.0,10.0,26,19672.0,29250.3,60036.0,2,6,12646.0,39527.69,8208.0,12,50,96213.0,Y,20728.62,current,M,28,MEDIUM,1.6,9,485.0,0,10.0
4099,3637,19853.0,30246.0,21855.31,14944.35,1864.29,5281.0,936.0,57.0,18,47,30,51,1,461000,1,1,1.0,1,4120.0,373824.0,1633.0,5464.0,30970.26,114539.0,89.0,4,125303.0,93275.35,64760.0,5,70,58476.0,58019.25,73177.0,11,103,46218.0,Y,4367.25,saving,M,66,MEDIUM,13.8,4,683.0,1,3.0
4100,2404,590.0,50969.39,6315.95,6787.91,14459.15,1582.0,4610.61,1.0,6,5,1,3,56,177000,1,1,1.0,1,20659.75,93000.0,38599.0,2351.0,41524.83,29749.5,18.0,7,24552.0,109915.11,60036.0,10,8,62470.0,32416.02,45494.0,3,11,37258.0,Y,6652.63,current,M,29,MEDIUM,9.0,7,955.0,1,13.0
4101,12077,15728.0,1866.42,57.0,20665.99,20101.0,36772.99,3007.0,12.0,2,49,1,6,6,16000,1,1,1.0,1,77855.0,82907.34,2019.0,1079.0,29982.57,60705.16,11.0,17,234297.0,28455.0,55137.0,11,70,13736.0,60599.21,20276.0,94,76,53589.0,Y,441.96,current,M,60,MEDIUM,8.0,7,249.0,0,3.0
4102,2540,217540.0,10175.4,2044.66,3672.69,727.0,25855.565,2900.0,50.0,36,62,44,1,10,28000,1,1,1.0,1,77855.0,63173.17,925.0,5439.0,14568.46,11148.0,11.0,5,34660.0,30318.69,26821.0,11,81,19688.0,25791.82,133354.25,5,113,25173.0,Y,7594.47,current,M,60,MEDIUM,20.0,4,268.0,1,12.0
4103,6144,15617.0,33348.71,6042.01,3396.0,3447.0,12407.26,396.0,6.0,4,13,51,21,9,400000,1,1,1.0,1,526.25,470000.0,2019.0,8723.0,208323.42,90028.0,18.0,1,75952.0,1784.0,448932.98,2,26,104991.0,201911.54,28560.0,6,107,32336.0,Y,220.56,current,M,30,MEDIUM,3.0,3,643.0,1,8.0
4104,7841,8930.0,3618.26,739.58,24717.97,4887.0,13186.43,3184.0,7.0,10,87,54,21,55,232000,1,1,1.0,1,15079.5,189246.0,694.0,-5942.0,69256.35,33884.0,52.0,4,19023.0,39386.6,294588.38,4,21,28683.0,74101.9,104990.0,36,35,149500.0,Y,2825.87,current,M,30,MEDIUM,6.0,7,268.0,1,15.0
4105,19539,8521.0,6170.49,6407.0,63573.94,3929.5,5242.0,3839.03,100.0,47,6,42,2,39,125000,1,1,1.0,1,2184.0,36880.0,15654.0,5439.0,94930.98,500015.0,17.0,1,17832.0,220429.63,244084.0,4,20,10865.0,12009.02,90585.29,7,80,3887.0,Y,2035.44,current,M,35,MEDIUM,6.0,8,748.0,0,19.0
4106,17410,6756.0,10834.65,15838.0,29418.38,4635.85,842.52,19444.31,25.0,46,30,5,5,55,395000,1,1,1.0,1,98543.96,189246.0,33950.0,-5998.43994,35829.0,44846.0,32.0,33,21090.0,53924.35,34393.0,20,86,19778.0,32115.76,11124.0,2,6,18738.0,Y,2755.87,current,M,47,LOW,27.0,1,914.0,0,11.0
4107,5373,16649.0,16791.22,232.6,1062.53,4043.63,93030.65,30180.0,12.0,23,72,2,5,13,520000,1,1,1.0,1,456.1,95081.0,130000.0,20513.0,62493.47,32437.0,11.0,4,23770.0,13398.0,55775.0,23,75,155084.0,109632.43,36818.1,12,15,795.0,Y,4072.44,current,M,33,MEDIUM,6.5,2,710.0,1,18.0
4108,12926,15553.0,3658.17,68240.0,7051.76,608.79,2791.21,676.0,2.0,66,19,2,24,31,167000,1,1,1.0,1,474401.25,90829.65,15654.0,5464.0,8530.75,11024.0,55.0,2,22479.0,78393.29,195055.2,2,70,4501.0,982.5,14318.0,8,22,40604.0,Y,6945.0,current,M,35,MEDIUM,12.0,8,355.0,1,15.0
4109,17520,13006.0,3205.25,262.31,5387.0,2113.85,10861.3,5124.0,3.0,1,3,1,1,39,375000,1,1,1.0,1,34635.25,12257.0,18389.0,6441.0,13437.56,33040.61,90.0,4,51574.0,94993.0,25494.0,31,44,36127.0,54913.12,109165.5,3,50,26569.0,Y,14626.99,current,M,53,MEDIUM,19.8,4,535.0,1,16.0
4110,16822,25000.0,29375.39,3052.0,28344.31,3164.1,7423.0,2295.0,56.0,99,5,48,1,79,49999,1,1,1.0,1,568.8,77000.0,4367.0,10455.0,60119.92,51456.0,38.0,1,92813.0,39794.64,75651.23,6,8,348255.0,38394.38,54141.0,2,79,42570.0,Y,6697.19,current,M,30,LOW,5.0,10,314.0,1,16.0
4111,13584,16715.0,32173.13,4950.77,5494.03,2301.51,29217.46,1085.0,1.0,3,4,8,56,80,44000,1,1,1.0,1,443.36,330001.0,768.0,5730.0,13915.5,180909.0,42.0,55,68501.0,10670.17,17794.44,4,70,46171.0,93818.0,28476.0,10,75,24128.0,Y,5243.43,current,M,60,MEDIUM,24.0,1,928.0,0,19.0
4112,14166,1253.0,11160.79,566.0,1540.08,860.0,4667.0,19546.33,60.0,77,4,4,24,5,400000,1,1,1.0,1,130319.0,86868.0,2156.0,3735.0,157539.75,104319.0,69.0,2,9126.97,193603.15,98255.0,43,82,108816.0,120102.5,12161.44,5,63,282267.0,Y,1327.11,current,M,221,MEDIUM,100.5,4,809.0,1,16.0
4113,16222,5004.0,51167.75,1171.0,5829.13,4197.0,18351.0,493.48,7.0,46,47,20,3,80,338000,1,1,1.0,1,4110.0,205000.0,28912.0,26601.0,113764.11,63182.0,84.0,15,18807.0,29640.8,62667.0,0,8,15458.0,64225.46,61217.0,4,63,24128.0,Y,1494.18,current,M,47,HIGH,8.1,9,700.0,1,12.0
4114,340,84818.0,9737.09,13359.0,7969.84,460.64,370.21,5606.52,44.0,26,38,2,21,98,19000,1,1,1.0,1,18418.85,1024477.47,51520.0,1411.0,68962.13,93427.0,62.0,7,19288.0,267356.0,176143.0,3,108,38947.0,31769.26,43815.0,18,52,62247.0,Y,9064.39,current,M,42,MEDIUM,22.0,7,883.0,1,13.0
4115,12551,264203.0,1084.93,4934.0,9044.2,4266.0,23366.54,428.52,59.0,36,38,2,1,1,461000,1,1,1.0,1,32200.0,138475.4,2214.0,8723.0,31097.5,52400.99,4.0,3,82.91,51617.64,22358.04,4,4,26463.0,60144.0,35820.0,2,50,6713.0,Y,1086.13,current,M,27,MEDIUM,5.6000000000000005,3,623.0,1,20.0
4116,14268,17438.0,57162.0,4225.08,7831.16,812.0,13590.91,846.0,92.0,99,6,5,8,26,505000,1,1,1.0,1,7455797.87,104000.0,14904.0,0.0,3818.25,160264.41,32.0,2,35477.0,8566.79,17354.0,0,63,43775.0,129420.5,41832.25,36,9,25499.0,Y,1170.49,current,M,30,MEDIUM,10.0,3,623.0,1,12.0
4117,16688,183569.0,11377.57,5830.88,9333.0,5252.0,35898.56,1870.0,2.0,9,1,24,25,10,298000,1,1,1.0,1,474401.25,74599.9,798.0,6916.0,55506.94,92801.0,6.0,15,34850.0,50294.48,48689.88,9,50,22650.0,74751.02,22646.0,3,79,40048.0,Y,10033.1,current,M,33,MEDIUM,7.800000000000001,9,299.0,1,4.0
4118,18804,402270.0,917.0,4137.8,11368.5,496.0,3595.455,6707.91,17.0,22,61,1,3,98,25000,1,1,1.0,1,544500.0,45000.0,550.0,1465.0,43674.25,43204.16,16.0,5,70786.0,125900.37,374952.5,5,171,24106.0,259204.16,42600.34,2,80,446.0,Y,5512.03,current,M,34,MEDIUM,1.4000000000000001,9,620.0,1,10.0
4119,4362,17059.0,11214.92,5830.88,903.0,4062.0,30639.0,808.0,20.0,66,59,4,3,26,581000,1,1,1.0,1,5210.85,76157.6,539.0,12174.0,112712.77,77506.95,91.0,2,159847.0,30724.23,23306.0,3,8,116000.0,114477.3,29226.97,39,103,15497.0,Y,5403.11,current,M,62,MEDIUM,12.600000000000001,10,700.0,1,15.0
4120,14612,20412.0,31918.84,2770.0,573.05,3755.0,9722.0,22096.0,100.0,1,13,22,1,2,87000,1,1,1.0,1,750.6,330001.0,639.0,3897.0,2391.25,24704.0,46.0,3,14908.0,69708.19,58717.0,1,1,14999.0,130198.0,147191.0,3,35,18640.5,Y,592.5,current,F,32,LOW,10.8,1,488.0,0,16.0
4121,11049,15875.0,3318.5,2361.55,17192.0,6977.09,8002.0,3053.0,4.0,16,7,2,4,2,507000,1,1,1.0,1,4731.1,96096.0,28985.0,6916.0,67059.61,66096.0,42.0,7,36949.0,103213.28,26701.04,0,108,69243.0,66415.57,35396.0,5,106,11600.0,Y,12780.44,current,M,33,HIGH,1.3,6,860.0,1,4.0
4122,7296,293380.0,2227.5,2706.0,47772.38,12754.9,5921.945,2860.0,531.0,4,35,4,3,12,100000,1,1,1.0,1,3618670.8,537476.4,28912.0,10455.0,110058.0,386245.0,16.0,2,38344.0,61073.75,20767.0,9,8,52664.0,718245.85,15515.0,40,58,40589.82,Y,1644.13,saving,F,35,MEDIUM,13.5,8,385.0,1,5.0
4123,14697,7887.0,9731.0,9339.02,3947.98,3908.0,4998.0,818.0,29.0,71,35,4,1,62,271000,1,1,1.0,1,8554.5,172131.0,13533.0,20513.0,23141.0,24014.0,11.0,4,37010.0,4510.96,56112.38,2,82,73100.0,10104.0,16195.38,5,6,20678.0,Y,8467.11,current,M,118,LOW,78.4,3,863.0,0,15.0
4124,641,7234.0,135469.38,23119.0,1246.0,23542.0,4014.0,11767.49,28.0,26,19,24,2,11,586000,1,1,1.0,1,62217.0,100000.0,500718.0,8723.0,33855.84,78448.0,39.0,36,30368.0,24894.51,17667.5,4,11,16250.0,44449.63,112927.5,21,18,35982.0,Y,1380.49,saving,M,42,MEDIUM,17.6,3,963.0,1,17.0
4125,12657,29202.0,8060.4,15551.34,2471.75,348.99,18777.98,1248.0,26.0,16,10,18,17,34,67000,1,1,1.0,1,213557.15,3.59,678.0,-12179.0,108046.47,50236.0,32.0,2,65378.0,112951.67,48838.86,0,20,33037.0,98430.0,157361.29,3,7,74946.0,Y,11519.16,current,M,31,MEDIUM,8.8,2,860.0,1,9.0
4126,72,12520.0,4929.0,6243.02,2219.0,1834.0,16287.0,14864.17,14.0,30,44,3,6,68,225000,1,1,1.0,1,15772650.74,31730.49,1052.0,0.0,60305.09,13309.75,18.0,7,6481.0,51204.75,70769.0,3,5,2382.0,64392.13,248755.0,3,35,16349.0,Y,7449.8,saving,M,58,MEDIUM,11.4,7,243.0,1,17.0
4127,9823,2290.0,13772.86,6095.3,1881.0,763.1,8142.22,2883.66,531.0,10,4,57,4,1,290000,1,1,1.0,1,53374.97,60040.0,5797.0,16455.0,9061.58,37571.0,70.0,26,41245.0,87545.35,22297.0,3,20,7047.05,59204.98,17682.5,58,104,36126.0,Y,238.81,current,M,37,MEDIUM,11.9,3,945.0,1,4.0
4128,14110,4996.0,12325.42,2164.94,9407.6,3821.0,1860.01,213.52,10.0,13,74,2,2,4,448000,1,1,1.0,1,5045.13,280000.0,583.0,1014.0,17337.0,29257.0,16.0,26,29840.0,29565.93,385.91,1,81,31450.0,41593.6,257.25,21,106,53513.0,Y,1538.92,saving,M,39,HIGH,13.3,9,863.0,1,9.0
4129,16820,16409.0,15813.16,7791.0,3512.19,5660.44,11021.095,25345.42,15.0,36,67,4,1,1,156000,1,1,1.0,1,196885.0,150000.0,641.0,5439.0,572.0,33981.0,55.0,36,62364.0,12774.92,62910.0,9,20,31600.0,95378.96,354866.0,6,10,52846.0,Y,1318.73,current,M,60,HIGH,20.0,4,858.0,0,10.0
4130,926,9348.0,7230.28,137.0,5608.5,4151.0,5439.0,3209.0,63.0,99,3,1,3,39,199999,1,1,1.0,1,137260.8,77965.0,19176.0,-6885.0,32176.24,1072.0,18.0,7,110360.0,7963.43,171.15,2,78,51026.0,17633.13,25612.01,4,113,27337.0,Y,8042.22,current,F,42,MEDIUM,6.6000000000000005,1,249.0,1,15.0
4131,19892,12621.0,5882.0,106.0,2492.0,8212.0,8382.0,1607.0,531.0,5,44,12,15,2,293000,1,1,1.0,1,39851.93,470000.0,6100.0,6613.0,13236.85,85350.0,42.0,2,236068.0,119052.51,52024.37,70,69,48669.0,35098.52,104513.29,49,18,1461.71,Y,3181.79,current,M,40,MEDIUM,20.0,8,355.0,0,16.0
4132,1878,20179.0,10779.7,59694.0,15210.01,7617.83,40696.38,10529.0,101.0,77,5,24,18,80,565000,1,1,1.0,1,156875.0,33668.0,30071.0,-4664.0,237605.42,109925.74,10.0,5,12623.0,35903.16,33733.0,2,171,27878.93,33075.29,51111.0,2,11,956.99,Y,2261.5,current,M,47,LOW,13.5,7,968.0,1,16.0
4133,15051,43093.0,35665.9,2065.0,2575.1,6081.04,8613.77,2346.94,57.0,1,29,4,1,47,400000,1,1,1.0,1,11827.75,25404.0,851.0,5350.0,24025.0,32887.0,39.0,35,94300.0,84221.0,50638.0,9,17,18332.0,32891.94,42005.0,4,25,34130.0,Y,2929.23,current,M,47,MEDIUM,13.5,7,743.0,1,15.0
4134,16493,18492.0,3907.76,14682.5,9634.0,15250.81,5625.0,7911.32,7.0,17,2,41,14,53,263000,1,1,1.0,1,568.8,376600.5,19400.0,5439.0,47625.84,111203.0,8.0,36,45114.9,52988.15,90512.5,5,108,202236.98,109596.0,96326.58,2,11,73514.0,Y,2366.8,current,M,37,MEDIUM,1.7000000000000002,5,233.0,0,15.0
4135,16843,4263.0,21238.43,666.0,1719.49,5178.25,1178.0,1959.08,5.0,10,135,1,2,1,233000,1,1,1.0,1,89908.8,194099.3,16114.0,-6301.0,372202.38,45621.38,4.0,7,33052.0,4120.0,4397.0,0,24,12000.0,345.35,99311.0,9,11,33324.0,Y,2335.07,current,M,37,LOW,10.200000000000001,3,316.0,1,5.0
4136,8548,293039.0,1522.52,3724.01,11403.33,3157.52,7388.0,2973.0,12.0,11,82,44,55,30,17000,1,1,1.0,1,59703.93,446457.0,13873.0,1429.0,60688.46,82082.63,16.0,1,57194.0,147239.75,61853.0,11,2,38910.0,56145.4,30966.5,117,58,11083.0,Y,2516.36,current,M,32,MEDIUM,9.600000000000001,1,614.0,0,11.0
4137,7315,128388.0,4180.09,10876.11,29239.46,3516.0,4343.0,2247.0,7.0,34,7,3,18,13,170000,1,1,1.0,1,1459500.0,60040.0,30000.0,5439.0,23933.36,79198.0,18.0,4,31354.0,71800.54,285007.62,0,5,30827.0,194341.65,2762.36,3,0,122586.0,Y,2418.46,current,M,37,MEDIUM,13.600000000000001,2,640.0,1,4.0
4138,3147,22905.0,13964.78,5489.44,10389.5,4782.0,31252.0,5171.01,124.0,29,47,7,2,8,27000,1,1,1.0,1,65887.8,992890.32,68000.0,7478.0,15946.28,108028.0,24.0,3,34037.0,437.0,38463.0,3,14,172300.0,100537.39,158323.0,7,124,18270.0,Y,4014.99,current,M,66,LOW,27.6,10,424.0,1,4.0
4139,19127,14006.0,3167.0,7886.0,20418.5,22039.96,1265.0,2584.0,8.0,30,10,26,2,14,581000,1,1,1.0,1,1581000.0,3.0,51520.0,-6281.37987999999,26338.18,26493.88,7.0,1,51761.0,77224.5,101543.0,5,12,36777.0,170987.28,201495.0,6,54,95800.0,Y,133.99,saving,F,33,MEDIUM,5.2,9,385.0,1,18.0
4140,5299,6563.0,7491.96,675.0,28113.0,1248.0,1572.095,9089.0,24.0,2,50,48,1,5,255000,1,1,1.0,1,41361.3,111000.0,33774.0,12299.0,24470.9,12005.0,7.0,0,68695.0,47682.0,592556.1,2,20,16123.0,12601.43,19980.0,117,103,9679.0,Y,2500.85,current,M,66,MEDIUM,4.6000000000000005,8,623.0,1,6.0
4141,2718,15760.0,9633.0,21549.75,62460.0,6154.0,10869.0,6886.0,16.0,14,4,2,6,1,410000,1,1,1.0,1,25976.2,42000.0,6100.0,9827.0,36559.2,46234.0,79.0,19,17671.0,33871.34,46000.0,10,59,13210.0,68252.31,124816.0,7,32,29078.0,Y,1644.98,current,M,66,MEDIUM,13.8,8,445.0,0,14.0
4142,15539,12485.0,14202.22,3550.0,1907.41,10488.0,7506.92,7762.6,124.0,15,47,10,1,68,351000,1,1,1.0,1,526.25,589.39,8333.0,-5998.43994,25705.66,4270.0,16.0,35,17808.0,32306.5,19779.0,2,11,25931.0,19004.0,253919.0,13,11,27608.0,Y,70.04,current,M,60,LOW,16.0,6,395.0,1,17.0
4143,16745,90496.0,4929.38,3349.18,332.5,8297.25,1726.99,4207.0,4.0,36,74,3,3,34,49999,1,1,1.0,1,506688.65,100000.0,155205.0,12415.0,74696.25,44004.26,32.0,7,42300.0,62063.76,23958.0,70,23,13221.0,44494.4,65348.26,3,58,1000000.0,Y,5087.88,current,M,29,MEDIUM,8.1,7,354.0,0,17.0
4144,18060,12638.0,23667.0,4596.0,17391.24,5178.25,2729.26,1544.0,63.0,77,38,60,25,2,480000,1,1,1.0,1,31524.4,20098.0,655.0,1500.0,23614.0,36833.0,63.0,3,17145.0,53159.84,327444.75,20,5,26901.0,725787.06,54760.5,43,61,12866.0,Y,1708.33,current,M,37,MEDIUM,13.600000000000001,9,330.0,1,5.0
4145,6124,1071.0,16366.09,7370.02,69121.74,1871.0,4654.33,1074.94,5.0,2,10,1,1,47,58000,1,1,1.0,1,41361.3,25404.0,50000.0,7478.0,13678.82,132593.0,49.0,1,41784.0,161898.39,9973.0,2,20,27088.0,67260.87,48564.75,21,52,34548.0,Y,11085.42,saving,M,30,LOW,1.0,2,249.0,0,3.0
4146,4216,293845.0,8335.61,4827.0,3737.0,17692.0,60175.89,758.0,1.0,2,16,1,4,2,212500,1,1,1.0,1,9717.55,96096.0,1036.0,2921.0,104617.32,73584.0,42.0,15,82655.0,515800.74,19299.0,2,82,88260.0,166420.77,77284.25,3,73,3177897.0,Y,586.3,current,M,31,MEDIUM,2.2,6,249.0,1,11.0
4147,5145,15874.0,14386.78,58692.0,2212.14,621.0,1974.87,3931.0,1.0,128,4,62,21,18,448000,1,1,1.0,1,33664.3,187788.1,1266.0,6916.0,46704.75,37467.0,20.0,13,20680.0,56122.51,95650.0,31,82,15941.0,83657.18,10329.5,4,87,579.0,Y,2594.89,current,M,40,MEDIUM,6.0,1,355.0,1,10.0
4148,4954,13382.0,13534.0,680.0,996.29,3580.16,67374.48,15250.33,19.0,23,6,10,1,1,568000,1,1,1.0,1,102.95,110135.86,183999.0,8723.0,63598.34,45163.0,46.0,29,32332.0,83659.06,195231.19,7,23,518.01,61533.11,28812.0,8,9,48840.0,Y,447.46,current,M,60,MEDIUM,12.0,9,799.0,0,17.0
4149,1474,19347.0,3762.56,331.0,15603.74,34158.95,17266.9,3440.53,101.0,6,59,3,3,68,232000,1,1,1.0,1,21745.0,278360.16,1143.0,8723.0,129845.43,87282.61,4.0,9,18295.0,38414.88,30127.0,43,12,13675.0,31863.2,110555.0,3,96,55721.0,Y,11470.66,current,M,47,LOW,2.7,10,864.0,1,17.0
4150,5661,12596.0,12472.0,5114.2,4581.29,4724.0,10397.97,8650.0,7.0,2,50,2,15,1,232000,1,1,1.0,1,526.25,229809.2,90525.0,12163.0,32058.1,200081.0,10.0,7,54.74,56849.76,23074.0,2,8,18264.0,12000.25,1546.0,4,36,32230.0,Y,2072.75,saving,M,32,MEDIUM,3.6,1,883.0,1,10.0
4151,4500,4734.0,4150.5,21855.31,4856.0,4783.08,16479.0,2802.3,100.0,5,3,48,6,9,302000,1,1,1.0,1,52506.0,760470.3,536.0,886.0,24305.3,52601.0,63.0,29,20832.19,30304.0,35805.0,43,78,23107.0,43783.27,235662.0,2,8,18309.0,Y,6699.26,current,M,28,HIGH,6.4,6,245.0,1,7.0
4152,1664,6909.0,9220.0,1912.66,35841.72,1790.0,361.0,4751.83,92.0,16,50,24,3,6,581000,1,1,1.0,1,1539496.64,200926.0,6146.0,2921.0,6171.73,15203.0,10.0,1,33117.0,37294.44,3977.0,1,6,215000.0,52834.62,283.79,94,21,39696.0,Y,1953.73,current,M,60,HIGH,12.0,3,512.0,0,9.0
4153,770,8723.0,5622.33,1866.0,14881.24,3339.25,22660.71,8538.0,136.0,3,44,47,9,3,50900,1,1,1.0,1,115407.0,25404.0,787.0,5464.0,62430.9,13064.0,29.0,15,41798.0,30728.42,18353.42,9,8,53.19,40558.0,71281.75,3,18,20479.0,Y,2221.74,current,M,58,MEDIUM,26.6,3,394.0,0,15.0
4154,16853,4128.0,17250.65,846.8,2117.78,4088.0,7506.92,3493.29,6.0,5,89,1,1,4,330000,1,1,1.0,1,1665.0,130660.0,4699.0,8572.0,52741.84,20234.0,46.0,1,14664.0,65601.1,86029.12,43,50,25377.0,83045.5,102878.89,94,22,87706.0,Y,7718.0,saving,M,36,LOW,6.4,1,921.0,0,8.0
4155,2946,224735.0,26364.2,1154.0,2760.0,1585.0,8256.6,293.0,1.0,32,59,25,6,1,173000,1,1,1.0,1,1208.25,7216.53,3792.0,10455.0,83488.42,90017.0,29.0,26,28478.0,45190.0,36815.0,6,28,39391.0,58460.87,31011.0,2,18,65817.0,Y,5247.31,current,M,51,LOW,12.4,9,801.0,1,16.0
4156,7911,1529.0,13007.5,8762.0,2231.71,2376.6,9621.3,1991.0,14.0,2,74,2,1,8,167000,1,1,1.0,1,245964.0,470000.0,908.0,6613.0,11378.5,22397.0,69.0,2,32209.0,52786.0,44361.0,9,11,6575.0,78071.88,151067.0,62,107,19576.0,Y,2589.33,current,M,42,MEDIUM,22.0,8,595.0,1,10.0
4157,18940,12707.0,10786.91,1353.7,2570.25,2499.0,2813.0,2537.74,101.0,26,74,5,1,39,224000,1,1,1.0,1,158135.2,330001.0,37274.0,277.0,33595.58,41083.0,46.0,14,50639.8,25909.98,148279.0,30,20,8879.0,58662.53,34106.68,8,3,31020.0,Y,24228.12,current,F,38,MEDIUM,12.600000000000001,8,269.0,1,3.0
4158,9229,289882.0,15198.7,3201.0,220589.71,429.0,1851.995,1290.12,59.0,30,16,1,7,37,429000,1,1,1.0,1,39851.93,262556.0,69493.0,-5998.43994,28736.81,37498.2,48.0,1,32369.0,37429.56,41699.0,3,171,38883.0,51090.22,22898.0,3,25,109349.0,Y,26172.65,current,M,44,MEDIUM,14.4,1,883.0,1,3.0
4159,9053,16844.0,986.0,4524.0,41740.0,22344.55,7407.2,2494.0,2.0,30,44,8,25,3,494000,1,1,1.0,1,9608.3,6574.31,2156.0,20324.0,90919.15,172989.0,29.0,3,32751.01,289847.26,90006.0,47,29,90536.0,130191.75,10378.0,2,35,60449.0,Y,940.44,current,M,223,MEDIUM,81.2,8,300.0,0,16.0
4160,11740,8180.0,15287.98,716.3,61016.0,3589.95,43469.01,1712.0,12.0,99,7,1,51,98,215000,1,1,1.0,1,25506.67,152664.0,13873.0,-5439.0,280295.39,193999.77,67.0,4,16854.0,89655.0,180111.0,4,50,1342.47,34910.75,1101886.0,47,103,1265.0,Y,1775.44,saving,M,60,HIGH,24.0,8,523.0,1,6.0
4161,9772,15675.0,4198.89,10544.0,2607.0,2462.0,4247.0,14101.71,56.0,67,44,10,3,26,100000,1,1,1.0,1,684495.7,15036.0,2214.0,6885.0,23135.25,24479.0,16.0,43,36332.0,49700.22,171745.92,8,82,15446.0,288032.0,19704.0,3,11,97.0,Y,1123.12,current,M,33,MEDIUM,10.4,9,370.0,1,9.0
4162,15185,8487.0,23489.82,8762.0,21935.22,1318.0,1295.52,1981.0,1.0,3,5,20,1,1,403000,1,1,1.0,1,33111020.0,235.17,56305.0,6916.0,126830.5,29470.0,11.0,3,27421.0,93944.9,16512.0,2,171,57563.0,35888.57,29483.0,117,7,20624.0,Y,4404.42,current,M,34,MEDIUM,2.8000000000000003,9,539.0,1,2.0
4163,11342,17896.0,12385.43,11056.0,3056.825,31742.01,3511.55,3493.29,2.0,66,60,11,55,79,13000,1,1,1.0,1,270.0,372815.4,105000.0,1954.0,20555.19,47435.0,11.0,2,26003.0,60449.17,93786.0,5,20,68051.0,81995.46,81119.5,4,63,15141.0,Y,3218.98,current,F,38,MEDIUM,18.0,8,244.0,1,10.0
4164,7919,1096.0,17045.0,410.0,27117.06,17917.0,6234.6,722.1,37.0,22,47,1,1,9,167000,1,1,1.0,1,5914.15,1628.0,4895.0,5464.0,53787.0,23587.0,35.0,1,38953.0,84181.37,375913.98,3,81,300801.0,55825.5,60880.0,46,75,21518.0,Y,12995.79,current,M,29,MEDIUM,6.300000000000001,2,914.0,1,16.0
4165,15370,13828.0,22949.25,10512.9,2876.78,6548.0,3555.0,390.0,19.0,1,49,50,51,6,232000,1,1,1.0,1,1859872.2,165970.9,936.0,903.0,17576.0,68440.0,46.0,3,159847.0,5736.5,22486.72,2,8,19399.0,22000.61,52771.0,2,3,21386.0,Y,225.62,current,F,38,LOW,7.2,1,331.0,0,4.0
4166,9434,18930.0,6559.77,2782.94,8134.0,1439.42,475.34,5299.0,3.0,37,29,22,1,11,461000,1,1,1.0,1,11878.6,19721.85,68000.0,2921.0,53822.32,24250.0,23.0,1,46268.0,50778.76,119671.0,45,29,1145.0,72614.47,728.0,5,40,40860.0,Y,109173.25,current,F,58,LOW,22.8,3,259.0,1,12.0
4167,3703,6485.0,3615.5,1289.0,47648.32,2110.5,18215.8,7153.0,136.0,71,35,44,17,2,150000,1,1,1.0,1,526.25,165970.9,30011.0,3735.0,163671.5,23646.0,147.0,7,15370.0,28023.83,73413.0,20,49,100500.0,49974.68,110596.0,5,35,123000.0,Y,371.36,current,M,27,MEDIUM,2.8000000000000003,1,799.0,0,2.0
4168,7561,310558.0,15791.08,462.3,1546.92,7761.93,1216.0,221.0,1.0,18,4,6,38,3,494000,1,1,1.0,1,5308.1,119451.0,25524.0,12415.0,16341.88,18025.0,16.0,31,49470.0,204513.84,324432.0,1,31,64496.0,35439.0,166400.0,28,15,10062.0,Y,1835.72,current,M,66,LOW,46.0,4,503.0,1,5.0
4169,13914,7686.0,48938.0,10527.25,10370.875,20625.0,4151.31,8624.0,9.0,26,71,4,37,1,293000,1,1,1.0,1,7089.7,347.19,67696.0,5773.0,267007.84,43281.0,55.0,26,20050.0,21386.0,94897.0,2,43,70564.0,229058.25,15566.0,2,1,28966.0,Y,4678.48,current,M,35,HIGH,3.0,6,594.0,1,6.0
4170,12548,4172.0,3658.17,2982.0,58811.3,4640.78,735.94,2028.0,7.0,71,27,62,6,47,523000,1,1,1.0,1,36368.7,280000.0,36114.0,1411.0,54010.2,38030.0,55.0,4,50385.0,42512.01,32456.0,6,8,32520.0,16441.8,295471.0,2,39,35971.0,Y,26885.77,current,M,42,MEDIUM,17.6,2,911.0,1,11.0
4171,7259,8538.0,19648.89,378.0,28522.76,11110.93,4751.0,6829.18,26.0,26,50,41,21,6,371000,1,1,1.0,1,76.0,370000.0,768.0,-5439.0,54038.75,43714.0,7.0,43,31414.0,167917.32,39175.37,1,8,17603.0,134268.65,105446.0,13,79,11440.0,Y,316.09,current,M,60,LOW,4.0,4,269.0,1,8.0
4172,17526,16062.0,45520.27,883.6,23369.38,1810.02,3682.1,1129.52,4.0,22,32,1,31,16,423000,1,1,1.0,1,3299447.136,110135.86,1630.0,0.0,71144.41,25213.49,11.0,3,37630.0,89559.68,108406.0,4,70,58428.0,64284.24,158992.0,12,58,27230.18,Y,16486.91,current,F,33,LOW,6.5,4,267.0,1,20.0
4173,8798,139211.0,18835.21,2610.0,15273.34,1046.14,8134.0,9940.5,26.0,10,16,8,2,2,221000,1,1,1.0,1,213557.15,446457.0,254000.0,10770.0,82071.37,164871.0,77.0,35,30863.0,32086.56,155972.0,1,20,138651.0,76593.87,1362.0,3,120,48560.0,Y,18769.54,current,M,30,MEDIUM,8.0,5,505.0,1,18.0
4174,10935,19662.0,23968.0,6495.0,18529.32,5390.0,5753.92,11767.49,6.0,66,19,1,6,81,327000,1,1,1.0,1,259573.3,201000.0,15477.0,0.0,178155.52,79426.0,7.0,2,94312.0,61467.64,74020.0,47,12,22120.0,70751.77,33150.0,21,100,44448.97,Y,2129.6,current,F,34,MEDIUM,14.0,10,685.0,1,10.0
4175,6274,134062.0,26354.6,5162.01,1713.0,2120.47,5869.005,1205.0,63.0,2,35,2,12,81,414000,1,1,1.0,1,59703.93,1084598.7,1630.0,2921.0,91370.9,43090.99,11.0,3,70695.0,31319.0,20347.3,30,44,26463.0,30238.43,50345.5,6,18,40848.0,Y,2236.24,current,M,58,MEDIUM,11.4,10,805.0,1,13.0
4176,6511,30230.0,19254.08,4810.0,6758.81,2629.2,26744.02,4618.0,4.0,66,67,7,24,13,466000,1,1,1.0,1,4900.4,119898.8,126001.0,5464.0,179764.8,56011.5,18.0,5,28886.0,50744.0,30678.0,1,108,14395.0,304871.68,47589.0,4,12,31700.0,Y,2793.56,current,M,29,MEDIUM,9.0,1,296.0,1,19.0
4177,2530,20006.0,77019.28,801.0,4497.0,11207.44,1118.6,6190.0,29.0,8,52,50,14,1,178000,1,1,1.0,1,127004.3,33668.0,55000.0,-6281.37987999999,46692.41,33074.0,103.0,36,28562.0,49030.85,43189.0,3,29,88260.0,40775.6,18926.0,10,24,22912.0,Y,15454.55,current,F,47,LOW,24.3,7,355.0,0,14.0
4178,7843,224516.0,3409.0,24024.13,1008.0,947.0,5206.52,11991.75,136.0,77,47,18,56,1,232000,1,1,1.0,1,48624.7,240000.0,2184.0,12174.0,407141.92,25383.0,46.0,31,68695.0,58500.52,102594.25,6,40,23852.0,39482.57,52510.0,14,96,50071.0,Y,12523.11,current,M,42,LOW,6.6000000000000005,1,244.0,1,18.0
4179,14897,289811.0,42797.9,4622.03,21040.0,9954.0,11886.65,18793.0,12.0,8,46,4,9,2,326250,1,1,1.0,1,347309.75,117890.0,12000.0,1332.0,55533.89,339712.9,3.0,5,15370.0,70014.23,57225.0,1,8,19180.0,229713.92,337267.0,62,18,30296.0,Y,3863.52,current,M,58,LOW,22.8,10,743.0,1,16.0
4180,2788,335566.0,4399.78,7180.06,10302.82,1423.58,4198.0,171.0,18.0,29,4,2,4,1,98000,1,1,1.0,1,28482.5,76365.24,30000.0,-5715.49022999999,68911.86,14078.03,11.0,6,24445.0,63711.0,5120.0,2,81,1043.76,165210.93,215891.0,62,0,37863.0,Y,96.63,saving,M,33,MEDIUM,2.6,8,233.0,1,15.0
4181,6612,16867.0,2565.99,4162.0,17848.0,1149.84,9429.0,1355.05,8.0,8,16,7,15,2,267000,1,1,1.0,1,546565.5,31730.49,1052.0,-5439.0,78311.46,43816.0,42.0,1,7400.0,8062.9,65750.51,2,8,25057.0,13367.51,5043.0,2,80,20255.0,Y,834.09,current,M,55,HIGH,21.0,10,265.0,1,20.0
4182,7079,19908.0,52076.84,570.0,4050.0,6574.0,8771.0,13650.3,60.0,9,50,39,2,4,199999,1,1,1.0,1,471.05,5729.0,5797.0,1931.0,940262.58,20542.5,7.0,36,84.0,108915.0,107714.7,2,12,42685.0,62899.94,170123.0,3,133,54365.0,Y,94.94,current,M,42,MEDIUM,17.6,2,523.0,1,7.0
4183,17758,3015.0,19352.0,18442.0,14079.0,1491.0,22317.0,387.06,2.0,22,38,41,1,1,252000,1,1,1.0,1,1940.45,3084.5,24094.0,1931.0,27336.82,7002.0,16.0,29,119140.0,29059.0,38211.38,43,4,62286.0,23285.55,29259.0,21,3,56200.0,Y,6127.0,current,M,42,LOW,22.0,4,713.0,1,2.0
4184,12605,2586.0,258657.84,13508.51,7329.42,16729.0,15359.15,379.0,19.0,8,50,1,1,34,255000,1,1,1.0,1,443.36,234459.4,610000.0,2351.0,92581.33,87206.0,9.0,2,35150.0,34643.76,34180.0,23,12,10205.0,90582.27,22463.0,13,9,10998.0,Y,3641.09,saving,M,32,MEDIUM,4.800000000000001,6,248.0,0,2.0
4185,13703,5398.0,26133.0,1892.0,4673.5,6798.45,34346.0,4772.0,7.0,5,49,5,2,70,533000,1,1,1.0,1,213557.15,60040.0,787.0,-6885.0,35127.09,38855.0,147.0,6,41698.0,37308.06,102715.0,3,11,19529.0,40012.75,57582.88,1,50,21385.0,Y,6748.97,current,M,37,LOW,6.800000000000001,4,683.0,0,11.0
4186,14965,111090.0,18265.33,10291.4,5471.61,1634.26,3030.0,1168.0,8.0,10,49,1,11,13,47000,1,1,1.0,1,201133.0,262178.09,5905.0,0.0,93484.24,7138.0,11.0,1,72481.0,69784.22,219522.0,1,26,8879.0,24278.26,46929.75,4,73,40565.89,Y,116.08,current,M,29,MEDIUM,2.7,6,233.0,1,18.0
4187,4602,289593.0,25253.04,22079.65,55253.61,4037.5,2862.0,863.0,28.0,7,5,1,1,39,461000,1,1,1.0,1,1377313.45,64883.0,90525.0,6260.0,57358.43,105161.0,24.0,0,23147.6,4355.0,54310.0,50,171,23800.0,65704.7,65462.0,36,11,26247.0,Y,1240.26,current,M,42,MEDIUM,17.6,5,249.0,1,7.0
4188,4424,242956.0,11810.84,1944.0,12475.09,4942.05,17030.0,14139.01,16.0,22,79,5,27,2,27000,1,1,1.0,1,124064.65,59306.0,6146.0,20513.0,55005.25,86842.0,4.0,3,18330.0,46086.9,106251.0,4,11,65590.0,2633.19,115591.0,6,52,21896.0,Y,3424.98,current,M,66,MEDIUM,27.6,10,374.0,1,7.0
4189,2916,15387.0,9169.57,34886.72,5482.63,3037.88,1125.3,2829.0,1.0,30,9,17,18,1,173000,1,1,1.0,1,48675.31,17000.0,183999.0,0.0,300422.51,26931.0,69.0,5,75373.0,29729.69,38211.38,3,14,18372.0,131929.42,202648.13,2,104,98841.0,Y,37671.76,saving,M,47,MEDIUM,10.8,4,488.0,0,6.0
4190,11093,1130.0,3285.23,1989.0,15825.59,1656.0,8057.21,1956.0,531.0,23,3,1,1,54,494000,1,1,1.0,1,8554.5,229809.2,8333.0,-5998.43994,22628.9,97658.0,3.0,9,124460.0,84221.0,25103.0,2,11,18699.0,37985.39,22506.0,6,25,15678.0,Y,2674.92,saving,M,30,HIGH,9.0,10,447.0,1,18.0
4191,16665,91183.0,9562.0,8243.4,11344.81,2488.0,13030.27,2043.3,7.0,9,7,42,55,47,232000,1,1,1.0,1,22086.05,237365.38,6000.0,5340.0,3787.04,386245.0,2.0,29,497836.0,126473.87,82634.38,12,84,55129.0,107933.33,76206.0,18,73,41866.0,Y,198.06,current,M,31,LOW,2.2,9,812.0,1,7.0
4192,2122,10945.0,41998.07,1168.0,18101.06,7163.14,1661.3,630.0,26.0,1,5,5,4,1,326000,1,1,1.0,1,54860.05,617203.09,11379.0,0.0,45343.06,58989.0,24.0,3,55005.0,23687.0,66037.4,6,23,67208.0,29803.25,369000.75,19,104,20760.0,Y,126.58,current,M,31,LOW,8.8,1,628.0,1,2.0
4193,3470,308669.0,33572.01,519.0,58811.3,30012.0,4126.5,277.0,5.0,65,48,52,55,5,184000,1,1,1.0,1,5210.85,861640.54,18389.0,-6885.0,68784.73,62146.41,147.0,9,75622.0,34871.45,82474.38,0,25,41623.0,11984.0,124099.0,2,58,188.0,Y,14675.72,current,M,46,MEDIUM,5.2,9,269.0,1,11.0
4194,12271,2803.0,8140.01,3518.0,10339.67,12277.68,3969.5,704.0,7.0,36,13,1,25,5,170000,1,1,1.0,1,46056.7,12257.0,155205.0,-4664.0,112830.01,126120.5,11.0,2,24244.0,32263.63,48060.0,9,42,88400.0,232639.06,238.0,2,103,30290.0,Y,14007.84,saving,M,66,MEDIUM,41.400000000000006,3,385.0,1,15.0
4195,7687,3767.0,36247.0,10176.0,22004.64,3407.0,9088.0,6768.17,7.0,23,2,8,3,56,75000,1,1,1.0,1,417.0,10903.0,15756.0,5773.0,71403.19,30533.0,63.0,31,23612.0,61993.59,100153.0,2,78,214495.0,6619.0,15714.0,3,49,94841.21,Y,3715.9,current,M,66,MEDIUM,32.2,6,447.0,1,14.0
4196,7019,17108.0,41513.38,5612.05,3755.55,11088.25,9178.0,5330.0,10.0,29,47,1,1,39,44000,1,1,1.0,1,52209.5,134890.0,787.0,1465.0,19370.08,46505.0,35.0,6,146422.0,50657.0,13041.0,2,11,6466.0,67399.66,111699.0,62,35,175000.0,Y,6699.39,current,M,30,MEDIUM,5.0,9,353.0,1,8.0
4197,2472,18934.0,19176.38,462.0,5600.35,1005.0,4477.05,5476.0,16.0,11,67,2,56,17,564000,1,1,1.0,1,89908.8,50000.0,8929.0,12415.0,40607.49,305978.0,87.0,4,23219.0,25152.25,267305.34,3,20,126063.0,34542.0,22715.0,7,18,26021.0,Y,1181.47,saving,M,27,MEDIUM,0.7000000000000001,4,743.0,0,15.0
4198,3125,14800.0,30054.16,3262.0,5572.36,3173.0,6420.22,3389.0,60.0,10,49,50,5,2,240000,1,1,1.0,1,5383.25,101.24,2019.0,1079.0,19365.42,122787.0,7.0,9,39751.0,122905.78,38723.0,3,6,6058.0,28575.22,12202.11,5,18,74000.0,Y,1820.51,current,F,37,MEDIUM,1.7000000000000002,8,505.0,1,9.0
4199,264,4247.0,13183.22,6007.79,2633.84,1115.5,1103.0,1391.0,26.0,66,67,1,46,2,315000,1,1,1.0,1,94127.1,64491.0,25000.0,35346.0,13059.73,83369.0,42.0,31,25851.0,13375.83,111669.79,2,25,50693.0,55373.76,81906.07,4,65,36800.0,Y,85789.65,current,M,34,MEDIUM,9.8,2,331.0,0,7.0
4200,9719,94364.0,5033.13,1079.0,2856.0,17917.0,23162.055,14038.0,7.0,5,30,6,46,56,167000,1,1,1.0,1,7089.7,142608.5,4000.0,6885.0,7881.91,22652.0,8.0,29,95545.0,13153.08,33039.0,0,4,34135.0,21545.0,217490.77,3,65,63000.0,Y,335.87,current,M,49,MEDIUM,14.5,10,385.0,1,18.0
4201,2512,142594.0,3614.6,5343.0,1294.54,162.0,1246.0,869.0,32.0,77,67,1,1,1,199999,1,1,1.0,1,144293.83,52985.43,12337.0,-6301.0,29615.25,10154.0,42.0,6,19712.0,105080.31,59663.0,0,8,106700.0,30793.5,43345.0,36,25,178274.0,Y,17692.83,current,M,33,MEDIUM,3.9000000000000004,4,965.0,1,9.0
4202,1702,15471.0,23204.0,3549.0,2136.0,12694.0,3155.0,7318.83,1.0,43,112,1,25,4,351000,1,1,1.0,1,9118.35,163.14,24251.0,0.0,78529.25,96348.0,52.0,36,13082.0,22184.5,135268.0,35,5,67898.0,105784.55,167301.5,40,42,16990.0,Y,3400.98,saving,M,30,HIGH,8.0,6,805.0,0,17.0
4203,6411,3541.0,3960.53,3025.04,11019.0,574.0,6675.47,542.14,5.0,1,85,15,7,42,156000,1,1,1.0,1,1105487.1,152664.0,98472.0,5340.0,12284.36,24652.0,10.0,26,25974.0,230644.8,112257.88,4,11,10752.0,348347.31,60840.75,7,49,18078.0,Y,8255.71,current,M,55,LOW,21.0,2,883.0,0,7.0
4204,16614,10872.0,3221.7,3557.02,5342.39,2094.22,7644.0,254.88,18.0,8,61,7,1,22,193730,1,1,1.0,1,551439.2,22400.0,12611.0,3897.0,36167.81,358658.0,67.0,4,37732.0,25190.92,72140.0,31,12,64973.0,12961.88,93231.5,16,50,17899.0,Y,5264.13,current,M,33,MEDIUM,10.4,9,300.0,0,4.0
4205,1468,105.0,13381.85,5873.0,24930.33,3394.5,8795.28,1412.0,26.0,1,105,24,4,42,191000,1,1,1.0,1,328504.5,138732.3,550.0,2921.0,43754.2,25217.0,5.0,1,2007.0,110240.02,12893.0,3,35,38646.0,31006.79,29164.0,13,9,67064.82,Y,16097.53,current,M,53,MEDIUM,3.3000000000000003,4,445.0,0,19.0
4206,5967,19217.0,16316.55,9384.21,5479.0,9374.0,3996.87,1955.52,136.0,77,3,1,46,64,525000,1,1,1.0,1,34635.25,96096.0,462.0,7478.0,29267.1,17417.0,9.0,4,24193.0,3333.74,85602.0,43,84,19032.0,112738.92,18423.0,3,1,43423.0,Y,2868.82,current,M,30,MEDIUM,6.0,4,566.0,1,20.0
4207,11838,12105.0,13307.51,5764.25,13064.48,6092.0,12762.845,607.0,19.0,9,7,47,1,80,518000,1,1,1.0,1,21745.0,187788.1,15477.0,4795.0,10671.0,50126.0,10.0,0,15500.0,24418.51,9782.0,3,59,121500.0,171451.81,156419.06,8,12,30032.0,Y,5299.11,current,M,33,MEDIUM,13.0,3,966.0,1,14.0
4208,10435,12361.0,2188.99,1060.36,3947.0,5918.0,5055.48,15169.0,124.0,32,4,2,2,64,156000,1,1,1.0,1,291969.2,63173.17,49975.0,1444.0,36443.94,30164.0,42.0,35,167127.0,51558.3,85798.26,3,1,51585.0,45428.25,59857.0,2,83,147577.0,Y,8367.27,current,M,51,MEDIUM,12.4,3,858.0,0,18.0
4209,13275,136843.0,15934.91,4475.99,9023.56,19192.6,5415.52,874.58,4.0,13,50,7,63,10,45000,1,1,1.0,1,328504.5,1300000.0,4699.0,-5998.43994,172727.33,8113.0,24.0,15,17416.0,83098.31,16685.0,1,6,20642.0,1907.72,90855.0,39,12,29412.0,Y,263.31,current,M,49,LOW,17.400000000000002,9,653.0,0,8.0
4210,19923,2291.0,16895.52,3679.0,22132.92,2513.0,4375.25,191.0,12.0,10,16,4,1,47,371000,1,1,1.0,1,13279.75,39833.19,2841.0,-4664.0,85024.1,72293.0,18.0,25,22463.5,105972.0,40524.42,50,82,20146.0,20959.29,45836.0,3,50,53524.0,Y,5855.86,current,F,54,MEDIUM,13.600000000000001,3,799.0,0,8.0
4211,16674,9663.0,12193.0,4784.0,2691.0,6815.5,18392.0,2537.74,1.0,1,87,2,11,81,406000,1,1,1.0,1,298492.0,187788.1,51520.0,-4324.0,35891.6,12614.0,10.0,4,23281.0,18842.55,60036.0,6,42,36274.0,19838.0,64961.79,21,49,72990.0,Y,4095.53,current,M,47,MEDIUM,2.7,8,539.0,1,14.0
4212,7693,172398.0,37079.08,526.01,4154.0,2603.0,7179.5,2537.74,10.0,83,2,1,3,8,125000,1,1,1.0,1,937.0,624742.27,15654.0,1465.0,71004.63,35127.5,20.0,30,157500.0,177347.39,10066.0,3,20,76924.0,115313.06,63556.0,16,13,12415.0,Y,4165.67,current,M,47,MEDIUM,21.6,6,595.0,1,10.0
4213,14460,5746.0,14677.68,6906.04,2024.76,4535.0,6518.085,4784.32,531.0,36,7,24,55,62,199999,1,1,1.0,1,8209320.0,119445.0,462.0,-6281.37987999999,71930.0,35897.0,46.0,3,26250.0,31041.0,76777.0,3,40,37397.0,20640.0,57551.0,6,21,14678.0,Y,8980.53,current,F,46,LOW,13.0,4,974.0,1,16.0
4214,1594,229519.0,8597.0,3349.18,1539.0,1265.63,29854.01,11355.0,7.0,46,64,1,9,4,379000,1,1,1.0,1,1053411.2,8000.0,610000.0,0.0,110356.67,43163.0,35.0,14,30863.0,24432.0,14269.0,1,20,28445.0,48483.93,1522749.68,21,67,22556.21,Y,3063.22,current,F,47,HIGH,10.8,6,305.0,1,11.0
4215,8527,8718.0,95202.3,767.0,6758.63,211.73,535.0,577.8,10.0,6,4,2,14,58,341000,1,1,1.0,1,86865.0,16500.0,13873.0,-5715.49022999999,35097.48,35897.0,49.0,1,21108.0,51213.0,4148625.0,1,12,30498.0,47668.22,82593.42,39,107,44766.0,Y,521.04,saving,M,40,MEDIUM,10.0,5,945.0,0,2.0
4216,921,3439.0,2674.0,875.0,496.0,1523.0,25951.0,902.0,92.0,2,16,2,3,98,255000,1,1,1.0,1,13.8,3651922.3,28912.0,1931.0,35393.68,219915.0,10.0,15,62244.0,99834.37,133024.0,11,108,84694.82,89105.56,56520.0,44,11,36758.0,Y,16220.84,current,M,29,MEDIUM,8.1,1,867.0,1,20.0
4217,11271,11533.0,37836.92,795.56,10095.94,629.1,8613.77,423.02,12.0,23,82,49,62,67,84000,1,1,1.0,1,4230125.0,16000.0,50000.0,-5715.49022999999,35696.5,950269.0,42.0,4,20951.0,28757.02,145775.0,4,44,20588.0,92389.57,65932.33,5,18,26000.0,Y,32436.67,current,M,62,MEDIUM,16.8,5,394.0,0,9.0
4218,2425,22975.0,10391.76,6942.0,6363.42,25397.42,10423.0,11893.0,19.0,2,47,20,17,16,44000,1,1,1.0,1,1146.0,1372927.14,1374.0,-5998.43994,21834.0,41245.0,22.0,7,34827.0,103887.57,50121.0,5,29,21090.0,75653.79,4229.0,7,49,25434.0,Y,1896.31,current,M,58,MEDIUM,3.8000000000000003,1,653.0,1,10.0
4219,1750,330202.0,26461.5,15519.86,383.5,4239.0,71112.0,3426.0,9.0,2,16,4,18,79,147000,1,1,1.0,1,13849.4,96096.0,1097.0,26601.0,81035.43,801391.67,42.0,1,18011.0,6118.0,43288.0,9,38,2689.0,222421.65,59204.0,46,32,19032.0,Y,490.99,current,M,56,LOW,3.6,6,963.0,1,4.0
4220,15365,2246.0,13147.85,6972.0,53798.97,4062.6,12589.965,423.73,26.0,2,1,1,31,1,17000,1,1,1.0,1,39851.93,176487.6,24250.0,2351.0,8096.0,30834.0,39.0,4,54761.13,37471.01,3288.0,3,17,19094.0,56303.0,40801.6,36,10,148304.0,Y,6603.9,current,M,55,MEDIUM,28.0,8,512.0,0,18.0
4221,3821,1067.0,33775.75,701.26,3143.07,5995.0,3555.45,3560.0,7.0,17,135,5,5,3,256000,1,1,1.0,1,39851.93,53749.0,527.0,8572.0,27704.07,49216.0,20.0,31,58150.0,15490.05,13459.0,17,23,145185.0,25357.75,53633.0,3,80,37438.0,Y,20404.26,current,M,30,MEDIUM,5.0,3,508.0,1,5.0
4222,3667,397396.0,3946.0,2211.0,3638.0,249.0,4007.135,11432.0,44.0,66,1,10,2,55,550000,1,1,1.0,1,105453.65,240000.0,48500.0,0.0,328.95,47486.0,4.0,4,60677.0,15221.88,75033.0,2,20,59459.0,41468.89,55770.44,2,18,25325.0,Y,10005.1,current,M,32,LOW,2.4000000000000004,6,796.0,0,19.0
4223,8043,11401.0,978.0,2116.0,3562.2,31087.15,3919.0,854.8,24.0,10,7,2,2,47,101250,1,1,1.0,1,2184.0,76365.24,1633.0,173.0,55092.25,55874.0,5.0,7,43356.0,29697.77,67252.5,1,8,33237.0,89195.07,22095.0,21,0,16970.0,Y,3252.65,current,M,35,HIGH,4.5,10,805.0,1,15.0
4224,11055,135338.0,9796.65,3831.0,36303.0,1086.03,214.0,2745.0,7.0,46,19,8,2,79,100000,1,1,1.0,1,72937.76,470000.0,15654.0,-4664.0,38456.71,599774.0,10.0,43,40544.0,80095.35,71175.36,9,8,84650.0,65861.83,23991.5,2,0,64254.0,Y,7.61,current,M,33,LOW,5.2,8,865.0,1,5.0
4225,13393,3242.0,26048.0,2232.84,10757.27,3050.9,5037.0,9167.0,5.0,66,13,52,3,12,369000,1,1,1.0,1,568.8,120000.0,3000.0,5730.0,19675.25,53609.0,11.0,7,79510.0,52206.46,35364.0,2,20,44432.0,29382.25,49693.78,5,10,39711.0,Y,1505.11,current,M,47,MEDIUM,13.5,6,268.0,1,3.0
4226,3546,5478.0,32853.68,2929.29,1072.5,50565.0,5788.0,2696.0,10.0,1,84,2,2,1,67000,1,1,1.0,1,140291.6,455873.9,300500.0,-5998.43994,35903.94,68445.0,3.0,3,24044.0,94084.84,57306.73,70,12,68762.72,23197.5,32112.24,19,120,16250.0,Y,918.66,current,M,28,MEDIUM,8.0,5,445.0,1,19.0
4227,7407,16020.0,5404.22,535.0,900.0,33405.0,2418.1,6870.0,100.0,2,46,4,8,41,246000,1,1,1.0,1,1488748.8,244113.72,1630.0,5730.0,15214.78,74787.74,3.0,5,48600.0,29138.88,212277.0,9,5,34500.0,4953.7,21635.0,39,11,29050.0,Y,9636.17,saving,M,32,MEDIUM,10.8,7,508.0,1,6.0
4228,9510,9556.0,8620.345,1703.0,24403.88,12535.0,5979.0,1146.0,7.0,93,16,10,14,1,147000,1,1,1.0,1,136000.0,617203.09,3850.0,0.0,13613.21,99264.0,16.0,3,67044.0,19821.36,103585.95,3,20,35007.0,399117.27,26294.0,4,18,60019.0,Y,5190.14,current,M,30,LOW,9.0,3,883.0,1,11.0
4229,19742,3666.0,5395.72,3539.94,4418.01,1900.33,15357.0,2270.0,52.0,61,70,26,1,29,290000,1,1,1.0,1,9255.43,12257.0,643.0,20324.0,27560.39,28676.0,11.0,4,23242.0,244238.68,118465.37,45,171,25127.0,193306.63,34795.0,2,2,2600.0,Y,9970.54,current,M,30,LOW,5.0,9,626.0,0,13.0
4230,6075,7803.0,2323.86,6496.05,18128.72,3996.32,3633.0,1004.0,6.0,19,6,1,1,1,366000,1,1,1.0,1,803155.7,1034285.63,927.0,6885.0,4457.52,113226.11,5.0,26,14807.0,30090.9,25033.0,3,81,35558.0,172934.76,29959.0,14,15,11418.0,Y,1727.74,current,F,66,LOW,46.0,6,330.0,0,6.0
4231,14667,8473.0,7452.23,1046.52,4885.92,4239.0,4684.0,5279.61,26.0,23,50,47,2,4,371000,1,1,1.0,1,472.0,545000.0,16004.0,886.0,28223.92,48079.0,7.0,7,56051.0,38731.64,113866.5,1,8,20244.0,9157.0,58956.0,3,63,174400.0,Y,19439.66,current,M,35,LOW,4.5,6,708.0,0,19.0
4232,853,9826.0,6175.17,330.78,2437.0,5861.0,2007.42,797.0,2.0,23,135,4,1,1,191000,1,1,1.0,1,48230.5,52098.99,1526.0,0.0,10257.25,61578.0,67.0,1,26074.0,105106.72,55103.0,2,1,7700.0,47941.0,29298.0,6,79,27047.0,Y,762.31,current,F,60,LOW,8.0,7,538.0,1,2.0
4233,18418,343283.0,6987.39,7018.45,6990.69,1524.6,2080.205,6656.0,26.0,10,117,48,4,56,483000,1,1,1.0,1,127004.3,52000.0,500.0,1500.0,86600.93,18277.0,89.0,3,10333.0,56206.37,45034.0,23,7,55097.0,31121.48,161626.23,3,32,12929.0,Y,4654.22,saving,M,32,MEDIUM,10.8,6,708.0,0,19.0
4234,18956,2990.0,339829.15,2782.94,7440.87,1063.0,23340.0,607.0,26.0,36,35,4,55,11,359000,1,1,1.0,1,1112.4,234459.4,96558.0,6409.0,26010.5,61140.0,46.0,1,22237.0,16687.24,22316.0,3,18,37388.0,60506.01,78997.75,7,58,25495.0,Y,2795.55,current,M,27,MEDIUM,4.2,9,882.0,1,8.0
4235,13957,772.0,10798.98,3503.05,1162.67,2188.5,8633.015,1538.5,19.0,2,105,1,1,26,483000,1,1,1.0,1,11827.75,95199.02,2156.0,10770.0,277719.41,82785.0,23.0,3,23916.0,39567.58,83931.0,1,82,29630.0,22509.91,72295.0,14,124,9780.0,Y,1145.0,current,M,42,MEDIUM,4.4,5,324.0,1,3.0
4236,13320,7742.0,7728.0,321.23,63098.17,23554.0,3735.245,3223.0,6.0,13,89,3,2,8,296000,1,1,1.0,1,9624.6,88482.8,694.0,1500.0,15260.14,23384.5,16.0,2,20.0,35614.49,171.15,1,8,49880.32,105137.78,102692.0,117,9,18670.0,Y,7993.61,saving,M,60,LOW,32.0,4,511.0,0,11.0
4237,3407,337849.0,3890.5,6838.04,4630.0,1617.0,10393.0,3035.65,9.0,17,14,4,6,1,660000,1,1,1.0,1,568.8,234459.4,1727.0,12299.0,7843.86,30035.0,5.0,26,20874.0,15018.0,5243.0,3,63,14358.0,18970.52,50588.0,14,79,2600.0,Y,40438.02,current,M,33,MEDIUM,6.5,6,623.0,1,12.0
4238,11275,2976.0,23940.0,5430.8,17042.07,6365.76,5943.32,16761.26,57.0,23,64,1,25,3,300000,1,1,1.0,1,81872.65,64491.0,8333.0,0.0,5810.83,26433.05,46.0,19,30051.0,53695.62,55586.0,43,20,26120.0,22351.68,25996.0,3,72,12604.0,Y,2169.61,saving,M,30,MEDIUM,5.0,4,683.0,1,7.0
4239,17562,7213.0,19997.86,38932.03,10771.29,35186.49,2442.5,6216.76,4.0,1,3,4,2,5,17000,1,1,1.0,1,168.75,18300.0,25524.0,0.0,22064.01,47041.0,46.0,1,22500.0,23327.42,1005234.0,20,2,59466.0,79165.75,399368.52,13,75,29833.0,Y,1038.91,current,M,55,LOW,31.5,1,374.0,1,13.0
4240,17164,12787.0,2251.06,28035.0,14192.0,1773.0,2180.52,4519.0,8.0,2,38,6,20,4,47000,1,1,1.0,1,42892.75,79828.0,130000.0,7984.0,60235.8,27144.0,10.0,17,43701.55,105779.92,26341.0,0,171,8977.0,80204.86,53681.0,4,106,60227.0,Y,898.29,current,M,66,LOW,13.8,10,700.0,1,4.0
4241,8238,17303.0,1748.0,4048.0,28387.11,1616.0,74803.3,7697.0,17.0,43,16,24,1,5,472000,1,1,1.0,1,185669.2,66.0,550.0,5350.0,6073.0,13232.0,3.0,1,69766.0,72248.49,17645.0,17,8,18666.0,44657.0,28633.0,5,113,1450.0,Y,2208.44,current,M,58,MEDIUM,19.0,7,908.0,1,19.0
4242,19518,18920.0,19868.08,7209.0,14418.0,13329.11,15173.25,423.02,531.0,26,64,2,2,13,16000,1,1,1.0,1,73010.0,7273.15,24619.0,-4679.0,30286.25,101984.0,5.0,2,84650.0,28605.97,18750.0,2,108,27820.0,202644.95,80360.0,3,10,52674.0,Y,2121.13,saving,M,33,LOW,7.800000000000001,9,249.0,0,5.0
4243,8352,356.0,10296.41,876.32,18075.47,4004.0,53678.0,12743.0,531.0,23,67,39,21,1,13000,1,1,1.0,1,47450.2,110135.86,10635.0,-4679.0,160028.33,88439.0,57.0,4,21299.0,458.5,18612.0,2,7,30700.0,90182.24,27785.0,62,50,14170.0,Y,362.15,current,M,44,MEDIUM,9.600000000000001,3,386.0,0,15.0
4244,16946,11854.0,1310.85,7091.0,4820.64,3952.94,33671.5,239.0,3.0,85,3,57,3,13,112000,1,1,1.0,1,825.0,202560.0,30000.0,-5439.0,48990.0,81922.0,95.0,35,28389.0,42822.79,22789.0,9,5,2168.0,1597.26,17304.13,11,65,27373.22,Y,1745.4,current,M,53,MEDIUM,16.5,8,623.0,1,15.0
4245,15577,346830.0,38490.0,5898.0,14549.3,4051.0,11539.475,723.01,124.0,65,87,4,4,47,98000,1,1,1.0,1,10006.2,3084.5,23160.0,8572.0,315488.58,19889.0,52.0,4,171157.0,108895.12,29198.09,31,6,32822.0,100125.35,7084.0,40,35,10892.0,Y,22925.13,current,M,32,MEDIUM,9.600000000000001,10,558.0,1,20.0
4246,14841,166231.0,9361.47,2782.94,42258.39,6035.0,9186.55,10377.0,5.0,4,135,57,6,41,167000,1,1,1.0,1,70310.6,117890.0,2156.0,14509.0,17532.12,56178.0,3.0,3,17915.0,79978.54,106800.0,0,13,24734.0,84274.82,472779.03,21,32,28842.0,Y,1115.83,current,M,44,MEDIUM,9.600000000000001,4,867.0,0,11.0
4247,4129,4401.0,1652.0,3358.0,2326.43,1878.0,3388.0,3328.34,6.0,84,49,1,2,17,256000,1,1,1.0,1,41883.6,43397.0,536.0,12174.0,299.0,36291.0,11.0,4,15501.0,69555.0,20979.0,3,0,9330.0,32898.66,117236.0,2,7,46750.0,Y,54632.6,current,M,220,MEDIUM,180.0,4,424.0,1,19.0
4248,18642,15942.0,11298.0,8706.5,3117.0,11974.77,702.0,3053.0,3.0,9,4,4,18,47,255000,1,1,1.0,1,3070.5,2436.91,51520.0,7478.0,118227.57,62786.0,55.0,26,36300.0,121735.63,114129.0,4,20,92810.0,11618.72,25168.0,10,103,202132.6,Y,2167.27,current,F,39,HIGH,5.7,9,710.0,0,15.0
4249,17444,12567.0,3854.76,3604.0,8884.32,844.0,2576.375,1821.0,8.0,46,23,4,3,54,510000,1,1,1.0,1,60050.0,360000.0,68000.0,7478.0,83317.96,124156.0,18.0,4,15183.0,7729.8,41359.0,1,82,900.0,1756749.09,54981.46,1,32,32473.0,Y,2500.85,current,M,27,MEDIUM,3.5,10,354.0,1,9.0
4250,19157,2582.0,26552.0,4299.0,18307.69,3748.5,2108.0,8023.0,1.0,20,2,1,1,3,100000,1,1,1.0,1,156875.0,332000.0,4812.0,10455.0,87.25,36510.0,42.0,2,32097.0,19843.36,8769.0,17,20,24192.0,40049.53,13232.41,6,8,26120.0,Y,448.65,saving,M,46,HIGH,15.600000000000001,2,539.0,0,2.0
4251,14587,14744.0,13134.86,28897.74,163944.69,1055.76,3772.0,6575.0,7.0,7,61,10,1,4,524000,1,1,1.0,1,3938.25,42723.0,610000.0,5730.0,277160.59,97825.0,12.0,1,20477.0,134570.11,25870.0,2,84,69600.0,29413.0,21052.11,3,1,42796.0,Y,396.81,current,M,67,LOW,47.0,3,631.0,1,19.0
4252,14656,4723.0,64620.83,20562.68,12180.83,1096.0,32213.495,2191.0,50.0,7,16,47,4,11,586000,1,1,1.0,1,46451.38,1187335.5,2214.0,2337.0,44801.27,78219.0,11.0,11,27640.0,21233.45,12511.0,31,70,29336.0,54937.16,22463.0,22,54,55140.0,Y,4583.09,current,M,42,MEDIUM,17.6,8,299.0,0,2.0
4253,8095,9153.0,1864.28,7063.0,14488.0,7108.76,1151.0,60068.0,12.0,6,74,22,3,79,124000,1,1,1.0,1,46730.2,10701.0,33330.0,10210.0,15989.34,62146.41,68.0,36,32978.0,3142.29,155456.74,1,20,24598.0,44449.63,40393.0,9,106,21432.0,Y,720.23,current,M,33,LOW,11.700000000000001,8,836.0,0,3.0
4254,2629,291064.0,732.5,469.42,5339.59,2460.0,39237.0,8363.88,10.0,23,82,1,15,4,74100,1,1,1.0,1,48422.7,134000.0,4367.0,7478.0,593.38,31813.3,38.0,1,74787.0,3688.0,41962.03,43,4,26343.0,172934.76,4129.0,36,67,27596.0,Y,40.28,current,M,37,MEDIUM,17.0,4,974.0,0,15.0
4255,18985,6659.0,5464.87,3709.0,20581.75,2736.0,21004.87,6069.0,44.0,3,35,25,31,30,375000,1,1,1.0,1,70310.6,8000.0,2644.0,1992.0,18140.0,26892.0,42.0,55,39844.0,24025.0,10224.86,4,27,28370.0,25776.38,67873.77,5,73,88095.3,Y,2295.55,current,M,42,MEDIUM,6.6000000000000005,3,887.0,0,5.0
4256,19130,6510.0,2893.5,219.0,849.0,2581.0,30165.7,9704.0,8.0,65,5,3,25,2,75000,1,1,1.0,1,8531560.0,470000.0,126001.0,20513.0,23331.0,146093.0,4.0,3,47971.0,35303.48,62372.0,7,12,76920.0,109106.0,186129.93,3,50,1448.0,Y,54129.44,current,M,64,LOW,30.8,2,371.0,1,15.0
4257,15086,3236.0,11792.0,2996.06,888.93,3983.0,2999.075,1724.0,26.0,29,50,17,25,53,130000,1,1,1.0,1,328504.5,16671.0,96558.0,10455.0,90196.0,23965.93,7.0,43,23616.0,68226.06,16911.0,19,63,49952.0,41812.94,43402.0,8,15,25845.0,Y,1273.26,current,M,46,MEDIUM,7.800000000000001,2,633.0,1,17.0
4258,10824,85666.0,28601.54,26648.45,82199.0,4948.0,7921.49,1189.12,26.0,9,4,4,1,70,272000,1,1,1.0,1,604365.0,104000.0,72000.0,1500.0,4086.45,77893.08,46.0,6,259969.0,46830.53,390145.5,17,36,15179.0,16048.0,500629.0,2,80,160000.0,Y,3238.48,saving,F,34,MEDIUM,1.4000000000000001,7,748.0,1,16.0
4259,14702,13239.0,31281.79,10101.0,19739.34,4374.0,10423.0,3526.67,6.0,67,18,5,1,12,453000,1,1,1.0,1,76780.0,170989.0,2644.0,5464.0,103783.05,22501.0,67.0,36,120284.0,5895.27,923.0,43,12,21350.0,39074.54,105111.0,3,6,28175.0,Y,132997.39,current,M,53,LOW,9.9,5,685.0,0,16.0
4260,13817,38252.0,25684.0,7484.0,8547.58,4774.5,22417.0,3587.0,4.0,30,64,1,7,10,272000,1,1,1.0,1,38362.5,10767.53,1097.0,-3506.17993,98232.37,107618.0,2.0,13,121645.0,19399.5,148034.0,7,13,208000.0,533.0,48805.88,8,67,153674.0,Y,4034.41,current,M,33,LOW,2.6,9,244.0,1,12.0
4261,18786,40157.0,4642.0,767.0,3635.91,5528.0,866.0,5606.52,4.0,22,27,1,1,5,152000,1,1,1.0,1,293418.75,95081.0,20887.0,-5439.0,50121.5,29930.0,39.0,3,38072.24,24859.25,94880.0,5,20,656636.0,55130.63,13771.89,40,124,48122.0,Y,323.66,current,M,37,LOW,11.9,9,503.0,1,19.0
4262,9317,17766.0,1277.93,1227.0,9577.56,13090.0,5008.0,7854.0,8.0,23,47,50,63,1,100000,1,1,1.0,1,1497586.08,93.35,130000.0,167.0,37379.53,42882.0,29.0,26,225479.0,177347.39,91632.68,50,20,14121.0,12483.77,76557.0,3,9,27819.0,Y,2367.96,saving,M,35,MEDIUM,10.5,4,538.0,1,13.0
4263,8586,5857.0,3060.61,2683.0,25901.63,6036.89,1782.0,10529.0,43.0,9,50,1,46,9,19000,1,1,1.0,1,6494.4,142608.5,49975.0,5730.0,164020.55,534550.0,77.0,5,51574.0,34881.5,68612.0,1,8,43140.0,101731.8,185523.04,94,65,17308.0,Y,3947.03,saving,F,30,MEDIUM,1.0,9,299.0,1,13.0
4264,13088,6804.0,732.93,4735.61,1067.0,330.9,20182.55,127.0,2.0,10,135,4,55,91,327000,1,1,1.0,1,4039029.9,610000.0,25524.0,-4679.0,34903.5,22636.0,24.0,0,242348.0,23084.0,68862.5,2,12,61.4,72137.25,20936.0,12,38,28579.0,Y,5009.98,current,M,37,LOW,17.0,2,809.0,1,18.0
4265,14097,290987.0,10588.5,4050.76,4523.42,1409.05,7574.0,27985.1,4.0,3,49,18,16,42,340000,1,1,1.0,1,73010.0,54388.23,1018.0,12415.0,79307.35,47169.0,42.0,25,73394.0,4447.0,36644.25,47,69,25004.0,66870.33,95772.29,5,15,6581.0,Y,10633.85,current,M,44,MEDIUM,16.8,5,523.0,0,11.0
4266,7504,16153.0,18759.0,1578.0,36142.5,4927.23,731.0,8068.6,4.0,20,74,2,18,39,0,1,1,1.0,1,39851.93,2300000.0,927.0,0.0,20815.25,18746.0,77.0,17,55680.0,23229.41,26239.71,24,2,38350.0,47383.5,22095.0,62,58,23695.0,Y,7909.83,current,M,35,LOW,1.5,2,883.0,1,10.0
4267,14144,18046.0,4015.0,5149.0,2958.44,1356.25,8943.0,5305.0,9.0,85,27,4,62,70,423000,1,1,1.0,1,94643.15,185000.0,96558.0,1411.0,29917.0,170392.0,70.0,26,80685.0,171133.65,113526.0,8,8,136052.0,44678.83,46735.75,4,11,77750.0,Y,11147.67,current,M,32,MEDIUM,10.8,8,536.0,1,12.0
4268,160,9636.0,67138.08,6129.78,21128.76,23431.53,7498.0,3587.0,101.0,10,5,24,3,6,75000,1,1,1.0,1,12315.0,244113.72,68000.0,5340.0,263316.52,39020.0,4.0,31,35694.0,266.5,261878.0,5,14,155168.0,44597.25,25976.0,6,58,117563.0,Y,5511.79,current,M,49,LOW,29.0,7,566.0,1,11.0
4269,859,16788.0,9612.52,7018.45,1975.18,5209.75,7408.0,2519.0,8.0,10,47,20,12,1,138000,1,1,1.0,1,204585.76,172131.0,25524.0,-5942.0,20562.29,20297.0,46.0,36,27837.0,38258.13,45143.0,4,8,29567.0,21743.75,43963.39,2,0,86256.0,Y,2861.2,current,M,55,MEDIUM,35.0,8,633.0,0,10.0
4270,3721,10142.0,3153.34,3829.0,7274.38,911.41,33547.57,8994.0,57.0,5,5,24,51,26,59000,1,1,1.0,1,331.2,64491.0,155205.0,0.0,99956.18,30058.0,48.0,3,18279.0,46585.75,19191.63,3,8,32875.0,263357.81,55503.0,4,32,29900.0,Y,2215.92,current,F,42,MEDIUM,6.6000000000000005,4,258.0,1,6.0
4271,5850,8571.0,824.0,29778.25,8160.18,5073.3,1558.0,1502.59,60.0,18,49,22,1,55,80000,1,1,1.0,1,47299.5,1475000.0,1727.0,553.0,18135.34,54123.44,7.0,31,27117.0,19036.75,83295.0,3,1,54852.0,11768.76,138640.0,47,7,48840.0,Y,362.15,current,M,37,MEDIUM,11.9,7,505.0,0,13.0
4272,1481,293829.0,37534.57,4239.0,16209.0,2447.0,4639.75,440.0,4.0,30,64,44,6,47,47000,1,1,1.0,1,1146.0,470000.0,78309.0,-6281.37987999999,24803.75,118593.0,32.0,13,48768.0,28605.97,52266.0,45,81,37023.0,84844.69,101145.5,11,52,56289.0,Y,4575.39,current,M,58,MEDIUM,22.8,3,370.0,1,4.0
4273,1324,32357.0,995.5,20572.39,28532.15,6904.13,3211.0,779.0,531.0,4,4,18,16,47,330000,1,1,1.0,1,3070.5,1084598.7,16215.0,1014.0,21461.78,47301.0,12.0,13,132489.0,25504.52,47682.0,3,8,20203.0,34618.87,31063.94,8,49,23852.0,Y,16763.63,current,M,37,MEDIUM,8.5,7,354.0,0,20.0
4274,222,6460.0,1627.755,3370.64,5225.0,3172.0,3450.5,53481.24,43.0,1,52,24,2,62,46000,1,1,1.0,1,3070.5,217074.0,12000.0,12174.0,23314.75,38419.0,40.0,3,30445.0,107998.27,119678.55,0,8,113882.0,71679.44,59831.0,8,103,26304.0,Y,4980.52,current,M,223,MEDIUM,40.6,5,454.0,0,3.0
4275,13096,11336.0,4967.0,11316.0,12663.75,13561.0,2961.5,80603.0,2.0,22,2,23,60,6,0,1,1,1.0,1,23669.0,40000.0,787.0,-4324.0,49840.13,21871.0,42.0,19,17600.0,48946.0,29167.0,12,63,60448.0,8662.9,44257.0,9,58,15141.0,Y,4723.09,current,M,223,MEDIUM,182.70000000000002,4,743.0,0,10.0
4276,18758,40610.0,6298.5,735.49,3069.6,5209.75,20287.0,4732.0,6.0,10,29,2,3,62,402000,1,1,1.0,1,17829.1,32714.0,24619.0,1522.0,69316.08,54290.0,46.0,36,44158.0,25945.43,135330.37,70,26,32270.0,16632.32,24946.0,4,39,588.0,Y,5806.8,current,M,32,MEDIUM,4.800000000000001,5,655.0,0,12.0
4277,9645,17608.0,64476.2,18893.68,3108.0,4031.0,4534.73,9812.0,10.0,23,13,2,5,5,47000,1,1,1.0,1,15279.79,36880.0,300500.0,1500.0,22545.35,60754.0,42.0,3,24146.0,26337.78,59397.35,1,12,29322.0,72040.51,23249.43,94,52,14574.48,Y,2018.98,current,M,118,MEDIUM,19.6,4,363.0,0,12.0
4278,9091,9277.0,24201.92,601.0,32897.35,18804.0,15181.735,1171.0,66.0,4,3,15,1,22,581000,1,1,1.0,1,360978.37,109000.0,96497.0,-3053.0,106642.36,56904.9,39.0,3,18356.0,22289.4,127370.0,6,8,23088.0,65424.0,113858.29,2,75,234126.0,Y,3304.07,current,M,33,MEDIUM,2.6,10,485.0,1,11.0
4279,1650,11356.0,5362.82,19.35,1676.0,5682.2,5826.5,6930.69,531.0,10,23,10,2,6,650000,1,1,1.0,1,28844.0,5241.0,300500.0,844.0,21687.0,57518.0,11.0,2,14150.0,53448.79,10999.0,11,44,109039.0,80239.8,138028.0,6,18,54438.0,Y,11809.67,current,M,66,MEDIUM,46.0,6,464.0,1,12.0
4280,19017,1046.0,28653.0,363.0,2981.16,3392.25,6169.0,2449.0,3.0,46,47,57,4,81,406000,1,1,1.0,1,670875.0,350000.0,73217.0,0.0,18732.37,73921.0,42.0,6,95766.0,25698.0,155219.0,17,108,72390.0,65334.53,83571.0,6,7,5200000.0,Y,795.04,current,M,53,MEDIUM,26.400000000000002,7,245.0,1,17.0
4281,14602,18165.0,29191.21,22799.68,5759.49,9041.3,15437.0,14253.0,1.0,99,59,1,3,16,17000,1,1,1.0,1,137553.95,116000.0,49975.0,8723.0,28515.0,127943.28,32.0,2,16991.0,87195.67,88780.09,45,82,99075.0,25275.0,38865.72,3,38,26186.9,Y,1169.34,current,F,42,MEDIUM,13.200000000000001,7,516.0,0,12.0
4282,17869,14080.0,17267.77,6634.0,5989.42,9991.76,4779.0,11432.0,10.0,4,5,8,55,17,49999,1,1,1.0,1,12869465.0,470000.0,51520.0,6916.0,14.0,15599.0,52.0,0,58236.0,50532.0,57007.0,0,30,57932.0,3542.0,125378.0,5,10,18200.0,Y,6291.0,current,M,32,MEDIUM,10.8,10,743.0,1,4.0
4283,13343,84435.0,6155.07,5886.0,2291.0,12633.0,2673.0,3390.0,10.0,36,23,20,3,55,34000,1,1,1.0,1,871.5,64491.0,768.0,24326.0,10344.82,44933.6,3.0,0,23193.0,2819.7,22195.0,2,20,16367.0,83471.22,162412.0,117,120,22108.0,Y,3362.62,current,M,62,MEDIUM,4.2,3,855.0,1,11.0
4284,18213,18535.0,10812.39,1567.62,12188.84,1794.0,1426.0,1016.0,63.0,22,35,18,3,58,298000,1,1,1.0,1,140262.4,90829.65,2158.0,14509.0,66467.32,57956.74,5.0,28,159847.0,2707.48,154266.33,3,6,19259.0,201543.08,27916.5,3,11,174400.0,Y,6312.33,current,M,36,MEDIUM,12.8,5,537.0,1,5.0
4285,3552,3979.0,41441.33,4754.99,104152.0,2465.92,1706.0,15959.0,4.0,18,16,2,27,39,164000,1,1,1.0,1,38566.25,470000.0,2644.0,5773.0,81047.59,13534.0,4.0,7,25389.99,28455.0,57662.0,3,2,59319.0,33562.5,18550.0,4,79,64766.0,Y,92.36,current,M,35,MEDIUM,13.5,1,249.0,0,15.0
4286,5050,88847.0,2588.35,11474.75,21192.33,9261.3,25412.23,298.0,6.0,10,4,3,14,2,505000,1,1,1.0,1,8209320.0,42723.0,11545.0,5340.0,38545.86,74920.0,11.0,3,34617.0,57653.99,1146.0,6,89,28154.0,17966.43,49646.99,6,38,34375.0,Y,2781.69,current,M,27,HIGH,2.8000000000000003,6,244.0,1,10.0
4287,7369,12049.0,57505.0,15086.0,25516.95,4880.0,3950.48,5420.08,7.0,17,67,25,6,42,352000,1,1,1.0,1,13732.93,992890.32,49975.0,-6281.37987999999,7869.2,223342.0,24.0,11,51821.0,2993.25,48619.05,1,82,102795.25,29278.0,6643.0,49,1,58037.0,Y,6425.84,current,M,32,LOW,6.0,4,395.0,1,19.0
4288,16104,18290.0,20241.81,1259.34,16376.0,13227.79,7176.26,2537.0,14.0,10,135,5,1,55,471000,1,1,1.0,1,1910215.0,400000.0,56305.0,903.0,301746.09,32223.0,37.0,1,70473.0,19698.25,256.88,1,59,33946.0,31077.76,166847.0,18,24,24566.0,Y,1083.51,current,M,47,MEDIUM,5.4,5,911.0,0,5.0
4289,8028,1286.0,44494.0,982.0,54697.69,2887.35,15286.965,164.01,4.0,47,35,1,2,56,66000,1,1,1.0,1,151000.0,2436.91,6000.0,0.0,104080.93,104311.0,69.0,1,19047.0,13161.0,20466.0,2,108,61115.0,29430.0,58177.0,2,24,31153.0,Y,2437.5,current,F,27,MEDIUM,1.4000000000000001,3,485.0,1,18.0
4290,13912,403408.0,15225.3,14028.0,2439.0,4906.0,5892.56,5613.0,2.0,8,74,42,2,30,359000,1,1,1.0,1,47.35,237365.38,583.0,4856.0,63429.17,87433.06,91.0,0,17929.0,110196.0,112616.76,1,70,22384.0,20577.61,82614.0,21,58,23011.0,Y,492.78,current,M,46,MEDIUM,20.8,7,700.0,0,12.0
4291,19573,1574.0,14286.46,2102.58,1345.52,1409.05,9030.105,49809.0,4.0,3,35,1,62,6,100000,1,1,1.0,1,593.2,134890.0,500718.0,6441.0,53039.88,83593.0,5.0,19,21687.0,14899.29,140100.0,3,82,13534.0,48211.67,62924.0,5,21,25166.0,Y,2872191.3,current,M,66,LOW,27.6,5,956.0,1,9.0
4292,17558,96155.0,7190.63,11044.0,7473.15,27860.0,1115.0,3410.73,10.0,9,82,2,24,1,98000,1,1,1.0,1,12510.0,119831.0,798.0,1931.0,25941.78,138775.0,46.0,3,25750.0,34096.0,29888.0,2,59,24857.0,39992.0,63071.0,5,76,28961.0,Y,18261.92,current,M,50,LOW,6.0,6,743.0,0,10.0
4293,14757,4589.0,4444.485,8272.19,9155.0,3524.57,27894.0,342.0,26.0,10,60,2,1,3,410000,1,1,1.0,1,40440.4,3.0,694.0,12415.0,91015.75,36286.0,67.0,3,20614.0,44767.27,145211.0,3,13,58334.0,81801.68,86659.0,12,50,25406.0,Y,5192.62,current,M,58,LOW,3.8000000000000003,2,700.0,1,11.0
4294,18326,404131.0,2862.0,7944.0,9333.0,2249.73,9555.455,6375.89,1.0,5,82,1,1,44,369000,1,1,1.0,1,138272.2,399.09,48374.0,10455.0,24280.97,102583.0,4.0,3,18653.0,24782.49,25430.0,7,20,121401.0,78010.22,63090.0,2,8,47239.0,Y,40438.02,saving,M,37,LOW,6.800000000000001,9,818.0,1,9.0
4295,16115,6594.0,44863.88,4857.0,9947.055,7587.57,1476.75,11737.0,6.0,93,84,8,27,37,255000,1,1,1.0,1,65887.8,235.17,13533.0,173.0,22789.42,41840.0,55.0,3,38636.0,5322.82,51078.0,1,82,51175.22,72343.4,75815.47,93,18,55202.0,Y,2301.72,current,M,66,MEDIUM,13.8,2,249.0,0,15.0
4296,12314,15171.0,32725.8,25546.8,43228.0,302.0,60544.535,2551.0,3.0,22,47,18,36,26,156000,1,1,1.0,1,5215.0,8407.46,1209.0,977.0,259999.87,195704.0,11.0,7,11614.0,16682.66,44597.34,2,20,200000.0,27458.75,117991.0,4,96,4650.0,Y,4002.39,saving,M,32,LOW,4.800000000000001,4,737.0,1,10.0
4297,6972,324212.0,8217.92,2340.23,6961.0,9519.88,4181.64,7215.7,7.0,99,9,20,27,25,11000,1,1,1.0,1,9649.6,146793.0,73217.0,-6301.0,35576.33,43572.0,11.0,19,26630.0,172095.75,34351.0,43,18,49164.0,37546.75,44530.0,94,106,122.0,Y,10970.78,current,M,33,MEDIUM,11.700000000000001,2,685.0,0,13.0
4298,19526,8966.0,21273.76,10189.76,9064.51,5647.0,8391.28,2883.0,1.0,31,35,2,48,2,329000,1,1,1.0,1,111.4,66.0,230000.0,5464.0,47992.24,44298.0,70.0,1,46268.0,1650.0,65427.72,12,63,37765.0,11478.49,39939.0,3,11,35470.0,Y,177.27,current,M,35,HIGH,12.0,6,683.0,1,13.0
4299,5127,3722.0,7705.54,104.0,1869.0,4591.0,1258.84,589.52,8.0,3,64,50,6,16,67000,1,1,1.0,1,250631.8,170989.0,6000.0,1429.0,27165.8,154757.0,55.0,3,33159.0,52082.0,93760.0,1,13,87332.0,18216.7,51181.83,3,6,55924.48,Y,4216.45,current,M,58,MEDIUM,26.6,10,588.0,0,14.0
4300,13739,17060.0,1863.5,10147.0,9531.0,359.86,3183.27,823.0,7.0,17,71,8,4,34,130000,1,1,1.0,1,186189.0,5351.0,2130.0,20324.0,94121.86,98147.0,17.0,25,33164.0,6634.0,187531.0,23,86,65190.0,155667.44,35023.99,2,40,20149.0,Y,4674.03,current,M,30,MEDIUM,1.0,10,538.0,1,18.0
4301,10818,5455.0,4674.92,16889.78,7033.84,8898.0,1103.0,23984.0,531.0,84,2,3,3,41,379000,1,1,1.0,1,1910215.0,100000.0,594.0,12174.0,130362.64,23557.0,46.0,4,16991.25,12683.53,33979.5,11,11,158486.0,101212.0,41234.6,3,3,30193.0,Y,29078.21,current,M,37,MEDIUM,5.1000000000000005,7,485.0,1,8.0
4302,3948,212867.0,33709.0,1673.06,8332.43,7984.89,14629.5,3531.0,26.0,18,50,20,3,58,83000,1,1,1.0,1,55064.31,51000.0,851.0,0.0,593299.76,33562.0,4.0,7,61900.0,19146.32,58752.0,1,7,14004.0,51193.25,28299.0,5,58,58750.0,Y,3024.85,current,M,120,HIGH,70.0,9,269.0,1,17.0
4303,486,294533.0,6048.08,255.0,34735.0,1921.6,11391.34,918.93,26.0,11,30,82,11,47,47000,1,1,1.0,1,140291.6,184514.0,14754.0,-12179.0,21933.0,37312.0,16.0,43,16765.0,211031.25,100947.0,17,4,75977.5,48494.1,53767.39,9,11,13382.0,Y,918.15,current,M,120,MEDIUM,60.0,5,755.0,1,10.0
4304,16620,331117.0,23019.5,1832.92,1917.0,8642.0,4418.85,449.0,3.0,7,3,57,6,1,297000,1,1,1.0,1,3070.5,385218.7,11580.0,6885.0,30279.25,65129.38,52.0,1,23616.0,2811.0,21092.0,4,30,27466.0,10066.0,50337.0,62,80,715.0,Y,9851.62,current,M,62,MEDIUM,37.800000000000004,8,928.0,0,13.0
4305,5278,310101.0,9114.12,1927.0,7712.44,40826.0,18350.0,1611.5,7.0,13,27,5,3,42,472000,1,1,1.0,1,20747.5,111000.0,938.0,9415.0,28575.12,30176.4,11.0,26,40735.0,3435.0,23824.0,4,25,29918.0,48556.77,29648.0,4,38,25592.0,Y,4915.97,saving,M,30,MEDIUM,9.0,7,296.0,0,14.0
4306,4,92172.0,15481.5,4245.0,10812.04,4045.0,3119.0,657.0,6.0,77,35,17,25,3,421000,1,1,1.0,1,825.0,90829.65,13533.0,-5942.0,74009.75,55986.38,18.0,9,25155.0,17945.59,88209.0,11,4,21704.0,41485.46,68589.5,21,24,34189.0,Y,5048.39,current,M,33,MEDIUM,13.0,10,683.0,1,12.0
4307,4864,306403.0,10502.17,12764.0,12696.44,4007.01,71112.0,25269.0,1.0,84,14,1,4,8,494000,1,1,1.0,1,5809950.0,176487.6,96558.0,-6301.0,66113.98,6533.0,46.0,3,23476.0,63104.25,24488.0,2,12,127744.0,70861.17,36037.0,8,57,21800.0,Y,78966.76,current,M,46,LOW,18.2,4,305.0,0,3.0
4308,15361,3611.0,7216.24,1308.79,3379.5,3703.0,5563.2,764.09,10.0,9,61,4,26,67,147000,1,1,1.0,1,8209320.0,446457.0,500718.0,-4324.0,110321.6,145995.0,147.0,23,19417.0,59031.1,225099.5,2,25,21172.0,67233.63,28255.47,2,58,24761.0,Y,5402.08,current,M,27,MEDIUM,4.9,3,268.0,1,9.0
4309,2480,127902.0,31508.54,2096.75,21319.05,8458.0,3920.5,501.24,44.0,13,6,4,1,5,425000,1,1,1.0,1,8531560.0,390700.0,3975.0,5773.0,20210.49,23582.0,49.0,2,76505.0,39368.88,93136.0,43,20,395300.0,4050.0,115713.0,11,8,29981.0,Y,35696.73,current,M,46,MEDIUM,7.800000000000001,1,809.0,1,3.0
4310,13593,11172.0,10727.0,2037.38,1528.0,359.86,35708.5,3446.0,28.0,10,50,2,3,81,326000,1,1,1.0,1,8370.8,63000.0,4699.0,-5715.49022999999,30180.1,84840.0,6.0,4,23654.0,80157.85,48707.13,43,12,51541.0,59563.26,19919.0,62,133,18298.0,Y,518.98,current,M,33,MEDIUM,10.4,4,867.0,0,10.0
4311,3200,299310.0,2636.155,3260.0,12513.0,5430.58,7414.0,5441.0,2.0,84,87,47,2,2,520000,1,1,1.0,1,46451.38,132324.01,539.0,-5942.0,43863.9,112061.0,4.0,9,65378.0,23433.88,32255.5,7,13,134103.0,123514.0,39547.0,3,22,29658.0,Y,385.34,saving,M,64,LOW,17.6,5,623.0,1,4.0
4312,2895,5177.0,17838.08,1831.97,11957.05,1016.0,6717.0,849.0,4.0,31,6,2,3,11,75000,1,1,1.0,1,11827.75,53750.0,2214.0,5730.0,22158.37,70127.38,4.0,1,29237.0,5616.56,315196.0,9,13,38955.0,92953.96,71069.93,7,73,56587.0,Y,15027.94,current,M,38,MEDIUM,9.0,7,385.0,1,8.0
4313,1189,11498.0,12053.9,132287.0,6613.28,4720.0,12256.41,4966.0,14.0,77,49,6,1,47,391000,1,1,1.0,1,715554.75,1971236.9,90525.0,10455.0,47331.08,19726.0,77.0,7,41396.0,140944.37,28118.0,9,20,34440.0,33342.22,82990.0,5,79,20588.0,Y,649.44,saving,M,33,MEDIUM,5.2,7,516.0,0,7.0
4314,19942,1748.0,6283.0,14015.4,19514.97,7343.51,1950.24,1306.0,4.0,7,20,20,1,3,371000,1,1,1.0,1,229435.05,116533.0,68000.0,2819.0,52474.13,68679.0,43.0,2,1035431.79,19089.0,48026.0,9,82,28683.0,51224.66,6319.0,117,52,63749.0,Y,17057.76,current,M,33,MEDIUM,5.2,1,799.0,1,10.0
4315,18415,37726.0,7012.32,2743.0,1804.0,2078.34,2910.895,5582.0,3.0,6,4,30,56,17,186000,1,1,1.0,1,23221.65,24000.0,230000.0,1411.0,192320.87,22025.0,39.0,7,34080.0,55040.93,46878.29,4,25,735.0,24855.17,38883.0,58,27,23818.0,Y,15871.44,current,M,33,MEDIUM,6.5,10,233.0,1,7.0
4316,17766,140705.0,6778.2,21787.0,2770.85,1906.52,5037.0,2270.0,8.0,13,3,8,62,30,367000,1,1,1.0,1,18847.5,90829.65,73501.0,6409.0,84849.87,3657.0,62.0,2,70786.0,19098.0,218187.0,1,81,26114.0,58645.02,62924.0,4,65,98207.0,Y,3926.91,current,M,46,MEDIUM,23.400000000000002,9,299.0,0,3.0
4317,10902,133098.0,7808.0,521.0,40530.75,1175.0,5280.58,2822.0,2.0,10,47,18,3,4,150000,1,1,1.0,1,18418.85,280000.0,800.0,12415.0,93484.24,29186.0,147.0,4,108846.0,27286.65,21294.0,2,20,11887.0,71990.92,69957.0,9,27,17958.0,Y,237.96,current,M,53,MEDIUM,23.1,5,370.0,0,10.0
4318,6054,1978.0,1426.0,459.0,21186.51,616.0,1380.6,7837.0,531.0,43,74,1,1,8,256000,1,1,1.0,1,105453.65,1372927.14,13873.0,2921.0,26777.38,4235.0,12.0,2,26819.85,35034.31,48595.0,1,12,17290.0,32787.86,23370.5,3,96,56289.0,Y,9466.04,current,M,69,MEDIUM,4.9,6,244.0,1,19.0
4319,13360,36711.0,38021.04,1150.0,28145.3,997.0,144998.45,3068.42,1.0,8,14,4,1,55,169000,1,1,1.0,1,123134.77,51394.29,768.0,26601.0,63414.62,59093.0,20.0,15,24119.0,61152.21,30602.1,2,46,74515.0,40309.09,36718.0,6,120,23563.0,Y,3426.58,current,M,36,MEDIUM,8.0,9,809.0,1,13.0
4320,1015,12362.0,50860.2,104.0,14590.0,10310.76,55528.5,40082.0,6.0,8,112,8,26,62,199999,1,1,1.0,1,213557.15,110135.86,130000.0,6885.0,41105.25,24040.0,18.0,3,51194.0,84424.44,17256.74,2,105,34556.0,119038.39,111655.66,39,58,47301.29,Y,34696.72,current,M,32,MEDIUM,4.800000000000001,4,867.0,1,19.0
4321,8247,17222.0,6202.71,3527.97,7211.68,570.66,7662.205,668.31,24.0,66,64,47,37,3,17000,1,1,1.0,1,3299447.136,152664.0,3570.0,0.0,185297.92,40760.4,7.0,3,94812.0,57799.0,6264.0,5,14,81500.0,16913.27,197162.0,2,15,15154.0,Y,16292.5,current,M,32,HIGH,10.8,7,395.0,1,13.0
4322,16638,9434.0,2857.2,1100.0,18579.2,342.0,10650.0,5378.0,9.0,1,13,5,31,58,351000,1,1,1.0,1,58928.67,7194.0,28912.0,5773.0,19605.25,30676.41,18.0,2,23606.0,21205.75,15021.0,5,81,10000.0,18722.0,64479.0,22,39,15297.0,Y,4837.83,current,M,29,MEDIUM,5.4,6,753.0,1,4.0
4323,9110,11126.0,2989.5,1754.0,22064.5,942.0,3600.8,19658.0,26.0,18,35,52,2,39,125000,1,1,1.0,1,33664.3,253000.0,594.0,1500.0,35516.0,54030.0,39.0,2,15312.0,3333.74,73629.5,1,20,99557.0,14869.0,5163.0,47,103,30218.0,Y,5888.22,current,M,36,LOW,14.4,3,653.0,0,13.0
4324,1096,2264.0,6155.42,512.49,1773.0,3311.14,2682.39,823.0,57.0,8,79,53,4,17,156000,1,1,1.0,1,71191.8,100934.0,539.0,5464.0,57190.25,300222.61,52.0,26,152000.0,36291.32,102683.9,6,13,88260.0,119197.69,98655.0,6,24,24615.0,Y,4162.37,current,M,63,HIGH,25.8,4,503.0,0,15.0
4325,10327,14386.0,29955.08,2185.6,5353.27,952.96,652.34,1712.0,12.0,10,50,22,1,98,75000,1,1,1.0,1,2389800.0,385218.7,105000.0,1500.0,50074.88,34143.0,24.0,0,27245.75,14064.57,1528.0,0,8,33030.08,10212.17,54671.0,2,40,127204.0,Y,762.31,current,M,63,MEDIUM,30.1,8,945.0,0,4.0
4326,8938,327520.0,7680.15,682.0,6184.47,5347.18,11328.0,2387.4,60.0,93,44,1,1,79,25000,1,1,1.0,1,10006.2,157000.0,13533.0,5730.0,2682.46,211071.0,29.0,18,33759.0,99686.03,275753.0,9,20,1254000.0,37408.23,55727.0,7,36,28247.0,Y,2644.15,saving,M,66,MEDIUM,13.8,4,658.0,1,17.0
4327,12406,18488.0,6327.82,9214.0,933.59,6658.0,71112.0,1245.0,5.0,14,47,1,14,5,79000,1,1,1.0,1,2.13,105000.0,50000.0,12299.0,147824.2,30654.0,7.0,30,210303.0,52353.87,24552.79,2,82,77619.0,265417.72,302708.09,14,79,388145.0,Y,855.57,current,M,62,MEDIUM,16.8,6,867.0,1,20.0
4328,14149,34496.0,1813.04,4523.0,877.33,9215.19,24317.41,3931.0,1.0,23,59,2,2,79,371000,1,1,1.0,1,1038501.78,170989.0,2019.0,6885.0,28744.32,43594.0,11.0,7,38419.0,39617.88,148135.36,6,78,89773.0,22716.56,24036.0,3,50,55970.0,Y,2072.75,saving,M,42,MEDIUM,6.6000000000000005,1,708.0,0,8.0
4329,15371,220214.0,9080.45,8062.0,3542.3,1216.0,20876.645,2766.0,5.0,77,7,7,3,5,234000,1,1,1.0,1,10090.86,184514.0,43798.0,12415.0,21194.25,18234.0,36.0,3,22330.0,36835.89,59283.0,70,36,23638.0,15998.0,113858.29,7,11,23403.0,Y,1108.2,current,M,30,LOW,10.0,7,656.0,1,11.0
4330,9172,19882.0,20261.0,11314.39,5970.01,5282.0,2304.0,29798.0,100.0,601,3,2,18,1,302000,1,1,1.0,1,3950.0,157000.0,25000.0,5730.0,62922.89,48317.0,8.0,3,49666.0,8669.63,29507.0,2,59,37492.0,47281.81,113858.29,14,75,15362.0,Y,27649.94,current,M,32,MEDIUM,8.4,3,269.0,0,2.0
4331,17723,8527.0,624.44,17870.0,6919.61,1844.0,15337.27,5258.0,104.0,2,2,5,55,47,47000,1,1,1.0,1,319201.67,234459.4,96497.0,12415.0,19484.86,115087.0,147.0,4,14297.0,78645.77,80811.97,5,171,47625.0,41083.0,54172.79,44,42,62750.0,Y,591.34,current,M,33,MEDIUM,13.0,9,743.0,1,5.0
4332,15284,102062.0,3513.81,24988.34,6847.5,16814.9,3587.0,8946.44,2.0,8,17,4,11,80,98000,1,1,1.0,1,115228.3,165970.9,610000.0,6916.0,37439.64,30127.0,7.0,5,52289.0,7891.97,68862.5,1,108,20642.0,29914.87,16606.0,13,106,16255.0,Y,19851.06,current,M,44,MEDIUM,12.0,9,809.0,0,14.0
4333,13221,12452.0,2893.5,13741.0,6117.92,6647.0,2263.0,1140.0,43.0,71,47,17,18,26,306000,1,1,1.0,1,1859872.2,161648.0,8333.0,3897.0,20841.66,152334.0,63.0,3,39751.0,63509.0,97570.0,1,11,35542.0,76096.46,130785.0,42,63,21845.0,Y,2051.82,current,M,62,HIGH,12.600000000000001,2,626.0,0,17.0
4334,13401,6095.0,1045.0,9873.5,75545.65,9149.15,11247.54,2160.0,1.0,10,50,24,27,20,660000,1,1,1.0,1,7089.7,278904.9,4198.0,6885.0,96124.0,161124.0,39.0,2,41100.0,11122.95,85294.75,2,11,10700.0,134030.51,55468.0,3,17,27880.0,Y,2292.61,current,M,34,MEDIUM,4.2,9,923.0,1,11.0
4335,1841,7840.0,890.0,601.0,45573.0,1929.65,951.56,1010.0,531.0,2,44,52,18,47,595000,1,1,1.0,1,84446.0,440000.0,3570.0,-5998.43994,48520.33,33303.0,39.0,26,84459.0,118886.82,50092.0,2,171,155084.0,8046.62,13174.0,3,61,70000.0,Y,2019.09,saving,M,40,MEDIUM,16.0,9,506.0,0,13.0
4336,2543,334421.0,10511.65,8640.32,14732.5,1635.3,9696.61,57987.79,10.0,71,38,60,2,1,595000,1,1,1.0,1,6558.8,462011.1,11379.0,-3506.17993,11218.81,53146.0,70.0,1,35502.0,38116.0,20726.0,43,25,15700.0,28593.5,50112.0,11,0,75804.0,Y,7852.6,saving,M,44,MEDIUM,12.0,7,325.0,1,13.0
4337,10072,127.0,57828.63,25074.55,5930.27,2036.0,1950.24,4620.0,531.0,23,35,3,3,6,169000,1,1,1.0,1,262584.0,110000.0,130000.0,0.0,57240.26,25486.0,70.0,14,27825.0,32022.08,29148.72,9,7,31209.0,3310.46,19942.0,3,8,9555.0,Y,302.01,current,M,58,MEDIUM,3.8000000000000003,8,713.0,1,8.0
4338,11249,11026.0,3394.44,3994.8,3865.48,1095.4,3501.0,5721.0,8.0,32,35,7,71,58,345000,1,1,1.0,1,291969.2,180000.0,768.0,0.0,201506.4,16861.0,69.0,2,25049.0,57283.0,209387.0,4,20,9428.0,219528.3,49509.88,8,63,55197.61,Y,3500.31,current,F,47,LOW,27.0,3,249.0,1,3.0
4339,3863,5401.0,33085.34,81184.52,1964.5,2965.6,8400.44,20418.28,19.0,5,86,8,1,1,256000,1,1,1.0,1,111.4,110135.86,766.0,886.0,6042.0,74444.0,95.0,19,14927.0,167917.32,258927.38,6,12,300000.0,73936.5,60142.91,8,58,49366.43,Y,10158.25,current,F,32,MEDIUM,3.6,4,802.0,1,20.0
4340,7515,19130.0,27944.93,10809.0,11730.35,2854.0,16570.0,12776.89,100.0,66,2,47,55,8,272000,1,1,1.0,1,47299.5,170989.0,105000.0,6885.0,61016.0,21898.0,11.0,2,117591.0,46741.18,31945.09,7,20,77174.0,1597.26,735.79,2,106,1017.0,Y,1907.87,current,M,66,MEDIUM,18.400000000000002,7,700.0,0,18.0
4341,6882,209338.0,28269.46,2952.0,45523.0,2408.0,1073.0,2404.82,3.0,66,82,6,9,9,19000,1,1,1.0,1,168265.55,18300.0,13533.0,-4679.0,4.51,112561.0,40.0,2,26518.0,82887.39,26832.0,6,24,13069.0,51799.75,138130.0,6,17,18379.0,Y,4443.46,current,F,29,MEDIUM,1.8,2,957.0,1,6.0
4342,5668,14807.0,8959.0,12199.47,2721.0,3876.0,998.55,7291.0,101.0,1,50,3,1,4,50900,1,1,1.0,1,8043.25,50000.0,8060.0,1079.0,57622.35,45511.0,42.0,26,24006.0,60866.63,52077.0,47,6,142190.0,29740.0,15515.0,9,1,62979.0,Y,787.01,saving,M,33,MEDIUM,9.1,3,653.0,1,3.0
4343,5419,19079.0,33763.66,573.0,9704.06,17917.0,4047.0,499.4,6.0,99,3,5,38,31,119000,1,1,1.0,1,13180.0,86000.0,183999.0,903.0,96997.67,13551.0,35.0,4,71740.0,129024.7,34996.36,0,50,106349.4,24132.15,57487.0,9,50,15346.0,Y,2063.91,saving,M,37,LOW,8.5,6,746.0,1,13.0
4344,13159,10710.0,87607.0,5857.31,787.5,960.0,6131.945,3496.0,43.0,6,19,50,25,3,287000,1,1,1.0,1,53374.97,163.14,100000.0,19765.0,45929.75,19048.0,16.0,36,19471.0,33445.0,30240.0,1,59,193967.0,151816.7,127756.0,2,7,62979.0,Y,2172.56,saving,M,35,MEDIUM,13.5,5,858.0,1,18.0
4345,10044,292204.0,12231.61,36916.03,9940.12,12109.0,6881.81,1213.0,9.0,1,50,1,4,70,520000,1,1,1.0,1,331.2,232524.0,4198.0,5730.0,7877.86,24271.0,62.0,6,19250.5,44916.16,66907.0,1,14,7010.0,18473.75,244262.67,94,27,27718.0,Y,15141.26,current,M,64,MEDIUM,35.2,3,638.0,1,13.0
4346,16764,330988.0,11178.01,1420.76,3543.77,5122.0,6463.0,2229.0,7.0,22,112,50,25,3,595000,1,1,1.0,1,526.25,470000.0,36000.0,6885.0,134320.37,49421.0,90.0,0,36120.0,24435.0,16335.0,47,6,71780.0,1459.0,46.0,47,58,252105.0,Y,5147.5,current,M,219,HIGH,19.900000000000002,9,355.0,1,16.0
4347,11169,17942.0,31375.23,1132.0,8840.0,365.86,2830.88,23865.0,50.0,34,26,3,9,55,199999,1,1,1.0,1,168.75,95081.0,694.0,8572.0,41067.0,37312.0,29.0,26,30514.73,26973.46,190600.0,3,46,7125.97,18771.07,67937.29,8,61,900.0,Y,78966.76,current,M,55,MEDIUM,35.0,3,737.0,1,16.0
4348,12990,210819.0,18030.33,8230.0,4118.6,4758.1,14551.72,715.0,6.0,23,60,1,4,67,28000,1,1,1.0,1,447490.0,86868.0,6738.0,1444.0,81735.77,7726.0,11.0,1,67691.0,107664.25,129954.0,17,27,38955.0,33080.31,121114.0,5,103,35494.25,Y,946.63,current,M,33,LOW,3.9000000000000004,6,244.0,1,18.0
4349,1813,640.0,13928.0,18558.6,9570.5,856.0,41344.44,1497.86,6.0,66,87,20,2,25,119000,1,1,1.0,1,510.6,187788.1,13873.0,7478.0,29597.61,90807.0,4.0,36,12816.0,42127.8,37625.0,1,18,32127.0,40603.76,38154.14,1,0,18662.0,Y,173030.76,saving,M,51,MEDIUM,27.900000000000002,3,882.0,1,19.0
4350,7608,2869.0,7934.61,13230.0,34429.74,3985.54,10675.0,36786.03,28.0,23,46,57,18,3,512000,1,1,1.0,1,130319.0,87578.0,2644.0,2337.0,73353.67,30281.0,12.0,36,30954.0,160161.55,1528.0,2,20,14902.0,116938.14,22370.48,4,22,24065.0,Y,4726.83,current,M,34,HIGH,5.6000000000000005,3,249.0,1,16.0
4351,19493,11893.0,11214.92,23589.66,16847.23,38463.0,3807.65,14249.71,3.0,1,48,41,36,1,156000,1,1,1.0,1,272677.25,35000.0,1526.0,0.0,44858.15,45621.38,18.0,36,90601.0,7491.14,104038.82,2,5,20807.0,34828.21,62788.36,47,7,102309.0,Y,30340.33,current,M,66,LOW,36.800000000000004,3,686.0,0,10.0
4352,19090,11488.0,4918.22,49690.0,32037.4,3755.19,334.0,514.0,26.0,2,112,15,1,2,326000,1,1,1.0,1,31454.1,1187335.5,38599.0,1500.0,36312.18,150830.41,42.0,1,15555.0,74636.1,136536.57,6,59,42586.0,13417.79,16080.0,4,80,19220.0,Y,8671.07,saving,M,34,LOW,5.6000000000000005,10,314.0,1,15.0
4353,17581,14305.0,11484.86,4202.0,4808.0,1179.0,1608.07,5023.0,2.0,23,82,57,2,20,287000,1,1,1.0,1,124064.65,85058.0,2214.0,6885.0,49114.55,45271.0,42.0,17,44410.0,250229.9,91962.5,6,108,24561.0,85437.2,31199.0,4,37,8911.0,Y,8669.94,current,M,33,HIGH,13.0,5,863.0,1,9.0
4354,2665,166799.0,15536.24,8230.0,1838.55,3148.0,20382.7,3663.0,60.0,29,74,53,7,56,375000,1,1,1.0,1,83400.3,64491.0,25524.0,-4679.0,137449.5,132721.0,7.0,3,44587.05,45160.9,57668.0,3,171,51490.0,98685.63,141772.0,3,103,31935.0,Y,13486.59,current,F,37,MEDIUM,10.200000000000001,5,886.0,0,10.0
4355,16195,131657.0,5269.19,2433.76,15718.31,589.0,120620.58,20290.0,29.0,85,4,3,12,26,240000,1,1,1.0,1,34635.25,52000.0,50000.0,-6281.37987999999,38349.0,61578.0,5.0,3,57705.0,19177.0,128886.6,2,7,7047.05,107933.33,25571.0,3,1,20331.0,Y,3836.95,current,F,29,MEDIUM,0.9,5,743.0,1,20.0
4356,11213,56503.0,699.87,10981.22,6205.0,3037.88,10222.685,7597.0,6.0,36,1,3,15,1,53000,1,1,1.0,1,942327.7,589.39,155205.0,0.0,1375233.59,51363.0,18.0,6,21588.0,62210.0,47158.62,3,11,24338.0,2259.0,7210.0,6,17,22521.0,Y,5929.08,current,M,47,MEDIUM,10.8,2,588.0,1,4.0
4357,11220,18086.0,3791.11,554.0,6554.32,1733.86,7023.0,17681.0,92.0,39,7,1,45,1,393000,1,1,1.0,1,347309.75,118983.0,610000.0,-12179.0,38825.01,36714.0,39.0,3,18849.0,164224.51,179977.91,10,8,37353.0,67690.0,4399.0,13,8,14457.0,Y,5521.08,current,M,37,MEDIUM,10.200000000000001,1,394.0,0,8.0
4358,4965,19424.0,1235.12,2817.8,86954.12,7965.0,8724.425,5263.0,10.0,93,82,5,4,8,271000,1,1,1.0,1,265809.85,330001.0,30000.0,5464.0,32648.5,8196.0,63.0,5,34607.0,263711.06,64920.0,2,81,30080.0,147313.62,75279.0,21,8,54485.0,Y,13723.45,current,M,47,MEDIUM,13.5,3,658.0,1,6.0
4359,7150,8879.0,1098.31,885.5,23806.0,8642.0,2714.0,6205.0,5.0,2,82,3,3,81,524000,1,1,1.0,1,1982892.29,252369.0,51520.0,6613.0,94659.59,51911.21,32.0,2,119084.0,30697.5,58717.0,0,108,18471.0,112934.55,37749.83,5,72,24698.0,Y,5558.49,current,M,120,HIGH,50.0,8,395.0,0,7.0
4360,6473,18281.0,82700.93,138.0,9634.0,1149.0,6485.45,1798.19,6.0,3,29,3,2,4,256000,1,1,1.0,1,22086.05,31871.49,655.0,-5439.0,17110.87,46335.0,32.0,36,32915.0,9979.04,52827.0,31,13,108000.0,85187.97,50358.0,3,18,96905.0,Y,1303.14,current,M,32,LOW,10.8,6,488.0,1,6.0
4361,8733,9643.0,6161.5,811.0,30794.19,18445.29,10263.0,3800.79,5.0,2,32,7,56,30,255000,1,1,1.0,1,40440.4,111000.0,13533.0,4063.0,33555.39,37114.0,5.0,0,33243.63,6515.04,205457.89,20,9,151869.0,47874.59,325.0,16,24,32386.0,Y,1584.63,current,M,37,MEDIUM,6.800000000000001,4,809.0,1,2.0
4362,7218,25335.0,9256.95,23128.0,19739.34,1396.12,11308.2,3613.85,3.0,84,38,62,6,70,190000,1,1,1.0,1,4614669.901,100934.0,1209.0,-5998.43994,45946.23,22220.0,11.0,5,11715.0,10991.92,297.0,1,20,22815.0,69868.25,16582.0,12,103,23480.0,Y,1514.08,current,M,32,MEDIUM,8.4,4,258.0,1,13.0
4363,10559,4166.0,4636.15,362.0,9035.4,13091.06,11526.3,2658.0,7.0,84,70,4,18,12,16000,1,1,1.0,1,148705.0,242827.0,4699.0,1500.0,150138.38,164203.88,35.0,3,60319.0,23350.0,294715.0,2,12,31200.0,72418.84,68821.84,8,32,233795.73,Y,9970.54,current,F,120,MEDIUM,80.0,8,836.0,1,14.0
4364,16921,14122.0,3994.87,2773.0,33979.35,1412.0,69362.68,444.0,5.0,99,74,48,5,6,17000,1,1,1.0,1,510.6,5350.0,24619.0,-5998.43994,46692.41,4270.0,32.0,3,81874.0,27121.0,88416.0,6,6,34971.0,103352.5,68388.0,2,49,60315.0,Y,898.29,saving,F,30,MEDIUM,5.0,8,505.0,1,12.0
4365,5182,341860.0,11701.28,5554.0,1192.56,10455.88,75282.0,1961.0,6.0,10,10,50,21,16,173000,1,1,1.0,1,89908.8,146793.0,15477.0,2351.0,29466.25,124508.0,42.0,7,1950.0,22306.56,111533.0,2,16,20834.0,35650.32,66396.5,2,113,49468.0,Y,5642.53,current,M,60,HIGH,12.0,5,623.0,1,2.0
4366,317,8643.0,2143.29,993.56,24689.5,7996.0,28656.72,11893.0,4.0,85,14,24,6,58,520000,1,1,1.0,1,223000.0,185097.6,36000.0,5439.0,27377.67,280016.84,69.0,1,22654.0,138730.23,36180.0,2,11,189537.0,20652.99,13892.5,6,103,52042.0,Y,26172.65,current,F,32,LOW,2.4000000000000004,4,914.0,1,8.0
4367,16517,6901.0,25704.37,35766.02,11571.0,3376.5,15334.0,492.0,26.0,36,64,6,8,12,326250,1,1,1.0,1,1399.9,82907.34,2130.0,6916.0,58947.72,13322.91,72.0,1,83000.0,60866.63,58511.0,1,8,22060.0,37717.23,32014.0,1,0,23715.0,Y,12208.19,current,M,27,LOW,4.9,4,370.0,1,17.0
4368,9986,83389.0,5028.58,887.0,697.0,1544.75,361.0,8363.88,10.0,85,14,1,2,37,152000,1,1,1.0,1,19265.4,33700.0,30011.0,20324.0,41585.25,42103.0,4.0,7,51801.0,14802.1,80123.0,2,2,98066.0,29357.63,4499.0,3,79,29952.0,Y,626.63,saving,M,32,MEDIUM,3.6,1,394.0,1,9.0
4369,15926,8419.0,25019.0,1519.0,2592.0,3182.0,4391.955,5246.0,57.0,26,3,1,15,53,287000,1,1,1.0,1,3380.0,28000.0,49975.0,5730.0,60439.85,191622.58,77.0,43,108479.67,31241.22,17170.0,5,20,32343.0,60144.0,25858.0,2,7,28379.0,Y,1267.37,current,M,53,MEDIUM,29.700000000000003,7,245.0,1,6.0
4370,8254,15386.0,3162.7,4257.89,9616.25,2346.76,3893.3,529.0,4.0,46,9,24,31,4,271000,1,1,1.0,1,526.25,1024477.47,12000.0,2921.0,103747.58,66057.0,40.0,26,43584.0,131605.45,157888.0,2,171,74091.0,56349.56,244.0,3,63,15428.0,Y,1672.94,current,F,55,LOW,31.5,3,575.0,0,3.0
4371,11102,124038.0,16461.965,2814.0,74514.54,416.0,12729.075,2216.0,26.0,65,3,4,1,1,466000,1,1,1.0,1,173732.5,189246.0,13873.0,20513.0,56616.57,37892.0,42.0,36,42893.0,60990.02,10821.0,2,75,35083.0,14844.25,14633.25,44,11,11913.0,Y,60.45,current,M,34,HIGH,7.0,8,330.0,1,8.0
4372,2307,327255.0,6460.0,32843.55,52028.92,12825.85,6365.42,3920.25,4.0,29,32,1,15,80,476000,1,1,1.0,1,291969.2,15300.0,6100.0,903.0,25130.5,172183.0,32.0,6,102327.0,100473.09,27801.0,0,81,20879.0,55059.3,148337.79,1,3,28874.0,Y,5066.14,current,M,62,MEDIUM,12.600000000000001,3,653.0,1,18.0
4373,15787,3728.0,5759.25,482.0,2634.0,26053.19,9413.42,6768.17,8.0,46,49,48,15,8,267000,1,1,1.0,1,27324.0,68663.61,11545.0,7984.0,44778.59,120927.37,52.0,3,131842.0,30609.11,15146.0,3,82,281169.0,43724.25,163015.88,10,58,21346.0,Y,8265.28,current,F,58,MEDIUM,19.0,10,818.0,0,7.0
4374,2925,15761.0,21867.23,1046.52,6761.3,1168.0,31283.26,737.0,9.0,6,2,24,31,6,50900,1,1,1.0,1,39851.93,63000.0,183999.0,4063.0,185656.56,17283.91,11.0,43,15224.0,86844.8,58511.0,1,82,32001.0,39524.58,22885.0,6,113,27821.0,Y,13099.77,current,M,37,LOW,1.7000000000000002,7,908.0,1,11.0
4375,14842,182984.0,2743.0,10117.0,277233.88,7502.0,3822.865,17167.0,2.0,66,9,7,2,1,50900,1,1,1.0,1,144555.95,110175.0,50000.0,1444.0,85393.86,22466.5,10.0,1,35700.0,23432.5,15635.0,43,8,25160.0,10858.09,51029.0,22,100,24895.0,Y,5637.27,saving,M,32,MEDIUM,2.4000000000000004,4,708.0,1,8.0
4376,7951,19395.0,8092.54,18773.0,1597.29,3084.5,4477.05,114.0,80.0,36,72,5,1,64,84000,1,1,1.0,1,146931.8,200015.58,4000.0,-4664.0,2071.0,69574.0,4.0,2,30676.0,21911.0,20828.0,42,13,2495.34,52805.0,20762.0,2,24,24744.0,Y,221.72,current,M,42,MEDIUM,19.8,9,647.0,1,6.0
4377,7832,11196.0,1687.0,2405.9,4117.07,899.8,9456.0,7576.0,56.0,84,35,2,15,91,47000,1,1,1.0,1,38428.6,917881.54,12000.0,20324.0,37468.25,205652.0,11.0,0,53665.0,21639.0,175878.55,70,82,12431.0,162402.26,56991.0,19,63,17525.0,Y,24228.12,saving,M,33,MEDIUM,3.9000000000000004,2,656.0,0,7.0
4378,17617,6956.0,2782.69,3215.52,3128.0,7909.0,20432.145,2104.0,8.0,3,59,53,71,81,98000,1,1,1.0,1,100284.85,71944.5,8060.0,20513.0,121855.0,118613.0,69.0,2,9368.0,3921.3,58318.0,20,23,37376.0,30621.64,36227.5,41,35,76506.0,Y,1173.1,current,M,33,MEDIUM,9.1,9,268.0,1,4.0
4379,1786,5656.0,5328.84,11141.0,7696.72,8602.0,1896.3,5721.0,50.0,38,10,1,4,80,1000000,1,1,1.0,1,385.0,201000.0,48888.0,6885.0,54838.95,147758.0,62.0,2,82254.0,251524.64,143557.0,30,25,61524.0,38265.78,938.0,94,103,41712.0,Y,4172.08,current,M,49,MEDIUM,20.3,7,508.0,1,12.0
4380,14131,6068.0,3616.34,9339.02,8848.0,5607.28,44363.91,1702.0,26.0,85,89,18,7,20,359000,1,1,1.0,1,937.0,19000.0,7504.0,-4664.0,302.38,12569.0,11.0,13,39914.0,67182.67,120421.0,2,50,55455.0,50629.12,84486.35,19,83,12400.0,Y,8567.56,current,M,34,MEDIUM,8.4,10,755.0,1,5.0
4381,1247,2820.0,6850.0,3372.56,1508.0,1869.0,1186.235,3126.0,57.0,2,1,50,12,1,293000,1,1,1.0,1,298492.0,93.35,583.0,-5439.0,402204.96,24040.0,90.0,2,19646.0,29362.63,52222.49,6,14,23349.0,599348.98,28262.79,41,36,28257.0,Y,5271.01,current,F,56,MEDIUM,18.0,1,914.0,1,17.0
4382,17243,1870.0,21596.0,1292.0,15025.49,10317.0,15208.77,759.0,10.0,5,5,7,24,1,406000,1,1,1.0,1,41883.6,332000.0,25524.0,5773.0,91534.92,52792.0,62.0,30,19968.0,77712.0,33869.0,23,171,143880.0,35439.0,62929.0,22,52,18496.0,Y,226.41,current,M,33,MEDIUM,3.9000000000000004,1,363.0,1,15.0
4383,2650,7519.0,3306.09,18225.0,6655.86,3864.0,2879.0,2138.0,32.0,66,44,2,44,3,125000,1,1,1.0,1,138272.2,172131.0,536.0,20324.0,8322.44,37242.25,18.0,7,83396.0,29983.47,549450.57,11,13,50634.0,122736.25,132920.36,47,9,22250.0,Y,1522.69,saving,M,35,MEDIUM,12.0,1,588.0,1,17.0
4384,17188,11687.0,4853.0,9384.21,5085.0,5918.0,5796.56,660.0,6.0,99,16,48,2,47,329000,1,1,1.0,1,1053411.2,96096.0,583.0,5773.0,97581.91,33357.0,5.0,3,44304.0,13414.15,67084.0,11,108,89903.0,107514.0,21381.03,2,38,16490.0,Y,13986.99,current,M,33,MEDIUM,10.4,8,685.0,1,2.0
4385,8649,395071.0,13241.93,1289.0,10272.52,3816.0,2712.63,27985.1,17.0,18,5,1,2,98,150000,1,1,1.0,1,17829.1,48087.25,13873.0,3897.0,8404.9,32458.0,29.0,33,110850.0,53535.0,222103.8,10,70,22551.0,25357.75,44777.0,94,11,18560.0,Y,2694.34,current,M,60,LOW,8.0,9,858.0,0,5.0
4386,2075,327899.0,5339.62,2263.5,19555.68,916.0,6959.0,6146.0,1.0,3,30,25,2,47,599000,1,1,1.0,1,41883.6,189246.0,12016.0,5773.0,130083.91,164871.0,46.0,36,23666.0,90551.02,54911.0,6,50,30080.0,12093.25,180.0,7,61,197500.0,Y,10394.81,current,M,37,HIGH,13.600000000000001,4,818.0,1,6.0
4387,3152,17579.0,4852.69,2996.0,5941.88,1538.4,7488.0,1875.0,136.0,84,44,53,1,17,293000,1,1,1.0,1,250631.8,189246.0,105000.0,5340.0,69383.68,120197.0,42.0,2,111266.0,24881.22,44677.5,50,8,55083.0,47946.08,244447.36,39,13,2015.97,Y,2322.5,current,M,53,MEDIUM,26.400000000000002,4,536.0,1,4.0
4388,17093,128870.0,28154.38,15519.86,4863.55,2304.0,11784.465,983.0,67.0,19,3,18,4,70,156000,1,1,1.0,1,8043.25,1475000.0,54101.0,4856.0,25258.78,805.0,90.0,1,64477.0,83930.86,91769.0,3,82,9537.0,42164.87,63931.0,93,49,24616.0,Y,452.76,current,M,30,MEDIUM,4.0,9,956.0,0,4.0
4389,1717,7847.0,5320.3,9105.25,10419.58,2555.0,48579.44,4619.0,7.0,6,5,18,2,8,287000,1,1,1.0,1,9624.6,200926.0,56305.0,1500.0,12603.4,186681.0,55.0,26,40615.0,24798.99,28349.69,7,81,40121.0,66357.92,82344.0,2,39,12811.0,Y,3075.24,saving,M,27,HIGH,5.6000000000000005,7,928.0,1,15.0
4390,2388,92466.0,10719.92,201544.79,5085.0,4426.95,3155.0,14302.09,3.0,2,89,48,55,47,74100,1,1,1.0,1,28844.0,12000.0,12560.0,-5998.43994,13776.99,98584.0,42.0,2,37267.0,191122.16,79761.0,20,23,56355.0,22964.0,104964.1,6,11,21636.0,Y,32661.13,current,M,29,LOW,2.7,5,516.0,0,13.0
4391,16197,84436.0,20162.47,5653.07,6934.84,6036.89,5073.0,3314.0,24.0,601,4,24,14,11,302000,1,1,1.0,1,34112.0,470000.0,20000.0,1465.0,60244.17,94785.41,77.0,2,18011.0,28759.0,24428.0,7,171,19893.89,96547.71,28633.0,2,12,33606.0,Y,13234.22,current,M,30,MEDIUM,2.0,7,638.0,1,20.0
4392,19039,328057.0,4377.0,4493.71,4694.0,4100.69,4498.7,21126.0,136.0,15,7,4,5,79,461000,1,1,1.0,1,223000.0,6.0,678.0,10210.0,25950.79,144266.5,4.0,3,22357.0,14729.38,43140.42,11,108,12257.0,31566.92,426196.08,41,9,146400.0,Y,25375.27,current,M,32,MEDIUM,10.8,6,523.0,1,14.0
4393,1125,11970.0,1464.47,15425.16,1113.0,4586.13,11520.0,1611.5,5.0,30,67,20,27,2,298000,1,1,1.0,1,568.8,184514.0,5981.0,-5715.49022999999,45257.76,33446.91,11.0,3,33747.0,29316.83,49024.0,2,1,117144.0,10560.71,50337.0,4,101,27194.0,Y,991.42,saving,M,33,MEDIUM,13.0,3,914.0,1,15.0
4394,8524,355.0,25530.19,4398.5,3270.74,3572.1,23581.0,29748.06,7.0,10,49,1,15,47,369000,1,1,1.0,1,111.0,43545.0,24619.0,1079.0,61737.81,44951.0,39.0,1,61244.0,24795.18,42336.0,7,13,60448.0,29931.41,343.79,9,21,88545.0,Y,8261.16,current,M,42,HIGH,13.200000000000001,1,639.0,0,14.0
4395,11239,305799.0,17703.41,987.0,564.0,2551.0,23465.89,17621.0,32.0,7,11,51,1,44,34000,1,1,1.0,1,811000.0,82907.34,183999.0,-4664.0,120750.0,83878.0,42.0,11,28480.0,20178.76,2286.0,47,82,26901.0,799282.62,16728.0,4,12,6608.0,Y,405.12,current,M,32,MEDIUM,10.8,9,638.0,1,19.0
4396,8814,297731.0,49098.05,177.0,15494.0,354.0,11971.34,6829.18,10.0,36,87,50,24,10,232000,1,1,1.0,1,14574.8,143000.0,30071.0,6916.0,26848.5,35611.76,42.0,3,27592.0,23483.0,42412.0,43,108,8850.0,37546.75,76528.0,13,57,2450.0,Y,2997.44,saving,M,30,MEDIUM,10.0,10,614.0,1,17.0
4397,7645,18963.0,6638.47,9282.69,1372.3,6081.04,19275.58,5405.0,4.0,26,13,57,62,4,119000,1,1,1.0,1,5324.49,159415.3,6738.0,-4679.0,53652.22,33983.0,29.0,2,23022.0,47670.17,170908.0,24,11,6089.0,68408.14,42185.0,13,0,14999.0,Y,930.0,current,F,34,MEDIUM,12.600000000000001,1,233.0,0,10.0
4398,8636,3924.0,28601.54,391.0,1127.49,5759.51,7115.52,9684.2,2.0,18,47,2,3,42,252000,1,1,1.0,1,94493.75,191000.0,971.0,-3625.0,18384.13,59558.0,18.0,36,43731.0,40144.5,19721.0,2,17,17384.0,136932.53,12273.75,39,12,30107.0,Y,11717.93,current,M,38,LOW,1.8,7,385.0,1,13.0
4399,2364,7845.0,9392.14,10042.0,3419.56,3851.0,13173.0,6294.0,57.0,22,23,30,9,44,599000,1,1,1.0,1,87526.1,90829.65,6000.0,6916.0,109368.82,28601.0,1.0,3,20916.0,27676.0,93078.0,3,2,25366.0,39586.75,209949.45,2,73,6158.0,Y,402.19,current,M,53,LOW,16.5,8,574.0,1,3.0
4400,14680,6474.0,2916.0,703.0,7708.0,2618.0,7994.5,9034.01,124.0,9,653,20,1,53,47000,1,1,1.0,1,61186.36,446457.0,4895.0,977.0,25922.06,187284.0,16.0,31,12555.0,156305.06,62467.0,1,12,27646.1,132681.72,23647.0,3,39,108884.0,Y,11840.42,current,M,36,LOW,11.200000000000001,5,945.0,1,19.0
4401,860,240793.0,1332.0,5413.02,568.5,25584.0,4855.0,12261.34,2.0,1,49,25,4,79,525000,1,1,1.0,1,1910215.0,223379.4,583.0,-4664.0,79322.86,45084.0,77.0,26,33321.0,20073.25,33369.5,1,20,29790.0,32767.1,47454.16,12,6,173.16,Y,1040.65,saving,M,33,MEDIUM,10.4,1,796.0,1,4.0
4402,15501,5286.0,1667.0,2407.6,12220.01,6710.36,2421.49,1822.0,7.0,42,42,1,3,16,11000,1,1,1.0,1,825.0,210651.4,5981.0,-6885.0,447259.75,55062.98,27.0,19,96954.0,37403.5,51072.91,31,11,33356.0,47891.0,47145.0,6,11,31300.0,Y,2043.8,current,M,35,LOW,9.0,10,914.0,1,9.0
4403,13976,141780.0,765.5,1080.0,19620.98,1286.0,9736.11,4619.0,14.0,71,47,47,1,8,381000,1,1,1.0,1,1309500.9,157000.0,22000.0,5340.0,50496.17,41277.31,11.0,3,34617.0,58685.0,19897.0,20,108,38216.0,184013.5,51258.09,22,103,38613.0,Y,12780.44,current,M,37,LOW,13.600000000000001,10,447.0,1,17.0
4404,16999,3961.0,12764.0,17053.25,24528.34,1859.0,5288.75,1137.0,7.0,9,67,3,2,81,352000,1,1,1.0,1,25506.67,134000.0,48950.0,1411.0,13766.25,25448.5,18.0,2,16900.0,38341.0,79699.0,9,75,33533.0,28688.52,11136.0,43,12,29146.0,Y,4559.13,current,M,33,LOW,11.700000000000001,4,805.0,1,7.0
4405,2073,11834.0,923.0,14035.0,1549.5,2369.0,11497.29,9368.0,136.0,32,4,3,31,34,147000,1,1,1.0,1,6494.4,470000.0,49000.0,2337.0,33234.68,28672.16,11.0,4,44739.0,108.98,11245.0,3,50,14999.0,241083.15,35132.0,14,80,4400.0,Y,29143.23,current,M,33,MEDIUM,10.4,3,447.0,1,7.0
4406,4669,19257.0,32991.73,10916.0,846.98,3714.0,6430.0,9351.0,24.0,5,13,1,2,8,226000,1,1,1.0,1,47.35,5350.0,73501.0,0.0,113245.66,100275.0,69.0,15,64192.0,9386.78,158029.62,16,6,20369.0,51090.22,24232.0,12,58,27359.33,Y,2655.22,current,M,56,MEDIUM,36.0,1,748.0,0,14.0
4407,11616,19986.0,72380.17,6348.7,8846.84,8278.13,6423.92,2087.0,63.0,14,29,1,1,47,98000,1,1,1.0,1,9608.3,680956.4,3570.0,0.0,76772.26,48227.91,69.0,1,74155.0,98873.35,48485.0,70,20,110619.0,70601.97,105742.0,4,80,12512.0,Y,3608.93,current,M,66,MEDIUM,4.6000000000000005,6,588.0,0,5.0
4408,16336,17077.0,2296.0,735.49,15149.7,798.0,4324.91,1834.08,60.0,2,3,18,9,1,381000,1,1,1.0,1,1104223.35,45769.27,15477.0,977.0,45853.75,50727.0,8.0,1,53665.0,15144.0,69097.0,3,59,35596.0,8662.9,169346.0,3,1,15493.0,Y,15355.41,current,M,27,MEDIUM,4.2,10,683.0,0,11.0
4409,17508,2939.0,3450.0,12643.0,5822.95,4280.9,25210.0,4635.0,26.0,5,4,57,62,12,155000,1,1,1.0,1,2.13,95081.0,536.0,1332.0,60761.95,8031.0,55.0,7,25186.0,115962.59,201513.81,2,5,36682.0,45102.93,33533.86,3,7,7582.5,Y,3208.09,saving,M,56,MEDIUM,14.4,2,505.0,1,10.0
4410,15223,305823.0,29955.08,20258.0,6720.84,1764.31,11296.325,4101.0,2.0,6,64,7,11,1,199999,1,1,1.0,1,690.0,279637.59,25524.0,10210.0,247076.81,36367.66,84.0,4,183846.0,16484.26,40936.0,16,11,45438.0,1828521.13,586.0,14,32,33194.0,Y,17739.66,current,M,33,LOW,9.1,2,966.0,1,12.0
4411,6452,11149.0,35861.0,1548.37,50584.505,4783.08,2704.6,138715.43,7.0,85,50,1,16,5,326000,1,1,1.0,1,54860.05,82907.34,508.0,1500.0,22334.66,102906.0,77.0,36,74731.0,50134.45,33158.0,2,12,16359.0,36260.01,153125.0,21,25,181.0,Y,807.01,saving,M,30,LOW,4.0,9,686.0,1,5.0
4412,2351,9415.0,16791.22,2602.0,3238.67,9995.48,5427.0,1547.18,6.0,4,16,2,2,21,25000,1,1,1.0,1,811000.0,24703.0,9570.0,2000.0,57572.65,39199.0,11.0,1,31925.0,56934.02,57518.5,1,20,37308.0,56921.01,297640.0,3,50,14980.0,Y,1402.05,current,M,53,MEDIUM,16.5,6,708.0,1,15.0
4413,7927,11183.0,37836.92,6276.0,19606.5,9679.12,16459.0,4642.3,6.0,11,5,25,9,12,494000,1,1,1.0,1,111.0,589.39,90525.0,12415.0,116252.5,26203.0,103.0,36,16446.0,117006.58,30368.0,3,108,2018.0,203034.06,22171.0,2,68,60449.0,Y,4810.1,current,M,62,MEDIUM,33.6,3,583.0,1,15.0
4414,11448,16510.0,1918.97,4299.0,20282.61,17318.47,22771.0,1135.0,4.0,36,7,47,3,47,359000,1,1,1.0,1,291969.2,222222.0,1052.0,1500.0,53414.24,52400.99,46.0,7,45425.0,77163.27,130695.0,3,21,36999.33,51106.46,263604.22,43,103,25396.0,Y,169.0,current,M,51,MEDIUM,18.6,2,638.0,1,19.0
4415,17878,13199.0,5174.5,2024.0,1479.42,1005.0,2223.25,24148.83,32.0,18,38,23,51,54,199999,1,1,1.0,1,4500.0,103000.0,1097.0,12174.0,96036.81,74547.0,62.0,13,69242.0,36369.8,178761.0,1,63,74666.0,29138.74,153848.0,14,9,81722.0,Y,2733.49,current,M,222,MEDIUM,121.2,5,247.0,1,10.0
4416,12411,18118.0,10614.0,251.0,4855.92,744.0,6295.475,16092.6,19.0,85,5,1,2,4,380000,1,1,1.0,1,516.8,19000.0,8060.0,-5998.43994,3732.25,65974.0,94.0,3,50266.0,40056.75,229072.5,3,18,12922.0,95713.0,50297.0,3,104,38501.0,Y,1674.09,saving,M,37,LOW,3.4000000000000004,4,748.0,1,13.0
4417,12863,11514.0,816.76,2008.69,6696.5,20136.26,1513.805,5541.0,7.0,30,7,15,4,34,177000,1,1,1.0,1,67833.35,335948.0,766.0,3897.0,50312.41,19707.0,18.0,5,131842.0,49563.96,11184.0,2,8,63627.0,119014.0,1297.58,3,113,42222.0,Y,3974.65,current,F,64,MEDIUM,8.8,10,268.0,1,7.0
4418,10049,11296.0,13933.26,3250.0,11500.81,22378.16,31283.26,2860.5,15.0,6,53,2,1,4,47000,1,1,1.0,1,2242.35,12971.0,230000.0,903.0,13678.82,53251.0,69.0,2,4075.0,22957.29,281991.57,3,12,22944.0,24865.5,23427.0,3,65,22587.0,Y,407.55,current,M,29,MEDIUM,3.6,6,801.0,1,4.0
4419,7548,292163.0,3075.0,2033.0,14717.03,3516.0,11577.0,2935.0,15.0,30,653,2,1,74,0,1,1,1.0,1,360978.37,1423567.1,96558.0,10210.0,737.53,57605.0,35.0,2,22226.0,41635.61,257771.0,43,81,11736.0,55832.33,25001.0,2,15,178885.0,Y,7373.56,current,F,55,MEDIUM,3.5,2,836.0,1,10.0
4420,12005,16383.0,1180.84,1528.0,219152.52,23554.0,39617.0,786.0,7.0,6,9,3,2,11,44000,1,1,1.0,1,38566.25,110135.86,33774.0,10455.0,1055091.5,83755.0,52.0,19,313439.0,63059.37,39323.0,6,26,55088.0,34402.87,30377.0,62,104,26756.0,Y,882.47,current,M,56,MEDIUM,18.0,7,269.0,0,8.0
4421,9348,2044.0,11603.98,4281.1,17551.68,4402.34,748.0,11070.0,3.0,77,74,2,27,67,366000,1,1,1.0,1,97.5,650000.0,130000.0,173.0,108050.18,105317.0,18.0,3,89561.0,12510.32,50123.0,1,171,21747.0,5055.01,45424.0,7,101,14575.0,Y,3541.45,current,M,53,MEDIUM,9.9,8,887.0,1,19.0
4422,9295,14238.0,147860.72,8012.0,14533.48,4550.92,16121.0,631.0,8.0,30,86,2,37,13,293000,1,1,1.0,1,168.75,25404.0,16114.0,0.0,230169.03,50727.0,70.0,5,13548.0,21714.84,12758.92,8,34,38843.0,31543.99,34506.0,11,58,27480.0,Y,2161.22,saving,M,44,LOW,9.600000000000001,6,883.0,1,8.0
4423,10965,3550.0,8490.0,6107.0,58811.3,2249.0,22684.0,3800.79,46.0,2,13,18,60,55,327000,1,1,1.0,1,7089.7,95081.0,15756.0,4795.0,9747.25,50498.0,18.0,0,33466.0,870.5,56112.38,70,20,31083.0,48042.35,73781.47,1,3,26021.0,Y,46.3,current,F,118,MEDIUM,49.0,6,631.0,0,19.0
4424,8992,17599.0,9985.0,3994.8,28344.31,2542.0,16755.165,40728.0,5.0,23,50,1,2,4,16000,1,1,1.0,1,94493.75,138475.4,28912.0,5340.0,290261.23,40619.0,69.0,1,33159.0,1109.41,68985.86,17,5,74081.0,94367.0,41832.25,5,6,39412.0,Y,4625.45,current,M,30,MEDIUM,9.0,1,836.0,1,14.0
4425,12342,2174.0,7090.39,1973.0,8782.5,11619.8,7048.0,3487.61,15.0,10,6,42,4,55,302000,1,1,1.0,1,94493.75,170989.0,19400.0,1500.0,32053.13,54280.0,11.0,1,40632.0,29358.16,93492.0,5,69,4981.0,78181.75,30397.0,3,120,45603.0,Y,1102.42,current,M,39,MEDIUM,19.0,1,299.0,1,10.0
4426,8421,13084.0,5080.38,3659.93,7183.88,603.0,12360.0,13343.34,63.0,10,59,20,31,1,222000,1,1,1.0,1,13730.0,72796.1,936.0,2351.0,42728.0,127177.0,46.0,4,48134.0,17147.89,11183.38,2,8,66365.0,35473.0,50699.0,7,12,42702.0,Y,7412.02,saving,M,33,MEDIUM,2.6,1,267.0,1,5.0
4427,18351,18839.0,7314.5,4065.23,2829.18,1697.22,4176.015,7911.32,2.0,22,82,1,14,68,533000,1,1,1.0,1,1910215.0,624742.27,1630.0,173.0,71925.0,24789.0,24.0,30,30550.0,91991.85,31756.0,2,12,35557.0,216753.38,110414.0,12,124,53671.0,Y,36204.77,current,M,35,LOW,3.0,7,535.0,1,4.0
4428,17413,8419.0,13316.44,2024.0,18809.26,12238.6,17949.67,7569.0,26.0,99,13,7,25,47,47000,1,1,1.0,1,19866.0,53749.0,2156.0,1411.0,10954.19,30058.0,10.0,23,28955.0,91506.35,30266.0,11,12,87330.0,125294.96,41178.5,2,57,42543.0,Y,10900.95,current,M,39,MEDIUM,9.5,2,454.0,0,17.0
4429,324,1305.0,2545.44,11511.01,9058.7,1398.03,18041.0,2519.0,1.0,85,14,45,27,3,147000,1,1,1.0,1,10535967.5,172678.56,731.0,-4679.0,758030.89,56404.0,8.0,11,22237.0,31400.0,10601749.0,0,108,109775.0,47560.15,24884.0,7,22,51624.0,Y,4412.02,current,M,35,LOW,13.5,9,631.0,1,16.0
4430,16220,324424.0,14147.46,5468.0,6039.17,3307.0,24214.185,4177.0,6.0,85,35,8,3,2,100000,1,1,1.0,1,115.45,194099.3,536.0,-3506.17993,47471.0,14051.0,55.0,1,36633.0,1650.0,98891.0,10,20,6573.0,37230.29,304739.51,3,76,19373.0,Y,8004.35,current,M,35,LOW,1.5,2,370.0,1,14.0
4431,2702,15104.0,2662.4,1921.0,49748.8,4004.0,10866.275,371.0,3.0,60,82,7,21,8,369000,1,1,1.0,1,6440.0,330001.0,2214.0,1429.0,384097.0,217337.53,0.0,6,18164.0,44519.61,35668.0,11,5,29475.34,95308.71,43176.0,3,32,50953.0,Y,5847.93,current,F,27,MEDIUM,3.5,8,464.0,1,16.0
4432,17187,5385.0,2962.1,770.0,6062.6,6038.72,246.0,47769.21,5.0,65,59,60,3,30,599000,1,1,1.0,1,60050.0,101.24,12016.0,14509.0,48142.39,53795.0,40.0,17,89.0,257530.76,26994.0,2,82,14294.0,59846.95,30389.0,14,36,60517.0,Y,4190.07,current,M,37,MEDIUM,3.4000000000000004,2,684.0,0,3.0
4433,6778,36501.0,35698.14,31971.03,23565.32,4077.54,4349.0,15959.0,2.0,10,70,1,2,2,267000,1,1,1.0,1,385.0,201000.0,787.0,1500.0,76597.31,38691.0,7.0,1,20525.0,66948.0,40644.76,6,63,156312.0,34493.45,127756.0,6,100,19694.0,Y,2161.21,current,M,33,MEDIUM,13.0,1,408.0,1,4.0
4434,15219,171988.0,8927.0,3812.02,2650.08,11974.77,712.4,1955.52,3.0,71,67,8,2,47,302000,1,1,1.0,1,1831780.84,189246.0,6000.0,0.0,18325.44,34873.0,42.0,2,13451.0,25175.0,66087.22,45,171,33128.82,78637.23,33766.0,39,120,42636.72,Y,9921.56,current,M,32,MEDIUM,2.4000000000000004,3,424.0,1,18.0
4435,2860,20132.0,16379.78,3483.0,14980.58,22260.0,2270.0,2204.0,26.0,11,89,5,8,75,423000,1,1,1.0,1,125811.0,91747.0,1209.0,1014.0,71930.0,10155.5,10.0,1,25401.0,33770.5,19343.0,4,8,78137.0,5616.49,78398.18,21,42,275000.0,Y,718.02,current,M,47,MEDIUM,10.8,9,254.0,1,6.0
4436,4855,138500.0,7993.76,9171.0,6278.1,3697.67,21961.215,1416.0,10.0,42,4,3,2,8,75000,1,1,1.0,1,10006.2,446457.0,18389.0,5464.0,52947.28,158503.82,16.0,26,12517.0,25619.88,43288.0,5,78,60500.57,77069.96,51734.38,58,11,1157.0,Y,8757.9,current,M,34,MEDIUM,8.4,2,574.0,1,10.0
4437,13861,38955.0,9630.15,34886.72,28616.97,447.0,4829.0,5641.7,37.0,99,82,4,14,6,750000,1,1,1.0,1,825.0,108788.0,130000.0,-5715.49022999999,246096.64,337894.6,63.0,9,103341.0,34903.5,305082.0,7,171,19968.0,30238.43,31339.0,5,18,19850.0,Y,5469.79,saving,M,53,MEDIUM,26.400000000000002,3,366.0,1,5.0
4438,12655,16015.0,72193.7,2814.0,1418.0,18252.45,128140.57,5641.7,2.0,10,49,1,11,5,326000,1,1,1.0,1,6440.0,110135.86,59414.0,5730.0,140600.1,151397.0,16.0,15,40447.0,25535.75,18750.0,70,38,63302.0,31248.5,395.0,21,110,30520.0,Y,3323.63,current,M,64,MEDIUM,17.6,10,538.0,1,15.0
4439,9920,11231.0,673.01,8203.07,4902.42,2739.34,9191.0,3053.0,7.0,19,6,1,44,4,293000,1,1,1.0,1,806.25,120000.0,4812.0,1500.0,2439.13,26752.0,69.0,2,37067.14,67393.25,84667.36,9,8,23692.0,33020.31,47621.1,9,32,26666.74,Y,16.91,current,M,55,LOW,14.0,7,693.0,1,20.0
4440,8956,15525.0,25012.8,18077.0,957.0,10455.88,6889.3,30020.0,60.0,17,49,10,12,39,306000,1,1,1.0,1,89104.12,21698.0,25524.0,19765.0,22604.2,56689.91,2.0,9,35030.0,34688.32,14947.22,2,20,30619.0,101199.5,11072.0,7,113,166970.0,Y,1688.11,saving,M,60,MEDIUM,40.0,1,882.0,1,16.0
4441,13085,212373.0,26114.0,826.9,2118.0,14949.16,6541.77,1530.35,6.0,23,13,1,1,1,199999,1,1,1.0,1,8370.8,232524.0,96497.0,5773.0,30287.22,54163.91,11.0,3,47789.0,15297.88,18612.0,2,50,74259.0,13112.3,29250.0,9,80,36518.0,Y,34210.82,current,M,25,LOW,1.0,5,464.0,1,19.0
4442,8540,227806.0,13876.0,1334.0,74434.0,3908.14,2743.0,11070.0,1.0,65,4,18,18,6,324000,1,1,1.0,1,32200.0,82907.34,73217.0,1332.0,77161.0,93756.45,16.0,0,17623.0,11898.75,61150.46,1,108,3016.0,61862.0,85140.95,58,68,128170.0,Y,8185.22,current,M,66,MEDIUM,27.6,1,355.0,0,15.0
4443,1697,1599.0,2668.92,13098.21,905.54,287.6,13910.21,4061.0,3.0,2,84,1,2,1,350000,1,1,1.0,1,291969.2,46500.0,25728.0,-3506.17993,19959.89,117709.89,35.0,1,82254.0,61737.94,22594.0,11,25,35443.0,50072.53,89787.0,4,39,15342.0,Y,4961.08,current,M,33,HIGH,11.700000000000001,4,928.0,1,6.0
4444,9449,8308.0,69234.07,18474.03,5418.5,1749.0,6153.0,1697.0,10.0,8,59,22,1,1,17000,1,1,1.0,1,28482.5,167870.79,508.0,-5998.43994,54506.01,30034.0,29.0,6,24889.0,9028.09,15336.0,9,14,100.86,71872.32,20056.5,43,11,53589.0,Y,4976.62,current,M,33,MEDIUM,13.0,8,269.0,1,14.0
4445,14960,305388.0,21592.34,8762.0,4694.0,10310.76,4648.3,537.67,7.0,23,1,60,27,1,378000,1,1,1.0,1,510.6,28000.0,20887.0,-5998.43994,142165.04,59569.0,4.0,0,12057.87,36246.67,78446.0,70,4,33950.6,61590.0,49287.94,47,22,19086.0,Y,2180.35,current,M,28,LOW,8.0,3,488.0,0,20.0
4446,19093,317965.0,37442.0,446.04,70848.54,3748.5,8833.65,3225.98,44.0,8,32,3,37,3,272000,1,1,1.0,1,1982892.29,50000.0,50000.0,-402.0,55780.05,48227.91,63.0,0,25049.0,37623.22,82961.0,70,171,61182.0,30107.0,31247.0,4,6,21434.0,Y,60.45,current,M,30,LOW,7.0,3,594.0,1,12.0
4447,10052,11010.0,3217.17,2275.0,22004.64,342.0,5090.64,7332.0,1.0,83,72,3,8,42,533000,1,1,1.0,1,70712.6,76365.24,18389.0,1332.0,151317.28,78814.0,42.0,4,19580.0,2505.22,8613.0,3,8,288849.0,26322.4,2077.42,5,8,14830.0,Y,4120.51,saving,M,27,LOW,2.1,3,643.0,1,14.0
4448,7481,326559.0,6050.33,6698.01,4415.0,182.28,14754.715,3314.0,1.0,8,90,8,14,10,303000,1,1,1.0,1,13180.0,409168.15,851.0,8572.0,86549.8,16130.0,11.0,6,37514.0,80122.4,192294.0,17,75,1399.0,207087.0,31607.18,7,22,208849.0,Y,1615.51,current,M,56,MEDIUM,36.0,2,638.0,0,16.0
4449,1888,337233.0,546.03,128.5,17818.89,10406.5,2429.28,200112.0,32.0,69,1,3,6,4,199999,1,1,1.0,1,319201.67,119898.8,2019.0,24326.0,66233.55,134766.46,10.0,5,24716.0,22049.0,21016.0,43,5,525.0,23870.2,24237.0,12,10,10813.0,Y,1227.78,current,F,30,MEDIUM,4.0,7,883.0,1,9.0
4450,13834,2013.0,3437.3,8525.0,3542.3,2026.0,19535.1,473.59,63.0,71,1,4,18,81,102000,1,1,1.0,1,39851.93,376694.91,891.0,12415.0,35028.36,22673.0,59.0,2,20158.0,98101.22,161345.0,50,27,36982.0,59713.89,58597.38,1,63,8167.0,Y,617.24,current,M,37,LOW,10.200000000000001,7,385.0,1,20.0
4451,9342,33842.0,3183.93,20258.0,4817.87,3037.88,15763.04,3771.34,92.0,67,49,5,12,47,453000,1,1,1.0,1,71191.8,88482.8,3792.0,553.0,46083.65,205932.7,10.0,1,22449.0,22599.0,42267.0,45,25,23247.0,25906.55,16814.0,12,79,37553.0,Y,7997.95,current,M,50,MEDIUM,24.0,3,503.0,1,18.0
4452,14710,13563.0,7472.5,36486.56,25663.13,4387.0,4878.875,2289.0,1.0,42,23,11,1,26,461000,1,1,1.0,1,13279.75,61022.63,3975.0,3897.0,28215.75,6781.0,62.0,13,63861.44,19343.0,64489.0,4,5,22628.0,30507.5,88422.0,4,12,26732.0,Y,5503.63,current,M,33,MEDIUM,1.3,10,448.0,1,11.0
4453,4703,19542.0,7793.0,4236.85,8416.0,5401.0,10241.0,6482.0,44.0,50,84,1,18,1,427000,1,1,1.0,1,165907.57,217074.0,4367.0,-5439.0,83543.58,38030.0,11.0,1,43405.0,129737.0,88866.86,20,4,21184.0,58174.75,33257.0,27,21,51353.0,Y,44.4,current,M,66,MEDIUM,9.200000000000001,4,254.0,1,2.0
4454,8234,13393.0,7811.0,2038.0,30112.34,29884.0,3436.27,5946.66,6.0,84,5,10,2,6,170000,1,1,1.0,1,213557.15,189246.0,155205.0,3897.0,44828.92,59693.0,42.0,19,23397.0,27012.81,150993.0,1,6,18875.0,66025.91,78486.0,2,113,22419.0,Y,2456.15,current,F,60,LOW,40.0,5,300.0,1,11.0
4455,13058,1185.0,42397.32,4528.0,27008.0,2447.0,11126.0,144.0,100.0,7,14,5,2,2,199999,1,1,1.0,1,510.6,18000.0,15477.0,-5942.0,120950.76,37448.0,18.0,5,1808.0,55215.07,20870.0,6,50,37848.0,157741.5,91970.0,16,24,30400.0,Y,2414.24,current,M,53,MEDIUM,26.400000000000002,8,958.0,1,10.0
4456,9571,299377.0,7441.4,542.0,81060.05,7806.94,4226.5,866.0,8.0,22,13,3,2,34,195000,1,1,1.0,1,720551.4,245000.0,43798.0,167.0,39355.47,16772.0,20.0,1,15683.78,15423.62,78997.0,7,20,14032.0,376500.03,45604.29,11,124,18052.0,Y,43.77,current,F,44,HIGH,4.800000000000001,8,123.0,1,12.0
4457,5742,289546.0,18000.0,6485.25,18923.32,1828.96,13132.0,1704.0,531.0,11,89,1,45,79,255000,1,1,1.0,1,13849.4,6574.31,12000.0,2337.0,30047.74,4538.0,48.0,36,92905.0,263711.06,468894.0,4,81,26172.0,31108.88,116612.88,7,3,36490.0,Y,5718.26,saving,M,62,LOW,21.0,5,737.0,1,17.0
4458,7309,18783.0,37797.87,360.0,21988.22,4343.0,21221.7,395.0,4.0,5,50,47,1,12,218000,1,1,1.0,1,144293.83,38928.0,1633.0,-12179.0,17955.83,14716.0,32.0,36,37231.0,118952.15,76324.5,9,44,20235.0,195709.34,51548.0,2,57,31000.0,Y,203077.2,current,M,27,LOW,2.8000000000000003,3,488.0,1,5.0
4459,19019,12408.0,16745.0,7222.0,17204.39,433.0,79220.0,886.58,531.0,36,9,30,27,5,466000,1,1,1.0,1,57395.5,105000.0,2158.0,-6885.0,16715.0,72973.0,11.0,1,18295.0,46020.17,51037.0,6,23,12330.0,45620.67,1218.0,19,50,53166.0,Y,170.48,saving,M,38,MEDIUM,16.2,5,249.0,1,8.0
4460,7754,16396.0,42523.85,38290.5,13418.71,2346.76,7176.26,6069.0,24.0,3,10,1,36,2,297000,1,1,1.0,1,715554.75,134000.0,508.0,0.0,26433.0,132549.0,11.0,15,107175.0,26048.76,23836.0,2,24,81117.0,41752.48,129397.0,21,113,53743.0,Y,1680.63,saving,M,69,MEDIUM,4.9,7,574.0,1,13.0
4461,422,14653.0,801.92,3238.0,10233.0,570.66,1377.2,1864.64,1.0,10,13,1,16,91,293000,1,1,1.0,1,5468.0,71000.0,130000.0,1411.0,4086.45,50096.0,8.0,35,12048.0,50006.44,21274.14,43,81,61365.0,103006.65,30576.0,4,18,37842.0,Y,4706.28,current,M,42,MEDIUM,22.0,7,945.0,1,20.0
4462,14820,19560.0,40067.56,3553.0,7367.36,4906.0,5367.07,4840.67,3.0,30,13,50,1,6,100000,1,1,1.0,1,77855.0,470000.0,583.0,4314.0,141052.95,15427.0,6.0,3,16481.0,12247.5,13605.0,7,8,25134.0,30187.38,88794.0,42,6,31512.0,Y,2252.52,saving,F,47,MEDIUM,18.900000000000002,10,882.0,1,6.0
4463,2772,5779.0,833.49,2544.0,13434.52,3154.0,10227.0,26860.0,53.0,83,9,48,21,8,599000,1,1,1.0,1,5210.85,360000.0,20887.0,5730.0,95580.15,63213.44,69.0,35,34962.48,33906.35,35792.0,0,14,33038.0,119014.0,10119.54,2,38,25925.0,Y,2947.76,current,M,66,MEDIUM,41.400000000000006,1,269.0,1,3.0
4464,6338,1128.0,76869.43,5454.0,2106.0,1634.26,10592.08,7240.0,1.0,6,5,8,6,16,400000,1,1,1.0,1,8531560.0,11772.76,100000.0,35346.0,8485.25,82961.0,43.0,5,24773.0,29724.76,40970.0,2,13,86587.0,202230.17,26102.28,5,120,24023.0,Y,16256.92,current,M,33,LOW,2.6,8,537.0,1,16.0
4465,10703,11428.0,16494.01,4384.96,6192.0,2159.1,12487.0,11233.0,9.0,26,38,6,2,54,466000,1,1,1.0,1,12.19,253000.0,18389.0,-6885.0,28760.96,100342.0,32.0,4,48900.0,44189.0,7295.0,3,50,23100.0,11971.19,387320.0,14,1,38718.0,Y,1442.54,current,M,33,MEDIUM,5.2,7,883.0,1,13.0
4466,5991,9499.0,3068.3,17273.26,2260.5,7250.0,7836.74,23315.26,56.0,26,67,1,27,17,378000,1,1,1.0,1,65887.8,82907.34,16004.0,14509.0,301265.33,68348.5,43.0,1,22612.0,71102.19,99524.0,3,31,85989.0,76998.27,11948.0,49,107,11152.0,Y,3314.03,current,F,35,MEDIUM,4.5,4,523.0,1,17.0
4467,15654,1918.0,15755.03,487.64,2247.71,6977.09,3973.9,3184.0,4.0,5,64,3,2,3,125000,1,1,1.0,1,76780.0,50000.0,38599.0,5773.0,53073.98,31960.0,55.0,2,41108.0,128211.8,247591.0,5,25,17997.95,482317.59,70078.79,6,13,16879.0,Y,1659.82,current,M,36,MEDIUM,1.6,3,468.0,1,2.0
4468,8965,13437.0,9449.06,8486.04,2760.0,8772.63,22027.885,15647.48,7.0,6,60,3,56,42,472000,1,1,1.0,1,825.0,120154.1,20887.0,-5439.0,27227.0,18018.0,11.0,5,38311.0,76595.49,30158.0,3,23,34370.0,82738.54,99955.0,6,38,52800.0,Y,19439.66,current,M,47,LOW,2.7,2,683.0,1,3.0
4469,13444,14655.0,25064.22,220.73,8189.96,52669.95,14858.0,4980.83,17.0,34,89,1,14,12,272000,1,1,1.0,1,1424.5,22400.0,12000.0,1500.0,10412.25,34767.69,52.0,0,19399.0,91991.85,20839.0,2,77,299178.41,103686.17,56209.0,11,24,55108.0,Y,180049.6,current,M,32,LOW,4.800000000000001,9,966.0,0,20.0
4470,7347,15265.0,3390.69,10319.0,36138.86,26918.0,30096.0,3583.63,6.0,13,14,1,21,80,170000,1,1,1.0,1,116122.65,20098.0,597.0,5350.0,26773.97,19472.0,46.0,11,36884.0,21935.71,41564.5,0,8,31260.0,66703.99,238.0,40,83,101528.0,Y,23891.74,current,M,27,MEDIUM,2.8000000000000003,4,366.0,1,20.0
4471,13831,7298.0,15546.38,13508.51,7058.92,4100.69,6601.92,772.0,63.0,14,1,1,3,10,326000,1,1,1.0,1,47024.8,76157.6,610000.0,1411.0,94.92,48273.0,20.0,2,23197.0,23260.05,34483.0,1,81,27718.0,394034.09,70639.25,36,9,78.0,Y,6070.15,current,M,33,LOW,7.800000000000001,9,267.0,1,11.0
4472,16692,4501.0,4758.05,843.0,3581.17,3407.0,2290.48,6770.1,63.0,39,117,4,2,98,116000,1,1,1.0,1,18861.8,148150.33,2644.0,7478.0,48285.87,15272.0,46.0,4,45556.0,64351.5,62909.0,4,26,31416.0,133470.75,82575.0,8,103,28058.0,Y,1170.49,current,M,55,MEDIUM,35.0,1,270.0,1,5.0
4473,1357,8354.0,53051.98,20266.0,1917.0,7170.0,877.52,3431.0,3.0,77,105,8,1,1,256000,1,1,1.0,1,8554.5,470000.0,48950.0,4150.0,145692.51,25486.0,69.0,3,15315.0,20108.0,108209.0,2,63,39278.0,22406.84,61441.0,1,18,15885.0,Y,9144.14,current,M,31,MEDIUM,11.0,3,743.0,1,19.0
4474,542,21377.0,3424.49,4880.45,9374.12,2512.0,20285.18,2904.0,19.0,10,112,5,56,6,232000,1,1,1.0,1,750.6,59306.0,13873.0,-4679.0,4129.13,74485.99,11.0,3,17140.0,61344.56,6150.0,8,8,38055.0,149232.32,122570.0,3,58,101458.09,Y,1571.44,current,M,47,MEDIUM,16.2,8,355.0,1,16.0
4475,4403,16595.0,66252.74,7432.05,17391.0,2320.0,501.0,950.0,8.0,5,35,1,3,8,160000,1,1,1.0,1,1641785.0,861640.54,16114.0,6441.0,20798.67,1334.0,39.0,0,11794.0,56592.0,114450.5,6,20,31839.0,10390.4,40344.0,5,7,18119.0,Y,32868.59,saving,F,35,LOW,9.0,8,386.0,0,6.0
4476,10294,101416.0,20533.61,2602.0,198508.0,24041.13,10640.995,515.0,50.0,10,2,30,7,13,267000,1,1,1.0,1,161704.0,267421.4,5540.0,3735.0,37416.36,191.38,95.0,2,18415.0,109218.11,35985.5,6,12,66377.0,36117.58,10320.0,7,68,48242.0,Y,3883.87,current,M,67,MEDIUM,9.4,7,363.0,1,4.0
4477,5462,305499.0,12132.9,4275.53,13579.15,3409.8,10263.0,2288.77,4.0,43,16,20,8,79,150000,1,1,1.0,1,493682.5,16375.0,90525.0,12415.0,13904.0,1008.0,43.0,1,49400.0,16365.0,70822.0,1,82,15803.0,61590.0,31706.29,1,75,19858.0,Y,9348.46,current,M,29,MEDIUM,6.300000000000001,5,805.0,1,20.0
4478,10656,39438.0,37780.93,1425.0,56590.03,550.32,13061.055,326.0,6.0,23,6,5,2,47,400000,1,1,1.0,1,5215.0,141473.07,527.0,-4612.00977,85404.73,24084.0,5.0,13,22625.0,20120.5,139135.0,2,78,22150.0,51428.44,369000.75,9,11,14405.0,Y,1943.33,saving,M,36,MEDIUM,9.600000000000001,3,505.0,0,9.0
4479,8041,300987.0,1966.0,474.0,1586.0,3136.0,14705.965,657.0,63.0,32,59,1,14,39,480000,1,1,1.0,1,5210.85,589.39,639.0,1465.0,805706.25,46126.5,70.0,4,59423.0,24024.0,19653.0,43,20,45527.0,44133.3,60681.0,21,63,128170.0,Y,3907.5,current,M,34,MEDIUM,14.0,7,486.0,1,20.0
4480,5936,20401.0,5849.95,9923.99,1137.2,13227.79,33704.34,612.4,57.0,10,74,2,31,6,568000,1,1,1.0,1,6100.0,20000.0,8417.0,0.0,100015.25,82716.5,42.0,4,25019.0,46276.0,29731.0,4,20,4220.0,29300.52,30358.0,4,21,16879.0,Y,4225.86,saving,M,62,MEDIUM,8.4,4,809.0,1,15.0
4481,15011,4466.0,721.0,4630.01,4057.84,2438.45,8029.21,550.59,8.0,8,13,4,37,47,147000,1,1,1.0,1,41441.27,262556.0,16114.0,5464.0,78116.14,48320.0,52.0,23,19188.66,31475.55,200245.86,43,82,40692.0,29382.25,34692.0,4,73,63296.0,Y,7842.77,current,M,32,MEDIUM,7.2,10,805.0,1,9.0
4482,1677,19488.0,1441.35,3524.0,230.0,1876.81,3065.0,702.95,6.0,1,50,1,12,79,47000,1,1,1.0,1,120781.35,170989.0,2156.0,-6301.0,74859.67,182547.0,147.0,4,60137.0,8756.75,23261.0,4,5,247.0,97053.68,127253.0,62,7,12449.0,Y,1688.11,current,M,66,LOW,46.0,3,626.0,1,14.0
4483,9490,18343.0,45573.2,1176.2,37127.97,2876.0,11199.58,79043.0,59.0,4,110,8,18,79,10000,1,1,1.0,1,199690.5,138475.4,26241.0,0.0,272661.82,52752.18,77.0,3,36500.0,44576.75,60483.0,6,14,130500.0,66422.51,30358.0,1,0,11478.0,Y,4754.51,current,M,53,LOW,9.9,5,485.0,0,6.0
4484,3189,17800.0,34988.2,6598.0,3994.0,4257.0,20918.0,10079.9,1.0,4,2,1,2,1,463000,1,1,1.0,1,510.6,191000.0,24619.0,5340.0,125913.54,38779.0,55.0,3,19417.0,43612.06,18249.5,30,12,7081.0,350859.55,2818.0,14,52,28618.0,Y,2715.34,current,M,54,LOW,13.600000000000001,7,647.0,1,12.0
4485,1904,171549.0,11434.85,2033.0,1528.5,2086.64,8157.0,2141.0,44.0,13,50,1,5,16,290000,1,1,1.0,1,185669.2,170989.0,25524.0,5439.0,55197.26,49095.0,42.0,2,107228.0,17840.13,64402.36,2,14,59835.01,19466.22,126842.0,58,11,99652.0,Y,1982.4,current,M,27,MEDIUM,7.0,6,445.0,0,18.0
4486,9431,8853.0,29890.33,16117.0,9845.52,54559.52,3927.0,20956.0,6.0,2,3,2,3,68,47000,1,1,1.0,1,3638.25,31871.49,8333.0,3897.0,79335.94,90792.0,39.0,3,47362.0,35826.7,141437.24,2,25,29512.0,66538.02,109317.0,6,11,15293.0,Y,18010.21,current,M,37,MEDIUM,3.4000000000000004,2,867.0,0,18.0
4487,18493,14564.0,30438.11,16877.5,11203.84,12633.0,3179.955,654.0,8.0,1,44,30,2,64,127500,1,1,1.0,1,2666.4,158000.0,230000.0,20790.0,112571.75,855.0,16.0,3,149481.0,187.86,1072956.05,1,23,53350.0,23978.25,66462.0,2,63,1912.0,Y,1619.33,current,M,42,LOW,13.200000000000001,6,748.0,1,14.0
4488,953,9315.0,22964.01,3332.48,9492.31,22039.96,5417.85,1784.3,3.0,8,72,8,62,56,383000,1,1,1.0,1,13140.0,1084598.7,30000.0,5340.0,118073.65,50097.0,46.0,17,18168.0,10749.56,155972.0,6,20,26711.0,167361.15,43331.0,40,104,13786.81,Y,407.55,current,M,27,MEDIUM,5.6000000000000005,3,247.0,1,5.0
4489,11329,293826.0,28706.28,19070.7,23348.87,23627.0,1464.78,3531.0,5.0,66,7,1,3,81,400000,1,1,1.0,1,5457.0,25404.0,50000.0,0.0,40242.0,155805.0,11.0,35,33750.0,1210025.36,145211.0,8,20,51775.0,26149.25,50158.29,6,80,15764.0,Y,719.37,current,F,33,MEDIUM,2.6,10,762.0,0,2.0
4490,12647,17248.0,3141.92,63524.77,9054.33,2369.5,1743.0,2875.0,531.0,3,72,22,1,79,410000,1,1,1.0,1,48675.31,50000.0,2214.0,1079.0,44841.13,56225.0,62.0,2,510.0,16758.94,39902.0,4,82,40200.0,105135.14,59882.0,40,106,26415.0,Y,98408.42,saving,M,27,LOW,0.7000000000000001,2,535.0,0,5.0
4491,12868,14697.0,29606.25,1784.25,486.0,7426.48,1229.0,745.0,531.0,11,50,1,1,4,525000,1,1,1.0,1,7713.51,68663.61,4198.0,10210.0,60.05,72100.0,11.0,29,97328.0,49252.13,24342.31,2,70,20500.0,297444.0,1129.0,21,58,22422.0,Y,9104.72,current,M,30,MEDIUM,10.0,10,626.0,1,4.0
4492,11613,6869.0,7903.78,2651.33,5014.5,15602.0,16138.0,8697.0,12.0,29,44,2,5,47,147000,1,1,1.0,1,825.0,40000.0,78309.0,5439.0,48692.0,22969.0,2.0,5,48703.0,114026.07,44782.0,4,26,4035.0,58501.21,95772.29,14,79,608.0,Y,4212.58,current,M,53,LOW,26.400000000000002,7,233.0,1,4.0
4493,2325,398107.0,1020.0,391.0,2582.9,11733.7,5449.0,2520.0,1.0,47,61,3,60,81,576000,1,1,1.0,1,185669.2,157624.24,12016.0,173.0,192480.94,44979.0,10.0,11,20346.0,212213.56,54292.85,2,7,47625.0,60720.0,60923.0,1,1,67887.0,Y,9264.76,current,M,29,HIGH,4.5,3,836.0,1,11.0
4494,8581,8225.0,12997.36,2791.0,1725.75,6745.0,4033.065,1405.02,101.0,23,5,53,3,79,650000,1,1,1.0,1,60800.0,280000.0,16114.0,5464.0,20815.25,58301.0,59.0,25,34064.0,20396.45,217238.0,5,86,43291.0,31006.79,48870.03,5,49,30168.0,Y,3500.31,current,M,33,LOW,3.9000000000000004,3,904.0,1,18.0
4495,12450,335061.0,19219.42,2033.0,9825.44,2365.0,1900.24,3002.0,7.0,25,49,1,4,1,533000,1,1,1.0,1,60800.0,119831.0,800.0,8362.0,38880.82,190785.0,11.0,26,66494.0,153501.88,39044.0,3,28,27822.0,41416.88,541.0,7,83,49000.25,Y,3850.84,current,M,33,LOW,6.5,4,748.0,0,14.0
4496,8171,11044.0,725.5,2079.78,16655.7,11489.52,1971.0,700.0,6.0,1,74,44,1,16,520000,1,1,1.0,1,1940.45,234459.4,49975.0,-5942.0,127507.87,350.41,91.0,4,16466.0,49237.43,43629.0,4,5,47622.0,104276.13,213810.0,4,52,325294.0,Y,7060.08,current,M,35,MEDIUM,1.5,4,640.0,1,18.0
4497,11775,728.0,28188.96,3552.0,20927.0,1005.0,12905.495,19658.0,15.0,11,50,4,17,79,576000,1,1,1.0,1,186189.0,338430.0,73501.0,8572.0,84159.11,49686.0,70.0,5,16179.0,63509.0,88208.0,70,1,14278.0,270805.51,14264.0,3,57,110.0,Y,4932.09,current,M,66,MEDIUM,18.400000000000002,5,965.0,1,13.0
4498,17372,445.0,18764.5,2686.01,67301.49,13561.0,31172.285,1541.78,10.0,56,82,3,12,4,59000,1,1,1.0,1,293418.75,1024477.47,25508.0,5340.0,79266.75,31091.9,12.0,1,20343.68,61406.27,107471.77,50,171,64989.0,156315.3,703.0,8,63,250455.0,Y,4419.67,saving,F,33,HIGH,13.0,6,723.0,1,16.0
4499,5113,11002.0,10351.55,1811.06,17605.38,4643.21,22101.0,2404.82,44.0,8,87,4,8,20,505000,1,1,1.0,1,71191.8,68663.61,6100.0,0.0,12886.85,169930.0,103.0,31,145953.0,9272.84,47805.0,47,20,36128.71,10196.0,15164.0,62,18,16150.0,Y,13.98,current,F,33,MEDIUM,10.4,8,863.0,1,19.0
4500,19354,6702.0,47614.04,662.0,3855.0,5135.0,3379.255,5902.0,10.0,8,117,17,1,2,324000,1,1,1.0,1,124929.75,106398.0,78309.0,4512.0,13027.57,98038.0,16.0,3,50322.0,45292.0,98255.0,43,50,76714.0,35467.75,99587.03,7,18,350442.0,Y,3214.69,current,M,62,MEDIUM,29.400000000000002,7,249.0,1,12.0
4501,10518,332793.0,929.46,6432.0,3635.91,1592.0,1655.14,2537.64,6.0,65,50,1,5,98,525000,1,1,1.0,1,9220.2,15300.0,2019.0,-4679.0,64339.57,30622.0,11.0,3,69836.0,150448.9,50121.0,4,81,32951.0,10293.78,186489.0,58,83,81936.44,Y,257.63,current,M,60,MEDIUM,32.0,1,523.0,0,14.0
4502,19205,86362.0,2302.0,14361.0,11967.0,4274.84,1381.5,2276.0,66.0,30,67,25,1,80,116000,1,1,1.0,1,120285.0,48087.25,73217.0,10455.0,39584.62,18316.0,5.0,7,17763.0,16522.81,72466.0,4,20,40960.0,85404.73,65529.0,6,25,69892.0,Y,9233.31,current,F,33,MEDIUM,13.0,1,700.0,1,20.0
4503,4507,13399.0,7073.52,1837.0,2838.5,6966.0,41044.0,1014.0,19.0,5,49,1,7,56,599000,1,1,1.0,1,8209320.0,3.0,6100.0,5730.0,90585.75,90792.0,42.0,43,48719.0,26317.75,27326.0,6,8,22169.0,53889.45,45347.5,8,1,27036.0,Y,54534.71,current,F,42,MEDIUM,8.8,9,354.0,0,14.0
4504,17934,20121.0,13772.86,2515.0,17892.36,7610.0,2816.5,6032.0,10.0,77,5,44,2,79,329000,1,1,1.0,1,111.4,655638.0,18389.0,0.0,8287.34,36958.5,6.0,17,28950.0,66645.58,114189.0,31,12,164328.0,91958.4,78753.0,4,24,38242.0,Y,59699.94,current,M,33,MEDIUM,6.5,5,686.0,1,9.0
4505,16671,343149.0,5427.54,7745.0,9004.25,1830.0,11720.89,201.0,44.0,3,27,1,5,1,75000,1,1,1.0,1,1038501.78,84.32,925.0,1079.0,16313.0,61693.41,103.0,29,143692.0,78855.93,317261.0,1,77,44866.0,57095.97,63143.0,3,50,15656.0,Y,5248.63,current,F,32,LOW,4.800000000000001,4,801.0,0,20.0
4506,17216,5113.0,16126.12,2001.0,35893.3,4280.9,5927.105,9450.85,100.0,16,47,1,15,1,287000,1,1,1.0,1,86865.0,1425000.0,500718.0,-5942.0,79706.01,78610.54,87.0,1,105079.44,50922.88,53003.0,0,21,10205.0,4615.2,60763.0,3,63,12647.0,Y,799.96,current,M,34,MEDIUM,1.4000000000000001,5,538.0,1,13.0
4507,8020,18986.0,2640.0,2873.0,10914.0,15091.0,4970.24,6324.0,4.0,10,135,18,1,75,528000,1,1,1.0,1,46451.38,69370.0,29542.0,35346.0,88056.54,3604.83,11.0,4,26350.0,30318.69,27303.0,3,13,243528.0,67591.48,1768645.21,2,8,12223.0,Y,834.09,current,F,53,LOW,9.9,4,743.0,1,16.0
4508,15970,14549.0,8414.64,6359.0,22301.77,2181.0,2047.0,20455.0,44.0,99,84,1,36,7,293000,1,1,1.0,1,71020.5,90829.65,1515.0,10210.0,21165.99,873608.92,11.0,7,16980.0,116074.75,1420.0,1,8,30080.0,18545.88,847.0,11,10,10416.0,Y,14335.96,current,M,50,MEDIUM,6.0,8,258.0,0,3.0
4509,5684,329600.0,68454.17,5431.86,11330.0,3994.58,7940.0,2288.0,12.0,29,46,1,5,54,218000,1,1,1.0,1,11073.0,64491.0,16114.0,3897.0,76960.09,55021.0,35.0,7,21496.11,93696.4,113262.5,2,82,26083.0,23783.0,38067.38,4,13,28805.0,Y,4706.28,current,M,53,HIGH,26.400000000000002,1,508.0,0,19.0
4510,10910,5360.0,18612.75,128.5,7195.0,1409.05,4034.99,11432.0,1.0,65,35,47,2,9,212500,1,1,1.0,1,3101.3,5241.0,36600.0,0.0,84275.64,26674.0,29.0,36,72304.0,47611.67,62942.96,1,20,39652.0,51619.25,166847.0,94,13,39373.0,Y,2256.0,current,M,63,LOW,4.3,4,748.0,0,20.0
4511,4612,18541.0,4672.61,7664.15,1784.5,4118.0,43469.01,2890.0,2.0,9,13,7,5,26,425000,1,1,1.0,1,67833.35,120541.0,925.0,903.0,50521.37,55048.0,0.0,30,51801.0,78437.38,47158.62,3,23,53137.0,51799.75,34920.0,2,12,84866.0,Y,3416.76,current,M,30,LOW,7.0,7,748.0,1,8.0
4512,6134,3266.0,21510.77,1930.0,16617.96,16999.17,3469.94,1322.0,18.0,13,7,1,3,47,366000,1,1,1.0,1,8762.96,110135.86,28913.0,8572.0,12191.24,21632.37,32.0,2,12671.17,28932.0,43189.0,3,46,278302.0,34180.0,2779.0,2,52,102332.0,Y,239.12,current,M,32,MEDIUM,10.8,1,574.0,0,16.0
4513,301,18791.0,8923.0,1447.0,25504.92,3446.76,14661.77,9488.52,5.0,85,29,1,56,1,232000,1,1,1.0,1,33111020.0,182359.2,50000.0,5439.0,81007.22,408030.0,32.0,2,23080.0,36621.69,10053.0,43,82,67048.0,39458.97,152.0,12,20,19363.0,Y,10759.85,current,M,44,LOW,14.4,3,464.0,1,20.0
4514,1778,5500.0,15850.42,2504.0,9940.12,12996.4,798.02,7868.0,531.0,7,47,4,46,64,17000,1,1,1.0,1,148705.0,159308.0,54101.0,1500.0,43923.9,680049.0,46.0,4,47364.0,7123.15,32361.0,9,8,36493.0,52585.16,31307.5,3,18,48529.0,Y,8658.4,current,M,30,MEDIUM,9.0,10,686.0,0,4.0
4515,3336,18539.0,3744.0,1730.0,18870.28,26804.0,8877.0,3081.0,6.0,77,7,1,23,1,660000,1,1,1.0,1,51291.45,330001.0,50000.0,-5998.43994,95810.45,24481.78,5.0,4,73272.0,30728.42,370725.0,0,26,103753.0,17633.13,6546.0,40,3,14892.25,Y,5905.91,saving,F,35,MEDIUM,1.5,4,307.0,1,19.0
4516,15966,5579.0,12385.43,5979.58,6501.0,14548.0,9676.4,1751.0,5.0,26,74,1,1,47,340000,1,1,1.0,1,48230.5,1425000.0,49975.0,-5942.0,62325.99,32372.0,23.0,2,26345.29,33855.65,44325.0,4,108,34564.0,9348.46,73395.63,6,13,43052.0,Y,7655.67,current,M,30,MEDIUM,4.0,5,644.0,0,16.0
4517,13755,137390.0,3963.43,18434.63,61130.69,2379.0,2930.83,3778.0,531.0,2,32,50,4,1,352000,1,1,1.0,1,1674.4,64491.0,11545.0,10210.0,172727.33,50353.0,46.0,3,17583.0,23339.79,59900.5,50,81,25898.0,146.0,25443.0,36,104,122190.0,Y,16220.84,current,M,118,HIGH,58.800000000000004,4,372.0,1,5.0
4518,8960,12199.0,2552.93,941.72,13488.0,4644.0,1374.5,808.0,10.0,29,9,2,1,30,294000,1,1,1.0,1,35280.0,97523.61,126001.0,903.0,63137.01,54172.0,10.0,2,86417.0,67996.25,67243.74,7,84,33328.0,21587.0,21326.0,21,106,271257.0,Y,5048.42,current,M,28,MEDIUM,4.0,3,968.0,1,3.0
4519,16856,406190.0,864.0,4850.0,32181.0,6052.75,20283.07,4032.0,531.0,84,74,1,3,22,400000,1,1,1.0,1,223000.0,1024477.47,28912.0,-6885.0,116231.56,35470.0,46.0,2,19421.0,12868.3,26727.4,9,21,38903.0,3779.11,20364.0,3,13,94841.21,Y,12727.24,current,F,37,HIGH,1.7000000000000002,7,394.0,1,12.0
4520,7497,4191.0,26885.58,6253.73,3533.24,8711.75,9169.12,1611.5,4.0,34,87,5,4,28,199999,1,1,1.0,1,67833.35,25404.0,50000.0,5340.0,79307.35,110034.0,89.0,0,47937.0,153962.83,20056.0,42,82,32478.0,119105.68,42760.0,58,3,28175.0,Y,3114.3,current,F,37,MEDIUM,8.5,10,385.0,1,10.0
4521,17183,25803.0,50352.75,16031.0,138757.76,2418.0,6125.66,3111.0,67.0,3,19,44,2,80,272000,1,1,1.0,1,544500.0,88482.8,694.0,-4664.0,12048.0,24084.0,4.0,4,17139.0,69784.22,219522.0,17,5,2018.0,10382.75,73944.0,21,58,860.0,Y,1123.12,current,M,47,MEDIUM,8.1,10,859.0,1,7.0
4522,8709,391603.0,18176.5,355.0,22183.0,1460.0,1626.0,7237.0,15.0,4,16,1,2,3,130000,1,1,1.0,1,26218.0,157000.0,6146.0,553.0,40816.12,185852.0,87.0,4,40922.0,19475.0,33759.0,4,171,24969.0,62663.0,49250.25,5,76,59790.0,Y,3500.31,current,M,66,LOW,18.400000000000002,5,614.0,0,18.0
4523,439,179315.0,57668.48,2405.9,841.9,42546.75,259.0,10194.0,8.0,36,11,1,3,26,58000,1,1,1.0,1,75240.45,111000.0,7504.0,12163.0,39671.4,33024.0,11.0,31,94264.0,234396.0,2254.0,6,11,32356.0,39998.13,57174.0,12,50,16081.0,Y,5169.95,current,M,47,MEDIUM,18.900000000000002,8,969.0,0,16.0
4524,7581,1337.0,21043.37,484.02,3176.5,6581.0,5561.0,37001.45,44.0,11,29,1,21,1,567000,1,1,1.0,1,825.0,191000.0,925.0,5340.0,26389.76,328480.0,24.0,19,16900.0,13565.58,275753.0,7,4,34048.0,56786.58,63126.0,94,7,41427.0,Y,2823.26,current,F,66,MEDIUM,36.800000000000004,2,653.0,0,7.0
4525,16791,4750.0,7295.53,83.0,25830.34,13439.0,3183.27,2236.0,10.0,6,67,23,7,1,100000,1,1,1.0,1,2666.4,111000.0,851.0,1992.0,191865.09,38691.0,18.0,0,36072.0,363251.38,114880.18,1,82,74515.0,46022.5,27338.0,6,38,15247.0,Y,1442.54,saving,M,40,MEDIUM,8.0,2,233.0,1,19.0
4526,8483,12011.0,4088.81,411.0,3244.61,2739.34,25537.74,1914.0,4.0,16,17,7,4,1,147000,1,1,1.0,1,71191.8,470000.0,4000.0,1500.0,16592.89,149202.09,29.0,35,30056.0,3816.0,90534.0,6,108,14441.0,56913.5,646.0,12,57,28058.0,Y,5483.24,current,M,37,MEDIUM,11.9,6,488.0,0,3.0
4527,598,5723.0,31661.68,2550.0,1951.04,7331.0,7932.0,4689.21,53.0,26,52,53,2,42,430000,1,1,1.0,1,2.13,61022.63,16215.0,4795.0,18229.0,260149.0,6.0,5,25968.0,36573.99,13617.0,1,13,46575.0,24470.82,33026.0,2,10,106539.0,Y,13467.18,current,M,32,MEDIUM,3.6,8,805.0,1,20.0
4528,14024,19823.0,14058.86,11327.9,17527.79,1178.0,23570.0,814.0,1.0,10,60,47,1,10,466000,1,1,1.0,1,249060.0,100000.0,25728.0,0.0,47190.39,44305.0,90.0,3,48041.0,80307.02,22708.5,11,4,44513.0,18847.0,32197.75,4,22,35591.0,Y,2844.1,current,M,34,MEDIUM,4.2,2,123.0,0,6.0
4529,13272,7753.0,1703.09,3076.05,4014.51,1900.33,4476.9,634.0,2.0,11,49,8,4,1,130000,1,1,1.0,1,370776.0,117890.0,6738.0,-6281.37987999999,43123.55,23434.97,24.0,4,18837.0,5204.73,81511.5,1,7,39125.0,41772.22,9457.71,2,80,39549.0,Y,3009.11,current,M,31,LOW,4.4,10,535.0,0,8.0
4530,15513,30646.0,3917.2,703.0,22496.0,5682.2,14500.0,1370.0,66.0,10,32,8,6,30,156000,1,1,1.0,1,20049.0,76157.6,4699.0,-4679.0,56524.0,51746.0,11.0,0,44925.0,220429.63,264496.0,3,1,27768.0,27354.56,29200.65,49,104,18052.0,Y,4297.86,current,M,29,LOW,9.0,4,855.0,1,12.0
4531,6566,7173.0,13296.62,2263.0,34552.56,3125.0,6100.0,3718.67,67.0,7,102,17,1,8,25000,1,1,1.0,1,6494.4,142608.5,78309.0,2921.0,14315.56,48242.0,8.0,0,27066.0,42779.22,14232.0,17,34,33081.0,26289.67,26949.77,13,106,17752.0,Y,1007.09,current,M,60,HIGH,24.0,5,766.0,1,7.0
4532,14128,12477.0,5829.72,875.0,5264.5,6292.0,8647.0,4781.52,56.0,71,102,52,1,42,219000,1,1,1.0,1,23669.0,11897.0,11379.0,0.0,32598.69,28915.68,42.0,3,12615.0,154676.33,32450.67,4,63,20369.0,35819.92,41661.0,6,14,38578.0,Y,13969.57,saving,M,40,LOW,8.0,10,966.0,1,5.0
4533,15282,101211.0,1913.0,7270.9,66291.78,211.73,3636.0,11923.0,2.0,36,1,44,2,6,505000,1,1,1.0,1,76122.87,399.09,68000.0,7478.0,84.25,16837.0,63.0,35,12896.0,38973.69,107220.0,3,63,21850.0,40775.6,35793.0,58,32,452.0,Y,13043.34,current,F,54,MEDIUM,13.600000000000001,8,748.0,0,10.0
4534,4946,164828.0,19062.0,3518.0,8561.61,605.0,14292.15,4281.0,12.0,22,74,41,15,16,520000,1,1,1.0,1,41883.6,96096.0,6100.0,8723.0,70777.88,33151.48,46.0,30,78500.0,30636.73,117017.78,4,108,20642.0,135884.73,30461.0,11,0,157908.0,Y,1333.46,current,M,38,MEDIUM,9.0,6,372.0,1,15.0
4535,8972,8912.0,6971.75,2342.52,736.09,1439.42,16053.0,3891.73,25.0,1,79,3,3,25,556000,1,1,1.0,1,3247.5,64491.0,5591.0,5730.0,19940.25,109723.0,55.0,1,33700.0,7031.88,273676.0,1,12,52971.0,84135.45,59005.73,12,75,15989.0,Y,9075.47,current,M,46,LOW,2.6,10,966.0,1,10.0
4536,12348,13158.0,17302.26,814.89,21408.0,10735.05,7118.51,2164.0,3.0,1,3,39,9,31,466000,1,1,1.0,1,127004.3,267421.4,183999.0,20790.0,21172.09,71227.0,42.0,26,40544.0,280417.16,79264.31,2,46,24096.0,101820.57,239736.0,6,35,35843.0,Y,1691.85,current,M,49,MEDIUM,17.400000000000002,1,626.0,1,13.0
4537,10244,2061.0,27567.17,25581.2,6285.0,3063.0,22042.5,3431.0,63.0,3,10,82,6,70,345000,1,1,1.0,1,1238.65,205032.06,11545.0,0.0,19405.31,174913.0,16.0,1,27731.0,79524.5,45240.0,9,82,65283.0,75812.41,55296.0,58,65,62847.0,Y,12002.8,saving,M,53,MEDIUM,9.9,7,245.0,1,12.0
4538,7565,19104.0,6046.54,34325.0,3208.31,431.0,1474.0,233.0,6.0,36,60,57,62,42,524000,1,1,1.0,1,146931.8,222222.0,50000.0,886.0,73198.75,28428.23,42.0,4,39638.0,24558.59,10291.0,0,82,950.0,36733.56,101245.0,62,83,103814.0,Y,2261.5,current,M,33,LOW,11.700000000000001,4,887.0,1,16.0
4539,6697,88750.0,22235.73,22726.0,80169.0,1975.29,2828.5,2829.0,44.0,83,71,2,3,41,1000000,1,1,1.0,1,10725.8,79828.0,96497.0,418.0,57240.26,573478.13,77.0,7,195603.0,14407.24,2891.0,1,12,69243.0,19647.35,30358.0,2,11,13797.0,Y,3531.58,current,F,25,MEDIUM,1.5,2,324.0,1,12.0
4540,19693,6197.0,590.5,1060.36,1680.76,2157.0,15982.715,5256.0,92.0,22,4,5,2,8,167000,1,1,1.0,1,13732.93,300000.0,45000.0,-5439.0,30999.0,37768.0,18.0,2,42204.0,75797.45,42526.0,70,78,44154.0,44259.76,24016.0,7,57,58757.0,Y,362.15,current,F,40,MEDIUM,12.0,6,505.0,1,6.0
4541,4937,8935.0,28450.13,5415.0,10318.13,777.57,5116.0,4695.52,12.0,84,6,6,3,1,461000,1,1,1.0,1,26502.28,62606.0,25002.0,10455.0,24594.0,26811.0,90.0,5,26179.0,79172.75,115175.0,9,5,29191.0,51441.24,185029.0,21,11,6695.95,Y,5299.11,current,M,69,MEDIUM,9.8,4,766.0,1,18.0
4542,10732,13085.0,1301.39,12742.0,3296.73,2699.77,12877.0,46180.0,6.0,71,4,1,2,56,100000,1,1,1.0,1,299813.4,482147.0,50000.0,12965.0,13555.54,59120.0,40.0,1,37200.0,124564.47,214097.74,4,8,42667.0,89307.1,21135.0,2,43,22465.0,Y,1200.04,current,F,32,LOW,1.2000000000000002,2,924.0,1,6.0
4543,10344,13782.0,1594.0,2232.84,56342.34,3493.4,4847.0,1106.94,10.0,65,35,24,4,5,481000,1,1,1.0,1,2184.0,51000.0,8333.0,0.0,19311.07,3592.61,10.0,26,20216.0,58411.71,63963.65,9,11,36988.0,26576.0,25405.0,14,38,20601.0,Y,3136.48,current,M,33,HIGH,10.4,9,921.0,1,12.0
4544,17008,3336.0,3401.285,4770.0,1934.77,1583.44,2841.67,11355.0,1.0,6,1,57,25,98,83000,1,1,1.0,1,1080.75,167870.79,130000.0,10455.0,46667.64,19501.0,20.0,28,18720.0,86625.13,36884.8,1,34,60190.0,253485.58,28288.0,21,68,27036.0,Y,13709.2,current,M,47,LOW,13.5,2,466.0,1,13.0
4545,16611,869.0,12266.68,2987.75,49444.95,104123.06,930.52,6117.0,4.0,17,74,18,1,18,290000,1,1,1.0,1,13732.93,2436.91,492.0,6916.0,18823.25,218172.0,40.0,4,27768.0,324980.0,222828.0,4,50,19684.0,31784.32,56116.0,16,10,35360.0,Y,8486.25,current,M,32,MEDIUM,10.8,7,374.0,1,20.0
4546,14297,12185.0,1867.55,1027.0,36559.22,3755.0,14095.92,4376.88,4.0,77,32,15,55,56,369000,1,1,1.0,1,1466675.0,141473.07,4699.0,2351.0,25634.0,15433.0,67.0,1,12166.0,102266.7,43152.0,35,81,28445.0,4044.0,55493.0,7,68,203134.0,Y,23307.48,current,M,37,HIGH,15.3,7,268.0,1,16.0
4547,10152,218877.0,10513.63,3092.14,2105.17,1930.0,505.8,877.0,5.0,85,27,62,11,12,44000,1,1,1.0,1,9649.6,76157.6,4000.0,-4679.0,462423.5,33305.5,11.0,19,51975.0,97996.56,59759.0,4,82,29149.0,258681.0,17891.0,4,49,24698.0,Y,4553.41,current,M,33,MEDIUM,11.700000000000001,1,805.0,1,14.0
4548,11005,14471.0,56001.71,21997.5,1474.59,6966.0,6298.875,3379.82,4.0,36,5,2,44,1,34000,1,1,1.0,1,9717.55,6574.31,50000.0,10455.0,27287.85,88532.0,4.0,26,5000.0,34307.1,242634.6,1,6,40578.0,159307.29,166776.0,3,38,44400.0,Y,8467.11,current,M,46,MEDIUM,5.2,7,748.0,1,6.0
4549,10092,14923.0,3807.92,7270.9,4940.0,1544.75,2429.28,1127.0,17.0,2,2,2,38,34,483000,1,1,1.0,1,151000.0,961916.9,96558.0,1411.0,136277.54,216395.0,20.0,3,61451.0,427532.95,24342.31,6,44,26321.12,20597.5,177630.37,4,73,2008.0,Y,23366.64,current,M,47,MEDIUM,10.8,2,123.0,0,9.0
4550,18632,16534.0,5803.05,182.0,4951.0,2942.95,31402.385,1222.0,3.0,128,27,8,1,2,369000,1,1,1.0,1,2184.0,76157.6,4699.0,-5942.0,23602.2,205608.5,37.0,1,55725.0,18011.47,43966.5,45,70,41059.44,6619.0,29656.0,36,25,16121.0,Y,107.98,current,M,33,LOW,6.5,8,536.0,1,8.0
4551,14532,18364.0,20838.01,1628.0,1368.44,565.0,2984.95,442.27,16.0,16,4,24,1,25,720000,1,1,1.0,1,41883.6,244483.3,13873.0,-4679.0,81833.51,104926.59,42.0,15,20725.0,22203.42,52728.75,4,20,83181.0,187683.41,1205.0,47,25,48814.0,Y,920.75,current,M,33,MEDIUM,6.5,8,523.0,1,17.0
4552,9659,18592.0,10265.24,87118.0,2711.5,4182.0,4176.015,463.73,56.0,9,48,8,2,13,326000,1,1,1.0,1,13659.0,19000.0,1209.0,-4679.0,38230.74,11352.0,42.0,4,115985.94,150263.75,167287.0,3,50,24556.93,89737.18,106354.42,6,18,22729.0,Y,9712.17,current,M,37,MEDIUM,8.5,7,519.0,1,11.0
4553,8026,8730.0,7532.0,12880.0,4691.86,450.0,39198.0,367.0,17.0,16,9,15,4,30,520000,1,1,1.0,1,89908.8,109000.0,26241.0,1465.0,46268.86,82716.5,15.0,19,87127.0,93171.68,126799.91,1,0,16389.0,119075.73,45538.0,5,35,56400.0,Y,1131.9,current,M,31,MEDIUM,6.6000000000000005,10,858.0,1,18.0
4554,7823,19065.0,8211.6,2814.0,21287.42,9149.15,3400.0,743.0,26.0,84,3,53,15,4,232000,1,1,1.0,1,331.2,2300000.0,610000.0,-6301.0,18258.43,71377.78,63.0,2,20074.0,18176.33,79092.0,3,77,51175.22,29938.86,42933.0,94,15,34309.0,Y,1311.11,current,M,30,MEDIUM,8.0,8,574.0,0,7.0
4555,10012,9428.0,1656.0,23505.0,29899.0,1626.5,14845.0,467.0,8.0,2,82,4,25,47,139000,1,1,1.0,1,4435.0,373824.0,22000.0,3897.0,27684.41,116821.0,147.0,0,34617.0,21318.89,71374.0,4,82,1280000.0,53380.31,30926.0,6,65,62122.0,Y,26820.0,current,M,28,HIGH,8.0,6,867.0,1,16.0
4556,14486,17252.0,3596.0,28166.0,11207.51,463.0,13350.5,378.0,17.0,9,32,18,62,44,525000,1,1,1.0,1,67833.35,105000.0,2156.0,1332.0,35152.0,89322.0,69.0,1,16145.0,3142.29,43793.0,45,1,83821.0,55439.65,749252.0,6,11,78354.0,Y,3045.41,current,M,219,LOW,39.800000000000004,6,249.0,1,12.0
4557,1909,290330.0,14499.06,10595.0,6890.0,5209.75,4451.585,12391.0,3.0,37,87,2,18,16,298000,1,1,1.0,1,59703.93,148150.33,78309.0,-5998.43994,87718.29,134691.0,89.0,33,13124.0,2032982.09,120749.1,2,28,53400.0,12935.0,90585.0,117,50,3620.0,Y,2210.43,current,F,53,LOW,23.1,3,945.0,1,4.0
4558,2042,18874.0,7852.58,7184.0,2325.685,9210.51,5257.0,1599.0,44.0,43,3,4,14,13,13000,1,1,1.0,1,825.0,152391.0,14904.0,14509.0,65681.15,33936.0,77.0,4,32548.0,1133.0,37599.0,0,75,17751.0,24068.35,55925.84,2,52,27200.0,Y,3834.04,current,M,47,LOW,16.2,10,805.0,1,12.0
4559,6814,4661.0,10127.0,6348.7,14796.35,6776.0,21424.46,1884.0,10.0,66,38,5,15,4,199999,1,1,1.0,1,328504.5,147834.0,13873.0,-4679.0,36917.76,27000.0,16.0,23,32369.0,39188.17,35833.05,6,1,99586.0,11205.69,51214.0,2,11,33343.0,Y,32628.33,saving,M,62,MEDIUM,37.800000000000004,9,924.0,1,10.0
4560,17327,1887.0,17223.48,6997.0,9392.02,1146.0,677.0,4514.0,1.0,29,2,44,1,41,184000,1,1,1.0,1,19265.4,49298.99,25000.0,0.0,160931.34,78839.0,43.0,1,29427.0,126043.25,31114.99,45,171,24822.0,52460.03,30604.1,4,18,15630.0,Y,1353.1,current,M,51,MEDIUM,31.0,3,536.0,1,20.0
4561,11035,12720.0,10167.4,699.0,5249.29,1791.85,2516.81,3328.34,101.0,3,14,2,44,17,402000,1,1,1.0,1,144293.83,15300.0,20000.0,-3506.17993,45058.1,74731.16,4.0,13,41797.0,79971.0,268.86,1,11,30899.0,88136.0,32101.0,4,68,19671.0,Y,823.57,current,M,33,MEDIUM,6.5,9,658.0,1,11.0
4562,17247,8876.0,8754.8,407.0,35836.97,7133.0,8028.0,5470.0,1.0,20,17,6,31,20,232000,1,1,1.0,1,158135.2,138475.4,519.0,-4679.0,35831.75,99885.0,11.0,43,44342.0,42516.35,57188.0,10,82,18257.0,97222.27,346596.0,8,18,104882.0,Y,1717.55,current,F,42,MEDIUM,8.8,6,867.0,1,4.0
4563,3837,16941.0,43463.26,12270.0,92391.27,592.15,1655.14,1911.0,44.0,10,102,24,2,4,784000,1,1,1.0,1,154363.25,17000.0,33330.0,19453.0,32365.78,27950.0,77.0,4,178068.0,43168.12,153808.0,2,8,66300.0,90963.3,187736.0,94,13,112956.0,Y,174.66,current,M,42,MEDIUM,15.4,8,249.0,1,16.0
4564,14713,2602.0,30584.88,606.0,117796.06,5560.0,9928.29,405.0,57.0,16,4,47,4,64,290000,1,1,1.0,1,923170.0,235.17,4198.0,-6885.0,27383.97,59504.6,42.0,3,437010.0,12317.31,34216.0,42,26,38822.0,40705.26,86182.0,14,38,26186.9,Y,1000.89,saving,M,219,HIGH,139.3,10,914.0,1,14.0
4565,5237,8000.0,49641.76,1925.0,18307.69,2218.73,2317.5,4461.0,1.0,36,16,1,21,1,195000,1,1,1.0,1,684495.7,15036.0,16215.0,-5942.0,22715.08,89205.0,43.0,5,28644.0,15554.22,5325.86,5,6,45738.0,71167.39,37384.0,6,22,8500.0,Y,4536.83,current,M,46,MEDIUM,13.0,3,583.0,1,12.0
4566,12964,126479.0,6241.51,34560.36,9752.44,1343.74,14412.0,3625.9,31.0,19,5,2,2,55,287000,1,1,1.0,1,137260.8,376600.5,24619.0,-6301.0,70234.88,59569.0,52.0,3,20340.0,19273.0,48914.36,10,12,74885.16,19569.64,644.0,2,8,28738.0,Y,7842.77,current,M,44,MEDIUM,19.200000000000003,5,445.0,1,3.0
4567,11377,2081.0,4600.545,6068.0,12605.76,2700.84,1305.14,3208.0,3.0,6,7,42,25,4,595000,1,1,1.0,1,98062.5,1038364.76,28913.0,-5942.0,38054.67,10199.0,63.0,5,34827.0,511053.67,2203.82,47,8,19570.0,33535.23,39175.5,6,58,34717.0,Y,4292.75,current,M,35,LOW,12.0,1,385.0,1,8.0
4568,16939,13464.0,21508.0,3461.59,32414.0,2401.0,4335.0,6390.0,12.0,37,3,5,55,47,54000,1,1,1.0,1,1581000.0,16000.0,130000.0,2921.0,23208.47,43862.0,42.0,14,2475.0,33783.08,36863.0,1,82,21850.0,22406.84,75624.0,4,21,98716.0,Y,1664.17,current,M,33,MEDIUM,7.800000000000001,7,299.0,1,9.0
4569,2068,120258.0,61880.98,23589.66,19221.12,2404.04,7840.705,3384.41,63.0,84,3,4,14,4,256000,1,1,1.0,1,8043.25,128314.74,49975.0,1992.0,10710.95,30864.0,147.0,23,17484.0,47076.48,279233.51,23,25,171280.0,39718.55,46805.0,12,12,32192.09,Y,6026.13,current,M,66,HIGH,18.400000000000002,6,247.0,1,5.0
4570,3820,3524.0,12646.63,289.0,9180.05,7207.34,1552.21,5150.0,7.0,66,16,42,3,14,100000,1,1,1.0,1,94493.75,104000.0,48950.0,-6281.37987999999,6731.85,17701.0,4.0,5,31027.0,25022.11,39466.0,42,171,111955.31,35961.0,142533.0,62,103,48000.0,Y,7536.44,current,M,40,MEDIUM,16.0,7,683.0,1,4.0
4571,18334,7639.0,7729.55,4999.01,9238.0,1168.0,5913.0,1287.0,2.0,26,4,3,2,2,100000,1,1,1.0,1,9717.55,360000.0,6100.0,-3506.17993,125369.14,64589.12,23.0,1,15458.0,15604.96,22132.0,7,20,2345.0,152782.21,70859.0,2,3,92603.0,Y,3863.52,current,M,27,MEDIUM,4.2,5,685.0,1,17.0
4572,10612,295.0,4741.15,1360.0,40266.14,6751.76,1363.52,1969.0,2.0,84,13,8,23,1,369000,1,1,1.0,1,8209320.0,3.59,2156.0,5773.0,5040.4,29700.0,11.0,3,17163.0,21918.04,60483.0,50,4,36496.0,20865.94,70697.29,53,87,20232.0,Y,3988.47,current,M,30,LOW,10.0,9,256.0,0,10.0
4573,925,12678.0,6075.0,9372.0,1535.0,8564.48,7541.975,6119.0,44.0,65,74,3,18,2,512000,1,1,1.0,1,39851.93,163.14,3975.0,4314.0,95311.0,108248.76,11.0,7,36949.0,458.0,265503.06,2,23,41743.0,92885.24,30133.0,2,1,18503.0,Y,102216.02,current,M,37,LOW,6.800000000000001,4,863.0,0,2.0
4574,9117,13153.0,2925.35,2700.77,4610.0,3692.0,51004.07,5964.0,2.0,11,4,20,11,6,20000,1,1,1.0,1,8209320.0,189246.0,96558.0,19453.0,38230.74,37678.5,11.0,31,69562.0,43365.71,85293.5,5,14,94712.0,47043.89,5269.0,11,58,359.0,Y,750.74,current,M,60,MEDIUM,36.0,5,969.0,1,8.0
4575,17431,83647.0,14769.71,1315.0,15573.1,9159.0,3450.8,138715.43,12.0,10,4,26,44,54,525000,1,1,1.0,1,197067.2,537476.4,19400.0,0.0,59422.45,8263.0,70.0,0,21242.0,100358.97,107133.0,6,20,92088.0,40774.25,8704.0,5,72,17833.0,Y,3040.45,saving,M,63,MEDIUM,43.0,8,258.0,1,12.0
4576,19935,18849.0,23385.07,1224.0,19282.66,3555.24,10965.42,5727.0,67.0,66,47,57,31,8,120000,1,1,1.0,1,65977430.0,251131.79,1097.0,418.0,53992.81,41728.0,90.0,30,124483.0,26395.95,40094.0,6,171,27220.0,590092.14,61572.0,2,11,48520.0,Y,4883.31,current,M,66,MEDIUM,23.0,4,245.0,1,2.0
4577,3767,9239.0,1816.67,8243.4,64144.27,25275.0,4620.5,414.0,1.0,10,14,53,6,1,408000,1,1,1.0,1,48675.31,340000.0,51520.0,-6301.0,85870.6,29869.0,62.0,5,46598.0,11659.3,53815.0,1,171,104784.0,37546.75,14757.0,6,3,12415.0,Y,7561.77,current,M,29,LOW,2.7,2,966.0,1,10.0
4578,17135,4418.0,1460.1,4941.84,82167.55,3755.19,5863.25,627.0,12.0,4,60,4,3,6,369000,1,1,1.0,1,127004.3,11772.76,23500.0,0.0,40476.16,5545.0,52.0,9,41107.0,165322.45,100416.36,1,12,205558.0,55856.21,19839.0,2,32,167885.0,Y,759.75,current,M,47,HIGH,27.0,5,643.0,1,2.0
4579,5034,9707.0,16420.0,2868.0,950.4,856.0,16745.44,3899.0,15.0,1,38,18,25,1,505000,1,1,1.0,1,3030975.0,78744.56,768.0,5439.0,4984.25,96454.0,63.0,4,20295.0,64351.5,50185.4,9,8,34983.0,55586.01,38766.51,58,11,20828.0,Y,57389.07,current,M,34,MEDIUM,7.0,3,802.0,0,20.0
4580,18212,22442.0,5620.31,3456.75,2371.0,2551.0,2565.52,1576.99,8.0,6,30,8,1,14,125000,1,1,1.0,1,68640.0,43545.0,12337.0,1500.0,115713.34,69416.0,11.0,1,111792.0,30504.63,4292.0,50,29,53.19,18430.77,46782.0,6,63,126970.0,Y,707.37,current,M,69,LOW,9.8,6,748.0,1,4.0
4581,201,87022.0,20662.77,391.0,15260.0,13230.73,3049.48,8370.0,63.0,4,50,3,21,56,302000,1,1,1.0,1,36122.87,234459.4,183999.0,-5439.0,36650.75,98317.02,39.0,6,58504.0,68376.72,24539.38,2,20,27936.0,14983.0,138556.0,3,49,1006.0,Y,10921.0,current,M,118,MEDIUM,98.0,10,928.0,1,12.0
4582,6486,13832.0,39199.48,5616.0,80489.37,18653.0,3922.74,16846.0,8.0,10,47,50,8,12,369000,1,1,1.0,1,17530.7,470000.0,25524.0,1429.0,272661.82,87972.0,46.0,1,32032.0,19946.66,2891.0,6,12,40596.0,11816.0,31554.0,19,72,99755.0,Y,10173.43,current,F,37,LOW,8.5,10,710.0,1,15.0
4583,16854,13954.0,1041.96,4213.29,11716.39,10346.0,1862.38,40728.0,9.0,26,112,1,1,42,48000,1,1,1.0,1,2984.1,3.0,155205.0,5340.0,55415.2,975.0,89.0,33,19861.0,31164.0,93033.16,3,13,40700.0,51680.49,26199.0,3,124,26179.0,Y,6284.72,current,M,40,HIGH,18.0,1,249.0,0,14.0
4584,8167,2552.0,1937.455,13220.37,30369.74,2991.0,19791.0,4919.0,1.0,34,50,5,12,11,199999,1,1,1.0,1,249060.0,242827.0,50000.0,6441.0,3420.83,37915.0,1.0,1,21299.0,23559.38,23261.0,70,14,18236.0,33538.71,383968.0,5,124,43333.0,Y,3500.31,current,M,33,LOW,10.4,7,685.0,0,7.0
4585,1637,18860.0,35410.73,2138.0,49359.04,1638.0,60544.535,164.01,7.0,99,42,39,2,5,59000,1,1,1.0,1,146931.8,42000.0,12337.0,-5942.0,45962.98,79204.02,11.0,3,12073.0,40592.33,106730.0,4,42,18973.0,42154.34,128428.0,21,83,22388.0,Y,2867.1,current,M,47,LOW,8.1,7,244.0,0,17.0
4586,2440,6542.0,31839.26,17106.94,5208.85,12694.0,2529.25,10086.0,5.0,99,5,10,44,1,170000,1,1,1.0,1,2135000.0,50034.93,3792.0,14509.0,167670.0,44500.0,16.0,2,27784.0,317350.4,64419.0,30,20,15100.0,29431.68,136389.0,2,11,1340.0,Y,1974.46,current,M,42,MEDIUM,2.2,8,516.0,1,19.0
4587,8018,391584.0,44365.9,18225.0,21697.575,1014.0,8887.0,3067.36,7.0,8,29,18,1,5,233000,1,1,1.0,1,7089.7,30453.0,954.0,-4679.0,63213.94,7138.0,2.0,0,38518.4,87861.63,12400.0,43,78,35552.0,107933.33,57167.78,39,106,42569.0,Y,262.15,current,M,46,LOW,5.2,9,445.0,0,7.0
4588,2591,9252.0,9922.79,14674.0,1470.0,19091.01,2616.0,2356.0,5.0,3,102,57,12,39,379000,1,1,1.0,1,26502.28,119451.0,56305.0,3897.0,72460.83,120768.0,8.0,6,31568.0,23860.37,10280.0,2,4,5630.0,13939.0,32989.0,36,11,14925.0,Y,2468.82,current,M,222,LOW,80.80000000000001,10,305.0,1,17.0
4589,552,237761.0,8654.64,9481.14,16567.31,21614.8,27531.51,12868.0,66.0,6,117,2,15,4,324000,1,1,1.0,1,1910215.0,14000.0,4699.0,6885.0,27213.34,34529.0,22.0,4,24776.0,481.0,36107.04,5,171,27711.0,38117.38,466925.0,8,52,75902.0,Y,2936.78,current,M,30,MEDIUM,2.0,5,799.0,0,14.0
4590,16730,15872.0,4737.0,8594.0,14870.0,676.5,275.11,9368.0,2.0,10,5,82,3,80,518000,1,1,1.0,1,1424.5,159415.3,50000.0,553.0,74859.67,59473.0,79.0,4,38368.0,55562.05,83946.0,24,11,79950.0,35435.0,218347.0,2,18,19127.0,Y,1880.43,current,M,35,HIGH,3.0,4,466.0,1,15.0
4591,8829,13946.0,12154.53,7015.0,10003.5,2512.0,2698.55,440.0,1.0,23,84,11,3,1,147000,1,1,1.0,1,39851.93,273221.0,130000.0,-4679.0,82846.34,45321.21,5.0,36,63758.0,42422.16,2891.0,2,59,47340.0,71679.44,36763.0,94,35,21870.0,Y,5066.94,current,M,40,MEDIUM,8.0,8,809.0,1,16.0
4592,15276,12914.0,42523.85,28334.65,6063.05,9046.02,6536.5,239.0,1.0,9,10,2,9,56,315000,1,1,1.0,1,115818.74,222222.0,49000.0,5773.0,24123.23,431088.0,147.0,6,69460.0,14471.84,374952.5,1,50,11645.68,95952.46,9203.0,7,63,41514.0,Y,6554.06,current,M,27,MEDIUM,2.8000000000000003,7,639.0,1,17.0
4593,6387,5525.0,9649.92,3288.0,1800.0,2235.45,2494.0,3663.34,14.0,6,86,23,51,1,170000,1,1,1.0,1,83400.3,72796.1,33330.0,-6281.37987999999,17322.43,26882.0,36.0,35,11394.0,41556.88,118141.5,6,44,20000.0,1148340.0,55354.0,9,103,45639.0,Y,1125.51,current,M,55,MEDIUM,35.0,1,594.0,1,14.0
4594,19365,19287.0,4145.56,3215.52,13130.48,1131.23,23366.54,11110.5,6.0,77,7,4,4,77,483000,1,1,1.0,1,668728.4,674291.83,4812.0,886.0,124678.14,28573.0,89.0,31,158424.0,16478.0,86230.33,3,50,22055.0,43919.58,24973.0,4,83,101458.09,Y,1033.85,saving,M,28,MEDIUM,4.800000000000001,2,966.0,1,20.0
4595,16538,16890.0,21165.0,5431.86,12743.12,1458.0,9537.985,804.0,19.0,46,2,18,1,42,138000,1,1,1.0,1,165907.57,369448.8,49975.0,8723.0,45861.81,34515.0,5.0,0,21764.0,23824.0,307741.0,31,5,140056.0,22644.0,57717.0,16,12,30540.0,Y,1543.44,current,M,32,MEDIUM,3.6,5,245.0,0,20.0
4596,19613,9588.0,4168.8,5653.07,23971.63,10204.52,6994.36,5124.0,6.0,17,3,50,6,5,429000,1,1,1.0,1,325024.6,51000.0,28985.0,3560.0,38456.71,85029.0,70.0,4,35138.0,61457.29,24571.39,1,17,53854.0,18895.88,23372.0,3,24,66758.0,Y,518.98,current,M,33,HIGH,9.1,7,488.0,1,7.0
4597,5591,14358.0,27567.17,986.0,10253.9,8697.0,58875.715,603.0,10.0,10,13,47,3,30,202500,1,1,1.0,1,213557.15,202560.0,492.0,-5439.0,194561.42,63522.0,42.0,3,57409.0,50188.19,48058.0,3,8,19529.0,226461.91,99782.5,2,75,180827.0,Y,7613.93,current,F,28,MEDIUM,1.6,1,516.0,1,5.0
4598,8932,12990.0,16461.965,7284.15,5282.95,1583.44,5228.0,3477.0,56.0,10,2,5,16,6,27000,1,1,1.0,1,115818.74,358480.64,300500.0,5730.0,99273.77,89184.2,18.0,2,60720.0,159276.73,56266.5,9,89,19277.0,2081.5,25608.0,3,18,12512.0,Y,383.62,saving,M,39,MEDIUM,1.9000000000000001,5,488.0,1,12.0
4599,4436,7802.0,66539.8,3863.48,13324.13,3179.0,954.0,22633.42,6.0,77,53,11,1,2,400000,1,1,1.0,1,5688.0,536874.6,130000.0,3897.0,17926.86,20184.0,67.0,3,29287.0,52504.42,12856.0,3,104,47415.0,202159.61,71267.5,11,24,29364.0,Y,7244.11,current,F,49,MEDIUM,2.9000000000000004,10,394.0,0,10.0
4600,13952,40044.0,11048.92,9372.0,31621.77,4407.06,4566.0,6375.89,1.0,43,19,25,4,54,199999,1,1,1.0,1,291969.2,157000.0,4699.0,167.0,46740.0,40466.5,6.0,23,14610.0,29507.64,33593.5,3,12,33960.0,571416.75,200285.0,3,10,65171.0,Y,212.07,saving,M,42,MEDIUM,17.6,10,805.0,1,11.0
4601,7596,14302.0,14736.27,2582.4,2495.0,248.9,14108.0,2505.0,136.0,9,50,47,15,98,184000,1,1,1.0,1,21511.8,86000.0,1526.0,12174.0,44821.0,25574.0,42.0,17,6875.0,94940.4,24342.31,1,78,35434.0,118499.09,37319.0,2,24,36537.0,Y,18734.7,current,M,56,MEDIUM,10.8,4,908.0,1,11.0
4602,13329,328.0,10789.31,7069.0,989.93,384.58,2949.8,3110.01,531.0,77,48,48,2,10,116000,1,1,1.0,1,78472.48,77965.0,5101.0,10455.0,57189.07,330125.0,5.0,7,26572.0,20173.0,27896.0,5,8,26463.0,98712.02,27872.79,9,79,30863.0,Y,1287.46,saving,M,33,MEDIUM,9.1,7,535.0,1,9.0
4603,4277,174376.0,1771.41,1442.69,9333.0,5647.0,1416.0,7285.0,2.0,77,35,47,27,79,85000,1,1,1.0,1,384550.05,200015.58,16004.0,0.0,141052.95,28573.0,46.0,1,22010.0,19058.0,80662.97,43,11,11288.0,122674.71,6144.56,3,39,177779.0,Y,3574.27,current,M,30,LOW,5.0,3,445.0,1,4.0
4604,10510,15800.0,1235.0,12669.15,2946.0,7231.0,4443.0,8023.0,92.0,8,47,2,2,91,272000,1,1,1.0,1,443.36,76157.6,1727.0,6885.0,77069.25,52872.0,69.0,36,8365.0,40249.71,50207.0,2,63,49698.0,82033.1,295505.0,5,61,10076.0,Y,1943.96,current,M,35,LOW,10.5,1,448.0,1,10.0
4605,19004,15152.0,4167.59,38932.03,155443.0,20056.0,2436.25,5350.0,7.0,128,87,8,1,42,50900,1,1,1.0,1,23669.0,52000.0,16215.0,-5715.49022999999,59143.48,149.18,42.0,13,49934.0,253904.0,68543.0,2,30,18826.0,17739.01,35978.0,5,38,35494.25,Y,170055.19,current,M,27,LOW,5.6000000000000005,9,887.0,1,20.0
4606,5265,16744.0,3333.46,505.0,36443.77,4231.77,4519.185,455.0,531.0,3,23,3,25,70,489000,1,1,1.0,1,28482.5,15375.23,8417.0,2351.0,84701.93,68224.0,77.0,0,23136.0,282693.12,8033.0,4,30,26901.0,68292.31,276893.68,58,83,93.0,Y,31318.49,current,M,66,MEDIUM,46.0,8,233.0,1,9.0
4607,17149,12784.0,6439.7,139.86,4563.95,94243.29,11803.035,4684.13,5.0,66,38,48,44,8,366000,1,1,1.0,1,100284.85,784499.0,230000.0,5730.0,19341.06,68478.0,6.0,7,446402.0,358114.75,150091.0,43,20,24822.0,371387.53,69178.0,4,104,19079.0,Y,4037.92,current,M,42,HIGH,13.200000000000001,5,537.0,0,12.0
4608,3486,37541.0,5589.75,6496.05,26358.04,4550.86,8624.0,1773.0,2.0,83,38,7,1,91,301000,1,1,1.0,1,23669.0,18300.0,908.0,8572.0,64970.81,350514.91,69.0,1,44658.0,50922.88,105373.0,70,6,20889.0,24696.25,113146.0,4,38,689.0,Y,4810.1,current,M,30,LOW,7.0,9,371.0,1,6.0
4609,8048,8638.0,15708.62,5271.0,59890.5,1460.0,7186.0,3787.0,1.0,8,5,18,2,6,170000,1,1,1.0,1,104980.25,68663.61,3000.0,-6885.0,21531.88,6027.0,22.0,35,16105.0,72880.3,139824.0,5,12,44518.0,58019.25,1070512.08,13,80,31090.0,Y,9144.14,current,M,25,MEDIUM,1.5,5,801.0,1,16.0
4610,3449,7194.0,14827.5,2317.0,12743.12,5623.0,4159.36,2104.0,6.0,99,19,50,4,42,381000,1,1,1.0,1,185669.2,167870.79,30011.0,5439.0,48881.4,53841.0,29.0,1,147257.0,76529.3,42025.0,2,89,14213.0,29440.84,2205.48,14,73,46082.0,Y,1356.31,current,M,40,MEDIUM,18.0,3,858.0,1,5.0
4611,5341,16958.0,34024.52,4467.0,2063.08,4402.34,1968.0,954.0,531.0,85,6,50,9,3,461000,1,1,1.0,1,55700.0,227697.61,925.0,-12179.0,35945.39,28256.0,9.0,19,26279.0,21304.0,117801.25,6,5,127744.0,63924.08,132381.0,14,1,22583.0,Y,8825.79,current,M,30,MEDIUM,8.0,3,249.0,1,20.0
4612,3425,3843.0,5320.3,1831.97,1072.5,3892.52,28407.995,3326.0,8.0,77,29,5,25,1,371000,1,1,1.0,1,9542.5,189246.0,2156.0,-4664.0,62163.17,11561.0,22.0,36,31018.0,118514.68,165400.0,1,108,14297.0,185048.75,75460.0,9,57,14321.0,Y,1425.15,current,M,42,MEDIUM,15.4,4,743.0,0,6.0
4613,3308,19985.0,3807.92,11404.01,117270.0,29531.0,11588.5,3962.0,531.0,9,102,2,1,1,20000,1,1,1.0,1,94127.1,6574.31,49975.0,5730.0,38448.3,250986.0,52.0,1,37985.0,36167.88,40153.0,1,20,66000.0,83930.75,19064.0,4,38,33403.0,Y,6922.79,current,M,30,MEDIUM,10.0,9,623.0,0,10.0
4614,15413,17072.0,25078.38,2703.0,163944.69,30843.0,65.0,1144.44,44.0,65,5,8,2,70,505000,1,1,1.0,1,71191.8,142608.5,11545.0,-4679.0,22916.0,19788.0,11.0,0,20800.0,18935.75,311423.0,5,12,1.88,35419.4,13513.75,2,13,19086.0,Y,4654.22,current,F,66,MEDIUM,9.200000000000001,10,355.0,1,11.0
4615,5381,395673.0,48173.0,1995.43,6349.11,4640.0,8676.0,4226.0,9.0,15,44,1,27,62,300000,1,1,1.0,1,101891.25,234459.4,29542.0,-4679.0,29065.25,99880.0,12.0,1,69348.0,37583.56,78602.0,3,30,492312.0,14002.25,18847.83,7,61,23344.0,Y,14567.77,current,M,64,MEDIUM,30.8,3,445.0,1,18.0
4616,5290,18930.0,3101.8,5706.24,3314.1,4887.0,487.0,3747.0,7.0,99,84,3,1,44,102000,1,1,1.0,1,61186.36,115000.0,25508.0,2337.0,65187.81,24013.0,11.0,19,63000.0,28813.75,67025.0,2,8,142580.0,41646.0,16113.75,21,63,34345.0,Y,833.43,current,M,28,MEDIUM,7.2,4,503.0,1,18.0
4617,2970,12421.0,19258.32,11078.0,2169.5,2376.6,3039.0,1470.53,8.0,6,89,18,37,70,358000,1,1,1.0,1,123295.4,446457.0,43798.0,-4679.0,26817.4,50104.0,90.0,0,38572.0,23624.0,50920.0,47,50,55350.0,59659.75,24946.0,9,104,60587.0,Y,15760.96,current,M,60,MEDIUM,12.0,2,801.0,1,20.0
4618,4367,12846.0,1180.84,675.0,34735.0,23627.0,4395.0,8023.0,4.0,9,4,2,6,56,306000,1,1,1.0,1,9608.3,360000.0,2214.0,-6885.0,35210.62,30332.16,12.0,31,14824.0,143105.74,155972.0,43,49,21028.0,128154.72,44752.0,22,3,31525.0,Y,3851.52,current,M,35,MEDIUM,15.0,6,243.0,0,13.0
4619,13335,5686.0,16593.0,4372.65,1973.0,516.98,8191.0,700.0,26.0,26,112,41,2,4,114000,1,1,1.0,1,151000.0,184514.0,24125.0,6613.0,63113.81,505114.0,32.0,5,30600.0,21755.5,28698.0,10,20,12091.0,184521.37,112863.0,18,106,54443.0,Y,11181.03,current,M,37,MEDIUM,6.800000000000001,2,268.0,0,11.0
4620,10175,109606.0,6143.0,1224.0,1268.11,1764.31,10042.45,3496.0,26.0,26,11,5,16,1,408000,1,1,1.0,1,19866.0,64309.52,5822.0,12965.0,12345.88,83561.0,91.0,4,34620.0,23373.88,28115.0,23,25,56458.0,67876.02,40883.0,47,75,25905.0,Y,559.5,current,F,30,MEDIUM,2.0,1,653.0,1,3.0
4621,17379,19023.0,4887.0,4511.29,4297.925,247.97,3035.325,834.0,1.0,71,13,2,6,54,358000,1,1,1.0,1,13659.0,172131.0,33774.0,-6301.0,62211.25,24084.0,90.0,4,29840.0,200392.4,60596.89,6,20,21482.0,107565.3,18614.0,3,18,52979.0,Y,5218.06,current,M,223,LOW,101.5,5,882.0,0,8.0
4622,8889,606.0,2059.0,844.96,10532.0,2149.25,264.69,40323.9,14.0,26,102,60,55,80,256000,1,1,1.0,1,474401.25,24703.0,34550.0,12299.0,33682.36,47421.0,72.0,35,18548.0,24591.0,24156.0,1,18,12835.0,45378.75,69312.0,47,83,56800.0,Y,1304.11,current,M,118,MEDIUM,49.0,2,269.0,1,19.0
4623,8554,134719.0,29782.09,343.5,14081.0,3996.32,7970.465,2288.0,57.0,43,82,2,1,58,74100,1,1,1.0,1,3101.3,15395.48,25524.0,903.0,243291.91,35386.0,10.0,19,10355.0,57634.61,235234.97,45,81,94635.0,33167.39,61503.5,47,80,43012.0,Y,786.14,current,M,50,MEDIUM,6.0,5,270.0,1,6.0
4624,7324,13394.0,43751.27,1226.0,6920.5,13997.0,6264.0,1017.0,531.0,36,44,1,1,5,267000,1,1,1.0,1,41883.6,7273.15,230000.0,12174.0,72564.81,30025.5,11.0,2,41600.0,30065.22,23490.32,9,12,46078.0,63455.21,10019.0,16,58,20095.0,Y,5069.27,current,M,32,MEDIUM,7.2,4,465.0,1,6.0
4625,10433,296884.0,15369.27,1165.3,15103.05,941.68,27134.0,3839.03,2.0,9,1,1,14,6,429000,1,1,1.0,1,47299.5,10000.0,1209.0,5340.0,22213.25,102134.0,3.0,19,28029.0,56253.78,53146.0,0,50,21674.0,30437.71,22518.0,49,15,22500.0,Y,103565.55,current,M,35,MEDIUM,10.5,9,249.0,1,11.0
4626,18656,84139.0,2476.21,4978.0,7125.7,2346.76,17123.92,10662.75,44.0,10,89,24,1,55,329000,1,1,1.0,1,1359.3,186218.0,12000.0,6916.0,24204.68,60336.0,89.0,3,31769.0,16637.21,29996.0,35,5,42586.0,111101.31,58438.79,5,22,36758.0,Y,13064.97,current,M,27,MEDIUM,2.1,8,488.0,1,3.0
4627,8715,10306.0,11993.86,1178.25,29460.22,18254.0,151.0,4985.0,80.0,10,44,41,8,10,556000,1,1,1.0,1,117168.65,117890.0,30000.0,19765.0,197566.4,69605.5,24.0,1,97268.0,89814.49,95650.0,5,69,18842.0,130499.74,601.0,5,104,35241.0,Y,4823.54,current,M,32,LOW,6.0,6,324.0,0,7.0
4628,18086,10079.0,29743.08,38932.03,29736.15,2243.3,6876.75,1911.0,7.0,7,48,1,4,81,403000,1,1,1.0,1,75240.45,142608.5,68000.0,-4679.0,61069.0,27461.99,55.0,29,44958.0,65073.42,321685.0,12,11,6831.0,379320.48,9297.0,47,80,16698.0,Y,5754.51,current,M,34,MEDIUM,11.200000000000001,3,643.0,1,18.0
4629,630,301948.0,7350.0,8851.0,4370.83,10397.78,26204.67,4032.0,12.0,36,50,20,23,1,530000,1,1,1.0,1,65887.8,278904.9,25849.0,5464.0,81409.3,72342.0,55.0,7,131499.0,48901.2,69971.0,2,18,35542.0,239433.92,190969.35,1,124,460571.0,Y,99671.73,current,M,34,MEDIUM,7.0,3,866.0,1,8.0
4630,4311,4063.0,12211.0,469.42,4940.5,14146.0,2883.47,7480.0,29.0,81,6,4,1,55,27000,1,1,1.0,1,3101.3,58473.56,1374.0,13135.0,57191.83,272543.64,52.0,1,72186.0,31300.5,245510.16,1,5,38441.0,14426.0,160876.0,2,68,37990.0,Y,4847.51,current,M,33,MEDIUM,13.0,9,355.0,0,2.0
4631,2843,163.0,52035.95,3524.0,4897.72,598.76,2425.4,868.5,18.0,43,20,1,3,77,369000,1,1,1.0,1,1269.2,58473.56,583.0,1411.0,147922.25,37092.0,52.0,13,40017.0,128069.53,2038.0,20,23,7384.0,18003.1,42032.0,1,24,48500.0,Y,1328.33,saving,M,31,LOW,3.3000000000000003,1,324.0,1,8.0
4632,11551,8478.0,1334.5,632.0,28755.05,976.2,8367.0,4337.0,60.0,3,16,25,4,81,218000,1,1,1.0,1,1518.0,200926.0,925.0,5773.0,82184.42,11587.0,55.0,2,70980.0,49822.3,45015.0,2,108,31534.0,80479.75,54633.0,11,96,35533.0,Y,78896.45,current,M,67,MEDIUM,47.0,9,259.0,1,8.0
4633,5559,17253.0,1625.0,5277.9,2973.5,979.0,12226.0,2461.0,1.0,29,52,50,2,6,369000,1,1,1.0,1,213557.15,245000.0,3570.0,-5439.0,54506.01,111361.91,18.0,1,33221.0,32268.37,65771.32,35,30,35302.0,44337.0,24208.0,5,2,36238.0,Y,3208.09,current,M,55,MEDIUM,3.5,1,801.0,1,12.0
4634,19151,180959.0,15945.0,3708.0,39567.06,118.0,12175.0,3075.52,124.0,128,1,5,44,1,178000,1,1,1.0,1,28482.5,16000.0,800.0,0.0,29237.37,113853.0,79.0,6,73958.0,3173.45,7064.0,4,82,31769.0,36260.01,103567.0,4,11,36978.0,Y,2381.96,current,M,37,LOW,17.0,8,809.0,0,2.0
4635,5229,20194.0,30927.0,8506.0,2407.0,4887.2,36506.0,3962.0,10.0,10,14,2,3,1,505000,1,1,1.0,1,39853.9,506383.85,25728.0,-4679.0,36579.75,110301.91,55.0,7,33759.0,37277.33,39311.91,2,108,43986.0,23967.72,33483.47,94,80,17184.0,Y,12780.44,saving,F,44,LOW,21.6,10,464.0,1,6.0
4636,5355,1077.0,2378.44,5785.46,19635.7,3137.4,6618.45,7048.0,2.0,8,29,24,5,98,378000,1,1,1.0,1,48675.31,172678.56,13873.0,-5942.0,13676.5,11574.0,18.0,5,130357.0,30746.01,31111.0,9,8,12944.0,72343.4,46.0,6,7,64.0,Y,4021.99,current,M,38,LOW,3.6,1,516.0,1,18.0
4637,16710,8494.0,37057.52,3330.0,8635.23,2725.0,1556.0,1929.0,2.0,66,4,10,3,1,408000,1,1,1.0,1,102.95,72796.1,13873.0,6916.0,43153.52,27445.77,10.0,3,34957.0,605.51,22744.0,43,11,10202.0,15742.7,40681.0,5,42,24909.0,Y,31745.07,current,M,31,MEDIUM,3.3000000000000003,9,537.0,1,20.0
4638,11248,341897.0,4547.56,3473.0,1849.9,9447.93,374.2,2927.0,44.0,22,11,3,4,18,519000,1,1,1.0,1,568.8,399.09,24094.0,-3506.17993,56402.61,21682.0,12.0,4,39379.0,437367.8,34407.0,35,82,136503.0,126003.12,96616.14,2,36,14334.0,Y,355.54,current,M,53,LOW,23.1,10,737.0,1,5.0
4639,6514,117700.0,1806.4,10087.0,50918.5,14556.0,4636.0,1382.73,1.0,29,67,1,25,1,226000,1,1,1.0,1,98062.5,482147.0,183999.0,12174.0,60002.73,507737.0,15.0,4,2190.0,44916.39,16685.0,70,78,23858.0,97310.04,24103.53,3,13,27773.0,Y,12163.45,current,M,47,MEDIUM,21.6,10,516.0,1,20.0
4640,6705,98384.0,3615.71,765.95,2333.58,6662.0,2269.0,29798.0,6.0,10,4,42,3,98,98000,1,1,1.0,1,319201.67,917881.54,5905.0,12174.0,127060.19,10077.0,11.0,1,16594.0,38227.78,52953.0,1,108,15293.0,100649.0,31513.0,4,22,13360.0,Y,4500.13,current,M,37,LOW,3.4000000000000004,7,454.0,0,2.0
4641,14074,315444.0,3417.32,17438.85,6709.7,7428.0,9474.65,17729.22,2.0,2,11,20,36,58,340000,1,1,1.0,1,111.4,464261.6,22000.0,5340.0,58566.87,57184.37,91.0,1,8560.33,28140.0,40289.0,1,23,43264.0,5055.01,43956.0,10,52,144077.0,Y,1942.26,current,M,64,MEDIUM,35.2,6,537.0,0,4.0
4642,513,7542.0,1879.38,10790.75,9097.5,9529.0,6366.0,74223.0,8.0,10,89,7,4,80,371000,1,1,1.0,1,10008.0,273221.0,787.0,-6885.0,18135.5,42626.72,50.0,3,34593.0,36903.33,64208.0,1,67,30237.0,28507.41,58825.25,5,78,17808.0,Y,2456.15,current,M,64,HIGH,22.0,5,614.0,1,12.0
4643,6548,93165.0,20368.81,246.0,35835.26,4043.63,7822.04,4179.0,12.0,10,4,53,4,1,134000,1,1,1.0,1,76122.87,545000.0,731.0,-5942.0,79441.17,24202.0,42.0,3,38118.0,216.67,767745.0,1,171,26927.0,241037.19,28725.0,4,3,55320.0,Y,1353.73,current,M,34,HIGH,7.0,8,762.0,1,10.0
4644,17191,242295.0,31304.14,860.0,5731.06,3914.66,6169.0,533.0,19.0,10,7,1,51,11,222000,1,1,1.0,1,456.1,232524.0,3792.0,6916.0,18076.77,193961.0,18.0,35,44791.0,2392.39,2161.0,5,40,56355.0,45579.11,31229.0,47,24,22499.0,Y,1943.33,current,M,33,MEDIUM,2.6,8,464.0,1,16.0
4645,2168,289715.0,18687.0,4250.0,8323.0,6544.0,33211.65,1252.22,100.0,10,61,2,3,55,35800,1,1,1.0,1,4120.0,3651922.3,1209.0,9827.0,147495.51,24652.0,4.0,3,40615.0,24097.5,115613.57,2,108,13804.0,21796.18,11096.0,12,3,58203.0,Y,10906.5,saving,M,30,LOW,1.0,9,968.0,1,9.0
4646,9551,4494.0,3009.845,3444.37,4482.77,13711.0,7678.75,4558.0,2.0,10,35,24,6,16,225000,1,1,1.0,1,13929.95,60040.0,11379.0,20324.0,25084.25,104211.0,46.0,13,498000.0,61146.05,50265.93,3,59,89759.0,206112.93,36097.0,5,22,38362.0,Y,3613.51,current,F,30,MEDIUM,1.0,10,330.0,1,6.0
4647,6406,405459.0,5205.97,9339.02,450.0,6092.0,4648.3,823.0,44.0,36,10,1,60,55,461000,1,1,1.0,1,27316.5,861640.54,59747.0,9827.0,29854.25,55457.47,4.0,3,30900.0,110042.04,22503.87,43,12,428.03,23918.0,32439.0,43,12,22533.0,Y,99671.73,current,M,53,MEDIUM,16.5,9,537.0,1,20.0
4648,10764,20237.0,1534.8,6674.8,997.25,1444.0,1723.0,127284.25,12.0,23,78,4,1,17,67000,1,1,1.0,1,59703.93,63173.17,1633.0,5730.0,1949.0,74324.0,7.0,31,31514.0,23882.53,32450.67,5,6,45485.0,47814.5,39392.0,43,15,15776.0,Y,6739.75,current,F,34,MEDIUM,12.600000000000001,9,799.0,1,10.0
4649,18411,357.0,40236.36,199.0,11229.53,1099.9,70074.15,1292.95,17.0,3,67,2,25,47,520000,1,1,1.0,1,18451.05,22400.0,4812.0,12299.0,31863.46,32531.0,16.0,1,12960.0,14484.0,88636.0,17,14,193787.0,68204.31,90321.82,22,18,173252.0,Y,1217.92,current,M,40,MEDIUM,6.0,1,394.0,0,14.0
4650,16858,210060.0,35662.9,196.0,57698.44,3855.02,5665.78,3028.44,6.0,84,44,24,2,1,326000,1,1,1.0,1,166331.66,68663.61,825.0,2921.0,103519.53,105183.0,3.0,1,40829.0,82356.0,38574.57,2,30,73808.0,125294.96,154901.0,3,120,83069.0,Y,15199.51,current,M,58,MEDIUM,11.4,6,737.0,1,3.0
4651,4641,6107.0,5245.0,2125.0,6490.48,3455.04,7940.0,9900.72,19.0,23,87,22,2,2,13000,1,1,1.0,1,825.0,280000.0,130000.0,5350.0,35927.67,19836.0,42.0,7,65866.0,35514.55,74647.0,3,171,50804.0,21764.5,49920.0,21,63,28658.0,Y,2173.98,saving,M,66,MEDIUM,46.0,2,802.0,0,6.0
4652,16394,14809.0,5251.51,10809.0,1390.5,1509.0,5197.8,623.0,19.0,7,67,47,3,11,87000,1,1,1.0,1,568.8,95081.0,643.0,1465.0,42229.1,85227.88,11.0,26,23349.0,255884.19,36612.91,4,20,40800.0,60811.05,219.0,21,6,394.0,Y,853.87,current,M,44,LOW,7.2,6,385.0,1,5.0
4653,18790,34409.0,147636.0,8087.0,7427.37,8830.0,22252.7,2229.0,44.0,18,67,30,18,4,74100,1,1,1.0,1,22712.85,3.0,3792.0,2921.0,20089.25,257828.0,8.0,1,10837.0,40460.81,84686.0,7,0,25666.0,94292.9,21245.5,49,18,20551.0,Y,11717.93,current,M,33,HIGH,2.6,1,249.0,0,12.0
4654,15201,1061.0,12405.09,3323.0,34271.78,8686.0,1715.0,2075.52,8.0,31,50,1,3,17,650000,1,1,1.0,1,17377.25,110175.0,10973.0,35346.0,26047.43,18289.0,48.0,1,26195.0,57000.0,62135.0,2,40,30900.0,29136.25,123656.0,12,13,55267.0,Y,2844.1,current,M,62,LOW,42.0,1,244.0,1,19.0
4655,2888,159.0,5674.23,8894.43,16382.59,10397.78,14942.11,2404.82,7.0,23,19,2,2,79,218000,1,1,1.0,1,2008232.55,195506.79,57899.0,9415.0,48881.4,303057.5,52.0,26,24620.0,87861.63,42681.0,5,20,24470.27,7459.79,106149.0,4,18,18241.0,Y,2717.68,current,M,40,LOW,2.0,3,249.0,1,16.0
4656,13902,14169.0,3586.33,2996.0,27255.25,7331.0,11446.0,8363.88,2.0,65,87,10,25,8,86000,1,1,1.0,1,3938.25,60481.0,33950.0,7478.0,19019.1,39199.0,103.0,7,19827.0,23051.77,26727.4,50,11,23569.0,14980.0,47003.0,5,83,148304.0,Y,1662.54,current,M,222,MEDIUM,202.0,1,464.0,1,11.0
4657,8924,12292.0,7709.66,276.25,6843.0,18653.0,6887.0,3457.55,92.0,56,67,2,1,1,19000,1,1,1.0,1,10006.2,15036.0,25728.0,6885.0,15234.25,37654.0,91.0,2,41531.0,17914.74,21043.0,2,1,19015.0,15511.76,194853.01,10,32,40201.0,Y,4754.51,current,M,30,LOW,4.0,3,864.0,0,7.0
4658,16482,137148.0,29212.5,3461.59,86293.27,5204.0,12424.1,8637.0,26.0,17,35,3,2,16,340000,1,1,1.0,1,154363.25,202560.0,19400.0,6885.0,36557.56,78771.0,90.0,2,57474.0,29456.65,56174.0,6,171,17454.0,40774.97,94629.0,2,7,28900.79,Y,2424.67,current,F,66,LOW,4.6000000000000005,8,454.0,1,14.0
4659,855,17321.0,20526.0,1390.61,63635.35,1880.0,28998.01,6219.79,7.0,10,50,22,18,34,114000,1,1,1.0,1,41883.6,189246.0,610000.0,-5942.0,122535.27,45019.0,63.0,3,19847.0,25619.88,93247.33,2,82,14381.0,50455.75,32391.0,16,18,17761.0,Y,5888.22,current,M,49,MEDIUM,2.9000000000000004,3,523.0,1,16.0
4660,7918,10302.0,2695.0,1007.2,2267.5,5682.2,7434.255,3384.41,53.0,30,3,1,7,29,378000,1,1,1.0,1,5215.0,5350.0,26241.0,12415.0,9793.88,56689.91,2.0,3,17258.0,3376.0,15032.4,2,82,31278.0,63426.5,95674.0,8,52,19017.0,Y,946.17,saving,M,66,MEDIUM,18.400000000000002,1,911.0,1,8.0
4661,13522,7595.0,18612.75,23128.0,25830.34,11417.6,9856.41,9934.61,6.0,10,74,5,6,34,27000,1,1,1.0,1,52209.5,399.09,610000.0,3735.0,34664.0,42128.0,79.0,3,19026.0,78764.42,28682.96,43,20,47711.0,109724.0,52998.0,4,113,26324.0,Y,18402.47,current,M,62,MEDIUM,4.2,1,536.0,1,4.0
4662,16497,2457.0,154440.24,407.0,11223.88,1115.5,19169.0,42960.0,44.0,34,6,5,1,79,512000,1,1,1.0,1,725446.38,52000.0,15477.0,3735.0,23426.0,687651.0,7.0,4,38552.65,65978.7,316737.6,7,82,141361.0,20823.09,67744.0,49,26,17835.0,Y,1793.96,current,M,30,MEDIUM,5.0,3,249.0,1,6.0
4663,19282,13298.0,2325.23,1425.0,2973.5,79601.9,7206.425,169.0,63.0,9,50,3,15,31,366000,1,1,1.0,1,9717.55,48087.25,300500.0,10455.0,76631.61,30703.0,10.0,4,62186.0,19443.25,13459.0,4,34,30629.0,33895.52,68653.0,93,11,20052.0,Y,356.15,current,M,32,HIGH,12.0,10,445.0,0,8.0
4664,2885,14765.0,12090.68,7502.0,48823.74,3952.94,11457.0,80603.0,44.0,66,6,8,21,13,294000,1,1,1.0,1,17377.25,45769.27,6000.0,-7652.0,68911.86,31983.0,7.0,17,12924.0,7382.66,51072.91,3,8,37165.0,30485.07,101094.0,1,50,24905.0,Y,0.0,current,M,46,MEDIUM,2.6,9,537.0,0,5.0
4665,15562,11768.0,19313.47,50939.15,783.5,2130.77,7428.0,5561.0,9.0,15,50,25,1,34,112000,1,1,1.0,1,291969.2,33668.0,12000.0,6916.0,39551.04,39724.0,12.0,13,34567.0,79524.5,4014.0,3,17,71944.0,108519.9,133010.0,94,12,19822.0,Y,7962.67,current,F,28,HIGH,2.4000000000000004,3,582.0,1,19.0
4666,3566,294903.0,4674.92,1711.0,2699.0,12633.0,24929.43,21927.62,57.0,99,653,1,4,2,401000,1,1,1.0,1,4720.0,82907.34,8929.0,7478.0,45291.9,19946.0,3.0,3,196713.0,47179.94,47107.0,6,27,29163.0,37088.33,88091.0,14,106,25245.0,Y,5935.83,current,F,35,MEDIUM,7.5,3,710.0,0,16.0
4667,9992,2566.0,17388.22,2706.0,75467.0,12535.0,1394.53,1486.0,4.0,3,4,24,16,1,195000,1,1,1.0,1,291969.2,356899.37,51520.0,-5715.49022999999,64660.51,20729.0,2.0,1,37231.0,6850.88,248662.0,5,38,109146.0,20433.0,117968.0,6,83,24321.0,Y,1265.95,current,M,46,MEDIUM,26.0,6,525.0,1,9.0
4668,750,5203.0,1687.0,9259.88,9442.04,15808.0,21259.5,696.0,43.0,10,60,2,16,67,379000,1,1,1.0,1,111.4,455873.9,1209.0,1444.0,14943.25,73237.0,29.0,4,117748.0,104218.0,20870.0,24,6,45438.0,599348.98,26745.0,12,1,25905.0,Y,13861.69,current,F,32,LOW,6.0,1,385.0,1,17.0
4669,18693,15655.0,1591.98,3027.0,2350.13,3578.0,10865.0,1086.4,7.0,65,26,30,8,70,212500,1,1,1.0,1,15079.5,9866.01,56305.0,3897.0,25180.25,23344.0,18.0,35,42002.0,12710.5,30220.0,47,59,43664.0,111654.5,65521.0,9,8,66758.0,Y,4085.63,current,M,56,HIGH,32.4,6,538.0,1,19.0
4670,14462,18428.0,3203.15,1541.0,13241.5,3876.0,3500.025,3700.0,12.0,66,46,19,27,30,300000,1,1,1.0,1,4614669.901,730000.0,500718.0,1500.0,92621.62,20024.0,29.0,6,25814.0,42865.74,86391.77,3,70,137000.0,20364.94,21371.0,5,15,27799.07,Y,8255.71,current,M,55,MEDIUM,3.5,1,539.0,1,7.0
4671,1456,11416.0,20127.58,3082.0,5483.32,760.54,759.0,1224.0,92.0,67,7,5,7,1,512000,1,1,1.0,1,1234298.9,93.35,2214.0,5730.0,150309.0,222920.03,42.0,3,156853.61,35292.94,23258.0,3,108,20184.0,5827.0,27922.0,9,3,36915.0,Y,4762.1,current,M,47,MEDIUM,5.4,8,269.0,1,10.0
4672,10410,29866.0,1652.0,11217.0,16232.38,1754.0,16157.045,1058.0,1.0,10,82,1,2,4,169000,1,1,1.0,1,48675.31,43397.0,33774.0,173.0,130321.41,92135.91,11.0,15,13321.0,3978.0,147317.25,24,81,61446.0,44732.93,143662.0,6,120,35783.0,Y,6437.48,current,M,27,LOW,2.1,10,314.0,0,17.0
4673,17829,2836.0,11405.0,14550.0,9844.02,4326.0,4285.0,628.0,25.0,23,35,8,4,3,340000,1,1,1.0,1,41070.0,500358.79,5797.0,167.0,9274.79,49556.18,7.0,0,16235.0,23039.0,377994.06,5,108,30543.0,107871.25,19310.0,6,63,33603.0,Y,4197.87,saving,M,53,LOW,26.400000000000002,4,658.0,0,20.0
4674,11461,86713.0,7679.0,5097.46,55821.71,2086.64,18535.0,1080.0,60.0,20,47,18,4,79,177000,1,1,1.0,1,384550.05,400000.0,33774.0,20324.0,31413.48,136511.5,42.0,3,102450.0,17468.53,154021.0,1,8,145033.0,97873.88,11763.0,6,24,25449.0,Y,2977.5,current,M,53,MEDIUM,33.0,2,574.0,1,5.0
4675,6927,3.0,9577.0,2948.84,49228.0,2445.0,1378.86,24148.83,43.0,32,74,24,60,67,125000,1,1,1.0,1,63247.65,25404.0,24250.0,0.0,96821.86,62713.0,11.0,43,32548.0,196749.01,79704.72,2,34,21350.0,80930.21,8005.0,9,18,41702.0,Y,4436.89,current,F,35,MEDIUM,1.5,10,394.0,0,13.0
4676,12081,7709.0,8134.3,24296.26,1221.56,5331.24,32116.485,4356.0,1.0,8,50,8,2,30,147000,1,1,1.0,1,1982892.29,560000.0,50000.0,12415.0,19999.48,7219.4,5.0,35,2750.0,93960.74,151701.74,31,29,4100.0,36043.75,28446.0,12,12,255500.0,Y,272.87,saving,M,53,MEDIUM,26.400000000000002,3,743.0,1,4.0
4677,10485,476.0,1591.97,16031.0,3365.78,1055.76,25067.75,10162.79,8.0,84,89,3,7,1,326000,1,1,1.0,1,685580.0,76157.6,954.0,553.0,36917.76,10242.0,4.0,6,98990.0,344.5,16052.0,6,171,30531.0,72228.8,121940.0,62,73,16020.0,Y,4040.9,current,F,222,LOW,181.8,5,974.0,0,10.0
4678,15158,4955.0,16392.6,17272.0,912.0,23542.0,3224.0,546.0,4.0,27,1,3,1,1,375000,1,1,1.0,1,1035.0,223379.4,5540.0,10770.0,158740.0,7150.0,77.0,4,34812.0,161467.93,51072.91,1,7,46466.0,17549.64,27549.0,62,50,26224.0,Y,3414.4,current,F,51,LOW,31.0,6,684.0,1,10.0
4679,18455,13362.0,4801.56,311.04,6543.76,1090.92,5376.2,13319.0,6.0,10,3,24,2,47,524000,1,1,1.0,1,825.0,60481.0,43798.0,-4679.0,72518.92,62161.0,67.0,15,154154.0,20694.0,30838.92,43,8,50174.0,34863.35,10790.0,5,13,129500.0,Y,2943.37,current,M,66,LOW,13.8,6,614.0,1,2.0
4680,2729,14591.0,10071.03,4369.5,13147.06,496.87,7467.0,5727.0,8.0,32,61,30,24,56,351000,1,1,1.0,1,16100.0,16000.0,24251.0,6885.0,31869.25,27600.0,11.0,1,36761.0,57890.97,46753.0,6,25,29466.0,64718.07,39329.0,6,58,17399.0,Y,3907.5,current,M,33,LOW,13.0,10,296.0,1,7.0
4681,11911,6257.0,13129.67,1536.0,1235.95,13561.0,1352.04,7240.0,101.0,43,86,35,1,6,366000,1,1,1.0,1,42460.6091,267421.4,4895.0,5340.0,38120.17,31410.0,11.0,1,43078.0,58198.24,37106.0,45,171,18842.0,25148.15,57316.41,49,106,15036.0,Y,10169.65,current,M,46,MEDIUM,5.2,1,355.0,1,11.0
4682,19729,1982.0,11037.92,5830.88,4724.24,7366.41,20914.0,1376.0,10.0,36,44,3,55,68,226000,1,1,1.0,1,168265.55,69370.0,20000.0,-5942.0,71834.94,85967.0,79.0,3,10996.0,57913.57,34218.0,2,5,40644.0,225976.75,541767.03,2,50,26460.0,Y,13601.05,current,M,31,HIGH,3.3000000000000003,6,395.0,1,10.0
4683,18358,18506.0,25508.6,5481.87,6349.11,2887.48,15840.64,2062.0,80.0,36,3,3,51,56,382000,1,1,1.0,1,83400.3,60040.0,49975.0,8572.0,289.37,185852.0,46.0,2,57474.0,39664.0,24534.0,6,20,37492.0,275923.71,4745.0,2,79,174558.0,Y,946.63,saving,M,62,LOW,33.6,9,247.0,1,17.0
4684,18732,10824.0,21149.0,446.0,4376.0,2715.4,3254.0,658.0,7.0,1,2,2,2,47,199999,1,1,1.0,1,496065.0,446457.0,908.0,-5439.0,93065.12,37053.0,12.0,19,50106.0,38243.58,40526.0,1,5,127150.07,27139.0,27803.0,1,73,61791.0,Y,4416.62,current,M,63,MEDIUM,8.6,6,743.0,1,8.0
4685,1332,7087.0,8077.69,3602.82,10182.7,6612.4,5077.59,4784.32,4.0,9,44,3,2,70,147000,1,1,1.0,1,151000.0,187788.1,1209.0,19453.0,773497.64,24040.0,90.0,2,78060.0,60931.98,63943.0,7,82,24280.0,41621.38,85194.0,4,79,27930.0,Y,4120.51,saving,M,35,MEDIUM,1.5,5,446.0,1,6.0
4686,16769,12385.0,7694.08,1259.34,11639.72,11163.64,12211.88,337.0,17.0,77,35,50,25,13,177000,1,1,1.0,1,671039.05,1194405.5,50000.0,-5998.43994,3369.25,12493.0,3.0,3,69836.0,766.58,832.0,9,78,22905.0,32482.76,52251.5,18,18,53449.0,Y,6125.92,current,M,27,MEDIUM,7.0,10,863.0,1,18.0
4687,11736,5112.0,16409.5,399.0,12718.0,1921.0,1357.52,233.0,3.0,32,30,3,2,17,408000,1,1,1.0,1,4731234.6,12257.0,891.0,2921.0,80634.98,37733.0,42.0,4,32762.0,22611.05,177980.86,45,6,183.0,79741.0,20936.0,53,3,33868.0,Y,8845.49,saving,M,118,MEDIUM,9.8,6,658.0,1,13.0
4688,15069,1033.0,45996.41,6990.5,29349.0,2781.52,2276.0,4858.0,67.0,5,16,1,1,2,520000,1,1,1.0,1,1466675.0,191000.0,72000.0,6916.0,14149.25,38920.0,89.0,19,47857.0,37004.62,48619.05,4,105,21747.0,34493.45,28194.0,36,65,36521.0,Y,1394.66,current,F,29,MEDIUM,7.2,4,969.0,0,19.0
4689,7700,308638.0,9796.65,8044.0,24865.0,8980.91,54139.07,4184.15,2.0,66,23,4,1,79,45000,1,1,1.0,1,5045.13,64491.0,20887.0,-4664.0,23163.88,44320.0,11.0,13,33954.0,36293.66,186698.0,6,23,28683.0,60770.39,134797.5,117,49,48262.0,Y,4222.16,current,F,27,LOW,4.9,9,623.0,1,4.0
4690,12200,19850.0,21273.76,13208.44,16511.44,6658.0,2100.06,5023.0,63.0,26,50,48,2,3,378000,1,1,1.0,1,13659.0,680956.4,3792.0,-4664.0,6897.01,86860.0,40.0,9,2.0,42321.23,47573.0,9,6,23242.0,95451.16,15754.76,8,83,48377.0,Y,6952.62,current,M,32,MEDIUM,9.600000000000001,1,314.0,1,12.0
4691,9389,4249.0,11800.0,597.01,4792.0,5682.2,1416.0,389.0,5.0,36,52,30,21,5,430000,1,1,1.0,1,1895.04,119451.0,19176.0,903.0,49313.71,141506.0,103.0,1,6469.0,111030.51,27165.0,4,38,1600.0,220943.0,55260.0,6,96,32616.0,Y,946.22,current,F,46,LOW,10.4,3,314.0,1,5.0
4692,7614,12550.0,8443.93,6944.5,5008.56,1656.0,11452.0,12868.0,4.0,3,5,5,2,13,59000,1,1,1.0,1,31454.1,87578.0,1135.0,4889.0,53877.07,76969.0,42.0,4,111591.0,67294.0,120111.0,50,86,98987.0,171508.5,147310.0,12,40,43587.0,Y,3266.02,current,M,34,MEDIUM,12.600000000000001,8,394.0,1,8.0
4693,2868,4964.0,3006.5,10802.0,24556.38,2248.0,14977.0,2682.0,10.0,23,32,42,3,12,568000,1,1,1.0,1,41883.6,60040.0,6100.0,12174.0,18829.9,28495.0,67.0,1,72191.0,238688.22,99082.0,2,29,23488.0,101.0,79651.0,19,11,832.0,Y,898.29,current,F,37,MEDIUM,17.0,2,485.0,1,3.0
4694,1790,16740.0,10956.44,1080.0,26959.5,11754.0,1333.0,2890.0,12.0,10,112,4,11,10,520000,1,1,1.0,1,99984.83,19000.0,4895.0,20324.0,8086.25,114034.0,2.0,33,30608.0,33451.2,199854.36,2,36,95362.0,27793.85,113783.57,1,61,28970.0,Y,10068.08,current,M,44,MEDIUM,19.200000000000003,9,863.0,1,16.0
4695,2962,8605.0,36598.5,2977.0,14202.0,359.86,7423.0,6674.0,10.0,47,84,3,1,55,371000,1,1,1.0,1,16317860.0,225000.0,787.0,20324.0,16592.89,61642.88,55.0,36,47403.0,32469.0,70092.0,5,28,7511.0,53480.5,549.0,2,11,45324.0,Y,4953.65,current,M,47,MEDIUM,24.3,1,863.0,0,8.0
4696,9324,129116.0,10551.0,808.3,15174.76,73591.63,10024.5,71638.0,7.0,4,135,47,36,41,46000,1,1,1.0,1,39851.93,61022.63,15756.0,-5998.43994,38606.31,51918.27,69.0,17,16953.0,65750.6,21631.31,1,18,45391.0,19323.71,32544.0,3,39,30581.75,Y,3028.5,current,M,47,MEDIUM,8.1,8,448.0,1,8.0
4697,5994,17195.0,5882.0,34247.53,1481.0,18421.84,20382.7,2520.0,2.0,4,27,15,17,1,156000,1,1,1.0,1,370776.0,110135.86,49975.0,553.0,3000.07,144898.0,41.0,26,60228.0,8387.39,40911.0,2,8,428.03,62687.75,60449.57,5,38,83069.0,Y,468.49,current,M,55,MEDIUM,35.0,6,685.0,1,13.0
4698,1736,18085.0,3746.0,18340.0,14448.82,359.86,8981.845,619.52,2.0,99,87,8,3,4,84000,1,1,1.0,1,825.0,8000.0,24094.0,0.0,593299.76,48512.0,10.0,3,8055.0,43798.0,212119.0,1,12,153433.0,53869.4,140303.0,21,106,2373.0,Y,8569.93,current,F,36,LOW,9.600000000000001,8,860.0,1,8.0
4699,12202,20418.0,4768.54,3798.0,5055.84,7687.0,4667.0,6728.0,25.0,77,13,1,1,2,13000,1,1,1.0,1,72.0,624742.27,15756.0,2921.0,21169.98,32745.0,63.0,2,33303.0,28138.35,120498.0,0,0,19815.0,41973.58,115602.0,4,80,25546.0,Y,1522.72,current,M,35,MEDIUM,7.5,9,863.0,1,7.0
4700,19731,18808.0,1196.35,1807.0,11501.24,666.08,9210.405,5305.0,1.0,56,135,4,9,2,74100,1,1,1.0,1,300.0,120541.0,925.0,1992.0,28607.68,41704.5,103.0,0,20171.0,324641.0,19913.0,7,108,184854.0,12072.78,154901.0,5,35,44694.0,Y,5896.13,current,M,33,LOW,1.3,7,801.0,1,12.0
4701,11109,12490.0,6100.46,2232.84,6047.5,1457.24,3130.0,945.97,6.0,60,26,24,11,3,303000,1,1,1.0,1,13732.93,1425000.0,300500.0,5773.0,37534.27,21054.0,46.0,35,26501.0,49700.22,43150.0,2,50,19180.0,62811.81,65267.44,21,38,357528.95,Y,3473.42,current,M,66,MEDIUM,13.8,10,488.0,0,3.0
4702,1415,4251.0,2433.84,5979.58,3158.4,992.0,4952.0,18487.0,124.0,8,4,1,27,91,272000,1,1,1.0,1,32805.0,105000.0,49975.0,20513.0,31577.0,18248.0,43.0,4,6004.0,160266.75,90366.13,2,8,37683.0,52673.0,6268.63,4,63,32752.0,Y,132997.39,current,M,46,MEDIUM,7.800000000000001,3,537.0,0,11.0
4703,16512,16984.0,6586.39,18558.6,66337.87,2020.28,5415.52,12670.16,124.0,10,11,4,55,56,138000,1,1,1.0,1,1417886.15,75925.0,925.0,2921.0,142888.95,178461.0,70.0,1,24616.45,20173.0,47334.0,43,8,32929.0,94842.56,50538.0,5,0,27884.0,Y,2896.73,saving,M,37,MEDIUM,11.9,10,883.0,1,17.0
4704,16330,20125.0,11067.09,1629.96,34258.61,2186.14,438.52,2083.0,4.0,4,85,18,2,70,68000,1,1,1.0,1,59703.93,186474.96,130000.0,6916.0,25258.78,18219.38,15.0,1,38344.0,18563.0,18389.0,2,75,24598.0,27181.32,446.0,2,32,28642.0,Y,27044.55,current,M,53,MEDIUM,23.1,10,386.0,1,3.0
4705,11138,8387.0,5552.0,2294.72,5938.54,3326.45,3703.035,887.0,136.0,9,4,5,1,58,177000,1,1,1.0,1,184685.28,117890.0,5797.0,16455.0,87913.28,2460.0,1.0,3,9960.0,68047.22,74491.12,3,8,34658.0,41007.6,59770.0,5,8,25595.0,Y,51.57,saving,M,35,MEDIUM,4.5,3,958.0,1,20.0
4706,1465,17872.0,4364.99,5449.86,12607.95,1421.92,1659.5,3053.62,19.0,84,61,3,51,44,491000,1,1,1.0,1,213557.15,118856.1,60000.0,14509.0,24252.77,390622.0,10.0,2,41786.0,530763.81,86138.0,6,69,21482.0,13263.29,36043.79,11,24,24698.0,Y,32750.59,current,M,66,LOW,4.6000000000000005,7,535.0,1,11.0
4707,7498,4826.0,8022.26,17900.0,1693.76,2629.2,21136.0,4781.52,6.0,66,6,1,4,4,16000,1,1,1.0,1,544500.0,1475000.0,130000.0,12174.0,49260.35,43943.91,40.0,5,9300.0,68272.47,3325.0,1,8,155168.0,99104.96,69561.25,9,12,25629.0,Y,10870.72,current,M,35,MEDIUM,12.0,4,737.0,0,19.0
4708,4996,305278.0,17956.53,3229.0,3425.18,13847.0,24728.03,1517.0,4.0,66,50,30,25,34,119000,1,1,1.0,1,4110.0,53749.0,24619.0,553.0,48962.04,185707.83,16.0,36,24119.0,54960.41,102460.0,5,70,24734.0,33779.09,80140.0,117,100,173.16,Y,22377.39,current,M,35,HIGH,4.5,7,372.0,1,12.0
4709,11508,2088.0,77733.96,1893.0,359.0,5013.0,2344.5,887.0,1.0,26,47,2,3,2,232000,1,1,1.0,1,13929.95,393201.39,610000.0,10210.0,588.75,43943.91,20.0,19,63015.0,232201.94,24365.0,1,108,43140.0,58738.5,67140.0,13,64,14275.0,Y,1890.0,current,M,53,LOW,9.9,10,766.0,0,19.0
4710,14546,6343.0,654.5,3604.0,35300.38,17542.6,5455.09,2207.0,63.0,36,1,8,62,47,326250,1,1,1.0,1,937.0,64091.0,30000.0,1079.0,60168.97,15611.0,20.0,6,58727.0,23131.5,53358.03,2,59,23093.0,21402.0,31284.0,22,22,16750.0,Y,6400.47,current,M,53,MEDIUM,33.0,3,865.0,1,17.0
4711,3678,7210.0,5961.445,2820.87,2412.03,411.0,13880.0,2555.3,26.0,23,4,18,3,22,218000,1,1,1.0,1,22086.05,1024477.47,2184.0,6885.0,84664.23,27059.67,11.0,9,3210.01,53344.96,650169.0,6,82,70019.87,34001.33,143165.0,2,76,25803.0,Y,5396.3,current,M,62,MEDIUM,29.400000000000002,4,536.0,0,6.0
4712,18101,8805.0,1578.62,1837.0,33146.53,910.0,2823.35,2507.4,26.0,1,135,1,25,17,300000,1,1,1.0,1,4120.0,54243.0,925.0,-12179.0,77161.0,217172.0,69.0,1,50392.0,149407.0,50171.0,4,171,62729.0,54150.33,147380.73,49,65,19365.0,Y,5069.27,current,M,66,MEDIUM,46.0,9,758.0,0,4.0
4713,3593,99894.0,54672.09,9458.0,12524.1,324.5,7186.0,39071.72,5.0,11,38,1,2,6,232000,1,1,1.0,1,127004.3,2625.16,1018.0,4856.0,165979.37,106668.0,46.0,19,30735.0,23483.0,47349.72,1,8,39423.0,35488.04,34637.5,5,12,22587.0,Y,8599.9,current,M,55,LOW,17.5,6,394.0,1,19.0
4714,10303,14740.0,3074.0,42350.9,3808.0,1597.0,1883.75,4893.0,44.0,10,44,1,1,10,17000,1,1,1.0,1,123295.4,154121.9,48374.0,0.0,73704.37,139279.0,10.0,26,22226.0,37405.0,12448.0,4,17,30008.0,88768.85,50587.66,58,36,15690.0,Y,5806.8,current,F,30,HIGH,8.0,1,737.0,1,14.0
4715,8157,13562.0,23485.51,17106.94,33841.68,6847.0,5590.0,2836.0,6.0,66,47,11,9,4,46000,1,1,1.0,1,7300.0,330001.0,30000.0,-4679.0,11432.95,265424.98,46.0,4,38621.0,19157.75,6576.0,1,46,33421.0,83525.75,6568.0,13,7,178885.0,Y,866.93,current,M,62,LOW,4.2,1,626.0,1,11.0
4716,18346,88237.0,1918.97,408.0,6363.42,6986.93,424.06,2338.0,2.0,10,6,1,2,1,471000,1,1,1.0,1,1112.4,97000.0,1727.0,13135.0,24870.59,9478.0,52.0,1,53894.0,18148.39,50098.0,31,50,97758.0,82952.32,49859.0,3,18,59480.0,Y,15141.26,saving,F,50,MEDIUM,6.0,10,863.0,0,14.0
4717,6760,18865.0,12889.56,1047.0,3393.5,2080.0,3404.09,4552.0,7.0,5,74,50,1,64,525000,1,1,1.0,1,6440.0,3.0,72000.0,-5715.49022999999,68203.7,46986.0,62.0,3,19420.0,48852.0,62581.0,2,14,69243.0,3759.0,68057.0,40,68,1410.0,Y,119.01,saving,M,35,LOW,13.5,2,928.0,1,16.0
4718,13991,17832.0,12450.0,6416.0,1246.0,2512.59,4586.39,19810.0,5.0,2,50,1,2,1,136000,1,1,1.0,1,291969.2,617203.09,130000.0,8723.0,19310.02,42200.0,10.0,0,22617.0,59467.9,28352.0,4,63,24828.0,66833.8,185715.0,46,50,38322.0,Y,310.98,current,M,51,HIGH,15.5,6,814.0,0,2.0
4719,8494,15331.0,3561.67,461.0,1933.0,11450.32,15673.5,8123.0,43.0,85,64,4,62,55,371000,1,1,1.0,1,151000.0,184514.0,73217.0,5730.0,81339.94,163442.0,42.0,19,18929.0,185614.72,47089.2,4,67,191600.0,103246.13,60241.0,12,32,49210.0,Y,2332.22,current,M,62,MEDIUM,21.0,3,268.0,1,15.0
4720,12860,13164.0,4920.6,1567.62,17431.5,2131.4,3295.0,4802.8,12.0,13,87,5,1,17,232000,1,1,1.0,1,270.0,465000.0,25524.0,20324.0,42123.94,43930.0,11.0,3,41531.0,40626.75,25879.0,2,35,10557.0,70615.83,152609.0,1,35,28805.0,Y,4051.35,current,M,42,MEDIUM,2.2,5,685.0,1,14.0
4721,15239,19748.0,2348.16,5785.46,10646.34,619.0,31349.0,2075.57,12.0,83,5,5,27,5,581000,1,1,1.0,1,197067.2,64491.0,610000.0,-6335.0,9780.22,97974.0,42.0,2,67691.0,92958.26,12122.0,1,171,482.0,81885.75,50515.69,9,24,11970.0,Y,8971.96,current,F,27,MEDIUM,6.300000000000001,4,796.0,1,18.0
4722,1671,13551.0,14542.905,1025.5,28588.02,14799.97,6550.0,3040.0,63.0,99,89,4,1,47,28000,1,1,1.0,1,3101.3,1543.85,3570.0,5340.0,25631.32,53535.88,42.0,1,33732.0,45944.01,94024.0,2,16,22984.0,65505.68,64955.0,5,24,331324.0,Y,5938.48,current,M,55,LOW,14.0,8,683.0,1,15.0
4723,13530,4948.0,5334.4,5803.0,15712.2,3240.0,20570.0,1303.0,26.0,14,10,3,2,9,98000,1,1,1.0,1,2720.0,165916.18,48500.0,1089.0,31500.8,23212.0,24.0,2,48465.0,169131.25,24767.0,4,11,56623.0,100538.71,989236.0,8,21,20760.0,Y,702.28,current,M,30,MEDIUM,5.0,3,512.0,1,3.0
4724,13186,3263.0,2222.5,6949.65,26568.61,2815.3,1600.5,7659.0,26.0,1,49,1,3,4,371000,1,1,1.0,1,137260.8,10947.0,130000.0,-6885.0,54730.75,32988.0,62.0,19,79890.0,54161.46,12103.0,31,44,344013.0,20692.97,55939.0,4,83,29062.0,Y,1394.66,current,M,42,HIGH,17.6,5,653.0,1,16.0
4725,11412,291045.0,25261.0,11287.0,26406.98,2467.99,625.21,11149.98,1.0,23,105,35,2,17,127500,1,1,1.0,1,2.13,105000.0,1526.0,4795.0,3935.71,51414.0,16.0,1,63000.0,13552.63,110143.0,45,81,396556.0,81793.45,146376.0,5,12,35588.0,Y,196.96,current,M,44,LOW,21.6,9,700.0,0,15.0
4726,13824,12165.0,71147.21,1427.0,694.0,3682.0,14286.75,23315.26,7.0,19,87,18,7,5,170000,1,1,1.0,1,8556.25,194099.3,787.0,4795.0,28314.33,27382.5,7.0,13,19142.0,81343.96,41052.0,2,12,27468.0,17637.16,49972.5,4,22,44242.0,Y,2905.26,current,M,58,LOW,34.2,1,259.0,1,14.0
4727,7723,5102.0,14002.56,2232.0,780.0,17378.0,1559.5,12815.0,57.0,26,2,1,12,81,293000,1,1,1.0,1,6100.0,165970.9,15756.0,1411.0,38474.89,68478.0,46.0,31,11020.0,44033.09,260085.0,3,69,18365.0,3324.88,13174.0,3,1,62247.0,Y,2335.07,current,M,223,LOW,162.4,10,503.0,1,8.0
4728,19891,8494.0,1245.035,2525.94,1072.5,1638.0,702.0,3711.0,19.0,83,10,2,9,4,300000,1,1,1.0,1,78472.48,343342.9,2214.0,6885.0,56029.97,21522.0,42.0,0,37966.23,3688.0,88405.0,3,20,9988.0,63432.14,18159.5,5,100,1237.0,Y,6973.58,current,M,29,LOW,2.7,1,233.0,0,18.0
4729,19652,13170.0,15091.53,276.25,84901.38,210.0,12290.0,869.65,50.0,23,50,8,1,34,267000,1,1,1.0,1,47936.43,108486.0,908.0,1500.0,15466.28,144947.0,11.0,5,8670.12,9355.0,43284.0,2,59,15746.0,23710.0,96730.0,40,124,173252.0,Y,2332.22,current,M,34,LOW,1.4000000000000001,9,801.0,1,20.0
4730,1386,13164.0,42066.36,5977.0,8647.0,22304.86,791.0,13004.6,17.0,3,9,1,4,1,226000,1,1,1.0,1,12510.0,95658.0,33774.0,2819.0,10329.25,53251.0,35.0,3,17507.0,93049.38,13155.0,11,11,64500.0,46871.14,527733.0,3,58,10460.0,Y,568.75,current,M,32,MEDIUM,1.2000000000000002,9,245.0,1,12.0
4731,10973,14967.0,7814.53,11174.23,13382.52,7108.76,2842.0,1192.63,8.0,18,7,1,3,12,382000,1,1,1.0,1,77855.0,375000.0,4198.0,-6301.0,53414.24,12488.0,3.0,1,14950.0,6470.0,2083.0,2,171,29931.0,21052.0,15412.0,58,12,51300.0,Y,4040.9,current,M,33,MEDIUM,5.2,10,588.0,1,19.0
4732,9298,4263.0,5924.23,1165.0,1751.81,6253.0,7645.99,8935.19,7.0,23,87,25,18,79,472000,1,1,1.0,1,684495.7,674291.83,96497.0,1332.0,8336.91,14666.0,11.0,0,32487.0,142294.74,96248.0,6,20,40644.0,25173.37,249217.0,11,22,15124.0,Y,13740.99,current,M,40,MEDIUM,20.0,5,743.0,0,3.0
4733,2190,140542.0,1594.06,1790.0,16503.0,4585.19,22583.0,8175.0,8.0,32,42,1,31,28,380000,1,1,1.0,1,1674.4,95658.0,1036.0,2819.0,29416.36,41822.42,8.0,0,159847.0,24795.18,20059.0,4,70,16830.0,13523.72,35468.0,7,50,24606.0,Y,8883.7,saving,M,30,HIGH,10.0,9,653.0,1,17.0
4734,13008,7849.0,21601.83,6104.3,773.19,1402.0,12964.0,1010.0,4.0,1,23,2,2,42,302000,1,1,1.0,1,747610.0,148150.33,33950.0,553.0,42858.05,51440.0,5.0,1,13597.0,169526.49,20347.3,2,5,16546.0,3759.0,31011.0,5,104,19889.0,Y,169.0,current,M,32,MEDIUM,4.800000000000001,9,454.0,1,8.0
4735,6418,27524.0,24342.65,3994.8,2439.35,11209.0,1386.0,3098.0,14.0,18,4,4,46,12,54000,1,1,1.0,1,1112.4,1475000.0,6100.0,2351.0,29130.0,73153.0,59.0,1,36721.0,55633.64,29666.0,3,82,83351.0,193346.75,63288.0,2,9,164848.0,Y,2659771.43,current,M,33,MEDIUM,2.6,6,269.0,1,14.0
4736,11354,212774.0,12573.79,8733.93,45651.28,7579.5,3274.22,14302.09,7.0,10,74,4,51,1,147000,1,1,1.0,1,124929.75,19129.94,2019.0,12415.0,18832.33,52791.0,18.0,35,37985.0,18953.76,61867.0,9,12,5109.0,64773.5,110890.88,3,63,20768.0,Y,3112.24,current,M,36,MEDIUM,1.6,2,511.0,1,9.0
4737,7282,85854.0,34523.47,1006.0,21192.33,2681.03,1061.0,4985.0,100.0,67,117,15,17,68,375000,1,1,1.0,1,32951.25,234459.4,2158.0,844.0,23623.83,66221.0,62.0,36,535000.0,9886.39,81843.0,6,82,50835.0,35127.68,62372.0,47,10,20828.0,Y,8501.5,current,M,67,LOW,37.6,3,247.0,1,18.0
4738,18791,11289.0,9574.0,1058.28,13807.35,897.59,17949.67,1338.0,1.0,71,35,2,12,5,187000,1,1,1.0,1,250631.8,2436.91,33774.0,8723.0,32995.06,23746.85,52.0,1,26298.0,23847.0,31708.5,5,108,54405.0,40853.93,11760.01,3,50,105995.0,Y,4057.23,current,M,36,MEDIUM,12.8,6,743.0,1,2.0
4739,5316,402475.0,1643.81,6065.9,5284.16,249.0,20132.245,745.0,24.0,10,5,24,27,1,523000,1,1,1.0,1,5809950.0,74599.9,6100.0,4856.0,1053.25,13711.38,11.0,26,114602.0,77238.64,70597.0,1,70,28429.0,265154.13,64262.79,1,50,21719.0,Y,13144.96,current,M,66,MEDIUM,36.800000000000004,6,464.0,1,4.0
4740,8759,1007.0,38363.99,31684.0,2268.14,6710.36,5285.0,2510.0,92.0,1,7,18,31,1,378000,1,1,1.0,1,13659.0,1382889.0,655.0,553.0,3818.25,63491.0,69.0,1,26604.0,33528.45,106526.0,7,63,28923.0,12244.49,22089.12,2,104,16808.0,Y,28708.32,saving,M,47,LOW,5.4,4,454.0,1,7.0
4741,4040,224673.0,5168.0,1755.0,3195.58,2218.73,21796.0,11233.0,43.0,3,61,15,3,56,371000,1,1,1.0,1,3380.0,560000.0,2214.0,6916.0,82184.42,423568.4,23.0,11,18605.0,18317.6,2102.0,6,82,30166.0,15642.0,30632.0,3,12,56660.0,Y,2825.47,current,M,28,MEDIUM,3.2,5,653.0,1,6.0
4742,1807,20011.0,1032.0,5474.14,1564.42,29664.0,8525.385,2123.0,7.0,34,64,1,1,98,19000,1,1,1.0,1,716556.5,32000.0,11545.0,6916.0,142.25,34049.0,35.0,13,52472.0,74005.5,44088.0,6,21,35964.72,86135.0,141802.86,62,104,76031.0,Y,1640.31,current,F,39,LOW,19.0,7,928.0,1,13.0
4743,9019,3667.0,17077.65,3826.0,7305.43,2781.52,3644.7,3838.5,136.0,3,7,57,6,13,147000,1,1,1.0,1,42460.6091,5000000.0,3850.0,-6301.0,46682.06,37133.0,42.0,6,45933.0,23339.79,115119.0,7,59,20558.0,48205.02,45159.0,49,104,53589.0,Y,13818.69,current,M,32,MEDIUM,3.6,7,653.0,1,16.0
4744,10273,8353.0,3656.0,13098.21,28933.37,1160.06,4310.0,1486.0,12.0,10,67,10,9,1,226000,1,1,1.0,1,34635.25,48087.25,2214.0,0.0,532349.0,24774.0,42.0,14,7865.0,130505.58,40739.0,1,20,66943.0,39781.82,105422.0,7,13,36518.0,Y,9758.48,current,M,66,LOW,13.8,9,653.0,1,15.0
4745,2722,217144.0,1534.8,6241.47,6954.0,14081.12,2859.0,1102.92,9.0,65,67,57,21,18,170000,1,1,1.0,1,253302.0,335948.0,155205.0,12174.0,19557.0,32174.0,11.0,3,96303.0,7123.15,103042.0,4,78,14100.0,37078.0,144505.0,1,32,49800.0,Y,9622.48,current,M,66,LOW,36.800000000000004,3,394.0,1,10.0
4746,15854,12496.0,10859.35,20945.08,41141.0,7086.89,9067.215,4947.95,7.0,23,6,3,2,2,50900,1,1,1.0,1,10006.2,82907.34,24619.0,-4679.0,19553.77,30176.4,16.0,5,56575.08,137746.76,62326.0,2,70,19610.0,6633.82,24655.0,94,3,691984.71,Y,922.51,current,F,36,MEDIUM,1.6,4,331.0,1,13.0
4747,18403,20332.0,16568.4,1883.46,24545.05,13227.79,3637.095,2488.0,1.0,13,2,4,16,6,453000,1,1,1.0,1,83688.0,54395.0,925.0,6260.0,285751.25,22573.0,62.0,13,24888.0,200324.62,74357.0,4,35,138651.0,46038.33,176232.0,2,8,120100.0,Y,5189.54,current,M,66,LOW,41.400000000000006,5,805.0,1,5.0
4748,9058,299259.0,15037.76,12309.0,1783.0,10397.78,16496.24,2829.0,8.0,18,67,2,9,13,75000,1,1,1.0,1,1466675.0,159415.3,12016.0,0.0,55445.91,109536.0,11.0,26,24011.0,65743.79,19104.0,1,7,34650.0,84164.12,34371.0,2,73,6123.0,Y,6077.25,current,M,32,MEDIUM,1.2000000000000002,8,355.0,1,16.0
4749,17959,290592.0,15438.0,189.0,118564.5,6977.09,23551.81,10111.2,37.0,22,50,15,3,22,218000,1,1,1.0,1,116.0,64491.0,24000.0,5340.0,35032.25,76195.0,11.0,3,26003.0,51505.49,7724.0,1,59,61738.38,27074.91,10219.0,93,42,77750.0,Y,104770.2,saving,M,44,MEDIUM,9.600000000000001,1,511.0,1,5.0
4750,4916,62.0,5161.94,12701.75,2455.93,647.0,13609.93,920.0,531.0,99,6,2,6,41,574000,1,1,1.0,1,33784.35,42723.0,4198.0,1429.0,12629.0,26752.0,11.0,36,17922.0,40711.75,62347.74,23,50,20800.0,22853.22,63066.0,1,12,25131.0,Y,2603.62,current,M,47,LOW,18.900000000000002,1,867.0,1,6.0
4751,1508,4976.0,2775.0,391.0,6535.85,70209.0,9917.535,537.0,5.0,2,27,8,1,2,461000,1,1,1.0,1,3950.0,54395.0,16114.0,1411.0,11238.58,27697.88,90.0,36,17990.0,31623.49,45201.0,1,171,52950.0,5019.47,2708.0,14,65,17088.0,Y,2366.8,saving,M,35,LOW,1.5,2,536.0,1,12.0
4752,18054,10286.0,29357.04,253.0,10499.08,10397.78,14228.17,21927.62,6.0,10,27,4,51,67,74100,1,1,1.0,1,8554.5,470000.0,16215.0,12415.0,190717.7,81566.41,29.0,7,165642.0,83736.16,26823.0,2,24,16187.0,88886.6,100641.75,21,24,19278.0,Y,4773.42,current,M,32,MEDIUM,7.2,2,366.0,1,15.0
4753,4505,34940.0,2292.5,627.1,2525.97,4223.59,25988.0,4171.04,12.0,29,135,2,1,75,525000,1,1,1.0,1,213557.15,96096.0,100000.0,1931.0,6212.75,42141.99,42.0,2,27514.0,76811.41,41962.03,2,12,26075.0,8072.0,31213.0,94,38,563445.0,Y,6164.32,current,F,30,LOW,4.0,3,486.0,1,10.0
4754,16421,6979.0,11639.53,8615.96,14725.59,16729.0,4451.92,4784.32,31.0,2,29,4,2,68,19000,1,1,1.0,1,2184.0,30453.0,90525.0,-12179.0,37691.89,95332.15,7.0,31,73394.0,27942.0,13343.0,6,13,16780.0,45875.75,6931.0,2,75,103458.0,Y,8883.7,current,M,56,MEDIUM,7.2,9,945.0,1,11.0
4755,5371,4580.0,1896.32,14437.35,12570.0,4819.0,3468.5,546.0,6.0,65,60,60,2,98,44000,1,1,1.0,1,223000.0,142608.5,25000.0,-5998.43994,70885.9,2169.0,89.0,4,15233.0,37507.75,29793.0,43,44,27466.0,39713.38,13655.0,5,50,122782.0,Y,4607.37,current,M,66,MEDIUM,23.0,4,653.0,0,9.0
4756,7313,18680.0,29625.0,363.0,17795.0,9580.0,8832.425,6109.0,4.0,20,1,4,18,1,525000,1,1,1.0,1,67833.35,17000.0,50000.0,5730.0,49437.8,30642.0,46.0,5,37297.0,71576.44,102683.9,1,42,77619.0,96466.76,121410.0,93,10,184.0,Y,17044.86,current,M,53,LOW,19.8,6,424.0,1,20.0
4757,13518,26112.0,24201.92,4391.71,12022.49,13090.0,2867.0,8056.0,100.0,66,14,18,8,26,263000,1,1,1.0,1,347309.75,129149.19,14550.0,17397.0,54303.88,30864.74,55.0,5,28438.0,49684.01,70206.24,2,12,11258.0,105668.76,192894.0,14,83,16065.0,Y,18362.96,current,M,44,MEDIUM,14.4,8,249.0,1,14.0
4758,8317,16674.0,10036.0,1317.0,6416.0,2700.0,3721.0,3899.0,5.0,34,62,35,1,9,287000,1,1,1.0,1,825.0,43397.0,300500.0,5730.0,29685.88,56988.0,17.0,30,30118.0,94051.12,21218.0,2,8,30142.0,50072.53,20372.0,5,52,44226.0,Y,398.84,current,M,47,MEDIUM,21.6,6,809.0,1,2.0
4759,8103,337878.0,10481.0,8762.0,4107.32,1167.95,14973.89,1755.0,7.0,9,1,48,6,3,120500,1,1,1.0,1,10006.2,100934.0,155205.0,844.0,30222.25,97667.0,4.0,36,17.6,33457.01,30426.0,1,20,22220.0,63753.25,18827.0,3,24,72847.0,Y,1760.78,current,M,33,MEDIUM,10.4,3,538.0,0,6.0
4760,13632,16867.0,3423.85,569.0,41586.27,4799.12,3677.2,715.0,12.0,5,7,62,2,42,204000,1,1,1.0,1,65887.8,42723.0,1727.0,1089.0,113493.28,44298.0,55.0,36,97093.0,49353.87,41525.0,6,25,43176.0,244752.15,219379.0,3,57,460571.0,Y,12381.29,current,M,27,LOW,4.2,7,374.0,0,13.0
4761,18550,7019.0,9516.06,632.0,2761.14,22609.93,14190.5,17167.0,3.0,6,50,1,31,53,134000,1,1,1.0,1,105453.65,1971236.9,6100.0,-4664.0,60830.0,10287.0,89.0,1,145994.0,95508.43,121269.0,43,20,86253.0,34633.5,48391.0,2,32,24800.0,Y,7546.02,current,M,28,HIGH,2.4000000000000004,3,606.0,1,7.0
4762,18151,11328.0,20650.89,7944.0,6526.9,11070.0,8791.195,2085.0,10.0,9,13,45,1,1,453000,1,1,1.0,1,9717.55,105000.0,5981.0,2351.0,164709.74,200341.0,55.0,31,100217.0,29627.0,99201.0,23,6,86324.75,61664.85,37705.0,1,38,95800.0,Y,4077.49,current,M,29,LOW,6.300000000000001,5,296.0,0,2.0
4763,6960,18228.0,1603.04,4898.0,4344.61,814.0,2138.25,10111.2,5.0,7,53,3,62,2,378000,1,1,1.0,1,139323.25,190887.4,30011.0,-4664.0,32823.12,67745.0,69.0,36,34322.0,66325.89,118110.0,4,6,32886.0,33482.06,372302.8,36,49,26029.0,Y,22102.38,current,M,35,LOW,1.5,10,537.0,1,10.0
4764,1432,17023.0,18724.5,12118.2,55253.61,13561.0,3118.24,37291.68,8.0,18,74,7,2,68,47000,1,1,1.0,1,2002.36,1400000.0,105000.0,19453.0,336840.75,34683.0,43.0,2,41754.0,38019.15,334601.0,23,82,53086.0,187001.87,88306.12,7,50,145000.0,Y,24233.96,current,M,46,MEDIUM,7.800000000000001,1,685.0,1,18.0
4765,9359,139050.0,77693.59,4898.0,8406.11,357.73,11449.155,2226.02,104.0,10,4,3,5,58,524000,1,1,1.0,1,1399.9,32714.0,130000.0,1429.0,60540.15,27115.0,12.0,0,39329.0,54177.26,11682.0,8,11,25931.0,8126.68,7893.0,4,106,275.0,Y,12730.29,current,M,28,MEDIUM,8.0,2,488.0,0,3.0
4766,4324,3085.0,13512.0,39073.76,1120.3,15477.18,1721.0,214.0,26.0,5,10,41,2,2,525000,1,1,1.0,1,1360.0,138017.0,28913.0,5773.0,30232.3,93353.0,42.0,1,23219.0,63984.58,98992.0,0,171,38546.0,64479.0,75451.0,4,50,4165.0,Y,834.32,current,M,60,LOW,8.0,2,256.0,0,19.0
4767,13929,37158.0,1860.86,3387.5,15372.52,2195.0,9829.0,9934.61,24.0,5,67,4,2,42,293000,1,1,1.0,1,10006.2,11000.0,15756.0,20513.0,165363.2,73584.0,15.0,18,31325.0,44059.04,174142.5,2,17,39652.0,25072.14,50067.0,3,0,13707.0,Y,260.55,current,M,53,MEDIUM,29.700000000000003,5,859.0,1,9.0
4768,7427,16184.0,15026.05,482.0,3579.56,4975.0,1929.38,4597.0,44.0,66,5,2,3,54,34000,1,1,1.0,1,153410.0,330001.0,631.0,6885.0,6212.75,61150.0,147.0,9,22237.0,59356.03,97884.0,12,81,1399.0,7546.35,44224.09,11,52,41578.0,Y,3241.26,current,M,223,LOW,121.80000000000001,3,863.0,1,5.0
4769,5096,776.0,1357.44,5898.0,581.0,8897.0,10342.865,6719.85,15.0,23,2,47,31,8,720000,1,1,1.0,1,77855.0,29479.0,971.0,35346.0,57617.05,50536.0,46.0,5,33019.0,19068.72,24488.0,1,20,24446.0,21207.0,90798.0,14,67,22665.0,Y,1775.44,current,M,36,MEDIUM,6.4,1,748.0,1,13.0
4770,8849,126436.0,82323.14,24657.17,11229.53,1541.0,3308.46,13780.0,53.0,77,84,48,9,47,47000,1,1,1.0,1,1399.9,186474.96,5797.0,1411.0,61988.79,19036.0,7.0,26,23765.0,9928.19,17668.5,2,9,178243.0,232639.06,56319.38,38,49,19017.0,Y,3888.42,current,M,50,MEDIUM,6.0,4,370.0,1,13.0
4771,18903,175411.0,3445.825,3048.0,73552.2,8284.15,2687.245,10346.04,50.0,8,14,1,2,6,83000,1,1,1.0,1,1910215.0,82907.34,15756.0,8572.0,16070.84,22873.0,36.0,36,120500.0,9800.0,10040.0,2,5,24744.0,17459.57,89787.0,1,54,63489.0,Y,8786.83,current,M,47,MEDIUM,18.900000000000002,6,324.0,1,2.0
4772,16814,8326.0,3521.41,9192.0,2912.0,1594.0,1704.0,8650.0,5.0,128,12,26,31,2,58000,1,1,1.0,1,123295.4,117890.0,678.0,1500.0,50258.0,239.82,23.0,36,15893.0,36621.69,32076.0,3,82,14902.0,40419.32,20271.75,14,24,22814.0,Y,1820.49,current,M,42,MEDIUM,8.8,9,626.0,0,11.0
4773,17684,1730.0,1135.0,196.0,3693.8,382.0,1606.45,80603.0,44.0,128,9,1,2,16,576000,1,1,1.0,1,99022.07,170989.0,5412.0,6916.0,18283.34,46200.0,8.0,9,240000.0,185951.62,48595.0,6,87,55300.42,105340.94,85140.95,5,50,71057.0,Y,2908.26,saving,M,63,MEDIUM,34.4,6,686.0,1,18.0
4774,7074,35228.0,2325.23,2472.0,1585.0,20109.36,10217.97,26325.0,3.0,23,49,50,24,1,187000,1,1,1.0,1,497317.93,43021.0,641.0,20324.0,8485.2,20960.0,8.0,4,91381.0,23594.33,16246.79,4,63,26561.0,1435.11,142648.75,47,3,28676.0,Y,4248.92,current,M,60,MEDIUM,36.0,8,535.0,1,12.0
4775,6149,12457.0,14386.78,5730.03,17198.3,502.5,5981.38,5962.0,4.0,6,5,1,1,4,47000,1,1,1.0,1,76780.0,290000.0,50000.0,10455.0,16307.88,350104.0,23.0,36,57992.0,228677.5,2168.0,2,20,47384.0,115028.0,1035.0,12,18,19554.0,Y,1227.98,current,M,33,MEDIUM,6.5,1,445.0,0,20.0
4776,18191,19540.0,6203.3,3882.8,2869.7,34158.95,2423.5,29164.0,67.0,4,50,3,7,3,114000,1,1,1.0,1,81872.65,150000.0,7162.0,1014.0,148829.71,331602.58,24.0,2,44323.0,64212.05,48168.0,1,46,156312.0,31685.59,85140.95,6,83,272016.0,Y,9666.97,saving,M,37,HIGH,13.600000000000001,5,928.0,1,6.0
4777,13910,320301.0,15827.08,718.0,21498.0,6368.0,15648.0,2785.0,10.0,36,4,8,4,26,267000,1,1,1.0,1,1234298.9,95000.0,694.0,553.0,172.25,41530.0,29.0,36,77582.0,23379.07,137798.0,3,7,23658.0,71424.23,30722.0,2,50,36978.0,Y,833.43,current,M,33,MEDIUM,5.2,6,296.0,1,19.0
4778,8307,16185.0,12174.73,3665.0,42203.67,2942.95,2875.0,2836.0,19.0,29,7,47,2,26,395000,1,1,1.0,1,1910215.0,71944.5,48950.0,6885.0,94620.0,801391.67,46.0,1,47279.0,50616.22,38062.0,6,81,45403.0,36021.14,970.0,3,18,11443.0,Y,2189.22,current,M,47,MEDIUM,18.900000000000002,5,684.0,1,7.0
4779,2850,112160.0,22988.0,1262.74,6612.45,38.0,4654.33,4947.95,37.0,1,6,42,55,3,17000,1,1,1.0,1,223000.0,82907.34,1633.0,277.0,13589.23,91119.0,46.0,1,17175.0,92204.02,105182.0,6,44,41231.0,50087.5,50212.13,6,13,25382.0,Y,1280.0,current,M,42,MEDIUM,11.0,10,270.0,0,17.0
4780,17482,133916.0,3658.0,2406.0,20847.42,78.0,12610.92,3487.0,29.0,65,59,1,2,16,287000,1,1,1.0,1,9717.55,191000.0,24619.0,3735.0,74223.44,19545.0,11.0,1,36336.0,36878.8,27530.36,1,6,39628.0,32322.45,91.73,21,25,18500.0,Y,256.52,current,M,30,MEDIUM,9.0,5,799.0,1,20.0
4781,13011,536.0,761.0,2079.78,4771.41,3985.54,14923.05,515.0,2.0,50,23,6,25,44,375000,1,1,1.0,1,204.0,119898.8,3570.0,-4664.0,33155.09,30077.0,4.0,36,10000.0,51078.0,231085.0,9,11,16282.0,278997.73,122094.0,4,68,30250.0,Y,7202.67,current,F,221,MEDIUM,40.2,10,247.0,0,8.0
4782,16924,19869.0,9337.0,37711.69,4370.95,487.0,10521.5,710.7,5.0,3,6,62,2,10,199999,1,1,1.0,1,17829.1,191000.0,4000.0,1500.0,47117.14,21946.0,46.0,5,31105.3,19110.88,33320.63,0,86,68082.0,62274.0,55053.0,2,76,37211.0,Y,144.61,saving,M,32,LOW,8.4,2,708.0,1,3.0
4783,10213,6771.0,123825.34,826.9,6669.0,992.0,777.0,3002.0,19.0,23,48,47,37,79,138000,1,1,1.0,1,1112.4,385218.7,230000.0,6916.0,54433.35,78428.0,4.0,3,84991.0,57494.44,108601.0,1,82,21334.0,30098.28,472219.6,14,12,50282.0,Y,9064.39,current,M,40,HIGH,14.0,8,855.0,1,17.0
4784,1595,127666.0,46506.66,3506.0,4892.9,2590.0,16393.6,26624.0,50.0,7,47,1,2,47,167000,1,1,1.0,1,151000.0,237365.38,30000.0,12299.0,43109.62,10235.0,42.0,4,31875.0,74170.99,22918.76,19,20,33782.0,53165.0,6441.0,2,21,34960.0,Y,380.93,current,M,28,MEDIUM,4.800000000000001,8,575.0,1,15.0
4785,12041,14498.0,2458.05,5993.0,2689.0,20101.0,963.0,4928.0,6.0,1,89,21,56,42,199999,1,1,1.0,1,28844.0,610000.0,12000.0,5439.0,24684.45,30864.74,16.0,5,9262.75,94060.38,52929.5,6,82,65521.0,41601.75,45465.55,2,65,24993.0,Y,8480.5,current,M,31,MEDIUM,6.6000000000000005,10,867.0,1,8.0
4786,15303,1954.0,15863.0,6463.95,11173.0,10083.25,31154.11,4191.0,44.0,26,105,39,8,64,78000,1,1,1.0,1,48796.45,175527.8,2130.0,5464.0,46303.25,152525.0,42.0,2,66474.0,51542.86,20042.0,31,28,63853.0,161623.0,24190.0,7,113,30391.0,Y,1178.67,saving,M,33,LOW,10.4,5,683.0,0,9.0
4787,2614,13678.0,9241.52,9030.48,2072.9,319.0,1708.0,12426.0,24.0,77,82,50,12,1,494000,1,1,1.0,1,153410.0,157624.24,631.0,-4679.0,22321.94,40808.0,79.0,3,17019.0,31868.88,30227.0,0,82,34820.0,45801.49,51804.0,8,15,24485.98,Y,3851.03,current,F,47,LOW,10.8,4,969.0,1,19.0
4788,14734,17778.0,76755.23,48097.57,7657.56,608.79,4595.0,525.0,4.0,23,61,17,6,8,293000,1,1,1.0,1,41883.6,446457.0,15756.0,-4679.0,56546.5,57903.51,18.0,7,43117.0,29780.38,70283.86,3,14,14902.0,21909.0,127018.0,21,49,39652.0,Y,23366.64,current,F,69,MEDIUM,29.400000000000002,3,805.0,1,5.0
4789,18822,14656.0,34945.0,1042.0,10807.5,2026.0,2996.5,1338.0,8.0,85,71,2,2,34,378000,1,1,1.0,1,293418.75,66.0,610000.0,10455.0,53650.34,24738.0,18.0,2,22105.0,18973.65,62010.5,35,8,20146.0,17770.37,158148.58,7,27,169712.95,Y,1664.37,saving,F,66,MEDIUM,27.6,4,685.0,1,5.0
4790,18216,13392.0,10317.5,10506.0,10652.98,14090.74,4995.07,4391.97,57.0,9,29,54,2,1,370000,1,1,1.0,1,143383.7,446457.0,6100.0,-4679.0,9793.88,16888.0,2.0,26,67144.0,11265.67,85294.75,2,46,17960.0,68921.2,36743.0,21,32,13813.0,Y,8185.22,current,M,56,MEDIUM,25.200000000000003,3,710.0,1,10.0
4791,9583,19158.0,2925.35,1370.0,2015.84,6802.0,4971.85,4505.0,9.0,6,10,5,2,56,47000,1,1,1.0,1,526.25,162423.0,48950.0,-4679.0,48142.37,60665.0,29.0,3,102262.0,57799.0,54823.13,9,5,31937.92,45216.64,8541.0,4,0,37505.0,Y,2489.08,current,M,32,MEDIUM,12.0,10,505.0,1,5.0
4792,18821,220561.0,961.52,1963.2,9004.0,16077.96,1404.655,6707.91,4.0,2,5,1,2,98,224000,1,1,1.0,1,47936.43,861640.54,12000.0,2000.0,16618.25,43964.5,42.0,13,35485.0,65281.24,198053.0,2,82,30754.0,61231.32,64337.0,4,104,51150.0,Y,4975.84,current,M,47,MEDIUM,16.2,7,243.0,1,17.0
4793,15587,307642.0,19433.64,5212.0,9570.5,4880.0,61364.0,622.59,4.0,27,74,3,4,3,450000,1,1,1.0,1,47.35,62606.0,2156.0,1500.0,43931.0,30951.5,62.0,4,14530.0,27527.08,5783.0,7,25,41283.0,12388.53,188484.0,3,7,16089.0,Y,20649.46,current,M,32,MEDIUM,3.6,5,864.0,1,17.0
4794,12132,1867.0,2226.0,2743.0,4853.0,382.0,11007.91,2893.25,10.0,10,50,1,3,37,453000,1,1,1.0,1,158135.2,117890.0,610000.0,-5998.43994,18298.0,19739.0,103.0,7,133041.0,56824.34,21772.0,3,8,79187.0,94280.88,9088.29,12,22,69267.0,Y,2326.29,current,M,34,MEDIUM,12.600000000000001,6,866.0,0,6.0
4795,5340,6817.0,546.03,12764.0,2390.51,39467.74,3977.0,11355.0,60.0,34,23,25,15,6,565000,1,1,1.0,1,28827.73,85300.0,15477.0,0.0,80930.86,74480.0,39.0,35,30539.0,98746.0,160957.0,8,77,2620.0,29399.75,1410.0,9,11,860.0,Y,16551.66,current,M,34,MEDIUM,7.0,8,863.0,0,12.0
4796,7121,398383.0,84129.84,255.0,1796.0,33392.85,22233.75,882.0,25.0,27,74,7,6,70,256000,1,1,1.0,1,1895.04,234459.4,48950.0,-6301.0,12005.0,45081.72,46.0,2,73394.0,35696.75,50968.22,71,82,65332.0,91339.81,45468.0,16,49,31047.0,Y,0.2,current,M,30,MEDIUM,7.0,7,454.0,0,3.0
4797,16696,14725.0,6576.0,1569.0,27152.56,5201.0,3519.405,36786.03,2.0,3,59,1,15,56,35800,1,1,1.0,1,1859872.2,143000.0,768.0,1411.0,7566.5,18464.0,2.0,5,109701.0,39857.78,27875.0,43,75,34678.0,7459.79,43890.0,21,32,40305.0,Y,32327.65,saving,M,223,LOW,60.900000000000006,3,882.0,1,16.0
4798,5100,129734.0,15781.46,20105.2,6256.37,339.0,688.5,1914.0,14.0,8,49,30,1,13,479000,1,1,1.0,1,5663.25,79828.0,54101.0,3897.0,39522.5,56449.42,46.0,0,19632.0,6970.06,150516.0,1,59,82733.0,45851.1,1041.0,7,8,25007.0,Y,5625.0,current,M,34,MEDIUM,9.8,10,805.0,0,15.0
4799,5204,4230.0,5900.24,5162.01,15742.43,3969.0,2092.0,473.59,4.0,10,50,22,25,56,371000,1,1,1.0,1,306.4,25404.0,33774.0,20324.0,22794.0,7181.0,147.0,17,21336.0,48534.46,25430.0,50,13,52792.0,113091.5,39825.15,2,80,41121.0,Y,17350.88,current,F,66,MEDIUM,27.6,4,354.0,0,3.0
4800,12793,5881.0,24170.0,32616.39,73552.2,2210.0,9142.0,2537.74,531.0,65,17,8,6,6,472000,1,1,1.0,1,58928.67,624742.27,8333.0,1500.0,25141.0,45583.0,42.0,3,29077.0,18783.5,19082.23,1,108,77836.0,64358.82,116258.0,5,10,39781.0,Y,4780.38,current,M,35,MEDIUM,12.0,5,653.0,1,9.0
4801,19063,214781.0,9592.0,8087.0,8994.68,4591.62,14573.0,46390.0,25.0,18,46,1,4,98,58000,1,1,1.0,1,59703.93,143000.0,51520.0,3897.0,68378.82,930526.0,16.0,3,53352.0,84585.62,117156.0,23,8,27022.0,203649.5,60412.0,14,7,45374.0,Y,316.04,current,M,32,MEDIUM,8.4,4,351.0,1,19.0
4802,9736,8426.0,61916.4,10117.0,359.0,2120.47,36671.0,37911.0,2.0,10,1,1,3,34,98000,1,1,1.0,1,21220.0,117890.0,8060.0,20790.0,87974.48,35439.0,70.0,1,21281.0,142739.77,19192.0,6,86,28354.0,176372.75,55501.29,21,58,49686.0,Y,3924.56,saving,M,31,MEDIUM,6.6000000000000005,3,269.0,1,11.0
4803,3212,15844.0,46856.51,4316.76,76479.15,21538.0,15429.47,5400.0,24.0,56,30,26,3,17,345000,1,1,1.0,1,15079.5,107692.0,891.0,9415.0,50193.29,41208.0,90.0,15,35328.0,25285.0,126973.0,9,82,17405.0,49696.22,21908.0,16,50,18771.0,Y,2481.04,current,M,28,LOW,1.6,8,723.0,0,17.0
4804,2221,31393.0,4082.1,3316.5,1976.92,11163.64,28644.0,1146.0,1.0,34,82,42,46,2,58000,1,1,1.0,1,2242.35,110135.86,4367.0,903.0,36749.33,303213.0,42.0,2,23085.0,47682.0,21890.0,43,6,69866.0,144510.27,71127.0,21,104,122921.0,Y,459.56,current,M,35,MEDIUM,3.0,6,566.0,0,20.0
4805,12017,18996.0,9109.37,11327.9,7492.13,818.0,3697.0,4422.0,1.0,2,67,1,4,79,116000,1,1,1.0,1,55700.0,71944.5,105000.0,1465.0,1116.89,58789.0,4.0,4,253734.0,30108.21,56049.0,4,6,59500.0,130330.39,58487.0,21,22,13000.0,Y,9310.74,saving,M,42,MEDIUM,15.4,1,958.0,1,12.0
4806,9788,11966.0,4211.76,15159.78,10674.8,3399.4,2512.0,3150.8,57.0,2,5,48,1,55,421000,1,1,1.0,1,50040.0,506383.85,15477.0,-5998.43994,21165.99,14226.0,103.0,4,390.96,10026.45,37994.0,70,14,158486.0,146953.3,22266.0,2,0,36238.0,Y,1708.33,current,M,219,LOW,99.5,3,369.0,0,4.0
4807,11457,2195.0,11925.2,8463.61,1950.0,3572.1,20382.7,908.0,24.0,27,71,15,2,2,302000,1,1,1.0,1,270.0,15300.0,24094.0,5340.0,65015.25,276368.5,55.0,6,55961.0,92733.75,46094.0,3,8,3900.0,515986.0,45052.0,3,79,99995.0,Y,3181.79,current,M,30,MEDIUM,7.0,7,867.0,0,15.0
4808,133,294737.0,11916.28,5709.0,26505.0,1541.52,2638.19,4461.0,4.0,18,11,48,27,30,301000,1,1,1.0,1,185669.2,45769.27,30071.0,-5439.0,36322.37,14907.0,29.0,7,99665.0,40937.95,73276.5,9,59,104000.0,86130.89,139788.5,3,24,20836.0,Y,8450.54,current,M,29,LOW,9.0,10,683.0,0,4.0
4809,12998,14306.0,13129.67,3548.0,19481.88,8132.3,10730.735,1426.0,9.0,9,35,5,3,30,461000,1,1,1.0,1,720551.4,76157.6,14904.0,3897.0,17076.93,116182.18,42.0,36,20171.0,45662.78,183573.0,19,8,27001.0,25931.8,30335.0,58,96,33773.0,Y,3129.17,current,M,42,MEDIUM,4.4,4,626.0,1,10.0
4810,5643,328052.0,22874.47,883.6,9010.0,3767.72,6115.0,1884.0,44.0,6,4,42,2,42,84000,1,1,1.0,1,683316.0,86000.0,130000.0,6885.0,64332.96,6677.0,42.0,7,31105.3,17965.59,47385.0,2,108,67798.0,5239.19,123508.0,4,11,74206.0,Y,643526.87,saving,M,64,LOW,4.4,9,537.0,0,8.0
4811,5939,5603.0,15285.66,1654.0,6659.7,4402.34,1884.0,792.32,8.0,71,1,5,5,5,255000,1,1,1.0,1,293418.75,41.26,798.0,-3625.0,33389.0,63187.0,8.0,0,11200.0,108809.0,365066.5,5,8,45403.0,1108.34,283563.54,5,27,110.0,Y,1711.53,current,M,27,MEDIUM,0.7000000000000001,7,799.0,1,17.0
4812,3930,3835.0,8383.0,2232.84,4724.3,1634.26,2439.68,911.68,2.0,67,3,4,2,1,378000,1,1,1.0,1,15279.79,237365.38,10973.0,-5942.0,38545.86,23272.0,18.0,0,16852.0,6930.0,106578.41,1,11,16951.2,108499.61,155803.93,9,106,16436.0,Y,2414.24,current,F,38,MEDIUM,7.2,2,269.0,0,13.0
4813,16871,7000.0,7295.53,5355.13,8914.78,11043.8,6586.26,2358.67,5.0,5,2,25,2,11,326000,1,1,1.0,1,140291.6,187788.1,2130.0,553.0,48089.05,298019.0,32.0,36,72191.0,238211.89,49775.0,7,0,62933.0,32157.06,11570.0,3,11,82200.0,Y,3515.33,current,M,66,LOW,36.800000000000004,9,614.0,1,7.0
4814,19416,14675.0,5328.84,5035.0,7326.0,133508.0,8894.0,682.0,14.0,2,35,1,2,56,447000,1,1,1.0,1,180615.02,14000.0,3792.0,7478.0,25666.88,51637.0,1.0,4,13493.0,31781.81,26727.4,3,5,20325.0,65198.88,40956.0,4,24,34410.27,Y,121.95,current,M,27,MEDIUM,7.0,4,620.0,0,10.0
4815,19006,18293.0,6580.78,10540.2,2480.5,10488.0,11580.0,2549.73,7.0,93,35,3,55,17,453000,1,1,1.0,1,26360.0,116000.0,50000.0,1992.0,718502.04,63182.0,90.0,0,37860.0,19102.0,60692.0,42,13,79900.0,31685.59,32989.0,62,21,16020.0,Y,15417.36,current,M,55,LOW,31.5,6,867.0,1,2.0
4816,13826,3019.0,3216.71,6034.0,5164.68,15025.0,8030.56,1784.0,24.0,9,52,24,36,54,272000,1,1,1.0,1,58928.67,165970.9,73217.0,1429.0,21536.0,38721.0,11.0,26,15458.0,15790.72,39701.0,23,13,26878.0,80189.0,54537.0,6,106,49325.0,Y,3860.15,current,M,58,MEDIUM,11.4,1,658.0,1,4.0
4817,226,16810.0,25019.0,23128.0,6689.32,23542.0,4247.5,164.0,92.0,8,50,1,2,31,10000,1,1,1.0,1,1539496.64,861640.54,1097.0,2008.0,23313.5,54701.0,15.0,19,38338.0,23260.05,121886.0,1,8,106409.0,88768.85,107116.0,21,83,55411.36,Y,1270853.3,current,M,37,MEDIUM,10.200000000000001,7,249.0,1,4.0
4818,8671,1940.0,10351.55,2168.0,658.12,2156.0,5512.8,36698.0,6.0,1,3,3,15,1,53000,1,1,1.0,1,1641785.0,165970.9,1526.0,10210.0,28387.14,26033.0,87.0,0,63758.0,61482.85,14663.0,1,25,17241.0,23220.14,94470.0,1,10,20040.0,Y,117964.43,current,F,69,MEDIUM,44.1,3,363.0,1,14.0
4819,1838,10639.0,23779.73,19666.0,4738.46,4724.0,8802.0,1704.52,56.0,5,82,52,14,86,300000,1,1,1.0,1,166331.66,150000.0,925.0,1465.0,164845.02,41877.0,70.0,0,10564.0,36089.13,34875.5,35,1,54654.0,5192.0,102168.0,13,14,51280.0,Y,231.98,saving,M,58,HIGH,15.200000000000001,6,683.0,0,9.0
4820,6460,7349.0,37395.76,4616.33,3786.84,6738.0,16406.0,499.4,19.0,23,44,26,5,3,461000,1,1,1.0,1,977377.25,82907.34,254000.0,553.0,95070.06,50760.0,35.0,17,12713.0,61078.73,79592.0,6,25,26701.0,21185.27,107964.5,9,103,18654.0,Y,1254.52,saving,M,61,MEDIUM,8.200000000000001,9,801.0,1,4.0
4821,18311,13441.0,50097.95,2343.75,12842.9,731.0,302.0,3493.29,5.0,85,5,30,2,54,87000,1,1,1.0,1,160.2,182359.2,68000.0,886.0,8557.45,11619.0,52.0,25,3570.0,23689.43,9591.34,10,50,5600.0,36470.86,21299.0,2,8,105201.0,Y,4416.62,current,M,33,MEDIUM,5.2,7,488.0,1,16.0
4822,17579,16040.0,5074.84,7664.15,14963.0,220.0,17953.83,80.37,57.0,10,27,21,2,39,134000,1,1,1.0,1,102.95,64309.52,24619.0,-6885.0,115767.41,45481.0,90.0,2,25689.0,42329.38,13376.31,0,78,27397.0,12121.5,70020.0,2,57,33776.0,Y,15242.4,current,M,34,LOW,7.0,1,363.0,1,5.0
4823,15350,164107.0,17715.28,2656.0,34946.23,1076.29,50143.0,3118.32,100.0,43,67,7,21,67,120500,1,1,1.0,1,138129.4,82907.34,12560.0,-12179.0,21879.75,36338.0,69.0,9,44898.0,94885.0,100672.86,3,42,20330.0,77011.26,100839.79,8,58,67549.0,Y,2186.05,current,M,50,HIGH,24.0,2,683.0,0,14.0
4824,9791,2642.0,1066.0,484.02,7101.89,3524.57,13369.0,17889.0,57.0,2,72,48,60,3,125000,1,1,1.0,1,2203.0,96096.0,50000.0,12174.0,76373.25,31901.0,63.0,19,44661.0,45882.0,71292.0,1,20,53946.0,40208.5,17812.0,3,8,33391.0,Y,15221.31,current,M,53,MEDIUM,33.0,2,370.0,1,14.0
4825,10859,20224.0,8386.08,6866.0,35835.26,6403.0,6850.5,3800.79,7.0,5,44,20,2,81,152000,1,1,1.0,1,181073.75,52000.0,130000.0,886.0,125123.0,40436.85,55.0,1,18605.0,74005.5,18186.0,3,6,33945.0,46296.17,22671.0,3,104,24268.0,Y,27583.22,current,M,64,MEDIUM,13.200000000000001,10,950.0,1,15.0
4826,16182,14316.0,5303.26,25074.55,10215.0,4636.52,5608.51,2836.0,16.0,60,30,20,17,1,520000,1,1,1.0,1,137260.8,7051.99,908.0,16455.0,28629.88,46141.0,39.0,26,253734.0,9984.77,96185.0,3,105,14711.0,118137.0,12031.0,62,1,27033.0,Y,32868.59,current,M,55,MEDIUM,10.5,1,866.0,1,8.0
4827,11878,15931.0,17590.48,808.3,9616.25,6670.0,1223.12,3326.0,6.0,2,4,15,15,25,199999,1,1,1.0,1,117120.0,15395.48,16114.0,0.0,18383.5,114437.0,4.0,4,6481.0,25523.4,29164.0,1,20,9698.77,103936.17,39542.0,44,49,17741.0,Y,2402.62,current,M,25,LOW,0.5,7,969.0,1,10.0
4828,14509,31388.0,36494.77,1381.65,15763.29,1133.0,1707.04,80603.0,2.0,37,6,2,62,16,199999,1,1,1.0,1,38428.6,244483.3,24619.0,20513.0,102859.31,13185.87,46.0,17,37478.0,21397.26,192887.0,4,50,65000.0,16704.59,21752.0,3,120,60932.12,Y,12822.26,saving,M,38,MEDIUM,18.0,5,330.0,0,9.0
4829,4165,2818.0,2476.5,9347.94,2692.72,15575.48,5687.38,4236.0,44.0,8,7,25,1,1,164000,1,1,1.0,1,192215.0,64491.0,68000.0,-6281.37987999999,40679.0,43193.42,46.0,5,29315.0,44519.61,84185.0,2,29,1327.0,45990.0,50609.0,21,18,251.0,Y,1395.31,current,M,40,MEDIUM,20.0,6,713.0,0,11.0
4830,19095,6453.0,9114.12,2782.94,19221.12,7250.0,4684.0,12815.0,8.0,34,20,1,3,81,233000,1,1,1.0,1,923170.0,5241.0,2019.0,553.0,71107.81,53379.13,12.0,3,22860.0,106288.0,13535.0,50,108,122476.0,59204.98,72822.0,16,27,28825.0,Y,2114.89,saving,F,46,MEDIUM,18.2,8,314.0,1,20.0
4831,12100,125283.0,3409.66,1889.0,2551.0,1791.85,5661.0,710.7,2.0,23,64,24,1,79,199999,1,1,1.0,1,55700.0,221000.0,25524.0,5773.0,48175.12,19538.5,11.0,3,16988.0,58997.34,172236.0,6,40,33420.0,49959.89,56661.0,5,100,134.0,Y,11469.17,current,M,120,MEDIUM,40.0,1,809.0,1,3.0
4832,2452,210195.0,15791.08,6077.66,5546.75,14963.37,74803.3,6414.0,10.0,9,44,17,38,1,373000,1,1,1.0,1,98543.96,120000.0,4699.0,1500.0,52748.75,28158.5,59.0,26,25040.0,22934.0,35014.18,5,11,48516.0,471.2,54333.0,4,72,30244.0,Y,11226.4,saving,M,39,MEDIUM,5.7,3,937.0,1,10.0
4833,18561,16055.0,14167.63,4392.81,18430.88,2220.3,6191.52,3867.0,52.0,5,64,15,2,1,199000,1,1,1.0,1,15079.5,2436.91,18257.0,-4664.0,89638.46,109955.0,24.0,4,32339.0,191577.0,21815.0,7,20,23500.0,58019.25,2217.0,14,24,350442.0,Y,1853.81,saving,M,61,LOW,32.800000000000004,10,385.0,1,8.0
4834,15396,7183.0,1098.75,482.0,10696.74,2825.75,26090.85,628.0,1.0,25,50,11,21,4,329000,1,1,1.0,1,148705.0,54388.23,25524.0,0.0,8709.17,192205.0,18.0,35,47540.0,16250.52,162459.0,70,20,312379.0,57623.17,13174.0,4,18,22556.21,Y,8078.91,current,M,60,HIGH,20.0,3,394.0,1,7.0
4835,13381,3394.0,26754.0,49725.0,6431.64,703.0,672.0,3461.0,60.0,3,35,62,1,4,272000,1,1,1.0,1,50040.0,165970.9,7162.0,1500.0,53437.7,2168.06,12.0,5,44898.0,15681.88,34678.0,4,89,101.36,49018.49,27170.0,5,32,189.29,Y,36630.43,current,M,60,MEDIUM,24.0,10,750.0,0,6.0
4836,15702,1101.0,3655.0,13220.37,49748.8,2770.86,506.42,3613.85,8.0,10,67,57,4,55,195000,1,1,1.0,1,76780.0,82907.34,2158.0,-5998.43994,22701.67,54529.0,87.0,1,109701.0,13529.89,59170.0,1,171,34971.0,20012.39,50330.0,11,21,24990.0,Y,3715.9,current,M,66,LOW,32.2,1,801.0,1,9.0
4837,2905,13860.0,3751.13,758.42,7895.38,1988.0,6269.0,28044.0,26.0,9,32,44,12,80,429000,1,1,1.0,1,140262.4,273221.0,492.0,12415.0,54303.88,34447.0,63.0,4,20171.0,35068.58,37686.61,0,30,39351.0,32407.0,31213.0,2,24,151554.0,Y,3857.32,current,M,28,MEDIUM,7.2,1,643.0,0,12.0
4838,8545,97979.0,10476.0,199.0,1084.0,526.15,12812.195,1654.0,4.0,25,49,3,12,16,340000,1,1,1.0,1,4120.0,68663.61,2214.0,12174.0,31070.89,144266.5,16.0,36,20674.0,9106.5,120810.0,11,11,75568.0,120902.89,21052.11,21,13,51038.0,Y,3375.8,current,M,42,MEDIUM,19.8,10,640.0,1,8.0
4839,11187,8542.0,49271.65,3282.0,6898.5,6351.0,5441.0,1331.47,101.0,23,35,10,1,9,156000,1,1,1.0,1,825.0,157000.0,694.0,0.0,30047.74,60522.25,3.0,3,33243.63,74531.05,66269.0,1,26,30080.0,51390.76,68175.0,21,83,32600.0,Y,1367.81,current,M,28,MEDIUM,5.6000000000000005,2,801.0,1,20.0
4840,2051,9854.0,2296.0,25448.84,25504.92,4819.0,6155.2,1336.92,12.0,20,27,1,2,25,393000,1,1,1.0,1,7455797.87,26001.0,908.0,-5998.43994,18258.43,95759.38,55.0,26,34553.16,40883.18,27448.0,17,12,22602.0,253.0,30309.0,40,2,28596.0,Y,3332.96,current,M,38,MEDIUM,5.4,8,385.0,1,6.0
4841,6597,6423.0,15026.05,3320.64,5249.29,8953.82,644.5,2838.0,6.0,10,29,2,6,34,164000,1,1,1.0,1,568.8,235.17,610000.0,6441.0,24825.28,12276.0,89.0,13,27833.0,5300.0,25945.12,4,20,94712.0,183852.99,153419.0,3,96,11648.84,Y,1040.65,current,M,29,LOW,1.8,8,269.0,1,15.0
4842,15809,292213.0,24694.23,4750.0,11384.0,1808.0,2682.39,4905.0,531.0,2,20,5,1,54,371000,1,1,1.0,1,41883.6,64491.0,30040.0,167.0,26450.09,17894.0,36.0,6,13364.0,55389.75,138686.38,7,7,41283.0,60770.39,121116.0,43,32,62400.0,Y,5196.34,current,F,63,MEDIUM,17.2,9,865.0,0,17.0
4843,7551,7397.0,8211.6,3553.0,175773.37,25115.0,14834.0,37911.0,4.0,99,112,19,2,34,302000,1,1,1.0,1,7713.51,278360.16,14754.0,1079.0,27207.0,18785.88,24.0,15,2150.0,5300.0,51037.0,19,7,49880.32,39802.77,251188.25,2,21,113196.0,Y,718.78,current,M,69,HIGH,14.700000000000001,5,488.0,1,20.0
4844,6299,1109.0,11165.2,17337.38,3326.0,1545.0,2373.0,23669.0,6.0,23,35,2,6,3,329000,1,1,1.0,1,1359.3,100000.0,73217.0,886.0,108579.38,33558.0,2.0,2,85070.0,19102.0,10407.0,4,29,124000.0,48058.0,13421.0,2,39,30296.0,Y,445.18,current,F,66,MEDIUM,4.6000000000000005,1,653.0,1,10.0
4845,13435,22727.0,16270.365,5886.0,1891.0,16009.73,8142.22,6394.0,63.0,50,64,2,1,47,27000,1,1,1.0,1,42460.6091,53750.0,130000.0,0.0,167111.01,78272.0,103.0,1,44839.0,51204.75,19653.0,30,11,14334.0,25424.82,30869.0,3,36,39882.0,Y,7202.67,current,F,31,LOW,4.4,1,503.0,1,12.0
4846,6809,14121.0,7375.67,68240.0,4124.67,8341.92,644.0,197.0,25.0,1,50,8,25,11,186000,1,1,1.0,1,120781.35,15957.0,891.0,-5942.0,80362.12,65116.0,40.0,4,55354.0,39559.7,203861.5,2,81,154543.0,68092.5,78398.18,94,61,20937.0,Y,1077.58,current,M,53,MEDIUM,3.3000000000000003,3,686.0,1,15.0
4847,988,135373.0,26114.0,12764.0,4592.045,10090.0,424.06,389.0,1.0,23,7,3,1,42,193000,1,1,1.0,1,28844.0,350000.0,50000.0,0.0,25130.5,77331.0,35.0,2,66528.0,1109.41,23380.35,1,82,64973.0,54094.52,99782.5,21,32,105340.0,Y,50798.28,current,M,30,HIGH,9.0,4,928.0,1,3.0
4848,12881,6425.0,1656.0,13714.87,13293.87,2036.0,6965.0,1397.0,66.0,13,74,1,18,8,505000,1,1,1.0,1,568.8,31871.49,300500.0,0.0,57824.0,30145.0,90.0,1,42894.0,13291.53,5280.0,5,86,30318.0,44297.44,68745.81,36,7,76902.0,Y,11470.66,current,M,66,LOW,23.0,9,505.0,1,12.0
4849,10576,5262.0,5810.42,10381.0,21658.0,502.0,334.0,381.0,1.0,10,13,5,25,47,378000,1,1,1.0,1,37916.0,191000.0,1515.0,3897.0,58769.47,15991.0,18.0,5,20050.0,95508.43,21016.0,6,11,50634.0,297922.7,39175.5,47,38,63645.0,Y,1683.05,current,M,33,MEDIUM,13.0,2,538.0,0,9.0
4850,12191,1483.0,675.0,1557.0,2694.75,253293.0,18875.99,2062.0,28.0,6,3,25,5,39,48000,1,1,1.0,1,48675.31,120000.0,13533.0,2337.0,39117.3,224329.0,52.0,2,17336.0,65600.48,2970.8,4,44,14395.0,26555.85,43345.0,62,58,67720.0,Y,5224.41,current,M,37,MEDIUM,1.7000000000000002,3,523.0,1,3.0
4851,5239,16427.0,2611.77,2001.0,995.26,4942.05,2199.12,834.0,100.0,99,10,60,2,80,581000,1,1,1.0,1,331.2,376694.91,8417.0,1245.0,30189.25,24287.0,10.0,36,63843.0,1849.78,202302.0,42,43,50340.0,69384.43,69539.0,10,50,19339.0,Y,2908.44,current,M,53,MEDIUM,6.6000000000000005,8,700.0,0,10.0
4852,941,8269.0,26651.1,1730.0,15224.0,4094.0,3570.69,10970.04,57.0,32,3,50,25,39,100000,1,1,1.0,1,168265.55,97523.61,2214.0,1992.0,130064.96,275.0,18.0,28,21924.0,39042.57,12513.0,1,11,288075.0,56028.1,86020.0,14,7,20386.0,Y,6219.9,current,M,222,LOW,60.6,2,508.0,1,15.0
4853,18423,8377.0,2540.26,6942.0,8722.36,19620.0,6695.0,1225.0,17.0,27,49,1,1,12,84000,1,1,1.0,1,2002.36,2400000.0,22000.0,6885.0,73283.59,29851.0,20.0,6,17803.0,40740.57,102594.25,3,67,122301.0,71990.92,16136.0,3,65,21976.0,Y,2172.56,current,M,58,MEDIUM,22.8,2,710.0,1,20.0
4854,18842,92489.0,14312.37,10372.49,28567.8,7905.83,6498.52,2773.0,3.0,10,87,6,3,56,461000,1,1,1.0,1,39851.93,77000.0,12000.0,-3506.17993,30517.0,57665.5,18.0,36,23346.0,17884.34,62404.58,4,46,20926.0,1911.0,38434.0,36,103,23988.0,Y,1170.49,saving,M,38,HIGH,3.6,10,233.0,0,8.0
4855,685,131663.0,15282.0,6348.7,48294.09,8686.0,1792.53,1109.58,104.0,9,49,3,1,54,170000,1,1,1.0,1,23669.0,1194405.5,579.0,5439.0,493197.9,45174.0,42.0,1,18360.0,25499.75,30533.0,11,108,2900.0,22138.0,100039.0,9,0,220653.13,Y,905.18,current,M,33,HIGH,1.3,2,880.0,0,12.0
4856,18914,103291.0,2264.8,2239.4,8420.96,2087.0,13026.8,533.0,10.0,85,30,1,2,16,429000,1,1,1.0,1,55700.0,60481.0,30071.0,-12179.0,53877.57,31803.0,57.0,30,63256.0,37224.25,11705.0,6,81,1342.47,44810.0,22027.0,13,103,41997.0,Y,1584.63,current,F,34,MEDIUM,12.600000000000001,3,809.0,0,5.0
4857,8623,15155.0,4609.595,2134.0,25347.49,833.0,18431.095,1751.0,6.0,10,5,1,2,80,272000,1,1,1.0,1,48422.7,11000.0,67696.0,6885.0,50025.61,20437.0,1.0,3,46184.0,49115.03,147220.0,4,171,21704.0,75263.55,19550.26,21,18,82438.0,Y,7315.32,current,M,32,MEDIUM,4.800000000000001,1,748.0,0,17.0
4858,7162,10345.0,5060.5,1468.0,8773.63,1953.0,10614.0,8056.0,10.0,1,27,50,1,26,252000,1,1,1.0,1,12010.0,55000.0,579.0,553.0,54160.93,51092.0,69.0,4,193672.0,11646.1,75459.0,31,108,104687.0,6740.54,55193.0,12,68,99465.0,Y,3683.82,current,M,53,HIGH,29.700000000000003,5,536.0,1,13.0
4859,10277,16022.0,7323.35,1904.0,25207.93,135662.0,11750.83,289.93,7.0,2,7,18,2,13,518000,1,1,1.0,1,1146.0,118976.0,8929.0,5464.0,104080.93,28736.0,70.0,13,233827.0,10441.37,81983.47,0,42,20696.0,39723.69,61879.0,9,26,18291.0,Y,221.43,current,M,42,LOW,4.4,4,887.0,1,4.0
4860,8532,7077.0,3882.9,18393.0,8125.92,5338.0,67476.0,4179.0,2.0,27,46,22,1,3,49999,1,1,1.0,1,2974.75,91747.0,908.0,2351.0,35932.95,18801.0,55.0,26,15930.0,13709.09,26486.0,43,82,25898.0,41485.46,24920.08,21,11,30918.0,Y,1997.47,current,M,32,LOW,6.0,6,536.0,1,18.0
4861,7945,39813.0,7459.46,6711.96,6833.36,13671.0,25426.0,3800.79,14.0,90,19,24,17,1,599000,1,1,1.0,1,7455797.87,109000.0,25508.0,553.0,28352.38,63714.0,2.0,1,61214.0,16814.4,77591.6,0,75,134893.0,72696.51,103856.0,8,83,38710.0,Y,18216.23,current,M,40,MEDIUM,16.0,3,743.0,1,14.0
4862,18853,5204.0,6373.82,703.0,6754.63,8641.35,33166.58,8540.5,12.0,44,50,1,1,37,369000,1,1,1.0,1,447490.0,157624.24,527.0,0.0,46667.64,35439.0,39.0,3,13695.0,24382.47,112987.0,4,28,61725.0,23630.01,29536.0,14,76,24127.0,Y,256.58,saving,M,40,LOW,8.0,2,860.0,1,17.0
4863,5158,8600.0,2734.0,2758.84,1745.0,5590.2,2622.21,792.0,63.0,1,44,22,3,79,400000,1,1,1.0,1,130319.0,19000.0,13873.0,1079.0,40843.43,26595.0,52.0,17,21072.0,17483.0,40407.0,4,81,12412.0,3542.0,101350.33,47,1,31666.47,Y,1320.75,current,M,50,MEDIUM,24.0,10,466.0,0,12.0
4864,11766,292680.0,57460.58,1352.5,19514.97,3214.77,4938.09,7950.93,7.0,601,38,3,4,3,44000,1,1,1.0,1,163703.25,33668.0,1633.0,-4324.0,9513.0,229989.0,35.0,14,44350.0,64485.0,70221.25,10,38,5109.0,27390.0,78398.18,46,0,2368.0,Y,643.27,current,M,33,MEDIUM,9.1,1,653.0,1,6.0
4865,19516,2854.0,15158.0,526.01,1403.93,2731.0,16170.0,5773.0,7.0,6,7,1,18,3,340000,1,1,1.0,1,58928.67,24703.0,100000.0,0.0,96979.3,163545.76,90.0,4,18561.0,2131.0,14623.5,43,23,101.36,13632.73,19941.0,94,104,19771.0,Y,2858.37,current,M,55,LOW,3.5,8,708.0,1,16.0
4866,5009,4262.0,882.0,1985.0,44885.4,41301.75,17759.0,3223.0,10.0,10,4,7,21,64,574000,1,1,1.0,1,328504.5,68663.61,8333.0,2000.0,30584.88,74547.0,84.0,7,30118.0,271814.8,35907.24,9,50,270456.0,43703.0,5267.0,3,80,54165.0,Y,1634.17,current,M,33,MEDIUM,5.2,6,944.0,1,6.0
4867,13508,95375.0,2251.06,843.0,14628.0,1048.0,10223.87,2297.45,17.0,3,89,3,5,91,453000,1,1,1.0,1,42460.6091,25404.0,539.0,-5998.43994,99212.65,29903.0,23.0,7,22105.0,36305.88,11262.0,2,23,100.41,122736.25,11066.0,58,83,20841.0,Y,3964.9,current,M,44,LOW,24.0,6,658.0,1,5.0
4868,8510,3895.0,5729.15,690.01,2941.3,2101.0,16186.0,524.76,124.0,3,14,4,36,1,378000,1,1,1.0,1,30895.44,104000.0,16114.0,5773.0,28033.0,27059.67,35.0,1,36067.46,69760.0,18186.0,35,26,26155.0,22590.0,72197.24,8,12,26756.0,Y,46719.19,current,M,32,LOW,7.2,7,245.0,1,3.0
4869,3594,22542.0,10594.8,2701.0,4736.5,881.81,13785.0,2738.0,7.0,23,29,10,2,11,303000,1,1,1.0,1,97043.6,119831.0,936.0,5439.0,45934.22,15864.05,52.0,2,58408.0,439.0,28494.0,0,20,30287.0,54033.0,28395.25,21,0,18585.0,Y,107.98,current,M,60,MEDIUM,8.0,2,269.0,1,10.0
4870,2126,130829.0,5372.54,6875.0,130013.22,9697.0,3841.52,2356.0,7.0,1,47,30,4,2,373000,1,1,1.0,1,111.4,43545.0,492.0,2351.0,14241.0,48379.0,18.0,23,13951.0,7471.06,369090.0,6,12,60452.0,1045.5,117149.0,4,39,152300.0,Y,1529.96,current,F,33,HIGH,13.0,4,686.0,1,5.0
4871,5402,401399.0,721.0,25406.0,6166.93,1689.28,4441.69,9928.8,7.0,36,10,3,60,56,507000,1,1,1.0,1,291969.2,11982.0,36114.0,12163.0,158740.0,30009.0,62.0,14,21669.0,32180.0,14863.0,0,20,19231.84,34633.5,29854.0,94,103,37413.0,Y,94.94,current,M,219,MEDIUM,19.900000000000002,6,519.0,1,9.0
4872,14084,12643.0,5193.0,3341.0,3239.27,4379.0,3254.0,4514.0,59.0,23,6,1,5,34,587000,1,1,1.0,1,6558.8,257406.7,230000.0,3897.0,30933.45,25576.0,2.0,2,125303.0,2687.0,112474.4,4,23,396556.0,31831.5,156873.0,7,7,390.0,Y,1786.49,current,M,34,MEDIUM,12.600000000000001,3,330.0,0,14.0
4873,2001,18814.0,19290.0,690.01,26011.03,59846.44,2236.31,2452.0,31.0,56,44,1,44,53,293000,1,1,1.0,1,167.5,42000.0,583.0,-6301.0,41067.0,69046.0,18.0,4,18790.0,36993.53,125092.0,24,63,124950.0,28975.6,138403.0,12,21,382155.0,Y,4419.67,current,M,27,MEDIUM,0.7000000000000001,9,269.0,1,19.0
4874,58,14436.0,6243.68,5429.0,6428.85,2921.92,2790.0,6585.0,2.0,84,14,35,1,98,505000,1,1,1.0,1,13849.4,40000.0,29542.0,6885.0,28290.38,1072.0,46.0,0,52341.0,149369.42,1072956.05,0,20,107820.13,21841.73,11688.0,8,104,37234.0,Y,589.96,current,M,44,MEDIUM,21.6,5,351.0,1,11.0
4875,144,392272.0,65368.0,3385.0,8888.42,5204.0,101869.07,10150.0,4.0,36,49,3,1,13,290000,1,1,1.0,1,169.4,376694.91,100000.0,5730.0,89678.96,36755.0,39.0,3,39907.0,13536.95,230836.01,50,20,50050.0,28402.49,35245.29,58,113,47400.0,Y,826653.89,current,M,60,LOW,20.0,4,911.0,1,19.0
4876,7332,10948.0,3181.84,13353.83,13554.0,74007.0,1245.0,8927.8,44.0,10,9,1,2,17,124000,1,1,1.0,1,204.0,370000.0,11379.0,0.0,33699.38,110692.0,4.0,0,68966.0,135514.84,6012.34,45,4,34589.0,51780.0,17826.79,2,80,1237.0,Y,3697.75,current,M,58,MEDIUM,30.400000000000002,8,523.0,0,18.0
4877,16276,6109.0,15608.21,1889.0,64792.58,3366.0,12792.0,3096.1,1.0,32,3,1,1,13,27000,1,1,1.0,1,5809950.0,2400000.0,655.0,1444.0,102090.1,35553.0,70.0,4,32920.0,23863.0,74647.0,45,108,79283.0,209316.81,179195.0,2,18,40013.0,Y,1174.41,saving,M,32,MEDIUM,3.6,4,860.0,0,6.0
4878,10117,327917.0,5104.0,2782.94,12823.32,8871.46,11597.0,499.4,18.0,11,82,42,6,2,84000,1,1,1.0,1,92195.0,1423567.1,155205.0,14509.0,72730.88,18566.0,62.0,2,50922.0,139816.04,29376.0,7,20,7826.0,5477.23,17997.0,13,18,64750.0,Y,201.2,current,M,60,MEDIUM,8.0,3,583.0,0,7.0
4879,17727,2401.0,14941.0,9845.98,26125.0,7344.06,1290.52,167311.0,53.0,3,27,30,12,22,461000,1,1,1.0,1,89908.8,31730.49,8417.0,2351.0,27235.75,107271.0,7.0,30,46907.0,29113.16,230836.01,0,82,22309.0,144137.02,88794.0,14,15,16594.0,Y,4084.43,current,M,53,LOW,26.400000000000002,6,614.0,1,8.0
4880,10198,428.0,14744.59,2370.0,5522.93,2590.0,1367.52,6728.0,5.0,27,3,23,2,20,17000,1,1,1.0,1,33145.5,68663.61,8060.0,-5439.0,46626.0,74029.0,62.0,3,27242.0,48357.83,79251.0,6,20,13918.0,25357.0,69062.0,9,100,15446.0,Y,212.07,current,M,60,LOW,32.0,9,713.0,1,20.0
4881,12326,17157.0,13111.32,35142.99,5941.55,3969.0,5966.5,1697.0,1.0,39,44,5,2,8,367000,1,1,1.0,1,328504.5,90829.65,550.0,-6335.0,111802.0,24067.0,12.0,1,22680.0,2208.31,51610.0,2,63,31740.0,114438.0,57034.0,7,83,31610.0,Y,9283.21,saving,F,42,LOW,15.4,3,243.0,1,11.0
4882,9139,16174.0,44220.87,6890.42,5586.42,1680.0,8072.57,2111.0,6.0,77,38,50,15,79,127500,1,1,1.0,1,360978.37,105000.0,3570.0,0.0,33308.96,48854.0,24.0,0,16235.0,56738.89,27552.0,42,81,39886.0,11855.55,85336.63,21,58,16219.0,Y,21141.74,current,M,53,LOW,9.9,2,355.0,1,14.0
4883,4808,31187.0,12193.0,11056.0,7950.0,4444.0,13850.02,961.0,10.0,23,23,8,1,5,574000,1,1,1.0,1,472.0,500358.79,25639.0,0.0,94121.86,51049.0,59.0,36,90000.0,12679.26,11189.0,1,6,104687.0,113525.75,13601.95,4,58,82510.0,Y,2832.13,saving,F,33,MEDIUM,2.6,2,355.0,0,13.0
4884,1765,9915.0,3926.55,36242.82,13204.52,2598.0,3996.87,5206.0,44.0,29,19,1,15,98,232000,1,1,1.0,1,45036.0,143000.0,300500.0,6613.0,29120.22,10235.0,24.0,0,21991.0,56267.98,58041.0,17,50,15110.0,179.0,105788.29,5,12,28989.0,Y,10633.85,saving,M,40,MEDIUM,14.0,5,355.0,1,11.0
4885,7741,13873.0,15943.8,4827.0,1392.05,14210.0,24728.03,1140.0,18.0,77,2,22,11,26,494000,1,1,1.0,1,199690.5,1084598.7,25728.0,-6281.37987999999,130083.91,29275.0,77.0,7,163167.0,14673.79,20632.0,6,108,26848.0,19188.0,31698.0,21,76,118159.0,Y,238.81,current,M,47,MEDIUM,5.4,6,737.0,1,8.0
4886,14545,7534.0,23145.0,1218.85,3699.31,666.0,1769.095,7576.0,2.0,81,112,4,5,47,371000,1,1,1.0,1,272677.25,75925.0,610000.0,886.0,163671.5,63946.43,10.0,36,33453.0,34309.18,33840.61,8,20,27824.0,81987.63,60152.0,4,103,38777.0,Y,1.03,current,M,27,MEDIUM,3.5,1,314.0,1,10.0
4887,17660,6380.0,6174.84,18740.0,2291.0,1995.0,29893.215,2065.0,10.0,71,20,1,4,31,303000,1,1,1.0,1,5383.25,110175.0,80000.0,5730.0,84950.59,329602.0,42.0,35,18960.0,30090.9,270619.0,11,27,27591.0,71490.87,401276.0,3,11,22168.0,Y,10998.11,current,M,40,MEDIUM,14.0,1,764.0,1,2.0
4888,19321,221621.0,11027.63,15571.55,23477.64,4239.0,18275.885,3007.0,6.0,43,74,3,62,1,329000,1,1,1.0,1,34443.0,8000.0,73217.0,1500.0,17424.04,250383.0,42.0,31,8100.0,2051.0,82961.0,1,50,32714.0,64275.68,96532.0,2,6,49545.0,Y,167.9,current,M,64,MEDIUM,35.2,2,593.0,0,11.0
4889,3540,15820.0,27109.0,2135.0,6021.18,1545.0,2076.85,5691.0,6.0,17,4,1,1,79,287000,1,1,1.0,1,1488748.8,5241.0,1633.0,6916.0,66251.64,65183.0,11.0,3,97788.0,19148.82,116290.0,50,20,2269.0,75674.25,180168.0,7,100,28676.0,Y,6492.88,current,M,46,MEDIUM,13.0,8,723.0,1,4.0
4890,16395,8204.0,12803.35,201544.79,9808.5,4069.39,8676.0,19519.0,6.0,50,30,42,3,9,74100,1,1,1.0,1,811.0,36880.0,13873.0,26601.0,42861.77,174939.0,7.0,1,26100.0,14276.11,42725.0,2,26,109767.0,31731.36,38042.5,12,113,135103.0,Y,19336.86,saving,M,30,MEDIUM,10.0,9,424.0,1,15.0
4891,11500,266.0,27895.35,1915.0,2413.91,17306.0,9035.78,4461.0,37.0,19,85,1,17,58,139999,1,1,1.0,1,78390.5,385218.7,12000.0,418.0,228032.23,59154.0,79.0,3,15344.0,22133.37,81100.5,70,28,80500.0,55216.71,18422.0,36,50,48520.0,Y,14546.85,saving,M,47,MEDIUM,8.1,7,446.0,1,12.0
4892,14815,16518.0,7931.0,5058.0,7390.0,13804.58,591.52,2468.0,5.0,29,3,24,31,41,170000,1,1,1.0,1,3380.0,191000.0,3000.0,1411.0,20867.13,32223.0,23.0,31,26630.0,29901.74,4918.0,45,26,63585.0,10844.74,257.0,5,11,52330.0,Y,8477.94,current,M,66,MEDIUM,36.800000000000004,8,887.0,1,9.0
4893,505,83167.0,1573.75,994.2,16202.81,6377.0,5113.23,4503.7,57.0,9,67,44,2,39,375000,1,1,1.0,1,568.8,11000.0,73217.0,3983.0,26334.5,89839.62,18.0,2,22653.0,253382.86,20610.0,2,20,24847.0,17210.03,19550.26,10,50,14065.0,Y,7970.12,saving,M,33,MEDIUM,5.2,6,485.0,0,12.0
4894,14102,1099.0,8923.98,3491.0,1062.53,860.0,3545.75,1247.43,56.0,7,29,3,9,1,296000,1,1,1.0,1,48796.45,3342.51,50000.0,2500.0,49629.25,302378.04,147.0,2,16167.0,3613.0,30175.0,0,8,33500.0,25204.25,157397.5,3,21,41039.0,Y,241.21,current,M,31,HIGH,9.9,2,685.0,1,11.0
4895,6720,389458.0,14598.3,2051.64,3699.31,21068.28,4458.0,1581.0,9.0,85,50,1,5,39,47000,1,1,1.0,1,81872.65,470000.0,60000.0,5350.0,40901.18,113392.32,67.0,5,24433.0,8579.85,47100.0,50,35,18818.0,15831.92,27785.0,7,57,34612.42,Y,164.13,current,M,38,HIGH,18.0,5,647.0,1,14.0
4896,10142,5710.0,10332.03,58692.0,8437.5,4397.0,11416.0,7223.4,3.0,5,16,5,15,13,520000,1,1,1.0,1,1895.04,144025.0,643.0,-5439.0,68128.43,6675.0,11.0,7,23029.0,32515.2,15073.0,1,5,110842.0,38693.19,36864.0,4,12,41518.0,Y,6501.42,current,M,66,MEDIUM,9.200000000000001,5,911.0,1,5.0
4897,11936,13720.0,119587.01,6189.0,14214.36,21195.65,990.72,8007.0,17.0,3,4,1,2,10,255000,1,1,1.0,1,144293.83,169779.0,11379.0,691.0,12421.68,55114.5,35.0,5,34648.0,37998.52,64653.0,3,108,23833.0,18428.55,180863.25,2,63,47.41,Y,5547.18,current,M,33,MEDIUM,9.1,7,723.0,1,16.0
4898,894,15269.0,10599.54,20945.08,21157.32,15562.77,8572.49,6509.0,44.0,23,84,52,7,68,293000,1,1,1.0,1,55700.0,210651.4,2019.0,6885.0,16600.88,4718.37,74.0,3,14422.0,24577.23,52780.29,4,8,13487.0,39998.13,72294.0,4,65,17416.0,Y,875.19,current,M,62,MEDIUM,25.200000000000003,6,805.0,1,9.0
4899,13771,1045.0,4067.87,185.0,5181.4,17692.0,11687.7,38571.75,63.0,18,5,1,7,55,114000,1,1,1.0,1,6558.8,64491.0,2214.0,5730.0,19892.74,55659.38,15.0,1,21670.0,88454.0,185534.53,2,70,184849.0,144102.92,140056.95,4,54,33303.0,Y,1333.46,current,M,30,MEDIUM,3.0,6,445.0,1,18.0
4900,451,18629.0,53834.76,8463.61,10481.8,1458.0,3289.04,4428.0,10.0,16,44,3,3,26,102000,1,1,1.0,1,81872.65,375000.0,891.0,8362.0,13236.85,41629.0,18.0,4,20311.0,64091.85,98435.0,45,50,33415.0,240163.11,33695.0,10,39,14179.0,Y,64469.3,saving,M,47,LOW,13.5,10,686.0,0,9.0
4901,13028,39297.0,23657.84,12408.0,636.0,547.0,16223.0,19810.0,26.0,128,35,19,14,2,400000,1,1,1.0,1,9646.5,330001.0,73501.0,19453.0,65315.0,1008.0,91.0,1,12889.0,26505.0,27823.0,4,81,22905.0,105499.84,42005.0,1,36,30408.0,Y,5763.45,current,F,30,MEDIUM,4.0,2,254.0,0,18.0
4902,2112,6788.0,2707.04,8934.0,31106.0,27860.0,1659.5,2860.5,9.0,10,49,6,1,11,100000,1,1,1.0,1,78472.48,917881.54,130000.0,5773.0,36478.96,73572.0,63.0,2,29711.41,74446.66,51253.0,4,81,18264.0,17057.0,18739.0,94,28,17740.0,Y,11923.1,current,M,30,MEDIUM,6.0,8,454.0,0,5.0
4903,19303,27737.0,40568.0,13454.86,6266.0,4402.39,2049.68,2366.1,56.0,23,85,30,2,70,337000,1,1,1.0,1,98062.5,11897.0,500718.0,1411.0,38331.05,96431.25,72.0,2,28385.0,21078.0,17239.0,2,63,34361.0,9686.0,90746.0,58,64,20712.0,Y,2157.69,saving,M,46,MEDIUM,18.2,7,693.0,1,17.0
4904,5798,15146.0,30990.52,938.55,3461.0,963.24,35061.95,4620.0,6.0,22,47,2,4,42,381000,1,1,1.0,1,41361.3,118983.0,75000.0,6885.0,47149.41,229152.0,42.0,2,19360.0,21078.0,10284.0,4,50,37498.0,137306.45,52887.79,7,3,36157.0,Y,3934.66,current,M,34,MEDIUM,5.6000000000000005,8,809.0,1,9.0
4905,14187,290242.0,24465.04,3546.98,26505.01,6738.0,13787.42,6508.58,50.0,42,42,1,21,5,184000,1,1,1.0,1,6.164,536874.6,43798.0,1079.0,6073.0,53563.0,6.0,43,81210.0,32916.07,169211.0,2,12,26463.0,67122.72,17826.79,58,8,93448.0,Y,1974.46,current,M,56,LOW,25.200000000000003,7,424.0,1,2.0
4906,13980,6035.0,2826.02,424.3,23185.0,6209.0,5449.0,2346.94,46.0,1,135,1,15,1,510000,1,1,1.0,1,115228.3,117890.0,30071.0,-5942.0,19254.34,22243.0,42.0,4,22929.0,934127.32,17311.0,2,20,60301.0,39377.72,21908.0,49,38,43470.0,Y,31.54,current,M,66,LOW,32.2,5,488.0,0,5.0
4907,10875,14749.0,14523.1,7467.01,9799.99,7649.59,55425.755,1105.0,5.0,66,30,2,21,12,381000,1,1,1.0,1,77855.0,253000.0,68000.0,12174.0,65323.27,22220.0,5.0,3,40195.0,30377.01,16712.0,4,13,71616.0,19323.71,256354.0,7,83,20841.0,Y,133.99,saving,M,33,LOW,13.0,2,355.0,1,15.0
4908,12703,9029.0,33086.4,19070.7,4390.5,18437.0,6313.43,71638.0,10.0,11,27,48,2,41,147000,1,1,1.0,1,2984.1,87578.0,25002.0,0.0,101367.56,25486.0,90.0,5,196095.0,46896.4,56489.0,31,29,19684.0,53777.01,90855.0,3,52,61667.0,Y,5114.96,current,M,32,MEDIUM,6.0,4,536.0,0,16.0
4909,8220,3094.0,6892.44,1502.0,704.0,5739.87,14150.0,15672.5,7.0,23,4,1,1,47,49999,1,1,1.0,1,20141240.0,107692.0,48950.0,24326.0,64904.66,24742.0,10.0,15,30383.0,77511.37,125990.0,2,13,14116.0,20686.0,32547.0,6,58,282034.0,Y,5237.31,current,M,55,MEDIUM,31.5,2,249.0,0,16.0
4910,1824,303396.0,7576.0,7432.05,20311.07,6612.4,9547.0,1086.4,1.0,46,82,3,2,80,125000,1,1,1.0,1,7713.51,65174.0,2644.0,903.0,96997.67,80223.5,11.0,13,73958.0,17827.0,12647.87,2,63,30900.0,235956.19,96273.0,5,79,103638.0,Y,3741.27,current,M,42,MEDIUM,4.4,5,249.0,1,4.0
4911,18489,89200.0,18352.0,1703.0,11812.45,3799.0,19871.67,4855.0,100.0,7,4,3,1,13,186000,1,1,1.0,1,34249.0,376694.91,639.0,1444.0,30047.74,45574.0,67.0,5,30098.0,9030.5,26490.0,12,20,20244.0,12407.53,50719.0,5,107,14187.0,Y,34602.38,current,F,28,MEDIUM,4.800000000000001,6,683.0,1,14.0
4912,19116,16493.0,41061.0,6041.0,11502.72,68297.8,2083.0,41199.0,44.0,2,10,57,4,30,59000,1,1,1.0,1,115.45,22400.0,2156.0,3897.0,99808.8,31420.0,4.0,35,30901.0,28043.0,79208.0,8,11,69200.0,31676.75,44984.0,3,49,21194.0,Y,6326.69,saving,M,33,LOW,1.3,5,307.0,1,5.0
4913,17470,1897.0,1695.0,4970.0,14273.0,6041.8,48412.0,1574.0,5.0,8,44,25,2,79,84000,1,1,1.0,1,46923.0,105000.0,300500.0,1444.0,23286.63,101332.0,43.0,9,17684.0,72614.74,45236.0,0,50,14187.0,42731.54,44840.0,6,75,13689.0,Y,18362.96,current,F,62,MEDIUM,8.4,4,683.0,1,3.0
4914,14521,18903.0,8347.0,4750.0,6717.52,3994.58,936.52,3431.0,43.0,31,79,1,2,54,293000,1,1,1.0,1,192215.0,197800.0,3570.0,-4679.0,37691.89,28676.0,63.0,4,23770.0,25400.0,35818.36,8,25,75155.0,39949.33,44201.32,3,96,23795.0,Y,1893.92,current,M,34,LOW,1.4000000000000001,4,809.0,1,16.0
4915,85,5632.0,16929.8,23322.52,31780.68,6459.81,11178.54,5400.0,7.0,26,38,10,12,98,293000,1,1,1.0,1,19265.4,385218.7,38599.0,1089.0,142487.0,18219.38,46.0,1,33759.0,15396.82,1956054.61,47,1,84694.82,105181.45,47345.0,9,73,37066.0,Y,3062.23,current,M,30,LOW,2.0,8,465.0,1,19.0
4916,2300,5543.0,18112.75,19668.01,1923.6,2835.07,9855.38,31854.92,9.0,11,50,52,1,14,352000,1,1,1.0,1,65887.8,82907.34,12000.0,-4679.0,134361.22,259511.9,52.0,3,47267.0,21657.0,121463.0,3,4,37488.0,24649.93,58985.0,2,12,46105.0,Y,5026.5,current,M,27,MEDIUM,6.300000000000001,4,623.0,1,4.0
4917,14848,9791.0,4172.0,1056.0,2527.0,2800.0,1167.82,11767.49,67.0,36,47,8,4,36,362000,1,1,1.0,1,5688.0,11982.0,927.0,12965.0,329711.32,60708.0,62.0,3,30763.0,3578.07,33733.0,3,14,38989.0,62574.04,662.22,7,124,45418.0,Y,868.21,current,M,67,MEDIUM,42.300000000000004,3,386.0,1,11.0
4918,16399,7095.0,27911.21,17925.04,3703.96,2635.88,4755.0,8970.01,1.0,9,50,2,2,11,555000,1,1,1.0,1,1900.0,24000.0,768.0,1014.0,32112.0,115525.0,63.0,7,25158.0,38742.81,38266.0,50,6,26798.0,49285.21,125385.0,2,36,53143.0,Y,13093.41,current,M,42,MEDIUM,11.0,5,249.0,1,4.0
4919,11221,4881.0,13147.85,5753.0,1050.79,8785.92,5610.0,197.0,19.0,26,49,48,2,56,512000,1,1,1.0,1,19265.4,105000.0,15477.0,-6281.37987999999,63766.78,150830.41,63.0,35,25732.0,12168.5,45293.98,11,18,28233.0,226757.52,1410.0,2,24,176.96,Y,57243.38,current,M,34,MEDIUM,2.8000000000000003,9,801.0,1,4.0
4920,16808,141270.0,1539.73,2930.8,18392.0,9954.0,23192.845,105631.0,1.0,19,20,1,3,1,395000,1,1,1.0,1,4140.0,232235.65,300000.0,2921.0,24226.27,20050.0,11.0,7,24970.0,30792.79,200015.0,2,40,99150.0,6397.81,21617.5,117,113,205641.0,Y,9970.54,current,F,62,MEDIUM,33.6,6,249.0,1,15.0
4921,14777,14876.0,2629.13,1954.0,5479.0,2376.6,8061.0,1889.0,1.0,23,72,8,4,34,27000,1,1,1.0,1,7089.7,221000.0,30071.0,-5439.0,323835.02,22376.58,11.0,5,11434.17,12433.58,38794.0,6,82,35818.0,35729.0,43040.5,36,65,26400.0,Y,17044.86,saving,M,37,LOW,5.1000000000000005,1,582.0,1,10.0
4922,9375,757.0,8203.28,4484.27,9918.3,1890.0,800.0,15428.54,20.0,5,4,22,8,1,191000,1,1,1.0,1,86865.0,15036.0,24619.0,4889.0,319282.92,82400.29,147.0,26,19847.0,45298.68,45293.98,2,2,70086.0,60599.21,188186.21,5,3,14896.0,Y,2145.67,current,M,66,LOW,4.6000000000000005,3,370.0,0,19.0
4923,14537,13646.0,2573.93,7747.91,22700.33,8195.11,8178.0,5296.0,6.0,47,72,4,2,1,326250,1,1,1.0,1,1399.9,50000.0,50000.0,173.0,29950.81,82467.51,22.0,0,70739.0,68960.37,51072.91,4,12,25134.0,39825.14,26238.0,21,101,25973.0,Y,4657.32,current,M,58,MEDIUM,3.8000000000000003,10,247.0,1,14.0
4924,9097,228264.0,21877.0,2340.23,6710.58,4591.62,31158.0,22068.77,10.0,18,29,8,14,56,379000,1,1,1.0,1,2.13,64491.0,851.0,20790.0,17351.5,155577.91,42.0,2,22187.0,34203.5,345717.38,17,20,205706.0,16704.88,71477.0,62,28,163412.0,Y,3323.63,current,M,35,MEDIUM,3.0,4,865.0,1,12.0
4925,16160,17383.0,10140.0,3152.0,99428.0,5335.2,2230.0,11827.46,59.0,27,102,1,1,58,75000,1,1,1.0,1,250631.8,295150.9,130000.0,-5942.0,45352.26,6414.0,90.0,3,38037.0,29885.0,24028.75,8,4,51771.0,88800.79,349003.01,4,22,15880.0,Y,6240.77,current,M,42,MEDIUM,11.0,4,867.0,0,15.0
4926,1209,17614.0,8923.98,3428.0,24579.26,20221.0,6632.5,2384.7,6.0,5,3,30,18,1,199000,1,1,1.0,1,30382.2,104270.0,20887.0,-4324.0,92581.33,96480.51,9.0,1,59990.0,53301.61,11186.0,47,82,22400.0,10493.0,56083.0,3,8,18479.0,Y,3470.57,current,M,50,MEDIUM,9.0,4,966.0,1,17.0
4927,9201,327323.0,6571.7,1963.2,122695.59,9308.01,5077.59,2463.0,7.0,23,6,24,62,54,784000,1,1,1.0,1,180615.02,22400.0,3975.0,2921.0,32256.82,10081.0,11.0,23,16025.0,9231.75,46794.0,4,59,75432.0,27803.9,107781.0,12,57,59167.0,Y,5057.21,current,M,38,HIGH,1.8,3,799.0,1,9.0
4928,809,13497.0,16713.79,2873.0,12129.08,846.0,16745.44,5672.0,101.0,9,7,1,4,98,371000,1,1,1.0,1,10006.2,142608.5,300500.0,6885.0,65430.8,14078.03,147.0,13,26065.0,29149.94,116144.0,3,21,550.0,23328.72,167846.9,4,15,14802.0,Y,276.99,current,M,27,MEDIUM,0.7000000000000001,8,771.0,1,14.0
4929,6139,11884.0,3929.64,9089.0,25548.22,8182.63,1561.505,5124.0,12.0,7,69,1,17,3,340000,1,1,1.0,1,5383.25,167870.79,9570.0,173.0,13555.54,142831.05,18.0,3,66443.0,26256.01,139702.0,1,25,36400.0,27081.2,116082.0,58,24,13070.0,Y,29364.01,current,M,118,MEDIUM,49.0,7,330.0,1,18.0
4930,19166,16567.0,30634.0,2666.09,6805.05,13482.9,10807.5,15169.0,7.0,18,35,44,21,3,198000,1,1,1.0,1,35280.0,46500.0,2841.0,6885.0,74009.75,35076.0,42.0,6,6039.0,3825.5,13379.0,4,5,125000.0,48355.75,115164.0,5,7,35782.0,Y,1717.55,saving,M,53,MEDIUM,6.6000000000000005,6,451.0,1,12.0
4931,1504,316274.0,41441.33,376.0,30286.85,878.0,4326.205,3704.0,531.0,4,5,62,15,31,104000,1,1,1.0,1,34648.75,15695.88,183999.0,5464.0,52333.0,29674.0,5.0,3,25024.25,69072.0,10558.0,70,82,11404.82,40313.5,33894.5,19,58,21434.0,Y,1544.69,saving,M,62,MEDIUM,21.0,5,516.0,1,12.0
4932,18806,16942.0,28707.85,6496.05,5139.0,538.0,12290.0,702.95,28.0,29,35,2,37,56,44000,1,1,1.0,1,33784.35,77000.0,12000.0,8723.0,30181.11,8543.0,103.0,19,23881.0,48643.9,11031.0,4,1,10625.0,44264.17,40143.0,21,103,30918.0,Y,2293.31,current,M,42,LOW,13.200000000000001,1,386.0,1,11.0
4933,10449,7461.0,26982.35,2948.84,11820.0,1087.0,3356.4,835.0,6.0,1,72,2,9,6,430000,1,1,1.0,1,70310.6,500000.0,49975.0,-4324.0,11350.25,75820.5,11.0,27,22929.0,8298.0,141057.14,1,11,62082.0,48080.46,61503.5,6,1,20658.0,Y,1680.63,current,M,33,MEDIUM,7.800000000000001,1,713.0,0,10.0
4934,10678,295944.0,5806.4,2826.0,39645.61,11170.92,577.15,1062.0,26.0,56,89,7,55,8,525000,1,1,1.0,1,3247.5,11897.0,583.0,0.0,14257.45,67266.91,7.0,1,23934.0,118952.15,36644.25,45,30,40442.0,7285.06,49574.5,62,13,43361.0,Y,68.31,current,M,46,MEDIUM,20.8,9,710.0,1,20.0
4935,19847,13926.0,39191.26,10596.6,1822.13,5870.0,21288.0,1545.0,101.0,9,3,5,11,1,255000,1,1,1.0,1,1940.45,273221.0,50000.0,-5998.43994,20688.04,56046.92,10.0,3,15958.0,9634.0,44603.0,17,171,15786.0,16897.46,52519.0,44,50,8581.0,Y,356.15,saving,M,34,HIGH,8.4,5,860.0,0,4.0
4936,5016,224463.0,70088.16,4368.63,16807.54,13010.69,1378.86,960.0,10.0,5,67,48,3,2,102000,1,1,1.0,1,3638.25,10701.0,583.0,-4679.0,134361.22,64616.0,18.0,2,21519.0,24218.06,55262.0,35,20,14085.0,8678.0,73939.0,3,113,34170.0,Y,1962.53,current,M,33,MEDIUM,1.3,1,866.0,1,13.0
4937,19524,2221.0,12839.84,9752.29,38423.86,14090.74,2617.5,12825.4,2.0,77,60,42,1,6,276000,1,1,1.0,1,165907.57,187788.1,610000.0,5439.0,27185.11,30620.5,11.0,2,131912.0,30354.25,24854.37,3,23,63993.0,23325.65,60085.0,3,12,126650.0,Y,9022.14,current,M,62,LOW,21.0,6,858.0,1,5.0
4938,7607,20143.0,947.9,1166.42,1436.68,3755.0,5272.555,26624.0,8.0,14,4,3,48,17,390000,1,1,1.0,1,9220.2,500358.79,711.0,7478.0,29948.98,3596.0,40.0,5,22054.0,57000.0,43914.5,2,28,21241.05,46038.33,87539.5,38,67,35494.25,Y,2933.21,current,F,38,HIGH,18.0,9,653.0,1,7.0
4939,4974,133587.0,18560.26,415.0,12188.84,5776.0,5992.795,1916.0,66.0,84,60,2,1,54,39000,1,1,1.0,1,33784.35,5241.0,2156.0,3897.0,50121.5,22376.58,5.0,15,21474.0,1280.15,76646.5,5,7,30417.0,51969.02,41627.0,36,11,31042.0,Y,8757.2,current,M,29,MEDIUM,0.9,5,582.0,1,6.0
4940,12965,93434.0,5850.65,538.0,15184.0,2975.13,1033.12,6919.0,6.0,10,112,4,2,1,525000,1,1,1.0,1,1466675.0,257406.7,33330.0,-4664.0,94983.04,103578.0,42.0,13,953.0,50778.76,42681.0,2,82,63302.0,25834.24,28059.0,94,15,70575.0,Y,407.55,current,M,32,MEDIUM,2.4000000000000004,9,249.0,0,6.0
4941,19257,7928.0,80838.0,25111.5,31780.68,1579.0,9957.755,797.0,10.0,83,14,1,2,7,403000,1,1,1.0,1,15079.5,25404.0,12337.0,5340.0,116605.66,33960.0,1.0,17,3099.0,7951.0,68728.11,50,82,14275.0,33280.34,24243.0,21,18,36915.0,Y,4957.79,current,M,55,MEDIUM,31.5,4,374.0,1,11.0
4942,15211,6104.0,18813.93,10595.0,8819.0,22212.0,5242.64,5643.0,57.0,10,53,1,48,16,80000,1,1,1.0,1,30895.44,462000.0,5905.0,-4324.0,50455.25,51901.0,42.0,1,13152.0,53550.0,28874.0,1,12,16039.0,35165.0,11096.0,6,103,140817.1,Y,13343.33,current,M,28,LOW,2.4000000000000004,10,249.0,1,17.0
4943,10721,14099.0,57971.05,11316.0,3670.0,1916.0,18487.0,10194.0,44.0,10,7,22,14,77,100000,1,1,1.0,1,201133.0,289469.58,15477.0,1500.0,50968.25,23974.0,68.0,26,15257.0,412915.25,107637.0,5,21,54792.0,92178.05,171940.0,40,12,34168.0,Y,48069.93,current,M,58,LOW,34.2,7,488.0,1,11.0
4944,1994,220294.0,864.0,662.0,4291.0,13883.84,1367.5,3384.41,7.0,81,29,6,1,79,461000,1,1,1.0,1,137260.8,9866.01,13873.0,0.0,137399.88,15016.0,18.0,3,18837.0,240300.0,19046.0,4,8,35822.0,161694.69,8437.29,94,61,40081.0,Y,198.06,current,F,33,MEDIUM,11.700000000000001,10,628.0,1,12.0
4945,16304,127383.0,5962.69,4227.0,1171.0,10525.0,17831.725,9351.0,44.0,9,49,5,1,9,49999,1,1,1.0,1,213557.15,7576.0,15654.0,5464.0,1542837.01,50160.0,18.0,36,5107.0,48197.11,33210.0,43,20,30635.0,17161.29,75460.0,9,58,586100.0,Y,941.67,saving,M,58,HIGH,19.0,5,536.0,1,20.0
4946,16988,4004.0,19062.0,5306.39,3495.0,463.0,16004.53,21643.19,2.0,3,44,24,7,1,282000,1,1,1.0,1,8531560.0,12257.0,8333.0,1089.0,45291.9,40158.0,18.0,7,26740.0,29316.83,98808.0,5,20,38323.0,46898.9,8365.0,21,80,64766.0,Y,2601.39,current,M,27,MEDIUM,3.5,4,626.0,1,12.0
4947,11824,15618.0,1860.0,1446.0,947.78,4320.18,619.88,1376.52,2.0,13,64,2,9,11,480000,1,1,1.0,1,1664.4,252369.0,28913.0,10210.0,37098.38,26662.0,42.0,26,26612.0,19387.95,22378.0,4,104,26605.0,97828.13,22434.5,3,63,30107.0,Y,3199.4,current,F,37,LOW,8.5,9,866.0,1,6.0
4948,11704,2296.0,21735.3,976.01,9322.77,484.0,3277.99,8189.0,12.0,29,7,1,2,8,453000,1,1,1.0,1,259573.3,267421.4,4699.0,1079.0,21107.88,80267.0,3.0,4,20426.0,68572.12,53992.5,3,23,124000.0,6053.5,47820.0,13,8,16524.0,Y,55161.6,current,M,53,MEDIUM,26.400000000000002,3,684.0,1,5.0
4949,5914,15154.0,8501.56,2878.0,19748.5,2369.5,1796.04,233.0,100.0,30,7,48,7,3,306000,1,1,1.0,1,2008232.55,152664.0,610000.0,5730.0,56867.25,6144.0,5.0,1,20579.0,11545.0,54631.0,45,28,42568.0,15353.05,34063.92,2,73,17184.0,Y,1243.58,current,F,47,MEDIUM,27.0,3,516.0,1,18.0
4950,17474,6188.0,131009.93,1268.0,7708.0,8358.36,4899.77,6857.0,2.0,42,117,57,48,1,378000,1,1,1.0,1,99984.83,119445.0,12337.0,-5439.0,55595.25,68024.0,36.0,17,17264.0,3142.29,88042.0,50,5,28107.0,16038.39,36246.0,2,52,37700.0,Y,29143.23,saving,F,40,LOW,14.0,4,708.0,1,2.0
4951,10787,10592.0,34407.85,1947.0,52289.5,2218.73,15241.0,1545.65,6.0,3,82,7,1,3,39000,1,1,1.0,1,4140.0,3.59,3975.0,0.0,107245.53,345258.0,3.0,36,31873.0,160161.55,302704.0,2,59,31492.0,145511.35,65408.0,6,11,9760.0,Y,783.94,current,M,47,MEDIUM,18.900000000000002,4,700.0,0,7.0
4952,14446,4563.0,6095.36,25792.91,9944.51,15063.0,1191.0,465.0,7.0,77,59,62,4,26,100000,1,1,1.0,1,22086.05,278360.16,56305.0,-3506.17993,157943.9,29715.0,32.0,5,18729.0,111171.65,54711.0,2,75,36291.0,10858.09,17856.0,6,72,35618.0,Y,3384.71,current,M,62,MEDIUM,37.800000000000004,8,647.0,1,3.0
4953,19708,1622.0,12161.65,1262.74,5391.0,21768.0,16527.0,2156.94,9.0,66,47,1,8,1,520000,1,1,1.0,1,360978.37,109000.0,130000.0,1411.0,31863.46,873608.92,16.0,2,35195.0,166410.45,689780.0,3,20,49312.0,33369.69,70389.5,4,83,14741.0,Y,7033.35,current,M,33,MEDIUM,11.700000000000001,7,883.0,1,16.0
4954,5704,8202.0,2717.08,6946.01,5304.46,448.86,2297.0,3002.0,52.0,5,38,57,3,1,574000,1,1,1.0,1,124929.75,234459.4,610000.0,20513.0,48551.77,120573.38,11.0,2,23263.0,37189.16,52127.72,45,20,5520.0,11611.0,589586.0,16,12,96452.0,Y,2279.29,current,M,33,LOW,3.9000000000000004,2,628.0,1,11.0
4955,12085,11165.0,14677.68,25214.0,2376.97,17318.47,6526.915,842.0,56.0,50,67,4,12,1,80000,1,1,1.0,1,117168.65,375000.0,16114.0,1332.0,50734.36,81713.0,12.0,9,10749.0,211231.0,162958.0,0,25,10345.0,97852.75,17081.0,13,58,31281.0,Y,7125.81,current,M,47,MEDIUM,10.8,4,864.0,0,16.0
4956,2809,223407.0,22656.07,4381.31,605.0,629.1,870.0,609.2,8.0,8,46,4,14,47,443000,1,1,1.0,1,1220.0,20500.0,1633.0,19765.0,32053.13,21549.0,4.0,4,42204.0,14695.78,116362.0,70,75,17927.0,31969.88,82930.78,62,21,26179.0,Y,1325.68,current,M,64,MEDIUM,4.4,1,538.0,1,5.0
4957,11152,288576.0,10835.0,1256.0,25504.92,4975.0,2179.0,4237.83,44.0,85,14,47,14,98,345000,1,1,1.0,1,63073.6,64491.0,130000.0,9415.0,280461.88,106296.97,3.0,2,83359.0,27839.89,64208.0,43,5,57049.0,137176.71,34831.0,1,67,57936.0,Y,568.48,current,M,220,LOW,60.0,6,594.0,1,18.0
4958,8989,21179.0,1388.5,22579.0,573.05,11049.0,3402.26,2136.0,7.0,38,67,7,6,77,50900,1,1,1.0,1,9832490.0,340000.0,4367.0,-5942.0,17634.75,28604.0,2.0,4,25265.0,23284.75,128857.0,2,81,44555.0,60451.61,67945.18,1,58,34577.0,Y,11226.55,current,F,38,LOW,14.4,5,355.0,1,8.0
4959,10889,15572.0,1007.0,3726.0,2699.0,124.31,13050.0,2397.0,66.0,9,49,3,1,39,59000,1,1,1.0,1,94643.15,12000.0,565.0,-3506.17993,129670.14,45832.0,23.0,11,58479.0,41984.21,17193.05,0,105,26919.0,40219.83,51830.38,2,10,23458.0,Y,4176.3,current,F,47,MEDIUM,24.3,2,914.0,1,2.0
4960,8052,12395.0,5545.23,5311.0,7638.15,5118.0,15359.15,7011.0,9.0,93,5,51,1,2,523000,1,1,1.0,1,31454.1,560000.0,33774.0,0.0,25258.78,207971.0,4.0,36,16245.0,34868.17,11677.0,7,11,7511.0,105380.71,640.0,13,50,9936.97,Y,1432.88,saving,M,35,MEDIUM,12.0,6,516.0,1,2.0
4961,2991,342107.0,824.36,875.0,11168.03,20024.0,1309.4,1729.0,4.0,1,19,48,38,98,371000,1,1,1.0,1,59703.93,132324.01,12016.0,167.0,32652.75,41666.0,23.0,1,59078.0,20433.0,3184.38,47,171,30525.0,21068.6,141590.88,18,0,22899.0,Y,90.52,current,M,34,LOW,7.0,9,606.0,1,20.0
4962,11985,150.0,6812.92,14202.91,2896.5,2700.84,2616.0,276.0,26.0,7,27,2,17,55,199999,1,1,1.0,1,754075.0,107692.0,78309.0,5439.0,10673.5,24119.0,38.0,4,35439.0,1550.0,636.5,1,30,239000.0,48233.47,26732.5,94,83,101458.09,Y,5057.41,current,M,33,HIGH,7.800000000000001,3,355.0,0,19.0
4963,12042,398611.0,47638.0,1140.0,10140.39,20101.0,5003.435,1525.0,44.0,36,5,24,62,17,393000,1,1,1.0,1,47936.43,338430.0,78309.0,1465.0,97840.93,62637.0,2.0,3,19289.0,51246.27,15894.0,0,75,40582.0,6165.0,35021.13,4,103,45603.0,Y,10020.93,current,M,53,MEDIUM,19.8,9,536.0,1,20.0
4964,4449,13606.0,2532.0,5429.0,1976.63,1137.0,2127.445,1520.0,531.0,1,49,2,5,41,136000,1,1,1.0,1,28844.0,143000.0,583.0,6885.0,96244.48,44629.0,2.0,30,29210.0,26740.71,24551.85,11,78,27225.0,14466.31,58807.0,6,27,48788.0,Y,1623.06,current,M,39,HIGH,13.3,2,653.0,1,12.0
4965,8826,4477.0,8672.11,390.0,12878.92,3139.9,10427.0,3485.0,2.0,10,47,26,6,3,556000,1,1,1.0,1,148705.0,7216.53,3975.0,1014.0,79398.0,46055.0,18.0,14,22888.0,74104.0,22566.0,1,5,57778.0,23810.25,76565.0,2,133,17557.0,Y,5357.27,current,M,30,LOW,1.0,2,372.0,1,18.0
4966,14207,109776.0,6960.6,2111.84,2484.0,7610.0,2889.735,1799.0,12.0,23,85,4,28,3,381000,1,1,1.0,1,67833.35,12929.0,20887.0,1954.0,22064.67,27141.0,62.0,3,77290.0,93004.0,27002.0,23,81,143000.0,120102.5,32278.0,3,0,20753.0,Y,6077.25,current,M,32,HIGH,7.2,4,516.0,1,9.0
4967,12317,107794.0,6780.81,144.0,13610.91,6818.58,6806.425,9032.08,2.0,47,3,50,9,5,505000,1,1,1.0,1,825.0,111000.0,1018.0,-5439.0,32882.64,37396.0,36.0,2,45301.0,16097.11,76232.0,5,21,26.25,39891.89,40461.65,40,96,44874.0,Y,656.2,current,M,37,MEDIUM,5.1000000000000005,10,269.0,0,12.0
4968,14637,16.0,46272.85,6615.0,85508.47,10083.25,17949.67,8369.0,66.0,2,74,82,15,2,303000,1,1,1.0,1,111.0,186474.96,4367.0,5439.0,111817.83,27181.0,39.0,5,109035.38,29729.69,33134.0,12,6,66300.0,38028.41,21882.0,6,3,29364.0,Y,2283.68,current,M,40,HIGH,6.0,5,346.0,0,20.0
4969,9009,13719.0,2792.04,199.0,9603.1,3050.9,7319.295,1290.12,60.0,3,3,4,15,6,520000,1,1,1.0,1,506688.65,232235.65,11580.0,2008.0,126443.0,328958.0,42.0,4,16258.0,26973.46,84185.0,16,20,24993.0,71426.92,322671.75,21,75,76902.0,Y,4654.74,current,M,62,LOW,29.400000000000002,9,448.0,1,7.0
4970,11226,14238.0,12585.11,3229.0,43549.92,10304.0,1950.24,389.0,1.0,10,135,11,1,80,188000,1,1,1.0,1,1466675.0,27000.0,550.0,1079.0,10017.6,30811.5,22.0,4,26070.0,5375.0,52784.0,2,20,1235.0,72338.01,3304.0,9,73,51211.0,Y,4002.39,current,F,118,LOW,9.8,1,658.0,1,11.0
4971,1067,325686.0,12554.44,16453.77,59938.29,68297.8,5451.0,13271.0,6.0,22,3,10,3,12,35000,1,1,1.0,1,1539496.64,237365.38,1630.0,3897.0,14779.08,106770.5,1.0,33,14572.0,43311.83,53785.73,1,11,23120.0,10734.0,342188.0,36,103,20598.0,Y,1502.21,saving,M,47,LOW,27.0,4,448.0,1,17.0
4972,8324,13422.0,13147.85,521.0,509.5,2500.25,70653.0,15169.0,4.0,23,47,2,27,1,660000,1,1,1.0,1,1641785.0,5241.0,694.0,1992.0,47893.6,10520.0,82.0,1,34322.0,3931.0,114880.18,43,12,18752.0,58758.09,22671.0,8,73,26690.0,Y,7000.01,current,M,55,MEDIUM,3.5,3,860.0,1,17.0
4973,5090,3111.0,18152.0,20734.3,2530.0,2249.0,6011.2,3235.0,8.0,10,61,49,14,39,83000,1,1,1.0,1,4140.0,280000.0,33774.0,6916.0,75669.8,7259.0,8.0,3,77582.0,14612.42,30491.13,3,171,91306.0,47859.85,196478.76,9,38,49366.43,Y,6405.52,current,M,47,MEDIUM,16.2,6,507.0,1,11.0
4974,5437,393110.0,34695.61,8087.0,42993.57,4992.25,21360.52,564.0,26.0,99,2,1,3,7,371000,1,1,1.0,1,5215.0,8000.0,1052.0,6916.0,60305.09,61665.62,52.0,4,21086.0,53767.0,80370.0,1,29,62780.0,14635.14,18021.0,62,0,40947.0,Y,49072.91,current,M,27,MEDIUM,1.4000000000000001,2,574.0,0,8.0
4975,11483,532.0,13197.13,5616.0,1350.0,3386.67,10890.3,887.14,1.0,3,50,22,2,44,35000,1,1,1.0,1,154363.25,53749.0,78309.0,20324.0,3797.0,44995.4,0.0,3,26283.0,37809.48,43537.5,5,16,33641.0,635143.63,9550.0,10,24,77127.0,Y,776.91,current,M,66,MEDIUM,4.6000000000000005,7,964.0,1,18.0
4976,12385,15483.0,8843.84,10101.0,8179.45,7419.85,14459.77,1306.0,7.0,23,4,48,6,2,382000,1,1,1.0,1,1641785.0,67555.67,18389.0,2921.0,109720.32,14487.0,94.0,3,953.0,31266.0,38139.0,2,2,7940.0,12052.55,68166.0,58,61,152300.0,Y,4340.1,current,M,32,MEDIUM,9.600000000000001,1,748.0,1,5.0
4977,1692,227533.0,16742.3,5628.21,14334.045,2047.0,23084.88,4019.97,100.0,29,64,5,1,30,247000,1,1,1.0,1,32951.25,39833.19,908.0,12174.0,61358.41,115572.77,147.0,7,11420.0,20091.01,23836.0,47,25,17852.0,38653.43,174138.0,14,1,41241.0,Y,561.59,saving,M,50,LOW,18.0,4,259.0,1,12.0
4978,16500,132714.0,1863.08,12538.0,12020.0,4799.12,32911.9,3011.52,37.0,34,89,7,2,3,301000,1,1,1.0,1,8209320.0,150000.0,155205.0,5439.0,16633.44,54290.0,16.0,7,17757.0,7803.5,372124.0,3,108,38989.0,104822.45,25064.0,4,75,13247.0,Y,1029.04,current,M,44,HIGH,12.0,1,454.0,1,8.0
4979,9914,15416.0,6042.83,6453.0,1925.84,10307.84,11686.48,2782.0,5.0,9,6,8,26,2,395000,1,1,1.0,1,5457.0,25000.0,1266.0,0.0,43418.72,25067.0,11.0,31,69000.0,69555.0,55638.04,50,44,61446.0,300179.6,33651.29,2,54,43220.0,Y,6077.25,current,M,44,MEDIUM,2.4000000000000004,6,945.0,1,10.0
4980,2095,16974.0,36794.84,11327.9,6844.55,3816.0,4181.64,1449.0,9.0,84,23,8,4,77,59000,1,1,1.0,1,77855.0,118976.0,30000.0,6260.0,97272.38,209895.5,16.0,1,96640.0,99142.64,7065.86,50,5,70186.0,175824.75,58438.79,3,83,28791.0,Y,2383.51,current,M,53,MEDIUM,23.1,6,447.0,1,19.0
4981,12787,10602.0,25701.44,9760.0,10004.07,37483.84,749.0,854.0,57.0,1,59,2,25,9,74100,1,1,1.0,1,4834.55,25404.0,155205.0,553.0,17546.32,28849.38,91.0,17,37046.0,29665.06,295273.0,7,29,26942.0,53424.66,40248.0,3,1,109025.0,Y,1516.92,current,M,33,MEDIUM,5.2,10,243.0,1,9.0
4982,10037,13779.0,2653.0,3897.5,35528.0,22628.3,2587.345,389.0,92.0,71,2,8,37,16,338000,1,1,1.0,1,825.0,267421.4,24094.0,-6885.0,197694.72,74082.0,11.0,1,11980.0,39661.82,59033.0,47,11,78089.0,39450.06,20228.0,47,76,60227.0,Y,7169.97,current,M,40,MEDIUM,20.0,9,700.0,1,5.0
4983,9217,12349.0,653.5,3033.6,2238.0,3106.25,910.25,1538.0,10.0,5,64,1,1,55,102000,1,1,1.0,1,104980.25,12000.0,798.0,6916.0,10095.0,32213.0,94.0,5,22230.0,86708.04,34483.0,6,20,18185.0,20485.12,46576.88,6,11,38313.0,Y,2237.55,current,M,30,MEDIUM,7.0,1,945.0,1,15.0
4984,8123,26.0,1583.92,3238.0,6245.13,9617.15,7543.0,2726.0,19.0,10,86,4,14,3,402000,1,1,1.0,1,12057.2,12971.0,5981.0,0.0,33170.76,22611.0,3.0,2,65364.0,35975.34,7065.86,6,81,29084.0,58854.05,23998.73,5,39,29788.0,Y,41805.09,current,M,44,LOW,21.6,7,554.0,0,11.0
4985,17687,18415.0,13389.69,1429.0,11346.5,3294.0,8876.5,27224.5,1.0,66,35,2,4,5,25000,1,1,1.0,1,54860.05,159415.3,183999.0,6916.0,31528.25,5284.0,55.0,36,39543.16,74063.39,13677.0,2,13,39112.0,16250.58,194857.0,5,32,50140.0,Y,2583.17,current,M,35,HIGH,13.5,8,331.0,1,2.0
4986,6943,312947.0,7576.0,1093.2,4997.75,498.0,349.0,6069.0,1.0,66,67,1,7,10,447000,1,1,1.0,1,23592.0,393201.39,550.0,-6281.37987999999,39051.38,30271.0,69.0,2,28301.0,301252.39,2030.0,3,82,33000.0,112657.96,117236.0,46,50,53907.0,Y,9678.01,current,M,40,MEDIUM,2.0,4,626.0,1,14.0
4987,5441,5793.0,1352.5,3159.0,2091.24,4659.5,3482.49,688.0,2.0,6,19,3,1,20,402000,1,1,1.0,1,148705.0,30453.0,130000.0,0.0,77161.0,67716.0,6.0,33,26073.0,84422.18,48159.5,2,108,1145.0,203649.5,15891.0,3,50,39878.0,Y,6678.35,current,M,55,LOW,7.0,10,299.0,1,16.0
4988,18154,327308.0,1119.96,2086.1,5862.94,28846.47,1821.86,901.25,6.0,2,44,2,1,1,167000,1,1,1.0,1,293418.75,217074.0,19081.0,-4664.0,16252.7,51740.41,11.0,30,19892.0,40035.24,118689.25,4,63,16389.0,53675.37,50330.0,9,3,148023.0,Y,2248.06,saving,M,32,MEDIUM,10.8,9,623.0,1,8.0
4989,15467,13717.0,1228.38,3926.0,8295.29,5725.3,67476.0,5333.6,92.0,46,84,2,6,2,564000,1,1,1.0,1,20049.0,88482.8,768.0,2351.0,56491.88,32377.86,2.0,11,38768.0,108.98,115393.03,6,63,76924.0,32125.06,70482.79,3,10,45223.0,Y,3152.98,current,F,53,MEDIUM,16.5,6,537.0,0,6.0
4990,8896,1936.0,4015.0,1634.0,11095.0,5122.0,851.0,11604.0,531.0,32,50,62,2,3,443000,1,1,1.0,1,196885.0,170989.0,56305.0,0.0,280638.32,45680.0,10.0,7,134811.0,28429.05,48148.0,3,67,21350.0,131280.0,28807.0,21,83,43627.0,Y,784.73,current,F,223,MEDIUM,121.80000000000001,2,606.0,1,14.0
4991,17842,5776.0,23609.0,12561.4,17551.68,7839.0,9861.145,18174.06,15.0,16,29,2,2,9,564000,1,1,1.0,1,115.45,429273.4,50000.0,9415.0,26419.0,9571.0,32.0,3,36468.0,46546.0,40183.48,1,11,180315.0,45177.68,37007.5,1,103,47357.0,Y,8467.82,current,F,63,MEDIUM,4.3,9,974.0,1,16.0
4992,13353,16646.0,2729.62,2666.09,6431.5,1023.15,13609.93,814.0,44.0,13,27,82,60,13,199999,1,1,1.0,1,165907.57,132324.01,13533.0,0.0,25238.71,68998.88,2.0,0,21830.0,224289.51,755175.35,19,20,42667.0,6539809.92,20156.72,40,24,20508.0,Y,1004.65,current,M,62,MEDIUM,29.400000000000002,7,863.0,0,16.0
4993,5984,38437.0,51514.35,2496.0,4118.6,8263.59,8304.42,1948.0,17.0,6,4,3,2,29,47000,1,1,1.0,1,13643.8,201000.0,20000.0,-5942.0,58947.72,281271.0,10.0,3,28293.0,2627.0,1418.72,2,13,32944.0,23655.1,143286.0,47,65,28752.5,Y,135.08,current,M,60,MEDIUM,36.0,3,503.0,1,18.0
4994,15438,9984.0,9649.92,14234.07,17438.55,2913.65,18159.055,787.0,60.0,8,6,48,25,9,252000,1,1,1.0,1,19.95,280000.0,13533.0,2921.0,108622.5,16229.0,23.0,1,32217.0,65913.07,56996.0,0,14,17830.0,115137.65,31202.0,8,18,43856.0,Y,4816.39,current,F,25,MEDIUM,5.0,3,268.0,1,16.0
4995,10897,618.0,24573.5,9593.0,277233.88,433.0,5638.195,581.0,7.0,37,4,45,2,98,199999,1,1,1.0,1,99984.83,784499.0,12000.0,1079.0,6582.0,172574.65,1.0,0,82644.0,20754.25,32450.67,0,171,38861.0,64400.0,25622.25,40,11,28137.0,Y,7263.74,current,M,44,LOW,19.200000000000003,8,855.0,1,4.0
4996,13698,5306.0,17550.37,7268.0,3483.25,3464.0,11586.0,1538.5,1.0,31,82,1,6,12,199999,1,1,1.0,1,506688.65,105000.0,15756.0,0.0,21040.24,45511.0,147.0,6,26819.85,58638.13,23133.0,6,42,27192.0,34161.42,230586.0,47,103,56930.0,Y,12163.45,current,M,33,MEDIUM,6.5,8,503.0,1,6.0
4997,11977,8572.0,9282.22,9017.7,2582.9,2249.73,24663.0,413.0,2.0,43,44,1,3,4,371000,1,1,1.0,1,825.0,37000.0,20000.0,6916.0,118780.72,78235.61,2.0,36,17335.0,23567.59,37441.0,31,27,32641.0,40627.38,95837.17,3,63,24800.0,Y,3986.07,current,M,27,MEDIUM,6.300000000000001,3,466.0,1,2.0
4998,15534,17750.0,1289.59,1098.34,17408.49,1098.0,1394.53,8934.0,10.0,36,59,4,12,64,784000,1,1,1.0,1,8043.25,338430.0,10000.0,5340.0,69601.65,32419.37,8.0,9,36184.43,13582.73,13244.0,3,20,91891.0,73016.0,43235.16,40,83,67887.0,Y,3836.95,current,M,33,MEDIUM,11.700000000000001,6,270.0,1,15.0
4999,4159,16119.0,8398.285,2805.93,2921.75,68.1,3937.25,3035.65,8.0,13,87,1,62,64,784000,1,1,1.0,1,9255.43,794000.0,73217.0,6916.0,61245.0,36593.0,91.0,23,9109.0,50711.5,236949.04,6,81,25583.0,88632.4,54329.0,14,12,12811.0,Y,34602.38,current,M,25,MEDIUM,1.5,9,535.0,0,10.0
5000,16525,15554.0,6363.65,4898.0,33636.0,2061.68,29217.46,2479.0,29.0,9,4,82,1,41,25000,1,1,1.0,1,4720.0,1024477.47,28912.0,-5715.49022999999,12149.0,26432.0,69.0,1,33159.0,14126.04,50879.0,0,50,43336.0,71990.92,21738.0,42,39,37201.0,Y,3480.31,current,M,42,MEDIUM,11.0,7,454.0,1,10.0
5001,1597,19105.0,2965.0,20258.0,3296.73,1259.0,3322.52,2384.7,44.0,26,16,25,18,4,300000,1,1,1.0,1,1377313.45,95081.0,27809.0,-5942.0,59896.76,40950.01,90.0,9,47364.0,23591.04,12467.0,43,2,35803.0,19652.66,54308.0,21,2,20160.0,Y,3137.31,current,M,66,MEDIUM,32.2,1,860.0,1,3.0
5002,10698,115597.0,15054.0,24837.02,31470.86,2892.7,5130.645,3070.0,12.0,19,44,1,5,2,366000,1,1,1.0,1,566914.0,117890.0,155205.0,5730.0,85228.96,23653.0,147.0,3,28445.0,47463.5,1264.0,2,2,15.0,109196.75,28560.0,62,1,25382.0,Y,7114.17,current,M,32,MEDIUM,8.4,1,620.0,0,5.0
5003,18949,396361.0,97817.84,7352.92,13440.82,1916.0,6673.0,4772.0,100.0,99,4,25,7,47,595000,1,1,1.0,1,76122.87,6574.31,2130.0,6916.0,174551.44,231559.0,55.0,5,29871.0,86188.0,36334.99,9,171,345438.78,85787.51,23370.5,40,87,42681.0,Y,5449.12,current,M,38,MEDIUM,16.2,9,249.0,1,15.0
5004,19868,14426.0,12938.3,16783.18,1057.06,22304.86,15259.0,22839.0,60.0,5,59,1,62,30,555000,1,1,1.0,1,137260.8,10465.48,20887.0,-4679.0,111808.81,26871.0,39.0,36,19417.0,74400.55,138176.52,1,7,31416.0,114788.0,238.0,3,21,7582.5,Y,2406.72,current,M,28,LOW,6.4,3,814.0,0,14.0
5005,9837,19323.0,10599.54,3069.0,10468.0,5590.2,4837.24,3962.0,7.0,5,13,1,2,3,155000,1,1,1.0,1,13762.5,78050.0,126001.0,13135.0,23432.25,19239.0,11.0,9,72241.0,115493.07,148611.0,4,81,39848.0,41739.5,55798.79,93,76,81202.0,Y,1820.51,current,M,66,LOW,9.200000000000001,5,606.0,0,18.0
5006,6950,12834.0,11555.0,3663.0,1475.85,14868.76,8792.0,18215.0,4.0,29,7,2,6,58,87000,1,1,1.0,1,6.164,63000.0,16215.0,5340.0,40351.32,27015.0,7.0,2,34208.0,31640.47,46421.0,43,63,27718.0,16048.0,125385.0,3,0,48375.0,Y,6748.97,current,F,49,MEDIUM,23.200000000000003,7,723.0,0,18.0
5007,9046,13225.0,3242.0,1338.0,5682.22,6977.09,7199.0,799.0,17.0,9,44,1,51,47,366000,1,1,1.0,1,168265.55,295150.9,51520.0,-5439.0,161994.0,22376.58,69.0,36,19335.0,56099.99,125166.36,2,63,18438.0,7235.0,217490.77,3,106,24514.0,Y,5411.09,saving,M,47,MEDIUM,21.6,9,554.0,0,16.0
5008,7163,23099.0,7613.52,24837.02,13399.13,9041.3,7925.345,2537.74,1.0,30,35,5,5,47,47000,1,1,1.0,1,140262.4,470000.0,15654.0,6916.0,47428.94,28428.23,70.0,1,101773.0,1010827.7,64489.0,0,27,7818.0,27293.13,91970.0,6,12,265571.0,Y,8567.56,current,M,30,LOW,7.0,8,723.0,1,4.0
5009,15074,3796.0,21716.95,39739.0,5615.31,202.0,15982.715,2883.66,6.0,1,82,8,4,98,25000,1,1,1.0,1,201133.0,15300.0,4812.0,173.0,89252.75,290.09,46.0,4,37503.0,45875.76,54734.0,3,81,25134.0,48355.75,25737.29,1,80,39362.0,Y,7793.26,current,M,30,MEDIUM,4.0,5,708.0,1,5.0
5010,15752,63.0,9561.53,17870.0,3715.845,16311.0,5686.3,1980.0,5.0,128,47,11,36,81,845000,1,1,1.0,1,684495.7,96096.0,30071.0,6885.0,165363.2,63069.0,11.0,13,31333.0,48940.65,175103.0,19,16,27875.0,141593.19,89274.0,6,68,140817.1,Y,1411.85,current,F,40,MEDIUM,6.0,1,658.0,1,16.0
5011,1901,5635.0,66375.81,15635.0,11430.08,1670.25,302751.41,3477.0,1.0,8,74,60,44,4,44000,1,1,1.0,1,59703.93,14000.0,126001.0,1992.0,20581.36,27304.0,5.0,0,75721.0,87979.85,53923.5,3,16,27718.0,37859.77,185379.0,49,35,15473.0,Y,2895.71,current,F,33,MEDIUM,2.6,4,867.0,1,19.0
5012,4883,95447.0,5144.76,1915.0,21605.81,461.0,5489.925,5513.0,17.0,1,44,4,3,18,70000,1,1,1.0,1,58928.67,64491.0,1515.0,5773.0,109613.25,79756.0,69.0,4,37404.0,62045.75,12318.0,10,14,31011.0,1598.5,52688.49,18,32,28617.0,Y,14942.95,current,M,55,MEDIUM,10.5,6,346.0,0,16.0
5013,7839,290265.0,80625.0,1059.4,2425.69,12560.0,12400.25,3854.0,8.0,36,35,24,6,2,232000,1,1,1.0,1,58928.67,440000.0,130000.0,903.0,67493.66,24894.0,49.0,2,35953.0,181376.98,156290.0,3,46,99681.0,48011.24,96201.59,117,65,46455.0,Y,1639.07,current,M,53,MEDIUM,13.200000000000001,8,863.0,0,20.0
5014,12037,4332.0,26069.02,2544.0,1081.0,24391.47,8281.42,23270.0,1.0,46,102,1,4,7,845000,1,1,1.0,1,937.0,674291.83,678.0,6916.0,45475.0,39724.0,16.0,19,295000.0,22289.0,125651.0,5,12,5162.0,105786.5,102115.36,5,2,17525.0,Y,3822.22,current,M,33,MEDIUM,1.3,8,537.0,1,19.0
5015,822,11961.0,18165.62,262.31,19462.0,232.0,1858.5,851.0,5.0,13,73,26,24,4,0,1,1,1.0,1,140262.4,1194405.5,15477.0,-3506.17993,10590.75,61323.0,11.0,36,55679.0,183487.8,25678.0,3,13,21423.0,38326.87,17795.0,42,63,65571.5,Y,1202.53,current,M,32,MEDIUM,7.2,1,743.0,1,12.0
5016,11139,3116.0,18401.61,1853.37,6814.81,5190.0,569.0,1860.0,2.0,5,82,3,51,2,461000,1,1,1.0,1,5215.0,33668.0,33950.0,-4664.0,98486.7,94871.0,2.0,13,26367.0,45606.44,40911.0,0,82,35302.0,10045.0,54906.95,3,12,24195.0,Y,20586.84,current,M,47,LOW,8.1,4,626.0,1,7.0
5017,17800,2963.0,20711.36,13136.0,16350.755,3828.35,5179.0,1520.0,1.0,29,2,3,7,2,293000,1,1,1.0,1,456.1,76365.24,3850.0,5340.0,23614.0,85739.0,32.0,4,27784.0,51615.69,224587.13,6,108,41500.0,14599.0,64840.0,94,7,87651.0,Y,1925.19,saving,M,25,MEDIUM,2.5,5,658.0,1,6.0
5018,2141,11550.0,21633.05,703.0,6166.93,17038.61,37483.55,607.0,26.0,23,653,50,2,30,466000,1,1,1.0,1,942327.7,35000.0,25000.0,0.0,20128.64,48699.0,49.0,1,51163.0,78393.29,232208.0,2,6,231101.93,1988.0,44279.0,7,50,24343.0,Y,14233.16,current,M,32,MEDIUM,4.800000000000001,4,708.0,0,14.0
5019,5602,10113.0,341866.0,1143.95,6130.06,2544.52,8207.46,431.28,44.0,26,14,7,6,80,520000,1,1,1.0,1,510.6,43397.0,50000.0,4512.0,42782.99,54181.99,7.0,3,18750.0,11889.58,45455.0,2,16,38947.0,22048.94,480.0,2,65,86687.0,Y,1779.98,current,M,34,MEDIUM,8.4,8,233.0,1,15.0
5020,13881,16338.0,7836.87,3708.0,4943.76,516.98,1590.52,10281.36,14.0,5,44,18,60,47,68250,1,1,1.0,1,151606.65,1084598.7,96497.0,10210.0,1704.0,67352.0,18.0,4,29102.0,36044.0,678.0,42,20,50184.0,37261.15,2506172.0,117,104,91747.0,Y,1816.45,current,M,33,MEDIUM,11.700000000000001,7,371.0,1,14.0
5021,916,20880.0,2847.0,21042.0,17819.58,5538.5,20587.18,623.0,63.0,56,82,20,44,26,97000,1,1,1.0,1,3638.25,53749.0,610000.0,4795.0,36167.79,66351.25,57.0,0,32089.0,55637.81,37259.0,1,171,385963.0,11182.14,50219.0,4,12,14325.0,Y,12298.68,current,M,28,MEDIUM,6.4,3,626.0,0,2.0
5022,14241,6705.0,2448.1,1076.5,1292.52,4726.96,22479.0,164.01,8.0,65,60,1,18,3,400000,1,1,1.0,1,17377.25,446457.0,639.0,-3053.0,23019.71,16490.0,7.0,6,210000.0,36991.0,14480.0,1,25,90579.0,39377.72,11072.0,5,6,31471.0,Y,5859.93,current,M,56,MEDIUM,21.6,2,324.0,1,20.0
5023,1422,11543.0,10810.0,8464.1,30073.13,17692.0,5045.5,971.02,31.0,31,50,44,62,22,483000,1,1,1.0,1,53530.07,390700.0,3975.0,6916.0,25854.42,56342.0,42.0,6,32035.61,25237.75,79005.0,45,81,120091.0,44440.72,100910.57,12,2,76922.0,Y,4730.46,current,M,47,LOW,24.3,2,748.0,1,19.0
5024,16962,5427.0,42797.9,6931.52,5301.34,4062.5,17814.165,3891.73,1.0,71,16,8,36,55,156000,1,1,1.0,1,2184.0,62606.0,12000.0,886.0,29141.88,34399.0,0.0,5,29583.0,92973.53,2168.0,2,5,33873.0,3844.0,74486.0,3,120,41392.61,Y,3213.5,current,M,220,MEDIUM,100.0,7,796.0,1,3.0
5025,16324,11670.0,19111.49,938.55,3109.98,8813.0,9761.0,11160.0,7.0,36,67,6,1,5,98000,1,1,1.0,1,51291.45,191000.0,12000.0,-6885.0,20679.48,97149.03,42.0,1,63600.0,24219.87,52237.85,6,5,25387.0,42425.75,26713.0,4,39,22419.0,Y,62629.97,current,F,47,LOW,21.6,8,269.0,1,13.0
5026,6637,12829.0,17139.16,28534.79,10428.69,7207.34,6304.805,3188.5,7.0,23,13,2,56,10,494000,1,1,1.0,1,825.0,25404.0,2019.0,6885.0,35076.0,37711.41,29.0,0,43358.0,74172.0,19846.0,2,9,78603.0,61326.0,45137.59,4,0,19608.26,Y,3650.82,current,M,34,LOW,9.8,7,799.0,1,2.0
5027,12387,98986.0,18759.0,666.0,12337.58,3307.0,13258.0,2150.0,4.0,26,23,3,1,5,378000,1,1,1.0,1,123295.4,399.09,8060.0,1500.0,101838.51,49660.0,27.0,11,46876.0,301121.78,109084.0,9,20,7384.0,128857.02,91476.43,2,10,32560.0,Y,3078.38,current,M,63,MEDIUM,8.6,2,710.0,0,14.0
5028,255,82584.0,5204.67,3346.81,4735.03,135662.0,275.11,515.0,8.0,5,4,5,2,13,461000,1,1,1.0,1,26360.0,12971.0,49900.0,4314.0,192064.42,37892.0,24.0,3,25600.0,45266.67,79360.0,7,8,50951.0,21680.0,11254.0,8,18,32528.0,Y,1634.17,current,M,33,MEDIUM,11.700000000000001,8,801.0,1,11.0
5029,16434,1900.0,36794.84,9105.25,1775.5,1616.0,152.0,2384.7,7.0,29,35,1,2,30,138000,1,1,1.0,1,101891.25,560000.0,230000.0,-5439.0,208698.74,60278.0,11.0,1,46876.0,39617.88,38015.0,45,5,20513.0,259883.7,60689.0,11,104,54409.5,Y,16358.35,current,M,33,LOW,13.0,6,516.0,1,3.0
5030,14588,298174.0,7189.23,2448.0,13257.81,15533.0,545.5,4544.0,2.0,3,23,47,1,17,352000,1,1,1.0,1,1349.1,462000.0,2214.0,0.0,29174.48,59961.0,10.0,5,42520.0,63642.43,417819.45,2,8,31416.57,36194.19,24383.25,7,50,317800.0,Y,3312.46,saving,M,118,LOW,19.6,5,258.0,1,15.0
5031,1129,4119.0,10829.79,2233.86,1093.5,3265.0,2933.0,3789.0,136.0,128,64,22,31,17,120000,1,1,1.0,1,13659.0,342412.0,3850.0,20790.0,34871.51,47315.0,29.0,19,39859.0,33017.0,157377.0,3,81,19786.0,23369.5,230.0,62,32,103893.0,Y,836.77,current,F,66,MEDIUM,18.400000000000002,6,614.0,1,7.0
5032,15979,9525.0,58293.35,1414.0,16977.4,15342.0,2245.425,7038.0,3.0,71,67,1,3,47,381000,1,1,1.0,1,20728.1,222222.0,3975.0,-3506.17993,44479.48,25531.0,90.0,30,13458.0,29820.62,7208.0,0,78,28813.0,37221.33,694.0,1,18,18959.0,Y,566.29,current,M,28,MEDIUM,7.2,9,424.0,1,7.0
5033,17910,19273.0,1376.62,1454.0,21157.35,549.0,12191.99,1247.43,17.0,10,74,50,2,64,306000,1,1,1.0,1,46730.2,96096.0,300500.0,6409.0,52497.98,52190.0,4.0,36,10887.0,32807.75,84289.0,4,8,7940.0,39416.78,38888.93,9,22,103334.0,Y,59.0,saving,M,49,MEDIUM,17.400000000000002,8,366.0,1,17.0
5034,9917,6775.0,33086.4,4033.94,48393.08,3493.0,10832.5,8175.0,10.0,18,8,20,56,47,522000,1,1,1.0,1,2002.36,152391.0,1526.0,277.0,94534.46,26564.0,43.0,4,21687.0,29793.76,106861.75,17,13,51438.0,121549.0,36116.0,14,104,20090.0,Y,5114.67,current,M,37,MEDIUM,3.4000000000000004,1,883.0,0,15.0
5035,2253,2350.0,17076.37,2720.05,6141.0,1535.5,8876.5,3188.5,53.0,10,44,42,2,17,232000,1,1,1.0,1,291969.2,11897.0,3975.0,6885.0,142487.0,64589.12,6.0,30,36794.0,20433.0,68739.5,2,12,55000.0,27832.0,68087.0,47,50,23700.0,Y,9163.33,current,M,32,MEDIUM,12.0,5,855.0,1,9.0
5036,12302,17035.0,28171.08,3727.3,22834.0,22378.16,1657.46,1766.0,19.0,10,7,2,6,1,243000,1,1,1.0,1,2173459.0,64491.0,4699.0,1079.0,3175.0,18844.0,52.0,9,108370.82,114184.56,30271.5,23,26,180276.0,50029.79,73905.0,94,75,19226.0,Y,5894.02,saving,M,27,MEDIUM,3.5,9,259.0,1,9.0
5037,17109,126606.0,11399.37,10027.0,2878.46,913.4,10123.0,9804.0,7.0,27,30,47,14,16,100000,1,1,1.0,1,55700.0,20500.0,13873.0,4512.0,45992.65,51208.0,16.0,0,56606.0,65913.07,31593.48,0,89,71944.0,54550.52,11574.0,14,58,27608.0,Y,882.47,saving,M,37,MEDIUM,11.9,6,536.0,1,9.0
5038,9307,19828.0,26745.0,7285.0,4117.07,44371.4,10807.5,14249.71,1.0,10,112,2,25,9,293000,1,1,1.0,1,53374.97,15036.0,33774.0,10455.0,4.51,64774.48,11.0,31,72879.6,78314.37,43929.0,4,86,33533.0,46283.34,75287.0,6,39,47627.0,Y,7449.8,saving,M,66,MEDIUM,41.400000000000006,1,249.0,1,16.0
5039,13569,13116.0,1334.5,1721.66,7246.0,3464.0,1089.0,2964.16,2.0,6,35,4,4,3,326000,1,1,1.0,1,102.95,79828.0,11580.0,5340.0,28919.92,31100.0,16.0,13,31911.0,58994.15,74672.0,6,31,34556.0,15125.1,11.88,9,28,46517.0,Y,4790.72,current,M,42,MEDIUM,17.6,1,536.0,1,3.0
5040,8451,176651.0,3560.0,1889.0,5332.43,958.09,16637.43,3011.52,1.0,17,84,24,25,12,581000,1,1,1.0,1,5383.25,278904.9,2156.0,-3506.17993,41538.25,379397.0,16.0,4,11774.0,20065.5,32498.0,8,17,25467.0,180709.33,39454.25,3,0,22100.0,Y,571.62,saving,M,33,MEDIUM,2.6,9,908.0,1,19.0
5041,9956,10830.0,4216.85,28824.27,4359.99,6210.5,2136.0,613.0,63.0,23,82,18,1,91,784000,1,1,1.0,1,1053411.2,11000.0,10271.0,5439.0,56204.02,99326.0,46.0,3,18164.0,75780.87,120296.8,50,108,21762.0,84645.18,132641.0,21,49,74946.0,Y,1112.62,current,M,120,MEDIUM,60.0,4,750.0,0,15.0
5042,6019,1682.0,9240.48,13206.31,57562.7,5060.0,3979.55,11160.0,57.0,3,59,25,56,1,350000,1,1,1.0,1,3247.5,77965.0,550.0,1079.0,82822.43,43856.0,55.0,3,33833.0,100473.09,113.73,5,4,46391.0,11705.0,38997.5,5,106,74423.0,Y,452.47,current,M,221,MEDIUM,40.2,10,374.0,1,4.0
5043,19690,10268.0,130123.58,4667.0,6934.17,30072.0,6469.0,24252.88,37.0,71,105,18,2,5,345000,1,1,1.0,1,443.36,157000.0,565.0,6885.0,44372.25,47782.0,43.0,17,14385.0,12545.5,37205.0,43,23,65353.0,113132.87,46.0,40,21,27036.0,Y,4709.12,current,M,62,MEDIUM,16.8,3,809.0,0,18.0
5044,7089,13845.0,1763.0,1076.5,1607.625,1524.6,1995.03,34422.0,19.0,26,67,44,3,98,199999,1,1,1.0,1,70310.6,15036.0,49975.0,5439.0,29091.0,1595.0,18.0,3,545000.0,41166.68,56186.87,5,171,101174.0,155164.46,60457.0,3,11,14155.0,Y,14329.89,current,M,32,LOW,6.0,5,508.0,1,10.0
5045,17939,6515.0,20906.62,15307.0,4987.0,38463.0,1612.75,322.21,19.0,2,44,42,25,1,287000,1,1,1.0,1,160.2,278904.9,33774.0,1500.0,60501.76,47486.0,10.0,9,52695.0,318193.05,106861.75,1,8,73808.0,68522.31,1143826.64,58,83,26848.77,Y,311.46,saving,M,30,LOW,4.0,7,836.0,1,7.0
5046,13191,177656.0,1785.0,14320.02,7639.0,48381.0,5228.0,4363.0,2.0,14,23,7,31,13,167000,1,1,1.0,1,474401.25,12971.0,18257.0,4856.0,13637.9,39020.0,29.0,29,58603.22,10336.35,230841.0,6,12,136729.0,204386.43,140602.19,3,100,126115.0,Y,20802.91,saving,F,50,MEDIUM,21.0,3,924.0,1,20.0
5047,12365,312453.0,8418.02,1429.0,2999.0,2011.0,16148.83,853.0,10.0,5,27,18,5,5,136000,1,1,1.0,1,6558.8,118983.0,12560.0,886.0,1242.25,10190.0,18.0,3,40722.0,51231.6,38450.0,43,50,26172.0,67399.66,339261.0,6,7,100517.0,Y,4288.13,saving,M,46,LOW,7.800000000000001,4,254.0,1,5.0
5048,18670,19244.0,57971.05,551.03,1745.0,5706.0,714.84,1525.0,57.0,13,4,1,25,55,187000,1,1,1.0,1,1488748.8,187788.1,891.0,4512.0,109869.48,87974.0,16.0,4,161896.0,16346.84,30293.0,3,7,53203.0,71908.55,63416.13,3,63,42191.0,Y,4051.35,current,M,60,MEDIUM,32.0,9,506.0,0,11.0
5049,6992,4179.0,25019.0,8762.0,3833.0,31607.0,12032.6,1875.0,4.0,26,26,8,25,54,160000,1,1,1.0,1,270.0,8000.0,925.0,0.0,109470.61,567741.0,42.0,2,23188.0,145576.5,18745.0,1,13,357994.0,150019.26,30069.0,3,32,58203.0,Y,1123.12,current,M,38,MEDIUM,12.600000000000001,1,123.0,1,3.0
5050,18372,180335.0,157378.77,1147.39,7427.37,2803.0,19791.0,1624.0,16.0,1,50,2,3,1,44000,1,1,1.0,1,684495.7,330001.0,550.0,-5942.0,31596.0,38224.0,8.0,5,24389.0,19946.66,27450.0,6,5,64988.0,36095.86,283.79,2,79,108884.0,Y,18862.4,current,M,32,MEDIUM,1.2000000000000002,10,385.0,1,15.0
5051,19889,217432.0,3698.84,10372.49,36244.17,1095.0,10395.0,3400.79,531.0,5,112,12,7,47,494000,1,1,1.0,1,1234298.9,3342.51,550.0,2819.0,12886.85,75634.0,6.0,35,30821.0,65863.44,38450.37,30,12,65521.0,190378.71,49400.0,2,103,1448.0,Y,1974.41,current,F,62,LOW,42.0,6,523.0,1,3.0
5052,15721,9075.0,19254.08,518.0,9315.71,16785.0,25468.74,428.52,2.0,13,3,1,25,4,187000,1,1,1.0,1,46730.2,1372927.14,908.0,903.0,71082.77,31417.0,11.0,2,47434.0,24024.5,53992.5,2,24,39385.0,4337822.86,117563.5,2,65,54504.23,Y,118.03,current,M,40,MEDIUM,6.0,8,966.0,1,14.0
5053,15942,540.0,9760.72,1543.5,15498.0,1208.0,3331.5,8238.0,29.0,47,6,21,2,98,273000,1,1,1.0,1,64410.0,184514.0,15477.0,-4664.0,29140.28,1083.0,16.0,1,50266.0,256894.32,14192.0,1,81,117557.0,80046.2,70860.0,4,18,14003.0,Y,4640.92,current,F,44,LOW,7.2,3,249.0,1,4.0
5054,5926,19527.0,29296.095,2324.0,6888.0,2188.5,1317.52,745.0,26.0,601,3,3,1,47,27000,1,1,1.0,1,45036.0,130000.0,6100.0,-6335.0,27998.88,323.06,55.0,3,96954.0,9694.0,113029.5,47,7,41265.0,50268.93,110404.0,3,15,26258.0,Y,1396.96,current,M,32,MEDIUM,4.800000000000001,2,884.0,1,2.0
5055,9620,10239.0,150282.87,192.0,12609.88,26607.0,22273.0,1294.0,6.0,30,61,25,5,39,371000,1,1,1.0,1,123134.77,240000.0,12000.0,5340.0,135614.01,23631.5,77.0,3,98933.0,16169.87,93639.0,3,17,28520.28,65232.76,130232.9,13,103,37211.0,Y,6922.79,current,M,66,MEDIUM,27.6,2,503.0,1,8.0
5056,7678,16168.0,28450.13,460.88,6754.63,5820.0,8789.81,869.65,19.0,29,9,8,9,1,366000,1,1,1.0,1,825.0,160498.0,5905.0,-6281.37987999999,13776.99,17099.0,29.0,2,101397.0,21055.29,119639.0,70,8,20396.0,50242.0,25714.0,2,72,24862.19,Y,8546.04,current,M,46,MEDIUM,18.2,7,945.0,1,14.0
5057,12805,294136.0,4262.47,9873.5,15904.0,1808.0,3327.0,2505.0,2.0,10,35,1,4,81,472000,1,1,1.0,1,322.02,69370.0,126001.0,-12179.0,123231.0,48512.0,11.0,26,128278.7,51851.87,55535.0,3,108,58840.0,201952.17,11047.61,11,104,46105.0,Y,14652.49,saving,M,118,LOW,88.2,4,656.0,1,6.0
5058,7600,3993.0,14215.87,2266.0,2431.54,916.0,13970.0,3440.53,5.0,8,50,18,55,1,371000,1,1,1.0,1,715554.75,162288.3,96497.0,-6281.37987999999,100211.36,151397.0,6.0,3,162535.0,4140.0,36107.04,2,7,12271.0,70695.22,21050.0,14,11,9390.0,Y,20288.57,current,F,35,MEDIUM,12.0,10,866.0,0,13.0
5059,9945,218424.0,11499.49,201544.79,1594.04,4891.0,3468.5,247.0,4.0,1,44,30,6,1,450000,1,1,1.0,1,21941.0,10701.0,14904.0,-6301.0,114619.0,100040.0,8.0,0,19326.0,12543.5,145799.89,4,25,17454.0,195587.12,22289.21,3,18,41256.0,Y,6808.07,current,F,30,MEDIUM,5.0,1,914.0,0,8.0
5060,16370,7087.0,5293.32,1892.0,53299.55,12633.0,1044.38,1911.0,31.0,1,4,62,6,5,160000,1,1,1.0,1,58121.25,210651.4,15477.0,3897.0,56922.65,38640.0,43.0,4,50782.0,33457.01,15219.0,70,6,26255.0,35559.29,88041.0,94,12,9555.0,Y,27649.94,current,M,33,LOW,11.700000000000001,1,371.0,1,4.0
5061,10121,12121.0,33954.43,255.0,13104.22,4611.2,3809.0,2187.0,50.0,22,71,4,15,5,147000,1,1,1.0,1,41883.6,446457.0,908.0,-5439.0,111817.83,123289.0,42.0,0,33484.0,29901.74,10058.0,10,50,79187.0,28929.01,24772.0,94,28,30172.0,Y,261.01,current,F,42,MEDIUM,2.2,6,700.0,1,13.0
5062,2698,205923.0,6763.85,5306.39,85508.47,277.1,4153.0,4919.0,17.0,99,7,21,6,42,75000,1,1,1.0,1,0.61,158000.0,768.0,2337.0,13002.08,98924.0,69.0,11,33019.0,13709.09,20264.6,2,42,145030.0,107465.0,104379.0,2,38,170616.84,Y,2505.43,current,M,49,LOW,5.800000000000001,6,647.0,1,5.0
5063,7782,2513.0,1123.97,4156.53,59481.0,26804.0,8563.7,1002.0,17.0,5,87,1,31,47,47000,1,1,1.0,1,65887.8,273221.0,300500.0,418.0,100420.81,205932.7,90.0,7,63101.0,171412.78,130314.0,2,34,97769.0,107117.45,11033.0,3,8,23457.0,Y,571.05,current,M,33,MEDIUM,1.3,4,855.0,0,6.0
5064,19900,16934.0,1627.755,23593.66,13985.52,1588.0,54412.18,1423.0,6.0,43,71,30,1,4,267000,1,1,1.0,1,111.0,212907.7,38599.0,3897.0,205890.31,89269.0,103.0,36,24717.0,23594.33,20150.0,2,8,141361.0,8697.32,106380.0,2,8,100183.0,Y,19931.0,current,M,55,MEDIUM,28.0,7,243.0,0,6.0
5065,2492,12832.0,6589.0,1731.0,18760.16,1637.92,11974.0,24148.83,24.0,5,49,1,1,1,78000,1,1,1.0,1,197067.2,1372927.14,1209.0,-5998.43994,27078.0,29711.38,20.0,7,36500.0,25149.54,71203.0,1,63,17482.0,35913.77,40052.0,2,36,13301.0,Y,1656.29,current,M,47,MEDIUM,18.900000000000002,3,536.0,1,9.0
5066,13418,11075.0,2456.88,3503.05,23606.0,10739.0,2543.475,833.22,7.0,26,7,2,14,1,197000,1,1,1.0,1,6440.0,143000.0,68000.0,12174.0,70777.88,1497.0,11.0,13,52205.0,113664.76,30285.5,5,8,44193.0,107590.25,229437.75,47,3,27556.0,Y,2581.79,current,M,27,MEDIUM,1.4000000000000001,6,867.0,1,6.0
5067,17124,1274.0,7174.11,1553.0,6844.55,224.0,1067.0,3035.65,2.0,10,89,44,2,47,80000,1,1,1.0,1,63073.6,25404.0,30000.0,0.0,9578.5,36454.0,16.0,25,67044.0,15835.54,70978.0,31,36,26172.0,36260.01,25743.0,42,24,77880.0,Y,7871.4,current,M,62,MEDIUM,42.0,9,802.0,1,20.0
5068,2448,14826.0,14445.0,3459.52,15866.54,8469.0,17030.0,627.44,6.0,5,10,1,4,13,371000,1,1,1.0,1,148705.0,197800.0,768.0,1332.0,65773.64,36420.0,95.0,2,55203.0,84273.75,933406.87,70,81,23638.0,129910.0,26487.0,14,58,17320.0,Y,2221.74,current,M,66,MEDIUM,36.800000000000004,7,537.0,1,18.0
5069,13543,14335.0,36598.5,3407.0,2650.08,124.0,26143.02,37539.0,26.0,9,10,50,6,80,581000,1,1,1.0,1,10008.0,74599.9,12016.0,2921.0,5398.03,30622.0,16.0,7,18139.0,16610.14,29568.5,6,59,25326.0,90182.24,1953.0,49,32,58288.44,Y,2602.22,current,M,33,LOW,7.800000000000001,1,974.0,1,10.0
5070,2423,17924.0,13585.43,2770.0,6938.52,34987.0,1659.5,7001.0,16.0,4,16,1,25,34,75000,1,1,1.0,1,116122.65,35000.0,15477.0,-5998.43994,21028.25,545392.91,147.0,26,49316.0,51783.94,43879.0,6,59,19567.0,74178.0,75981.93,14,1,22250.0,Y,5563.64,saving,M,33,LOW,6.5,4,801.0,0,14.0
5071,16949,125190.0,8150.5,4004.76,24083.56,1495.0,1768.38,10505.0,2.0,3,48,1,1,3,134000,1,1,1.0,1,568.8,3342.51,908.0,35346.0,22774.64,38910.5,17.0,2,43712.0,25190.92,246406.0,3,5,39981.0,30283.48,40216.5,21,36,68778.0,Y,19276.1,saving,F,47,MEDIUM,24.3,10,737.0,1,13.0
5072,16991,8240.0,6756.62,3105.0,1671.0,6797.98,4292.875,869.0,4.0,10,52,1,31,80,267000,1,1,1.0,1,1910215.0,125090.58,610000.0,12415.0,7877.86,4201.0,40.0,2,17051.0,28069.0,25281.0,2,31,22670.0,42252.1,65209.0,3,73,16288.0,Y,5393.11,current,M,36,LOW,14.4,9,269.0,1,5.0
5073,11505,7019.0,25241.03,277.0,4780.0,5759.51,26036.59,12878.6,4.0,77,35,18,1,2,147000,1,1,1.0,1,89908.8,66.0,50000.0,2557.0,38953.92,72648.32,18.0,19,27495.0,60754.0,46562.0,7,9,4981.0,30284.06,231.0,4,42,14890.0,Y,1461.87,current,M,38,MEDIUM,12.600000000000001,6,866.0,1,19.0
5074,11307,10909.0,2609.42,1774.02,4716.36,6294.0,25595.125,3963.0,10.0,8,3,24,71,47,366000,1,1,1.0,1,41883.6,93.35,73217.0,6916.0,12845.69,9269.0,12.0,2,36750.0,37189.16,58118.0,2,50,21241.05,26320.38,134374.0,2,120,17086.0,Y,8166.74,current,M,38,HIGH,14.4,2,801.0,0,8.0
5075,14203,4965.0,87197.12,5653.07,22252.0,411.0,3779.0,1889.0,5.0,23,46,50,11,47,329000,1,1,1.0,1,156875.0,234459.4,56305.0,-4664.0,5422.5,73049.0,40.0,4,38913.0,358414.17,30832.0,5,29,85359.2,77738.75,21359.0,1,103,46047.0,Y,9916.63,current,M,30,MEDIUM,1.0,10,606.0,0,13.0
5076,9546,11609.0,1592.54,4429.16,5842.0,8987.96,1469.85,945.97,2.0,4,10,10,3,4,524000,1,1,1.0,1,213557.15,12000.0,5981.0,1332.0,96997.67,81104.0,16.0,2,52998.0,57429.65,150.0,11,20,107738.0,120438.5,106709.0,49,65,3386.0,Y,907.03,current,M,47,MEDIUM,5.4,5,863.0,1,16.0
5077,5518,7114.0,24626.47,36242.82,1999.19,898.0,6881.81,1048.66,6.0,10,23,18,2,47,30000,1,1,1.0,1,1641785.0,16000.0,230000.0,12174.0,62600.05,14088.0,43.0,1,980.0,100162.53,59760.0,31,81,18613.0,18633.6,19753.0,21,63,67887.0,Y,19931.0,current,M,42,LOW,6.6000000000000005,5,867.0,1,12.0
5078,17546,10659.0,2491.26,11624.91,3206.86,2166.0,636.78,3926.0,29.0,99,20,24,60,3,472000,1,1,1.0,1,2.13,64491.0,550.0,2921.0,52276.75,45241.0,10.0,3,96870.0,23065.52,109081.5,6,8,24571.0,149193.19,15109.43,1,12,21267.12,Y,10729.11,current,M,30,LOW,4.0,7,883.0,1,11.0
5079,6457,325.0,1595.0,1363.0,6061.0,3052.05,6269.0,16335.0,2.0,18,50,20,62,54,520000,1,1,1.0,1,52209.5,43545.0,25524.0,167.0,47596.12,10719.0,6.0,3,22215.0,11807.11,26720.0,3,11,13000.0,36260.01,864947.0,3,21,48929.0,Y,1098.14,current,M,44,LOW,4.800000000000001,6,968.0,1,4.0
5080,4101,10550.0,37091.01,6359.0,14856.9,1926.86,2045.46,1226.0,2.0,1,67,39,1,1,290000,1,1,1.0,1,0.35,1300000.0,33950.0,-6885.0,20815.0,128891.0,1.0,1,24193.0,19629.0,78331.0,42,81,29627.0,495031.0,43345.0,4,36,24536.0,Y,264.06,current,M,29,LOW,9.0,6,927.0,0,17.0
5081,14755,7956.0,26439.82,4290.15,38436.6,14963.37,3437.58,34349.0,4.0,83,74,2,26,64,467000,1,1,1.0,1,474401.25,1475000.0,33330.0,2351.0,21169.98,50393.0,4.0,78,17803.0,91735.54,126417.0,2,26,54768.0,111330.4,85.29,4,75,29734.0,Y,4886.2,current,M,60,MEDIUM,28.0,4,424.0,1,10.0
5082,7654,5667.0,19481.32,2805.37,7893.82,1149.84,3426.525,1027.9,26.0,2,89,2,2,80,520000,1,1,1.0,1,25506.67,95081.0,610000.0,20513.0,56244.49,16167.5,20.0,33,15183.0,13902.0,372819.0,3,8,11617.0,122520.87,182048.01,21,57,1340.0,Y,80.36,saving,M,46,MEDIUM,18.2,10,123.0,1,4.0
5083,5329,1752.0,70825.08,57.0,21188.0,4013.89,5687.38,1069.0,19.0,36,89,4,5,47,369000,1,1,1.0,1,225823.8,3.59,2644.0,3983.0,120086.2,42981.0,23.0,13,22282.0,38476.58,41052.0,1,50,32750.0,41082.0,144132.0,15,24,34130.0,Y,11431.31,current,M,40,MEDIUM,12.0,5,771.0,1,12.0
5084,19533,6688.0,3220.12,875.0,973.0,12423.0,9548.41,1611.5,10.0,6,50,48,56,79,240000,1,1,1.0,1,12510.0,295150.9,25524.0,5350.0,48978.25,85690.0,4.0,23,33233.0,26740.71,137237.0,12,16,18594.0,25170.9,49646.99,5,18,59480.0,Y,4412.02,current,M,28,MEDIUM,6.4,4,858.0,1,20.0
5085,9908,18720.0,18176.5,4381.31,11923.0,24936.0,40275.865,6234.8,5.0,26,46,1,3,98,141000,1,1,1.0,1,130319.0,470000.0,4367.0,1411.0,18890.81,31959.0,16.0,23,27731.0,23803.55,176521.0,2,82,27768.0,38371.04,111578.5,11,103,27230.18,Y,191.29,current,M,67,MEDIUM,9.4,6,748.0,0,18.0
5086,18175,15036.0,1247.02,1633.14,5784.0,2841.0,9561.52,91180.0,6.0,99,112,30,1,67,143000,1,1,1.0,1,27316.5,145000.0,48950.0,14509.0,29950.81,56976.07,55.0,11,43684.0,8364.64,21417.0,0,8,33421.0,24665.36,189320.0,4,18,126970.0,Y,4829.91,current,M,32,MEDIUM,9.600000000000001,3,683.0,1,16.0
5087,4657,291597.0,13516.79,6104.3,3808.0,13329.11,18722.37,1834.08,9.0,36,74,15,15,39,125000,1,1,1.0,1,360978.37,184514.0,54101.0,0.0,96382.13,39410.0,42.0,7,71377.0,44330.98,37125.0,3,59,215000.0,47403.0,68984.0,13,9,28990.0,Y,2437.43,current,M,29,HIGH,7.2,9,710.0,1,4.0
5088,8605,18345.0,1296.84,602.01,3066.69,8772.63,4292.635,5045.0,3.0,23,4,50,55,47,134000,1,1,1.0,1,566914.0,114.74,50000.0,2819.0,16320.25,71800.96,39.0,17,16853.0,193603.15,84708.0,70,9,14704.0,41053.67,17533.0,12,24,17346.0,Y,32868.59,saving,M,30,HIGH,9.0,6,802.0,1,10.0
5089,7355,961.0,1347.0,2522.0,2759.6,23627.0,7645.99,4351.0,8.0,7,135,18,56,47,98000,1,1,1.0,1,3080625.0,17000.0,798.0,1500.0,9881.25,16080.0,18.0,26,40757.0,17431.41,34889.0,9,171,28934.0,40259.0,8301.0,49,12,23986.7,Y,1562.35,current,F,33,LOW,9.1,10,351.0,1,18.0
5090,3882,4147.0,150994.98,18740.0,15592.0,2615.06,1959.965,1058.0,50.0,84,6,47,2,8,145000,1,1,1.0,1,21745.0,410000.0,6000.0,6441.0,23086.47,100161.0,55.0,35,15868.0,3333.74,68176.0,2,70,36725.0,53991.49,136361.0,42,76,37260.0,Y,9666.97,current,M,32,MEDIUM,6.0,5,523.0,1,16.0
5091,30,316219.0,6704.0,15063.91,86395.0,6744.0,779.48,2997.44,7.0,61,29,6,11,30,87000,1,1,1.0,1,41070.0,992890.32,2156.0,35346.0,31189.97,55083.0,63.0,35,39455.0,12450.81,130393.75,2,20,129509.0,371269.44,58696.0,11,50,21258.0,Y,1893.46,current,M,32,MEDIUM,9.600000000000001,10,464.0,0,17.0
5092,19914,83492.0,341866.0,2280.0,6195.23,4167.44,19613.0,623.0,10.0,50,50,22,1,11,97000,1,1,1.0,1,331.2,77000.0,100000.0,2351.0,48790.77,33202.0,18.0,31,26604.0,65260.93,406562.35,12,25,25178.0,74206.89,22494.0,49,10,342.0,Y,29364.01,current,F,62,LOW,8.4,4,394.0,1,4.0
5093,11904,123130.0,26154.08,4222.99,18864.3,8837.0,12837.0,2282.0,6.0,30,29,50,21,98,358000,1,1,1.0,1,9717.55,15395.48,4000.0,3481.0,16528.29,20521.0,40.0,31,1897.2,74063.39,23821.0,4,8,18542.0,41600.0,161082.03,2,7,23900.0,Y,2431.64,current,M,33,MEDIUM,3.9000000000000004,8,488.0,0,13.0
5094,4089,12108.0,1106.0,632.0,9054.33,3311.2,697.0,7354.0,9.0,44,653,20,37,5,145000,1,1,1.0,1,1859872.2,134000.0,126001.0,5340.0,4814.89,36606.0,91.0,1,21982.0,66948.0,110168.0,2,8,24190.0,57310.53,19609.0,6,22,13038.0,Y,411.06,current,F,34,LOW,8.4,2,574.0,1,10.0
5095,7398,2175.0,10741.02,2270.4,16831.01,7925.0,1474.0,8953.0,44.0,23,4,1,16,1,302000,1,1,1.0,1,720551.4,41.26,891.0,8572.0,46438.0,46479.41,42.0,1,25522.0,114294.1,793523.0,1,78,28484.0,101530.06,188937.96,2,0,38322.0,Y,7490.87,current,M,33,MEDIUM,9.1,9,805.0,1,15.0
5096,15181,7097.0,7162.13,1007.2,69083.82,2024.76,9530.0,903.0,6.0,11,17,5,7,42,255000,1,1,1.0,1,33784.35,95658.0,16114.0,1014.0,95856.1,40819.38,84.0,35,37478.0,14295.14,39976.0,1,8,8735.0,19436.92,98447.78,49,27,63130.0,Y,1006.67,current,M,53,MEDIUM,16.5,10,233.0,1,2.0
5097,16468,1051.0,10923.85,2365.0,13021.77,26579.0,25920.56,36829.94,9.0,84,50,2,7,17,17000,1,1,1.0,1,82587.0,110135.86,641.0,3481.0,5192.86,67058.4,84.0,4,19249.0,18953.76,64471.0,2,171,8627.0,31006.79,13867.0,3,75,16682.0,Y,5836.27,saving,M,66,MEDIUM,32.2,4,536.0,0,15.0
5098,4531,8282.0,2504.39,1073.52,19635.7,4455.68,6876.0,546.0,8.0,18,5,24,18,68,116000,1,1,1.0,1,526.25,794000.0,2156.0,6613.0,41710.83,133483.0,18.0,9,120500.0,30308.0,36836.86,7,8,132241.0,188032.33,28353.0,94,50,48938.0,Y,304.23,current,M,222,MEDIUM,40.400000000000006,7,355.0,1,5.0
5099,11257,11551.0,6056.67,4266.94,30612.11,386.0,10415.5,1778.0,3.0,7,7,5,1,29,157000,1,1,1.0,1,630.6,152664.0,33330.0,0.0,184432.35,35867.0,5.0,1,17743.0,280784.5,26823.0,31,5,24621.0,120427.5,29673.0,8,76,47435.0,Y,2644.15,current,M,28,MEDIUM,3.2,7,516.0,1,7.0
5100,13875,11901.0,11842.88,8239.01,5956.98,1758.0,6308.0,10493.0,9.0,5,32,48,45,91,378000,1,1,1.0,1,472.0,470000.0,49000.0,-4679.0,41982.09,53416.0,2.0,23,25187.0,56044.75,54095.0,2,6,25500.0,50735.76,18491.0,1,13,33411.0,Y,109.72,current,M,33,HIGH,7.800000000000001,5,269.0,1,20.0
5101,8513,19796.0,47116.12,152026.44,14461.8,860.0,16460.8,389.0,3.0,8,3,6,2,56,378000,1,1,1.0,1,101891.25,251131.79,711.0,10455.0,62198.99,166345.0,39.0,1,27199.0,10781.57,95130.47,3,21,20739.0,11329.65,54782.0,8,25,17953.0,Y,17739.66,current,M,62,HIGH,8.4,5,485.0,1,14.0
5102,2146,16650.0,13125.12,915.3,11928.92,277.1,3267.5,9488.52,6.0,4,3,57,2,13,461000,1,1,1.0,1,31454.1,446457.0,925.0,5730.0,29488.3,43884.0,4.0,14,31911.0,12545.5,151608.0,42,11,62490.0,41752.48,97402.5,3,14,383554.0,Y,2845.35,current,M,28,MEDIUM,5.6000000000000005,6,614.0,1,5.0
5103,15332,16770.0,13004.5,645.4,2216.57,5507.0,5252.655,9928.8,531.0,26,6,8,20,13,507000,1,1,1.0,1,474401.25,51445.0,12000.0,2000.0,130153.99,51628.0,11.0,17,6895.0,1032.59,116362.0,2,171,48500.0,97869.02,18532.0,8,13,21992.84,Y,640.88,current,M,38,MEDIUM,9.0,7,653.0,1,20.0
5104,620,3342.0,7354.01,632.0,1406.56,1226.0,13590.91,31854.92,53.0,5,10,3,12,68,302000,1,1,1.0,1,2.13,75925.0,29542.0,-6335.0,35831.75,59569.0,67.0,25,135149.22,40912.5,71223.72,2,82,26605.0,74819.89,24713.5,22,124,50518.0,Y,1009.65,current,F,223,LOW,20.3,6,883.0,0,10.0
5105,18004,26262.0,9240.48,986.0,5227.61,1439.22,32822.54,772.88,7.0,30,35,20,4,7,378000,1,1,1.0,1,138272.2,142608.5,2214.0,8723.0,24684.45,37283.0,11.0,36,15452.0,1207.0,14025.0,4,11,33832.0,5538.0,120114.09,41,18,21814.0,Y,115.18,current,M,42,MEDIUM,6.6000000000000005,1,700.0,1,13.0
5106,18649,734.0,12449.62,13136.0,26572.03,418.0,3974.49,389.0,44.0,84,30,1,12,3,371000,1,1,1.0,1,27316.5,84.32,711.0,-5715.49022999999,93458.47,154070.5,55.0,43,30056.0,30085.46,37489.5,7,34,4100.0,100752.42,5623.89,2,27,102436.0,Y,7362.18,current,F,34,LOW,7.0,10,448.0,1,16.0
5107,8183,13585.0,3316.71,8733.93,5317.93,6818.58,3089.0,40082.0,3.0,56,16,50,6,2,75000,1,1,1.0,1,413540.0,278904.9,927.0,1500.0,30490.53,47301.0,46.0,1,15584.0,86644.76,127882.0,1,7,38822.0,19788.0,142533.0,1,13,86179.0,Y,15345.19,current,M,34,LOW,2.8000000000000003,3,823.0,1,15.0
5108,7993,1408.0,9413.0,38932.03,11770.88,856.0,16830.735,232.0,6.0,66,82,4,2,1,408000,1,1,1.0,1,237823.88,201000.0,1567.0,-4664.0,33694.57,62209.0,29.0,3,24077.0,153851.91,2891.0,3,5,53823.0,12028.43,24190.0,22,11,16890.0,Y,11470.66,current,M,29,MEDIUM,1.8,3,274.0,1,8.0
5109,15118,1196.0,20405.59,21248.99,2744.5,12274.1,2641.85,6953.0,100.0,43,4,10,2,1,255000,1,1,1.0,1,8556.25,12000.0,6738.0,1500.0,58436.37,174224.0,46.0,0,16421.0,57701.13,357.73,9,5,23093.0,75150.18,53018.45,3,6,12313.0,Y,3349.83,saving,M,66,MEDIUM,32.2,7,796.0,0,8.0
5110,13014,95062.0,16494.01,3009.8,23348.27,899.8,2833.6,589.52,17.0,9,4,48,1,41,301000,1,1,1.0,1,130319.0,87578.0,30000.0,20513.0,18261.11,67716.0,91.0,0,55252.0,14407.24,32769.5,6,82,32478.0,195175.36,32932.0,7,83,75057.0,Y,1072.58,current,M,32,MEDIUM,6.0,10,355.0,0,20.0
5111,1052,5608.0,4293.0,4121.43,38075.1,7888.0,15284.87,925.34,1.0,1,67,60,5,6,303000,1,1,1.0,1,166331.66,90829.65,15477.0,-3506.17993,31320.56,530937.0,82.0,35,17668.0,75289.31,100659.65,70,8,33782.0,125470.92,45864.0,40,11,94841.21,Y,371.36,current,M,28,MEDIUM,2.4000000000000004,4,867.0,1,2.0
5112,5473,210648.0,37947.95,34325.0,4966.5,7066.0,951.56,1654.5,44.0,18,16,15,5,41,406000,1,1,1.0,1,825.0,280000.0,655.0,0.0,15017.0,70052.0,43.0,2,42002.0,45617.64,38675.0,6,49,38546.0,41007.6,86891.0,1,8,140000.0,Y,5521.08,saving,M,35,LOW,9.0,5,249.0,1,15.0
5113,10639,15212.0,3665.1,12041.0,16435.0,1195.0,39198.0,722.74,5.0,601,23,57,4,34,44000,1,1,1.0,1,70712.6,160498.0,908.0,-3506.17993,30447.15,90481.0,29.0,13,93719.0,65189.44,261138.0,20,59,13209.0,48980.44,499888.0,4,96,17978.0,Y,168.83,current,M,47,MEDIUM,24.3,2,575.0,1,15.0
5114,9821,12848.0,5708.57,31684.0,4976.44,2802.0,1309.0,4287.0,7.0,30,38,2,9,47,192000,1,1,1.0,1,474401.25,60481.0,12000.0,5464.0,39269.0,20013.0,70.0,6,30397.0,21216.07,168399.0,1,20,84694.82,29170.5,90855.0,4,75,39587.0,Y,3306.08,current,M,30,HIGH,8.0,1,771.0,0,6.0
5115,879,20933.0,13244.28,13543.0,10007.43,16828.0,14108.0,5356.52,7.0,9,35,15,2,30,410000,1,1,1.0,1,293418.75,399.09,68000.0,-4664.0,26450.09,399.0,62.0,1,46296.0,12172.14,37929.29,2,4,11111.0,43258.5,40863.0,22,103,44645.0,Y,12851.11,current,M,62,HIGH,25.200000000000003,10,863.0,1,19.0
5116,2507,15938.0,11298.0,3617.59,17903.4,20625.0,15885.335,2864.0,5.0,36,105,50,1,30,147000,1,1,1.0,1,34635.25,84.32,8333.0,1500.0,9055.0,26541.0,55.0,19,27875.0,201189.76,29025.0,43,12,39500.0,18719.63,24184.0,4,113,31404.0,Y,403.81,current,M,37,MEDIUM,6.800000000000001,5,588.0,1,20.0
5117,2841,7210.0,998.0,4060.0,11766.4,6658.0,15238.92,1826.0,2.0,65,44,7,6,42,272000,1,1,1.0,1,216500.0,3651922.3,2214.0,1332.0,45455.0,37052.33,55.0,7,32978.0,10605.73,28823.0,7,13,87334.41,31130.97,53116.75,43,42,14574.48,Y,14385.83,saving,M,53,MEDIUM,9.9,3,268.0,1,14.0
5118,14036,35986.0,57814.12,2180.5,9679.34,3471.0,5941.0,3899.0,53.0,36,44,47,1,10,87000,1,1,1.0,1,1263221.7,40000.0,925.0,-4679.0,9709.25,28256.0,69.0,4,10892.0,36932.05,77359.57,1,8,13221.0,20598.45,84642.5,12,1,17866.0,Y,2027.41,current,M,56,MEDIUM,7.2,4,606.0,1,17.0
5119,7541,165678.0,14007.0,3731.0,5264.5,39467.74,20048.575,2237.2,8.0,30,64,1,5,2,461000,1,1,1.0,1,21220.0,50000.0,583.0,2921.0,47190.39,84880.0,11.0,1,14888.0,55881.73,73863.0,43,171,9428.0,24157.28,19595.0,4,1,14715.0,Y,991.97,current,M,63,HIGH,43.0,9,640.0,1,18.0
5120,2299,15005.0,3983.14,5113.0,16350.755,6657.97,13480.0,1376.0,2.0,19,9,25,1,26,74100,1,1,1.0,1,4110.0,13299.0,787.0,0.0,62010.52,88494.0,3.0,43,26161.0,111372.46,241.58,2,29,14010.0,16633.28,45458.53,3,68,4714.58,Y,776.91,current,M,27,MEDIUM,3.5,8,653.0,1,3.0
5121,7443,7411.0,8111.05,872.0,916.75,1977.0,4616.0,1767.0,26.0,3,6,5,4,39,59000,1,1,1.0,1,825.0,33668.0,25508.0,1522.0,5167.25,81996.0,103.0,31,71934.0,68306.91,21824.0,6,20,124871.0,40558.0,48049.0,3,14,96145.0,Y,11459.64,current,M,34,MEDIUM,4.2,9,267.0,1,8.0
5122,18927,2292.0,7862.43,1390.9,5444.08,2167.0,9986.0,1365.0,10.0,6,67,21,2,9,520000,1,1,1.0,1,185669.2,157000.0,25000.0,1014.0,45086.91,40003.56,87.0,2,12015.0,23483.0,10.61,4,59,40472.65,599.81,67480.86,2,7,75902.0,Y,3213.5,current,M,35,MEDIUM,6.0,10,372.0,0,6.0
5123,814,13784.0,4133.0,1216.0,5477.04,7150.69,6021.16,5843.09,1.0,6,4,2,21,3,393000,1,1,1.0,1,360978.37,251131.79,38599.0,-3506.17993,164906.52,18785.88,147.0,5,36906.0,21752.06,48619.05,9,171,29516.0,20295.2,75046.0,3,32,24914.0,Y,5632.42,current,M,64,MEDIUM,17.6,3,258.0,0,10.0
5124,3137,9371.0,7171.84,25546.8,15140.83,21768.0,29818.365,3733.0,1.0,9,9,44,25,17,59000,1,1,1.0,1,48675.31,10701.0,3850.0,20324.0,2100.99,17147.0,42.0,2,53687.98,325840.86,84730.0,50,27,24136.0,37794.14,19930.0,6,27,54000.0,Y,3060.0,saving,F,30,MEDIUM,4.0,8,424.0,1,6.0
5125,9990,942.0,20895.03,10675.26,10089.2,3649.0,1229.0,21126.0,2.0,30,87,5,12,47,430000,1,1,1.0,1,298492.0,77000.0,1052.0,167.0,142675.0,119694.0,11.0,1,124884.0,372840.88,76139.0,9,1,22074.0,64056.02,115817.0,93,11,47612.0,Y,82694.06,current,M,47,MEDIUM,18.900000000000002,1,743.0,0,4.0
5126,11058,12958.0,13912.99,17272.0,8566.95,1403.0,1333.0,1299.0,6.0,128,49,8,3,75,290000,1,1,1.0,1,36368.7,194099.3,19400.0,-5439.0,94818.05,69030.94,5.0,19,126455.0,113271.92,100200.76,7,5,21160.0,94154.7,43234.75,6,80,69026.0,Y,231.2,current,M,55,LOW,24.5,9,519.0,1,14.0
5127,5122,850.0,9018.07,15927.0,2331.5,2576.0,4814.0,3525.0,6.0,65,4,3,25,4,46000,1,1,1.0,1,18418.85,624742.27,2644.0,6916.0,22072.76,70782.0,42.0,4,26350.0,64586.94,13411.0,2,70,20413.0,4100.0,50473.0,7,18,38473.0,Y,3190.88,current,F,34,MEDIUM,11.200000000000001,3,233.0,1,20.0
5128,12898,12516.0,15711.58,5317.0,52090.7,10061.34,864.0,455.0,19.0,84,27,8,2,11,255000,1,1,1.0,1,3549.85,3.0,925.0,9415.0,81409.3,48003.0,94.0,5,23770.0,20438.09,52604.0,2,0,74900.0,59846.7,141891.0,5,103,90349.0,Y,10375.52,current,M,63,HIGH,43.0,2,249.0,1,20.0
5129,12815,37613.0,12530.25,1491.79,4356.49,1643.5,4976.54,3877.52,50.0,81,30,4,2,1,48000,1,1,1.0,1,42460.6091,138732.3,130000.0,2921.0,73682.0,200154.0,70.0,19,74400.0,25051.98,45068.5,0,12,108816.0,53869.4,40897.0,14,80,63489.0,Y,599.52,current,M,31,MEDIUM,7.7,2,700.0,0,14.0
5130,2066,7867.0,4508.27,1725.0,11717.0,2279.26,5032.0,1129.52,44.0,65,18,57,1,1,59000,1,1,1.0,1,173.8,235.17,20000.0,-6885.0,8001.3,18575.0,18.0,3,22974.0,46463.0,19913.0,2,12,14341.0,25453.45,87853.0,47,32,21992.84,Y,16623.69,current,M,46,MEDIUM,18.2,6,883.0,1,3.0
5131,2635,16947.0,4637.0,22079.65,7331.895,4782.0,9751.0,1646.0,26.0,9,2,2,2,58,483000,1,1,1.0,1,1215.0,159308.0,230000.0,0.0,63549.04,427895.0,95.0,13,72879.6,19698.25,102600.0,4,82,9647.0,79075.75,35138.95,2,35,26369.0,Y,2724.55,current,M,53,MEDIUM,26.400000000000002,1,538.0,1,6.0
5132,10334,12781.0,21508.0,10784.87,54531.0,5816.0,10521.5,932.0,26.0,23,135,25,31,10,78000,1,1,1.0,1,48675.31,589.39,4367.0,12415.0,134137.71,20297.91,20.0,1,142500.0,23740.0,26239.71,0,50,12922.0,120977.73,26487.0,5,58,91813.0,Y,618.33,saving,F,60,MEDIUM,8.0,3,355.0,1,4.0
5133,175,19474.0,11259.83,2472.15,29418.38,6700.71,1782.0,3011.52,1.0,10,4,2,15,42,461000,1,1,1.0,1,75240.45,1475000.0,16114.0,-8243.0,16599.0,31169.3,46.0,4,10906.0,44901.79,49798.86,17,11,42600.0,87568.38,269.0,9,104,21047.0,Y,3784.02,current,M,60,MEDIUM,24.0,2,371.0,1,19.0
5134,9761,308754.0,2348.16,15950.0,8365.71,3516.03,15902.16,1146.0,12.0,30,74,3,1,47,199999,1,1,1.0,1,456.1,64491.0,54101.0,-4679.0,41320.72,29510.5,42.0,5,110185.0,21440.51,53131.0,7,30,11511.72,34868.5,69363.0,43,11,242000.0,Y,10055.05,current,M,28,LOW,1.6,10,523.0,1,9.0
5135,14824,15845.0,17627.91,512.49,3630.0,3875.0,17874.0,6508.58,12.0,2,46,25,4,42,25000,1,1,1.0,1,13849.4,335948.0,30011.0,0.0,6678.4,13784.0,59.0,36,65140.0,278456.74,27459.0,1,5,37473.0,31712.13,28476.0,3,12,32648.0,Y,31.3,current,M,42,MEDIUM,19.8,4,866.0,1,3.0
5136,130,16360.0,20550.74,1670.0,16982.76,1217.39,2584.75,71638.0,7.0,20,5,44,11,56,225000,1,1,1.0,1,291969.2,172678.56,641.0,2921.0,54331.39,12493.0,11.0,2,17322.0,1660.0,47334.0,43,8,32550.0,42274.0,70100.5,9,3,18585.0,Y,12995.79,current,M,46,MEDIUM,23.400000000000002,9,653.0,1,10.0
5137,14491,24858.0,18687.0,19038.16,17931.48,4043.63,14137.0,4207.0,92.0,1,70,11,4,98,134000,1,1,1.0,1,690.0,251131.79,300500.0,1500.0,33304.57,18271.0,42.0,15,23395.0,439.0,52237.85,2,20,202236.98,269.58,36431.0,2,42,14560.0,Y,807.95,current,M,62,LOW,37.800000000000004,6,966.0,0,14.0
5138,17668,167822.0,14825.76,505.0,21060.0,7850.71,15132.77,30830.69,2.0,83,89,48,1,64,225000,1,1,1.0,1,265809.85,1971236.9,30000.0,0.0,75744.7,82639.0,62.0,7,31780.0,99834.37,21327.0,1,70,178243.0,34873.0,17632.0,3,49,54181.0,Y,6482.37,current,M,32,MEDIUM,7.2,1,363.0,1,14.0
5139,10888,325414.0,7942.0,11665.72,1074.22,4031.0,919.6,1520.0,43.0,8,6,39,18,16,270000,1,1,1.0,1,130319.0,470000.0,1209.0,-5998.43994,11376.73,59304.5,16.0,9,77582.0,13618.0,226197.86,23,20,120091.0,32032.42,77223.0,21,11,13720.0,Y,10277.05,current,F,35,MEDIUM,7.5,5,249.0,1,20.0
5140,6423,108839.0,17114.0,3190.0,20041.1,6626.31,2014.53,13642.0,44.0,36,50,1,62,79,125000,1,1,1.0,1,1208.25,274285.17,583.0,-3625.0,78699.0,6414.0,67.0,17,21630.0,5999.0,6952.0,47,20,96685.0,50462.26,19130.0,7,22,27783.0,Y,1194.41,saving,M,28,LOW,8.0,10,595.0,1,6.0
5141,13654,4308.0,16691.0,40994.0,2688.0,11043.8,24091.0,10666.0,14.0,9,16,8,12,17,287000,1,1,1.0,1,942327.7,25404.0,1630.0,2921.0,35769.0,403096.0,46.0,1,47364.0,2108.0,198877.0,4,30,30237.0,187993.0,23145.0,36,80,34138.0,Y,30340.33,current,M,33,MEDIUM,2.6,9,269.0,1,12.0
5142,616,6944.0,33709.0,34714.0,5570.0,864.39,7968.0,11839.32,7.0,6,9,42,71,68,378000,1,1,1.0,1,3950.0,15000.0,15756.0,4856.0,102697.96,69337.0,4.0,3,38822.0,26678.76,103042.0,2,20,13863.0,47931.56,21258.56,22,103,41427.0,Y,5333.07,current,M,55,MEDIUM,3.5,8,269.0,0,14.0
5143,5768,314491.0,4611.0,5061.0,7534.5,1586.16,3157.2,654.0,4.0,29,23,25,1,3,245000,1,1,1.0,1,825.0,10767.53,711.0,4795.0,30279.25,174913.0,46.0,36,46827.0,27734.17,30026.0,9,12,63827.0,95756.66,70913.7,47,1,673.0,Y,2033.08,current,M,42,MEDIUM,15.4,3,354.0,1,14.0
5144,13960,13524.0,57844.73,14853.0,5757.39,13831.21,1234.0,10377.0,1.0,26,7,47,26,2,520000,1,1,1.0,1,18451.05,122000.0,519.0,5730.0,30010.0,46234.0,16.0,36,16446.0,8964.75,10018.0,5,87,45692.0,130901.2,25001.0,40,49,44924.0,Y,7125.81,current,M,30,MEDIUM,4.0,7,619.0,0,3.0
5145,5338,405364.0,1271.87,5347.85,5017.85,2798.82,2412.245,2001.0,4.0,77,5,60,56,47,326000,1,1,1.0,1,31454.1,31871.49,1266.0,5340.0,57715.11,20125.0,91.0,3,100470.0,5720.24,46878.29,2,59,59646.0,119564.03,80140.0,14,18,50651.0,Y,1612.5,current,M,29,MEDIUM,5.4,7,454.0,0,3.0
5146,18608,18217.0,15356.57,3111.0,3712.12,418.0,1684.0,1437.0,9.0,84,11,3,27,28,141000,1,1,1.0,1,58834.74,52098.99,1166.0,-5998.43994,11504.0,10062.0,24.0,4,21694.0,113969.92,37888.0,0,63,12675.0,83512.24,74358.0,9,103,28718.0,Y,1836.75,current,M,34,LOW,1.4000000000000001,4,887.0,0,14.0
5147,19671,19006.0,3949.74,4409.0,20091.23,8398.0,67476.0,11737.0,10.0,23,82,15,2,68,400000,1,1,1.0,1,2533020.0,278360.16,3792.0,12299.0,35921.01,69921.0,39.0,1,106650.0,12421.75,93760.0,8,23,32383.0,304871.68,98037.5,49,67,22425.0,Y,2157.69,current,M,58,MEDIUM,22.8,4,656.0,0,10.0
5148,3078,5564.0,4797.23,12801.29,12178.0,1841.03,2353.0,1612.0,136.0,11,3,4,31,1,246000,1,1,1.0,1,127004.3,43397.0,51520.0,1079.0,61945.86,125131.0,42.0,2,172283.0,34089.19,87844.0,2,28,52058.0,26576.0,42552.0,16,1,23795.0,Y,10155.1,current,F,37,HIGH,8.5,5,945.0,1,9.0
5149,18546,408347.0,7687.0,1308.0,41888.92,2216.92,7060.53,3143.36,2.0,27,50,1,4,14,369000,1,1,1.0,1,137553.95,187788.1,4699.0,-5439.0,32960.0,32339.0,11.0,4,44368.0,21935.71,67100.0,0,8,113367.0,60974.75,495080.0,5,3,15694.0,Y,2896.73,current,M,38,MEDIUM,14.4,7,485.0,0,4.0
5150,9044,286220.0,1788.0,11316.0,13925.49,645.0,7753.82,11991.75,7.0,38,49,2,16,13,100000,1,1,1.0,1,52209.5,16000.0,500.0,4512.0,689.0,13605.0,55.0,19,165000.0,83450.14,25062.0,6,20,27477.0,5115.0,21908.0,47,75,57315.0,Y,9839.62,current,M,25,LOW,2.5,8,748.0,1,19.0
5151,11143,2050.0,14126.5,18730.92,7806.7,2841.0,2304.5,3162.0,2.0,46,67,3,6,2,34000,1,1,1.0,1,48230.5,273221.0,48500.0,-4679.0,110366.82,146093.0,91.0,31,26518.0,36612.02,3449.0,31,171,180276.0,43449.4,20355.0,2,50,12094.0,Y,9367.03,current,M,35,MEDIUM,9.0,7,799.0,1,2.0
5152,15391,1909.0,1066.0,14060.0,5967.0,3394.5,4009.24,3440.53,2.0,36,89,8,12,41,324000,1,1,1.0,1,192428.25,167870.79,1374.0,1500.0,107626.19,23116.0,90.0,26,20257.0,125308.49,33414.84,30,8,80500.0,41982.0,49122.0,47,13,34779.0,Y,2356.75,current,M,40,LOW,12.0,10,802.0,1,20.0
5153,2703,59.0,1092.36,1543.5,9355.0,4019.0,12377.69,4505.0,20.0,8,50,48,6,3,567000,1,1,1.0,1,28844.0,134890.0,33774.0,3735.0,191358.29,336148.0,90.0,3,45600.0,43971.5,24211.0,2,59,14410.0,146.0,28059.0,9,18,131451.0,Y,436.88,current,M,30,MEDIUM,3.0,8,708.0,1,10.0
5154,8135,8253.0,16094.85,5677.0,9270.0,27860.0,4519.185,3485.0,8.0,5,27,15,1,62,595000,1,1,1.0,1,17530.7,76157.6,4699.0,-6301.0,18693.13,53349.0,55.0,36,34619.0,66334.84,27892.0,2,25,21643.0,33562.5,66711.0,5,76,11388.0,Y,3741.27,current,M,64,MEDIUM,8.8,3,748.0,1,3.0
5155,8861,205545.0,44210.15,922.0,9289.92,3134.2,10063.0,511.0,100.0,6,50,2,55,79,290000,1,1,1.0,1,24832.0,52098.99,16114.0,-4612.00977,35998.69,37654.0,46.0,27,37404.0,123753.25,11160.0,9,5,25746.31,105499.84,80695.03,5,103,16990.0,Y,8878.73,current,F,62,LOW,4.2,3,537.0,1,9.0
5156,6272,19260.0,5138.97,8190.92,53998.38,1852.7,14325.34,1450.42,4.0,18,5,1,1,4,586000,1,1,1.0,1,65887.8,25404.0,610000.0,8572.0,33413.23,225427.0,67.0,2,74787.0,35657.75,33620.0,5,24,3900.0,547067.86,10502.38,13,10,31908.0,Y,807.01,current,M,28,MEDIUM,5.6000000000000005,8,385.0,1,15.0
5157,11667,294951.0,4291.06,2651.33,13648.0,897.59,1829.0,582.0,44.0,47,26,2,1,1,34000,1,1,1.0,1,160.2,100000.0,49975.0,12174.0,38052.86,28121.0,5.0,31,30611.0,210290.0,35251.0,47,7,96766.0,112738.92,107235.96,43,61,22827.0,Y,3416.76,saving,M,25,MEDIUM,0.5,8,653.0,1,14.0
5158,7458,1661.0,16613.0,5693.23,1484.0,133508.0,7060.0,3718.67,100.0,6,16,2,1,30,84000,1,1,1.0,1,41070.0,537476.4,4367.0,5340.0,24652.25,427421.0,55.0,23,20905.0,193603.15,81409.74,11,104,108273.0,58019.25,302708.09,4,28,16034.0,Y,1760.78,current,M,28,LOW,6.4,6,710.0,0,18.0
5159,16066,10406.0,18826.85,1578.0,3231.5,3407.0,452.0,473.59,1.0,128,102,48,27,10,72000,1,1,1.0,1,3101.3,429273.4,24094.0,-12179.0,49114.55,24888.0,17.0,1,36759.0,27911.0,35247.0,43,18,35944.0,98062.16,212.06,117,75,18044.0,Y,16073.39,current,M,33,MEDIUM,1.3,9,626.0,0,6.0
5160,11310,14012.0,33026.16,354.72,6695.76,11417.6,2612.0,587.0,7.0,99,112,62,4,54,157000,1,1,1.0,1,105750.0,83402.0,105000.0,3735.0,29216.09,34049.0,23.0,4,41100.0,169.88,6282.0,6,11,31416.57,40837.58,19675.0,3,50,22800.0,Y,4587.38,current,M,50,MEDIUM,3.0,6,395.0,0,8.0
5161,14141,237336.0,80754.73,9009.42,1035.92,1167.95,10965.42,25078.55,10.0,16,89,41,38,47,520000,1,1,1.0,1,42460.6091,152664.0,6000.0,5730.0,30364.63,20618.0,46.0,17,33225.0,28377.26,66825.0,0,8,20369.0,43620.0,10879.0,47,3,22061.0,Y,6627.84,current,M,58,LOW,26.6,9,249.0,1,9.0
5162,16078,9102.0,17655.0,13987.0,10646.34,15582.0,9689.38,3778.0,4.0,1,7,3,9,1,315000,1,1,1.0,1,1665.0,245000.0,583.0,6916.0,68970.0,187222.29,52.0,33,29880.0,48478.61,123970.0,20,20,25326.0,46625.25,29673.0,14,11,69650.03,Y,16171.67,saving,M,66,MEDIUM,46.0,3,626.0,0,4.0
5163,12757,203958.0,4515.0,268.0,2214.15,1834.0,1022.0,2027.0,66.0,66,13,1,55,34,47000,1,1,1.0,1,54860.05,278904.9,583.0,14509.0,28910.25,45163.0,91.0,26,13317.0,148729.89,68780.0,43,20,158430.0,72482.63,84042.3,6,103,27389.0,Y,9377.87,current,M,53,LOW,6.6000000000000005,6,867.0,0,9.0
5164,6698,292545.0,8496.5,1648.0,1974.87,767.0,1305.14,2557.0,43.0,10,19,22,2,1,199999,1,1,1.0,1,166331.66,19000.0,72000.0,977.0,88175.19,209895.5,16.0,25,33651.0,10437.24,7918.95,43,20,17536.0,32482.76,59065.29,62,15,24899.0,Y,2366.8,current,M,46,MEDIUM,26.0,3,958.0,1,4.0
5165,4572,13236.0,14918.5,2250.0,12223.93,6578.1,5353.345,1140.0,1.0,43,27,48,8,5,330000,1,1,1.0,1,154363.25,186474.96,936.0,0.0,110909.52,19475.0,59.0,6,36349.29,13517.0,39363.0,2,44,32520.0,33795.66,69155.0,16,67,21719.0,Y,6349.24,current,M,46,MEDIUM,20.8,7,534.0,1,18.0
5166,9660,179663.0,17149.91,287.0,97887.69,1075.92,12369.0,877.0,44.0,32,6,2,2,64,84000,1,1,1.0,1,50550.5,26884.0,1143.0,-5715.49022999999,36001.22,18095.0,79.0,5,23220.0,47125.54,40283.0,1,20,39500.0,32750.31,109429.75,4,42,32317.0,Y,1625.28,current,M,29,MEDIUM,1.8,1,249.0,0,14.0
5167,488,15810.0,4586.83,2153.84,10269.51,3694.0,1484.0,11631.36,44.0,6,19,8,2,17,0,1,1,1.0,1,140291.6,66.0,300500.0,20513.0,30760.0,200494.54,103.0,3,25599.0,26866.75,34921.56,9,20,21842.0,45584.14,25469.0,9,73,20065.0,Y,8311.5,saving,M,55,MEDIUM,21.0,4,640.0,0,9.0
5168,11564,12585.0,19896.0,534.13,22603.43,1617.0,4715.665,2683.35,9.0,77,26,50,1,80,125000,1,1,1.0,1,13180.0,142608.5,155205.0,3983.0,8610.8,90204.0,29.0,19,18139.0,100987.85,120620.0,2,20,28292.0,64579.4,694.0,8,124,49124.0,Y,1247.23,saving,M,60,LOW,12.0,9,628.0,1,16.0
5169,10913,18564.0,30340.7,1763.22,3579.93,1297.84,1974.87,819.0,3.0,9,10,19,1,12,75000,1,1,1.0,1,140790.0,195088.0,24619.0,-5439.0,74223.44,382673.0,35.0,26,48134.0,18684.0,154111.0,2,81,25150.0,28497.0,37127.0,3,49,762.0,Y,5861.8,saving,M,35,LOW,4.5,1,968.0,1,3.0
5170,13163,2282.0,9724.9,152099.0,9512.48,3187.8,27160.76,9488.52,10.0,2,74,2,18,81,359000,1,1,1.0,1,1539496.64,160000.0,183999.0,1411.0,35582.1,77506.95,4.0,1,365000.0,90289.72,44305.5,6,24,502939.0,49067.03,73464.0,3,50,28179.0,Y,230.12,current,M,62,MEDIUM,37.800000000000004,4,454.0,0,17.0
5171,19179,287169.0,922.4,459.0,12853.48,25641.0,20243.71,6414.0,7.0,2,4,26,2,6,109000,1,1,1.0,1,4435.0,63700.0,2156.0,-4679.0,225530.18,222666.0,77.0,31,43961.0,59287.0,21661.0,2,24,131735.0,39185.5,22832.0,117,50,44865.0,Y,1612.3,current,M,37,MEDIUM,8.5,4,296.0,1,8.0
5172,4166,14596.0,16764.6,25330.02,1995.0,1921.0,14656.17,779.0,5.0,18,87,45,44,67,139000,1,1,1.0,1,47024.8,536874.6,891.0,5464.0,25902.87,178340.0,46.0,36,77803.5,48967.1,293.36,1,82,71429.0,78277.18,91048.0,44,42,18418.0,Y,123101.25,current,M,35,LOW,15.0,1,537.0,1,20.0
5173,17116,19413.0,873.71,2405.9,48802.77,1519.47,2622.5,515.0,10.0,30,46,18,1,1,378000,1,1,1.0,1,39851.93,1024477.47,2214.0,-4664.0,67754.04,1450750.0,42.0,35,106000.0,22298.34,59831.5,3,44,114263.22,579218.85,43711.13,3,38,15473.0,Y,447.77,current,M,60,LOW,20.0,2,855.0,1,4.0
5174,14795,4814.0,13537.0,8087.0,4175.0,415.05,3231.0,16092.6,25.0,11,112,1,3,79,27000,1,1,1.0,1,811.0,15395.48,300500.0,9415.0,109869.48,43121.0,12.0,2,58408.0,24581.04,30292.0,0,21,4100.0,121549.0,7824.0,4,24,36369.0,Y,44380.43,current,M,35,HIGH,15.0,2,537.0,0,13.0
5175,2999,1362.0,7778.72,6880.77,729.92,1177.01,22835.5,17167.0,80.0,37,47,1,3,9,59000,1,1,1.0,1,140291.6,400000.0,643.0,6613.0,442845.17,12337.0,4.0,0,50800.0,47953.52,54110.0,1,108,67761.0,51548.02,74910.38,47,80,79000.0,Y,716.03,current,M,28,MEDIUM,6.4,8,485.0,1,13.0
5176,2050,15257.0,25684.0,2820.87,11419.2,1392.0,5759.765,17501.0,531.0,29,87,4,1,4,27000,1,1,1.0,1,471.05,12971.0,300500.0,2351.0,70060.56,19225.0,46.0,1,22242.72,21613.07,59889.0,9,13,102303.0,62462.0,36845.0,62,25,16220.0,Y,2553.07,saving,M,63,MEDIUM,25.8,6,445.0,1,17.0
5177,15636,90363.0,12942.0,2998.53,19135.91,2798.44,3760.0,4696.12,44.0,30,2,4,2,47,100000,1,1,1.0,1,166331.66,295150.9,16215.0,10455.0,67059.61,86192.0,11.0,2,39579.0,79076.0,46779.86,2,1,67960.0,127023.0,10537.0,7,80,39320.0,Y,4154.17,current,M,25,MEDIUM,1.0,8,818.0,1,3.0
5178,16932,8850.0,1902.0,8229.02,6279.49,1623.0,2505.0,10662.75,6.0,83,3,3,12,9,267000,1,1,1.0,1,98062.5,100934.0,29246.0,-4324.0,19945.0,53746.0,55.0,5,69402.0,12215.78,115743.0,47,84,161357.0,91484.41,34917.5,49,12,19634.0,Y,2176.97,current,M,60,MEDIUM,36.0,6,924.0,1,19.0
5179,7850,5813.0,804.0,2544.0,10204.42,6751.76,1009.0,1085.0,5.0,36,60,10,1,12,453000,1,1,1.0,1,72937.76,429273.4,954.0,691.0,103866.51,22611.0,84.0,9,54263.0,23291.88,227686.0,3,20,19720.0,8653.0,91090.5,7,39,33994.06,Y,242.05,current,F,28,MEDIUM,6.4,4,653.0,0,8.0
5180,4105,8153.0,2421.85,23589.66,2431.54,1016.0,3771.515,289.93,14.0,84,71,8,25,55,523000,1,1,1.0,1,39851.93,18955.76,130000.0,2921.0,141022.5,7829.18,11.0,2,17915.0,28394.75,20587.0,10,89,36398.0,23328.72,23683.0,18,100,28590.0,Y,18198.28,current,M,34,LOW,5.6000000000000005,6,927.0,1,15.0
5181,9084,2957.0,13958.58,29926.25,3793.16,2512.0,4534.73,1010.0,1.0,8,4,50,1,98,472000,1,1,1.0,1,14574.8,152391.0,25639.0,886.0,89682.36,33805.0,48.0,31,1300000.0,1624.76,842702.0,4,108,42322.0,30167.0,368.0,3,9,25382.0,Y,679.78,saving,M,37,MEDIUM,17.0,2,464.0,1,18.0
5182,12801,13260.0,7532.0,1912.66,1429.0,383.0,1561.76,3126.0,101.0,3,49,2,11,75,287000,1,1,1.0,1,22712.85,25404.0,15756.0,-12179.0,26219.96,62925.1,7.0,1,32369.0,32804.35,28464.0,2,82,20949.0,37222.88,401.0,4,58,85832.42,Y,886.36,current,M,53,MEDIUM,33.0,8,249.0,1,7.0
5183,8035,15124.0,12622.0,15049.0,14577.5,5346.0,26802.925,904.0,4.0,1,5,50,1,34,232000,1,1,1.0,1,360978.37,157624.24,798.0,6260.0,33679.21,107484.0,7.0,13,55961.0,42881.39,30227.0,1,40,21263.0,8422.0,17229.0,4,42,345000.0,Y,5295.12,current,M,33,MEDIUM,13.0,4,653.0,1,14.0
5184,1,15486.0,370.0,18478.75,2103.0,9991.76,12148.105,37001.45,16.0,9,14,3,25,1,505000,1,1,1.0,1,87526.1,216932.5,29542.0,1079.0,29143.29,38030.0,16.0,19,37548.0,52793.36,130237.37,20,7,24900.0,19868.39,83082.0,3,113,3386.0,Y,3484.7,current,F,32,MEDIUM,12.0,6,883.0,1,19.0
5185,7212,17798.0,9041.0,3532.0,4818.0,1114.0,8950.22,1394.0,2.0,1,5,24,20,1,421000,1,1,1.0,1,3299447.136,429273.4,96497.0,24326.0,538261.91,27507.0,36.0,7,21846.0,2785.57,223525.5,43,25,22549.0,71475.24,25469.0,10,58,26647.0,Y,10906.5,current,M,33,LOW,1.3,1,536.0,0,16.0
5186,17729,11686.0,6354.94,5311.0,24765.82,9617.15,25593.05,6234.8,1.0,23,50,48,1,1,150000,1,1,1.0,1,9395.3,170989.0,25111.0,4889.0,29700.8,37634.0,39.0,2,30342.0,201232.73,2200.86,31,8,26942.0,128646.25,28099.0,62,13,36397.0,Y,1122.28,current,F,47,MEDIUM,16.2,6,536.0,1,19.0
5187,18883,3861.0,4571.92,801.0,10595.0,45342.2,15492.12,28845.23,92.0,15,4,1,5,47,352000,1,1,1.0,1,384550.05,234459.4,1209.0,5464.0,7881.91,88494.0,52.0,13,11020.0,36230.65,48786.95,9,5,38012.0,98656.64,101995.0,21,1,48877.0,Y,31745.07,current,M,38,MEDIUM,18.0,4,259.0,1,3.0
5188,12894,7082.0,62761.07,3332.48,34113.2,119.0,4080.0,6291.65,7.0,36,82,10,1,81,124000,1,1,1.0,1,12010.0,234459.4,73217.0,4795.0,38900.08,53021.0,46.0,15,134246.0,523432.27,75949.0,1,46,79518.0,183930.06,5146.0,62,57,34154.0,Y,3510.35,current,M,34,LOW,8.4,2,766.0,0,14.0
5189,10833,11623.0,9665.74,1568.0,12758.42,17570.01,4646.31,9346.0,100.0,1,50,3,3,98,315000,1,1,1.0,1,22086.05,100934.0,14904.0,24326.0,179244.88,8017.0,62.0,4,45750.0,192.64,10550.0,24,59,35818.0,240.75,131180.0,1,12,34593.0,Y,100158.37,current,M,64,LOW,13.200000000000001,3,700.0,1,9.0
5190,11629,12330.0,4650.34,26322.0,7341.1,823.0,16547.0,554.0,43.0,2,84,8,17,31,293000,1,1,1.0,1,15079.5,545000.0,3792.0,-6301.0,44482.1,20784.0,4.0,3,21738.0,230402.77,10040.0,50,7,24300.0,34055.24,3553.0,3,103,25933.8,Y,5753.57,current,M,66,MEDIUM,9.200000000000001,4,631.0,0,10.0
5191,12675,38332.0,7560.0,10503.05,19241.41,6022.51,5197.8,1198.0,8.0,99,16,18,46,75,750000,1,1,1.0,1,526.25,200926.0,1209.0,5730.0,54352.32,13113.0,1.0,9,19288.0,33762.25,106730.0,9,5,139995.0,28186.18,5887.0,3,67,87839.4,Y,3264.08,current,M,35,LOW,6.0,3,708.0,0,12.0
5192,4992,13772.0,22199.07,14674.0,15625.79,293.0,806.96,901.25,7.0,99,47,4,2,53,19000,1,1,1.0,1,825.0,107692.0,73217.0,5464.0,5264.57,60767.0,3.0,3,14786.0,69064.11,129928.44,3,13,20888.0,103491.84,32857.0,8,24,33754.0,Y,9771.18,current,M,53,MEDIUM,19.8,9,536.0,1,4.0
5193,17394,12618.0,25414.46,142905.29,10659.57,13234.0,2774.45,1773.0,5.0,26,64,48,3,47,152000,1,1,1.0,1,64410.0,201000.0,711.0,24326.0,123391.75,139699.0,11.0,4,157067.0,35772.43,72328.0,70,5,55300.42,74111.75,45779.0,6,106,27894.0,Y,92.31,current,M,118,HIGH,39.2,5,366.0,1,8.0
5194,9701,12890.0,9766.25,15164.02,74441.13,17376.76,1572.73,11893.0,2.0,66,2,50,44,4,567000,1,1,1.0,1,8556.25,50000.0,50000.0,4150.0,61209.29,24839.0,20.0,26,33321.0,72245.28,38952.0,0,5,33675.0,8949.0,18724.0,3,124,45228.0,Y,238.81,current,M,42,MEDIUM,19.8,8,523.0,0,5.0
5195,4524,1391.0,1594.06,1399.0,681.93,942.0,1659.5,5898.19,17.0,11,9,42,9,26,520000,1,1,1.0,1,6440.0,900000.0,4000.0,-5998.43994,41120.4,83642.0,22.0,3,43358.0,28605.97,34483.0,1,59,63112.0,131343.16,54491.0,2,49,167885.0,Y,147329.73,current,F,67,MEDIUM,37.6,9,516.0,0,3.0
5196,3940,6512.0,20465.76,1221.0,4357.48,3447.0,6167.18,3686.52,6.0,18,6,18,15,1,738000,1,1,1.0,1,370776.0,115000.0,73217.0,2351.0,75377.67,37914.0,1.0,4,28842.0,61100.05,44305.5,3,6,42750.0,20693.2,59309.0,22,58,15036.0,Y,10815.9,saving,M,49,MEDIUM,23.200000000000003,1,448.0,1,2.0
5197,13412,10497.0,7431.86,1832.92,420.0,11209.0,7199.0,3906.69,26.0,10,35,22,5,17,53000,1,1,1.0,1,71191.8,64215.6,60000.0,-3506.17993,13236.85,20155.0,103.0,7,14374.0,54663.45,17680.0,2,25,27878.93,34755.99,68708.0,2,80,108884.0,Y,18992.62,current,M,37,LOW,1.7000000000000002,8,647.0,1,11.0
5198,4767,14376.0,44039.36,36242.82,513.0,4906.0,6504.125,2860.5,1.0,71,3,1,2,25,44000,1,1,1.0,1,94643.15,43021.0,16114.0,-4679.0,37699.62,105182.0,42.0,36,21748.0,358114.75,45343.0,1,38,48000.0,140108.1,62714.0,7,7,112000.0,Y,1492.11,current,M,28,LOW,1.6,10,249.0,1,18.0
5199,10752,10169.0,2886.35,572.0,3807.6,970.0,3989.02,3074.0,17.0,22,69,2,2,3,98000,1,1,1.0,1,55700.0,633323.83,1166.0,1411.0,8534.0,68105.0,17.0,1,26012.0,30669.53,150862.0,10,20,20216.2,4584.0,48905.0,6,42,29081.0,Y,5469.79,current,M,36,LOW,4.800000000000001,9,647.0,1,8.0
5200,19670,917.0,2111.0,1425.0,1813.93,2371.19,26457.0,2356.0,3.0,3,67,4,15,54,369000,1,1,1.0,1,443.36,55000.0,3975.0,-5998.43994,104123.5,24441.34,9.0,2,14874.0,22289.0,10330.5,4,69,8531.0,110589.67,16547.0,117,124,114734.0,Y,1741.78,current,M,29,MEDIUM,6.300000000000001,8,762.0,0,20.0
5201,9037,98964.0,5209.19,478.0,3514.78,861.0,10890.0,6667.0,7.0,10,6,18,9,36,199999,1,1,1.0,1,10006.2,184514.0,15000.0,977.0,52387.69,27059.67,55.0,2,33273.0,16014.0,369090.0,31,67,47320.0,14117.58,38897.0,6,63,70575.0,Y,1584.63,current,M,29,LOW,5.4,8,809.0,1,13.0
5202,15191,16987.0,64350.61,11269.0,10926.04,2699.77,5526.0,4619.0,43.0,60,59,50,7,12,16000,1,1,1.0,1,7455797.87,46500.0,1166.0,5773.0,184613.03,38325.1,69.0,19,23881.0,39732.1,36791.0,5,108,41272.0,12445.5,186389.0,3,64,18251.47,Y,591.34,current,M,60,LOW,16.0,9,866.0,1,17.0
5203,9709,15559.0,12665.6,13333.0,41586.27,656.67,5033.5,16482.0,6.0,22,44,3,4,56,35000,1,1,1.0,1,977377.25,29479.0,15477.0,20513.0,21981.0,33373.0,29.0,13,554490.0,30504.63,82735.0,7,6,20920.0,76607.18,28147.0,5,8,105122.0,Y,9790.79,current,M,44,MEDIUM,4.800000000000001,1,394.0,0,17.0
5204,18223,177670.0,20550.74,2336.0,12794.5,25275.0,6528.46,14305.2,7.0,2,47,5,14,1,447000,1,1,1.0,1,25506.67,16000.0,183999.0,-5715.49022999999,20474.63,9469.0,4.0,1,45654.0,184486.5,16374.74,43,108,116980.0,99228.65,51324.25,2,32,31909.0,Y,1684.61,current,M,28,MEDIUM,4.0,10,588.0,1,19.0
5205,3750,4306.0,12211.0,1285.0,7579.5,23116.0,50146.975,2237.2,4.0,23,44,39,25,11,505000,1,1,1.0,1,3575.5,142608.5,610000.0,6885.0,46653.77,42251.0,55.0,13,2000.0,23624.0,148680.1,2,81,198087.0,194341.65,50327.09,13,36,134244.0,Y,4419.87,saving,M,53,MEDIUM,23.1,4,466.0,1,7.0
5206,2669,474.0,1358.0,2326.34,3440.0,3864.0,14237.165,1661.0,15.0,23,74,44,25,75,49999,1,1,1.0,1,111.0,54243.0,230000.0,8723.0,62634.27,37736.0,2.0,0,198650.0,5720.24,28366.0,2,25,37188.0,21796.18,38410.0,7,120,20601.0,Y,2505.43,current,M,63,MEDIUM,38.7,2,270.0,1,18.0
5207,15658,729.0,13962.79,2720.5,2758.28,3241.35,16004.53,1331.47,44.0,23,13,3,1,56,199999,1,1,1.0,1,39851.93,470000.0,73217.0,12299.0,168197.54,245607.81,67.0,26,17280.0,80574.0,56367.86,47,63,20235.0,11368.66,74943.29,21,10,157500.0,Y,25434.24,current,M,30,LOW,7.0,6,523.0,0,11.0
5208,12623,17468.0,42622.0,7686.0,5422.01,1509.0,998.68,5120.0,14.0,84,135,3,1,34,378000,1,1,1.0,1,4120.0,13299.0,12000.0,0.0,49500.87,33314.29,29.0,7,38113.0,48357.83,12918.0,4,171,16629.0,85142.71,16174.0,7,58,13000.0,Y,2966.28,current,M,50,MEDIUM,9.0,2,448.0,0,17.0
5209,12276,11195.0,52094.83,703.0,846.92,2508.98,2145.25,3143.36,7.0,30,14,47,2,25,298000,1,1,1.0,1,32805.0,33668.0,25000.0,-5998.43994,205289.91,52569.0,39.0,5,14610.0,68733.6,45429.0,5,77,38861.0,36781.68,107930.0,14,80,29690.0,Y,679.97,current,M,66,MEDIUM,41.400000000000006,8,631.0,1,7.0
5210,2684,8457.0,9441.64,14234.07,6206.0,34158.95,13725.995,3766.71,101.0,10,7,5,1,5,481000,1,1,1.0,1,158135.2,54395.0,33774.0,20790.0,105667.43,53019.5,52.0,30,100470.0,222470.45,168674.34,6,63,48735.0,299394.75,76520.5,12,12,13172.61,Y,2748.24,saving,M,29,MEDIUM,8.1,5,799.0,1,16.0
5211,2418,5926.0,2541.0,24988.34,431.0,3743.0,2027.0,2838.0,8.0,29,7,1,1,1,300000,1,1,1.0,1,170590.75,146793.0,891.0,35346.0,53787.0,149962.75,39.0,4,12171.0,16048.0,36333.0,1,63,62662.0,62462.0,589586.0,1,107,62006.0,Y,1762.85,current,F,40,MEDIUM,2.0,7,614.0,1,5.0
5212,10539,13589.0,51383.96,14462.0,4048.2,1634.26,2773.52,17681.0,44.0,601,46,57,18,47,520000,1,1,1.0,1,5809.2,2436.91,230000.0,-6301.0,30165.26,257.0,0.0,3,3936.0,24109.0,144702.0,71,59,1280000.0,19556.01,8623.0,21,0,123.0,Y,4249.48,current,M,118,MEDIUM,88.2,3,683.0,0,3.0
5213,6400,303887.0,11859.35,2091.13,9956.03,2609.72,1651.0,4446.0,56.0,9,38,8,1,79,393000,1,1,1.0,1,1665.0,545000.0,49975.0,5340.0,55073.59,86537.0,16.0,11,481.93,5520.92,5113.0,4,12,13736.0,22343.6,382.0,10,79,21353.0,Y,8159.73,current,M,40,LOW,16.0,6,523.0,1,13.0
5214,2642,6330.0,2862.0,7209.0,7811.0,4343.0,4726.345,11991.75,46.0,8,5,2,37,79,192000,1,1,1.0,1,3101.3,50000.0,19400.0,1500.0,63856.65,273067.0,10.0,5,19392.0,21557.17,85539.8,43,16,74900.0,179142.25,7321.0,3,7,17095.0,Y,727.03,current,M,66,HIGH,23.0,2,465.0,1,18.0
5215,8463,16665.0,33451.0,19561.36,8778.0,1513.0,5314.18,12570.0,5.0,18,72,1,15,2,44000,1,1,1.0,1,28482.5,2300000.0,4000.0,1465.0,38219.54,4226.91,39.0,3,33651.0,40250.0,17521.0,4,44,348255.0,5216.45,19319.94,4,42,12063.46,Y,1819.91,saving,M,33,MEDIUM,11.700000000000001,5,658.0,1,12.0
5216,6686,12175.0,2044.1,2727.6,28657.88,8603.0,35417.28,2756.02,10.0,2,9,4,31,17,350000,1,1,1.0,1,101891.25,12971.0,8417.0,4856.0,38969.14,21898.0,46.0,0,23183.0,171133.65,38276.0,2,2,87706.0,312832.4,73532.79,2,8,34548.0,Y,157.42,current,M,31,LOW,7.7,1,801.0,0,13.0
5217,18588,10360.0,23812.0,3617.59,50161.9,12903.05,3545.68,20418.28,7.0,14,46,35,2,4,750000,1,1,1.0,1,449275.0,154121.9,3570.0,0.0,94192.49,28483.0,69.0,2,195199.0,41607.73,16579.0,4,25,69009.0,23060.28,194857.0,94,50,13123.0,Y,9607.79,current,M,29,MEDIUM,6.300000000000001,7,394.0,1,10.0
5218,4222,299396.0,17417.01,222.0,5247.74,2825.75,18402.0,2878.0,7.0,128,7,1,1,44,160000,1,1,1.0,1,60800.0,369448.8,33774.0,0.0,45097.52,63879.0,79.0,4,22930.0,107457.01,101245.0,2,31,652.35,46422.73,242701.0,117,11,59757.0,Y,6852.63,current,M,118,LOW,49.0,3,244.0,1,6.0
5219,14806,207457.0,14600.34,2239.4,1976.5,1014.0,5765.0,614.0,44.0,2,4,2,60,54,17000,1,1,1.0,1,54453.8,117890.0,462.0,3735.0,47924.9,150823.0,90.0,7,14334.0,76190.41,134658.0,1,5,42940.0,67987.08,102326.0,9,27,132149.0,Y,7242.44,current,F,27,LOW,6.300000000000001,1,647.0,1,19.0
5220,17812,11650.0,7993.76,5113.0,32181.0,26717.3,3896.0,17501.0,4.0,7,112,53,12,5,510000,1,1,1.0,1,811000.0,1034285.63,462.0,10455.0,284887.67,41822.42,3.0,2,18360.0,8640.02,109102.0,11,11,39692.4,109293.36,22611.0,3,61,15233.0,Y,3477.1,saving,M,33,MEDIUM,5.2,6,247.0,1,6.0
5221,10941,27907.0,12517.06,7172.0,2650.93,4481.75,15031.21,15620.69,66.0,81,44,2,51,3,505000,1,1,1.0,1,35280.0,42723.0,49975.0,0.0,136815.9,120569.38,16.0,3,20726.0,44460.51,171945.0,43,78,23441.0,172818.99,42071.0,5,8,45228.0,Y,11342.82,saving,M,46,MEDIUM,5.2,2,254.0,1,4.0
5222,11343,7768.0,21189.0,2683.0,39303.07,12251.19,2415.0,16381.0,20.0,50,4,2,4,55,58000,1,1,1.0,1,1895.04,6574.31,787.0,5340.0,24926.0,133493.0,1.0,17,14191.0,27858.64,273676.0,1,108,33717.0,67233.63,14872.0,4,1,42382.79,Y,1513.36,current,F,30,LOW,7.0,6,683.0,1,11.0
5223,2911,4785.0,27944.93,4237.6,2730.0,8830.0,8856.0,88567.97,44.0,7,3,10,3,5,340000,1,1,1.0,1,10000.0,66.0,500718.0,977.0,53481.37,44167.92,11.0,43,33777.0,9997.0,11794.0,17,11,19641.0,75882.4,176423.83,41,73,407.0,Y,8085.51,current,F,27,MEDIUM,7.0,5,956.0,0,3.0
5224,4439,19575.0,9784.4,4857.0,22095.44,17403.0,8325.0,59345.0,20.0,85,7,21,71,1,221000,1,1,1.0,1,94127.1,15957.0,25524.0,0.0,62613.01,37114.0,69.0,2,22622.0,285698.75,11705.0,7,20,15141.0,22840.35,103009.0,94,106,18771.0,Y,26029.19,saving,M,47,HIGH,10.8,6,314.0,1,12.0
5225,6120,4734.0,6726.0,865.0,3630.0,5172.03,3216.645,3485.0,6.0,29,74,21,1,1,98000,1,1,1.0,1,1349.1,464261.6,13873.0,9415.0,90919.15,131235.49,5.0,2,90378.0,27286.65,112257.88,20,70,21643.0,28592.88,75870.0,58,104,30000.0,Y,41052.26,current,M,35,LOW,3.0,4,818.0,1,8.0
5226,2950,4386.0,4770.97,30757.5,1493.85,24249.5,2855.0,6719.85,44.0,8,7,8,3,3,524000,1,1,1.0,1,168.75,82907.34,3850.0,20324.0,7228.53,143690.75,22.0,19,61158.0,30774.39,26505.0,31,49,30120.0,22668.22,97926.5,9,12,82210.0,Y,7970.12,saving,M,30,MEDIUM,3.0,1,743.0,0,9.0
5227,15584,126806.0,2171.2,10809.0,24643.5,6046.0,13697.775,1942.0,4.0,38,13,2,31,70,472000,1,1,1.0,1,10725.8,500358.79,13873.0,5773.0,65004.75,73663.0,29.0,26,28617.0,19026.0,375913.98,9,11,46956.0,26311.75,42654.0,5,32,29838.0,Y,28837.75,current,M,66,MEDIUM,41.400000000000006,8,538.0,0,13.0
5228,13455,10445.0,10517.645,4463.0,4709.96,2802.0,24578.2,3035.65,56.0,66,64,3,2,12,35800,1,1,1.0,1,71191.8,399.09,2019.0,-6281.37987999999,40404.47,55659.38,10.0,1,12196.0,182202.54,55277.0,9,9,31578.0,13195.02,60268.0,3,11,40870.0,Y,25690.25,current,M,62,MEDIUM,12.600000000000001,10,864.0,1,5.0
5229,17735,100769.0,10054.08,28334.65,6166.93,5715.0,3996.0,796.0,531.0,18,50,1,2,98,510000,1,1,1.0,1,6100.0,78050.0,13873.0,5340.0,33426.97,24817.0,4.0,5,37377.0,18505.07,35148.0,2,12,74695.0,49711.24,38681.0,16,73,50310.0,Y,1003.53,current,M,33,MEDIUM,3.9000000000000004,2,836.0,1,3.0
5230,9006,10286.0,2184.0,876.35,18034.19,4887.65,1796.04,822.93,6.0,3,67,5,6,47,112000,1,1,1.0,1,1482778.95,356899.37,927.0,3735.0,138598.98,154032.98,46.0,36,63053.0,133400.68,36791.0,4,12,107820.13,58198.01,66213.0,49,65,47203.52,Y,1584.63,current,M,30,MEDIUM,9.0,4,485.0,1,2.0
5231,5154,3862.0,10456.0,3421.0,2768.0,992.0,63458.92,944.0,52.0,34,4,3,1,80,98000,1,1,1.0,1,5308.1,429273.4,3570.0,1522.0,368.17,365.6,70.0,36,30901.0,26872.57,933406.87,43,9,48687.0,97873.88,434.0,117,58,31069.0,Y,7034.35,current,F,32,LOW,4.800000000000001,4,244.0,1,8.0
5232,5224,5651.0,5228.32,12701.75,12524.1,3215.0,12526.0,4732.0,50.0,99,50,48,55,58,139999,1,1,1.0,1,291969.2,680956.4,641.0,3983.0,47507.21,16753.0,29.0,17,51631.0,95016.44,28974.0,0,20,26075.0,103936.17,5146.0,93,76,18032.0,Y,188.65,current,M,47,LOW,10.8,1,394.0,1,11.0
5233,13102,14493.0,19158.0,1361.66,9996.0,1561.72,18612.0,11238.1,7.0,8,11,24,1,2,533000,1,1,1.0,1,1892440.0,120154.1,30011.0,-4679.0,88031.89,161534.0,11.0,30,19392.0,454208.01,51347.0,70,12,28668.0,4988.59,183906.29,39,9,20626.0,Y,3686.45,current,M,34,MEDIUM,9.8,10,299.0,0,2.0
5234,12066,3167.0,19296.0,2770.0,17809.0,6210.5,12154.0,834.0,2.0,13,112,7,3,17,371000,1,1,1.0,1,1940.45,142608.5,19176.0,12415.0,87240.0,36252.0,11.0,26,65116.0,11927.0,119922.25,6,8,83255.0,59077.75,46183.0,3,0,69557.0,Y,3215.83,current,M,53,MEDIUM,29.700000000000003,4,921.0,1,3.0
5235,17370,12531.0,19538.62,1912.66,34873.97,3471.0,52058.41,5069.0,18.0,13,60,6,1,3,371000,1,1,1.0,1,291969.2,343342.9,462.0,6885.0,47149.41,54837.0,18.0,36,24620.0,26339.5,147317.25,17,6,104991.0,15838.75,240377.8,8,80,34779.0,Y,429.79,current,M,53,MEDIUM,3.3000000000000003,2,805.0,0,10.0
5236,172,934.0,2760.67,3475.4,5217.43,60659.0,15829.0,3771.34,5.0,93,10,3,1,3,225000,1,1,1.0,1,48264.0,109000.0,16215.0,12174.0,40943.13,127458.98,55.0,1,19872.0,54161.16,25432.0,1,171,775.0,9753.4,54645.0,94,83,25144.0,Y,8597.02,current,M,53,MEDIUM,26.400000000000002,9,924.0,1,6.0
5237,1834,10001.0,123825.34,3214.0,10812.04,9107.36,7317.185,918.93,6.0,2,9,17,6,4,114000,1,1,1.0,1,32951.25,96096.0,36114.0,6885.0,85621.2,21871.0,4.0,15,37404.0,53118.58,249964.0,4,20,69269.0,133176.64,55485.0,3,67,82000.0,Y,4213.85,current,F,55,LOW,10.5,2,814.0,1,12.0
5238,6391,3946.0,15774.62,10150.0,2884.0,2523.96,14182.8,1010.0,5.0,77,61,2,8,17,130000,1,1,1.0,1,6440.0,52985.43,230000.0,5439.0,15669.2,57596.33,11.0,1,30901.0,34340.98,12479.0,3,82,113678.0,14426.42,49178.5,36,11,87726.0,Y,3915.0,current,M,40,MEDIUM,18.0,6,614.0,1,10.0
5239,5516,7951.0,29676.76,6174.0,12497.14,2248.0,2759.0,8478.0,3.0,31,86,44,2,98,270000,1,1,1.0,1,20049.0,500358.79,655.0,-4679.0,63113.81,17931.0,46.0,13,17484.0,38785.94,14982.0,2,28,32940.0,51090.22,231044.5,3,38,28154.0,Y,2796.22,current,M,29,HIGH,2.7,4,656.0,1,12.0
5240,2975,8620.0,12997.17,1623.0,14352.0,411.0,10179.775,1397.0,2.0,8,117,8,2,47,147000,1,1,1.0,1,1238.65,347.19,925.0,5730.0,113354.0,130735.0,7.0,31,42520.0,36419.11,60412.38,5,69,47546.0,21941.6,93344.01,43,68,51782.0,Y,118315.93,current,F,35,MEDIUM,15.0,3,314.0,1,14.0
5241,14844,10667.0,1131.0,2706.0,642.0,312.0,3997.0,50943.0,531.0,4,7,1,4,58,47000,1,1,1.0,1,70712.6,1971236.9,610000.0,-6885.0,83468.0,72580.0,11.0,3,29707.0,13946.42,57895.0,10,11,8627.0,39911.06,66216.0,58,24,12063.46,Y,18440.05,current,M,40,MEDIUM,14.0,8,247.0,1,11.0
5242,16986,5463.0,2626.81,6355.16,2880.0,2248.0,8449.0,627.44,6.0,14,7,5,55,34,525000,1,1,1.0,1,55458.53,77965.0,50000.0,5340.0,23623.83,50888.0,90.0,3,66443.0,30986.78,226218.5,10,78,24320.0,186475.58,50699.0,6,1,16417.0,Y,1544.12,current,M,33,LOW,3.9000000000000004,2,445.0,1,19.0
5243,12299,261115.0,6734.06,21328.0,16419.96,920.0,2698.55,9686.46,6.0,17,5,8,2,79,16000,1,1,1.0,1,8758.2,64491.0,8333.0,1992.0,27253.45,92103.0,55.0,2,32881.0,23039.58,24383.0,9,12,19627.0,159169.27,38858.89,21,100,204869.0,Y,1419.3,current,M,35,HIGH,7.5,3,355.0,1,19.0
5244,3083,15505.0,106668.17,6331.49,11347.43,1765.92,2698.55,3067.36,26.0,10,87,5,2,81,518000,1,1,1.0,1,306.4,382191.0,6100.0,1411.0,83246.72,70495.0,12.0,19,21047.72,29362.63,119909.36,4,70,13918.0,47215.52,99782.5,5,50,42209.0,Y,462.3,current,M,33,MEDIUM,2.6,9,801.0,1,19.0
5245,508,4184.0,17128.18,354.72,3581.17,2463.92,20945.0,4597.0,2.0,99,4,57,1,2,202500,1,1,1.0,1,568.8,63000.0,13873.0,977.0,57855.03,46255.0,16.0,15,24216.0,98174.59,27548.0,2,11,34259.0,90950.62,2394802.73,9,106,18660.0,Y,36788.75,current,M,53,MEDIUM,6.6000000000000005,9,934.0,1,12.0
5246,14104,170622.0,10522.25,1110.0,5565.06,1622.8,4317.0,3188.5,6.0,9,52,7,1,9,58000,1,1,1.0,1,158135.2,51000.0,73217.0,6409.0,418.0,66587.0,49.0,25,27642.0,18360.87,17164.0,1,11,37055.0,28806.42,17746.0,36,18,12299.0,Y,2933.21,current,M,66,MEDIUM,46.0,6,595.0,1,15.0
5247,18296,15024.0,2775.21,632.0,1315.85,15342.0,2966.75,4957.28,14.0,1,4,5,1,2,164000,1,1,1.0,1,15961.9,24000.0,68000.0,0.0,17798.0,90424.44,62.0,1,57705.0,12236.0,7236.5,4,50,64989.0,205064.4,41764.0,2,100,30229.0,Y,45152.87,current,F,66,MEDIUM,41.400000000000006,6,331.0,1,15.0
5248,8313,3974.0,28220.1,3491.0,642.0,360.97,8660.0,9388.0,6.0,66,50,53,62,1,267000,1,1,1.0,1,270.0,118976.0,1611.0,1500.0,40404.47,30127.0,70.0,3,9353.0,91265.13,47100.0,70,4,44401.0,38431.0,82860.0,7,83,66844.0,Y,1332.19,current,M,47,LOW,2.7,4,883.0,0,17.0
5249,12408,14019.0,5720.92,2092.34,23980.77,1309.0,5617.8,17576.0,57.0,26,61,3,8,1,528000,1,1,1.0,1,2666.4,280000.0,16114.0,1992.0,26027.52,16227.0,9.0,36,37542.0,207103.25,108209.0,23,70,14838.0,60084.48,53361.0,3,42,30310.0,Y,136.82,current,M,60,MEDIUM,8.0,9,245.0,0,17.0
5250,18297,19206.0,50134.22,19668.01,8240.24,3154.0,19331.0,12824.0,9.0,25,48,35,17,1,293000,1,1,1.0,1,101891.25,6773.96,14754.0,5730.0,74476.0,37832.0,4.0,19,29415.0,9979.33,16888.0,1,8,108273.0,53668.72,294020.02,7,7,34768.0,Y,17956.8,current,M,35,HIGH,4.5,10,760.0,0,14.0
5251,4220,6927.0,4061.71,938.55,2694.75,2699.77,12964.0,4514.0,6.0,8,13,30,21,20,300000,1,1,1.0,1,38428.6,241529.77,15477.0,1954.0,87756.06,29714.78,103.0,5,27458.0,74636.1,30200.0,2,20,18064.0,222598.14,39353.0,44,11,427.0,Y,22854.5,current,M,39,LOW,15.200000000000001,3,639.0,0,10.0
5252,2670,316162.0,5404.22,1056.0,2267.5,1717.0,9555.0,1581.0,4.0,26,44,25,7,80,167000,1,1,1.0,1,71020.5,12000.0,4458.0,12174.0,61380.25,62159.0,147.0,1,37758.0,95508.43,29100.0,45,82,46796.0,13821.9,4345.0,21,12,69145.93,Y,2089.26,current,M,55,MEDIUM,10.5,2,723.0,0,6.0
5253,15944,3579.0,9927.99,2448.0,18128.72,277.1,2799.89,9488.52,66.0,84,10,25,4,1,125000,1,1,1.0,1,7455797.87,332000.0,3570.0,8723.0,28796.0,205910.47,77.0,5,40100.0,107775.19,36871.0,3,25,44339.0,21969.03,66396.5,9,11,18479.0,Y,178.6,current,M,62,MEDIUM,12.600000000000001,8,445.0,1,12.0
5254,8343,19786.0,9304.07,191.0,42149.62,428.0,9397.25,1929.0,6.0,43,89,2,3,11,576000,1,1,1.0,1,204585.76,172131.0,183999.0,5773.0,8160.89,7150.0,69.0,4,24214.0,46185.85,107133.0,2,4,38652.0,43836.42,72394.36,62,18,16873.0,Y,2162.74,current,M,58,MEDIUM,38.0,7,523.0,1,8.0
5255,16652,9752.0,9500.64,5449.0,10055.86,3666.67,5085.875,799.0,1.0,4,49,60,62,1,272000,1,1,1.0,1,19265.4,24703.0,51520.0,20513.0,191780.0,3180.0,42.0,5,29743.0,38153.75,31326.0,7,82,216000.0,30788.33,369000.75,4,9,16280.0,Y,3592.45,saving,M,62,MEDIUM,12.600000000000001,8,799.0,1,2.0
5256,19392,7255.0,27895.35,11143.04,21291.73,8398.0,726.0,3331.0,1.0,2,3,10,2,64,650000,1,1,1.0,1,9624.6,267421.4,230000.0,5773.0,202121.35,95859.0,77.0,4,50147.0,30042.04,32674.56,1,46,38132.0,35524.03,69957.0,3,101,26933.0,Y,1918.92,current,M,30,MEDIUM,1.0,3,516.0,1,10.0
5257,12735,1231.0,21932.49,6348.7,4370.83,2801.36,14767.665,857.0,10.0,71,7,8,8,44,507000,1,1,1.0,1,21745.0,470000.0,1446.0,1411.0,7017.19,210219.0,42.0,9,94300.0,37042.72,25889.0,1,5,17407.0,305110.15,75279.0,9,9,76506.0,Y,2724.55,current,M,62,MEDIUM,25.200000000000003,10,928.0,1,7.0
5258,11719,16447.0,2799.75,356.0,17892.36,8642.0,13376.52,10979.0,44.0,65,59,5,4,31,41000,1,1,1.0,1,67833.35,278360.16,2644.0,12965.0,50440.75,43943.91,89.0,3,19575.0,29662.81,16027.0,0,6,50150.0,255860.4,67873.77,7,32,24343.0,Y,4553.29,current,F,28,HIGH,4.0,8,508.0,1,20.0
5259,14469,598.0,28803.44,3258.0,6543.76,2302.0,2088.85,886.0,100.0,85,60,60,5,31,406000,1,1,1.0,1,28844.0,94885.9,51520.0,0.0,22631.0,82551.0,5.0,29,65605.0,17079.25,84444.5,70,82,36660.0,29454.96,18847.83,4,1,228942.0,Y,3266.02,current,F,30,MEDIUM,9.0,8,708.0,1,7.0
5260,4106,19276.0,7513.72,2871.0,2825.43,3361.18,12964.0,60068.0,44.0,77,13,50,1,26,461000,1,1,1.0,1,5457.0,64491.0,19176.0,5730.0,49071.84,53053.0,22.0,2,29427.0,440849.77,27783.0,2,14,31623.0,243787.74,7332.0,47,32,12193.0,Y,6834.03,current,M,47,MEDIUM,13.5,6,685.0,1,6.0
5261,16649,17910.0,16392.6,12633.0,3722.41,3767.72,1084.0,7334.29,6.0,32,3,24,6,80,378000,1,1,1.0,1,225823.8,295150.9,24251.0,2351.0,31134.95,40158.0,55.0,4,16801.0,42903.65,20733.11,3,8,37498.0,24214.58,73090.0,1,32,40450.0,Y,999.07,current,M,27,LOW,2.8000000000000003,9,574.0,1,15.0
5262,16294,223058.0,13111.32,760.36,10064.11,5459.0,12214.0,3059.0,531.0,30,44,5,55,1,340000,1,1,1.0,1,10000.0,184514.0,925.0,6916.0,15124.25,35439.0,42.0,33,33441.4,31560.79,75261.0,3,78,142580.0,79972.53,34009.5,1,15,241771.0,Y,4461.73,current,M,42,LOW,2.2,4,537.0,0,8.0
5263,6110,20339.0,70958.0,1963.2,3885.0,7437.0,45417.47,5125.0,2.0,5,10,7,1,56,272000,1,1,1.0,1,98062.5,1372927.14,1143.0,903.0,11408.93,61642.88,9.0,26,14276.0,51617.64,58229.0,11,25,1235.0,32927.25,47233.0,4,14,120881.0,Y,1383.75,current,M,60,MEDIUM,8.0,5,928.0,1,12.0
5264,10310,166.0,10391.67,4494.0,12713.0,13234.0,4338.165,3883.0,57.0,9,44,57,4,79,524000,1,1,1.0,1,77855.0,42723.0,500.0,1500.0,64636.41,198745.0,70.0,0,40484.0,31142.0,10138.0,7,12,20031.0,49455.0,28353.0,49,12,37260.0,Y,2729.89,current,M,34,MEDIUM,2.8000000000000003,6,355.0,1,16.0
5265,8892,20154.0,15934.91,2695.0,83969.89,4346.5,9208.0,1453.0,63.0,4,38,2,16,56,78000,1,1,1.0,1,94493.75,117890.0,6100.0,35346.0,209.88,262395.0,62.0,36,40139.0,95955.5,30285.5,0,59,126843.0,38894.19,77749.0,3,12,11667.0,Y,1038.06,current,M,33,MEDIUM,1.3,1,882.0,1,14.0
5266,19152,183.0,26037.0,2267.04,4371.3,10945.09,20359.035,4635.0,2.0,85,19,57,3,1,467000,1,1,1.0,1,120285.0,6574.31,105000.0,1500.0,46516.93,69215.0,42.0,5,25968.0,68272.47,24342.31,70,25,101204.0,56260.1,38902.0,62,38,81681.0,Y,3361.32,current,M,35,MEDIUM,9.0,7,314.0,1,6.0
5267,1277,8817.0,45060.67,25858.41,10971.49,10090.0,15202.73,2520.0,29.0,65,4,12,15,17,84000,1,1,1.0,1,16250.2,617203.09,30011.0,553.0,28391.93,163639.5,3.0,2,15299.0,60310.2,88766.0,3,50,28233.0,48211.67,55818.54,6,22,119657.0,Y,7445.96,current,M,34,MEDIUM,5.6000000000000005,5,710.0,1,4.0
5268,17732,7082.0,2991.78,3899.0,11527.07,9090.0,16527.0,2836.0,531.0,6,50,6,17,1,271000,1,1,1.0,1,462720.0,157000.0,4198.0,-5942.0,45290.76,65757.0,24.0,35,16905.0,8036.51,5561.5,1,171,56677.66,16399.0,37958.92,3,8,40096.0,Y,2634.87,current,M,53,MEDIUM,9.9,2,799.0,1,9.0
5269,15142,19195.0,744.0,16889.78,9922.84,304.0,1207.95,9682.44,56.0,23,87,60,6,47,67000,1,1,1.0,1,168.75,119451.0,2644.0,17397.0,71088.0,2103.0,42.0,4,20973.0,8813.03,93.0,7,20,33724.0,145975.25,128649.0,3,100,24752.85,Y,1243.58,current,M,34,MEDIUM,9.8,4,801.0,1,11.0
5270,4594,5080.0,6552.95,3332.48,11229.53,2935.0,7970.0,1651.0,2.0,2,82,8,1,13,252000,1,1,1.0,1,27316.5,1475000.0,583.0,-3506.17993,1286.85,257838.0,16.0,1,39628.0,47442.0,69855.35,0,31,56442.0,43100.98,57130.88,21,49,18270.0,Y,3141.59,current,M,33,MEDIUM,6.5,9,256.0,1,16.0
5271,3850,9096.0,10391.67,7270.9,5090.32,3908.0,1412.0,21126.0,28.0,66,20,48,7,1,59000,1,1,1.0,1,120781.35,278904.9,1633.0,-6301.0,8926.92,68284.0,4.0,35,9272.0,60897.0,192887.0,4,63,158592.0,4506.0,2217.0,2,13,25657.0,Y,1033.85,current,M,49,MEDIUM,26.1,2,743.0,0,15.0
5272,6777,14331.0,21067.45,643.85,31448.02,10993.0,62301.0,622.0,4.0,11,50,25,11,29,193730,1,1,1.0,1,10006.2,760470.3,1266.0,5464.0,60119.92,97974.0,42.0,1,41303.0,40384.76,22935.0,20,82,56458.0,49595.27,29238.0,4,8,21116.0,Y,15847.92,current,M,28,MEDIUM,4.800000000000001,9,428.0,1,12.0
5273,9218,4701.0,7133.59,4950.77,3617.1,1582.0,323.74,5582.0,136.0,3,50,4,3,77,102000,1,1,1.0,1,291969.2,560000.0,12337.0,12174.0,3564.0,23974.0,46.0,3,46476.0,263531.59,72615.5,43,8,15483.0,7167.7,976.21,2,63,34994.0,Y,2601.39,saving,M,46,MEDIUM,26.0,3,956.0,1,16.0
5274,16711,17092.0,2260.53,10913.0,7272.0,5157.49,40161.27,2871.0,10.0,26,84,7,6,56,576000,1,1,1.0,1,19265.4,1971236.9,5000.0,6885.0,22396.52,34515.0,18.0,4,18011.0,21706.42,122308.61,3,108,36103.0,61223.07,28840.0,2,104,86644.0,Y,118315.93,current,M,219,MEDIUM,139.3,10,945.0,1,9.0
5275,3945,332122.0,11761.75,1197.34,1910.0,4809.0,4940.0,1376.52,10.0,36,3,1,5,8,300000,1,1,1.0,1,38566.25,142608.5,15654.0,3481.0,18863.5,26206.41,52.0,36,41473.0,105080.31,54353.86,45,4,36165.0,87596.79,4502.0,6,8,11202.12,Y,5190.14,current,M,38,LOW,18.0,3,505.0,1,7.0
5276,6550,8917.0,19541.24,22619.93,59430.34,1640.46,3775.48,5697.0,6.0,3,3,30,2,53,425000,1,1,1.0,1,4435.0,25404.0,3975.0,0.0,61586.25,18012.74,91.0,0,39293.0,10188.0,78500.5,0,81,86324.75,118619.56,297640.0,117,24,18074.62,Y,1637.64,current,M,32,MEDIUM,1.2000000000000002,5,623.0,1,18.0
5277,17537,128376.0,7288.41,2258.31,1760.0,1003.0,671.0,589.0,136.0,23,3,7,12,41,190000,1,1,1.0,1,34112.0,3342.51,68000.0,-12179.0,66146.75,38100.0,11.0,35,21924.0,14012.0,114068.98,4,63,81000.0,51616.64,36477.77,5,83,22925.0,Y,8004.35,current,M,38,MEDIUM,18.0,4,945.0,0,17.0
5278,4701,180616.0,17128.18,12693.0,2637.0,7070.0,8802.315,6309.67,9.0,56,29,24,6,55,510000,1,1,1.0,1,2008232.55,278904.9,48500.0,-5439.0,42656.0,19377.15,62.0,4,18808.0,21816.41,199854.36,35,20,11309.0,43217.8,56974.83,2,11,98207.0,Y,7568.3,current,M,60,MEDIUM,40.0,8,305.0,0,19.0
5279,16923,7075.0,43011.5,2666.09,5473.0,2489.0,2341.0,105631.0,7.0,5,135,1,2,34,293000,1,1,1.0,1,154363.25,19000.0,768.0,1014.0,21866.74,106420.0,46.0,1,28595.0,160408.6,31582.13,1,9,78000.0,89154.63,92366.0,49,7,1369.0,Y,3743.28,current,M,35,MEDIUM,4.5,7,737.0,1,6.0
5280,5030,211858.0,8600.34,3602.82,38768.15,2110.0,13930.0,6512.0,101.0,77,4,3,7,36,300000,1,1,1.0,1,48624.7,75925.0,4699.0,-5942.0,223175.99,66190.0,77.0,4,62550.0,56631.33,683.42,1,46,14838.0,46541.19,65060.0,5,24,25320.92,Y,174.94,current,M,56,MEDIUM,3.6,4,525.0,1,13.0
5281,14743,5639.0,4194.47,782.0,17638.7,293.0,31252.0,3854.0,63.0,14,5,1,4,34,481000,1,1,1.0,1,19866.0,142608.5,971.0,5730.0,32786.0,30284.0,39.0,4,58876.0,23410.75,68925.0,0,63,17508.0,51595.75,211475.0,9,20,170859.0,Y,1050.22,current,M,47,MEDIUM,2.7,2,245.0,1,20.0
5282,2504,5709.0,27008.78,1557.0,2758.28,4264.0,1426.0,3821.0,12.0,5,5,2,4,34,519000,1,1,1.0,1,223000.0,96096.0,68000.0,-3506.17993,280295.39,66557.72,42.0,15,291262.0,99259.37,19401.0,1,11,16698.0,72884.74,65462.0,43,106,43633.0,Y,4579.97,saving,M,50,MEDIUM,27.0,2,799.0,1,16.0
5283,11193,9436.0,1855.0,1071.0,36966.27,961.0,6159.155,10431.23,5.0,9,5,1,2,75,134000,1,1,1.0,1,94127.1,1194405.5,300000.0,-5942.0,220956.82,46292.34,94.0,3,90943.0,74061.68,27475.0,2,11,14121.0,25991.5,11163.0,47,18,127204.0,Y,2977.5,current,M,29,MEDIUM,3.6,2,748.0,1,20.0
5284,8717,11851.0,70958.0,34560.36,1583.27,7888.0,35506.5,5479.0,9.0,84,1,3,3,10,42000,1,1,1.0,1,81142.25,43.0,25524.0,-5998.43994,44601.38,34434.0,8.0,9,25389.99,44084.84,121912.8,2,50,27470.0,97310.04,29200.65,94,8,74946.0,Y,1888.7,current,M,33,MEDIUM,6.5,1,928.0,1,14.0
5285,16510,5268.0,22389.03,14227.05,3109.98,249.0,34942.585,5745.0,1.0,23,64,41,1,13,565000,1,1,1.0,1,5045.13,90829.65,8417.0,1079.0,33699.38,43992.0,46.0,19,20903.0,76255.0,71950.0,43,2,23483.0,33892.42,412.0,117,104,65.0,Y,2355.35,current,F,44,LOW,2.4000000000000004,10,485.0,1,6.0
5286,13804,25270.0,1111.0,1561.0,17780.79,2609.72,3021.735,658.0,12.0,128,64,53,14,81,523000,1,1,1.0,1,102.95,680956.4,25000.0,5439.0,56605.28,38550.44,18.0,2,38419.0,34562.76,256270.37,43,11,5600.0,19828.5,24285.0,7,18,97839.0,Y,5436.95,current,M,33,MEDIUM,9.1,7,737.0,1,5.0
5287,13704,1580.0,135469.38,1179.05,359.0,1882.44,16406.0,15959.0,1.0,43,102,2,2,44,147000,1,1,1.0,1,138272.2,25404.0,300500.0,-5439.0,87756.06,25904.0,32.0,5,286565.0,30524.0,71128.0,2,44,11832.0,22920.42,100394.0,5,50,37252.0,Y,3163.88,current,M,27,LOW,2.1,7,386.0,0,9.0
5288,8866,299089.0,24054.05,2336.29,23314.0,1005.0,20771.0,854.8,4.0,32,2,5,2,10,272000,1,1,1.0,1,1727970.9,356899.37,825.0,1089.0,27821.86,26931.0,43.0,3,27453.0,21020.79,69321.0,11,4,33356.0,198476.66,78835.03,3,68,34979.0,Y,3265.32,current,M,42,MEDIUM,15.4,2,516.0,0,14.0
5289,348,18737.0,5167.25,9597.37,6392.3,1622.8,22245.0,1263.0,12.0,5,18,11,1,98,519000,1,1,1.0,1,14574.8,31730.49,36114.0,1089.0,37098.38,73940.0,7.0,0,24850.0,2627.0,75096.0,23,20,27974.0,107933.33,44255.0,6,38,27500.0,Y,3379.82,current,M,42,LOW,2.2,6,626.0,1,18.0
5290,14169,295117.0,547.0,3323.0,10450.92,1717.0,4935.565,2900.0,5.0,14,5,15,6,30,153000,1,1,1.0,1,4230125.0,784499.0,678.0,6916.0,66792.2,618548.25,55.0,19,55763.0,44314.25,7711.86,1,25,52792.0,1501.82,20493.0,4,83,27596.0,Y,520.15,saving,M,60,MEDIUM,36.0,10,737.0,1,9.0
5291,12233,14804.0,15502.95,7223.0,23878.98,1897.0,14781.17,1361.1,1.0,65,16,53,25,70,100000,1,1,1.0,1,9624.6,680956.4,11545.0,-5998.43994,37108.27,71475.0,11.0,3,15198.0,45724.47,21550.0,43,171,58036.0,14055.33,22807.0,14,79,21960.0,Y,70.04,current,M,42,MEDIUM,4.4,9,506.0,1,11.0
5292,9129,7287.0,3800.67,570.0,23211.54,1149.84,11942.0,627.44,6.0,18,47,7,51,81,400000,1,1,1.0,1,293418.75,52000.0,73217.0,4889.0,9278.0,43584.0,42.0,35,43187.0,32263.63,63075.0,6,108,43270.0,44046.89,39471.0,12,73,80358.0,Y,6312.33,current,M,58,LOW,22.8,4,801.0,0,18.0
5293,1527,120362.0,2733.21,4381.31,32653.01,3167.97,9627.13,233.0,44.0,30,14,22,27,1,660000,1,1,1.0,1,5215.0,108726.0,25000.0,0.0,50619.18,144263.0,42.0,2,90207.0,773.0,115743.0,6,8,69.0,39440.29,624.29,21,58,259.0,Y,32750.59,current,M,46,MEDIUM,5.2,3,269.0,1,7.0
5294,6938,303038.0,1018.54,1292.0,1693.66,5995.68,8660.0,6146.0,6.0,26,35,1,15,10,329000,1,1,1.0,1,55700.0,176487.6,25000.0,24326.0,89259.4,7002.0,77.0,6,12200.0,39173.76,25277.0,1,25,207000.0,63182.11,43581.0,9,3,34338.0,Y,843.3,current,M,28,LOW,0.8,10,516.0,1,20.0
5295,7075,6216.0,3203.15,2773.0,34113.89,7599.92,8028.0,3067.36,43.0,83,50,4,18,47,54000,1,1,1.0,1,39853.9,197800.0,908.0,-4679.0,142.25,224329.0,46.0,5,56667.0,2177.0,102521.47,1,2,4598.0,116209.25,38631.0,94,61,76191.0,Y,7493.52,current,M,32,MEDIUM,9.600000000000001,5,812.0,1,3.0
5296,4907,115184.0,1661.0,2857.0,15501.0,1569.0,17436.0,1773.0,52.0,47,7,42,44,64,391000,1,1,1.0,1,250631.8,202560.0,15756.0,12174.0,272349.58,186337.0,147.0,3,61876.0,108895.12,31299.0,43,23,38500.0,53206.03,12767.59,4,12,31873.0,Y,6112.84,current,M,44,MEDIUM,14.4,3,249.0,1,14.0
5297,7436,2060.0,11991.42,3926.0,23305.84,4038.0,1204.0,2836.0,3.0,10,50,1,36,11,273000,1,1,1.0,1,1112.4,400000.0,130000.0,3897.0,417964.86,23050.0,20.0,1,34663.0,17460.35,33987.0,43,25,125760.0,302963.32,56159.0,12,32,12794.0,Y,13740.99,current,M,28,LOW,3.2,5,809.0,1,18.0
5298,10708,1613.0,4839.36,5653.07,44421.63,2483.0,2938.0,4859.0,17.0,83,6,24,6,1,784000,1,1,1.0,1,41883.6,157000.0,33330.0,0.0,112430.89,101602.9,5.0,7,25921.0,88004.39,32887.36,1,11,34878.0,27915.7,78486.0,4,63,11446.0,Y,8085.66,current,M,27,MEDIUM,1.4000000000000001,3,755.0,1,4.0
5299,8863,9538.0,10525.77,562.0,12618.14,942.0,6612.0,1574.0,4.0,10,4,25,12,7,518000,1,1,1.0,1,1641785.0,29479.0,2644.0,6441.0,38018.04,43193.42,11.0,26,26604.0,81679.3,143540.0,9,86,20337.0,18464.5,232185.0,2,103,36837.0,Y,17599.29,saving,M,60,MEDIUM,16.0,4,805.0,0,7.0
5300,3342,3201.0,3759.5,1339.96,1969.0,12277.68,26331.82,371.0,100.0,60,49,8,1,8,17000,1,1,1.0,1,12057.2,1475000.0,8943.86,6885.0,313328.0,47301.0,12.0,5,40735.0,82132.46,11031.0,1,59,8384.19,92885.24,311171.2,117,14,37842.0,Y,5263.8,current,M,118,MEDIUM,78.4,9,867.0,1,10.0
5301,3687,16218.0,27583.0,4694.0,20658.99,5534.47,10561.0,449.0,100.0,30,10,5,56,11,68250,1,1,1.0,1,181073.75,85300.0,51520.0,5350.0,15107.0,20715.0,10.0,3,24716.0,82468.0,19810.0,1,25,4750.0,23955.0,161.0,62,35,75622.0,Y,242.07,current,F,34,LOW,11.200000000000001,9,233.0,1,2.0
5302,17501,11450.0,4461.0,2270.4,5019.5,644.2,6142.0,1654.5,6.0,36,67,5,1,56,383000,1,1,1.0,1,39851.93,462000.0,4699.0,6441.0,65004.75,9334.0,4.0,30,10381.0,46459.0,1033867.0,0,20,96358.0,43823.91,253919.0,62,61,30206.0,Y,4297.86,saving,M,62,MEDIUM,12.600000000000001,8,536.0,1,6.0
5303,1411,17358.0,14649.4,729.0,503.0,2464.56,23640.8,2740.04,6.0,18,74,1,4,77,75000,1,1,1.0,1,2666.4,64215.6,300500.0,-5998.43994,22950.85,115320.57,11.0,7,50005.0,60643.22,48364.0,45,14,67798.0,37857.73,32033.0,11,61,43906.0,Y,1419.3,current,M,53,MEDIUM,6.6000000000000005,8,683.0,1,9.0
5304,7278,13880.0,9392.14,6619.0,27152.39,185.0,10681.5,609.52,5.0,10,50,1,8,3,59000,1,1,1.0,1,15079.5,25404.0,2156.0,8723.0,14177.59,8834.0,7.0,0,28248.15,19430.47,61887.5,6,8,36918.0,21185.27,42754.25,2,18,860.0,Y,547.8,current,M,34,MEDIUM,12.600000000000001,4,683.0,1,4.0
5305,9210,90221.0,2324.69,286.0,25010.5,9272.15,436.82,7987.0,4.0,65,9,1,18,30,170000,1,1,1.0,1,46451.38,159308.0,90525.0,5730.0,25258.78,29258.0,2.0,0,23908.0,273.95,172994.89,6,30,16470.0,41037.0,93142.0,7,28,25456.0,Y,786.55,saving,F,53,MEDIUM,9.9,6,511.0,1,3.0
5306,1113,2737.0,732.93,21248.99,3518.91,733.0,4593.0,462.0,44.0,4,59,4,9,53,453000,1,1,1.0,1,165907.57,6574.31,105000.0,-5439.0,40647.58,25910.5,43.0,7,25158.0,24332.92,135737.0,7,28,25746.31,12914.0,132346.0,21,79,148.79,Y,12190.88,current,M,33,LOW,5.2,4,766.0,1,15.0
5307,15900,13964.0,11633.27,878.0,36394.6,3346.0,8391.28,1344.0,100.0,10,67,3,55,12,130000,1,1,1.0,1,259573.3,197800.0,1209.0,-3506.17993,21168.5,48172.0,103.0,26,67376.0,30924.26,78375.0,1,11,6100.0,9722.44,69074.06,36,106,77127.0,Y,426.33,current,M,35,HIGH,10.5,9,683.0,1,3.0
5308,19405,7423.0,21275.52,14604.69,28588.02,956.46,11393.0,5257.0,12.0,42,4,39,3,70,16000,1,1,1.0,1,126303.7,15957.0,641.0,6885.0,27791.84,77826.0,147.0,6,23950.0,7678.0,6150.0,12,4,20012.0,4239.41,68175.0,3,104,27181.0,Y,19726.26,saving,M,49,MEDIUM,14.5,10,372.0,1,19.0
5309,18575,221935.0,17068.75,446.04,27757.0,1396.12,8948.0,428.52,2.0,66,49,22,1,47,380000,1,1,1.0,1,34786785.0,201000.0,4367.0,9827.0,69101.66,17132.0,6.0,5,25944.0,34010.96,13278.0,1,81,7081.0,38594.0,14031.0,13,73,21960.0,Y,5935.83,current,M,37,HIGH,17.0,7,270.0,0,7.0
5310,218,341728.0,2944.0,457.0,28356.24,3500.79,3829.96,1834.08,44.0,23,2,62,27,79,480000,1,1,1.0,1,4110.0,60040.0,16215.0,6885.0,24435.82,37388.87,62.0,3,162500.0,109249.09,15163.0,43,6,28234.0,274780.51,8567.0,6,12,37750.49,Y,17747.41,current,M,66,MEDIUM,36.800000000000004,6,950.0,1,19.0
5311,17898,141837.0,50498.0,1517.95,43109.56,4960.3,1995.03,4337.0,44.0,10,5,8,31,56,147000,1,1,1.0,1,39851.93,39833.19,1018.0,6885.0,19660.0,47710.5,20.0,3,39935.0,19898.5,27750.0,2,75,21512.0,105370.76,11305.0,7,32,38378.0,Y,7022.83,current,M,53,LOW,19.8,7,799.0,1,17.0
5312,19189,294703.0,84129.84,1289.0,67265.0,3703.0,2999.075,6738.0,19.0,43,49,3,48,13,406000,1,1,1.0,1,54860.05,202560.0,1143.0,3897.0,28277.93,298019.0,15.0,4,31829.0,357838.5,52289.0,42,13,49358.0,25424.82,59466.0,7,24,8400.0,Y,8658.4,saving,M,40,MEDIUM,6.0,5,628.0,1,4.0
5313,13303,17751.0,27941.0,3950.78,2835.0,2887.48,10223.87,2890.0,124.0,10,5,2,8,41,252000,1,1,1.0,1,48675.31,15036.0,5981.0,2921.0,55317.45,19133.5,11.0,19,11625.0,26673.5,63308.41,3,25,81760.0,25125.44,86773.0,12,58,40377.0,Y,8977.29,current,M,66,MEDIUM,9.200000000000001,8,503.0,1,9.0
5314,14674,403824.0,5181.7,1897.0,28205.77,3786.0,13721.0,5467.0,10.0,22,44,20,9,30,525000,1,1,1.0,1,32951.25,200000.0,18257.0,8572.0,30271.7,39456.0,91.0,4,65140.0,69448.65,57336.0,8,13,54405.0,20871.0,20228.0,6,80,27430.0,Y,1137.39,current,F,53,LOW,29.700000000000003,1,710.0,1,11.0
5315,1659,15472.0,6389.5,10078.0,869.0,7649.59,10818.0,88567.97,1.0,66,71,52,11,67,301000,1,1,1.0,1,4110.0,10947.0,2841.0,-12179.0,43153.52,32652.0,70.0,35,75001.0,32504.0,48619.05,8,50,80735.0,7838.0,60691.0,3,0,41523.0,Y,2603.11,saving,M,47,MEDIUM,27.0,3,330.0,0,9.0
5316,19621,13360.0,9919.26,3027.0,6519.01,357.73,2906.0,1003.26,7.0,43,47,1,2,31,232000,1,1,1.0,1,41883.6,3342.51,4000.0,0.0,64904.66,108826.38,24.0,7,82126.0,101569.27,61065.74,4,63,24581.0,50735.76,78693.0,117,80,21075.0,Y,316.04,current,M,60,LOW,20.0,7,268.0,1,16.0
5317,7529,6631.0,482.0,4941.84,9733.99,4591.62,12225.0,20455.0,5.0,1,27,18,1,3,98000,1,1,1.0,1,140291.6,117890.0,50000.0,10210.0,60244.17,4253.0,42.0,7,51925.0,30301.28,162734.0,8,21,296000.0,34472.3,35428.0,2,50,21461.0,Y,6981.55,current,M,28,MEDIUM,5.6000000000000005,2,638.0,1,13.0
5318,2271,11902.0,7636.7,944.0,39947.13,3649.0,3556.035,11215.0,52.0,23,29,1,2,10,192000,1,1,1.0,1,3950.0,3084.5,16215.0,12415.0,56919.18,59447.0,91.0,0,62715.0,61034.09,23697.0,30,82,54745.0,41697.0,95837.17,5,120,22205.0,Y,25711.18,current,M,44,MEDIUM,2.4000000000000004,5,766.0,1,16.0
5319,3672,101916.0,18924.56,2297.0,30612.11,1545.0,17654.195,8897.0,10.0,84,4,1,62,98,306000,1,1,1.0,1,360978.37,195506.79,22000.0,-5439.0,77180.94,64279.0,11.0,26,19360.0,25982.0,34254.0,2,9,20720.0,45307.68,33672.0,2,103,35253.0,Y,157951.88,current,M,28,LOW,6.4,4,588.0,0,6.0
5320,1738,8781.0,26323.16,4250.0,70701.79,2871.98,32570.27,2829.0,2.0,34,10,26,4,13,371000,1,1,1.0,1,156875.0,1187335.5,51520.0,3481.0,113726.05,27301.0,46.0,36,51372.0,50351.68,204310.0,6,108,81000.0,96762.78,269333.59,2,3,10040.39,Y,604.67,current,M,37,MEDIUM,15.3,1,315.0,1,5.0
5321,15918,15044.0,18803.3,2724.0,77592.18,27860.0,3771.515,1530.35,57.0,19,10,8,2,98,28000,1,1,1.0,1,293418.75,10767.53,12000.0,3323.0,17763.0,19672.0,46.0,25,14290.0,91850.24,170269.0,2,17,32457.0,34776.35,18222.95,62,58,24065.0,Y,1544.12,current,M,30,MEDIUM,2.0,2,748.0,1,16.0
5322,1328,8810.0,19878.5,25546.8,351.0,26053.19,4151.31,30020.0,44.0,43,50,1,1,64,461000,1,1,1.0,1,604365.0,152.87,1266.0,20324.0,58407.9,39543.0,4.0,5,36135.0,25175.0,54062.0,31,171,77721.0,64851.3,55925.84,47,22,25396.0,Y,26.74,current,M,66,LOW,41.400000000000006,7,355.0,1,13.0
5323,1032,13508.0,4611.0,3332.48,7895.38,3880.89,6257.0,12134.27,10.0,128,67,11,17,1,595000,1,1,1.0,1,4230125.0,340000.0,15654.0,12965.0,444863.81,252890.0,42.0,27,17258.0,57283.0,145401.0,3,27,18868.0,37925.7,49345.0,5,1,89637.0,Y,1269.4,saving,M,60,LOW,40.0,3,643.0,1,7.0
5324,9498,9665.0,87693.39,26230.0,1487.85,9107.36,8551.275,1037.0,44.0,36,16,6,3,30,11000,1,1,1.0,1,67833.35,3.0,105000.0,5464.0,12907.75,10592125.0,11.0,6,25613.0,99583.33,44475.0,1,5,21729.0,44110.43,145521.0,4,22,27193.0,Y,8118.68,current,M,49,LOW,20.3,9,858.0,1,13.0
5325,4766,19020.0,873.71,3432.0,4757.54,1310.59,1950.24,2836.0,44.0,25,7,3,2,1,75000,1,1,1.0,1,196885.0,138732.3,1255.0,1465.0,22041.25,42645.0,2.0,1,119741.0,79908.98,21181.0,47,11,24700.0,12240.39,16564.0,5,18,31108.0,Y,468.49,saving,M,38,MEDIUM,5.4,2,503.0,1,2.0
5326,16782,865.0,75983.83,1572.68,14368.91,1500.65,3840.0,233.0,59.0,29,7,20,31,53,138000,1,1,1.0,1,2014.8,74599.9,925.0,6260.0,52879.75,33891.0,16.0,0,21842.0,30148.52,230836.01,16,63,29246.0,17793.05,22411.5,3,76,32157.0,Y,260.55,current,M,30,MEDIUM,10.0,4,355.0,1,9.0
5327,6925,7802.0,9275.0,715.0,14650.11,2801.36,274.77,2164.0,1.0,39,5,1,2,2,199999,1,1,1.0,1,19.95,895000.0,29542.0,12415.0,202865.97,163344.14,90.0,1,30676.0,266682.76,92492.15,3,81,35302.0,26424.64,24914.0,21,18,55571.63,Y,1953.73,current,M,28,LOW,1.6,1,928.0,0,19.0
5328,2959,330507.0,2714.39,3994.8,2847.0,4512.85,32906.72,4609.0,1.0,22,4,24,12,26,232000,1,1,1.0,1,692000.0,350000.0,12000.0,8723.0,129498.75,761687.0,16.0,31,24970.0,29867.34,29667.9,50,82,59976.0,17605.68,114860.0,2,80,19363.0,Y,18670.52,current,M,37,MEDIUM,8.5,1,258.0,1,3.0
5329,8561,17165.0,39216.0,2895.1,3454.47,1583.0,11355.3,2191.9,4.0,3,20,1,15,62,147000,1,1,1.0,1,36368.7,152664.0,12000.0,173.0,79212.27,38981.0,46.0,1,35477.0,158154.66,144722.0,4,11,33000.0,10025.75,158782.51,5,120,56558.0,Y,1516.57,current,M,47,MEDIUM,18.900000000000002,1,123.0,1,7.0
5330,15411,18417.0,12848.94,2949.0,1352.93,4648.0,3227.22,1361.1,12.0,77,7,2,1,2,303000,1,1,1.0,1,6100.0,376694.91,4000.0,-7652.0,57622.35,4538.0,12.0,3,771.69,22607.88,17448.0,2,44,24734.0,47220.0,21933.0,47,7,25772.0,Y,17350.88,current,M,60,MEDIUM,24.0,3,448.0,1,2.0
5331,3404,171864.0,425.0,16453.77,27157.19,1653.0,8952.0,1247.43,2.0,14,13,53,1,4,204000,1,1,1.0,1,0.3,6574.31,60000.0,-4679.0,24016.96,59504.6,3.0,2,57461.0,200324.62,49585.0,30,171,71630.0,14464.39,41054.0,47,7,52674.0,Y,15444.36,current,M,28,MEDIUM,0.8,2,485.0,1,11.0
5332,3536,397285.0,12728.0,15086.0,9634.0,4167.44,9030.105,1008.73,8.0,29,59,44,21,44,173000,1,1,1.0,1,1424.5,375000.0,610000.0,-5942.0,20392.86,26729.87,8.0,35,34801.0,26734.21,10057.0,3,7,42186.0,26564.24,77452.0,3,39,14666.0,Y,712.23,current,F,30,MEDIUM,1.0,8,355.0,0,12.0
5333,4791,204512.0,14147.46,2548.0,1114.6,1711.0,13720.0,23197.0,7.0,3,112,53,60,1,383000,1,1,1.0,1,9255.43,195506.79,787.0,10210.0,35744.4,37201.0,5.0,23,15541.0,56361.89,157049.0,10,11,25859.0,110183.56,108305.88,6,32,32248.0,Y,30.99,current,F,39,MEDIUM,5.7,4,445.0,1,8.0
5334,15151,5602.0,4364.99,352.85,1318.52,1572.0,9191.0,2075.52,8.0,32,13,47,14,1,114000,1,1,1.0,1,47450.2,157000.0,16215.0,7984.0,34155.47,3189.0,11.0,5,10996.0,31913.46,41381.0,8,8,58000.0,23341.89,3517.0,12,32,48520.0,Y,3655.54,saving,M,30,MEDIUM,9.0,2,243.0,1,5.0
5335,16439,94.0,42007.21,36242.82,14657.18,7494.0,35787.66,21927.62,531.0,71,110,82,3,70,84000,1,1,1.0,1,291969.2,32714.0,1209.0,6260.0,79608.12,34018.5,32.0,0,29030.0,19843.36,30419.0,7,20,53822.0,65997.62,64212.0,3,75,22383.0,Y,7229.19,current,F,221,MEDIUM,60.300000000000004,7,268.0,1,10.0
5336,19007,18079.0,35662.9,2849.0,56705.1,6952.98,15470.0,71638.0,1.0,128,46,18,21,6,524000,1,1,1.0,1,101891.25,537476.4,2644.0,7478.0,123231.15,23647.0,70.0,3,168660.0,28647.18,33320.63,4,82,27055.0,15926.4,132446.0,38,49,31400.0,Y,8191.68,current,M,29,MEDIUM,6.300000000000001,1,864.0,0,2.0
5337,13488,327200.0,3839.0,15425.16,5172.61,3447.0,4310.0,15292.85,29.0,8,72,1,3,79,595000,1,1,1.0,1,530797.35,380000.0,11379.0,35346.0,82.25,567741.0,42.0,13,46626.0,10355.0,78555.67,70,171,46369.0,2792.0,106354.42,9,8,28825.0,Y,3943.97,current,M,40,MEDIUM,14.0,2,428.0,1,5.0
5338,13773,2299.0,14003.0,423.0,1999.54,4504.87,554.0,10942.0,44.0,26,19,2,2,4,378000,1,1,1.0,1,146931.8,182359.2,24094.0,3735.0,58916.15,48227.91,91.0,17,27205.0,21405.75,28740.0,5,27,32831.0,61374.75,65529.0,8,38,53698.0,Y,13818.69,current,M,33,MEDIUM,2.6,9,866.0,0,10.0
5339,19009,95314.0,4910.5,6972.0,12920.23,1934.0,2456.095,2871.0,4.0,11,67,11,2,13,46000,1,1,1.0,1,116122.65,470000.0,130000.0,1500.0,25963.0,850.0,69.0,7,23937.0,22289.0,132994.96,0,26,35604.0,5115.0,77563.0,117,18,21128.0,Y,13639.82,current,M,32,MEDIUM,8.4,6,588.0,1,2.0
5340,4390,309751.0,24464.4,19070.7,30356.23,23116.0,10007.8,266.0,24.0,34,8,2,1,36,47000,1,1,1.0,1,365855.6,18300.0,25000.0,6916.0,5751.5,18825.0,32.0,3,40735.0,73474.5,36407.0,4,1,69579.0,47001.9,32135.5,4,11,29146.0,Y,1644.98,current,M,61,MEDIUM,24.6,1,355.0,0,5.0
5341,16192,4471.0,80625.0,9444.56,26715.92,1356.0,17406.87,3228.0,2.0,7,67,1,3,58,177000,1,1,1.0,1,55458.53,76365.24,2841.0,0.0,19311.07,163441.08,42.0,4,52050.0,15355.0,48364.0,4,171,103685.0,21671.15,119778.0,40,75,20802.0,Y,476.06,saving,M,37,MEDIUM,8.5,9,575.0,0,19.0
5342,14613,8022.0,9059.26,10936.0,1187.42,656.67,623.84,29798.0,3.0,23,4,18,36,17,17000,1,1,1.0,1,120781.35,187788.1,15477.0,9827.0,79461.97,12276.0,10.0,3,20613.0,36849.75,10232.51,1,9,78478.0,31863.2,130232.9,9,25,10646.0,Y,967.45,current,M,220,LOW,180.0,4,505.0,1,9.0
5343,5678,17480.0,26500.39,7727.0,991.45,1204.0,16240.0,777.0,19.0,3,2,7,3,80,124000,1,1,1.0,1,6494.4,43397.0,126001.0,-6335.0,23964.0,41357.0,1.0,3,34935.0,26885.12,18940.0,2,82,288075.0,45733.94,77589.0,1,32,38028.05,Y,340.91,current,M,28,LOW,3.2,9,743.0,0,5.0
5344,2330,6469.0,49172.6,921.0,1596.15,53198.05,5290.0,13343.34,3.0,3,29,2,2,28,410000,1,1,1.0,1,54453.8,39833.19,768.0,-6335.0,5752.08,15178.0,147.0,0,31620.0,48534.46,28082.0,1,108,30543.0,213941.31,19219.65,2,57,35408.95,Y,494.49,current,M,66,MEDIUM,41.400000000000006,4,394.0,1,3.0
5345,5506,330070.0,6439.7,5845.0,3635.16,5013.0,1290.52,10529.0,4.0,32,5,25,6,34,167000,1,1,1.0,1,42800.1,53749.0,925.0,3897.0,48112.75,45581.0,46.0,0,212471.0,39173.76,48687.73,20,11,19853.0,45489.73,34030.0,93,104,19889.0,Y,2010.71,current,M,66,LOW,9.200000000000001,4,640.0,1,13.0
5346,9755,872.0,11876.76,5258.0,23048.76,1535.5,35812.0,1836.0,66.0,2,10,2,2,47,359000,1,1,1.0,1,668728.4,470000.0,300500.0,10455.0,9924.45,471.0,91.0,3,21551.0,8824.06,29285.5,31,16,20889.0,144667.07,210379.0,94,73,19504.0,Y,78966.76,current,M,69,MEDIUM,34.300000000000004,6,503.0,1,10.0
5347,6366,2809.0,43515.0,4002.87,12724.5,1286.0,12026.0,1929.0,5.0,46,72,50,1,3,124000,1,1,1.0,1,39851.93,15036.0,655.0,1500.0,10096.0,40171.0,22.0,3,64592.0,37550.59,501429.0,4,20,38211.0,85322.86,65961.5,7,13,6138.0,Y,9921.56,current,M,42,LOW,15.4,3,748.0,1,20.0
5348,9081,291851.0,40387.0,10039.61,18880.73,1179.0,988.0,2326.0,33.0,18,110,2,60,42,100000,1,1,1.0,1,76780.0,117890.0,711.0,20513.0,84232.5,61125.0,5.0,6,47963.0,69555.0,38463.0,23,17,8077.0,40224.43,59552.83,13,49,29557.0,Y,3465.71,current,M,42,MEDIUM,4.4,8,748.0,1,18.0
5349,236,8105.0,4060.13,10544.0,29932.86,527.0,6336.52,10111.2,25.0,81,61,3,3,17,471000,1,1,1.0,1,3638.25,234459.4,24619.0,2351.0,30236.0,127177.0,22.0,43,40922.0,21706.42,99493.0,5,12,215000.0,48348.0,20988.0,9,50,55320.0,Y,5056.54,current,M,47,LOW,8.1,9,488.0,1,9.0
5350,8119,4945.0,994.0,9699.0,17339.25,706.78,1146.94,10408.0,9.0,85,74,50,3,1,125000,1,1,1.0,1,827.31,300000.0,768.0,4795.0,42038.5,37029.0,103.0,4,45541.0,47011.7,24207.0,3,4,45713.0,45077.62,32283.75,2,52,40417.0,Y,2018.98,current,M,32,MEDIUM,2.4000000000000004,2,945.0,1,18.0
5351,1033,18873.0,19176.38,2987.75,2441.5,11974.77,7158.25,2704.8,57.0,10,4,48,1,4,212500,1,1,1.0,1,1539496.64,17000.0,1135.0,4795.0,1462712.0,10543.0,39.0,1,59304.0,11263.46,83011.0,9,1,17997.95,19894.66,24745.0,3,18,40848.0,Y,3208.09,saving,M,42,LOW,8.8,1,385.0,1,16.0
5352,7523,10014.0,1952.44,713.0,1327.0,3179.0,24397.0,13338.31,6.0,9,49,2,36,4,431000,1,1,1.0,1,9118.35,107692.0,9570.0,3897.0,119868.92,37067.0,46.0,19,20043.0,14695.78,176037.0,2,27,13543.0,120977.73,33086.0,6,38,16081.0,Y,143480.94,current,M,32,MEDIUM,1.2000000000000002,9,523.0,1,16.0
5353,5513,181602.0,9821.0,7792.0,13130.48,5567.0,2185.21,511.0,6.0,9,35,2,11,79,350000,1,1,1.0,1,308591.0,63000.0,16114.0,1444.0,61070.09,24106.0,18.0,2,41740.0,21657.0,65427.72,1,84,14722.0,4687.29,5403.0,6,75,52653.0,Y,7961.88,current,F,53,MEDIUM,26.400000000000002,8,448.0,1,10.0
5354,2852,2570.0,1591.97,14521.33,26442.38,3703.0,14824.405,4514.0,8.0,43,53,52,16,39,286000,1,1,1.0,1,58121.25,245000.0,22000.0,20513.0,40216.13,56133.0,0.0,5,51708.75,31615.31,82317.0,1,13,28292.0,14810.0,23507.0,18,73,15497.0,Y,1396.96,current,M,42,MEDIUM,4.4,10,723.0,1,15.0
5355,17686,211981.0,27863.31,1399.0,10272.52,1926.86,365.38,12868.0,7.0,77,4,22,12,68,53000,1,1,1.0,1,5383.25,42000.0,2156.0,0.0,314791.74,46030.0,42.0,1,800000.0,1207.0,292.29,50,44,86253.0,13083.0,76540.0,6,15,20314.0,Y,3613.88,current,F,38,MEDIUM,9.0,6,261.0,1,18.0
5356,8642,9771.0,3545.0,14945.78,8492.32,12554.18,8212.14,2402.0,2.0,10,1,5,1,4,461000,1,1,1.0,1,34635.25,245000.0,2019.0,0.0,259709.56,51746.0,3.0,5,79777.0,16366.8,30192.0,70,78,27018.0,13963.61,1026939.5,15,18,40.0,Y,96046.96,current,M,32,LOW,1.2000000000000002,2,683.0,0,18.0
5357,14894,19278.0,3191.1,2290.57,17360.67,1803.0,62749.96,16682.93,10.0,99,74,5,31,21,406000,1,1,1.0,1,167.5,31730.49,230000.0,1332.0,49776.63,45511.0,6.0,36,36500.0,82494.0,34169.48,5,8,14500.0,125588.54,5131.0,7,73,57441.0,Y,25375.27,saving,M,33,LOW,11.700000000000001,2,506.0,1,19.0
5358,14938,20764.0,12258.5,13416.0,5003.0,1943.0,17145.0,371.0,8.0,36,64,47,1,41,102000,1,1,1.0,1,89908.8,610000.0,925.0,9827.0,116550.55,19501.0,70.0,23,50909.0,57998.52,120296.8,43,13,27945.0,244112.97,243182.32,9,80,43650.0,Y,946.22,current,M,66,MEDIUM,32.2,4,928.0,1,8.0
5359,4182,13670.0,71280.27,4299.0,6885.54,886.5,8877.0,3378.0,60.0,18,29,1,3,5,147000,1,1,1.0,1,747610.0,35000.0,3570.0,0.0,43301.95,11263.78,11.0,1,50364.68,227207.31,321685.0,2,23,8175.0,259204.16,42022.0,2,67,12817.0,Y,13037.5,current,M,40,MEDIUM,8.0,8,247.0,1,17.0
5360,19580,1753.0,7012.32,3027.0,3392.26,690.48,5241.0,842.0,2.0,42,6,3,12,79,141000,1,1,1.0,1,146931.8,197800.0,508.0,5464.0,50664.65,28240.0,29.0,2,92219.0,81904.88,62942.96,1,75,34556.0,59856.56,88116.0,5,14,17012.0,Y,1181.47,current,M,42,MEDIUM,11.0,3,858.0,0,12.0
5361,10959,392326.0,24705.74,18099.0,1931.81,6738.0,27240.3,37001.45,101.0,32,112,39,2,81,256000,1,1,1.0,1,2002.36,278904.9,11379.0,0.0,194323.25,121970.0,11.0,3,36982.0,11292.09,175237.0,3,13,20227.0,87748.43,141772.0,11,12,94841.21,Y,2010.71,current,M,60,MEDIUM,4.0,10,523.0,1,7.0
5362,14976,7198.0,8512.0,177.0,22084.22,2465.92,32940.19,5474.0,10.0,5,82,26,44,44,19000,1,1,1.0,1,7089.7,146793.0,50000.0,6260.0,17188.0,16794.0,36.0,36,24000.0,35975.34,47069.0,2,82,36949.0,6150.75,32431.0,117,61,40255.0,Y,55.23,saving,M,53,MEDIUM,6.6000000000000005,6,536.0,1,20.0
5363,428,7901.0,1719.39,2998.9,3426.58,5999.8,9392.0,3176.0,1.0,19,67,2,3,11,306000,1,1,1.0,1,13924.0,2300000.0,694.0,6885.0,66854.0,64529.0,20.0,36,59103.0,32946.75,41525.0,43,78,60154.0,9753.4,16538.78,4,2,31935.0,Y,8707.38,current,M,51,LOW,3.1,10,883.0,1,16.0
5364,3980,8253.0,16460.41,3079.55,12467.89,3968.22,2010.67,9816.0,32.0,32,35,1,18,8,19000,1,1,1.0,1,5215.0,138475.4,126001.0,14509.0,31528.25,142937.93,20.0,5,26666.0,56099.67,53236.0,9,81,6870.0,21281.55,46183.0,5,113,17822.0,Y,2001.45,current,M,53,LOW,13.200000000000001,10,583.0,1,5.0
5365,13816,132971.0,39693.93,8680.0,3360.305,1310.59,1017.0,5488.0,6.0,22,72,8,25,55,150000,1,1,1.0,1,47.45,110135.86,5905.0,167.0,27264.41,800.0,103.0,19,1902.0,64450.56,66495.35,43,81,32971.0,30491.5,16175.0,38,73,24583.0,Y,6408.79,current,F,32,MEDIUM,8.4,4,883.0,1,9.0
5366,17948,17755.0,29676.76,5207.0,7815.07,1324.0,19526.0,1101.14,63.0,4,62,48,3,47,329000,1,1,1.0,1,81872.65,116533.0,610000.0,17397.0,39671.4,370428.0,5.0,0,21047.72,41727.0,41540.93,8,20,10090.0,120035.54,92389.0,8,32,24822.0,Y,4706.28,saving,M,66,MEDIUM,32.2,2,249.0,1,17.0
5367,3572,121940.0,2778.41,1290.0,38548.77,2309.0,30596.55,3328.34,10.0,2,29,2,18,47,17000,1,1,1.0,1,124064.65,150000.0,500718.0,5773.0,83488.42,55874.0,50.0,2,154154.0,14930.0,31681.5,2,8,1092.52,38019.79,41099.8,42,1,13299.0,Y,5039.9,current,M,222,MEDIUM,60.6,3,796.0,0,8.0
5368,1896,1670.0,27008.78,3349.18,73629.66,877.0,11954.5,14302.09,5.0,30,5,47,9,1,520000,1,1,1.0,1,13849.4,53749.0,1036.0,6260.0,1284.3,45093.0,4.0,15,19646.0,37498.0,900997.0,9,59,12922.0,13379.9,69400.0,5,6,251377.0,Y,10104.95,current,M,33,MEDIUM,9.1,6,523.0,1,10.0
5369,8745,5609.0,26081.0,8613.0,17947.91,22304.86,2581.75,1967.0,10.0,601,53,50,2,41,127500,1,1,1.0,1,322.02,147834.0,2158.0,5439.0,31086.25,25885.0,43.0,35,19915.0,51715.23,626320.34,9,17,26701.0,3211.66,30480.0,4,6,65146.0,Y,4483.1,saving,F,33,MEDIUM,5.2,2,887.0,1,18.0
5370,17170,6174.0,20660.26,5121.14,12140.88,8195.11,1985.775,1611.5,8.0,7,89,11,3,10,240000,1,1,1.0,1,510.6,142608.5,15756.0,1500.0,40647.58,118106.95,11.0,4,900.0,64149.0,20023.0,6,8,24463.0,26587.09,74278.0,2,40,17525.0,Y,14335.96,current,M,31,HIGH,6.6000000000000005,10,814.0,0,19.0
5371,7501,13457.0,13115.0,9647.57,1460.0,2523.96,6575.98,252.0,8.0,2,74,4,9,1,170000,1,1,1.0,1,291969.2,172932.0,462.0,6885.0,27445.09,119355.0,46.0,4,23876.0,49747.84,29139.0,1,8,17971.0,52673.0,92021.0,8,103,58236.0,Y,1267.37,current,M,30,MEDIUM,2.0,10,243.0,1,5.0
5372,4989,9852.0,11040.91,1567.62,8642.51,3759.0,3997.0,3111.0,12.0,11,23,1,18,10,525000,1,1,1.0,1,36368.7,15300.0,12016.0,12415.0,34871.0,27015.0,20.0,36,19513.0,282693.12,125650.0,6,8,58710.0,32233.54,28369.0,47,25,162271.0,Y,2421.87,current,M,56,MEDIUM,10.8,8,503.0,1,12.0
5373,17580,14607.0,3839.0,8894.43,26215.71,9617.15,16121.0,758.0,44.0,20,82,1,2,98,390000,1,1,1.0,1,270.0,82907.34,15477.0,-4679.0,10257.25,58987.61,62.0,14,17978.0,15272.0,53226.0,9,50,37473.0,11089.0,124559.76,40,3,59977.0,Y,3970.13,current,M,33,MEDIUM,7.800000000000001,6,330.0,1,8.0
5374,5264,10200.0,91834.36,6416.0,6113.52,15163.23,15336.0,17167.0,2.0,66,5,50,15,42,461000,1,1,1.0,1,1482778.95,96096.0,14904.0,-5998.43994,10279.0,192533.05,4.0,55,24978.33,36223.02,15638.93,9,8,90033.0,50150.27,49979.0,4,28,35228.0,Y,7607.23,current,M,46,LOW,7.800000000000001,9,486.0,1,19.0
5375,15554,18070.0,15840.6,988.0,989.93,70209.0,1655.14,3877.52,10.0,99,2,62,20,80,147000,1,1,1.0,1,70310.6,429273.4,23500.0,4150.0,130814.98,9110.0,39.0,3,17280.0,82980.05,43662.0,3,42,45989.0,443003.46,174946.0,3,113,19169.0,Y,1518.06,current,M,29,MEDIUM,7.2,1,725.0,0,18.0
5376,9987,3660.0,42066.36,3503.05,2765.0,2930.0,23581.0,389.0,7.0,3,49,1,44,13,147000,1,1,1.0,1,33784.35,536874.6,492.0,-4664.0,14630.71,1466.0,10.0,19,52279.0,32804.35,18852.0,45,70,83908.0,14466.31,38261.0,6,35,41028.0,Y,7433.92,current,M,34,MEDIUM,4.2,2,771.0,1,16.0
5377,13269,1567.0,26949.04,10078.0,3097.93,21837.56,3307.0,1113.0,63.0,3,84,47,46,1,519000,1,1,1.0,1,48675.31,162288.3,610000.0,5340.0,24805.01,12002.0,46.0,2,36730.0,29346.75,86100.0,2,8,29149.0,209316.81,216.0,2,113,105122.0,Y,256.58,current,M,38,MEDIUM,9.0,10,743.0,0,13.0
5378,11277,9317.0,2747.25,4225.0,7790.4,4588.0,3273.52,4461.0,19.0,99,135,1,51,1,138000,1,1,1.0,1,566914.0,1187335.5,30000.0,-6885.0,16810.87,21821.0,40.0,4,19531.0,81710.7,93786.0,2,20,27320.0,142442.48,111034.0,3,15,39739.0,Y,53660.69,current,M,37,MEDIUM,6.800000000000001,9,799.0,1,8.0
5379,8577,128704.0,16379.78,1140.0,50565.11,6945.87,6710.0,411.0,66.0,19,18,6,16,3,431000,1,1,1.0,1,13140.0,15036.0,19176.0,5773.0,155836.02,15121.0,90.0,55,475000.0,18776.0,36334.99,0,82,1043.76,28270.05,32461.0,7,50,157687.0,Y,7229.19,current,M,33,MEDIUM,9.1,3,653.0,0,16.0
5380,11460,124945.0,15717.93,9190.0,1887.0,329.0,41584.44,630.0,26.0,10,50,44,25,34,350000,1,1,1.0,1,250631.8,64491.0,19400.0,-5942.0,98325.96,25486.0,46.0,2,147194.0,35856.74,36057.0,43,12,20581.0,652712.77,7652.0,15,50,42537.88,Y,257.21,current,M,36,MEDIUM,12.8,8,958.0,1,7.0
5381,13734,298147.0,24710.37,2076.5,15632.44,10612.24,3435.655,246.0,1.0,66,72,7,16,1,47000,1,1,1.0,1,4140.0,13299.0,49000.0,3897.0,116169.82,81321.0,42.0,5,39471.0,2627.0,60086.0,1,82,144270.0,34502.03,35407.0,4,22,1613.0,Y,2724.55,current,F,33,LOW,9.1,2,488.0,0,10.0
5382,17041,292908.0,2610.65,13904.0,15877.76,12917.35,8711.0,1247.43,4.0,30,13,3,20,98,45000,1,1,1.0,1,20049.0,62606.0,230000.0,-5998.43994,76600.61,30330.0,70.0,3,16549.0,30600.13,30216.79,12,12,133932.0,38431.0,30520.0,5,113,490938.0,Y,1893.92,current,F,30,LOW,1.0,5,244.0,1,16.0
5383,5183,10121.0,18180.0,6129.47,8697.04,152.1,1406.0,1238.0,26.0,10,64,30,3,98,44000,1,1,1.0,1,117168.65,86666.06,30000.0,12415.0,22382.5,83593.0,147.0,5,69009.0,24439.4,62347.74,43,81,28471.0,65514.25,66347.0,47,58,26647.0,Y,4037.92,current,M,47,MEDIUM,27.0,3,710.0,1,5.0
5384,3146,15357.0,12025.0,4950.77,48802.77,1157.0,37139.5,31440.88,12.0,71,49,57,1,67,58000,1,1,1.0,1,9118.35,117890.0,130000.0,6916.0,27966.61,42726.0,12.0,4,22138.0,15772.4,101343.0,2,7,27884.0,5865.5,14323.0,2,7,97980.0,Y,757.43,current,F,39,LOW,5.7,5,249.0,1,19.0
5385,11970,223378.0,21368.87,2948.84,32301.88,3692.0,36671.0,4080.0,10.0,85,50,2,24,3,340000,1,1,1.0,1,4120.0,11982.0,643.0,-5998.43994,29948.98,98108.0,41.0,13,78681.0,49488.51,179513.0,2,13,18875.0,725787.06,95476.39,12,58,28676.0,Y,4575.16,current,M,33,MEDIUM,9.1,8,639.0,1,17.0
5386,5885,13866.0,1248.0,1103.8,41009.44,319.0,3377.0,15273.0,44.0,84,1,1,3,2,116000,1,1,1.0,1,6.164,25404.0,50000.0,0.0,61564.75,32785.0,90.0,4,44303.0,22093.59,21274.14,6,30,29655.0,145511.35,34793.0,11,104,41692.0,Y,4162.37,current,M,39,MEDIUM,9.5,6,799.0,0,6.0
5387,3869,5821.0,87693.39,665.0,1707.0,1423.0,1678.0,1401.0,24.0,7,44,17,56,4,47000,1,1,1.0,1,1399.9,20098.0,13873.0,12174.0,26141.0,33921.0,16.0,3,78577.0,28550.9,34948.5,2,7,13001.0,162402.26,112179.0,5,73,5835.0,Y,1065.11,current,M,46,MEDIUM,7.800000000000001,8,802.0,0,8.0
5388,10601,14329.0,38439.19,8615.96,21118.5,1733.86,14969.0,1826.0,5.0,2,44,17,15,17,66000,1,1,1.0,1,3540.55,187788.1,25000.0,5340.0,99432.97,53066.75,42.0,4,63077.0,38100.83,187741.0,2,81,19320.0,46292.7,17746.0,14,32,3386.0,Y,3112.71,current,M,53,MEDIUM,6.6000000000000005,5,801.0,0,19.0
5389,8430,5153.0,115265.55,33761.8,1360.48,13856.24,2017.0,4985.0,28.0,10,67,1,1,56,366000,1,1,1.0,1,120285.0,186474.96,2156.0,12415.0,22138.0,44997.0,5.0,3,59992.0,32381.45,26821.0,1,30,23953.0,11378.5,59714.5,5,10,42065.0,Y,3072.74,current,M,33,MEDIUM,6.5,3,762.0,1,18.0
5390,15810,15511.0,112278.84,11033.51,35853.59,5282.0,6803.01,1486.0,6.0,22,5,8,2,67,505000,1,1,1.0,1,225823.8,1163405.86,80000.0,1429.0,6760.25,28672.16,11.0,55,23720.0,60310.2,78997.0,3,7,28484.0,96423.79,720.0,8,49,66758.0,Y,1819.91,saving,F,36,LOW,6.4,3,274.0,1,12.0
5391,19968,18102.0,5316.76,6408.41,35936.51,21107.0,1621.59,6084.8,10.0,84,20,45,2,44,660000,1,1,1.0,1,1665.0,197800.0,11545.0,5340.0,114946.97,11049.82,20.0,36,27704.0,30138.93,3117.0,1,108,20767.0,11488.0,2039.0,4,24,58288.44,Y,12141.35,current,F,33,MEDIUM,9.1,10,866.0,0,13.0
5392,10431,215.0,9251.0,8087.0,5942.95,418.0,10298.0,3384.41,29.0,84,49,4,27,80,68250,1,1,1.0,1,1482778.95,88482.8,1630.0,5464.0,203522.93,49136.5,69.0,1,48299.0,22416.89,151641.5,2,8,83351.0,34004.63,65500.0,14,12,388145.0,Y,1202.27,current,M,118,MEDIUM,49.0,4,366.0,1,2.0
5393,4679,183393.0,18612.75,2472.15,1389.54,8121.0,4561.19,3559.0,50.0,14,23,10,1,6,302000,1,1,1.0,1,52506.0,95081.0,3792.0,17080.0,47154.25,33373.0,24.0,7,43743.0,47484.14,192887.0,6,108,34820.0,61223.07,30357.0,6,64,18291.0,Y,541.55,current,M,34,LOW,1.4000000000000001,4,974.0,1,17.0
5394,12363,19651.0,19676.84,284.0,31714.48,1490.0,1824.0,40907.0,23.0,10,6,8,3,11,256000,1,1,1.0,1,360978.37,33700.0,12560.0,-4679.0,23672.76,53097.0,40.0,3,26852.0,208008.0,87799.0,3,42,16055.0,51224.66,4502.0,11,14,106342.49,Y,11840.42,current,M,28,MEDIUM,8.0,8,855.0,0,10.0
5395,9462,27966.0,13463.0,16685.96,70456.0,3764.27,8525.385,4461.0,57.0,16,4,10,18,37,845000,1,1,1.0,1,54860.05,25404.0,130000.0,-12179.0,8771.41,3819581.0,48.0,3,52279.0,61493.94,12677.0,9,20,16436.0,2446.2,23291.0,5,36,26224.0,Y,16447.45,current,M,66,MEDIUM,13.8,10,355.0,0,8.0
5396,2313,38788.0,40178.44,643.85,4969.64,1519.47,7044.305,1113.0,6.0,47,110,1,3,42,373000,1,1,1.0,1,81872.65,120541.0,25524.0,12299.0,122177.48,89830.0,87.0,3,52393.0,44107.0,117384.0,2,36,20966.0,12988.48,109976.29,6,3,26527.0,Y,1461.87,current,M,62,MEDIUM,29.400000000000002,6,805.0,1,19.0
5397,9424,452.0,9867.21,14015.4,3184.14,9710.32,11098.0,2195.0,16.0,22,84,1,6,98,199999,1,1,1.0,1,3380.0,429273.4,51520.0,553.0,72817.18,19739.0,2.0,4,27016.0,45450.84,20106.0,50,67,19792.0,240404.96,45937.0,5,83,305.0,Y,2932.38,saving,M,58,MEDIUM,15.200000000000001,6,249.0,1,17.0
5398,18235,5568.0,7299.1,16851.63,11806.0,1169.2,20139.0,5300.0,6.0,18,74,1,3,39,429000,1,1,1.0,1,12.19,138475.4,12016.0,2351.0,65015.25,32050.41,4.0,4,12057.87,41151.0,305.39,6,12,247558.0,25127.34,17746.0,93,21,43220.0,Y,7997.38,saving,M,223,HIGH,142.1,3,620.0,1,3.0
5399,14089,18129.0,2619.0,3016.0,4267.99,10317.0,2872.225,9682.44,124.0,99,13,19,3,5,345000,1,1,1.0,1,46923.0,49298.99,550.0,4889.0,29383.02,106522.74,29.0,2,176879.0,104772.5,49410.37,3,8,17450.0,32498.62,40145.0,7,14,226905.0,Y,946.22,current,M,58,MEDIUM,19.0,4,708.0,1,11.0
5400,8681,1548.0,10848.58,3422.0,30284.29,5364.85,11539.475,9092.0,14.0,66,50,47,17,8,49999,1,1,1.0,1,977377.25,14000.0,20887.0,6613.0,188752.87,10785.0,4.0,26,35477.0,82024.14,6167.0,1,84,33720.0,86610.1,23347.0,22,8,14563.0,Y,4644.5,current,M,27,LOW,3.5,2,799.0,1,14.0
5401,11812,19925.0,17971.0,9647.57,97853.0,15724.72,302751.41,1480.0,10.0,7,9,4,5,2,483000,1,1,1.0,1,68640.0,1030000.0,1446.0,0.0,7469.54,31746.0,42.0,2,88931.0,135943.48,102522.0,1,67,26163.5,37230.29,140997.04,12,104,72980.0,Y,4329.03,current,M,34,LOW,7.0,6,355.0,1,18.0
5402,12615,20315.0,21819.59,2489.86,6112.08,359.86,990.0,2282.0,8.0,27,50,1,21,1,155000,1,1,1.0,1,1831780.84,93.35,51520.0,6885.0,93187.38,52940.64,147.0,3,33759.0,88620.36,6094.0,5,24,19898.0,197191.0,62131.0,21,21,21318.0,Y,1174.41,current,M,37,MEDIUM,11.9,6,314.0,1,19.0
5403,597,15569.0,57531.67,2506.0,3526.99,865.0,1768.38,13402.0,5.0,29,87,3,18,1,599000,1,1,1.0,1,5215.0,187788.1,96558.0,2000.0,502.0,16543.0,55.0,7,28974.0,102087.88,15894.0,9,20,31725.0,88315.7,29238.0,47,100,15666.0,Y,1112.62,current,M,32,LOW,12.0,5,700.0,1,12.0
5404,3126,4320.0,3498.9,3349.18,3929.74,4636.52,14497.54,1876.0,4.0,20,44,53,5,2,47000,1,1,1.0,1,3549.85,537476.4,2644.0,6409.0,16747.88,85914.6,4.0,1,37083.0,19722.85,120421.0,3,8,10615.0,61674.44,190402.0,2,58,6400.0,Y,33.88,current,M,60,MEDIUM,36.0,9,867.0,1,19.0
5405,4017,19351.0,8012.16,15261.0,1442.53,1615.0,1039.0,877.0,19.0,22,64,3,2,1,402000,1,1,1.0,1,2.13,470000.0,12337.0,-6281.37987999999,30420.74,7484.0,4.0,15,8604.0,252273.29,79388.9,5,1,21871.0,77012.22,53469.0,5,15,32666.0,Y,10020.93,saving,M,36,LOW,8.0,5,595.0,1,10.0
5406,9334,7471.0,6115.15,16462.0,27778.32,2430.77,2303.0,4565.27,1.0,8,3,62,18,16,47000,1,1,1.0,1,61186.36,462011.1,15477.0,1500.0,32970.64,75345.0,3.0,6,31377.0,20635.0,112522.4,2,40,41140.0,297444.0,683.0,4,11,10875.0,Y,15221.31,current,M,50,MEDIUM,9.0,9,464.0,0,12.0
5407,19054,325255.0,8911.75,2448.0,36031.35,3757.0,6509.0,33525.02,531.0,10,16,3,3,26,359000,1,1,1.0,1,474401.25,24703.0,22000.0,5773.0,15880.75,3085.0,32.0,4,15458.0,110070.0,60813.0,4,16,32354.0,127378.67,42135.0,7,73,18078.0,Y,14039.42,current,M,40,LOW,8.0,6,867.0,0,5.0
5408,8903,173.0,28558.25,255.0,1976.5,3516.0,6257.25,1080.0,1.0,26,72,1,27,6,155000,1,1,1.0,1,61186.36,53749.0,787.0,-5998.43994,14723.77,14666.0,94.0,3,18687.0,263711.06,9847.0,6,171,41265.0,186773.76,32291.0,3,38,1450.0,Y,1356.02,current,M,40,MEDIUM,2.0,9,355.0,1,12.0
5409,17607,12249.0,57505.0,7177.5,18884.78,13090.0,1244.3,293.0,7.0,37,5,41,18,42,567000,1,1,1.0,1,31454.1,18300.0,2156.0,-3506.17993,35793.29,150048.0,42.0,36,9321.0,57913.57,43062.0,1,70,31802.0,50328.04,43345.0,9,11,16436.0,Y,441.96,current,F,35,MEDIUM,15.0,7,243.0,1,10.0
5410,6561,16896.0,8424.62,1216.0,16251.37,1204.0,12487.0,9812.0,2.0,22,67,41,2,13,84000,1,1,1.0,1,9118.35,54395.0,13873.0,-5715.49022999999,333.75,30058.0,12.0,36,158424.0,10957.0,15032.4,2,13,158430.0,80479.75,52075.0,7,12,193.0,Y,1694.71,current,M,25,LOW,2.5,8,269.0,1,16.0
5411,18586,128075.0,42209.8,7487.0,12405.0,61083.0,9225.0,4274.0,3.0,42,11,1,27,47,47000,1,1,1.0,1,1502126.3,77965.0,8060.0,6885.0,34664.0,30067.0,90.0,36,55600.0,32112.0,17961.0,3,7,32803.0,69483.89,112213.0,7,76,26095.0,Y,3364.53,saving,M,29,MEDIUM,4.5,1,374.0,1,17.0
5412,12552,6933.0,18363.0,7696.0,2319.01,362.59,11391.34,3122.0,80.0,9,7,60,7,5,87000,1,1,1.0,1,8758.2,66.0,12000.0,0.0,17952.92,8928.0,84.0,7,25.88,31867.06,20359.5,3,25,25491.0,22886.08,18667.0,4,12,47445.0,Y,3731.12,current,M,32,LOW,4.800000000000001,10,606.0,0,16.0
5413,1170,96718.0,23963.27,6794.3,644.0,10525.0,2576.4,4709.0,57.0,30,44,3,1,55,87000,1,1,1.0,1,11073.0,1372927.14,96558.0,1332.0,24140.67,185886.51,82.0,6,43792.81,29833.77,12615.0,50,81,17418.0,47432.73,27320.0,62,104,24914.0,Y,4800.0,current,M,51,HIGH,12.4,4,771.0,1,9.0
5414,17564,30.0,13078.99,4677.0,6378.85,4635.85,2773.52,1109.58,4.0,23,16,8,1,17,525000,1,1,1.0,1,60050.0,108145.0,3570.0,0.0,103616.0,116182.18,55.0,0,7012.0,33850.03,152252.0,2,18,118316.57,262524.44,21329.0,14,15,173046.0,Y,4709.12,current,M,28,HIGH,2.4000000000000004,8,883.0,1,7.0
5415,13827,10225.0,1056.0,5529.96,1187.42,911223.49,28200.0,15959.0,43.0,77,5,3,5,64,373000,1,1,1.0,1,61186.36,218670.0,2156.0,19765.0,36113.17,262395.0,8.0,1,33700.0,99142.64,17606.0,7,11,16279.0,97574.11,5264.0,9,8,4430.0,Y,9083.66,current,M,27,LOW,2.1,2,937.0,1,14.0
5416,4510,293850.0,2965.0,10704.0,17426.68,4640.0,41344.44,30206.0,9.0,10,10,1,44,6,256000,1,1,1.0,1,137260.8,88482.8,148474.0,6885.0,20326.5,16567.5,52.0,11,21086.0,51553.0,32718.0,42,14,23807.0,5735.0,15292.0,4,103,26333.0,Y,1040.65,saving,M,66,MEDIUM,36.800000000000004,3,626.0,1,16.0
5417,6108,6473.0,28218.1,3060.35,28833.62,1646.0,2743.22,13580.0,7.0,8,61,8,18,2,359000,1,1,1.0,1,530797.35,51445.0,25639.0,1411.0,37802.9,17014.91,69.0,7,41209.0,59824.57,54292.85,1,6,26114.0,18520.76,13746.0,2,38,46416.0,Y,7127.99,current,M,62,MEDIUM,42.0,8,508.0,1,16.0
5418,2345,19495.0,16721.445,646.0,8013.12,6360.0,2486.0,4519.0,1.0,22,9,25,1,56,481000,1,1,1.0,1,11878.6,87578.0,583.0,2351.0,40135.75,34558.0,16.0,5,56224.0,21557.17,79724.0,43,8,290554.33,142115.61,2217.0,4,80,167888.0,Y,1447.79,saving,F,40,LOW,6.0,9,737.0,1,2.0
5419,5558,9248.0,9017.88,2195.0,19956.33,3740.0,7889.0,3753.0,100.0,47,59,1,14,1,199999,1,1,1.0,1,8209320.0,134000.0,4699.0,7478.0,45352.26,30696.0,18.0,3,19103.0,13444.03,6023.5,7,12,15642.0,30969.18,73532.79,94,8,28359.0,Y,3834.04,current,F,58,HIGH,11.4,7,620.0,1,13.0
5420,1817,17793.0,13195.61,1548.0,33092.1,5528.0,8128.5,16255.0,92.0,60,87,8,2,1,53000,1,1,1.0,1,1910215.0,76365.24,12000.0,-3506.17993,24115.06,20634.0,42.0,19,38067.0,29383.85,45084.0,4,5,141361.0,110768.04,44201.32,5,106,24700.0,Y,2010.71,current,M,47,MEDIUM,24.3,4,883.0,1,19.0
5421,17876,1093.0,82700.93,3129.0,3587.49,16999.17,1156.0,236.0,7.0,8,4,1,4,18,202500,1,1,1.0,1,127004.3,128314.74,33774.0,-5942.0,70278.25,22213.75,42.0,27,33022.0,17355.66,171.15,42,28,25626.0,5341.3,23577.76,12,13,31047.0,Y,3678.42,saving,M,35,HIGH,4.5,6,658.0,1,18.0
5422,11031,14536.0,7547.0,7645.6,5956.98,21538.0,2345.0,664.45,7.0,8,1,25,38,26,340000,1,1,1.0,1,14781.5,1631.11,492.0,6885.0,38301.53,63985.0,7.0,5,45874.0,118619.29,50142.0,43,11,30192.0,48467.42,29539.0,5,75,9784.0,Y,518.98,current,M,32,MEDIUM,9.600000000000001,1,736.0,1,12.0
5423,2483,16202.0,3611.5,10117.0,37316.29,9817.88,6131.945,911.68,14.0,30,64,2,7,4,402000,1,1,1.0,1,77855.0,32000.0,130000.0,-5439.0,99754.25,35437.0,69.0,36,18435.0,427532.95,26068.5,43,14,64989.0,60707.75,131292.0,6,113,60449.0,Y,12353.45,current,M,35,HIGH,13.5,2,539.0,1,15.0
5424,8909,10759.0,10998.18,767.0,15998.75,4783.08,3131.63,956.0,6.0,11,49,1,51,44,479000,1,1,1.0,1,15250.79,12971.0,57899.0,5340.0,65181.0,13795.0,42.0,2,33500.0,474292.08,120749.1,3,26,31214.0,62529.48,121174.75,3,6,31469.9,Y,10900.95,current,M,30,LOW,1.0,1,626.0,1,19.0
5425,14107,18824.0,6726.56,5909.01,3984.37,4550.92,15798.0,1315.0,5.0,30,87,1,1,8,366000,1,1,1.0,1,825.0,95000.0,51520.0,0.0,77488.59,158527.0,11.0,36,53894.0,22599.0,55016.86,1,5,12561.0,136079.31,16266.0,11,21,64368.0,Y,33797.53,current,M,47,LOW,5.4,1,736.0,1,5.0
5426,12267,2516.0,2038.55,693.5,15165.59,4045.0,7197.465,1916.8,7.0,7,3,30,5,98,49999,1,1,1.0,1,684495.7,165970.9,925.0,6260.0,14559.01,75741.0,11.0,5,25911.0,28505.27,27246.0,3,171,83351.0,74111.75,34510.0,49,42,50201.0,Y,6773.57,current,M,33,LOW,7.800000000000001,10,647.0,1,2.0
5427,17134,11708.0,1834.0,39559.0,12604.03,8212.0,1830.23,8934.0,8.0,9,14,4,12,17,429000,1,1,1.0,1,146931.8,917881.54,2156.0,2351.0,21100.0,17132.0,59.0,3,9126.0,23932.69,51243.97,19,23,38055.0,25485.82,923464.5,5,79,25986.0,Y,62629.97,current,M,30,MEDIUM,1.0,9,249.0,1,20.0
5428,1769,11396.0,41279.9,482.0,26080.97,54646.02,4561.19,1127.0,1.0,36,64,25,6,11,480000,1,1,1.0,1,3502.8,393982.1,787.0,2921.0,22060.75,88693.37,3.0,5,17527.0,4798.35,217190.5,2,20,23537.93,46541.19,483913.76,6,28,19824.0,Y,10900.95,current,M,32,LOW,9.600000000000001,2,249.0,1,7.0
5429,430,9621.0,17421.0,6598.0,19635.2,1108.0,7881.0,3176.0,7.0,27,44,8,1,80,100000,1,1,1.0,1,811000.0,39833.19,768.0,0.0,93611.78,157920.0,5.0,43,30000.0,20950.77,44118.38,2,20,5162.0,137594.14,21925.0,5,17,30180.0,Y,7013.96,current,M,40,MEDIUM,10.0,3,743.0,1,16.0
5430,391,4211.0,2227.84,956.0,5765.0,3366.0,27926.4,6117.0,44.0,32,6,39,36,17,190000,1,1,1.0,1,4323.0,93.35,3570.0,8362.0,23478.95,39190.5,70.0,3,16557.0,9906.34,63493.0,9,78,27824.0,60942.74,143773.11,19,15,137562.0,Y,16256.92,current,M,47,LOW,13.5,7,764.0,1,19.0
5431,3454,388372.0,10999.0,18730.92,28532.15,947.0,35061.95,6480.0,60.0,18,49,5,9,8,199999,1,1,1.0,1,262584.0,822659.0,50000.0,0.0,131627.62,49593.0,41.0,36,39935.0,191577.0,27208.0,5,6,12122.0,25502.05,77805.0,3,120,37066.0,Y,4339.49,current,M,44,HIGH,4.800000000000001,4,445.0,1,7.0
5432,14059,1523.0,9737.09,4135.15,9926.465,6438.89,4516.68,10079.9,10.0,17,5,23,6,8,524000,1,1,1.0,1,208710.8,134890.0,50000.0,0.0,169324.65,50744.0,77.0,1,69995.0,158598.05,75027.0,3,12,110128.0,46081.07,101145.5,6,50,26582.0,Y,5950.98,saving,M,32,HIGH,7.2,8,708.0,1,11.0
5433,15853,5141.0,11684.51,1236.0,4251.41,8203.0,16939.73,1910.6,2.0,3,6,30,27,4,170000,1,1,1.0,1,1900.0,76365.24,500718.0,7478.0,75561.0,24659.5,42.0,35,57630.0,24385.31,56153.0,3,46,28520.28,39248.57,93229.0,21,12,29070.0,Y,15802.68,current,M,66,MEDIUM,18.400000000000002,9,269.0,0,19.0
5434,11014,140200.0,18942.23,729.0,843.35,6178.25,6524.0,441.0,14.0,11,38,2,1,67,371000,1,1,1.0,1,54453.8,273221.0,496948.0,0.0,68261.4,813333.0,18.0,1,10837.0,39712.25,258176.37,43,59,7010.0,34502.03,37327.69,5,11,1500.0,Y,6723.55,current,F,35,MEDIUM,4.5,8,723.0,0,10.0
5435,18344,55331.0,11307.07,306.8,37227.89,22344.55,25338.0,26595.0,7.0,8,44,6,2,55,483000,1,1,1.0,1,166331.66,1372927.14,20089.0,4314.0,99170.2,106978.0,16.0,3,50368.94,184163.32,155241.0,20,59,10697.73,181184.37,107591.0,10,63,68192.0,Y,4152.97,current,F,27,MEDIUM,1.4000000000000001,6,300.0,1,2.0
5436,14611,39635.0,1088.06,13761.43,4327.6,422.96,16157.9,3663.34,531.0,5,10,2,4,86,302000,1,1,1.0,1,98543.96,229809.2,694.0,-5439.0,16107.8,17413.0,95.0,1,69562.0,23689.43,239794.11,2,70,44834.79,16269.96,42382.0,8,50,44118.0,Y,356.15,current,M,36,LOW,4.800000000000001,5,633.0,0,15.0
5437,17248,10193.0,16658.31,6391.0,13290.68,4328.04,15202.73,5773.0,104.0,128,29,1,1,17,383000,1,1,1.0,1,48675.31,12000.0,30000.0,3897.0,144.25,146225.0,16.0,2,119741.0,29639.0,16928.0,1,6,1070.0,176342.05,217490.77,3,104,70485.0,Y,1603.02,current,M,30,MEDIUM,3.0,8,882.0,1,7.0
5438,18801,97115.0,8629.15,5554.0,8327.55,23627.0,5750.8,10194.0,44.0,18,50,48,44,12,402000,1,1,1.0,1,40440.4,202560.0,130000.0,-5942.0,86062.75,53097.0,18.0,7,24076.0,86643.32,105373.0,0,2,34442.0,52134.91,40222.0,8,10,15478.0,Y,57.67,saving,M,37,MEDIUM,11.9,2,363.0,1,11.0
5439,1335,3387.0,12231.61,1822.24,3208.93,1486.78,29982.0,226.0,26.0,18,87,53,3,22,400000,1,1,1.0,1,1466675.0,221000.0,3975.0,20513.0,2145.34,47421.0,89.0,1,33150.0,15384.65,242211.0,9,81,20237.0,120035.54,62920.5,94,75,30928.0,Y,306.11,current,M,49,MEDIUM,11.600000000000001,8,855.0,1,6.0
5440,16956,140811.0,1415.0,73120.1,32272.18,4985.0,28309.01,8560.56,32.0,23,29,3,1,30,303000,1,1,1.0,1,9649.6,992890.32,766.0,3481.0,36395.39,63714.0,62.0,33,24872.0,52707.2,23154.0,5,20,23833.0,36451.96,60443.0,5,11,517.0,Y,6283.1,current,M,42,MEDIUM,13.200000000000001,1,957.0,1,11.0
5441,8318,27294.0,22858.68,3532.0,2381.08,8017.0,9547.0,2135.44,60.0,1,7,35,1,5,784000,1,1,1.0,1,78472.48,375000.0,12500.0,1500.0,41471.95,74046.0,11.0,7,11250.0,80935.17,27091.25,2,7,50050.0,62574.04,46375.0,6,32,35408.95,Y,2387.96,current,M,44,LOW,9.600000000000001,2,683.0,0,12.0
5442,12638,304951.0,1736.94,896.0,20916.74,496.06,4285.0,10750.97,56.0,66,14,8,9,98,505000,1,1,1.0,1,16317860.0,86666.06,13533.0,6916.0,42156.86,18284.0,39.0,5,38930.0,42254.5,100258.0,17,82,17356.0,173808.16,51599.0,5,63,31192.0,Y,3185.01,current,M,33,LOW,13.0,8,468.0,1,18.0
5443,11863,12342.0,8748.39,4491.5,2637.0,1886.0,5386.295,2351.0,12.0,7,50,18,2,13,52000,1,1,1.0,1,115818.74,64491.0,4367.0,5730.0,12950.25,120958.0,12.0,4,27661.0,34633.0,7687.0,4,2,33420.0,26928.0,62026.0,11,1,40450.0,Y,6655.9,current,M,33,LOW,3.9000000000000004,9,796.0,1,4.0
5444,13736,5393.0,5385.44,8243.4,12281.67,4588.0,2096.0,792.32,5.0,34,50,1,3,1,483000,1,1,1.0,1,0.35,262556.0,68000.0,3481.0,9782.92,109483.0,67.0,2,156535.0,15733.5,22965.0,43,104,33184.0,26590.26,38092.0,3,80,46343.0,Y,1534.3,current,M,27,MEDIUM,3.5,3,516.0,1,19.0
5445,14720,17807.0,10036.0,650.24,65405.07,359.86,7793.015,3033.36,37.0,22,74,5,45,13,10000,1,1,1.0,1,4839.6,118976.0,3570.0,1079.0,26114.36,85237.0,52.0,2,57845.0,44059.04,26238.0,3,42,17997.95,19583.5,477.0,7,58,20271.0,Y,10282.5,current,F,30,MEDIUM,2.0,1,867.0,0,15.0
5446,6467,11013.0,3008.0,34632.0,10853.25,3799.0,5488.805,5929.0,1.0,3,47,15,1,55,350000,1,1,1.0,1,233727.15,120000.0,155205.0,-4664.0,54325.59,48205.0,3.0,35,259170.0,285519.75,88213.82,2,78,30987.0,202830.47,26843.5,7,14,19000.33,Y,1324.97,current,M,27,MEDIUM,0.7000000000000001,3,626.0,1,4.0
5447,1933,396308.0,9814.26,8882.57,13217.5,3010.7,20961.0,5408.0,44.0,7,50,53,1,47,169000,1,1,1.0,1,24832.0,446457.0,3570.0,19765.0,82274.61,8265.0,94.0,4,33868.07,62707.46,142415.0,2,42,25057.0,4803.0,67919.0,3,1,21622.0,Y,2909.8,saving,M,58,MEDIUM,7.6000000000000005,9,640.0,1,6.0
5448,1103,181948.0,6317.0,1110.0,15836.0,1398.03,6217.0,5762.0,67.0,3,4,3,2,4,519000,1,1,1.0,1,1664.4,253000.0,800.0,-6335.0,120524.85,33860.0,18.0,7,22305.0,19343.0,92489.0,43,13,19372.5,54812.07,53007.79,22,54,24768.0,Y,5574.32,current,M,35,LOW,4.5,2,395.0,1,12.0
5449,18412,19893.0,3203.15,914.4,2860.66,39467.74,142675.38,4139.0,531.0,99,74,23,6,30,156000,1,1,1.0,1,238733.0,93.35,3792.0,14509.0,538261.91,29018.0,11.0,1,32035.61,24526.18,26587.0,4,49,95004.0,465.76,13114.25,47,42,17978.0,Y,7958.53,current,M,53,MEDIUM,3.3000000000000003,8,486.0,1,2.0
5450,4459,18946.0,9126.89,5234.05,11627.34,19444.11,20707.805,2987.61,5.0,6,4,1,2,1,461000,1,1,1.0,1,8745.3,1475000.0,34550.0,1931.0,16348.25,63160.0,52.0,23,17335.0,13251.5,38528.0,5,59,21060.0,141593.19,241850.09,6,103,41454.0,Y,2876.85,current,M,60,LOW,40.0,2,247.0,1,4.0
5451,11941,16855.0,6578.03,11903.55,1788.5,7331.0,3966.0,4947.95,15.0,2,44,5,55,16,27000,1,1,1.0,1,568.8,121927.8,3850.0,5730.0,21202.16,85185.0,41.0,5,63861.44,33952.65,50682.34,5,59,48551.0,10089.0,52.0,3,38,250.0,Y,6693.09,current,M,32,LOW,3.6,2,928.0,1,5.0
5452,1922,3018.0,1583.92,8767.04,1488.0,3464.0,16100.42,2001.0,7.0,23,29,53,55,16,167000,1,1,1.0,1,233727.15,202560.0,1209.0,5730.0,1661.0,32296.0,7.0,1,26367.0,95016.44,45208.0,2,25,13543.0,60920.27,84305.42,11,57,75057.0,Y,1942.35,current,F,53,HIGH,26.400000000000002,10,911.0,1,10.0
5453,4024,17757.0,9323.75,2171.0,7243.83,310.68,4088.0,1959.08,10.0,71,50,57,3,1,28000,1,1,1.0,1,22086.05,64491.0,183999.0,0.0,80734.86,23127.0,1.0,4,20480.0,4147.0,10986.0,23,8,35217.0,19868.39,40454.5,4,3,17400.0,Y,86.8,current,M,49,MEDIUM,11.600000000000001,10,508.0,1,12.0
5454,10299,1699.0,30667.0,2959.0,2371.0,9882.2,1947.22,1914.0,3.0,23,44,3,3,56,169000,1,1,1.0,1,25976.2,390700.0,28912.0,-5439.0,31359.13,120835.66,20.0,0,9368.0,64305.89,27644.0,3,5,71616.0,184521.37,39657.0,2,3,10510.0,Y,17489.19,current,M,42,LOW,8.8,1,374.0,1,16.0
5455,121,7993.0,27398.0,9999.03,2681.36,7201.4,19398.0,197.0,4.0,26,2,4,9,34,272000,1,1,1.0,1,13180.0,399.09,4458.0,1079.0,112819.66,115958.2,16.0,3,11511.0,126076.14,55255.0,0,44,131680.61,36941.83,180902.0,10,12,63358.48,Y,18198.28,current,M,33,MEDIUM,6.5,8,796.0,0,12.0
5456,11786,9977.0,9319.01,6852.0,4465.44,671.0,5341.0,1102.92,17.0,18,89,3,56,67,287000,1,1,1.0,1,456.1,15000.0,22000.0,-3506.17993,77439.24,80668.09,42.0,2,59078.0,73867.16,40177.0,2,26,53897.0,38792.97,26394.0,21,12,15054.1,Y,10003.87,current,M,28,MEDIUM,5.6000000000000005,9,330.0,1,14.0
5457,15959,15798.0,7040.0,645.4,11095.72,3182.0,5995.0,9928.8,3.0,71,1,1,1,55,564000,1,1,1.0,1,28844.0,105000.0,925.0,2921.0,32424.0,18563.0,4.0,36,53549.0,54367.0,23336.5,31,46,65538.0,7723.05,176423.83,12,65,67045.0,Y,3192.17,current,M,63,MEDIUM,25.8,4,445.0,0,7.0
5458,13446,9256.0,8335.61,219.0,2033.0,1131.23,12499.0,9289.55,60.0,71,6,53,27,3,45000,1,1,1.0,1,20747.5,16375.0,49975.0,8362.0,125818.3,44312.0,4.0,2,33868.07,16637.21,39731.0,3,25,32944.0,59825.45,43187.0,41,96,30753.0,Y,6236.79,current,M,66,MEDIUM,9.200000000000001,5,653.0,0,4.0
5459,11116,10987.0,33257.84,4340.54,61103.0,4585.19,1395.62,2075.57,12.0,3,74,2,23,11,461000,1,1,1.0,1,156875.0,39833.19,2214.0,1444.0,75616.65,95285.0,8.0,36,42201.0,27269.14,48641.0,45,25,11562.0,5938.93,43548.0,2,14,19356.0,Y,4037.92,current,M,38,LOW,10.8,5,700.0,0,14.0
5460,8224,15688.0,7774.8,4827.0,2831.0,9085.0,28998.01,209.0,66.0,56,13,5,4,70,520000,1,1,1.0,1,140291.6,132324.01,57899.0,977.0,36271.11,37388.87,11.0,36,19110.0,18777.48,16685.0,3,5,42265.0,51145.96,29509.5,94,38,23143.0,Y,26653.79,current,M,66,MEDIUM,13.8,9,123.0,1,20.0
5461,18367,20025.0,8504.99,33319.9,22301.77,1072.0,492.48,4216.0,26.0,42,4,50,5,56,256000,1,1,1.0,1,111.0,154121.9,24094.0,-5998.43994,57862.0,81319.0,147.0,30,90350.0,38485.74,40460.86,43,24,23807.0,71400.75,11477.0,11,68,141318.0,Y,12407.87,current,M,32,MEDIUM,9.600000000000001,8,653.0,0,20.0
5462,9323,15868.0,1226.0,1756.59,1475.85,2837.25,15931.6,937.0,60.0,1,50,24,4,42,155000,1,1,1.0,1,59703.93,86000.0,18257.0,5464.0,31621.75,10066.0,55.0,33,1385090.0,14296.08,24670.0,3,108,25898.0,76101.75,46757.0,4,50,26645.0,Y,7842.77,current,F,44,LOW,21.6,8,867.0,1,11.0
5463,16400,304846.0,167434.74,8525.0,20499.76,1460.0,7540.0,2946.0,2.0,30,4,2,5,30,556000,1,1,1.0,1,516.8,194099.3,610000.0,0.0,160031.12,61314.42,20.0,4,234297.0,63367.5,23306.0,1,13,38546.0,140108.1,37177.0,36,37,34170.0,Y,12980.68,current,M,56,MEDIUM,10.8,9,883.0,1,2.0
5464,16369,777.0,64681.69,1042.0,6062.6,6886.38,1956.2,816.0,6.0,18,112,3,9,56,58000,1,1,1.0,1,5045.13,8000.0,28985.0,5730.0,95703.0,129106.86,147.0,1,900.0,24823.09,11262.0,6,12,44880.0,55317.09,9243.0,21,32,468114.0,Y,33797.53,current,M,62,MEDIUM,33.6,1,503.0,1,10.0
5465,11604,19387.0,1106.5,5529.0,2709.0,10575.06,3500.025,4777.0,28.0,93,67,3,1,1,390000,1,1,1.0,1,154363.25,3.0,19400.0,-6885.0,62493.47,45695.0,3.0,1,33300.0,197136.98,101191.0,50,4,10527.0,39051.75,41948.0,6,27,22040.0,Y,3234.36,current,M,67,LOW,9.4,6,628.0,1,19.0
5466,3805,6982.0,1675.0,4771.0,17892.36,420.0,6257.0,1914.0,7.0,128,102,2,56,26,296000,1,1,1.0,1,47.45,94.05,1633.0,903.0,24354.5,70127.38,43.0,0,73958.0,27871.0,378381.0,47,63,120.34,36670.88,45153.0,94,7,588.0,Y,2202.55,current,M,62,MEDIUM,37.800000000000004,1,506.0,1,7.0
5467,8431,11125.0,10329.0,6674.8,4402.0,6045.75,1189.0,3390.0,24.0,47,50,47,25,67,304000,1,1,1.0,1,3247.5,399.09,1526.0,7478.0,22104.12,18972.0,18.0,5,38632.0,26543.67,152706.31,8,36,21333.0,60208.0,34950.09,3,42,99798.0,Y,3865.03,current,M,38,MEDIUM,9.0,8,536.0,0,11.0
5468,4065,5157.0,6651.5,1289.0,3429.92,24364.0,1247.0,1158.0,44.0,10,67,5,2,4,447000,1,1,1.0,1,199690.5,257406.7,579.0,0.0,113655.27,26127.0,7.0,26,16285.0,52503.49,66226.5,43,9,20879.0,32868.46,668.0,94,50,53524.0,Y,5064.66,current,M,42,LOW,15.4,2,956.0,1,7.0
5469,3400,19459.0,7665.5,15927.0,22717.23,3875.0,11075.0,8672.0,92.0,66,30,22,38,2,221000,1,1,1.0,1,61186.36,82907.34,8764.0,-12179.0,74175.59,10265.0,7.0,4,134250.0,212634.99,155219.0,4,20,29043.06,116916.57,36082.0,16,58,27751.0,Y,672.41,current,M,35,MEDIUM,12.0,4,351.0,1,4.0
5470,7005,14963.0,16249.79,11771.1,10853.25,1204.0,10835.17,3700.0,60.0,37,30,44,2,2,461000,1,1,1.0,1,6558.8,369448.8,300500.0,5730.0,42659.35,4237.0,11.0,0,20934.0,43666.5,24383.0,1,82,34295.0,43872.48,180.0,4,18,14096.0,Y,4285.71,saving,M,28,MEDIUM,3.2,6,626.0,1,2.0
5471,11663,18271.0,14447.34,6580.0,5572.36,5297.04,40161.27,5441.0,1.0,6,44,2,1,47,525000,1,1,1.0,1,1215.0,7194.0,891.0,6441.0,74419.54,71084.0,35.0,6,35150.0,71610.89,235234.97,1,20,141000.0,8845.55,22217.0,21,52,19947.0,Y,5277.14,saving,M,33,MEDIUM,2.6,2,300.0,1,2.0
5472,4402,15426.0,16864.58,387.93,19600.85,2612.0,204.0,7697.0,6.0,3,16,2,1,5,358000,1,1,1.0,1,13643.8,242827.0,230000.0,3735.0,121262.08,89184.2,2.0,3,59186.0,48723.0,29350.5,5,8,2689.0,100933.3,34120.0,40,1,490938.0,Y,5175.29,current,M,29,LOW,9.0,4,966.0,0,20.0
5473,10546,15137.0,5675.0,22067.05,9799.99,5516.43,22273.0,4214.88,12.0,23,44,20,11,34,147000,1,1,1.0,1,213557.15,15036.0,2644.0,-5998.43994,7150.25,71436.0,69.0,26,145953.0,15221.88,75556.0,1,11,19669.0,46473.08,35679.0,1,36,15791.0,Y,12882.18,current,M,58,MEDIUM,15.200000000000001,1,123.0,1,16.0
5474,19424,87090.0,6654.07,12880.0,8702.09,7552.0,11761.67,28135.0,1.0,10,61,3,4,2,524000,1,1,1.0,1,48422.7,82907.34,6966.0,5340.0,7410.31,530660.0,103.0,1,146250.0,32419.65,943.0,2,82,54200.0,33090.79,33975.0,22,38,9721.0,Y,12958.36,current,M,34,LOW,7.0,9,485.0,1,5.0
5475,5184,6729.0,2222.98,7487.0,102854.0,3497.0,3233.0,6169.0,7.0,46,70,47,36,6,233000,1,1,1.0,1,11827.75,169779.0,25000.0,12965.0,46926.0,1051552.35,11.0,26,29175.0,9386.78,38249.0,70,171,560.0,117836.55,24841.0,6,7,69364.0,Y,940.3,current,M,33,MEDIUM,10.4,2,708.0,0,13.0
5476,5363,14753.0,94673.52,9282.69,2104.0,1953.0,5668.0,80603.0,2.0,29,13,4,31,2,330000,1,1,1.0,1,115818.74,7216.53,925.0,5730.0,13589.23,53797.41,90.0,30,43537.0,19321.26,301.48,70,108,1815.0,119493.17,105222.0,21,58,19391.0,Y,3395.94,current,M,58,MEDIUM,19.0,4,595.0,1,14.0
5477,8143,334444.0,7042.81,10557.0,4327.6,978.77,9830.0,1486.0,56.0,23,66,4,16,74,479000,1,1,1.0,1,39851.93,446457.0,8060.0,2351.0,21257.88,31347.84,52.0,4,74787.0,109082.7,42291.0,6,171,21430.0,81995.46,148447.96,10,32,48817.0,Y,6486.7,current,F,60,MEDIUM,40.0,5,245.0,0,11.0
5478,11128,5302.0,4678.87,2846.6,16382.3,8398.0,4796.11,2297.45,43.0,3,50,50,4,79,472000,1,1,1.0,1,77855.0,93.35,38599.0,-12179.0,26010.5,47782.0,67.0,1,25966.0,12791.0,52780.29,70,40,53897.0,89706.1,9256.0,16,25,33092.0,Y,2803.85,current,M,53,LOW,9.9,7,507.0,1,18.0
5479,8252,18788.0,25012.8,13206.31,2238.0,10317.0,8550.0,2338.0,6.0,9,2,1,1,80,326250,1,1,1.0,1,68908.5,1400000.0,23500.0,173.0,874981.43,4058.0,43.0,3,34001.0,76808.41,93905.18,3,6,16698.0,52134.91,44077.66,10,79,13786.81,Y,8980.45,current,F,44,HIGH,12.0,9,537.0,1,3.0
5480,10887,6566.0,26717.83,5916.0,2678.0,484.22,44141.32,17167.0,10.0,37,26,2,2,42,381000,1,1,1.0,1,8043.25,138475.4,19176.0,1500.0,18832.33,24733.0,4.0,1,29287.0,45606.44,187087.0,45,11,59632.0,147583.14,44777.0,62,3,251377.0,Y,2216.27,current,M,30,MEDIUM,2.0,6,614.0,0,3.0
5481,7279,345618.0,17061.54,4121.43,1917.0,2133.79,272.03,874.58,8.0,10,13,26,31,1,87000,1,1,1.0,1,384550.05,117890.0,68000.0,1500.0,30608.54,29782.93,42.0,35,18086.0,55234.1,20775.0,1,8,16306.0,2879.0,34849.0,4,8,18200.0,Y,3693.64,current,M,38,LOW,16.2,5,866.0,1,2.0
5482,3789,10208.0,1932.4,13760.0,5792.0,2286.46,1229.0,1287.0,19.0,2,60,24,3,2,204000,1,1,1.0,1,67833.35,118976.0,12337.0,2921.0,40476.16,52752.18,42.0,9,22817.0,2063.0,37363.0,23,171,79384.0,22523.75,50487.0,40,83,88095.3,Y,4706.28,current,M,33,LOW,6.5,2,505.0,1,3.0
5483,16668,218716.0,25299.53,1378.0,39498.0,5673.83,2003.0,3013.0,6.0,10,3,1,5,47,494000,1,1,1.0,1,1104223.35,30436.0,14754.0,8572.0,39069.91,262395.0,20.0,19,18757.0,17134.66,45474.08,3,69,33184.0,5660.61,383968.0,2,80,24559.0,Y,2800.93,saving,M,66,MEDIUM,13.8,6,723.0,1,10.0
5484,16392,12257.0,12385.43,7685.0,569.72,5331.24,16190.0,3663.34,101.0,23,44,3,21,44,660000,1,1,1.0,1,970271.35,201000.0,68000.0,12174.0,152165.25,63842.0,43.0,26,20553.0,61444.48,12400.0,2,81,38500.0,33892.42,32449.0,117,100,34254.0,Y,169.0,current,M,36,LOW,14.4,1,655.0,1,5.0
5485,11852,6770.0,5449.55,263.2,3037.0,1160.06,2925.0,1493.0,2.0,36,112,1,15,68,150000,1,1,1.0,1,16100.0,234459.4,13873.0,-6281.37987999999,80732.76,44489.04,68.0,2,18837.0,57227.27,66452.36,7,86,20891.0,179043.75,73289.99,38,24,75326.0,Y,5826.01,current,M,28,MEDIUM,3.2,8,809.0,1,2.0
5486,4779,4709.0,3555.08,8190.92,4223.0,3384.01,5352.895,7644.68,10.0,10,9,5,26,98,47000,1,1,1.0,1,5809950.0,267421.4,155205.0,886.0,131116.49,216770.95,18.0,5,81099.0,29456.65,4768.0,5,25,83134.0,60832.6,62308.29,2,57,34309.0,Y,0.0,current,M,66,MEDIUM,9.200000000000001,1,537.0,1,19.0
5487,4152,765.0,5760.0,505.0,8308.9,2462.98,7700.64,525.0,6.0,19,89,60,27,17,523000,1,1,1.0,1,168265.55,93.35,908.0,2000.0,340667.5,38174.0,36.0,1,27227.0,27942.0,33102.0,5,7,86324.75,26072.62,4499.0,36,18,793.0,Y,1144.92,current,M,47,MEDIUM,21.6,5,656.0,1,20.0
5488,2872,15828.0,16249.79,625.0,3059.44,2078.34,7199.0,9530.01,3.0,26,2,1,1,1,327000,1,1,1.0,1,126303.7,135552.85,57899.0,3323.0,9266.58,73691.0,39.0,2,94460.54,15575.99,13002.0,35,29,83821.0,23928.75,36803.0,5,104,22451.0,Y,193466.5,current,M,33,MEDIUM,2.6,10,538.0,1,5.0
5489,1522,9944.0,13091.92,2249.0,3828.92,32349.05,13498.08,1295.0,7.0,34,87,4,3,2,46000,1,1,1.0,1,604365.0,194099.3,2158.0,20513.0,28017.33,261547.44,43.0,3,24616.45,68413.0,139347.0,2,24,35604.0,66710.79,22529.0,36,106,25485.0,Y,898.29,current,M,34,MEDIUM,11.200000000000001,9,249.0,0,12.0
5490,1395,16700.0,2924.0,16020.0,6339.39,2903.75,6729.0,1401.0,6.0,2,64,42,3,9,367000,1,1,1.0,1,138272.2,25404.0,300500.0,10455.0,35535.0,31199.0,69.0,1,24214.0,1280.15,545428.46,4,34,7384.0,66695.85,28369.0,49,61,85842.0,Y,9454.14,current,M,66,MEDIUM,18.400000000000002,10,683.0,1,11.0
5491,12484,16553.0,7972.52,1121.0,14123.4,411.0,2421.49,4342.0,17.0,10,72,49,37,13,579000,1,1,1.0,1,81872.65,30453.0,2841.0,6885.0,44422.03,71377.78,16.0,7,17140.0,13937.34,19584.0,9,8,35443.0,17739.01,64181.0,3,57,39883.0,Y,559.23,current,M,32,LOW,6.0,7,485.0,1,10.0
5492,16754,8369.0,15563.75,6942.0,11821.65,4031.0,63507.94,3332.0,12.0,26,60,1,14,2,462000,1,1,1.0,1,825.0,1372927.14,583.0,12415.0,56029.97,115189.06,42.0,7,29909.54,140227.52,115075.0,4,17,15990.0,662676.87,60901.0,2,54,37842.0,Y,16545.28,current,M,35,MEDIUM,13.5,4,723.0,0,9.0
5493,10543,16094.0,1396.0,3214.0,6990.69,1790.0,45417.47,8175.0,44.0,47,18,1,2,54,567000,1,1,1.0,1,456.1,159415.3,2156.0,-5439.0,47870.14,11029.0,40.0,2,26465.0,38145.0,782321.0,1,46,94102.0,77692.34,53516.65,49,80,8.0,Y,4426.18,current,M,66,LOW,27.6,1,922.0,1,9.0
5494,5375,334899.0,2407.08,2693.0,1437.85,8980.91,7095.0,2935.0,10.0,84,50,2,1,13,400000,1,1,1.0,1,1424.5,15300.0,16114.0,1500.0,30105.25,98317.02,69.0,1,7130.0,51065.28,27875.0,6,16,14311.0,146466.84,29093.0,6,12,81722.0,Y,2301.72,current,M,53,MEDIUM,13.200000000000001,4,537.0,0,19.0
5495,10462,32043.0,4286.86,1628.0,5976.33,760.54,11406.0,468.0,100.0,7,23,57,3,42,397000,1,1,1.0,1,61761.4,185000.0,45000.0,5730.0,25049.25,64033.0,2.0,3,22480.0,23350.0,100588.36,3,42,22575.0,38371.04,105569.0,3,6,20271.0,Y,2578.6,saving,M,33,MEDIUM,2.6,8,653.0,1,7.0
5496,3618,20032.0,14100.0,5129.93,34271.78,2231.0,3049.42,1836.0,2.0,65,10,8,18,4,152000,1,1,1.0,1,2173459.0,94885.9,583.0,5730.0,53679.0,37114.0,52.0,33,21242.0,166224.63,30186.0,5,84,27166.0,201911.54,234843.0,94,57,959.74,Y,104.39,saving,M,37,MEDIUM,8.5,1,713.0,1,3.0
5497,6431,10642.0,16626.66,1553.0,27131.0,12848.0,1646.155,1677.0,60.0,13,49,21,8,54,784000,1,1,1.0,1,19265.4,373824.0,10271.0,0.0,30507.37,18021.0,69.0,7,34582.0,344.5,22681.0,2,171,81500.0,402888.19,75276.0,9,27,29542.0,Y,2927.65,current,M,44,HIGH,24.0,8,316.0,0,5.0
5498,8656,179000.0,1490.07,1547.0,35936.51,8024.72,14061.0,31440.88,10.0,77,42,2,1,56,533000,1,1,1.0,1,45036.0,95081.0,527.0,-5942.0,513969.39,50192.0,18.0,3,13338.0,37195.4,65611.0,9,29,46242.58,70673.33,37998.58,3,104,25218.0,Y,706.24,saving,M,34,MEDIUM,2.8000000000000003,7,633.0,0,19.0
5499,13637,12361.0,10786.91,3444.37,4060.0,1572.0,27671.4,6458.0,8.0,30,59,42,1,44,26000,1,1,1.0,1,28844.0,93.35,12000.0,12174.0,10209.04,11480.0,52.0,4,5596.35,84568.95,301.48,4,108,15376.0,23722.11,39937.0,43,32,78842.2,Y,14540.8,current,M,37,LOW,15.3,1,855.0,1,6.0
5500,6570,17160.0,12882.0,22067.05,1751.81,1340.0,3586.91,13972.0,6.0,3,62,4,4,55,169000,1,1,1.0,1,8556.25,114.74,16215.0,-5439.0,23348.79,262203.5,7.0,3,37787.0,22816.0,106800.0,4,36,27822.0,20652.99,46830.0,6,0,21675.0,Y,1418.8,saving,M,47,MEDIUM,27.0,7,448.0,1,9.0
5501,1245,9458.0,55201.18,5355.13,14892.0,22039.96,689.0,1061.0,67.0,2,23,2,2,1,112000,1,1,1.0,1,23669.0,56000.0,2644.0,6441.0,40473.0,95838.74,90.0,1,35711.0,6422.66,79782.0,6,25,28127.16,20823.09,37487.0,4,79,7213.0,Y,876.58,current,M,46,LOW,2.6,5,683.0,1,12.0
5502,6919,12315.0,17245.93,4950.77,11923.0,11163.64,20679.0,1401.0,9.0,10,38,22,6,54,326000,1,1,1.0,1,47024.8,33668.0,13873.0,1500.0,6202.58,51188.0,84.0,1,44739.0,95226.39,80146.0,2,38,21016.0,67179.2,18827.0,12,6,12089.07,Y,1099.31,current,M,30,LOW,1.0,6,723.0,1,8.0
5503,17679,13354.0,31389.0,1046.52,6422.43,4118.0,4522.0,12468.2,531.0,3,67,2,25,55,58000,1,1,1.0,1,73010.0,12000.0,3975.0,20790.0,54139.31,62084.8,4.0,4,15950.0,9237.27,23829.0,7,7,36688.0,36384.57,62788.36,2,18,70013.0,Y,2581.79,current,M,118,LOW,58.800000000000004,4,713.0,1,8.0
5504,3824,6792.0,13930.92,5283.0,8720.68,18653.0,3528.4,290.0,531.0,1,29,50,6,1,39000,1,1,1.0,1,942327.7,2625.16,4699.0,-4664.0,120356.38,55769.96,40.0,5,16557.0,221092.64,35907.24,43,20,30385.0,411289.5,1205.0,2,38,55004.0,Y,52536.43,current,M,49,LOW,23.200000000000003,1,385.0,1,10.0
5505,12856,18733.0,6835.4,716.3,12022.49,7492.3,66874.0,1109.58,44.0,23,13,2,37,56,156000,1,1,1.0,1,39851.93,64215.6,8333.0,4856.0,114557.71,100497.0,18.0,4,46578.0,6600.25,18249.5,7,4,28913.0,131929.42,3209.0,10,73,33921.0,Y,7909.83,saving,M,53,MEDIUM,33.0,6,658.0,0,15.0
5506,13922,8087.0,12450.0,1784.25,17470.29,892.0,16617.915,4368.74,6.0,10,86,8,15,36,197000,1,1,1.0,1,229435.05,343342.9,11545.0,553.0,66401.52,43618.0,42.0,7,21730.0,23519.21,52282.5,50,108,59584.0,7305.0,56991.0,2,42,109572.0,Y,2684.69,current,M,34,MEDIUM,4.2,6,516.0,1,20.0
5507,5478,5243.0,24592.7,4389.0,57562.7,6564.0,4615.0,2144.0,7.0,36,3,48,2,6,423000,1,1,1.0,1,36368.7,38173.0,25000.0,1332.0,610.13,74603.56,69.0,3,55333.0,49917.25,80168.0,10,171,58840.0,131519.0,114954.0,21,24,28320.0,Y,5121.36,current,M,33,MEDIUM,10.4,4,923.0,0,3.0
5508,6963,16441.0,10740.87,2841.0,19241.41,11155.0,934.29,2218.0,8.0,26,23,5,2,98,400000,1,1,1.0,1,223000.0,28000.0,2214.0,12299.0,48556.87,71227.0,11.0,36,38621.0,29951.15,91083.0,3,108,16250.0,11566.28,66252.0,14,120,17088.0,Y,22219.32,current,F,31,MEDIUM,1.1,5,911.0,0,5.0
5509,14595,9356.0,25235.63,6065.9,11557.89,1018.77,23331.975,10529.0,531.0,9,3,41,2,20,296000,1,1,1.0,1,4941.45,158000.0,618.0,0.0,272349.58,21937.0,9.0,6,62550.0,57046.61,25119.0,6,20,24750.0,73230.5,24582.0,7,7,24914.0,Y,3862.96,current,F,118,LOW,29.400000000000002,8,656.0,1,2.0
5510,17296,1698.0,20838.01,1414.0,3369.4,8486.0,2480.12,10210.0,60.0,3,67,1,21,67,302000,1,1,1.0,1,209110.5,399.09,50000.0,5439.0,130321.41,65999.68,103.0,19,36336.0,18743.46,32723.0,1,17,4035.0,2658.75,22499.0,2,3,329.0,Y,9372.41,current,F,40,MEDIUM,6.0,2,864.0,0,16.0
5511,16008,20001.0,16024.0,407.0,7477.51,3902.0,32143.495,899.4,7.0,36,27,57,9,55,519000,1,1,1.0,1,684495.7,237365.38,565.0,2337.0,70278.25,21565.0,10.0,2,45659.0,29966.37,24270.0,2,30,41743.0,27293.13,39213.0,5,22,22111.0,Y,15527.67,saving,M,37,LOW,17.0,10,883.0,0,11.0
5512,16108,183768.0,2126.5,3663.0,72254.62,3257.22,18952.0,7911.32,60.0,22,72,1,31,1,59000,1,1,1.0,1,5383.25,66.0,68000.0,20513.0,63429.17,58926.99,63.0,3,40922.0,18011.47,15957.56,70,8,18105.0,25776.38,69191.43,62,12,135103.0,Y,134773.51,saving,M,42,MEDIUM,2.2,3,299.0,1,2.0
5513,4682,2758.0,1404.36,1132.0,5225.0,5204.0,16148.83,4327.0,2.0,84,13,1,11,6,104000,1,1,1.0,1,6440.0,95199.02,16068.0,6916.0,64648.34,18863.0,20.0,19,30393.0,257530.76,20293.5,2,81,29516.0,43646.0,51932.89,62,80,13604.0,Y,4057.23,saving,M,31,MEDIUM,7.7,1,258.0,0,7.0
5514,5853,35586.0,8251.49,7018.45,63635.35,1670.25,6295.475,16612.0,7.0,84,67,48,3,17,112000,1,1,1.0,1,12869465.0,482147.0,30000.0,4512.0,16960.0,91675.75,11.0,2,59078.0,127242.51,10530.0,43,20,175098.0,57556.54,162412.0,2,7,28331.0,Y,2256.5,current,F,53,MEDIUM,9.9,3,355.0,1,16.0
5515,7800,10817.0,893.92,7063.0,4442.5,411.0,73653.2,1961.32,92.0,36,27,8,2,13,198000,1,1,1.0,1,1859872.2,680956.4,1036.0,0.0,17754.0,71054.88,42.0,4,30252.0,77435.3,145254.0,3,25,4501.0,179043.75,288592.75,4,63,59480.0,Y,343.02,current,M,28,MEDIUM,4.0,5,945.0,0,9.0
5516,5133,10994.0,21326.4,1912.66,40720.6,3162.0,479.76,7881.0,26.0,4,59,4,3,70,44000,1,1,1.0,1,81872.65,257406.7,1166.0,-5715.49022999999,12065.12,41289.11,2.0,2,12871.0,53152.5,67555.0,6,20,25578.31,50328.04,24070.0,2,32,34357.0,Y,109173.25,current,M,33,LOW,9.1,4,595.0,0,20.0
5517,6869,12942.0,6757.0,2468.18,3425.18,1263.0,8123.835,2109.0,29.0,15,82,47,5,56,650000,1,1,1.0,1,291969.2,45000.0,12000.0,-5998.43994,72444.5,48019.0,29.0,2,37797.0,27793.89,1452.86,35,26,2838.0,136408.51,15566.0,7,35,310586.0,Y,10245.86,current,F,32,MEDIUM,10.8,3,743.0,0,5.0
5518,19581,289670.0,2618.0,35035.4,3495.0,6682.49,26346.0,976.0,8.0,25,117,6,1,79,17000,1,1,1.0,1,4400.0,1372927.14,33774.0,-6301.0,50738.03,14661.5,46.0,3,12170.0,55424.87,134592.5,2,8,12977.0,440.0,35699.0,4,38,74946.0,Y,98408.42,current,M,29,LOW,5.4,4,537.0,1,12.0
5519,6160,16885.0,8209.58,11027.0,16390.23,3516.03,1281.56,3431.0,66.0,11,14,45,48,3,70000,1,1,1.0,1,48624.7,100934.0,4458.0,6613.0,16810.87,5274.0,48.0,1,22538.0,33254.4,57334.5,1,69,35083.0,30180.02,247200.75,8,58,43052.0,Y,1262.12,current,F,35,LOW,3.0,8,908.0,1,3.0
5520,5734,1064.0,2472.0,8202.86,5664.7,2544.52,25067.75,1189.12,15.0,9,112,57,44,98,304000,1,1,1.0,1,2184.0,14000.0,711.0,14509.0,11441.75,33526.0,39.0,33,11026.0,19300.88,130259.0,31,8,14010.0,437.0,30632.0,117,106,38700.0,Y,17350.88,saving,M,47,LOW,10.8,4,863.0,1,19.0
5521,756,91144.0,17267.77,5286.0,3526.99,860.0,12386.905,160.0,6.0,3,74,15,8,47,340000,1,1,1.0,1,168.75,1034285.63,73217.0,1444.0,210240.25,57407.0,42.0,2,21252.0,41973.4,4790.0,43,24,127098.0,8442.5,100046.0,7,24,96193.0,Y,52663.81,current,M,62,MEDIUM,33.6,8,243.0,1,10.0
5522,15064,7553.0,12240.0,7172.0,3706.44,2667.96,21417.0,2223.95,1.0,18,50,1,2,9,479000,1,1,1.0,1,526.25,545000.0,183999.0,0.0,115141.13,33316.0,55.0,5,33441.4,16499.4,98309.0,2,11,2777.0,29873.9,62533.9,6,25,84866.0,Y,23954.24,current,M,55,MEDIUM,31.5,6,867.0,0,14.0
5523,12014,13727.0,9454.32,19789.52,2768.0,9954.0,21010.02,2486.2,16.0,13,16,7,2,17,17000,1,1,1.0,1,291969.2,186474.96,15756.0,20324.0,74716.63,22354.0,15.0,3,31731.0,351288.99,55511.0,2,13,40147.32,71117.88,19117.0,12,11,133548.0,Y,970.29,current,M,37,MEDIUM,17.0,7,658.0,0,6.0
5524,1848,15403.0,27483.07,1155.0,5114.7,10723.36,5003.6,20130.0,12.0,2,112,47,4,5,352000,1,1,1.0,1,2173459.0,360000.0,96558.0,-4664.0,53822.32,30606.0,29.0,5,3099.0,48945.91,326.8,2,81,77244.0,122754.54,91058.0,22,49,39998.0,Y,1673.15,current,M,36,MEDIUM,1.6,10,928.0,1,16.0
5525,14165,90216.0,3656.63,321.23,3764.0,3483.0,9920.0,6065.0,1.0,18,52,1,71,1,371000,1,1,1.0,1,2002.36,48087.25,50000.0,7478.0,3997.0,19239.0,87.0,35,35227.0,44629.61,25339.0,3,67,25495.0,39441.5,23314.0,5,25,16680.0,Y,3729.28,current,M,30,MEDIUM,3.0,10,969.0,0,11.0
5526,6905,81761.0,5455.39,97164.0,22929.91,7340.0,52058.41,7597.0,8.0,1,9,3,6,1,337000,1,1,1.0,1,2002.36,134000.0,25508.0,0.0,48142.39,327334.0,82.0,4,57046.0,8973.0,63923.0,70,13,50150.0,16214.01,67102.79,4,36,112696.0,Y,12780.44,current,F,62,MEDIUM,12.600000000000001,5,506.0,1,5.0
5527,18488,18117.0,4086.5,1073.52,6147.005,10459.28,21765.565,656.0,52.0,9,38,5,2,17,49000,1,1,1.0,1,130319.0,202560.0,16004.0,553.0,67854.72,71519.0,43.0,2,121000.0,13552.63,89558.0,70,25,7384.0,106669.22,22820.48,3,1,178885.0,Y,20166.34,current,M,38,LOW,5.4,4,836.0,1,4.0
5528,4464,5813.0,17847.87,1824.77,29606.92,2747.82,632.5,17501.0,8.0,67,23,1,5,5,352000,1,1,1.0,1,33664.3,560000.0,4699.0,4512.0,33225.8,173816.75,72.0,14,2475.0,60561.69,6199.1,1,25,14386.0,30824.11,24070.0,58,12,24856.0,Y,2981.77,current,M,42,MEDIUM,8.8,4,814.0,1,20.0
5529,12606,1644.0,5345.12,3950.78,7806.7,746.0,19690.085,3501.5,7.0,65,35,7,15,6,141000,1,1,1.0,1,3638.25,208652.0,18389.0,1079.0,51355.7,13467.0,11.0,4,44350.0,32131.0,38661.0,5,70,27174.0,50766.0,60855.0,4,17,24980.0,Y,3530.18,current,M,53,MEDIUM,3.3000000000000003,3,743.0,0,14.0
5530,6288,16994.0,3410.0,680.0,10617.0,11242.0,1318.0,74146.0,2.0,4,29,57,2,67,524000,1,1,1.0,1,1053411.2,232524.0,28985.0,8572.0,19014.25,2416.0,69.0,4,19052.0,64257.44,115501.49,3,20,51709.0,110183.56,78879.0,36,67,254219.0,Y,2098.55,current,M,58,MEDIUM,30.400000000000002,6,799.0,1,10.0
5531,13414,11193.0,801.0,521.0,8268.0,6797.98,4006.905,6829.18,531.0,29,59,53,11,54,518000,1,1,1.0,1,566914.0,1187335.5,678.0,2206.0,27535.08,29752.0,3.0,36,23956.0,75797.45,84708.0,1,17,94473.0,78061.32,106076.22,3,63,18299.0,Y,4461.73,current,M,46,LOW,2.6,1,921.0,1,3.0
5532,14082,112781.0,15461.84,4880.45,66556.68,1019.0,2511.0,3011.52,57.0,36,4,48,4,4,489000,1,1,1.0,1,2184.0,54388.23,93651.0,-3506.17993,106226.0,46342.0,46.0,2,124531.0,13998.66,85376.0,23,11,16676.0,60035.5,215.0,4,104,27628.0,Y,4313.77,current,M,42,MEDIUM,8.8,10,485.0,0,15.0
5533,4392,18593.0,37540.93,11382.0,4694.0,5995.68,27087.0,443.0,63.0,18,13,57,5,47,156000,1,1,1.0,1,1215.0,1151269.05,1526.0,-5439.0,85919.48,208925.0,2.0,36,38717.0,115372.47,74706.03,2,82,29750.0,11816.0,71619.5,12,65,46486.0,Y,91.4,current,M,219,MEDIUM,59.7,2,355.0,1,18.0
5534,5883,8195.0,10218.985,27995.0,6062.6,5215.09,16425.81,5130.3,3.0,3,30,8,3,22,222000,1,1,1.0,1,1270086.05,10465.48,1611.0,-6281.37987999999,63548.5,37925.0,40.0,4,31769.0,716923.16,11160.0,6,84,775.0,33909.83,41864.0,3,11,762.0,Y,5196.34,current,M,28,LOW,7.2,10,503.0,0,6.0
5535,1787,299617.0,10525.55,780.46,18272.0,6039.36,3882.0,718.0,26.0,42,30,3,1,17,300000,1,1,1.0,1,937.0,861640.54,68000.0,1411.0,504839.99,37711.41,82.0,36,29909.54,18974.3,108736.0,43,17,13720.0,456667.38,57551.0,8,7,21515.0,Y,4339.49,current,M,66,LOW,4.6000000000000005,10,809.0,1,10.0
5536,17331,8694.0,9126.89,36242.82,15114.44,15025.0,8573.0,11734.35,124.0,1,50,2,18,44,520000,1,1,1.0,1,40440.4,79828.0,50000.0,1992.0,13098.0,1486.0,91.0,1,14616.49,29724.76,24801.0,2,171,40757.0,27766.75,29238.0,94,32,61166.0,Y,5257.67,current,M,56,MEDIUM,28.8,2,799.0,1,5.0
5537,8783,11815.0,4502.32,5977.0,26048.0,2042.0,5106.8,4544.0,4.0,128,46,2,6,47,286000,1,1,1.0,1,825.0,267421.4,768.0,-5715.49022999999,63263.46,78843.0,77.0,2,78876.82,7086.0,18848.0,6,108,10752.0,109899.26,19112.0,117,113,1340.0,Y,6801.4,current,M,30,MEDIUM,5.0,1,966.0,1,12.0
5538,6322,139640.0,5469.5,10291.4,65537.74,4600.0,25550.055,5623.4,2.0,3,82,47,18,39,44000,1,1,1.0,1,61761.4,80489.0,891.0,173.0,29959.02,11783.0,3.0,4,50869.0,47410.0,81306.09,3,108,27562.0,114358.87,23062.0,8,7,12075.0,Y,11147.67,current,M,33,MEDIUM,10.4,5,737.0,0,7.0
5539,15000,12241.0,66120.54,206.0,5363.0,921.09,35078.0,5959.0,4.0,2,10,2,1,68,232000,1,1,1.0,1,7089.7,110135.86,130000.0,35346.0,76633.71,23372.0,10.0,0,45786.0,31868.88,3964.0,1,8,110128.0,6397.81,448.0,6,22,377905.0,Y,3951.23,current,M,30,LOW,9.0,2,424.0,0,16.0
5540,16056,6088.0,7350.28,2138.0,20075.39,11257.0,10504.58,110.5,7.0,3,117,2,2,1,276000,1,1,1.0,1,5688.0,93.35,16215.0,1411.0,506.39,20192.0,40.0,7,30482.0,59233.11,2746.13,8,82,62861.0,32760.09,23150.0,46,73,43333.0,Y,9095.71,current,M,27,MEDIUM,1.4000000000000001,1,710.0,1,11.0
5541,14716,408239.0,3126.0,4616.33,8676.8,5923.0,6717.0,18747.0,4.0,30,1,2,6,70,195000,1,1,1.0,1,10000.0,51000.0,50000.0,20324.0,34921.12,41233.0,90.0,1,58236.0,250858.09,416.57,45,44,57750.0,25537.91,63606.0,12,0,24459.0,Y,1402.97,saving,M,37,MEDIUM,10.200000000000001,6,863.0,0,10.0
5542,3998,16114.0,18885.55,4156.53,11890.01,2131.0,21833.0,755.0,1.0,93,74,7,2,56,232000,1,1,1.0,1,17377.25,470000.0,51520.0,-4679.0,94045.0,116182.18,46.0,1,62244.0,24115.25,38029.41,6,108,77140.0,45608.48,27785.0,3,50,10416.0,Y,5642.53,saving,M,55,MEDIUM,28.0,6,254.0,1,3.0
5543,2028,87332.0,45452.8,6852.65,14510.54,784.0,2022.0,23629.3,16.0,43,60,12,18,98,306000,1,1,1.0,1,46962.5,52985.43,1633.0,6916.0,17780.0,110301.91,70.0,7,33777.0,78694.7,17238.0,2,59,23305.0,83674.92,255388.72,6,12,76500.0,Y,77.69,current,F,27,MEDIUM,6.300000000000001,5,267.0,1,12.0
5544,10256,9045.0,4362.08,18773.0,2247.21,5398.0,17859.0,2207.0,60.0,34,9,5,2,1,100000,1,1,1.0,1,13849.4,15395.48,12337.0,6885.0,14022.02,15706.0,55.0,15,56500.0,23610.81,894215.47,70,46,202236.98,209211.13,14523.0,6,39,17125.0,Y,1004.65,current,F,47,MEDIUM,5.4,8,866.0,1,13.0
5545,7895,9917.0,190797.67,4314.88,10118.0,3889.0,2266.72,41199.0,43.0,14,89,8,26,1,461000,1,1,1.0,1,526491.3,280000.0,4812.0,10210.0,34006.9,25928.0,77.0,19,134811.0,23236.0,2787.0,3,59,25272.0,82345.05,55260.0,21,10,65546.0,Y,4162.37,current,M,32,MEDIUM,1.2000000000000002,10,658.0,1,20.0
5546,4023,16846.0,1323.41,1246.0,6195.23,9551.0,4532.0,9900.72,5.0,2,3,2,5,11,479000,1,1,1.0,1,41070.0,43021.0,3570.0,167.0,10101.25,35747.0,7.0,3,29043.0,13565.58,60903.0,2,20,22675.0,108325.95,50473.0,6,18,32116.0,Y,6950.91,current,M,60,LOW,20.0,3,644.0,0,10.0
5547,7906,8671.0,14262.48,9086.56,18911.76,2710.0,17344.0,11781.0,24.0,42,14,3,4,53,304000,1,1,1.0,1,41883.6,545000.0,550.0,2351.0,50603.92,86388.0,16.0,43,17202.0,218730.85,35067.0,8,7,20836.0,10541.92,49015.0,36,83,61540.0,Y,2660.04,current,M,50,MEDIUM,18.0,6,966.0,1,12.0
5548,14335,166638.0,3770.97,6644.0,8837.75,28504.42,17651.5,6833.0,67.0,66,71,1,4,56,17000,1,1,1.0,1,510.6,54395.0,73217.0,4314.0,326857.0,87283.0,52.0,13,39494.43,16870.0,78371.0,43,108,12997.0,19150.76,91090.5,117,11,22733.0,Y,13769.33,current,M,27,MEDIUM,4.2,6,269.0,1,15.0
5549,18847,10465.0,822.06,2328.81,1423.5,1139.0,4564.21,13971.0,67.0,71,89,1,6,1,353000,1,1,1.0,1,272677.25,917881.54,13873.0,0.0,51752.67,21314.0,147.0,1,36120.0,44988.88,28212.0,45,78,11258.0,547067.86,71111.0,3,12,42289.0,Y,459.56,saving,M,35,HIGH,9.0,1,685.0,1,10.0
5550,868,14829.0,34195.0,1781.9,5446.5,5995.0,2457.75,6390.0,63.0,26,32,20,51,4,845000,1,1,1.0,1,4323.0,66.0,126001.0,8362.0,130153.99,64874.0,16.0,26,29345.0,8299.0,100655.0,4,11,19766.0,279299.0,90348.5,117,15,141318.0,Y,6980.6,saving,M,29,MEDIUM,2.7,5,927.0,1,9.0
5551,14923,5257.0,1725.85,1532.0,2522.0,31395.0,2769.775,1774.0,28.0,1,72,52,25,4,351000,1,1,1.0,1,6440.0,2625.16,11580.0,20513.0,111808.81,10208.55,1.0,26,14800.0,173804.23,65116.0,3,81,35819.0,12028.43,91.73,22,58,15969.0,Y,48.85,current,F,33,MEDIUM,1.3,5,814.0,1,3.0
5552,8864,14944.0,11027.0,5886.0,1031.5,2711.0,6780.0,944.0,2.0,10,59,15,2,67,152000,1,1,1.0,1,7089.7,267421.4,3975.0,7478.0,120.0,30913.0,16.0,3,21284.0,54333.0,13300.0,1,34,13675.0,10393.46,140480.0,21,36,166000.0,Y,18655.09,saving,M,37,MEDIUM,5.1000000000000005,2,623.0,1,12.0
5553,2471,7492.0,36449.44,6942.0,8848.0,734.12,6780.0,17635.0,59.0,1,60,42,11,79,568000,1,1,1.0,1,1674.4,201000.0,24094.0,6885.0,20815.0,27665.0,11.0,1,29062.0,75959.95,66672.0,35,5,127744.0,17815.47,43276.0,7,13,23344.0,Y,5736.75,current,M,32,MEDIUM,9.600000000000001,9,537.0,0,16.0
5554,9221,2157.0,3519.74,18698.0,5089.28,17617.0,6289.73,4086.52,2.0,84,47,3,3,8,199999,1,1,1.0,1,5210.85,54388.23,12000.0,4856.0,116605.66,116653.0,7.0,6,44661.0,16205.64,51650.9,2,108,65827.0,50702.0,14757.0,3,6,88894.0,Y,2125.87,current,M,29,MEDIUM,0.9,2,485.0,0,4.0
5555,10077,9084.0,36507.92,11076.94,12959.3,5331.24,2063.0,26624.0,63.0,29,7,4,2,1,330000,1,1,1.0,1,130319.0,64491.0,50000.0,2351.0,199331.53,25313.0,22.0,26,45878.0,23672.0,87308.5,2,171,16989.0,138262.08,42705.0,10,57,118.0,Y,9878.87,saving,M,47,LOW,18.900000000000002,3,683.0,1,20.0
5556,1548,4039.0,26247.0,901.73,32899.54,26579.0,5337.32,16105.0,4.0,84,4,4,6,42,134000,1,1,1.0,1,2173459.0,110135.86,24094.0,6409.0,5798.1,21264.0,4.0,4,36135.0,18974.3,7292.35,0,69,16000.0,30672.64,62308.29,40,18,25406.0,Y,7937.28,current,M,37,HIGH,5.1000000000000005,5,445.0,1,19.0
5557,12479,403086.0,28015.54,8882.57,2148.92,3968.22,10372.0,3771.34,6.0,23,44,45,3,47,564000,1,1,1.0,1,173732.5,17000.0,728.0,6441.0,10228.01,73921.0,8.0,2,61950.0,43821.16,40283.0,17,69,49994.25,246236.75,98468.0,5,8,38888.0,Y,2687.94,current,M,35,MEDIUM,3.0,9,450.0,1,3.0
5558,10346,10366.0,59348.76,5575.0,59586.81,2980.59,1572.095,12825.4,7.0,1,112,1,1,44,27000,1,1,1.0,1,16250.2,15395.48,925.0,3560.0,46999.43,46334.0,11.0,3,39751.0,35050.88,89082.0,3,13,43270.0,4996.6,43067.0,42,76,24835.0,Y,20272.89,current,M,58,MEDIUM,3.8000000000000003,4,748.0,1,5.0
5559,9151,319793.0,1863.5,5653.07,15326.91,547.0,2256.0,3658.83,5.0,15,35,2,3,8,401000,1,1,1.0,1,139323.25,399.09,300500.0,2351.0,34122.32,82254.0,77.0,4,49661.0,16734.33,59161.0,3,9,91796.0,318780.27,40573.0,2,7,55721.0,Y,61908.59,current,M,66,HIGH,13.8,2,969.0,0,5.0
5560,15631,172141.0,16870.25,407.0,1791.16,3318.0,1023.0,1041.0,10.0,6,23,8,2,41,236000,1,1,1.0,1,1982892.29,64091.0,3570.0,3735.0,124432.12,99880.0,4.0,7,28000.0,9047.0,6166.0,2,23,99075.0,46776.5,58458.25,2,18,341.0,Y,4640.92,current,M,31,LOW,4.4,6,708.0,1,5.0
5561,4511,12529.0,62626.7,2570.07,6958.12,1005.0,847.0,658.0,56.0,20,27,4,1,12,35000,1,1,1.0,1,185669.2,45000.0,25524.0,1500.0,44482.1,91065.0,10.0,31,16305.0,31601.42,20733.11,9,82,7453.0,18003.1,67181.0,8,11,37800.0,Y,5452.33,current,M,42,MEDIUM,13.200000000000001,9,574.0,1,18.0
5562,10151,16315.0,7295.53,2154.29,6952.0,7854.4,5417.85,14129.05,1.0,128,32,53,38,98,75000,1,1,1.0,1,24832.0,1038364.76,130000.0,2337.0,70856.92,30046.0,32.0,2,26954.0,63729.59,29713.0,10,25,111709.0,136932.53,38518.0,14,11,43423.0,Y,5263.8,current,M,31,MEDIUM,11.0,9,805.0,0,2.0
5563,9642,12162.0,38784.42,137.0,6612.32,549.0,3436.27,1956.0,24.0,46,89,2,1,68,381000,1,1,1.0,1,360978.37,125090.58,50000.0,977.0,664028.73,40619.0,70.0,4,15180.0,26831.5,110168.0,4,8,50050.0,56756.36,214.29,2,67,8999.0,Y,2125.87,current,M,66,MEDIUM,23.0,7,523.0,0,9.0
5564,546,1496.0,3835.58,28534.79,415.0,322.23,8757.0,619.52,2.0,4,19,82,2,58,510000,1,1,1.0,1,27316.5,165970.9,1266.0,6916.0,139852.04,144341.0,6.0,4,16968.0,38710.5,1072956.05,2,12,21152.0,41170.25,46928.31,3,83,164848.0,Y,6463.94,current,M,66,LOW,46.0,8,249.0,1,6.0
5565,5431,7580.0,16197.94,12199.47,25458.88,8756.0,3109.0,6719.58,60.0,16,50,48,2,13,315000,1,1,1.0,1,4435.0,117890.0,519.0,6885.0,112014.64,50700.0,24.0,5,38277.0,8579.85,65800.0,31,8,97168.0,44197.49,38883.0,11,18,102207.0,Y,380.49,current,M,55,MEDIUM,3.5,3,503.0,0,9.0
5566,16069,13071.0,4086.5,1597.54,51843.02,5468.23,1235.01,5902.0,6.0,23,5,19,3,4,232000,1,1,1.0,1,8209320.0,295150.9,11379.0,4795.0,43418.21,24394.0,46.0,2,37316.0,26732.5,26172.5,43,81,69392.0,81885.75,17699.0,14,15,23268.0,Y,9851.62,saving,M,53,MEDIUM,6.6000000000000005,1,369.0,0,2.0
5567,17849,29721.0,3376.88,8882.57,2780.5,3257.22,2176.35,5069.0,26.0,66,30,24,45,6,371000,1,1,1.0,1,115.45,470000.0,155205.0,173.0,51229.0,48364.0,11.0,36,18082.0,135471.53,45947.0,3,7,59265.0,36470.86,6215.0,94,11,20092.0,Y,7490.14,current,M,35,LOW,7.5,2,525.0,1,15.0
5568,19058,5696.0,98384.47,9243.0,28298.0,1775.58,168145.0,5673.0,1.0,17,3,2,1,30,381000,1,1,1.0,1,99984.83,31033.0,15477.0,5464.0,513969.39,101400.0,77.0,0,8120.0,162307.08,188638.0,4,8,100807.0,45341.0,75148.0,10,65,21072.0,Y,1293.99,current,M,39,MEDIUM,15.200000000000001,5,867.0,0,16.0
5569,11532,449.0,10075.79,160.0,6130.55,118.0,34494.4,1252.22,12.0,42,19,18,2,12,300000,1,1,1.0,1,293418.75,16000.0,48374.0,-5998.43994,16618.25,150976.41,10.0,3,89407.0,146966.81,39026.0,7,13,28106.0,15245.0,112338.0,6,124,25805.0,Y,12134.77,current,M,31,LOW,3.3000000000000003,6,325.0,1,14.0
5570,11126,124471.0,12695.83,1374.0,4992.72,2568.2,317.0,2150.0,10.0,22,19,4,2,11,147000,1,1,1.0,1,9255.43,60040.0,787.0,7478.0,61105.25,22053.0,79.0,1,27018.0,34214.51,34625.0,31,171,60985.0,84440.69,29813.0,2,64,20736.0,Y,18261.92,current,M,60,MEDIUM,20.0,3,394.0,1,11.0
5571,17196,137168.0,6788.63,9243.0,4220.85,1535.5,8265.0,213.52,12.0,11,112,4,2,1,97000,1,1,1.0,1,39851.93,176487.6,126001.0,-5998.43994,5768.27,33755.0,11.0,7,36776.0,357446.87,140099.51,9,69,22591.0,170251.16,19530.0,58,13,24485.98,Y,4550.22,current,F,32,MEDIUM,3.6,10,523.0,0,8.0
5572,13496,1112.0,12161.0,2871.0,4916.0,3084.5,2673.0,2326.0,6.0,23,44,3,2,10,35000,1,1,1.0,1,16250.2,195088.0,550.0,12299.0,30106.91,101599.35,40.0,3,52.21,27199.39,97865.0,2,81,31553.0,92502.85,441562.92,2,7,40450.0,Y,6599.76,current,M,30,MEDIUM,7.0,1,623.0,1,9.0
5573,10184,217078.0,1977.6,2600.44,13624.48,7036.0,21035.0,739.0,2.0,36,7,1,25,2,345000,1,1,1.0,1,4120.0,100934.0,56305.0,3897.0,29268.0,56934.0,32.0,1,35800.0,137306.34,201292.0,5,82,19466.0,36858.81,41183.0,39,9,17953.0,Y,8769.38,current,M,34,LOW,8.4,3,503.0,1,9.0
5574,15456,111163.0,7434.92,979.0,1755.0,2249.73,3554.47,233.0,8.0,34,9,1,1,47,512000,1,1,1.0,1,137553.95,154121.9,90525.0,10455.0,102815.71,229152.0,90.0,3,40886.0,10292.29,114418.0,20,81,19644.0,26174.5,53848.0,40,32,15178.0,Y,10988.24,current,M,30,LOW,1.0,9,451.0,1,14.0
5575,18445,135128.0,7647.72,7375.0,15801.0,4418.24,7498.095,3501.5,2.0,9,67,2,60,34,522000,1,1,1.0,1,1220.0,159415.3,48500.0,1444.0,66426.29,26019.0,42.0,17,16255.0,21682.5,29014.35,23,5,26698.0,31248.17,14259.36,4,37,7582.5,Y,4677.62,current,M,51,MEDIUM,21.700000000000003,10,805.0,0,11.0
5576,80,18351.0,20743.54,3932.87,6506.6,1792.0,11915.0,2921.0,60.0,23,19,60,25,1,304000,1,1,1.0,1,5004.0,152391.0,29542.0,1500.0,33763.0,58392.0,11.0,36,73478.0,75780.87,69271.0,1,20,26519.0,56509.19,78952.1,43,50,64254.0,Y,362.15,current,M,35,MEDIUM,12.0,1,866.0,1,6.0
5577,6405,314302.0,21592.34,2263.5,10246.6,16077.96,29003.19,918.93,53.0,26,4,3,1,80,191000,1,1,1.0,1,115.45,3651922.3,78309.0,0.0,33452.5,10248.96,1.0,36,286565.0,82324.3,40066.0,3,5,900000.0,89502.96,61996.0,1,50,31300.0,Y,9060.76,current,M,37,MEDIUM,6.800000000000001,10,802.0,1,11.0
5578,5014,304576.0,1106.0,469.42,22199.23,1440.28,30517.0,18528.0,46.0,83,4,1,2,1,49999,1,1,1.0,1,566914.0,134890.0,519.0,-6885.0,9259.48,13631.0,6.0,5,62483.0,1326.0,494643.0,30,20,19317.0,28881.86,21823.0,8,32,16186.0,Y,5490.61,current,F,36,MEDIUM,1.6,10,656.0,1,19.0
5579,7873,102733.0,28800.41,795.56,2873.09,7437.0,4584.0,2245.0,26.0,84,6,50,60,8,127500,1,1,1.0,1,41883.6,60040.0,100000.0,-4324.0,22306.51,110034.0,22.0,3,13258.0,48506.55,125800.0,43,7,27562.0,62231.93,35459.0,38,96,115165.0,Y,10657.52,current,M,49,MEDIUM,29.0,1,249.0,1,4.0
5580,14889,14718.0,23055.0,1446.0,27381.41,4239.0,15279.85,4885.75,2.0,84,38,10,6,17,26000,1,1,1.0,1,99984.83,184514.0,908.0,6916.0,5783.57,41054.07,36.0,3,37394.0,13618.0,28092.0,43,8,64713.0,24934.47,98584.59,47,103,122327.0,Y,784.73,current,M,32,MEDIUM,6.0,10,656.0,1,18.0
5581,11306,187.0,10312.0,8828.9,12624.18,20998.0,37483.55,622.59,53.0,99,5,47,16,64,240000,1,1,1.0,1,33784.35,108145.0,130000.0,2351.0,53951.33,73505.0,39.0,3,50112.0,2323.0,27165.0,2,18,60448.0,53675.37,1291.0,2,52,52979.0,Y,2051.88,current,M,33,LOW,7.800000000000001,6,762.0,1,20.0
5582,9767,5516.0,8056.16,4467.0,61879.58,3625.92,6967.5,779.0,56.0,2,64,35,9,8,358000,1,1,1.0,1,1895.04,77000.0,73217.0,844.0,1024.25,24923.0,5.0,5,37404.0,4178.78,50831.0,30,27,25500.0,29933.75,44593.5,6,14,20255.0,Y,5302.86,current,M,66,MEDIUM,13.8,6,639.0,1,13.0
5583,18737,4241.0,11620.15,1625.14,21998.99,6918.92,3809.0,2684.5,12.0,17,50,53,18,98,147000,1,1,1.0,1,684495.7,25404.0,3792.0,3735.0,22060.75,149962.75,69.0,28,10918.0,17233.84,41398.5,3,36,29466.0,67673.54,8284.0,43,0,62771.79,Y,2012.22,saving,M,66,LOW,32.2,4,748.0,1,2.0
5584,16941,297179.0,7725.71,5277.94,2247.71,1366.9,29881.0,13651.0,1.0,9,16,24,4,1,155000,1,1,1.0,1,8043.25,20098.0,230000.0,5773.0,141599.25,59918.0,52.0,0,19341.0,52221.64,130584.0,6,27,10752.0,33673.49,181258.27,3,12,24618.0,Y,4621.44,current,M,50,LOW,30.0,2,937.0,1,14.0
5585,7284,861.0,4854.77,9734.0,14738.75,1866.0,64099.0,3667.0,66.0,84,74,57,63,8,59000,1,1,1.0,1,23221.65,376694.91,73217.0,6885.0,119238.53,145110.38,3.0,30,15866.0,212634.99,26662.0,6,70,10319.0,1113.0,25469.0,22,38,215202.0,Y,2193.41,current,M,32,HIGH,4.800000000000001,5,723.0,1,13.0
5586,17097,25303.0,5080.38,1289.0,15368.11,7925.0,5169.0,47769.21,19.0,36,71,1,9,53,255000,1,1,1.0,1,4230125.0,24000.0,798.0,5773.0,20756.5,105231.07,16.0,5,10837.0,109218.11,24730.0,9,20,39312.0,175846.06,222910.0,1,103,41752.0,Y,30331.35,saving,M,37,HIGH,8.5,9,314.0,1,4.0
5587,6424,19015.0,14270.0,3964.75,1657.09,5157.49,3227.22,8418.5,1.0,3,4,7,3,8,100000,1,1,1.0,1,13279.75,68663.61,19400.0,1500.0,7338.45,18219.38,18.0,6,36119.0,23288.23,106172.33,8,108,76611.0,26005.75,30133.0,14,39,26569.0,Y,17267.91,current,M,35,HIGH,15.0,2,723.0,0,8.0
5588,2612,208369.0,4586.67,4489.0,23716.9,12666.76,20250.0,5762.0,5.0,36,74,4,2,2,481000,1,1,1.0,1,76122.87,156215.3,8333.0,1992.0,135176.24,70242.0,70.0,5,31205.28,301252.39,60964.0,0,104,114424.0,22971.0,68200.0,14,113,20271.0,Y,5755.95,current,M,40,MEDIUM,18.0,2,485.0,1,9.0
5589,8961,14659.0,80920.7,1892.0,21563.85,3516.03,11474.0,3075.52,100.0,17,5,10,60,75,1000000,1,1,1.0,1,137553.95,482147.0,2158.0,10770.0,31085.09,54483.0,87.0,35,32534.0,79172.75,100207.0,0,78,107532.57,21780.79,35149.0,8,11,30193.0,Y,15092.7,current,M,35,HIGH,4.5,4,762.0,1,5.0
5590,1899,15236.0,11249.075,1400.0,34639.73,934.22,438.52,47769.21,26.0,36,87,3,62,4,170000,1,1,1.0,1,13558.63,6.0,37274.0,5773.0,44747.85,39724.0,147.0,1,15257.0,1109.41,48681.0,45,11,42568.0,39965.9,72040.0,4,65,16757.0,Y,18261.92,current,M,49,MEDIUM,14.5,10,805.0,1,14.0
5591,1368,17990.0,8712.0,3863.48,9399.92,1544.75,19199.0,2708.0,26.0,1,105,60,6,80,25000,1,1,1.0,1,8370.8,1543.85,550.0,7478.0,48469.26,37114.5,4.0,7,47546.0,38207.67,18186.0,1,63,99586.0,104309.4,15155.0,3,79,24700.0,Y,4601.4,current,M,58,MEDIUM,19.0,6,534.0,1,5.0
5592,2709,14383.0,2038.8,20098.0,6370.44,2700.0,1229.04,842.0,63.0,601,2,53,12,6,124000,1,1,1.0,1,64410.0,134000.0,30071.0,16455.0,223643.37,35079.0,55.0,36,21682.0,17578.12,25477.23,2,13,29213.0,29138.74,28353.0,4,7,25973.0,Y,9925.13,current,M,37,MEDIUM,3.4000000000000004,4,516.0,0,19.0
5593,9674,7124.0,12771.44,8875.0,5961.53,13210.76,3470.0,5691.0,3.0,84,7,54,9,1,75000,1,1,1.0,1,2720.0,138475.4,492.0,10770.0,31608.0,14088.0,16.0,15,20417.0,54333.0,579750.0,0,38,7511.0,39580.44,150330.0,94,38,26964.78,Y,915.79,current,M,120,MEDIUM,80.0,6,867.0,1,2.0
5594,14062,406741.0,23904.54,2693.0,37365.07,4156.0,738.0,3583.63,6.0,85,2,5,1,9,505000,1,1,1.0,1,668728.4,1030000.0,25000.0,7478.0,86633.25,28990.0,11.0,1,52279.0,23432.5,35789.0,5,6,37846.0,190460.62,110663.0,5,22,82000.0,Y,48900.0,current,M,58,LOW,19.0,4,445.0,1,16.0
5595,16103,6689.0,9730.58,19337.0,10126.75,5739.87,5358.87,609.2,1.0,9,60,44,2,6,373000,1,1,1.0,1,151606.65,470000.0,6000.0,35346.0,85531.23,34022.0,16.0,3,62244.0,67984.24,38668.0,2,50,8627.0,94434.55,52591.79,14,106,26570.0,Y,4213.85,current,M,53,MEDIUM,13.200000000000001,5,858.0,1,10.0
5596,8807,2921.0,5636.16,364.0,17636.0,1123.0,21223.0,2414.0,26.0,6,59,8,31,34,402000,1,1,1.0,1,1727970.9,961916.9,12337.0,6613.0,100134.4,59214.0,16.0,5,132.0,443475.71,71457.0,1,18,11645.68,18236.54,44709.0,49,50,15765.0,Y,4943.44,current,M,33,MEDIUM,9.1,10,743.0,1,9.0
5597,17839,10498.0,19896.0,152099.0,13032.45,9723.0,8466.66,722.74,56.0,36,135,53,1,55,303000,1,1,1.0,1,124064.65,117890.0,1633.0,5439.0,83317.96,331521.0,16.0,0,25541.0,12352.0,66983.02,2,6,3580.0,142665.66,112291.69,93,18,53589.0,Y,3156.86,current,M,32,LOW,10.8,3,594.0,1,9.0
5598,17128,3381.0,12658.04,41.0,78777.86,866.0,4306.0,3501.5,15.0,29,32,53,18,58,525000,1,1,1.0,1,61186.36,95081.0,6000.0,-5998.43994,27924.96,92584.0,52.0,2,23720.0,80676.18,114582.41,5,108,62777.0,24460.0,81939.0,2,13,99798.0,Y,36204.77,current,M,28,LOW,4.800000000000001,5,802.0,0,19.0
5599,9265,2608.0,4641.5,4237.0,15140.83,4086.62,21476.535,17045.0,6.0,11,5,2,5,42,70000,1,1,1.0,1,13180.0,242827.0,6146.0,5340.0,30557.86,98137.0,43.0,4,67080.0,47866.93,278056.0,4,28,16056.0,263357.81,21823.0,47,0,95800.0,Y,1311.11,current,M,44,LOW,21.6,1,424.0,1,8.0
5600,12445,9946.0,2747.25,6189.05,16596.85,9007.41,17049.37,7820.0,3.0,3,110,23,2,9,378000,1,1,1.0,1,137260.8,110135.86,50000.0,6916.0,338053.38,110659.19,7.0,7,25519.0,51571.35,150516.0,2,89,8735.0,12793.57,47194.0,41,12,21988.0,Y,7129.67,current,M,29,MEDIUM,3.6,2,331.0,1,13.0
5601,11222,6732.0,5620.31,15425.16,105395.25,10575.06,5109.76,613.0,19.0,128,1,54,2,14,565000,1,1,1.0,1,192478.0,278360.16,2214.0,886.0,62261.09,96431.25,3.0,1,15485.0,59101.0,1413.0,50,49,33929.0,32423.5,147191.0,4,10,57836.0,Y,3028.85,saving,M,32,MEDIUM,4.800000000000001,5,265.0,1,18.0
5602,9246,15038.0,25351.36,1197.34,2547.3,13229.38,15354.135,1222.0,10.0,1,71,1,2,17,443000,1,1,1.0,1,9542.5,157000.0,3570.0,1500.0,91534.92,125983.12,70.0,2,12961.0,23185.85,319756.25,4,8,12313.0,44886.26,239493.37,2,0,16522.36,Y,13098.46,current,M,53,MEDIUM,26.400000000000002,7,656.0,1,19.0
5603,12039,15898.0,64985.29,4675.44,15498.0,899.8,31252.0,7178.99,53.0,23,32,54,21,3,340000,1,1,1.0,1,1035.0,43397.0,24619.0,5464.0,26318.62,21009.0,7.0,4,18320.0,62026.43,101338.0,6,20,22060.0,77752.25,171940.0,6,25,17507.0,Y,2911.7,current,F,40,MEDIUM,6.0,1,626.0,1,19.0
5604,10255,13669.0,8594.225,25448.84,10450.92,6438.89,5979.0,70.0,4.0,26,29,17,44,2,75000,1,1,1.0,1,15279.79,88482.8,25524.0,6885.0,67608.25,48079.0,11.0,30,32979.0,54726.05,232000.0,0,171,18548.0,29075.0,22957.53,14,76,36357.0,Y,1210.18,current,M,35,MEDIUM,12.0,7,485.0,0,18.0
5605,1423,141310.0,35222.0,3892.0,7760.85,13482.9,95602.0,25078.55,44.0,22,49,62,1,1,44000,1,1,1.0,1,28844.0,16000.0,4895.0,-6281.37987999999,32186.03,218281.0,18.0,36,12862.0,358114.75,19779.0,30,171,8493.65,33304.67,11856.58,10,50,19317.0,Y,2625.0,current,M,46,HIGH,7.800000000000001,5,633.0,1,8.0
5606,6712,10661.0,2999.0,7500.0,10854.73,9500.0,3461.0,2212.92,6.0,23,5,50,37,12,100000,1,1,1.0,1,65640.0,15300.0,130000.0,173.0,8527.49,15755.0,36.0,4,19047.0,99918.27,30080.0,43,23,19975.54,177635.3,37341.0,18,104,12270.0,Y,12002.8,current,F,37,LOW,11.9,10,867.0,1,14.0
5607,12125,16673.0,105853.9,1466.48,28302.01,2756.0,3245.34,4629.0,7.0,8,1,21,4,34,28000,1,1,1.0,1,151606.65,162423.0,7162.0,-6301.0,105683.19,10256.0,22.0,36,21682.0,69072.68,64751.0,42,6,54965.0,70724.47,164.0,2,58,3684.0,Y,5109.98,current,M,32,MEDIUM,4.800000000000001,1,516.0,1,19.0
5608,3717,1876.0,27588.0,2666.95,37112.5,17183.0,3312.52,310.0,43.0,10,13,1,18,1,17000,1,1,1.0,1,13.8,70164.0,96558.0,2351.0,445288.81,53379.13,4.0,3,34037.0,49249.5,73095.0,23,108,30577.0,62031.01,49887.0,117,25,424727.0,Y,7900.88,current,M,27,MEDIUM,5.6000000000000005,1,538.0,1,8.0
5609,11129,7136.0,2653.81,750.26,18413.2,162.0,3505.0,167311.0,18.0,26,48,21,2,1,550000,1,1,1.0,1,42460.6091,234459.4,936.0,5773.0,38071.59,18952.0,6.0,4,37746.0,64780.03,41398.5,30,108,87088.0,50258.13,10148.0,9,9,28874.0,Y,281943.98,current,M,63,MEDIUM,38.7,2,911.0,1,6.0
5610,19043,3762.0,13200.95,5612.05,4021.69,6457.62,1527.01,2136.0,5.0,26,17,53,1,4,204000,1,1,1.0,1,67833.35,172678.56,639.0,5439.0,137281.88,339009.24,55.0,1,13376.0,102197.09,17396.5,2,27,46050.0,141593.19,25106.0,11,26,18251.47,Y,5541.99,current,M,32,LOW,8.4,10,708.0,1,16.0
5611,8478,35633.0,26668.9,1774.0,21392.08,12040.0,779.48,6291.65,1.0,23,13,60,31,53,44000,1,1,1.0,1,291969.2,64491.0,68000.0,-5998.43994,9793.88,2307.0,46.0,0,44739.0,30305.0,566996.76,2,11,34420.0,7202.92,246.0,14,18,140329.0,Y,183.03,current,M,42,LOW,8.8,4,805.0,1,13.0
5612,14661,10383.0,3443.07,9862.01,2758.28,1023.0,40358.04,1109.58,4.0,11,4,24,26,20,520000,1,1,1.0,1,111.0,88482.8,78309.0,903.0,50579.01,369031.0,4.0,13,42265.0,34630.29,70021.74,2,1,67704.0,74660.58,83487.0,3,15,4690.0,Y,13298.25,current,M,33,MEDIUM,1.3,7,809.0,1,20.0
5613,17334,18384.0,16897.58,7944.0,12140.88,248.9,2179.0,8189.0,1.0,29,42,2,21,5,102000,1,1,1.0,1,2008232.55,43397.0,130000.0,3897.0,66618.3,48079.0,10.0,2,117230.0,37429.56,60265.0,50,8,42234.0,60832.6,130232.9,2,63,10413.0,Y,3447.42,saving,M,64,MEDIUM,4.4,2,614.0,0,17.0
5614,17038,5968.0,6448.675,6068.0,14977.62,3806.0,9410.05,2150.0,136.0,10,10,24,9,22,421000,1,1,1.0,1,443.36,64491.0,50000.0,1465.0,60976.26,36351.0,147.0,4,145445.0,138730.23,55638.04,17,11,30413.0,22935.8,233290.0,5,1,59859.0,Y,6109.97,current,M,35,MEDIUM,12.0,10,233.0,1,19.0
5615,94,20355.0,129317.0,2582.4,28702.04,425.0,393.0,6829.18,3.0,1,18,25,1,1,17000,1,1,1.0,1,71020.5,267421.4,3850.0,5340.0,22715.08,71853.0,9.0,5,25827.0,3441.0,6094.0,1,20,49312.0,25108.84,68436.12,2,106,586100.0,Y,2829.86,current,M,34,MEDIUM,5.6000000000000005,3,249.0,1,14.0
5616,9943,31678.0,5660.0,1370.25,2095.0,1024.51,10342.12,928.0,5.0,1,13,22,31,1,371000,1,1,1.0,1,209110.5,125090.58,1762.0,1465.0,8520.89,37067.0,43.0,2,14312.0,22299.21,72265.0,6,63,21898.0,38525.12,522332.0,4,80,42381.0,Y,3964.9,current,F,62,MEDIUM,21.0,6,354.0,1,10.0
5617,4574,2767.0,6552.95,16453.77,24156.91,26496.07,13529.5,2520.0,9.0,4,64,2,21,34,483000,1,1,1.0,1,55700.0,106398.0,16068.0,0.0,65418.47,27448.0,55.0,2,15639.0,6558.0,248766.0,6,8,310000.0,128140.75,86741.0,4,68,40337.0,Y,4754.51,current,M,27,MEDIUM,2.8000000000000003,6,958.0,1,2.0
5618,9391,701.0,22229.24,10671.5,17794.53,9954.0,16233.245,3446.0,43.0,43,3,4,6,70,129000,1,1,1.0,1,3938.25,93000.0,583.0,-5942.0,66254.5,29577.0,42.0,1,49812.25,25994.38,38661.0,43,81,24059.0,38792.97,10597.0,4,67,21794.0,Y,10028.36,current,M,38,MEDIUM,14.4,5,299.0,1,18.0
5619,15899,176718.0,30383.74,9748.7,8465.0,16999.17,22183.0,3883.0,100.0,14,4,8,1,44,102000,1,1,1.0,1,2173459.0,15000.0,13873.0,171.0,201506.4,46824.0,42.0,0,29427.0,54220.6,38591.0,43,20,325128.0,17106.98,198398.0,4,42,23750.0,Y,2186.89,current,M,46,MEDIUM,13.0,10,538.0,1,4.0
5620,10781,8558.0,3073.0,27848.0,30569.31,10307.84,20965.73,1252.22,92.0,6,87,1,31,4,315000,1,1,1.0,1,7089.7,674291.83,78309.0,-3506.17993,106697.06,33425.0,6.0,2,18859.0,148991.61,37160.85,3,81,48932.0,156847.65,124415.0,6,1,11740.0,Y,876.58,current,M,66,MEDIUM,46.0,7,245.0,1,8.0
5621,847,258.0,14989.715,21631.6,4992.72,6802.0,28571.03,2210.0,44.0,66,7,20,1,30,190000,1,1,1.0,1,510.6,470000.0,50000.0,12174.0,52544.75,244465.0,90.0,35,17587.0,141353.08,83685.0,2,11,34780.0,49871.94,40573.0,21,49,28016.0,Y,1326.09,current,M,53,LOW,26.400000000000002,6,464.0,0,10.0
5622,19494,15849.0,6484.98,441.0,33559.68,3154.0,22317.0,354.0,4.0,43,87,5,9,47,378000,1,1,1.0,1,384550.05,53749.0,492.0,-5439.0,142487.0,90749.89,42.0,30,41934.0,9146.0,127628.21,10,26,27132.0,28859.96,263952.0,47,10,67725.0,Y,5685.58,current,M,66,LOW,36.800000000000004,8,805.0,1,4.0
5623,786,9026.0,9397.61,3000.78,15923.0,4033.0,2176.75,2724.0,24.0,84,47,60,1,47,87000,1,1,1.0,1,3575.5,125090.58,50000.0,5439.0,97429.87,38131.0,11.0,4,50040.0,19560.33,174142.5,6,171,6595.0,232639.06,1442.0,47,133,76500.0,Y,25711.18,current,M,60,MEDIUM,12.0,2,535.0,1,6.0
5624,13820,16421.0,9805.92,8044.0,4204.84,131.0,8030.56,3384.37,6.0,36,67,24,3,98,30000,1,1,1.0,1,937.0,76365.24,610000.0,7478.0,16401.58,64917.0,9.0,36,31911.0,17611.45,182908.0,6,46,19206.0,243680.6,56755.94,21,24,63642.0,Y,4540.43,current,M,28,LOW,4.800000000000001,10,554.0,0,9.0
5625,5177,17130.0,4897.0,5554.0,8219.1,7905.83,15781.1,4893.0,100.0,36,27,20,25,1,525000,1,1,1.0,1,684495.7,358480.64,48950.0,1931.0,84232.5,44604.0,20.0,3,25098.0,22249.76,22415.0,5,89,7700.0,76507.49,27345.79,6,12,16480.0,Y,2748.24,current,M,31,MEDIUM,6.6000000000000005,3,325.0,0,7.0
5626,12576,13660.0,12176.0,18225.0,3359.5,5946.0,5882.04,6117.0,10.0,29,19,47,4,70,494000,1,1,1.0,1,124929.75,54388.23,544.0,5340.0,23489.68,42361.0,87.0,2,61702.0,7633.29,36364.0,2,5,35052.0,225230.0,95145.0,2,106,11330.0,Y,3870.35,current,M,35,MEDIUM,3.0,9,623.0,1,18.0
5627,13379,19584.0,15712.52,805.57,3884.66,5199.76,1608.0,1111.0,4.0,37,59,24,3,47,167000,1,1,1.0,1,2008232.55,64491.0,14754.0,7478.0,20141.12,46928.0,46.0,9,61302.0,6600.25,8033.0,24,20,10613.0,60144.0,36097.0,4,8,10619.0,Y,32750.59,current,M,55,MEDIUM,21.0,4,799.0,1,16.0
5628,3685,11871.0,24873.86,261.0,9413.315,1256.25,13318.87,4441.0,4.0,10,14,5,3,1,100000,1,1,1.0,1,73010.0,50034.93,48500.0,0.0,44945.9,11853.0,4.0,6,84618.0,13375.83,54373.0,3,40,492268.86,5149.0,20351.0,1,24,16382.0,Y,5516.95,current,M,42,MEDIUM,2.2,7,866.0,1,14.0
5629,10943,296607.0,2707.04,2911.46,1131.95,4658.0,1273.5,2150.0,531.0,10,112,4,4,47,100000,1,1,1.0,1,306.4,150410.0,2644.0,5340.0,80710.0,399431.16,42.0,5,21874.0,19717.65,43199.0,6,23,31578.0,195.0,21203.0,2,58,41121.0,Y,51654.14,current,F,27,MEDIUM,5.6000000000000005,1,653.0,1,4.0
5630,16001,100961.0,16899.36,2801.0,14420.34,13487.0,8373.0,26860.0,12.0,26,70,6,51,3,188000,1,1,1.0,1,604365.0,6.0,155205.0,14509.0,277826.25,96374.0,3.0,3,28680.0,74249.24,72541.0,70,29,60625.0,80046.2,209430.62,94,12,46846.0,Y,430.81,current,M,47,LOW,24.3,7,863.0,0,14.0
5631,1193,16394.0,4894.0,14766.0,4341.0,8482.0,16547.0,6235.94,6.0,9,20,4,4,98,187000,1,1,1.0,1,683316.0,95081.0,1143.0,12174.0,31609.95,27897.0,1.0,5,19672.0,57023.88,34273.0,45,50,46796.0,16652.0,46.0,41,11,10646.0,Y,413.42,current,F,31,HIGH,5.5,8,855.0,0,8.0
5632,2997,7268.0,58718.3,11287.0,1488.0,2348.81,29615.5,3717.0,1.0,10,82,47,1,4,352000,1,1,1.0,1,130319.0,200015.58,1143.0,-6281.37987999999,29948.17,49625.51,11.0,36,26465.0,23689.43,41304.0,1,63,26515.0,71400.75,23023.0,5,49,15497.0,Y,75.8,current,M,32,LOW,7.2,6,860.0,1,5.0
5633,12869,31738.0,32142.0,24517.7,5363.59,6954.0,23113.04,3753.0,5.0,3,18,35,9,1,114000,1,1,1.0,1,977377.25,470000.0,1515.0,-6281.37987999999,202646.75,15818.0,3.0,14,43358.0,75225.58,18198.0,2,18,20903.0,13967.16,29246.0,22,22,77127.0,Y,6655.9,current,M,46,MEDIUM,26.0,9,508.0,1,6.0
5634,12871,12541.0,37990.91,407.0,6561.94,2971.0,1153.75,631.0,24.0,11,1,10,44,98,576000,1,1,1.0,1,20747.5,157000.0,24094.0,-4679.0,46952.84,29446.86,40.0,26,20027.0,27364.78,90736.0,2,20,158486.0,37088.49,119174.93,10,43,226905.0,Y,201.2,saving,M,39,MEDIUM,17.1,4,683.0,0,20.0
5635,13247,10040.0,2773.27,7893.0,9974.84,1705.0,14150.0,2212.0,60.0,32,102,3,2,12,20000,1,1,1.0,1,8758.2,74599.9,183999.0,3897.0,183046.2,23716.0,22.0,2,28506.0,64451.53,190600.0,4,7,31154.8,28860.88,15542.0,2,103,35511.0,Y,9887.32,current,M,63,MEDIUM,43.0,5,855.0,1,8.0
5636,10614,8505.0,1753.85,8272.19,5400.7,25722.37,3040.0,1114.0,14.0,84,4,42,2,8,408000,1,1,1.0,1,6100.0,393201.39,300500.0,5439.0,45633.99,24599.0,147.0,3,87766.0,22345.16,74826.0,70,5,25467.0,22709.64,32810.5,117,26,16423.0,Y,1529.96,current,M,32,MEDIUM,6.0,4,683.0,0,15.0
5637,17714,290239.0,59697.57,48394.0,4344.61,2132.86,2276.0,2530.0,531.0,66,32,10,4,3,212500,1,1,1.0,1,2242.35,22400.0,550.0,977.0,40476.16,34655.0,11.0,3,15012.0,93815.77,92055.49,1,50,134252.0,59563.26,68746.29,4,9,37211.0,Y,1133.94,current,M,30,MEDIUM,10.0,5,628.0,0,14.0
5638,19675,17051.0,3804.0,5449.86,75545.65,3757.0,3910.5,5296.0,12.0,29,49,19,2,2,326000,1,1,1.0,1,89908.8,237365.38,25639.0,3897.0,217632.09,2216.0,94.0,0,27453.0,44741.41,63781.0,45,8,158430.0,24131.0,47218.0,13,63,21047.0,Y,15169.16,current,M,62,MEDIUM,25.200000000000003,6,269.0,0,6.0
5639,16313,14783.0,28291.85,1652.0,6013.07,2464.56,32801.76,14433.0,5.0,29,87,18,1,98,581000,1,1,1.0,1,48422.7,13299.0,927.0,6885.0,47005.14,105908.0,16.0,9,10736.0,4851.04,300351.0,9,46,38678.0,9956.64,4641.0,3,42,16243.0,Y,32327.65,current,M,47,MEDIUM,16.2,3,330.0,1,12.0
5640,8747,15025.0,3407.6,3894.08,14061.0,5225.5,97699.0,664.45,5.0,8,112,20,2,1,366000,1,1,1.0,1,89908.8,376694.91,6000.0,-5998.43994,50419.17,77787.22,62.0,26,13209.0,65978.7,141609.5,3,49,48668.0,24613.88,188186.21,6,15,19775.0,Y,5812.9,current,M,53,MEDIUM,16.5,1,686.0,1,12.0
5641,14478,835.0,2015.5,13206.31,8690.17,1036.0,445.08,1751.0,44.0,10,13,5,48,8,371000,1,1,1.0,1,168.75,159415.3,4895.0,10455.0,41575.42,20195.0,103.0,0,29077.0,119922.65,20054.0,1,29,14074.0,20995.78,26470.0,62,38,16269.0,Y,5069.27,current,M,44,MEDIUM,7.2,5,638.0,0,5.0
5642,12270,9279.0,18612.75,14766.0,17835.58,2544.52,3285.1,13187.5,12.0,3,59,18,3,6,100000,1,1,1.0,1,0.61,399.09,3975.0,1500.0,168052.0,98584.0,46.0,3,31450.0,177347.39,132098.0,1,82,55250.0,60208.0,47269.0,11,11,16850.0,Y,3612.55,current,M,33,MEDIUM,5.2,9,123.0,0,14.0
5643,16183,127056.0,95563.97,10998.0,6446.92,13488.85,8789.81,2853.02,33.0,30,44,44,26,2,290000,1,1,1.0,1,725446.38,138732.3,28985.0,2351.0,54514.54,40061.0,43.0,26,80685.0,96120.5,69417.0,3,5,30672.0,161735.98,575.0,21,106,108697.0,Y,4026.42,current,M,37,LOW,13.600000000000001,6,683.0,1,13.0
5644,17360,406694.0,9894.15,4314.88,6647.86,22344.55,8883.0,5256.0,5.0,22,87,5,36,47,650000,1,1,1.0,1,4839.6,205000.0,96558.0,14509.0,46216.0,64206.0,42.0,13,82312.0,23900.79,131862.0,24,171,30498.0,22874.52,217490.77,12,113,19672.0,Y,184.59,current,M,42,MEDIUM,8.8,3,258.0,1,3.0
5645,10132,16255.0,4443.37,7284.15,4634.0,2065.32,2012.0,1397.0,52.0,3,6,18,46,42,267000,1,1,1.0,1,8209320.0,82907.34,155205.0,903.0,40083.75,39905.17,10.0,15,17902.0,53284.67,101066.0,17,82,23948.0,110100.45,29864.0,94,79,99704.0,Y,2791.94,current,M,60,LOW,36.0,8,351.0,1,12.0
5646,14362,9243.0,12054.84,717.0,1143.18,4600.0,5786.27,3877.0,10.0,99,135,1,2,80,369000,1,1,1.0,1,291969.2,36880.0,155205.0,10455.0,69491.98,3193.0,91.0,14,100093.0,12433.0,153054.0,47,6,48516.0,16430.27,14863.6,1,107,15263.0,Y,12030.33,current,M,37,HIGH,15.3,2,372.0,1,20.0
5647,5819,117009.0,6426.5,9010.56,15596.5,173.0,10393.0,8617.0,56.0,77,62,48,2,58,84000,1,1,1.0,1,68640.0,170989.0,2019.0,6885.0,11504.0,108215.38,5.0,9,27227.0,36343.8,103237.0,3,8,27116.0,50052.32,118768.0,58,58,233052.0,Y,9723.67,current,M,42,LOW,15.4,5,424.0,1,15.0
5648,9256,1184.0,11503.11,5306.39,5831.0,22378.16,38359.0,14249.71,3.0,4,82,30,2,13,218000,1,1,1.0,1,48264.0,3.59,25000.0,7478.0,27779.04,204492.0,16.0,0,175438.0,236419.75,43189.0,7,25,32115.19,126814.06,22566.0,5,38,46105.0,Y,6405.52,saving,M,67,LOW,23.5,10,748.0,0,12.0
5649,15873,93057.0,19994.0,23561.21,24207.69,20101.0,382914.1,27335.12,6.0,5,59,3,7,53,595000,1,1,1.0,1,270.0,5000000.0,300500.0,5439.0,79.25,58512.0,15.0,4,365000.0,500100.0,135222.0,12,20,26503.0,51467.6,34094.15,3,7,16510.0,Y,1006.67,current,M,60,MEDIUM,4.0,1,574.0,1,14.0
5650,15392,12460.0,44220.87,3777.5,10389.5,1513.0,4902.42,4695.52,4.0,84,67,1,6,41,173000,1,1,1.0,1,127004.3,19721.85,48950.0,-4664.0,1106.25,49736.0,89.0,14,13597.0,26885.12,11075.0,1,82,208500.0,143049.38,9550.0,4,12,24603.0,Y,3843.09,saving,M,32,MEDIUM,12.0,4,245.0,1,5.0
5651,15037,138058.0,10859.35,2294.72,22252.0,3309.14,7394.0,7602.0,12.0,10,53,1,7,8,360000,1,1,1.0,1,102.95,16671.0,492.0,8572.0,32328.75,74553.0,3.0,35,194250.0,59356.03,47702.0,3,8,1199.0,22510.42,15548.0,2,21,22583.0,Y,2654.87,current,M,29,HIGH,3.6,3,243.0,1,4.0
5652,13451,718.0,7504.0,6496.05,18911.8,15838.92,3979.55,2883.66,12.0,2,71,12,2,41,369000,1,1,1.0,1,8554.5,134000.0,48950.0,5773.0,96302.5,59918.0,46.0,1,24551.0,45616.46,42216.0,2,12,40116.0,28097.45,22118.5,4,14,1575.0,Y,19364.96,current,F,38,MEDIUM,18.0,1,638.0,1,7.0
5653,13651,14854.0,1388.5,14986.9,41009.44,8343.51,10260.0,624.0,1.0,66,19,3,15,11,187000,1,1,1.0,1,1500.0,100934.0,694.0,0.0,31411.63,8113.0,24.0,5,53241.0,39233.0,65611.0,1,20,34360.0,29071.76,304739.51,117,104,29985.0,Y,18462.51,saving,M,118,HIGH,88.2,5,801.0,0,15.0
5654,2342,11286.0,56767.01,2687.0,6154.0,7343.51,23710.1,9682.44,531.0,3,47,17,2,2,329000,1,1,1.0,1,306.4,27000.0,583.0,5773.0,25348.5,37571.0,6.0,2,41784.0,98489.0,366365.89,1,24,35217.0,51832.73,138556.0,36,106,167885.0,Y,7767.94,current,F,25,LOW,1.5,6,700.0,0,5.0
5655,6432,4261.0,61766.28,448.3,2472.92,4650.0,16940.535,1533.0,16.0,18,6,2,21,17,352000,1,1,1.0,1,197067.2,376694.91,50000.0,5464.0,30577.25,76582.0,79.0,1,119741.0,7648.87,74825.0,43,8,1903.33,25152.2,537.25,10,80,47842.0,Y,19102.38,current,F,33,HIGH,7.800000000000001,1,700.0,0,2.0
5656,16423,175488.0,9574.0,16779.0,1691.95,3399.4,51004.07,163.0,57.0,30,53,2,3,10,98000,1,1,1.0,1,6.164,13299.0,10973.0,5773.0,11441.75,35128.0,77.0,7,33954.0,20553.92,13255.5,11,29,20624.34,12601.43,54059.0,42,35,37645.0,Y,3716.55,current,M,55,LOW,7.0,1,866.0,1,8.0
5657,7167,18653.0,20922.0,952.0,5729.29,45342.2,56917.8,6930.69,17.0,32,4,42,1,68,256000,1,1,1.0,1,250631.8,76157.6,230000.0,2500.0,34214.25,50784.0,11.0,0,40544.0,38153.75,117335.0,6,69,25336.0,26437.0,77280.29,4,79,12462.0,Y,2488.23,current,M,46,MEDIUM,13.0,5,968.0,0,5.0
5658,17377,13774.0,15090.6,21572.24,1418.0,79802.0,20963.92,492.0,17.0,29,87,7,2,58,519000,1,1,1.0,1,55700.0,227697.61,25508.0,6916.0,34718.73,25510.0,69.0,35,52275.0,110326.15,56202.0,4,42,22908.0,182130.17,165158.45,4,73,23024.0,Y,963.72,current,M,35,LOW,6.0,6,653.0,1,13.0
5659,90,19405.0,20779.33,46980.1,2746.93,3021.0,6278.1,1713.0,44.0,36,47,25,1,1,267000,1,1,1.0,1,516.8,446457.0,20887.0,12174.0,18876.91,39163.0,46.0,35,39834.0,36797.37,49224.0,2,26,42280.0,7917.88,53356.6,1,61,64512.0,Y,2561.2,current,M,47,MEDIUM,5.4,3,748.0,0,12.0
5660,2655,12309.0,176584.68,1514.0,12223.22,8278.13,116304.0,1336.92,10.0,50,60,18,2,64,72000,1,1,1.0,1,37916.0,108168.0,12000.0,9415.0,34728.0,26226.0,5.0,2,9126.97,183022.3,90076.0,2,82,99440.0,50152.52,147191.0,10,13,18428.0,Y,3641.09,current,M,30,MEDIUM,2.0,3,867.0,1,13.0
5661,6596,14401.0,37189.01,6065.9,11956.85,3409.0,61364.0,3667.0,1.0,5,135,42,44,4,27000,1,1,1.0,1,449275.0,190887.4,14904.0,-6885.0,223.75,114321.86,36.0,2,40892.0,13754.3,16027.0,0,108,14304.0,112919.69,42364.01,62,80,28058.0,Y,981.99,current,M,53,MEDIUM,13.200000000000001,8,683.0,0,8.0
5662,18896,5334.0,1583.92,2871.0,26927.04,1765.92,5687.38,8132.0,67.0,71,74,8,2,10,371000,1,1,1.0,1,291969.2,223379.4,3570.0,-6301.0,224762.0,23865.0,11.0,19,4833.0,46161.0,35184.0,3,8,225.0,49827.17,94570.0,11,12,13813.0,Y,7192.79,current,F,40,MEDIUM,18.0,2,818.0,0,17.0
5663,11436,3895.0,7954.04,3889.0,4769.09,603.0,7982.0,4293.65,2.0,84,50,50,63,68,448000,1,1,1.0,1,73010.0,116533.0,583.0,5340.0,27937.8,43943.91,29.0,7,256554.0,809.0,26595.17,70,2,26130.0,44678.83,59806.0,3,35,51836.0,Y,2825.87,current,M,56,MEDIUM,10.8,10,385.0,0,2.0
5664,18135,10519.0,26187.0,3846.0,27457.64,2512.0,1995.03,2525.0,6.0,26,5,11,9,1,68250,1,1,1.0,1,241.65,87578.0,49975.0,1332.0,25004.92,48296.0,11.0,4,15332.0,111460.77,15671.0,0,63,23259.0,170251.16,69927.0,93,83,25894.0,Y,2206.58,current,M,38,MEDIUM,1.8,2,626.0,1,11.0
5665,13048,311334.0,35746.86,40388.0,9176.55,18423.0,7085.0,911.68,12.0,10,67,6,6,1,400000,1,1,1.0,1,61186.36,138732.3,38599.0,1954.0,207327.26,160897.0,7.0,2,47671.0,51204.75,94281.0,1,59,6870.0,240163.11,38265.33,3,1,887.0,Y,5620.51,current,M,46,HIGH,2.6,2,626.0,0,13.0
5666,9374,3319.0,44288.45,717.0,69090.34,2065.0,4923.0,737.0,12.0,46,44,3,1,75,400000,1,1,1.0,1,8556.25,1163405.86,5540.0,844.0,39903.0,46721.0,23.0,36,84386.0,84950.18,22628.0,4,14,27088.0,58640.69,98248.28,43,8,56587.0,Y,3024.85,current,M,34,LOW,11.200000000000001,1,658.0,1,5.0
5667,4384,468.0,2355.0,408.0,52798.0,1139.0,2998.145,12868.0,18.0,9,72,44,1,1,114000,1,1,1.0,1,568.8,20000.0,8333.0,1014.0,57234.9,99264.0,6.0,6,42007.0,5671.82,92529.0,4,25,23606.0,32218.75,63071.0,5,6,184.0,Y,7561.77,current,M,47,MEDIUM,8.1,4,243.0,1,9.0
5668,14791,14170.0,3494.45,152.0,4617.48,11209.0,4947.9,2204.0,1.0,8,9,1,3,56,298000,1,1,1.0,1,70310.6,82942.0,768.0,-12179.0,4049.29,14907.0,59.0,3,14610.0,146402.98,39308.0,10,82,21785.0,27312.3,834387.79,12,57,139352.0,Y,601.19,current,M,63,MEDIUM,25.8,4,466.0,1,12.0
5669,10323,338082.0,5950.45,371.0,23369.38,2186.14,7252.0,86.0,6.0,3,19,18,2,80,193730,1,1,1.0,1,4110.0,50000.0,230000.0,1332.0,55005.25,54126.0,77.0,43,19251.0,44470.74,184001.77,7,2,50565.0,40148.5,21661.0,6,12,6878.0,Y,3564.1,saving,M,32,MEDIUM,10.8,8,748.0,1,9.0
5670,3364,36642.0,14095.64,8866.6,8176.0,24804.75,1641.0,6084.0,1.0,61,44,1,3,91,263000,1,1,1.0,1,825.0,35000.0,500718.0,35346.0,45633.99,60255.0,50.0,6,7223.41,125089.0,25494.0,70,20,172.14,30621.64,116258.0,3,13,41752.0,Y,1293.99,current,M,32,LOW,6.0,2,863.0,1,20.0
5671,9486,10419.0,2662.4,10876.11,74533.07,16785.0,3966.0,236.0,57.0,8,47,20,31,1,138000,1,1,1.0,1,241.65,5000000.0,26241.0,-5942.0,20182.01,44587.0,4.0,3,55031.0,40612.54,98194.74,17,78,79654.0,130737.58,16057.0,4,50,43220.0,Y,2629.87,current,M,37,LOW,11.9,10,519.0,1,15.0
5672,11185,916.0,12333.32,9197.62,8604.34,8390.0,13072.0,4684.13,1.0,85,67,22,3,1,75000,1,1,1.0,1,26335.7,64091.0,768.0,5340.0,139533.93,4245.0,89.0,36,25401.0,60051.0,302243.0,1,63,50150.0,31848.68,24920.08,2,15,36106.0,Y,2456.15,current,M,53,LOW,29.700000000000003,6,626.0,1,8.0
5673,3124,289348.0,30584.88,4045.0,8385.5,1524.6,1306.26,27724.06,531.0,93,62,3,14,11,272000,1,1,1.0,1,153410.0,237365.38,4895.0,0.0,51149.16,139699.0,43.0,4,26425.0,87253.76,16085.0,2,70,97951.0,114100.76,20166.0,11,21,32853.0,Y,13818.69,current,M,33,MEDIUM,6.5,10,249.0,1,3.0
5674,7210,9660.0,15067.8,4950.77,63408.56,3836.0,1705.0,4461.0,53.0,4,35,2,15,1,134000,1,1,1.0,1,249060.0,152664.0,583.0,5464.0,54635.24,9334.0,11.0,13,29769.0,19355.0,4002.0,70,5,21754.0,61614.55,64674.0,7,12,198000.0,Y,3379.82,current,M,47,HIGH,10.8,9,799.0,1,6.0
5675,2514,6801.0,50853.52,5258.0,74434.0,1520.0,1680.0,4544.0,1.0,36,4,2,12,70,47000,1,1,1.0,1,47024.8,5350.0,36114.0,-5942.0,72518.92,25314.0,84.0,2,28704.0,67007.2,61867.0,2,8,44126.0,142921.95,126250.0,40,1,35782.0,Y,1571.44,saving,M,47,MEDIUM,27.0,1,818.0,0,4.0
5676,6748,218127.0,38104.72,492.0,13293.87,11207.44,8142.305,2217.0,1.0,25,72,1,6,39,359000,1,1,1.0,1,48422.7,13299.0,891.0,0.0,40600.7,54816.0,16.0,3,42348.0,83093.78,70490.0,9,13,8735.0,46213.16,174607.0,10,120,36280.0,Y,15527.67,current,M,67,LOW,47.0,7,247.0,1,17.0
5677,12134,10371.0,6253.0,1306.0,17931.48,4685.0,3989.97,6656.0,12.0,1,64,50,9,36,329000,1,1,1.0,1,1982892.29,15300.0,96558.0,6885.0,70551.41,107515.0,9.0,26,40109.0,68761.31,164765.0,1,18,29315.0,287543.59,19363.07,6,12,113086.0,Y,7611.69,current,M,28,LOW,7.2,5,305.0,1,14.0
5678,2983,137146.0,5334.26,9339.02,14396.0,11183.0,6673.0,10377.0,4.0,50,4,2,1,12,319000,1,1,1.0,1,4500.0,12971.0,3850.0,0.0,90530.99,56964.0,43.0,1,8711.0,71509.97,66237.0,3,171,89672.0,43063.4,34568.0,40,80,10062.0,Y,2928.41,current,M,35,MEDIUM,13.5,3,748.0,1,2.0
5679,8354,16690.0,12694.68,10675.26,39175.48,2937.17,23039.85,3559.0,100.0,61,44,8,1,8,13000,1,1,1.0,1,87526.1,992890.32,925.0,-3625.0,54010.2,163982.5,6.0,36,20050.0,8378.63,11800.0,47,34,25500.0,78326.75,8706.0,41,61,36339.0,Y,4773.42,current,M,28,MEDIUM,0.8,7,883.0,1,12.0
5680,19890,3867.0,5159.85,6129.78,37652.05,3279.0,17547.59,1502.59,2.0,10,110,25,27,41,164000,1,1,1.0,1,59703.93,245000.0,583.0,-3625.0,33699.38,149130.0,43.0,2,90661.0,59233.11,17574.0,2,7,116000.0,73149.74,78663.29,12,83,76895.8,Y,3947.03,current,M,53,MEDIUM,13.200000000000001,7,771.0,1,10.0
5681,10904,3465.0,50927.04,3253.0,7088.5,6797.98,2942.0,3081.0,53.0,23,7,1,2,80,224000,1,1,1.0,1,262584.0,90829.65,75000.0,1014.0,5903.03,37396.0,32.0,13,90601.0,49088.25,170851.63,3,7,21152.0,76932.97,65718.0,6,0,53589.0,Y,1246.71,current,M,53,MEDIUM,23.1,3,863.0,0,16.0
5682,17418,14094.0,10274.16,13353.4,7523.51,527.17,122564.0,664.45,531.0,26,5,3,16,6,402000,1,1,1.0,1,27316.5,19000.0,925.0,6441.0,66929.0,13157.75,91.0,3,125461.0,29998.92,56267.84,35,23,11750.0,29136.25,19888.0,6,24,35971.0,Y,297.01,current,M,36,LOW,6.4,10,743.0,1,11.0
5683,15917,212855.0,8994.92,12880.0,25207.93,6938.0,9640.0,6770.1,2.0,46,10,19,12,1,378000,1,1,1.0,1,46923.0,21698.0,50000.0,4795.0,26288.6,20476.85,2.0,19,31869.0,306207.0,34658.4,9,8,51026.0,32927.03,874.0,7,43,31900.0,Y,9.23,current,F,30,MEDIUM,8.0,5,445.0,1,16.0
5684,11995,5877.0,6749.14,209.68,23680.5,4647.0,2089.0,10750.97,1.0,26,112,4,2,79,313000,1,1,1.0,1,39851.93,43394.0,4458.0,5730.0,55093.49,45040.5,42.0,29,51770.0,102140.63,237090.0,3,108,14395.0,179704.65,18542.63,7,12,115000.0,Y,5792.62,current,M,53,MEDIUM,6.6000000000000005,6,535.0,1,19.0
5685,18661,389696.0,13044.0,18442.0,5546.75,173.0,38543.86,1574.0,101.0,10,102,42,4,2,528000,1,1,1.0,1,4323.0,186474.96,25849.0,-4679.0,43256.43,76699.1,94.0,1,74400.0,1021857.15,80131.0,9,18,39654.0,56090.39,68997.0,4,24,108060.0,Y,1528.76,current,M,30,MEDIUM,10.0,3,299.0,1,9.0
5686,1040,139018.0,30973.55,4372.65,25521.54,6544.0,5584.0,4368.74,43.0,23,110,18,8,98,50900,1,1,1.0,1,223000.0,31033.0,536.0,5730.0,10818.07,35662.69,69.0,4,26064.0,29094.76,20417.0,0,46,18702.0,14649.0,116598.5,7,1,26641.0,Y,2173.98,current,M,35,LOW,12.0,9,385.0,1,14.0
5687,567,5659.0,9138.0,1113.0,8089.09,997.0,5113.23,5149.0,67.0,6,30,24,1,47,47000,1,1,1.0,1,3247.5,15300.0,300500.0,-5715.49022999999,29127.09,115875.0,10.0,26,34117.0,20430.0,93136.0,5,25,12675.0,34151.31,79656.0,62,63,100517.0,Y,2909.8,saving,M,44,LOW,4.800000000000001,9,537.0,1,3.0
5688,7345,2159.0,8022.9,58692.0,3238.67,17318.47,314.0,4446.0,6.0,19,87,30,14,56,98000,1,1,1.0,1,977377.25,234459.4,183999.0,26601.0,11008.0,29877.0,4.0,4,40735.0,137879.48,23306.0,5,50,32253.0,21369.46,37226.0,13,120,80559.0,Y,660.66,current,M,50,MEDIUM,30.0,9,575.0,1,4.0
5689,4412,10966.0,33097.84,20743.0,34388.26,5517.0,1268.19,628.0,6.0,2,16,7,25,54,124000,1,1,1.0,1,48230.5,110135.86,96497.0,5439.0,37098.38,30156.0,2.0,6,33891.0,8261.0,15246.5,2,7,21440.0,45307.68,123421.0,14,80,832.0,Y,3928.34,current,M,34,MEDIUM,14.0,10,855.0,1,15.0
5690,18257,13495.0,26069.02,1128.0,12937.11,7062.0,6485.45,16846.0,124.0,14,84,1,2,31,481000,1,1,1.0,1,36122.87,61022.63,583.0,-5998.43994,27174.0,36716.0,17.0,1,60712.0,42694.75,71230.0,2,6,42075.0,70944.02,238.0,3,14,54526.0,Y,2332.22,current,M,42,LOW,17.6,9,516.0,0,6.0
5691,1160,8739.0,4852.69,5709.41,50862.25,9719.0,14182.8,918.93,5.0,23,29,11,5,2,282000,1,1,1.0,1,65887.8,116533.0,12337.0,3897.0,2358.04,128891.0,5.0,13,28500.0,88053.25,408330.08,43,25,79654.0,4137.0,68093.26,4,58,22283.0,Y,4745.14,current,M,35,LOW,15.0,1,656.0,0,3.0
5692,15775,17525.0,37752.41,3863.48,6837.0,2937.17,323.74,52104.09,2.0,6,50,50,5,12,25000,1,1,1.0,1,13732.93,35000.0,500718.0,1992.0,25051.75,97162.0,29.0,2,31731.0,23102.4,125963.0,1,5,52600.0,27354.56,118064.0,3,73,25820.0,Y,1109.89,current,M,35,MEDIUM,1.5,9,766.0,1,19.0
5693,14247,2447.0,7410.0,1720.5,9911.5,1189.0,1761.13,3766.71,531.0,11,74,50,1,1,330000,1,1,1.0,1,5045.13,110135.86,12000.0,553.0,37693.75,63040.0,10.0,3,27837.0,28140.0,41710.0,47,81,54405.0,39558.75,396555.78,4,38,120211.0,Y,17109.61,saving,M,49,MEDIUM,2.9000000000000004,8,233.0,1,11.0
5694,657,10764.0,4332.665,9900.0,8987.1,1779.12,6725.75,821.0,4.0,27,4,4,25,42,327000,1,1,1.0,1,472.0,16583.84,19176.0,-5998.43994,5944.76,531093.0,46.0,3,124460.0,87286.76,34244.37,0,171,30613.0,1840.0,85588.5,36,22,15059.0,Y,555.0,current,M,30,MEDIUM,10.0,7,647.0,1,9.0
5695,4586,5677.0,19254.08,7375.0,23386.92,4782.0,56737.07,4653.01,10.0,66,82,50,1,13,186000,1,1,1.0,1,12057.2,157000.0,25524.0,1444.0,46231.38,113546.0,39.0,11,149392.0,22249.76,45360.5,4,11,15200.0,136727.9,87853.0,3,12,13677.0,Y,1123.12,current,M,42,MEDIUM,6.6000000000000005,10,958.0,1,17.0
5696,6011,6063.0,5859.155,6184.54,5855.06,1847.0,3259.99,3457.55,4.0,47,87,4,17,70,49999,1,1,1.0,1,319201.67,350000.0,183999.0,-5998.43994,30279.25,154032.0,62.0,33,59990.0,149682.73,64489.0,43,6,62196.0,74014.0,20113.0,16,83,105702.0,Y,1559.3,saving,M,32,MEDIUM,4.800000000000001,7,243.0,1,14.0
5697,9026,13126.0,26621.0,219.0,2148.92,10397.78,2966.75,15631.0,29.0,10,1,21,1,6,225000,1,1,1.0,1,8531560.0,6574.31,80000.0,1444.0,19600.0,75241.0,46.0,1,20180.0,129905.0,22681.0,3,1,48537.22,39536.94,27258.0,36,0,2245.7,Y,2239.24,saving,M,32,MEDIUM,4.800000000000001,8,908.0,1,4.0
5698,2375,7997.0,5811.75,7278.27,2019.96,1072.0,3180.4,1771.0,1.0,19,50,50,25,2,408000,1,1,1.0,1,384550.05,96096.0,536.0,2351.0,48038.73,50356.56,11.0,1,41784.0,3857.0,10028.06,70,14,44310.0,136634.13,5180.0,13,50,900.0,Y,1618.99,current,M,64,MEDIUM,17.6,5,508.0,1,6.0
5699,12663,13928.0,708.0,1446.0,2781.3,4045.0,3469.94,4684.13,7.0,5,5,1,2,8,216000,1,1,1.0,1,568.8,376600.5,126001.0,5439.0,27032.49,21169.0,11.0,33,11900.0,63249.03,141080.0,1,8,50565.0,96101.44,120775.6,47,120,14920.0,Y,3550.16,current,M,29,MEDIUM,0.9,5,858.0,0,11.0
5700,9423,17976.0,1983.23,7664.15,12299.43,1159.0,1462.0,3583.0,1.0,42,112,30,4,42,75000,1,1,1.0,1,98543.96,165000.0,1097.0,-5439.0,438713.25,18825.0,90.0,4,102124.0,35034.31,35948.0,45,171,19627.0,37040.58,34703.42,3,50,62800.0,Y,1634.17,saving,M,66,LOW,41.400000000000006,7,331.0,1,4.0
5701,18230,27996.0,6598.68,3036.0,10195.83,8476.4,2803.47,346.0,44.0,2,79,60,38,79,190000,1,1,1.0,1,22086.05,15300.0,105000.0,8572.0,33094.95,137066.83,4.0,5,650000.0,39851.0,61619.0,1,1,37388.0,48808.08,215891.0,40,8,78120.0,Y,1083.51,current,M,60,HIGH,12.0,8,966.0,1,16.0
5702,18113,19894.0,8370.25,18077.0,4995.96,2913.65,5459.0,247.0,9.0,1,29,1,3,42,371000,1,1,1.0,1,34249.0,39833.19,925.0,-5942.0,48806.47,4252.38,46.0,3,7700.0,73457.7,39978.0,2,44,35450.0,36021.14,23507.0,40,107,15294.0,Y,8388.56,current,F,28,MEDIUM,3.2,8,485.0,1,17.0
5703,10914,19267.0,7776.0,2825.28,2718.0,2386.0,21223.0,1821.0,2.0,43,32,4,6,79,287000,1,1,1.0,1,11878.6,326326.9,908.0,6916.0,42.25,69732.91,20.0,2,49425.0,16484.26,35696.0,43,8,98066.0,37356.07,28141.0,117,12,23283.0,Y,657.11,current,F,53,LOW,23.1,4,626.0,0,14.0
5704,5681,13217.0,4197.0,32366.0,7305.43,12489.0,1557.5,2994.76,57.0,77,2,8,2,47,255000,1,1,1.0,1,22086.05,280000.0,12337.0,26601.0,94045.0,289.76,4.0,4,18490.0,85322.5,35126.0,6,20,78565.0,32014.6,24739.75,18,32,24191.0,Y,4224.14,current,M,34,LOW,2.8000000000000003,9,325.0,0,6.0
5705,4655,182675.0,4060.13,989.0,9960.66,3493.0,6340.0,2683.35,6.0,10,35,50,18,1,27000,1,1,1.0,1,526.25,216932.5,50000.0,1079.0,82185.75,5293.0,52.0,7,44013.0,122918.22,36679.0,2,108,152572.0,131745.25,195.0,4,65,25203.0,Y,946.22,current,F,30,MEDIUM,1.0,8,866.0,1,17.0
5706,7643,3911.0,5028.35,680.0,573.05,3264.1,8624.0,868.5,6.0,1,35,2,3,30,134000,1,1,1.0,1,238733.0,409168.15,300500.0,167.0,37649.16,33581.0,46.0,36,259969.0,122973.63,68136.0,3,12,19529.0,50111.02,57582.88,6,103,63489.0,Y,255.63,current,M,37,MEDIUM,3.4000000000000004,8,428.0,0,9.0
5707,10211,20199.0,12684.0,14246.0,10440.5,4069.39,12752.145,2537.74,4.0,23,7,2,4,30,481000,1,1,1.0,1,21220.0,234459.4,2214.0,20513.0,116676.39,37201.0,0.0,3,22612.0,29444.06,33081.0,3,23,114263.22,89812.96,44257.0,8,65,18131.0,Y,20821.17,current,F,62,MEDIUM,8.4,6,911.0,1,7.0
5708,8573,7876.0,8629.15,10816.08,8187.63,3703.0,6096.95,2638.0,8.0,42,35,10,38,1,306000,1,1,1.0,1,61761.4,125090.58,925.0,2921.0,16804.24,135244.5,12.0,5,101475.0,66566.39,195793.71,5,8,26950.0,34318.78,141030.0,2,83,196482.14,Y,608.1,current,M,55,LOW,7.0,10,582.0,1,20.0
5709,16250,39592.0,7694.08,1352.0,12189.79,12111.84,13771.0,1576.99,3.0,37,19,3,7,1,87000,1,1,1.0,1,73010.0,76365.24,300500.0,2921.0,36055.83,78165.88,46.0,1,90350.0,47324.12,111419.0,70,23,47415.0,73575.09,10712.0,4,38,178885.0,Y,10978.35,saving,M,39,HIGH,19.0,4,511.0,1,14.0
5710,14717,9279.0,959.0,3856.0,9087.82,2710.0,21796.0,27985.1,60.0,47,82,48,36,39,555000,1,1,1.0,1,168265.55,49298.99,1266.0,3897.0,108699.38,32411.0,80.0,15,48041.0,351.25,41648.15,4,44,125057.0,31665.85,73072.0,40,24,22388.0,Y,1634.17,current,M,32,MEDIUM,3.6,3,503.0,1,7.0
5711,12961,14301.0,32846.16,2290.57,11359.42,9962.0,16527.0,6308.48,2.0,8,10,3,28,4,136000,1,1,1.0,1,1309500.9,12971.0,891.0,12415.0,130520.91,27577.0,7.0,4,42938.19,53051.5,16751.5,4,8,8324.0,41589.76,302925.16,12,104,10355.0,Y,28.08,current,M,28,MEDIUM,3.2,3,385.0,1,6.0
5712,14411,8861.0,6446.0,1200.9,31051.0,3892.52,10245.61,449.0,531.0,10,4,52,11,4,402000,1,1,1.0,1,140790.0,19000.0,25524.0,20324.0,37461.91,57684.41,10.0,6,23937.0,43747.5,42825.82,7,108,55083.0,41726.54,36671.65,6,50,37798.0,Y,4197.87,current,M,60,LOW,24.0,5,866.0,1,12.0
5713,4174,3569.0,16036.0,2879.34,14487.0,3037.6,8071.5,1712.0,63.0,10,23,20,2,44,366000,1,1,1.0,1,291969.2,992890.32,15756.0,35346.0,79973.78,62287.79,32.0,1,19333.0,73295.0,156304.51,0,7,27711.0,53248.14,34747.0,3,39,40073.0,Y,4598.38,current,M,35,MEDIUM,4.5,7,614.0,1,15.0
5714,16550,32191.0,13626.0,81184.52,81840.16,2739.34,2998.0,759.0,1.0,3,72,1,1,36,139000,1,1,1.0,1,510.6,237365.38,54101.0,20324.0,9982.64,45647.0,11.0,43,28043.0,12162.33,71931.0,9,4,68760.77,38117.38,30528.0,3,61,48560.0,Y,5064.66,current,M,55,LOW,21.0,6,809.0,1,8.0
5715,5833,3410.0,26621.0,128.5,12149.12,2354.25,3360.165,2900.0,10.0,3,2,4,8,3,19000,1,1,1.0,1,11827.75,50034.93,90525.0,-4324.0,27966.61,62381.0,11.0,26,39865.0,58976.08,9847.0,0,81,24744.0,59757.09,41125.33,4,11,23226.0,Y,198.8,current,M,58,LOW,11.4,10,447.0,0,12.0
5716,11037,8991.0,4237.1,948.0,10212.33,28137.35,5215.0,2414.08,6.0,29,35,47,31,75,84000,1,1,1.0,1,11878.6,1425000.0,19176.0,6885.0,68261.4,5668.74,43.0,2,86605.0,317350.4,12479.0,9,20,28528.59,152301.87,13255.59,6,113,28601.0,Y,8443.85,saving,M,27,MEDIUM,4.2,7,269.0,1,11.0
5717,12505,24110.0,23465.0,6674.8,10410.0,1284.0,6776.0,2500.0,26.0,22,72,48,18,8,564000,1,1,1.0,1,299037.15,163.14,8943.86,9415.0,21565.88,23974.0,18.0,6,30945.0,86841.42,59802.0,2,44,15046.0,152000.75,194736.43,6,104,35357.0,Y,2288.38,current,M,31,LOW,9.9,5,867.0,1,16.0
5718,6066,18860.0,2916.92,8929.64,8226.16,1008.0,1846.67,16419.0,4.0,66,35,3,55,4,84000,1,1,1.0,1,15961.9,31033.0,72000.0,886.0,86680.71,73940.0,42.0,0,72191.0,56490.02,123081.41,11,6,24280.0,47285.3,45732.0,12,7,42565.0,Y,2847.27,saving,M,29,MEDIUM,4.5,4,245.0,0,5.0
5719,8081,8288.0,52549.99,4857.0,33600.59,613.24,4245.3,2179.98,63.0,99,5,4,1,81,267000,1,1,1.0,1,5809950.0,217074.0,15654.0,1500.0,1007435.82,52233.9,55.0,6,12172.0,50030.0,15085.74,35,75,300801.0,126726.27,46389.0,2,124,171.0,Y,1642.76,saving,M,37,MEDIUM,15.3,6,258.0,1,17.0
5720,14279,7396.0,10983.77,7223.0,21880.26,1962.08,2769.775,2938.0,53.0,47,5,1,31,9,287000,1,1,1.0,1,76.0,545000.0,768.0,1411.0,98325.96,361085.0,55.0,36,22401.0,83675.0,35063.0,7,81,59966.0,55054.63,22538.0,3,49,85924.0,Y,2536.09,current,M,51,HIGH,15.5,1,537.0,1,11.0
5721,16757,18047.0,3913.36,1370.0,5079.04,13449.5,530.0,13193.01,18.0,71,3,53,5,1,75000,1,1,1.0,1,6558.8,19000.0,8333.0,5340.0,23003.88,97825.0,7.0,2,55623.0,28619.0,78174.88,43,13,16926.9,81903.06,742.0,49,17,46650.0,Y,998.22,current,M,56,MEDIUM,10.8,1,519.0,1,16.0
5722,8082,7377.0,19290.0,5440.2,17523.77,9564.03,3978.015,2973.0,50.0,6,3,1,38,11,244000,1,1,1.0,1,526.25,1513335.0,48950.0,5773.0,48691.1,42492.3,70.0,3,18978.0,16686.57,25103.0,0,8,25555.0,186377.04,37620.0,5,106,108697.0,Y,1432.85,current,F,38,MEDIUM,12.600000000000001,4,324.0,1,6.0
5723,9871,17885.0,3077.0,12764.0,1555.5,3172.0,5861.0,9368.0,124.0,5,61,25,1,39,461000,1,1,1.0,1,46730.2,376694.91,3975.0,0.0,9505.25,48003.0,46.0,1,154154.0,162068.19,126417.0,2,25,270456.0,62532.0,25366.0,2,113,50282.0,Y,8972.14,current,M,40,MEDIUM,14.0,7,683.0,1,7.0
5724,4109,297356.0,7487.46,5317.0,14396.0,913.4,4870.5,5705.0,17.0,85,35,42,62,3,329000,1,1,1.0,1,3502.8,11897.0,78309.0,-5998.43994,14256.62,427895.0,52.0,1,36850.0,46972.29,34815.0,2,20,77764.0,72614.47,89666.56,5,58,26645.0,Y,1801.62,current,F,66,MEDIUM,23.0,5,653.0,1,10.0
5725,13886,10925.0,28129.88,7836.0,912.0,4037.5,13874.0,797.0,6.0,10,5,1,4,1,306000,1,1,1.0,1,6100.0,235.17,2214.0,12415.0,217595.12,151446.72,52.0,26,33164.0,88254.0,199523.0,5,50,15640.0,135215.9,41863.0,1,11,11376.0,Y,7350.78,current,M,35,LOW,15.0,4,743.0,1,12.0
5726,19936,7432.0,15366.0,1047.0,2628.0,720.4,34081.5,2582.0,60.0,8,20,24,62,18,134000,1,1,1.0,1,27078.09,17000.0,583.0,20324.0,32266.0,589.17,90.0,3,52275.0,50239.25,12561.0,2,44,4405.0,87774.65,19850.21,14,58,60227.0,Y,3482.24,saving,M,32,MEDIUM,1.2000000000000002,2,638.0,0,3.0
5727,14977,16934.0,20188.2,17425.0,9553.0,4556.23,601.0,14523.33,6.0,65,10,30,6,13,400000,1,1,1.0,1,39851.93,350000.0,37274.0,6916.0,17009.22,11066.0,86.0,5,36570.0,48138.96,64426.0,5,9,1355.0,111038.75,40259.5,6,104,39957.0,Y,1644.59,current,M,64,HIGH,39.6,5,743.0,1,17.0
5728,9273,8641.0,1646.0,12701.75,6120.51,3182.0,3996.0,2065.0,10.0,4,5,1,1,2,467000,1,1,1.0,1,115.45,55000.0,33774.0,1465.0,33679.21,79118.0,50.0,7,14206.0,89905.84,78174.88,23,82,11080.0,52365.83,70416.0,5,11,32386.0,Y,2013.53,current,M,28,MEDIUM,4.0,7,860.0,1,20.0
5729,12218,6562.0,5213.52,8680.0,4615.1,16513.26,2999.075,1841.35,531.0,3,5,42,25,36,296000,1,1,1.0,1,253302.0,159308.0,508.0,167.0,50603.92,26852.61,103.0,1,97268.0,19495.66,20426.0,43,82,35037.0,74926.16,28228.0,9,1,21300.0,Y,41448.51,current,F,66,MEDIUM,41.400000000000006,8,464.0,1,13.0
5730,15090,5240.0,22482.22,729.7,16160.18,1490.0,8134.0,5966.0,12.0,30,59,4,12,98,172000,1,1,1.0,1,241.65,191000.0,68000.0,20513.0,94983.04,21306.0,2.0,4,17207.0,59275.34,64426.0,3,171,48507.0,58425.76,58252.0,62,124,85500.0,Y,1353.73,saving,M,33,HIGH,1.3,10,626.0,0,14.0
5731,7068,14040.0,15454.13,603.0,13610.91,2615.06,5313.0,2382.0,2.0,23,14,48,62,47,329000,1,1,1.0,1,26360.0,446457.0,1611.0,9415.0,93998.66,110190.88,90.0,19,43127.0,36821.55,9542.0,2,6,3368.0,27017.79,68042.0,21,11,16650.0,Y,9126.98,saving,M,35,LOW,3.0,3,614.0,1,16.0
5732,16522,8414.0,61257.0,440.0,2753.0,800.12,1860.01,473.59,26.0,3,38,1,7,26,74100,1,1,1.0,1,68640.0,3.0,10973.0,903.0,9748.56,19079.0,9.0,3,31626.0,13353.02,32170.0,1,20,23330.0,29995.17,45604.29,7,3,132307.0,Y,9385.13,current,M,66,LOW,23.0,8,454.0,1,2.0
5733,1563,11908.0,73487.5,4226.6,4338.0,2296.0,2612.0,4787.0,100.0,6,50,1,5,3,272000,1,1,1.0,1,67833.35,172678.56,971.0,-5439.0,8534.0,58301.0,4.0,36,21474.0,58487.0,174704.0,2,6,31769.0,36289.5,22499.0,40,103,31182.0,Y,19050.0,current,F,66,LOW,32.2,9,950.0,1,6.0
5734,5271,4538.0,13819.9,4915.0,4612.73,46531.0,6284.0,6032.0,136.0,4,102,1,62,47,453000,1,1,1.0,1,62217.0,60481.0,56184.0,12174.0,42056.58,72293.0,77.0,30,99440.0,237284.0,22935.0,4,11,44641.0,40591.5,39392.0,94,103,18074.62,Y,6027.11,current,M,46,MEDIUM,18.2,7,723.0,1,10.0
5735,4487,5689.0,56573.0,5317.0,6345.0,55533.25,2174.0,4127.0,7.0,30,5,18,51,1,167000,1,1,1.0,1,516.8,232235.65,65000.0,12163.0,57765.5,35756.0,5.0,17,36300.0,110064.08,57178.0,3,30,81500.0,38525.12,66819.0,19,133,23052.0,Y,1506.35,current,M,47,MEDIUM,24.3,2,247.0,0,17.0
5736,13420,12024.0,1332.0,1994.0,2425.69,6682.49,10152.3,7011.0,101.0,36,47,5,3,2,341000,1,1,1.0,1,173732.5,110135.86,1001.0,173.0,43301.95,55854.0,4.0,13,10577.0,76811.41,7950.0,3,23,20689.0,32533.36,36265.0,49,36,27480.0,Y,31564.64,current,M,31,MEDIUM,4.4,2,464.0,0,16.0
5737,6731,1212.0,14735.0,608.0,2360.85,9627.0,4345.31,3487.0,6.0,17,7,1,25,56,524000,1,1,1.0,1,293418.75,96096.0,24250.0,2351.0,6121.25,60040.0,11.0,1,27590.0,23700.67,83031.0,2,28,30900.0,130812.42,42705.0,62,80,44276.0,Y,4598.38,current,M,32,LOW,7.2,4,451.0,1,10.0
5738,5352,16934.0,12174.73,5726.0,8901.45,9954.0,5306.285,1439.7,1.0,61,4,26,6,2,191000,1,1,1.0,1,6100.0,16671.0,12337.0,5730.0,19365.42,15175.0,10.0,1,296080.0,13487.1,107034.35,6,6,69243.0,368474.5,58458.25,9,107,176000.0,Y,16358.35,current,F,44,MEDIUM,12.0,7,796.0,1,19.0
5739,15688,7009.0,6724.23,11143.04,8848.0,2374.16,688.5,728.75,63.0,23,44,3,24,70,410000,1,1,1.0,1,17377.25,64491.0,24619.0,1992.0,100420.81,225427.0,52.0,3,16421.0,13854.87,111500.0,2,13,17997.95,40084.16,12761.0,21,103,255500.0,Y,6694.57,current,M,120,LOW,40.0,8,656.0,1,11.0
5740,11752,1478.0,4096.33,3330.0,17597.6,24356.64,14497.54,2877.0,6.0,10,3,8,6,98,67000,1,1,1.0,1,3380.0,1400000.0,100000.0,4063.0,18096.0,97941.07,16.0,0,26604.0,72941.43,192918.0,1,50,652.35,22707.0,44612.0,117,103,189147.0,Y,320.41,current,M,47,MEDIUM,18.900000000000002,4,330.0,1,14.0
5741,14732,14429.0,15731.0,4335.0,3399.0,1208.0,15137.98,22633.42,10.0,5,13,3,38,1,660000,1,1,1.0,1,81872.65,229809.2,24619.0,-5715.49022999999,44950.68,43277.37,36.0,7,27200.0,23672.0,97732.62,3,82,35184.0,68729.1,27418.0,117,18,109349.0,Y,10975.65,current,F,66,MEDIUM,32.2,6,805.0,1,5.0
5742,16891,310023.0,3577.16,2154.29,19959.45,2980.59,11126.995,2683.35,7.0,99,62,60,1,42,326000,1,1,1.0,1,3299447.136,187788.1,60000.0,6409.0,8336.91,24539.0,4.0,19,13173.0,37271.5,39225.0,1,8,21241.05,24091.33,62533.9,6,68,22215.0,Y,7703.7,current,M,44,MEDIUM,9.600000000000001,7,638.0,0,16.0
5743,14918,2617.0,22853.49,1405.09,7436.22,671.0,2985.0,1453.0,92.0,13,47,1,1,2,393000,1,1,1.0,1,223000.0,191000.0,768.0,-5942.0,46930.38,38325.1,39.0,7,35106.0,82324.3,41485.0,4,5,102500.0,49846.26,72378.75,4,104,17953.0,Y,6146.75,current,M,38,MEDIUM,1.8,10,922.0,0,2.0
5744,19360,6632.0,4762.92,8012.0,2030.0,439.9,222.0,5902.0,56.0,15,27,39,44,2,157000,1,1,1.0,1,6100.0,40000.0,6966.0,2351.0,142979.7,24977.0,16.0,1,27704.0,54979.95,21890.0,9,82,24061.0,29952.59,91892.0,12,32,19086.0,Y,8189.28,current,M,120,LOW,10.0,4,802.0,0,7.0
5745,7358,17461.0,2051.0,2202.0,4245.5,302.0,8316.69,566.0,19.0,37,1,8,5,1,425000,1,1,1.0,1,52209.5,35421.67,12337.0,1500.0,33086.55,32787.13,29.0,17,77595.0,44767.27,52991.0,2,171,12330.0,78687.83,6441.0,2,13,60363.0,Y,1255.17,current,M,222,MEDIUM,40.400000000000006,2,908.0,0,5.0
5746,4303,9735.0,6006.55,1176.2,7008.62,4008.39,13696.0,11070.0,5.0,43,4,1,2,79,199999,1,1,1.0,1,23669.0,100934.0,183999.0,-12179.0,90721.04,10296.0,46.0,1,49803.0,61110.0,59453.0,47,20,35140.0,51097.0,78535.0,40,22,49210.0,Y,946.53,current,M,29,MEDIUM,8.1,6,743.0,1,20.0
5747,13735,15104.0,50362.0,9086.56,1286.46,337.92,3938.095,38571.75,24.0,66,20,2,21,1,268000,1,1,1.0,1,134985.0,184514.0,43908.0,20513.0,70041.27,37448.0,4.0,3,23710.0,19381.29,97570.0,1,1,28277.0,27435.75,68057.0,4,32,18565.0,Y,2908.26,current,M,34,HIGH,4.2,4,867.0,1,4.0
5748,12933,107.0,3492.0,6023.0,2907.0,2722.93,13652.0,17737.5,19.0,26,47,48,2,47,100000,1,1,1.0,1,34443.0,650000.0,1001.0,0.0,290376.4,112569.0,42.0,31,43993.0,136574.75,22768.0,6,8,59584.0,14051.6,171.0,11,106,20.0,Y,289.0,saving,M,69,MEDIUM,44.1,9,269.0,1,9.0
5749,12389,324436.0,4214.72,740.5,2709.5,1548.34,31090.0,236.0,101.0,18,653,26,1,14,52000,1,1,1.0,1,5210.85,97000.0,643.0,1079.0,102540.88,181139.37,90.0,5,99763.0,234096.0,42611.36,3,20,25178.0,54015.0,44077.66,13,3,51347.0,Y,7489.91,current,M,222,HIGH,181.8,10,921.0,0,3.0
5750,10098,4735.0,21706.12,346.0,12410.97,3031.04,9863.29,6169.0,8.0,1,87,1,44,79,199999,1,1,1.0,1,75240.45,138475.4,50000.0,7478.0,21969.43,204492.0,11.0,26,12920.0,305486.99,5981.0,45,8,179003.0,9606.75,105365.0,4,73,201811.0,Y,0.0,current,M,42,LOW,13.200000000000001,8,867.0,1,2.0
5751,15461,4503.0,8884.25,7223.0,4353.04,3110.54,68256.0,2912.0,60.0,23,1,1,1,6,17000,1,1,1.0,1,683316.0,15395.48,22000.0,-3506.17993,238915.47,65226.4,16.0,36,19538.0,11151.0,8769.0,3,11,65538.0,28636.42,70078.79,38,12,28143.0,Y,8980.4,current,M,37,MEDIUM,6.800000000000001,7,370.0,1,8.0
5752,8200,9764.0,15122.98,2695.0,11357.81,5900.97,1273.0,830.0,6.0,71,4,47,1,34,480000,1,1,1.0,1,124929.75,262556.0,36114.0,-4664.0,9259.48,571241.37,10.0,36,30399.0,204.5,15847.73,2,14,30362.0,44213.0,45236.49,36,38,31525.0,Y,80960.37,current,M,33,MEDIUM,1.3,3,858.0,1,18.0
5753,931,14971.0,658.81,16393.0,40431.48,979.0,9058.0,7274.0,1.0,5,19,5,55,6,178000,1,1,1.0,1,161704.0,252369.0,11580.0,10210.0,32340.12,80333.0,69.0,3,240000.0,29989.8,40006.65,3,13,49000.0,41843.76,73762.25,7,3,17344.74,Y,8463.59,current,F,60,MEDIUM,16.0,2,385.0,1,17.0
5754,13395,11482.0,1172.93,4173.4,976.92,1395.0,32239.6,2842.0,10.0,77,32,2,2,3,150000,1,1,1.0,1,4140.0,150000.0,1036.0,24326.0,62634.27,115068.0,43.0,0,50960.95,154676.33,61986.0,31,29,824.5,46962.59,100839.79,49,11,103380.0,Y,43172.66,saving,F,30,MEDIUM,2.0,1,385.0,0,20.0
5755,11318,11301.0,88174.28,3033.6,34946.23,781.26,38125.135,1621.0,7.0,10,2,20,9,12,297000,1,1,1.0,1,327324.9,118983.0,6100.0,7478.0,84065.5,149840.0,11.0,3,16245.0,242485.4,22297.0,19,171,5350.0,19954.37,84160.5,6,96,11740.0,Y,2579.32,current,M,33,MEDIUM,3.9000000000000004,9,656.0,0,18.0
5756,19635,11257.0,11362.61,5061.0,5076.0,104123.06,6312.45,6032.0,531.0,5,7,82,25,1,286000,1,1,1.0,1,144293.83,18000.0,36114.0,-4679.0,123963.92,102583.0,42.0,2,64328.16,20826.64,23380.35,20,6,23093.0,46214.33,63827.0,3,6,9784.0,Y,263.31,current,M,47,LOW,24.3,7,424.0,1,8.0
5757,1667,11388.0,4586.67,3444.37,15093.42,1590.0,2491.0,13271.0,6.0,5,6,4,16,42,324000,1,1,1.0,1,13732.93,273221.0,15756.0,6916.0,60593.45,29614.82,6.0,31,14682.0,56044.75,165400.0,31,17,17778.0,72048.15,84070.0,7,50,32367.0,Y,5971.57,current,F,30,LOW,3.0,3,330.0,1,4.0
5758,13222,14759.0,7862.43,2666.95,2761.14,45480.88,7622.93,377.0,4.0,2,72,18,1,34,480000,1,1,1.0,1,13877.4,280000.0,5540.0,-5942.0,194323.25,13157.75,103.0,4,21991.0,69784.22,77256.0,3,8,1993.08,29386.07,20961.0,11,32,25396.0,Y,9758.48,current,M,53,LOW,3.3000000000000003,3,445.0,0,7.0
5759,18750,300364.0,15827.42,3018.0,19135.91,1213.0,14938.0,2897.0,67.0,32,89,1,55,13,75000,1,1,1.0,1,167.5,300000.0,2644.0,12415.0,41128.4,46863.38,4.0,4,54001.0,205653.26,30184.0,3,50,23014.0,56913.5,34980.0,3,21,2474.0,Y,9283.21,current,M,34,LOW,7.0,1,395.0,1,6.0
5760,5151,15134.0,13309.26,1156.7,19287.6,629.1,4784.0,1834.08,56.0,9,135,1,31,55,525000,1,1,1.0,1,68640.0,138475.4,56305.0,5773.0,242571.07,46050.0,79.0,6,36370.0,122414.13,48619.05,3,78,652.35,105394.11,9007.0,8,58,25744.0,Y,4621.44,current,M,27,MEDIUM,4.9,10,525.0,1,9.0
5761,19448,13887.0,13213.07,1468.0,2628.0,2942.95,1426.0,1842.0,136.0,9,19,1,7,11,156000,1,1,1.0,1,148705.0,17000.0,230000.0,14509.0,79212.27,24425.0,4.0,1,39329.0,661147.51,3139.0,43,171,117144.0,59846.95,198910.0,47,83,29630.0,Y,876.58,current,M,28,MEDIUM,2.4000000000000004,8,683.0,0,2.0
5762,8886,11908.0,10784.65,1730.0,3326.15,990.74,7060.0,1797.0,5.0,77,117,53,3,2,670000,1,1,1.0,1,825.0,6574.31,2156.0,-6885.0,69465.62,13954.0,46.0,19,21982.0,22469.23,31326.0,31,75,9537.0,30375.64,9166.0,42,11,50201.0,Y,801.65,current,M,27,MEDIUM,1.4000000000000001,8,614.0,0,20.0
5763,17175,4926.0,11499.58,6201.17,20735.0,36186.0,1012.0,5400.0,1.0,30,87,1,62,5,784000,1,1,1.0,1,8043.25,150000.0,643.0,0.0,46023.94,10231.0,82.0,5,38330.0,35826.7,1207666.75,43,2,52880.0,19661.45,156473.0,3,0,54400.0,Y,371.78,saving,M,63,MEDIUM,25.8,8,629.0,0,12.0
5764,3048,9706.0,7713.85,717.6,42537.57,13469.0,2980.52,6169.0,7.0,9,35,24,1,2,17000,1,1,1.0,1,12869465.0,136000.0,550.0,1931.0,81035.43,35711.0,69.0,9,76.14,245787.99,26052.0,2,20,13291.0,41071.76,108324.39,43,50,15587.0,Y,1174.41,current,M,40,MEDIUM,16.0,2,966.0,1,11.0
5765,17244,224685.0,10267.5,4226.6,1466.34,856.0,1189.0,2346.94,4.0,29,35,1,71,9,67000,1,1,1.0,1,1424.5,992890.32,16004.0,5340.0,24459.25,199540.0,5.0,2,18257.17,14612.42,242634.6,43,26,49404.96,38219.07,1089551.0,16,73,16479.0,Y,3424.98,current,M,35,LOW,12.0,1,858.0,1,7.0
5766,10166,11822.0,68881.33,6866.0,3411.0,7174.0,24741.0,17167.0,7.0,71,89,41,17,3,271000,1,1,1.0,1,33784.35,88482.8,550.0,6441.0,50762.25,53416.0,10.0,0,54434.52,31162.54,3719.0,17,81,18613.0,19776.0,15138.0,4,3,28989.0,Y,4021.42,current,M,42,MEDIUM,15.4,6,818.0,1,11.0
5767,2777,6780.0,10525.77,994.2,2143.8,26607.0,2433.94,20130.0,1.0,8,1,1,21,8,477000,1,1,1.0,1,30382.2,335948.0,130000.0,10455.0,24574.74,30907.0,147.0,2,68695.0,25958.66,15710.0,43,20,35214.0,26723.96,46245.0,3,6,29922.0,Y,15092.7,current,F,46,HIGH,15.600000000000001,2,268.0,1,7.0
5768,2896,18933.0,6451.0,3118.0,7612.0,2859.84,1598.4,2212.92,1.0,23,117,8,1,41,380000,1,1,1.0,1,825.0,109000.0,49975.0,2351.0,303723.75,24597.0,103.0,1,36131.0,24432.0,89082.0,6,8,202639.0,24775.03,62518.0,12,101,53982.0,Y,5685.58,current,M,66,LOW,32.2,7,296.0,1,18.0
5769,3595,20156.0,22949.25,3349.18,10688.4,399.0,24929.43,786.0,2.0,29,35,50,18,1,190000,1,1,1.0,1,9646.5,165970.9,126001.0,9827.0,13697.23,174676.38,10.0,2,184710.0,25284.17,54956.28,50,9,29290.0,33492.39,101094.0,47,106,37008.0,Y,4702.58,current,M,29,LOW,9.0,1,683.0,1,9.0
5770,10878,213772.0,2852.0,5849.0,37227.89,2243.3,20588.04,15169.0,5.0,10,29,82,55,30,27000,1,1,1.0,1,13659.0,165970.9,13873.0,6885.0,953.25,67971.5,10.0,1,16956.0,64262.21,50551.56,31,82,33077.0,48428.46,57602.0,47,18,40270.0,Y,7493.52,current,M,30,LOW,5.0,10,713.0,1,13.0
5771,3786,9451.0,6306.12,62721.0,4546.0,2467.68,15134.4,1981.0,531.0,43,13,2,31,1,202500,1,1,1.0,1,138272.2,65480.0,25524.0,6260.0,22495.75,50010.0,91.0,35,19052.0,57693.21,67084.0,8,4,2594.0,48986.0,138312.0,3,36,29788.28,Y,1869.37,saving,F,50,HIGH,27.0,2,536.0,0,11.0
5772,17926,17011.0,385.0,8044.0,3526.99,4719.0,1275.36,11215.0,5.0,43,9,24,38,2,50900,1,1,1.0,1,19146.65,121927.8,300500.0,1079.0,17564.25,49556.18,18.0,29,51101.22,121721.37,191897.0,11,86,496256.0,114436.6,32256.29,11,124,15543.0,Y,17044.86,saving,M,64,LOW,39.6,7,595.0,1,20.0
5773,9476,2998.0,12781.93,10993.0,2640.0,3791.72,5951.78,3526.67,44.0,60,13,2,62,3,581000,1,1,1.0,1,5457.0,400000.0,2019.0,-3506.17993,41252.91,56178.0,55.0,0,64208.0,56148.0,474686.0,45,59,20500.0,35226.0,80421.0,4,75,52596.0,Y,2489.08,current,M,33,MEDIUM,5.2,2,737.0,1,15.0
5774,7285,13207.0,3513.81,36193.86,38642.2,1635.3,2049.68,377.0,124.0,23,27,52,5,1,300000,1,1,1.0,1,94493.75,6.0,16068.0,-4679.0,72029.81,110035.0,11.0,1,28742.0,19024.74,155219.0,2,4,35203.0,54920.45,29200.65,40,2,104890.0,Y,18638.57,current,M,35,MEDIUM,6.0,6,805.0,0,13.0
5775,15515,1355.0,621.0,5979.58,10860.0,777.57,9874.0,1746.0,101.0,13,14,5,25,14,67000,1,1,1.0,1,185669.2,221000.0,50000.0,0.0,38825.01,33409.0,16.0,4,24135.0,134968.36,63623.0,0,42,183109.0,55138.79,26699.5,49,3,35826.0,Y,46579.26,current,F,36,MEDIUM,16.0,9,314.0,1,19.0
5776,2291,6037.0,50617.66,7223.0,4947.0,9120.0,3366.51,1290.12,44.0,3,60,2,7,31,272000,1,1,1.0,1,60800.0,760470.3,12000.0,3735.0,49118.36,72208.0,11.0,0,23739.0,31886.0,39629.0,4,24,1700.0,81395.0,30069.0,4,79,513.0,Y,6756.42,current,M,39,MEDIUM,3.8000000000000003,6,866.0,1,8.0
5777,2793,287226.0,4041.5,811.0,17174.01,3536.38,76211.0,4080.0,4.0,83,5,1,1,70,75000,1,1,1.0,1,28482.5,295150.9,23500.0,-5942.0,21701.6,58392.0,55.0,28,65140.0,9539.5,197692.75,1,8,70186.0,32974.14,133752.0,21,133,18560.0,Y,21789.16,current,M,37,MEDIUM,13.600000000000001,5,454.0,1,9.0
5778,19345,9415.0,15198.7,284.0,13538.49,2448.86,3258.67,9900.72,43.0,61,14,4,21,6,395000,1,1,1.0,1,259573.3,19.39,48500.0,-6301.0,30979.0,35386.0,52.0,3,21257.0,4547.0,129896.0,23,4,59466.0,21105.93,125967.0,13,32,567.0,Y,215.05,current,M,30,MEDIUM,9.0,3,558.0,1,6.0
5779,18826,18095.0,5312.0,4164.0,3699.31,7067.0,1612.0,1675.0,9.0,2,7,2,1,4,528000,1,1,1.0,1,6558.8,88482.8,3000.0,-4664.0,59850.0,281271.0,2.0,1,16105.0,101525.94,32415.71,7,78,204622.0,33075.29,42484.54,8,8,43480.0,Y,39725.97,current,M,37,MEDIUM,8.5,5,805.0,1,10.0
5780,14908,173538.0,92096.8,5280.0,11342.9,10000.33,6257.0,2164.0,6.0,6,23,30,56,30,524000,1,1,1.0,1,4120.0,105000.0,768.0,9415.0,10029.01,73620.0,4.0,33,30786.0,306207.0,114547.72,20,42,104882.0,34290.65,72822.0,9,65,24167.0,Y,6086.23,current,M,29,MEDIUM,2.7,9,448.0,1,16.0
5781,17178,14709.0,19714.5,25408.52,34195.71,2876.0,18248.0,3327.0,8.0,30,6,1,9,1,44000,1,1,1.0,1,51291.45,76157.6,2644.0,9827.0,214178.0,174232.0,42.0,30,34394.0,25720.94,39967.0,35,77,8077.0,70815.13,20271.75,3,42,16340.0,Y,561.59,saving,M,37,LOW,6.800000000000001,8,911.0,1,15.0
5782,19513,2618.0,4571.92,7036.0,12915.0,777.57,10348.065,93094.0,10.0,13,87,24,6,2,114000,1,1,1.0,1,225823.8,24000.0,643.0,1332.0,66448.3,71292.0,16.0,36,34099.0,117828.87,50831.0,17,8,11080.0,40313.5,70625.0,6,42,1789.0,Y,525.52,saving,M,36,MEDIUM,12.8,5,801.0,0,6.0
5783,11206,39996.0,23724.0,16802.26,5694.0,10462.0,2414.49,589.52,5.0,9,9,18,4,4,139999,1,1,1.0,1,9649.6,170989.0,59414.0,1429.0,35068.0,335944.0,40.0,2,43720.0,31137.75,24685.0,3,59,34360.0,39074.54,87204.35,94,75,9760.0,Y,10526.97,current,M,120,MEDIUM,50.0,5,485.0,1,14.0
5784,840,12851.0,9317.53,3138.6,2101.0,2513.0,14831.13,27841.0,5.0,32,50,42,23,5,581000,1,1,1.0,1,161704.0,237365.38,14904.0,6885.0,112068.99,31091.9,80.0,4,41324.0,45101.08,65236.0,2,59,5520.0,14738.33,23896.0,14,15,32187.0,Y,6236.79,current,M,222,MEDIUM,161.60000000000002,6,638.0,1,6.0
5785,14941,11905.0,27617.5,5023.0,1274.9,3550.0,2669.0,6412.0,2.0,71,67,52,4,86,383000,1,1,1.0,1,3938.25,900000.0,2644.0,20324.0,52372.78,98317.02,55.0,2,3570.0,32213.49,2970.8,43,67,33077.0,22840.35,38246.0,93,79,71265.82,Y,103.76,saving,M,37,LOW,3.4000000000000004,5,450.0,1,5.0
5786,19176,3457.0,8589.76,713.0,33353.0,3876.0,7178.5,2437.0,9.0,99,87,1,9,4,224000,1,1,1.0,1,58121.25,257406.7,105000.0,6885.0,41128.4,13322.91,4.0,3,32369.0,98746.0,182372.0,1,63,54792.0,24810.06,130447.0,2,42,34725.0,Y,85.23,current,F,60,MEDIUM,40.0,8,748.0,1,13.0
5787,4497,85489.0,1718.09,11358.0,65537.74,3799.0,14247.0,2727.0,44.0,7,27,1,44,13,522000,1,1,1.0,1,46962.5,38928.0,925.0,12965.0,43023.5,30025.5,20.0,1,28974.0,32131.0,63788.0,2,78,24422.0,12190.7,20847.0,21,50,44627.0,Y,4864.86,current,M,32,MEDIUM,4.800000000000001,3,748.0,1,13.0
5788,17215,14356.0,18309.7,250.47,115281.54,3371.0,6143.0,4006.0,1.0,3,6,1,1,1,138000,1,1,1.0,1,25506.67,70000.0,51520.0,167.0,128675.1,483250.0,24.0,2,15557.0,136226.17,94569.36,2,4,88653.0,28221.33,58618.29,3,58,22451.0,Y,66592.72,current,M,35,MEDIUM,3.0,2,863.0,1,7.0
5789,1640,8868.0,7487.46,3244.86,13130.9,7157.01,2096.0,1771.0,43.0,77,74,60,36,1,83000,1,1,1.0,1,60800.0,64491.0,5905.0,5730.0,29702.25,48057.0,39.0,5,21290.0,135033.75,81621.89,9,8,254314.0,68522.31,32883.02,2,49,112918.0,Y,2644.15,current,M,60,HIGH,20.0,3,448.0,1,5.0
5790,18008,10350.0,12161.65,19135.0,17374.21,10964.5,10798.0,263.0,44.0,43,71,35,3,2,386000,1,1,1.0,1,10562.45,43021.0,6146.0,-5715.49022999999,72444.0,38126.0,36.0,3,84209.0,37624.38,90100.0,6,63,178243.0,35140.72,15266.0,47,25,8348.0,Y,8200.0,current,M,64,MEDIUM,44.0,5,588.0,1,19.0
5791,8936,34701.0,40833.78,341.0,8254.84,3773.0,9353.9,8651.0,100.0,43,82,8,55,13,329000,1,1,1.0,1,154363.25,25404.0,5797.0,6885.0,46930.38,112061.0,67.0,30,110344.0,28288.04,11160.0,4,27,25576.0,7506.4,28187.0,94,79,66990.0,Y,1664.61,current,M,35,HIGH,4.5,3,249.0,1,19.0
5792,10325,6207.0,4706.84,3532.0,25639.11,9817.88,3121.0,2520.0,2.0,66,49,18,3,5,156000,1,1,1.0,1,126303.7,187788.1,3975.0,-6301.0,35828.88,32652.0,84.0,2,22957.0,24812.0,50123.0,2,20,18283.0,14180.5,192393.0,6,103,52722.0,Y,4141.87,current,M,66,LOW,32.2,9,958.0,1,7.0
5793,8797,2405.0,3050.16,363.0,17112.0,12917.35,968.0,1751.0,6.0,1,5,5,62,31,104000,1,1,1.0,1,871.5,674291.83,15477.0,1429.0,29152.21,15209.0,63.0,36,25661.0,12433.58,30759.36,2,108,32478.0,46680.3,66984.74,117,96,15497.0,Y,12788.67,current,F,49,MEDIUM,23.200000000000003,5,314.0,1,2.0
5794,5685,31237.0,5529.17,6253.73,13086.0,1245.0,18067.14,1090.0,100.0,13,90,24,1,1,112000,1,1,1.0,1,98543.96,234459.4,25524.0,5340.0,44533.69,65348.0,62.0,15,218500.0,10505.11,230836.01,9,25,24320.0,93915.96,150372.0,7,25,1160.0,Y,9834.73,current,M,38,LOW,7.2,2,867.0,1,18.0
5795,9775,9742.0,4683.0,2509.0,30835.07,9529.0,8028.0,1338.0,1.0,11,82,53,62,53,512000,1,1,1.0,1,19957.5,82907.34,3975.0,12299.0,15090.13,101469.0,18.0,2,70620.0,240300.0,79250.0,20,81,98790.0,142381.76,17238.0,21,12,24024.0,Y,33489.8,current,M,54,LOW,20.400000000000002,4,258.0,0,12.0
5796,15112,18593.0,13912.99,3904.14,4400.63,5002.0,8047.0,2684.5,24.0,23,38,1,15,44,448000,1,1,1.0,1,1399.9,59306.0,49975.0,14509.0,48790.77,44629.0,3.0,2,21396.0,103045.81,92849.0,9,27,19015.0,41083.0,55296.0,6,50,20797.0,Y,48.85,current,M,50,HIGH,9.0,2,771.0,1,20.0
5797,12123,54366.0,67095.85,4123.0,9628.02,2365.0,3570.69,18174.06,3.0,8,10,4,15,18,307000,1,1,1.0,1,13732.93,26884.0,130000.0,173.0,22577.88,70.65,3.0,5,21100.0,18886.0,111419.0,6,1,32520.0,28187.88,40879.0,6,65,38151.0,Y,7984.41,current,M,62,MEDIUM,21.0,8,330.0,1,16.0
5798,8912,207058.0,7266.5,489.0,2910.0,17692.0,1218.29,3854.0,5.0,25,49,1,5,3,252000,1,1,1.0,1,71020.5,917881.54,1526.0,12299.0,27874.25,119979.08,4.0,29,21083.0,7374.53,148090.6,5,4,9909.0,120061.64,90348.5,7,113,38177.0,Y,4790.72,current,M,42,MEDIUM,13.200000000000001,6,883.0,0,20.0
5799,888,4424.0,33528.89,284.0,10064.0,600.0,4029.0,473.59,63.0,99,13,24,1,47,255000,1,1,1.0,1,4120.0,1475000.0,610000.0,6885.0,15708.29,16822.64,52.0,36,33175.0,30945.47,96879.24,43,7,42568.0,6314.44,475.0,3,12,30475.0,Y,1446.07,current,M,40,MEDIUM,14.0,3,512.0,1,7.0
5800,2727,8817.0,33711.29,191.0,5139.0,847.0,1538.82,11355.0,124.0,13,89,4,1,1,173000,1,1,1.0,1,9542.5,50000.0,4000.0,4150.0,19365.42,15345.0,4.0,4,60137.0,23106.78,66733.0,47,42,27869.0,53214.86,35467.0,2,24,24082.0,Y,4583.09,current,M,35,MEDIUM,4.5,9,683.0,1,7.0
5801,12266,1677.0,5161.0,1166.42,3365.78,2416.0,17977.01,17939.52,136.0,1,5,30,9,47,447000,1,1,1.0,1,871.5,6574.31,6000.0,20513.0,18246.13,110035.0,42.0,26,63500.0,37377.25,66902.0,1,28,1615.0,130330.39,170576.0,8,18,470.0,Y,1364.09,current,M,47,MEDIUM,8.1,5,355.0,1,12.0
5802,4320,13509.0,28440.5,1254.0,57110.99,22378.0,6312.45,1263.0,14.0,50,2,8,21,75,193730,1,1,1.0,1,102.95,12257.0,519.0,6885.0,42545.95,13185.87,4.0,3,41260.0,97889.25,5817.0,31,1,581.0,152478.15,32036.0,40,22,20007.0,Y,3486.1,current,M,37,MEDIUM,5.1000000000000005,3,809.0,1,11.0
5803,14243,1484.0,66504.18,49690.0,294.0,2061.0,14097.0,1928.63,4.0,71,48,30,55,2,100000,1,1,1.0,1,26335.7,110135.86,12337.0,5730.0,41875.6,36367.66,11.0,31,149392.0,37491.0,35031.36,1,12,100.35,65334.53,120864.65,3,24,69959.01,Y,1586.92,current,M,27,MEDIUM,4.2,3,955.0,0,13.0
5804,14508,1373.0,922.0,98.0,1671.0,2369.5,6195.66,4855.0,136.0,34,64,82,14,11,595000,1,1,1.0,1,18847.5,5241.0,2156.0,-5439.0,6657.0,5252.0,1.0,26,21258.0,8410.64,42394.13,5,82,83688.0,77237.33,231226.48,2,106,23417.0,Y,11413.01,current,M,62,LOW,21.0,7,503.0,1,14.0
5805,9321,7788.0,3916.24,10292.0,21329.83,1794.0,3096.13,264.0,1.0,32,35,21,3,6,360000,1,1,1.0,1,59703.93,84.32,25000.0,10210.0,39917.0,37449.0,18.0,36,71934.0,100294.52,208950.52,1,82,92775.0,81903.06,36134.56,43,63,75798.0,Y,1453.86,current,M,40,MEDIUM,6.0,7,523.0,1,18.0
5806,4994,5038.0,2672.0,80.0,14618.33,2107.0,13565.375,2575.38,8.0,84,50,8,2,1,124000,1,1,1.0,1,123134.77,96096.0,13873.0,1522.0,26218.03,39410.0,7.0,43,17234.0,4120.0,65070.0,1,38,6637.0,4240.0,29807.5,2,73,42533.0,Y,16981.11,current,M,37,LOW,13.600000000000001,2,823.0,1,7.0
5807,16801,2592.0,19073.0,2915.0,1823.68,2210.0,10912.0,3002.0,31.0,22,2,1,12,34,80000,1,1,1.0,1,551439.2,3.0,19400.0,173.0,54352.32,48235.0,11.0,43,22575.0,44767.27,7953.0,43,20,146972.0,42990.64,2551.0,9,18,91126.97,Y,1358.04,current,M,32,MEDIUM,12.0,6,451.0,0,6.0
5808,11453,7777.0,1293.0,1087.0,5589.0,9617.15,4887.12,631.0,8.0,32,50,3,5,80,430000,1,1,1.0,1,94493.75,120154.1,15477.0,-4679.0,516.25,30549.0,16.0,7,24270.27,36780.0,21158.0,17,59,25093.0,155252.58,13882.5,2,18,16150.0,Y,12208.19,current,F,28,MEDIUM,6.4,10,594.0,1,18.0
5809,13232,7270.0,3564.31,8463.61,10130.0,5122.0,13459.01,942.0,6.0,61,44,25,36,1,287000,1,1,1.0,1,3101.3,38173.0,19176.0,5350.0,4.01,68207.0,20.0,2,195603.0,82324.3,32490.0,3,23,17960.0,5778.75,82383.0,5,42,148547.0,Y,1006.67,current,M,33,MEDIUM,5.2,3,911.0,1,5.0
5810,17206,1953.0,14100.9,6820.0,17523.77,6570.04,12886.0,10981.0,5.0,2,102,2,1,13,402000,1,1,1.0,1,5914.15,200926.0,2156.0,1429.0,86718.87,50455.0,16.0,15,52612.0,57749.55,14503.0,30,35,42438.0,71252.9,60443.0,5,18,76276.0,Y,5232.19,current,M,66,MEDIUM,23.0,10,330.0,1,2.0
5811,19582,18145.0,10313.0,8615.96,25272.77,3536.38,3851.0,42284.0,26.0,99,50,48,1,2,406000,1,1,1.0,1,48624.7,3.0,25000.0,-5439.0,23005.47,85342.11,69.0,5,35953.0,36960.28,46014.0,8,42,19975.54,62963.29,10699.5,6,21,26021.0,Y,2789.89,current,M,56,MEDIUM,10.8,4,623.0,1,3.0
5812,7991,1381.0,1206.56,1804.0,104152.0,1707.04,1721.5,4258.76,10.0,14,84,52,5,4,45000,1,1,1.0,1,39851.93,152391.0,230000.0,14509.0,35834.85,104311.0,18.0,15,72449.63,37754.08,8640.0,70,12,22905.0,45618.39,50330.0,11,9,19967.0,Y,7362.18,current,F,30,LOW,2.0,10,755.0,1,20.0
5813,12659,141434.0,36584.3,26889.0,5165.36,63028.1,9444.0,1646.0,5.0,10,50,6,6,42,240000,1,1,1.0,1,6558.8,72796.1,583.0,9415.0,6551.0,82474.91,3.0,4,21682.0,160161.55,87375.0,1,171,24119.0,34185.56,59321.31,3,75,26095.0,Y,594.59,current,M,42,MEDIUM,22.0,10,858.0,1,5.0
5814,2748,135357.0,10757.3,15886.0,10204.42,2699.77,28942.0,3789.0,12.0,46,13,1,2,70,362000,1,1,1.0,1,39851.93,191000.0,130000.0,0.0,104341.62,65021.04,4.0,19,30360.0,34069.71,32463.0,5,8,17250.0,119912.0,68746.29,5,38,15765.0,Y,4021.99,current,M,47,MEDIUM,8.1,5,536.0,1,13.0
5815,10538,5134.0,6015.0,3277.5,6053.76,6438.89,2886.75,987.89,56.0,36,16,15,3,1,443000,1,1,1.0,1,1112.4,157000.0,2019.0,5773.0,27456.51,3181.0,8.0,4,58450.0,29820.62,34239.0,9,13,23153.0,15285.78,40969.0,3,103,19777.0,Y,2844.1,current,M,30,MEDIUM,3.0,6,386.0,1,17.0
5816,19842,133443.0,5654.81,13662.0,6271.5,3760.0,1235.01,7237.0,3.0,67,48,2,2,1,400000,1,1,1.0,1,73010.0,165000.0,3570.0,6613.0,256730.16,20104.0,55.0,3,57645.0,24591.0,95741.0,9,12,48928.65,19169.75,68851.2,3,39,633.0,Y,2426.02,saving,M,53,LOW,3.3000000000000003,8,956.0,0,6.0
5817,15514,315773.0,8992.27,10039.0,12446.26,1653.0,9289.0,24148.83,23.0,10,89,30,1,64,170000,1,1,1.0,1,19087.6,84.32,130000.0,1411.0,49802.4,10067.0,69.0,43,40700.0,25323.57,51873.0,2,9,69009.0,17021.8,136.0,47,7,18099.0,Y,2823.26,current,M,33,MEDIUM,10.4,7,737.0,1,19.0
5818,4360,9199.0,12951.0,11166.0,4184.72,3758.0,1460.945,1803.0,136.0,5,117,2,4,64,212500,1,1,1.0,1,83688.0,343342.9,15756.0,8362.0,172727.33,39681.0,82.0,3,37200.0,15505.0,122681.0,5,108,53000.0,350.0,65833.0,1,7,20580.94,Y,1218.61,current,M,46,LOW,10.4,7,269.0,0,20.0
5819,12630,19118.0,14270.0,67801.63,13520.0,17558.0,5512.8,2486.2,1.0,9,35,39,1,54,100000,1,1,1.0,1,46730.2,537476.4,3570.0,1500.0,5616.0,204492.0,11.0,35,29671.0,344.5,37573.0,2,78,36717.0,68635.72,32572.0,5,13,10374.0,Y,1174.41,current,F,40,MEDIUM,8.0,8,244.0,1,4.0
5820,8835,93147.0,40358.0,5277.9,2768.5,2810.0,2878.2,20455.0,26.0,8,6,48,45,13,369000,1,1,1.0,1,965948.8,17000.0,496948.0,5730.0,76792.02,62555.02,103.0,0,28367.0,28498.1,282524.0,43,50,1700.0,54861.68,199264.7,21,24,58491.0,Y,9812.18,current,M,62,HIGH,42.0,1,700.0,0,3.0
5821,14808,213184.0,4593.06,3659.93,23547.0,5995.0,8856.0,1955.52,32.0,43,60,1,3,11,49999,1,1,1.0,1,1146.0,234459.4,927.0,14509.0,67196.19,171420.0,52.0,3,11880.0,121919.46,22371.0,43,12,25746.31,61223.07,17229.0,6,120,73514.0,Y,13242.03,current,M,34,MEDIUM,2.8000000000000003,5,743.0,0,8.0
5822,11202,88440.0,12654.0,383.3,4100.68,6574.0,8546.0,3926.0,43.0,128,48,11,15,22,293000,1,1,1.0,1,3950.0,343342.9,3000.0,6885.0,164249.0,58989.0,4.0,5,67904.0,97204.2,22789.0,20,171,59767.0,71297.78,50628.0,19,24,23761.0,Y,3717.9,saving,M,38,MEDIUM,3.6,2,394.0,1,5.0
5823,8195,10012.0,13091.92,2508.0,774.64,2226.73,16851.71,197.0,44.0,85,7,3,1,34,351000,1,1,1.0,1,47299.5,330001.0,96558.0,-3625.0,124647.9,19092.0,7.0,15,37763.0,49123.75,200165.1,3,50,54.0,23922.35,45414.33,2,10,27480.0,Y,1324.33,current,M,36,MEDIUM,6.4,4,537.0,0,4.0
5824,14258,20132.0,116369.3,1446.01,13801.54,8699.0,5532.39,6991.0,4.0,66,70,6,25,8,170000,1,1,1.0,1,71191.8,43545.0,539.0,10455.0,31654.92,123519.4,69.0,35,20272.0,112639.55,43801.37,3,63,41926.0,51193.25,3194.0,3,6,50759.0,Y,2206.58,saving,M,55,LOW,3.5,9,700.0,1,8.0
5825,3444,19675.0,36395.0,2240.0,8451.38,13703.4,32571.31,2203.0,10.0,23,61,3,31,4,750000,1,1,1.0,1,45463.0,385218.7,23500.0,1411.0,40177.25,33465.0,55.0,5,21671.0,8470.4,60086.0,2,20,278000.0,183852.99,40883.33,14,1,41090.0,Y,1003.53,current,M,33,MEDIUM,10.4,8,922.0,1,4.0
5826,14996,3029.0,7665.5,12538.0,137824.12,881.81,1716.15,442.0,12.0,61,35,4,1,13,252000,1,1,1.0,1,1112.4,158000.0,130000.0,173.0,44446.75,45647.0,11.0,1,63861.44,10742.48,97700.0,1,50,15141.0,163755.17,38305.0,4,75,34566.0,Y,4585.52,current,F,27,MEDIUM,1.4000000000000001,1,974.0,0,14.0
5827,12136,11663.0,50641.2,2440.85,27920.42,5038.15,2811.0,4016.0,12.0,85,7,52,3,1,255000,1,1,1.0,1,684495.7,100934.0,12016.0,6885.0,76792.02,38759.0,18.0,5,19707.0,11887.0,8033.0,4,7,28127.16,10967.75,181399.05,5,1,23027.0,Y,4268.96,current,M,50,LOW,9.0,5,743.0,1,8.0
5828,19709,6314.0,11474.23,441.0,3967.7,11182.0,2108.78,1756.68,12.0,9,86,2,27,3,329000,1,1,1.0,1,13279.75,240000.0,230000.0,1444.0,119370.54,124644.0,72.0,13,132018.0,72007.25,161199.0,0,82,688.0,62272.15,40897.5,3,106,191.29,Y,25.88,current,F,47,MEDIUM,21.6,7,809.0,0,17.0
5829,11065,9381.0,19507.19,2915.0,6535.92,2930.68,15624.0,7659.0,101.0,3,82,42,9,47,74100,1,1,1.0,1,18418.85,680956.4,610000.0,14509.0,36917.76,17058.6,11.0,3,58450.0,9266.5,44677.5,1,6,17862.0,32593.28,231925.0,41,8,28276.0,Y,8450.54,current,M,47,LOW,2.7,7,249.0,1,11.0
5830,10272,1952.0,30126.66,4093.0,100178.18,9956.0,2633.0,912.0,4.0,26,13,2,6,67,522000,1,1,1.0,1,3413.5,29479.0,8417.0,-5715.49022999999,184432.35,46708.0,36.0,26,34620.0,6106.99,24148.81,43,7,19893.89,90582.27,29703.0,3,58,96896.0,Y,1779.98,current,M,33,MEDIUM,6.5,5,466.0,0,7.0
5831,18611,16703.0,10961.83,41762.0,23211.54,725.0,25855.565,2226.02,7.0,50,67,48,2,98,199999,1,1,1.0,1,65640.0,110135.86,1526.0,2000.0,48046.53,56601.4,18.0,6,24567.0,50426.51,29798.0,2,20,55986.0,48459.49,19142.0,117,13,1575.0,Y,4751.85,saving,M,46,LOW,23.400000000000002,5,658.0,1,6.0
5832,1376,13964.0,19267.11,1640.0,3076.945,1014.0,877.52,5802.0,6.0,5,64,1,27,4,17000,1,1,1.0,1,8209320.0,96096.0,631.0,1992.0,73191.04,42859.0,7.0,3,337.0,47179.94,86829.2,70,25,15382.0,42766.4,44793.0,5,9,38066.0,Y,267535.97,current,F,54,MEDIUM,17.0,1,394.0,1,8.0
5833,12453,14295.0,12896.82,5109.0,40498.45,10246.0,7679.0,511.0,1.0,29,20,21,6,1,294000,1,1,1.0,1,668728.4,77965.0,536.0,35346.0,31958.77,219671.28,46.0,26,24868.0,24198.0,114910.0,12,13,98500.0,51680.49,35379.0,62,49,24274.0,Y,5476.13,current,M,28,MEDIUM,3.2,2,802.0,1,12.0
5834,19835,298573.0,2124.23,14674.0,17241.0,2296.0,129.0,523.0,531.0,15,50,1,1,56,367000,1,1,1.0,1,68640.0,152391.0,96558.0,0.0,48982.28,34498.37,22.0,17,48940.0,37195.4,68257.0,6,20,8213.0,7364.0,91233.0,36,0,61694.0,Y,727.95,current,M,46,MEDIUM,18.2,10,683.0,1,7.0
5835,6761,16777.0,87142.0,290.0,5642.77,6702.4,1041.0,7644.68,1.0,2,50,3,60,12,249000,1,1,1.0,1,105453.65,280000.0,22000.0,-4664.0,5716.0,21341.0,55.0,5,25661.0,25208.29,155219.0,1,40,30171.0,52318.15,48156.97,2,7,5700.0,Y,10019.66,current,M,58,MEDIUM,34.2,3,394.0,1,11.0
5836,10329,12444.0,35193.46,9089.0,3321.37,1973.42,2422.0,1676.0,8.0,71,50,4,15,98,576000,1,1,1.0,1,180615.02,29479.0,25524.0,-4664.0,24426.25,33613.0,52.0,6,36300.0,303257.1,69587.29,4,12,21531.0,43727.2,74081.0,117,37,17695.0,Y,7937.05,current,F,35,LOW,1.5,4,658.0,0,16.0
5837,8591,213062.0,19826.68,11141.0,4175.0,1871.45,23366.54,5125.0,26.0,1,14,50,9,54,479000,1,1,1.0,1,61186.36,8000.0,54101.0,20324.0,244972.0,61323.0,62.0,2,59484.0,37189.16,106861.75,11,11,27210.0,19652.66,962.82,40,15,39567.0,Y,5109.98,current,M,30,MEDIUM,8.0,2,743.0,0,20.0
5838,15982,15022.0,1266.31,34714.0,4501.14,3228.0,2436.25,2075.57,32.0,1,16,7,3,81,423000,1,1,1.0,1,2.13,50000.0,49975.0,-4664.0,44240.16,361.0,11.0,5,18082.0,56206.37,405.0,2,82,58036.0,77237.33,48393.0,3,49,23750.0,Y,1801.62,saving,M,33,MEDIUM,9.1,7,864.0,0,7.0
5839,3834,12807.0,1509.0,2328.81,18494.19,19017.0,1494.57,1616.0,80.0,13,47,52,6,53,307000,1,1,1.0,1,8370.8,76365.24,50000.0,5773.0,11176.06,115268.0,32.0,4,69348.0,39026.1,101338.0,4,6,90000.0,15844.09,113558.0,3,12,80946.0,Y,12995.79,current,M,37,MEDIUM,1.7000000000000002,6,503.0,1,16.0
5840,13231,8404.0,37354.31,2055.0,1917.0,7717.0,23710.1,593.0,4.0,2,30,24,1,6,232000,1,1,1.0,1,213557.15,96096.0,11379.0,6885.0,32662.75,19606.0,55.0,30,9402.0,178052.17,41813.86,3,86,17747.0,81795.56,341228.75,5,14,16541.0,Y,4288.47,current,M,47,MEDIUM,18.900000000000002,7,314.0,1,17.0
5841,1591,11543.0,7506.0,2344.0,15326.91,1159.96,71118.79,2629.84,7.0,32,4,17,1,5,98000,1,1,1.0,1,9220.2,93000.0,583.0,-4664.0,8051.39,72068.0,17.0,5,43187.0,87233.35,339.0,4,25,83908.0,42109.17,12273.75,3,58,9555.0,Y,6291.0,current,M,60,HIGH,20.0,7,614.0,1,8.0
5842,3507,16047.0,4929.38,36242.82,3078.14,1087.39,15581.0,8467.62,531.0,84,35,39,36,1,267000,1,1,1.0,1,111.0,235.17,10000.0,14509.0,276064.39,24768.0,42.0,23,47964.0,32720.0,46629.0,43,108,47133.0,156847.65,65015.0,18,12,60923.0,Y,1170.49,current,M,219,MEDIUM,79.60000000000001,4,823.0,1,5.0
5843,18921,216996.0,13195.61,3079.95,2496.0,3172.0,12552.85,2871.0,14.0,47,49,3,3,30,345000,1,1,1.0,1,526.25,194099.3,2156.0,1465.0,331547.0,33057.0,16.0,36,66140.0,155488.1,36116.5,1,13,21808.0,39424.0,39067.78,93,18,11083.0,Y,2270.64,current,M,36,MEDIUM,11.200000000000001,3,370.0,0,17.0
5844,14158,6900.0,22112.95,95.0,13217.5,1640.46,9742.0,10735.0,92.0,47,49,45,9,2,345000,1,1,1.0,1,3638.25,93.35,4458.0,-12179.0,82353.93,65281.0,69.0,1,84618.0,59031.1,72925.0,31,14,38910.0,152825.19,233749.0,62,80,933.0,Y,88797.52,current,M,66,MEDIUM,46.0,9,858.0,0,11.0
5845,18717,15256.0,5193.0,2703.0,173580.0,3279.0,7880.0,5672.0,8.0,18,18,8,1,7,177000,1,1,1.0,1,9118.35,7194.0,155205.0,12415.0,13904.0,53088.68,69.0,4,19454.0,52728.38,36154.0,4,24,27031.0,11316.0,38392.5,7,0,17120.0,Y,155.53,current,M,27,HIGH,2.1,2,658.0,1,15.0
5846,445,6903.0,6202.71,2878.0,5892.04,12957.0,12884.535,7223.4,10.0,26,50,7,2,79,300000,1,1,1.0,1,48675.31,1749.29,68000.0,20513.0,47613.28,52792.0,72.0,7,37478.0,256917.75,83.3,45,82,120.23,28811.64,140303.0,3,20,2015.97,Y,3288.71,current,F,50,HIGH,18.0,2,683.0,0,2.0
5847,17201,206674.0,20486.0,2335.0,5658.57,6154.0,9555.455,3883.0,57.0,18,4,18,1,47,425000,1,1,1.0,1,250631.8,95000.0,48374.0,0.0,125321.74,38711.0,46.0,36,75940.0,101569.27,40911.0,2,9,79864.0,64609.43,100314.0,5,18,18816.0,Y,11408.97,current,F,27,MEDIUM,7.0,4,245.0,1,8.0
5848,19987,11011.0,3089.62,1398.0,4636.0,1356.12,6318.5,1625.0,12.0,3,46,8,7,70,87000,1,1,1.0,1,299037.15,369448.8,610000.0,-3506.17993,118227.57,56747.25,68.0,1,17.6,15059.25,75166.0,6,87,24353.85,48225.45,127018.0,94,18,23795.0,Y,685.88,current,M,30,MEDIUM,3.0,8,595.0,1,16.0
5849,530,20287.0,8760.42,4707.0,8548.41,9471.95,15030.0,525.0,531.0,1,74,3,18,64,190000,1,1,1.0,1,160.2,11982.0,7162.0,167.0,9823.0,100104.0,4.0,1,16455.0,166641.35,287111.0,30,11,194143.0,20510.68,99887.0,16,50,37550.0,Y,1909.01,current,M,33,LOW,6.5,1,516.0,1,17.0
5850,16013,13459.0,37990.91,1132.0,64856.74,18915.0,15153.0,8624.0,4.0,2,9,20,1,3,290000,1,1,1.0,1,126303.7,86666.06,19400.0,977.0,37914.53,27141.0,42.0,7,14309.0,201232.32,38536.0,1,44,117.97,233871.91,180948.0,2,49,36427.0,Y,2339.71,current,M,27,MEDIUM,6.300000000000001,5,268.0,0,9.0
5851,3564,10902.0,14732.0,19070.7,1655.9,73591.63,4147.85,3188.5,63.0,25,48,2,3,22,326000,1,1,1.0,1,5809950.0,138732.3,579.0,10455.0,119768.63,101546.0,91.0,19,101397.0,200082.63,20542.0,2,5,48621.0,37940.08,5452.0,5,2,44865.0,Y,7317.35,current,M,27,LOW,4.2,4,355.0,1,9.0
5852,6541,17583.0,3208.19,11709.44,8379.0,1117.61,2482.27,1910.6,124.0,22,10,10,12,67,30000,1,1,1.0,1,139323.25,262178.09,12560.0,553.0,41395.0,40677.0,46.0,4,21972.0,38227.78,20920.0,23,23,45486.0,19811.6,24190.0,4,32,38853.0,Y,241.21,current,F,55,MEDIUM,35.0,3,558.0,0,12.0
5853,13571,3119.0,14744.59,1944.0,9746.72,68297.8,7259.75,17167.0,2.0,93,90,7,25,44,556000,1,1,1.0,1,158135.2,409168.15,12016.0,2921.0,8520.89,72341.0,11.0,36,14383.0,184163.32,15156.0,9,8,9647.0,45618.39,87574.83,21,11,23563.0,Y,3774.09,saving,F,37,MEDIUM,10.200000000000001,3,886.0,1,13.0
5854,16102,4797.0,34173.59,1784.25,17614.07,600.0,12226.0,2440.46,4.0,3,27,4,36,10,134000,1,1,1.0,1,39851.93,194099.3,925.0,5773.0,20457.25,52792.0,4.0,4,102695.25,111241.97,51020.0,2,4,56250.0,53165.0,77192.0,14,18,17860.0,Y,25872.58,current,M,42,LOW,19.8,1,658.0,1,20.0
5855,17016,614.0,44210.15,3863.48,6543.76,4085.0,374.2,426.0,37.0,23,49,8,56,39,567000,1,1,1.0,1,4941.45,12257.0,50000.0,0.0,52117.69,17912.0,46.0,19,14300.0,30732.6,94897.0,5,20,46956.0,16755.01,342188.0,9,8,72900.0,Y,2825.71,current,F,223,MEDIUM,101.5,5,623.0,0,19.0
5856,13437,2119.0,16866.42,7727.0,35191.72,1707.04,2891.73,442.27,32.0,77,35,4,31,68,505000,1,1,1.0,1,53374.97,31000.0,48950.0,14509.0,88276.11,146093.0,79.0,36,23039.0,34069.71,52884.0,3,171,87926.0,98566.13,49345.0,12,13,20841.0,Y,172.2,saving,M,33,MEDIUM,2.6,2,698.0,1,9.0
5857,10268,20006.0,9693.0,272.0,8495.92,94.1,1049.0,4933.0,50.0,6,30,1,15,4,411000,1,1,1.0,1,443.36,35421.67,14550.0,1465.0,64312.13,83365.0,42.0,0,188181.0,41008.25,22700.97,2,59,16950.0,61564.76,745.23,4,42,132056.0,Y,590.02,current,M,34,LOW,7.0,8,683.0,1,4.0
5858,1675,178861.0,1206.56,9621.0,7281.5,14081.12,4089.39,587.0,7.0,77,14,48,3,42,255000,1,1,1.0,1,496065.0,186474.96,1446.0,12415.0,16444.5,37092.0,11.0,36,17140.0,82005.69,25127.0,50,12,75392.0,66538.02,35933.76,49,49,38451.0,Y,8956.84,current,M,58,HIGH,11.4,7,805.0,0,14.0
5859,13419,12925.0,11271.23,268.0,70456.0,6085.0,936.52,6707.91,4.0,10,2,47,2,80,378000,1,1,1.0,1,1892440.0,7216.53,36114.0,1014.0,70310.23,46350.0,63.0,5,24160.0,120513.85,152706.31,43,1,21159.0,328445.4,15703.64,6,42,49341.0,Y,6652.63,current,M,42,LOW,11.0,9,746.0,1,5.0
5860,11945,17985.0,6556.5,575.35,7691.62,6841.3,7633.0,4178.6,43.0,85,13,2,1,68,232000,1,1,1.0,1,1105487.1,136000.0,130000.0,2337.0,67754.04,46439.0,42.0,0,17363.0,33936.5,90660.0,9,11,25790.0,46532.25,47877.0,8,50,20735.0,Y,2829.86,current,M,42,HIGH,4.4,6,762.0,1,11.0
5861,6739,7040.0,6601.0,1988.0,5613.63,1409.05,10343.28,3891.73,44.0,8,4,30,26,42,16000,1,1,1.0,1,11073.0,159308.0,25524.0,0.0,93668.15,61455.5,42.0,17,20398.0,7521.0,98014.0,50,108,22102.0,84641.7,78866.9,5,11,33891.0,Y,1686.96,current,M,27,LOW,6.300000000000001,4,683.0,0,6.0
5862,16544,18075.0,16204.32,220.75,21478.5,3602.0,142675.38,4108.5,7.0,23,50,1,15,4,17000,1,1,1.0,1,471.05,46500.0,925.0,-3506.17993,85690.0,74314.0,46.0,23,54783.0,34748.0,39030.0,2,50,106700.0,185048.75,431276.0,4,27,26021.0,Y,9542.83,current,M,222,MEDIUM,141.4,3,395.0,1,15.0
5863,10374,339132.0,21127.16,10529.89,3865.48,54646.02,2211.8,11821.0,10.0,23,102,10,2,91,84000,1,1,1.0,1,29424.37,150000.0,3570.0,2819.0,13821.34,18255.0,95.0,7,45600.0,13955.98,301116.04,2,12,17145.0,18250.0,135571.0,2,18,34130.0,Y,13170.34,current,M,39,MEDIUM,13.3,5,883.0,1,9.0
5864,2848,2796.0,725.5,469.36,8832.8,9001.0,10757.535,815.0,2.0,1,44,30,6,67,338000,1,1,1.0,1,871.5,446457.0,48374.0,14509.0,72806.93,29342.0,69.0,13,37478.0,67294.0,20767.0,45,8,39856.0,37153.88,28438.5,7,8,35843.0,Y,2307.1,current,M,37,LOW,17.0,4,653.0,0,12.0
5865,8764,10246.0,12309.37,383.3,45028.0,1259.0,7605.11,10111.2,6.0,93,67,3,38,2,47000,1,1,1.0,1,41.4,70000.0,3792.0,5773.0,7359.5,109430.0,32.0,3,31176.0,28799.04,10012.0,3,12,39761.0,22516.59,43628.0,94,79,73000.0,Y,9278.67,current,M,66,MEDIUM,41.400000000000006,6,860.0,0,12.0
5866,9222,14545.0,2990.63,2178.96,2624.08,315.0,8877.0,18698.67,14.0,47,6,53,4,1,177000,1,1,1.0,1,7300.0,165970.9,711.0,6885.0,346718.77,35028.0,70.0,3,27627.68,52909.09,156253.0,3,69,25197.0,140705.28,38410.0,3,120,60332.0,Y,4011.83,current,M,38,LOW,5.4,2,505.0,1,18.0
5867,17861,16376.0,16192.21,16031.0,2757.59,10310.76,3571.0,2270.0,100.0,15,4,1,8,17,19000,1,1,1.0,1,970271.35,170989.0,908.0,1500.0,90536.54,77786.0,77.0,36,24254.0,43156.5,88974.0,7,25,88260.0,12432.75,738960.71,5,50,34254.0,Y,25364.25,saving,M,30,LOW,8.0,2,485.0,1,15.0
5868,17915,296681.0,12880.0,1059.4,22504.12,8564.48,37566.65,4125.0,66.0,27,19,50,2,47,366000,1,1,1.0,1,88.0,13299.0,3792.0,5773.0,51645.24,19836.0,91.0,0,28974.0,142969.11,166879.0,7,171,94472.0,160609.3,56999.38,5,0,45550.0,Y,8613.25,current,M,55,MEDIUM,14.0,7,330.0,1,12.0
5869,12900,3301.0,7216.24,1185.5,21578.98,360.0,2531.25,1955.52,10.0,10,5,48,2,64,102000,1,1,1.0,1,9624.6,537476.4,5101.0,5439.0,30776.17,124644.0,42.0,6,41260.0,170925.17,4083.0,0,171,99586.0,5516.0,34382.94,21,24,37066.0,Y,1163.06,current,M,32,MEDIUM,9.600000000000001,6,653.0,1,3.0
5870,7484,165536.0,16621.0,343.5,13324.13,6658.0,4146.0,2789.0,3.0,10,44,4,6,1,199999,1,1,1.0,1,3638.25,273221.0,130000.0,5773.0,24247.77,39303.0,42.0,2,15863.0,25698.0,60033.0,2,29,24828.0,31387.0,26640.28,21,32,36397.0,Y,5277.14,current,M,50,MEDIUM,30.0,5,737.0,1,18.0
5871,11876,5294.0,12503.0,1893.0,25727.46,1136.0,6081.76,15813.3,17.0,1,23,24,1,16,256000,1,1,1.0,1,516.8,167870.79,768.0,-12179.0,25816.6,174232.0,11.0,13,100470.0,20221.5,28548.0,1,1,32416.0,32011.74,290176.75,4,11,19838.0,Y,6488.96,current,M,37,MEDIUM,5.1000000000000005,1,394.0,1,18.0
5872,2780,13297.0,78321.0,718.0,3478.57,2802.0,1538.82,824.04,3.0,2,6,25,1,30,199999,1,1,1.0,1,58928.67,184514.0,50000.0,-4664.0,2586.75,25242.5,50.0,4,22724.0,38742.81,93786.0,4,171,73808.0,34708.66,228105.64,6,12,57507.0,Y,35913.65,current,M,39,MEDIUM,5.7,10,486.0,1,13.0
5873,4666,16904.0,3929.64,3037.0,6694.3,60659.0,10024.5,197.0,2.0,32,10,1,4,3,505000,1,1,1.0,1,825.0,223379.4,6146.0,-3506.17993,30004.0,69847.0,18.0,17,16305.0,46231.71,26207.0,3,1,94712.0,14434.63,6477.88,3,12,36529.0,Y,19851.95,current,M,53,MEDIUM,3.3000000000000003,8,710.0,1,12.0
5874,5134,327181.0,8131.37,4389.0,9561.0,50144.16,29989.22,792.0,136.0,18,49,48,56,1,245000,1,1,1.0,1,45036.0,176487.6,13873.0,1014.0,160028.33,17434.0,11.0,2,95200.0,35812.64,101621.0,1,21,158430.0,27354.56,14415.0,117,12,74526.0,Y,2569.94,current,M,60,MEDIUM,12.0,9,805.0,1,7.0
5875,7293,14068.0,1057.5,5821.0,2397.05,2371.0,1950.24,805.0,1.0,29,72,1,6,34,287000,1,1,1.0,1,18778.85,2625.16,3570.0,10210.0,271779.38,21270.0,35.0,19,69562.0,38742.81,104308.0,3,12,65332.0,37442.7,47292.75,40,9,4580.0,Y,171.63,saving,F,32,MEDIUM,12.0,2,454.0,0,11.0
5876,153,299857.0,1890.34,2468.18,2408.84,7587.57,312.95,52104.09,7.0,77,50,48,63,34,306000,1,1,1.0,1,526.25,64491.0,300500.0,7478.0,80815.38,26862.7,15.0,6,27026.77,115772.72,198587.0,1,20,43660.0,83379.03,27320.0,62,21,256626.0,Y,290.23,current,F,38,LOW,5.4,6,963.0,0,6.0
5877,9915,322255.0,4151.0,926.0,6171.28,7687.0,3275.0,414.0,5.0,7,3,1,7,26,156000,1,1,1.0,1,17750.0,13299.0,15477.0,1332.0,33474.84,325351.85,147.0,4,25158.0,25190.92,73512.0,11,28,4488.0,70665.07,58623.0,9,50,179347.0,Y,90.52,current,M,30,LOW,10.0,7,883.0,1,10.0
5878,14136,7528.0,2384.12,3300.01,2305.8,3889.5,5085.75,4624.0,6.0,66,50,1,51,81,501000,1,1,1.0,1,10562.45,87578.0,925.0,1500.0,22950.85,56225.0,42.0,2,2475.0,53651.57,46562.0,20,8,28693.27,73480.15,29545.28,3,58,20626.0,Y,5219.8,current,M,28,MEDIUM,1.6,8,330.0,0,19.0
5879,1582,2156.0,15427.485,356.0,7405.0,33090.13,9829.5,3332.0,26.0,66,1,2,2,22,533000,1,1,1.0,1,12315.0,172678.56,12560.0,1444.0,34210.68,63069.0,52.0,36,26670.0,24577.23,67793.26,1,20,83170.0,24739.89,27205.0,5,80,550000.0,Y,6543.68,current,M,37,HIGH,15.3,1,867.0,1,6.0
5880,6178,9883.0,1358.0,7195.24,10976.29,3602.87,18434.5,4207.0,5.0,22,4,4,25,68,525000,1,1,1.0,1,154363.25,12257.0,583.0,16455.0,36271.11,45695.0,72.0,5,30513.0,9231.75,15094.0,1,16,17445.0,31412.4,55408.0,3,1,26562.0,Y,44850.21,current,M,35,LOW,15.0,8,330.0,0,8.0
5881,3264,15250.0,99909.49,1939.0,73629.66,2024.76,11823.965,1634.91,31.0,3,6,5,4,54,565000,1,1,1.0,1,94643.15,274285.17,5540.0,6885.0,147.25,152096.41,35.0,2,31176.0,55709.92,130112.0,2,25,7700.0,36260.01,35023.99,3,83,56996.0,Y,3515.05,current,M,29,MEDIUM,2.7,2,464.0,1,18.0
5882,4554,12056.0,16420.0,17020.33,26757.91,6544.0,20287.0,2639.0,50.0,9,35,20,44,11,147000,1,1,1.0,1,73010.0,1187335.5,500718.0,3560.0,32545.25,24225.0,77.0,13,50960.95,32633.71,20922.05,3,23,14100.0,74660.58,35740.5,4,83,32003.0,Y,6844.59,current,M,50,HIGH,6.0,6,928.0,0,4.0
5883,3660,4490.0,34496.71,7679.0,54492.21,3819.0,26342.395,337.0,50.0,2,89,5,1,22,67000,1,1,1.0,1,15079.5,470000.0,155205.0,6916.0,9651.5,22863.0,50.0,13,47117.0,144614.44,147363.0,2,78,48488.0,33427.5,55676.5,62,12,21449.0,Y,5282.94,current,M,38,MEDIUM,16.2,3,299.0,1,5.0
5884,19163,11525.0,587.27,8087.0,6958.12,1318.0,3974.49,465.0,1.0,1,64,26,3,1,27000,1,1,1.0,1,3080625.0,3.59,1633.0,1014.0,59660.25,78937.0,50.0,2,157038.0,10011.69,15181.0,6,75,36103.0,24698.5,47719.85,49,106,20768.0,Y,8534.33,current,M,30,MEDIUM,8.0,5,594.0,1,3.0
5885,12015,4942.0,22296.0,17900.0,10973.46,4300.25,16527.0,4183.45,1.0,10,32,1,2,14,150000,1,1,1.0,1,40440.4,77965.0,16215.0,167.0,64906.0,65387.0,16.0,6,19323.0,44323.24,393886.0,6,11,15571.0,40313.5,68496.0,22,1,477.0,Y,492.11,saving,M,53,MEDIUM,16.5,8,748.0,1,19.0
5886,10616,16487.0,12815.03,3277.5,11881.5,9719.0,8168.0,2131.0,2.0,1,44,30,7,56,293000,1,1,1.0,1,298492.0,376600.5,5979.0,6885.0,231719.2,45177.31,55.0,6,57705.0,256842.0,20347.3,1,8,47546.0,281568.77,25173.0,7,36,37553.0,Y,8040.3,current,F,30,MEDIUM,5.0,4,537.0,1,3.0
5887,18480,6236.0,1431.34,4696.0,207.72,3755.19,1054.0,1497.0,136.0,23,67,1,7,26,453000,1,1,1.0,1,2242.35,446457.0,8060.0,4795.0,51443.03,73921.0,10.0,11,63843.0,55012.29,222828.0,50,28,16904.0,18705.63,265852.0,13,50,15150.0,Y,12533.31,current,M,33,MEDIUM,6.5,6,249.0,0,20.0
5888,7508,14388.0,35837.35,5821.0,21478.5,4781.84,15408.0,1159.0,14.0,2,50,1,62,98,20000,1,1,1.0,1,9649.6,105000.0,3792.0,9415.0,44455.75,935161.0,42.0,5,70089.41,25869.09,30859.24,11,1,83255.0,49707.26,27557.0,117,24,13860.0,Y,15207.17,current,M,42,LOW,17.6,9,539.0,0,13.0
5889,18922,19157.0,824.0,7467.01,50841.93,3535.0,1305.14,636.52,6.0,23,35,1,18,54,472000,1,1,1.0,1,19265.4,794000.0,508.0,-4664.0,11256.31,30951.5,18.0,19,46578.0,33306.76,188474.71,6,8,17160.0,80.88,205380.0,5,38,25263.0,Y,1116.15,current,M,62,MEDIUM,8.4,10,771.0,0,11.0
5890,13299,211471.0,3560.0,6007.79,1589.0,33392.85,14478.0,2043.3,18.0,22,7,1,1,98,525000,1,1,1.0,1,111.0,88482.8,550.0,8572.0,62428.9,105317.0,7.0,35,580000.0,59824.57,276256.0,11,50,86587.0,256723.29,45736.0,2,100,123997.0,Y,3895.13,saving,F,37,LOW,11.9,10,300.0,1,15.0
5891,15134,6615.0,6446.0,1484.84,29755.18,7207.0,9428.0,525.0,2.0,30,23,62,27,80,326000,1,1,1.0,1,937.0,16000.0,925.0,6409.0,36359.25,40234.08,16.0,36,16900.0,80171.75,4173.0,4,14,71847.0,112637.5,159054.0,12,15,35494.25,Y,5341.23,current,M,46,HIGH,18.2,7,737.0,1,18.0
5892,19766,3728.0,4331.11,2043.51,992.04,5452.0,12255.0,24148.83,19.0,32,52,10,3,80,300000,1,1,1.0,1,15079.5,152664.0,50000.0,-6885.0,79081.41,216685.0,1.0,4,13082.0,70434.54,46794.0,5,108,15000.0,36358.75,32520.0,39,18,23900.0,Y,2055.04,current,M,32,MEDIUM,6.0,10,503.0,1,18.0
5893,19747,18677.0,1464.93,4827.0,11592.3,12169.57,21007.655,34422.0,53.0,18,6,4,2,1,306000,1,1,1.0,1,40440.4,187788.1,3570.0,2000.0,125079.75,331072.0,5.0,19,23770.0,235592.92,369090.0,43,70,37834.0,50802.81,38397.0,3,68,38924.0,Y,231.98,saving,M,66,MEDIUM,13.8,4,713.0,1,13.0
5894,10901,307086.0,1805.0,3625.0,4938.0,1204.0,582.8,1247.73,8.0,5,87,30,17,3,595000,1,1,1.0,1,140291.6,117890.0,19176.0,0.0,93780.71,74697.0,55.0,1,38598.0,18331.01,79005.0,1,12,14294.0,811025.9,30958.98,94,18,22581.0,Y,7242.44,current,M,36,MEDIUM,1.6,2,536.0,1,13.0
5895,17056,4941.0,1341.76,938.55,7258.0,1669.0,1747.4,834.0,63.0,84,84,4,4,8,595000,1,1,1.0,1,360978.37,60040.0,67696.0,0.0,32053.91,38030.0,87.0,14,15286.0,28757.02,25270.0,0,59,15847.0,297444.0,30935.0,39,107,19694.0,Y,27889.77,current,F,33,MEDIUM,3.9000000000000004,5,355.0,1,14.0
5896,1499,7339.0,3391.18,1440.0,13639.0,10317.0,13674.0,679.0,100.0,6,30,1,21,47,232000,1,1,1.0,1,15772650.74,784499.0,508.0,6613.0,12421.68,50160.0,55.0,26,15091.0,188012.5,153808.0,1,171,25835.0,4065.25,32613.0,47,7,53742.0,Y,2872191.3,current,M,55,MEDIUM,17.5,5,299.0,1,20.0
5897,4005,14214.0,32981.63,643.85,2641.0,6144.22,12627.13,1040.0,57.0,85,67,2,9,4,272000,1,1,1.0,1,48675.31,16671.0,4000.0,-4679.0,62440.25,64173.0,11.0,4,71395.0,28967.43,6023.5,43,63,11374.0,30924.85,63571.0,18,7,48817.0,Y,2160.45,current,M,29,MEDIUM,0.9,4,805.0,1,4.0
5898,7660,3952.0,6325.0,729.0,2057.0,2456.29,2738.275,828.04,32.0,4,135,24,4,80,533000,1,1,1.0,1,52209.5,470000.0,925.0,5464.0,15015.47,23603.0,11.0,4,16045.0,48355.55,67503.0,4,8,14838.0,45307.68,128693.0,3,27,31727.0,Y,22591.58,current,M,28,MEDIUM,2.4000000000000004,6,386.0,1,10.0
5899,1728,295837.0,37990.91,8087.0,5282.95,17318.47,4938.09,566.0,25.0,83,89,1,55,5,70000,1,1,1.0,1,270.0,376694.91,1374.0,1992.0,42684.0,18296.0,4.0,1,11150.0,51996.46,44508.0,3,82,14766.0,32012.41,92494.0,6,7,62771.79,Y,2566.83,current,M,62,MEDIUM,8.4,8,269.0,1,11.0
5900,18448,12138.0,5090.37,21855.31,6505.59,22039.96,20876.645,3191.6,43.0,32,67,4,26,30,581000,1,1,1.0,1,13668.25,397463.9,43798.0,4889.0,23397.24,28699.0,32.0,4,21220.0,4147.0,12433.0,3,14,17087.36,40259.0,32883.02,47,1,26685.0,Y,5109.98,current,F,35,HIGH,15.0,5,927.0,1,17.0
5901,9552,13869.0,24848.0,676.4,19785.0,3354.5,10640.64,276.0,52.0,56,50,4,25,16,402000,1,1,1.0,1,8554.5,440000.0,643.0,5730.0,54864.88,261995.67,11.0,1,19107.0,167980.17,120421.0,2,1,31408.0,60832.6,247064.0,3,58,15595.0,Y,593.11,current,F,30,LOW,2.0,4,809.0,1,10.0
5902,11815,9754.0,1406.84,33764.0,19486.5,8616.0,4382.32,7597.0,4.0,23,49,8,14,44,188000,1,1,1.0,1,107700.0,21698.0,69493.0,6916.0,117809.6,39410.0,10.0,30,11856.0,256917.75,7687.0,4,18,19317.0,40705.26,51058.0,62,15,56483.0,Y,929.8,current,M,42,MEDIUM,8.8,8,700.0,1,6.0
5903,17027,13534.0,7321.0,104.0,4485.8,63861.83,865.53,9934.61,2.0,13,19,21,1,1,750000,1,1,1.0,1,5809950.0,1400000.0,24094.0,5464.0,67888.63,5272.0,42.0,3,900.0,12820.25,52489.16,4,171,16560.0,72250.67,42071.94,3,1,18357.0,Y,4168.58,current,M,46,MEDIUM,13.0,7,299.0,1,7.0
5904,8496,296509.0,5538.39,2138.0,277233.88,15602.0,3671.2,4985.0,5.0,23,74,1,1,4,48000,1,1,1.0,1,47.35,57345.0,2156.0,5350.0,29255.15,30669.0,42.0,35,14460.0,3170.32,78024.0,47,171,115384.0,42282.07,133128.0,8,58,37234.0,Y,4190.38,current,M,29,MEDIUM,6.300000000000001,7,523.0,1,11.0
5905,12680,20882.0,1594.0,2570.07,2682.0,4578.0,27894.0,7945.0,6.0,29,10,5,3,6,199999,1,1,1.0,1,630.6,382191.0,98472.0,12415.0,34380.51,38643.0,40.0,3,36717.0,9932.98,247626.86,9,86,64989.0,75237.0,6327.0,4,13,54725.0,Y,81.61,current,M,37,MEDIUM,5.1000000000000005,1,538.0,1,18.0
5906,322,8810.0,2790.02,408.0,93327.5,12366.0,2782.0,1929.0,50.0,4,5,5,3,79,410000,1,1,1.0,1,47651495.0,242827.0,25000.0,10455.0,40245.71,26846.0,7.0,7,74954.0,30746.01,22212.0,0,14,61524.0,141465.48,11305.0,94,103,24522.0,Y,3665.45,current,F,46,MEDIUM,23.400000000000002,4,623.0,1,4.0
5907,17242,20274.0,7354.0,4692.66,707.93,17318.47,12400.25,9488.52,9.0,7,71,1,5,77,48000,1,1,1.0,1,7304.75,330001.0,68000.0,-5942.0,224265.28,62422.0,72.0,9,21614.0,23205.0,37287.0,6,12,25738.66,270593.65,57010.0,2,11,9387.0,Y,201.2,current,M,47,MEDIUM,16.2,6,525.0,1,12.0
5908,4075,332230.0,14262.48,253.0,3295.25,12238.6,13857.0,423.02,10.0,20,35,1,1,47,45000,1,1,1.0,1,881.0,148150.33,45000.0,-6301.0,15962.01,85070.0,24.0,0,19078.0,218.75,59478.12,31,8,52607.0,25744.42,50634.75,5,52,24054.0,Y,454.56,current,M,54,LOW,6.800000000000001,10,737.0,1,9.0
5909,7605,5418.0,7852.58,4821.54,3741.0,6798.45,41044.0,1085.0,10.0,601,10,53,2,2,523000,1,1,1.0,1,3938.25,106398.0,4895.0,553.0,5372.97,46704.0,49.0,26,102695.25,4295.0,30751.0,4,1,18316.0,50309.5,64742.75,16,28,45974.0,Y,778.72,current,M,30,MEDIUM,4.0,3,639.0,0,20.0
5910,4069,19300.0,20719.43,25214.0,21245.0,3167.97,3789.86,79043.0,67.0,23,44,25,1,44,233000,1,1,1.0,1,199690.5,15036.0,16114.0,24326.0,98911.91,419387.0,11.0,1,63.0,135514.84,29170.61,2,17,111336.0,182504.51,365.0,7,22,57610.0,Y,17498.33,saving,M,34,MEDIUM,8.4,7,723.0,1,16.0
5911,434,12871.0,29782.59,18149.22,965.0,1808.0,28986.2,6512.0,20.0,39,52,7,14,1,190000,1,1,1.0,1,173732.5,31000.0,16215.0,6916.0,86549.8,15611.0,20.0,3,20985.0,26853.0,129.5,9,14,22236.0,50111.64,62158.0,3,68,47778.0,Y,6307.36,current,M,35,MEDIUM,13.5,2,725.0,1,9.0
5912,17847,12756.0,4968.17,4882.5,9624.84,4041.56,334.0,197.0,92.0,23,44,10,21,1,290000,1,1,1.0,1,83688.0,184514.0,49000.0,-6335.0,45562.6,14716.0,5.0,35,37181.0,51839.0,15255.0,2,20,32281.0,101558.95,18160.93,5,7,28658.0,Y,1996.07,current,M,42,LOW,6.6000000000000005,4,574.0,1,5.0
5913,11832,15189.0,7269.35,1963.2,18410.0,1869.0,7328.18,1008.73,19.0,93,20,1,18,98,358000,1,1,1.0,1,4110.0,6574.31,96497.0,4512.0,3889.83,255331.0,77.0,5,30445.0,57998.52,28049.0,2,13,108000.0,31683.33,63771.0,39,1,21300.0,Y,5754.51,saving,M,44,MEDIUM,24.0,3,465.0,1,8.0
5914,10316,18937.0,2760.0,865.0,17417.64,6954.0,16967.0,3891.73,24.0,10,29,1,1,42,192000,1,1,1.0,1,151000.0,42000.0,49975.0,-6301.0,32587.0,124156.0,10.0,1,20251.0,40592.34,47040.0,1,12,18264.0,97302.81,6244.0,9,21,35172.0,Y,3216.96,current,M,33,MEDIUM,1.3,10,950.0,0,13.0
5915,15649,4254.0,112126.98,23561.21,29553.55,3693.96,5310.25,1004.0,2.0,23,13,7,3,1,172000,1,1,1.0,1,20747.5,187788.1,12560.0,1992.0,44950.68,36559.0,89.0,4,41467.0,57890.97,16047.55,9,4,22551.0,115305.71,24238.0,39,11,69003.0,Y,7824.86,current,M,60,MEDIUM,40.0,9,626.0,1,4.0
5916,14122,19423.0,6929.87,11073.19,3280.2,706.78,8089.23,7597.0,6.0,10,27,48,25,1,17000,1,1,1.0,1,15079.5,202560.0,183999.0,-6335.0,41713.75,77803.95,11.0,33,56900.0,758.0,165293.17,2,82,36421.0,58323.64,26651.0,21,83,38518.0,Y,1925.19,current,M,62,LOW,42.0,7,966.0,0,8.0
5917,15546,2227.0,9220.0,5575.0,9901.34,5507.0,11541.52,5641.7,5.0,60,7,1,4,1,124000,1,1,1.0,1,15279.79,992890.32,3570.0,12299.0,4365.0,87974.0,22.0,1,32611.0,150844.94,68420.0,1,26,204622.0,382506.76,56127.0,2,113,21316.0,Y,2256.5,saving,M,53,HIGH,29.700000000000003,2,748.0,1,18.0
5918,14458,18040.0,2089.0,5090.01,35254.0,37437.0,7023.0,3854.0,24.0,56,6,52,14,5,595000,1,1,1.0,1,5688.0,134890.0,19400.0,9415.0,8937.0,33062.0,32.0,14,12039.0,42503.3,89544.0,4,8,142276.0,41990.94,83699.75,117,58,79744.0,Y,26003.77,current,M,64,MEDIUM,22.0,7,574.0,1,17.0
5919,16487,568.0,31807.41,901.73,18769.0,3666.67,4412.045,3455.5,100.0,50,74,2,1,13,371000,1,1,1.0,1,7304.75,170989.0,4198.0,10210.0,336023.0,36958.0,2.0,9,14796.0,42892.76,37979.36,6,40,37517.0,7955.61,66724.0,2,21,69906.0,Y,2176.97,current,M,37,MEDIUM,3.4000000000000004,4,516.0,1,5.0
5920,15072,222874.0,1340.93,6241.47,13211.93,1356.25,3114.5,5130.3,1.0,8,135,5,2,80,218000,1,1,1.0,1,81284.7,1475000.0,78309.0,6613.0,6582.0,43572.0,46.0,36,182931.0,201232.73,23306.0,1,171,51874.0,36411.39,400787.0,2,7,50028.0,Y,6142.08,saving,M,30,MEDIUM,9.0,1,558.0,1,6.0
5921,18912,19819.0,48938.0,3497.0,21478.5,23627.0,2933.0,27335.12,92.0,3,87,6,3,8,147000,1,1,1.0,1,811.0,358480.64,230000.0,8572.0,4641.62,85609.0,29.0,14,17619.0,13378.0,32315.48,1,14,77836.0,101819.48,77188.29,93,7,16687.0,Y,2483.53,current,F,42,MEDIUM,22.0,4,818.0,1,13.0
5922,4799,13485.0,3218.1,1557.0,24051.75,12917.35,21368.875,1449.0,44.0,10,3,5,2,34,136000,1,1,1.0,1,48230.5,50700.0,3975.0,4314.0,24870.59,51632.0,29.0,11,34578.0,137.91,38574.57,17,86,104882.0,12388.53,65274.4,3,106,602.0,Y,529.89,current,M,53,LOW,23.1,2,588.0,1,3.0
5923,7203,4504.0,3401.285,14851.0,13341.12,5925.0,14973.89,3457.55,1.0,36,67,1,15,42,581000,1,1,1.0,1,16387435.0,3.0,48500.0,12415.0,11090.0,19794.0,3.0,13,60796.0,4547.0,67219.36,3,9,14004.0,26998.12,235662.0,4,0,38294.0,Y,8759.92,current,M,55,MEDIUM,31.5,5,366.0,0,14.0
5924,14708,1547.0,5151.65,1425.0,9628.02,1871.0,31823.76,7581.0,531.0,77,44,47,12,2,84000,1,1,1.0,1,68640.0,93.35,3975.0,2351.0,29910.13,123772.63,62.0,5,28940.0,46815.0,113526.0,5,84,102584.22,29808.31,11948.0,21,42,275246.89,Y,4840.7,current,F,53,MEDIUM,19.8,1,355.0,1,5.0
5925,19164,126673.0,27819.7,17925.04,22983.0,1486.78,10452.0,13272.0,4.0,36,9,20,1,53,371000,1,1,1.0,1,57395.5,3084.5,527.0,-4664.0,30059.25,22211.0,40.0,19,151000.0,12329.0,16165.0,50,171,17541.0,50784.98,372302.8,2,26,27325.0,Y,2873.41,current,M,38,LOW,3.6,6,914.0,1,11.0
5926,5140,15977.0,24057.66,6348.7,13324.13,226.0,5961.0,3630.0,136.0,99,61,1,36,11,293000,1,1,1.0,1,50040.0,241529.77,155205.0,-12179.0,47149.41,46439.0,5.0,5,46800.0,32747.64,13341.0,50,20,50050.0,75664.32,24920.08,9,80,556000.0,Y,44380.43,current,M,33,LOW,7.800000000000001,2,488.0,1,15.0
5927,13981,17629.0,1036.0,6034.0,50929.63,1396.12,26640.0,2076.0,32.0,37,4,3,38,58,153000,1,1,1.0,1,630.6,61022.63,4000.0,553.0,22991.92,2562.0,32.0,3,73272.0,39759.13,16904.97,2,171,20200.0,52411.93,54135.25,2,12,36555.0,Y,19364.96,current,F,60,LOW,16.0,10,958.0,0,5.0
5928,15271,2240.0,48113.72,2024.0,2091.92,1452.0,5223.85,4177.0,531.0,85,67,4,62,12,378000,1,1,1.0,1,8758.2,165000.0,33330.0,7478.0,183800.28,11685.0,2.0,36,54976.0,54350.16,107472.0,2,12,900000.0,20184.0,69510.0,6,50,66817.0,Y,7898.79,current,M,32,MEDIUM,7.2,10,974.0,0,10.0
5929,16681,204682.0,2292.5,3466.5,51925.09,11988.89,14097.0,1400.0,52.0,18,4,22,7,10,114000,1,1,1.0,1,158135.2,78050.0,24125.0,-6301.0,123950.53,29228.0,52.0,36,23242.0,31868.88,111730.0,43,82,15184.0,8046.62,217490.77,3,100,14090.0,Y,978.43,current,M,64,LOW,39.6,10,248.0,1,12.0
5930,9339,5007.0,11792.0,8602.0,1487.35,23116.0,1216.0,8506.19,10.0,61,44,10,4,9,359000,1,1,1.0,1,12010.0,117890.0,610000.0,-6885.0,60335.89,132549.0,147.0,0,36945.0,1702.0,30661.5,0,12,57907.0,76096.46,37007.5,6,80,75270.0,Y,2060.45,current,M,53,MEDIUM,26.400000000000002,4,354.0,0,15.0
5931,2825,5069.0,9680.0,13220.37,2105.17,11553.0,40167.0,431.28,67.0,47,71,52,25,22,252000,1,1,1.0,1,322.02,197800.0,48950.0,0.0,504497.13,37092.5,35.0,26,24738.0,17468.36,71257.0,5,6,18922.0,68282.25,65097.0,7,87,20598.0,Y,1496.55,current,M,35,MEDIUM,15.0,1,244.0,1,9.0
5932,1071,12457.0,24438.0,3316.5,6109.16,3757.0,2422.0,275.0,7.0,77,5,26,4,56,28000,1,1,1.0,1,40822.5,76365.24,12000.0,9415.0,3175.18,142831.05,43.0,1,27518.0,53287.25,152252.0,3,8,69145.93,547067.86,70343.0,7,10,35241.0,Y,132997.39,saving,M,62,MEDIUM,4.2,4,683.0,1,4.0
5933,10581,29832.0,1620.35,526.01,2482.0,2167.0,193701.045,940.0,1.0,19,6,62,1,81,423000,1,1,1.0,1,158135.2,1425000.0,18389.0,20324.0,112820.35,37772.0,16.0,26,171369.0,2392.39,17217.0,4,7,251.25,32972.9,67187.5,62,63,58203.0,Y,306.11,current,M,30,HIGH,5.0,3,685.0,1,10.0
5934,2922,6840.0,14541.92,16025.0,5221.83,3090.0,4821.6,367.0,4.0,85,35,24,15,2,19000,1,1,1.0,1,9608.3,3.0,6100.0,977.0,22649.48,39456.0,42.0,5,9643.34,85676.54,12126.0,1,50,12032.0,29315.0,16056.0,6,73,81965.0,Y,2213.15,saving,M,66,MEDIUM,9.200000000000001,10,468.0,0,19.0
5935,5367,12511.0,61766.28,14320.02,8058.86,15430.56,12122.15,1882.0,12.0,81,2,47,15,1,352000,1,1,1.0,1,47024.8,238000.0,610000.0,6885.0,965.95,18291.0,46.0,6,39379.0,276315.82,52241.05,3,50,65230.0,59710.03,5085.64,21,7,350442.0,Y,594.59,current,M,27,MEDIUM,7.0,1,394.0,1,2.0
5936,1990,10212.0,19882.25,6069.0,10256.5,3936.0,13672.56,27668.26,1.0,29,135,4,4,17,136000,1,1,1.0,1,138272.2,1475000.0,4699.0,6885.0,561698.22,45515.0,16.0,1,34262.0,24035.98,148243.0,5,5,33038.0,116388.2,37721.0,47,79,23344.0,Y,3893.49,current,M,118,LOW,39.2,8,700.0,1,15.0
5937,7595,128263.0,4353.84,5712.0,2036.0,12423.0,5160.0,10137.04,5.0,31,90,57,2,1,505000,1,1,1.0,1,51291.45,13299.0,13873.0,3735.0,34729.0,28998.0,70.0,2,24160.0,128085.62,34011.0,3,14,24504.0,235.0,140166.0,21,37,82000.0,Y,7555.91,current,M,47,LOW,16.2,8,554.0,1,12.0
5938,9895,6357.0,1802.0,6278.0,33824.77,1067.0,10844.25,27724.06,6.0,66,87,17,7,47,255000,1,1,1.0,1,58928.67,194099.3,925.0,5350.0,19109.51,53645.0,46.0,26,28742.0,60922.58,220430.56,1,20,59135.0,1958.0,28096.25,2,3,17398.0,Y,2454.58,current,M,47,MEDIUM,8.1,7,766.0,1,14.0
5939,17430,15024.0,7354.01,297.0,4453.18,3409.0,3206.0,431.28,136.0,46,2,1,18,56,461000,1,1,1.0,1,1417886.15,24703.0,183999.0,8362.0,46954.98,204492.0,32.0,1,26081.0,27793.89,135222.0,3,21,28765.0,40584.7,81924.0,12,12,37384.0,Y,20734.05,saving,F,53,MEDIUM,16.5,2,708.0,0,2.0
5940,13229,13273.0,28903.34,1370.0,73629.66,33420.0,26251.0,2729.0,44.0,3,3,1,2,1,402000,1,1,1.0,1,12328.75,190887.4,15654.0,-4641.77979,359773.44,328.37,79.0,2,28351.0,19743.63,26239.71,7,63,52880.0,73184.01,34394.0,4,18,92018.0,Y,2320.5,current,M,66,MEDIUM,41.400000000000006,6,736.0,1,6.0
5941,13983,102304.0,7391.2,22619.93,19008.91,21614.8,2193.0,656.0,9.0,36,38,1,1,54,86000,1,1,1.0,1,9832490.0,232235.65,19400.0,4314.0,42338.17,13506.91,94.0,2,75001.0,28936.17,119195.83,6,20,11243.0,39072.11,31856.0,5,58,14065.0,Y,1584.63,current,M,30,LOW,1.0,6,614.0,1,6.0
5942,3601,8194.0,63621.17,5149.0,4201.29,226.0,9832.095,3962.0,531.0,1,5,2,2,4,533000,1,1,1.0,1,48422.7,399.09,2156.0,-5998.43994,231351.71,73940.0,18.0,7,457416.0,75228.0,134592.5,9,30,52121.0,40012.75,87116.0,94,14,208849.0,Y,5935.83,saving,M,55,MEDIUM,21.0,7,536.0,0,3.0
5943,18772,12082.0,13537.0,1870.0,4020.44,1888.0,4637.525,2642.0,100.0,26,4,5,1,41,19000,1,1,1.0,1,21511.8,536874.6,3000.0,-6885.0,6857.0,86537.0,103.0,3,26655.0,4832.56,12752.0,0,20,48345.0,65132.99,216.0,16,50,13301.0,Y,8559.88,current,M,53,MEDIUM,23.1,8,802.0,1,12.0
5944,15462,10308.0,25245.61,3552.5,4328.15,9673.36,5307.83,8363.88,5.0,43,67,1,51,4,256000,1,1,1.0,1,489773.55,88482.8,3000.0,6260.0,36096.2,37533.0,55.0,2,738874.0,136544.41,27475.0,0,20,20696.0,486255.36,237898.18,8,0,790.0,Y,25224.23,current,F,46,MEDIUM,18.2,2,723.0,1,8.0
5945,10088,10610.0,51716.13,1978.0,4655.57,5788.4,7506.92,6064.0,8.0,10,60,48,18,11,204000,1,1,1.0,1,123295.4,120541.0,4000.0,2921.0,49967.01,56011.5,52.0,4,34199.0,26797.45,118465.37,45,0,60452.0,23765.19,34463.0,3,42,4690.0,Y,3916.55,current,F,118,LOW,9.8,4,958.0,1,3.0
5946,13662,16199.0,5189.69,1889.0,7283.5,3694.0,24384.465,20169.3,60.0,18,44,2,1,22,191000,1,1,1.0,1,130319.0,77000.0,43798.0,1500.0,39775.0,142210.0,91.0,19,21968.0,3097.92,16170.0,70,44,44059.0,7534.62,133621.0,117,106,80853.0,Y,2202.55,current,F,33,LOW,9.1,7,330.0,1,4.0
5947,205,11470.0,5214.0,2034.0,8986.12,4833.6,5164.0,2265.0,2.0,13,10,57,16,1,272000,1,1,1.0,1,2984.1,2436.91,536.0,-4679.0,88916.95,54188.0,4.0,1,16124.0,61230.36,27942.0,4,78,35964.72,83512.24,54860.75,5,68,17239.0,Y,98.72,current,M,37,LOW,8.5,10,464.0,0,6.0
5948,19380,12571.0,53909.91,3679.0,3867.0,774.0,8212.14,3326.0,44.0,6,47,1,9,47,397000,1,1,1.0,1,2002.36,784499.0,3792.0,5773.0,59770.11,57583.0,67.0,5,22978.0,13882.88,76139.0,4,81,16885.0,61147.29,39411.53,3,113,26977.0,Y,7852.6,saving,M,40,MEDIUM,14.0,1,574.0,1,13.0
5949,14630,7984.0,7383.08,6182.99,6612.45,3392.25,4407.13,9917.15,8.0,10,71,1,1,14,307000,1,1,1.0,1,15079.5,95081.0,583.0,5773.0,60244.17,29311.0,4.0,14,370.0,69784.22,56610.0,1,44,32971.0,40679.56,49400.5,2,35,31935.0,Y,6973.58,current,M,42,MEDIUM,19.8,7,921.0,1,20.0
5950,10025,19528.0,11437.95,2361.55,3274.54,39005.3,13626.685,441.0,57.0,1,82,24,14,16,327000,1,1,1.0,1,94643.15,25000.0,536.0,977.0,28469.51,55355.55,35.0,19,11124.0,29052.69,34360.74,24,8,31538.0,188764.41,15777.0,62,104,28658.0,Y,5122.65,saving,F,37,HIGH,8.5,2,536.0,1,17.0
5951,3497,11776.0,4715.93,6748.0,7380.0,1186.0,8094.0,17167.0,43.0,9,653,51,36,55,129000,1,1,1.0,1,41070.0,87578.0,30000.0,6885.0,45853.75,148766.43,11.0,6,17684.0,47489.18,179559.0,6,17,28233.0,37110.38,54172.79,6,18,63642.0,Y,4021.99,current,M,58,MEDIUM,19.0,7,249.0,1,6.0
5952,3746,12993.0,13410.8,8851.0,1741.93,2094.22,3117.3,866.0,6.0,26,89,19,31,98,302000,1,1,1.0,1,4400.0,165970.9,3792.0,12965.0,28155.15,13116.0,35.0,4,40922.0,2234.54,27989.0,45,12,2090.0,15455.0,23695.75,8,24,169915.0,Y,524.02,current,M,44,MEDIUM,7.2,5,247.0,0,8.0
5953,8231,32876.0,25273.54,469.0,15761.0,29126.27,10275.77,3040.0,3.0,10,32,52,4,41,256000,1,1,1.0,1,12.19,385218.7,20000.0,6916.0,100881.5,75321.88,15.0,4,131440.0,21078.0,63550.76,2,8,23948.0,7306.37,52491.75,6,8,47857.0,Y,4102.28,current,M,27,MEDIUM,2.8000000000000003,4,683.0,0,7.0
5954,7749,1725.0,3239.3,974.0,130013.22,219.0,2874.5,1522.0,29.0,2,32,4,6,79,255000,1,1,1.0,1,4110.0,64491.0,50000.0,1245.0,58713.18,52575.0,32.0,4,12663.0,39533.0,63943.0,50,70,23470.0,41864.54,105679.43,3,38,22168.0,Y,4472.8,current,F,53,MEDIUM,6.6000000000000005,6,743.0,1,16.0
5955,16733,2682.0,5620.31,5468.0,6934.84,1049.5,6629.78,38571.75,1.0,23,44,2,4,4,406000,1,1,1.0,1,13180.0,105000.0,5540.0,3897.0,56546.5,87556.54,5.0,1,24567.0,2657.64,172140.91,45,81,98500.0,92542.37,43107.59,3,79,19671.0,Y,981.64,current,M,33,MEDIUM,5.2,6,809.0,1,20.0
5956,2699,466.0,12428.25,8389.0,18627.0,1655.21,5490.02,290.0,6.0,30,112,54,15,11,112000,1,1,1.0,1,9784.1,163.14,6738.0,10210.0,60335.89,262395.0,42.0,4,46857.78,25091.13,48390.0,43,5,35235.0,77004.89,1410.0,3,63,60164.0,Y,4739.51,current,M,25,LOW,3.5,7,908.0,1,8.0
5957,4990,12534.0,7371.92,7770.0,6678.62,342.0,3035.97,4552.0,531.0,99,70,26,2,9,298000,1,1,1.0,1,474401.25,280000.0,16114.0,2500.0,33699.38,33348.0,3.0,4,18837.0,80779.14,3186.0,3,104,28445.0,211892.09,14911.0,2,50,26568.0,Y,421.64,current,M,56,LOW,10.8,4,270.0,1,4.0
5958,11576,521.0,3770.97,8190.92,13186.5,7559.91,4809.0,5370.2,1.0,37,82,3,9,47,403000,1,1,1.0,1,117168.65,760470.3,54101.0,6885.0,832553.76,49873.5,42.0,11,23394.0,39794.5,18532.5,31,78,32224.0,160609.3,1723.0,14,83,25230.0,Y,3484.7,current,M,58,MEDIUM,15.200000000000001,5,799.0,1,14.0
5959,17302,19191.0,23385.07,21474.0,38642.2,17183.0,2887.03,3378.0,6.0,4,10,44,25,1,581000,1,1,1.0,1,84.65,29522.0,16215.0,5464.0,96884.74,25040.0,1.0,5,14610.0,120230.3,95987.0,31,8,24347.76,96763.0,43010.0,21,38,1495.0,Y,823.57,current,M,42,MEDIUM,13.200000000000001,5,683.0,1,2.0
5960,8038,12713.0,12658.04,2562.0,1677.0,122.0,754.0,9346.0,4.0,27,19,30,2,1,401000,1,1,1.0,1,55700.0,6574.31,12016.0,-3506.17993,67940.48,30066.0,52.0,6,20780.0,9645.56,51126.0,5,171,85.55,139243.0,25291.0,14,103,16006.0,Y,7535.46,saving,M,29,MEDIUM,1.8,9,860.0,0,2.0
5961,19966,12020.0,3926.5,42400.0,103562.09,5772.36,12627.25,13049.0,50.0,2,67,2,4,28,329000,1,1,1.0,1,102494.2,105000.0,3546.0,-6885.0,48184.15,53794.0,36.0,0,17097.0,27440.93,28494.0,0,171,34678.0,28221.33,7037.5,1,6,2064.0,Y,3568.38,current,M,50,MEDIUM,18.0,3,270.0,1,18.0
5962,5467,69.0,1880.21,4429.16,8488.01,5995.0,12255.0,1128.9,8.0,23,44,2,2,8,564000,1,1,1.0,1,233727.15,2300000.0,583.0,7478.0,64714.39,116569.08,12.0,26,32369.0,32613.47,64747.95,1,70,75500.0,90593.15,30450.88,43,11,15941.0,Y,1238.64,current,M,32,MEDIUM,6.0,5,723.0,1,18.0
5963,3236,9540.0,9313.98,3332.48,21880.26,2248.0,2809.0,18766.0,26.0,5,5,5,4,2,125000,1,1,1.0,1,65887.8,464261.6,25000.0,0.0,40613.06,43039.0,4.0,7,21845.0,48254.88,17987.0,0,81,23800.0,72810.6,31404.0,8,83,58236.0,Y,1733.28,saving,M,58,LOW,30.400000000000002,8,911.0,0,18.0
5964,17055,15288.0,40640.63,37365.92,10816.0,502.5,8304.42,3033.36,44.0,84,64,1,6,5,84000,1,1,1.0,1,81284.7,39833.19,4000.0,-5439.0,473040.37,86909.41,20.0,2,21339.0,29697.77,152706.31,6,2,39105.0,58056.12,29999.0,47,28,109400.0,Y,17044.86,current,M,47,MEDIUM,27.0,4,858.0,1,19.0
5965,5781,4293.0,8277.22,42400.0,6659.25,875.0,7197.465,27668.26,44.0,29,2,18,21,2,472000,1,1,1.0,1,24832.0,39833.19,37274.0,5439.0,138276.8,58763.0,18.0,4,98691.0,87772.0,227839.97,31,8,107835.0,89812.96,53856.75,36,13,27359.33,Y,25711.18,saving,M,30,MEDIUM,7.0,2,606.0,0,9.0
5966,3111,4432.0,2015.5,2701.0,13521.02,14146.0,14728.13,4620.0,2.0,3,135,18,3,56,472000,1,1,1.0,1,11027.5,82907.34,925.0,-4664.0,22434.5,7606.0,7.0,13,8325.0,164586.93,29182.0,7,63,21150.0,47891.0,95803.01,13,8,10416.0,Y,2305.47,current,M,55,HIGH,28.0,8,270.0,1,17.0
5967,1388,2272.0,3658.15,1333.0,723.0,1430.0,14424.0,6728.0,26.0,5,6,1,15,80,98000,1,1,1.0,1,20049.0,162288.3,54101.0,1500.0,194323.25,96286.11,10.0,0,17175.0,28601.83,39548.0,9,50,99586.0,32322.45,155371.0,5,2,87706.0,Y,1143.0,current,M,223,MEDIUM,40.6,3,805.0,1,8.0
5968,16041,20029.0,17333.105,6463.95,15310.76,19192.6,10416.33,1798.19,44.0,10,89,47,4,10,519000,1,1,1.0,1,2553.85,96096.0,3850.0,5464.0,112014.64,23496.5,43.0,26,28790.0,33987.62,41006.0,19,17,95500.0,37797.57,82424.0,7,73,15771.0,Y,1371.25,current,M,28,LOW,5.6000000000000005,4,658.0,1,9.0
5969,10324,119788.0,13307.51,835.0,7818.0,4481.75,2992.0,17681.0,531.0,27,38,52,15,4,47000,1,1,1.0,1,97043.6,16583.84,798.0,-5998.43994,40935.33,15193.0,11.0,1,33759.0,68948.71,17858.0,1,82,125912.0,55138.79,51557.0,2,10,28833.0,Y,4981.74,current,M,69,MEDIUM,49.0,1,958.0,1,9.0
5970,12557,31951.0,7072.0,8920.3,12122.0,8789.44,2616.0,5946.66,25.0,71,84,5,1,2,595000,1,1,1.0,1,806.25,429273.4,579.0,7478.0,59867.85,24397.0,103.0,1,233827.0,110610.9,74109.48,1,28,79301.0,80939.24,10232.0,36,49,35872.0,Y,71.61,current,M,47,LOW,5.4,7,488.0,1,9.0
5971,8130,3595.0,6070.67,2111.84,31470.86,5623.84,2875.0,17889.0,66.0,3,47,7,51,6,236000,1,1,1.0,1,166331.66,95081.0,33774.0,553.0,42740.87,106341.91,39.0,3,199100.0,12329.0,106501.0,3,59,16830.0,68933.38,45736.0,4,12,15779.0,Y,4532.24,current,M,64,MEDIUM,4.4,4,799.0,0,7.0
5972,4447,16357.0,10228.0,20734.3,1778.66,3791.72,9469.0,2001.0,10.0,3,87,20,21,8,87000,1,1,1.0,1,474401.25,440000.0,51520.0,3481.0,88693.99,28668.0,91.0,5,47355.0,59137.0,49149.61,2,81,29655.0,58637.12,41839.0,7,67,2450.0,Y,518.29,saving,M,118,LOW,88.2,10,395.0,1,8.0
5973,18913,287110.0,1424.76,4402.0,13999.7,1055.76,8193.12,11199.28,3.0,84,23,1,3,55,378000,1,1,1.0,1,2173459.0,1034285.63,694.0,6885.0,387331.82,222452.0,77.0,5,32915.0,25369.0,157774.0,2,6,29517.0,19945.96,36317.0,21,13,15381.0,Y,4957.79,current,M,58,MEDIUM,3.8000000000000003,2,372.0,1,6.0
5974,14619,10565.0,7375.67,795.56,21669.99,2070.0,2892.21,23197.0,10.0,10,48,2,2,4,447000,1,1,1.0,1,298492.0,186218.0,24619.0,6916.0,28853.75,194548.0,46.0,26,3112.0,163494.33,30888.37,0,3,30417.0,47299.85,37154.33,5,65,9261.0,Y,3750.0,current,F,53,HIGH,13.200000000000001,9,447.0,1,9.0
5975,5533,3558.0,6516.0,22619.93,9581.84,4118.0,10278.05,8418.5,6.0,65,16,50,17,47,329000,1,1,1.0,1,158135.2,31871.49,1052.0,12965.0,93915.63,68348.5,67.0,36,75001.0,34555.75,140278.0,3,26,73902.0,64392.13,111034.0,36,35,16940.0,Y,7720.64,current,M,29,MEDIUM,3.6,7,700.0,1,18.0
5976,8982,13103.0,17262.1,4123.0,9805.81,2642.0,8178.0,112526.0,26.0,65,84,2,60,34,272000,1,1,1.0,1,270.0,1752254.0,5540.0,6916.0,38649.82,52874.5,11.0,36,62186.0,45012.38,25251.0,2,81,67060.0,17317.75,194381.75,58,104,19118.0,Y,112.09,current,M,27,MEDIUM,2.8000000000000003,5,424.0,1,18.0
5977,8273,1302.0,11284.15,12880.0,7173.92,4325.05,16940.535,5513.0,19.0,19,1,52,4,1,191000,1,1,1.0,1,126303.7,116533.0,15477.0,20513.0,25423.83,65535.0,70.0,4,38621.0,35738.71,11762.49,6,8,40390.0,67181.6,42625.58,10,80,47390.0,Y,90.52,current,M,35,MEDIUM,1.5,9,503.0,1,7.0
5978,14313,15267.0,1871.0,5979.58,10324.0,360.97,42122.65,4087.0,66.0,1,2,39,3,54,218000,1,1,1.0,1,45463.0,19000.0,30011.0,-4679.0,130083.91,46704.0,3.0,7,38336.0,35142.54,10218.36,1,86,33328.0,27484.06,49670.0,2,58,44009.0,Y,12481.64,current,M,42,MEDIUM,19.8,1,503.0,0,4.0
5979,3634,3046.0,7929.0,9624.0,39698.92,5231.0,4952.0,2270.0,52.0,36,4,1,2,25,369000,1,1,1.0,1,41883.6,52991.0,4699.0,-4664.0,25741.0,65999.68,89.0,43,25829.0,27986.0,9171.0,3,24,97609.0,98438.73,56776.0,9,80,59165.0,Y,9598.45,current,M,37,HIGH,15.3,3,867.0,1,10.0
5980,9528,112524.0,5843.37,14028.0,3056.3,3289.0,1265.0,1209.0,50.0,13,19,2,44,4,226000,1,1,1.0,1,26335.7,1749.29,2841.0,2921.0,35927.67,87348.0,42.0,7,15822.74,29657.58,25207.0,0,25,22920.0,26253.0,377141.0,62,18,44009.0,Y,1741.94,current,M,32,LOW,7.2,6,325.0,0,15.0
5981,11133,2961.0,1813.04,3151.5,25212.48,9404.63,10965.42,3426.0,1.0,15,4,20,9,2,533000,1,1,1.0,1,18451.05,134000.0,583.0,1931.0,20777.13,84898.59,22.0,3,12527.0,38515.01,107130.0,4,8,69866.0,21500.18,11789.0,58,57,74074.0,Y,1462.84,current,M,32,LOW,10.8,10,708.0,1,5.0
5982,18498,11181.0,794.0,27848.0,3549.89,2421.18,860.0,7354.0,8.0,5,20,18,44,47,74100,1,1,1.0,1,1263221.7,25404.0,24094.0,1954.0,18848.0,131822.74,16.0,2,16972.0,51715.23,19640.0,2,27,32137.0,29357.63,52813.97,49,42,513.0,Y,1019.34,current,M,28,MEDIUM,5.6000000000000005,6,249.0,1,8.0
5983,15140,4979.0,12025.0,3416.0,5253.84,1179.0,5646.0,3395.0,1.0,3,14,3,12,17,19000,1,1,1.0,1,55700.0,159415.3,50000.0,20513.0,14033.0,38001.0,90.0,2,29300.0,31725.66,224693.72,3,20,21293.78,16405.77,15392.0,5,50,21690.0,Y,7805.45,current,M,35,LOW,12.0,10,314.0,1,10.0
5984,16817,20387.0,10093.34,1398.28,24356.195,700.05,24728.03,26325.0,7.0,18,35,24,31,41,371000,1,1,1.0,1,55700.0,136466.0,505.0,553.0,69274.77,13445.0,67.0,13,29200.0,479576.25,38814.88,6,44,20791.0,170251.16,38434.0,3,24,36592.0,Y,61649.29,current,M,35,MEDIUM,15.0,5,525.0,0,4.0
5985,2319,83.0,1111.0,11356.0,42009.0,2248.0,2017.0,4824.38,4.0,61,16,2,12,3,167000,1,1,1.0,1,41883.6,154121.9,678.0,6885.0,20180.0,115034.0,55.0,13,113330.0,40664.84,72330.58,1,82,288075.0,164123.0,27386.0,14,22,17183.0,Y,2220.07,current,M,28,MEDIUM,5.6000000000000005,7,743.0,1,4.0
5986,3897,17348.0,10079.11,74497.84,1968.8,1752.48,3519.405,3526.67,57.0,71,35,2,17,47,402000,1,1,1.0,1,41.4,119898.8,4000.0,19765.0,72164.0,59689.0,42.0,1,20044.0,12001.5,61250.0,5,18,15432.0,43236.22,44085.0,117,10,37800.0,Y,15644.21,current,F,33,MEDIUM,7.800000000000001,2,766.0,1,13.0
5987,18239,13727.0,9282.22,12270.0,3085.19,8789.44,17547.59,6458.0,4.0,2,59,18,2,98,17000,1,1,1.0,1,41361.3,7051.99,908.0,12174.0,155886.0,30673.16,94.0,35,154095.0,41858.6,49334.0,1,42,29622.0,14926.0,44172.0,14,14,15656.0,Y,11084.29,current,M,58,MEDIUM,26.6,4,748.0,1,3.0
5988,5156,85020.0,24518.85,5372.0,48937.9,713.84,356.03,285.0,7.0,16,87,6,12,4,300000,1,1,1.0,1,39851.93,165970.9,300500.0,-5998.43994,30937.0,47739.91,11.0,1,15690.0,105072.66,2106.02,1,12,18332.0,27078.23,147868.0,93,1,27480.0,Y,2283.68,current,M,44,MEDIUM,21.6,6,615.0,1,16.0
5989,19452,303023.0,19267.11,4731.67,144463.2,5908.0,15818.22,2395.0,5.0,1,9,3,27,11,479000,1,1,1.0,1,526.25,86666.06,300500.0,1411.0,36031.25,71961.0,3.0,1,36670.0,12543.5,20187.0,5,29,24588.0,65505.68,188604.0,2,7,22583.0,Y,26029.19,current,M,30,MEDIUM,2.0,8,863.0,1,8.0
5990,3040,18016.0,4605.99,46915.0,13171.82,508.0,7197.465,13338.31,26.0,18,50,24,17,70,198000,1,1,1.0,1,10008.0,52098.99,4699.0,553.0,78122.15,11103.0,20.0,6,37776.0,9106.5,35941.0,1,8,29882.0,35645.12,4870.0,40,63,31148.0,Y,1046.38,current,M,66,MEDIUM,9.200000000000001,10,519.0,0,5.0
5991,17912,5601.0,11446.46,1268.0,2633.84,7150.69,17768.68,21126.0,2.0,18,87,6,8,56,784000,1,1,1.0,1,36368.7,19.39,6146.0,173.0,62165.92,24225.0,2.0,4,40590.0,6289.03,40348.0,70,70,27297.0,86741.83,22190.93,7,124,23589.0,Y,43.77,current,M,36,MEDIUM,4.800000000000001,2,626.0,1,12.0
5992,10468,5333.0,10669.0,10166.67,16937.63,2215.0,1587.0,2203.35,19.0,2,44,3,44,3,156000,1,1,1.0,1,360978.37,143000.0,30000.0,5773.0,44127.0,1224.0,22.0,3,30745.0,164224.51,97705.0,9,8,133951.0,102846.28,39551.0,2,8,197514.0,Y,5896.13,current,M,53,MEDIUM,19.8,10,737.0,1,17.0
5993,17663,290484.0,10106.98,18318.0,13566.0,5590.0,11902.875,3711.0,4.0,3,73,24,1,6,522000,1,1,1.0,1,506688.65,143000.0,300500.0,1992.0,53935.0,12673.0,50.0,26,9400.0,63509.0,47682.0,2,11,31538.0,33538.71,26194.0,21,83,96213.0,Y,2088.39,current,M,55,MEDIUM,3.5,6,883.0,1,4.0
5994,12179,850.0,1207.0,1182.0,973.0,7282.0,3700.5,8023.0,2.0,30,74,2,7,12,199999,1,1,1.0,1,13180.0,376694.91,1255.0,6885.0,46431.16,42067.0,77.0,14,20890.0,37979.16,9597.0,9,8,79654.0,19519.0,330013.0,6,0,33361.0,Y,3141.59,current,M,56,MEDIUM,10.8,2,801.0,1,3.0
5995,15087,8112.0,1553.0,13494.0,3959.5,978.0,22576.0,705.55,136.0,17,64,8,5,30,169000,1,1,1.0,1,115.45,184514.0,30000.0,10210.0,38826.32,30248.0,10.0,2,14258.0,28200.75,125650.0,3,82,28351.0,571416.75,91291.32,3,38,13000.0,Y,3256.27,saving,M,30,MEDIUM,6.0,8,454.0,1,7.0
5996,9753,13217.0,7240.8,14320.02,10340.0,9555.6,2985.0,7898.0,29.0,5,135,8,6,58,568000,1,1,1.0,1,166331.66,446457.0,3975.0,-5439.0,46777.84,314172.0,46.0,4,107899.0,19788.9,29249.0,2,5,85468.0,66925.43,86421.0,7,3,9679.0,Y,3235.9,current,F,66,MEDIUM,13.8,5,270.0,1,20.0
5997,5899,11015.0,102003.32,3370.29,15671.71,122.0,72120.0,8450.95,4.0,10,82,5,60,53,59000,1,1,1.0,1,134985.0,68663.61,3570.0,7478.0,66401.52,35470.0,11.0,2,15195.0,16014.0,32550.0,4,171,58650.0,111929.33,34923.25,27,58,378.0,Y,712.23,current,M,66,LOW,9.200000000000001,1,685.0,1,15.0
5998,6617,11853.0,17746.35,373.0,192687.21,4376.0,22252.7,2696.0,18.0,77,44,8,62,6,510000,1,1,1.0,1,41441.27,289469.58,69493.0,1444.0,150309.0,35342.0,5.0,13,101617.0,130955.56,40516.99,1,78,31601.0,232639.06,21935.88,12,104,59208.0,Y,3112.71,current,M,62,LOW,16.8,8,366.0,0,4.0
5999,2019,6778.0,10633.58,23128.0,322.0,28138.91,1941.745,724.42,12.0,1,87,18,1,81,340000,1,1,1.0,1,51291.45,49000.0,3570.0,2351.0,6760.25,35220.0,1.0,2,28190.0,27858.64,69266.0,50,11,20726.0,56954.9,31063.94,7,1,53671.0,Y,3185.01,saving,M,46,LOW,18.2,7,274.0,1,13.0
6000,15016,33799.0,90039.86,4613.0,78777.86,3400.0,2793.46,1027.9,17.0,5,82,1,1,98,523000,1,1,1.0,1,42460.6091,3342.51,6000.0,167.0,74745.97,11642.0,24.0,31,13188.0,30282.0,10213.0,1,27,142276.0,80310.47,27270.0,11,20,20092.0,Y,29645.73,current,M,53,MEDIUM,3.3000000000000003,3,233.0,0,20.0
6001,15312,295579.0,14003.0,4240.0,2055.5,2191.0,5238.6,50157.0,17.0,23,50,10,55,3,263000,1,1,1.0,1,526.25,382191.0,36000.0,1332.0,83127.45,59678.0,18.0,5,20890.0,162946.41,16303.0,3,82,30417.0,33159.5,92443.0,21,12,59790.0,Y,4225.86,saving,M,32,MEDIUM,9.600000000000001,6,505.0,1,18.0
6002,3279,5863.0,2217.6,3643.44,5444.08,525.0,16113.0,1014.0,63.0,26,60,18,8,11,147000,1,1,1.0,1,168265.55,194099.3,28913.0,0.0,162942.88,27318.0,42.0,2,629325.0,84466.11,34766.0,2,82,48516.0,38991.28,502.0,6,104,24082.0,Y,15722.87,current,M,35,MEDIUM,1.5,4,640.0,0,2.0
6003,204,9956.0,3133.15,1889.0,11268.52,1733.86,7880.0,511.0,8.0,77,44,30,18,47,448000,1,1,1.0,1,5688.0,134890.0,36114.0,-5439.0,43283.08,69467.0,11.0,9,39728.0,52139.42,24773.0,0,24,391028.0,55364.14,22508.0,47,38,48060.0,Y,2316.37,current,M,66,MEDIUM,41.400000000000006,3,743.0,1,16.0
6004,97,1683.0,8760.42,4121.43,19135.91,5207.04,2045.46,1041.0,10.0,5,10,20,21,47,660000,1,1,1.0,1,166331.66,1423567.1,1630.0,3735.0,158850.54,10765.0,40.0,2,75373.0,70030.34,44326.0,50,82,5500.0,25107.58,408579.68,2,73,60500.0,Y,14717.84,current,M,34,MEDIUM,12.600000000000001,4,911.0,1,8.0
6005,1797,206658.0,9459.23,6906.04,3371.65,219.0,4738.0,2647.42,2.0,7,29,1,17,1,303000,1,1,1.0,1,39851.93,85300.0,2156.0,5773.0,231393.88,75433.09,42.0,1,35694.0,191122.16,120421.0,6,27,20588.0,23862.6,71111.0,6,63,46809.0,Y,4001.6,current,F,60,MEDIUM,40.0,7,723.0,1,8.0
6006,6377,887.0,2893.5,3295.0,4880.4,7687.0,3416.8,3121.04,4.0,23,35,1,3,10,35800,1,1,1.0,1,5045.13,29479.0,1266.0,-5942.0,18372.0,168902.0,84.0,3,37073.0,242485.4,17114.0,3,7,29586.0,30180.02,53114.0,22,65,67318.0,Y,349.0,current,M,32,LOW,9.600000000000001,2,867.0,0,15.0
6007,4962,13027.0,5204.67,13743.0,18494.19,2354.25,14061.0,2530.0,8.0,5,44,3,45,54,306000,1,1,1.0,1,1859872.2,730000.0,536.0,2921.0,53887.12,72176.0,11.0,26,74155.0,213244.13,329.41,3,11,155072.0,46549.22,37319.0,6,12,44694.0,Y,15604.36,current,M,46,LOW,26.0,6,633.0,1,13.0
6008,15047,2415.0,8143.0,2666.09,1585.0,7139.92,2737.555,1627.41,6.0,85,3,42,62,98,472000,1,1,1.0,1,45463.0,252369.0,2644.0,0.0,108050.18,24689.5,3.0,4,31908.0,97187.19,100918.0,3,82,86790.0,10990.78,26596.5,2,7,12794.0,Y,5814.32,current,M,62,MEDIUM,4.2,6,710.0,1,4.0
6009,12644,7237.0,1866.32,986.0,10051.25,1412.0,2525.39,1229.87,12.0,128,47,2,27,17,576000,1,1,1.0,1,61186.36,138732.3,5905.0,6916.0,32555.38,26252.0,32.0,4,49845.0,23379.07,41052.0,4,40,97073.0,90950.53,65529.0,8,80,32796.0,Y,28177.66,current,M,53,MEDIUM,9.9,9,966.0,1,17.0
6010,8386,13368.0,22296.0,544.0,8702.3,1538.0,6189.0,721.0,531.0,37,3,20,2,47,184000,1,1,1.0,1,0.3,78744.56,800.0,3735.0,5119.66,3166.0,12.0,2,40594.0,35418.23,90142.0,1,59,16250.0,47941.0,31122.0,49,27,23650.0,Y,3568.38,current,M,32,LOW,6.0,1,858.0,0,12.0
6011,11893,325636.0,5398.5,22193.15,12141.71,645.03,15359.15,51426.0,12.0,6,70,24,62,47,528000,1,1,1.0,1,54860.05,5241.0,15477.0,2351.0,141236.83,30055.0,39.0,4,120215.0,10478.28,226218.5,23,6,23850.0,691664.86,109713.0,3,2,30576.0,Y,2529.39,current,M,55,LOW,28.0,5,863.0,1,7.0
6012,1134,19114.0,21368.87,4398.5,4406.0,7854.4,1494.58,2742.0,1.0,43,23,1,55,25,17000,1,1,1.0,1,47450.2,1187335.5,768.0,7478.0,33760.71,23197.5,24.0,23,42319.0,33642.0,34563.0,0,70,45065.0,63448.64,11203.0,40,12,75270.0,Y,1137.39,current,M,27,LOW,5.6000000000000005,10,614.0,1,11.0
6013,1829,8553.0,9304.07,424.3,7680.76,1454.0,12051.6,5507.1,1.0,44,3,7,21,16,293000,1,1,1.0,1,50040.0,165970.9,25000.0,-5998.43994,31168.62,19300.0,46.0,14,23956.0,11041.86,242485.59,3,20,19975.54,30475.32,16530.0,36,8,21300.0,Y,6077.25,current,M,33,LOW,6.5,9,801.0,0,19.0
6014,12143,56848.0,2248.85,10091.23,3822.0,12633.0,15299.5,1616.0,100.0,26,7,53,21,3,524000,1,1,1.0,1,1955.6,784499.0,8417.0,1500.0,85077.21,74186.0,16.0,1,197123.0,12120.51,164025.36,2,8,11461.0,111981.0,1541.0,8,83,56483.0,Y,1769.15,current,F,34,LOW,5.6000000000000005,1,525.0,1,8.0
6015,16830,297829.0,18152.0,2617.0,21287.66,6351.0,1207.95,5124.0,29.0,61,19,47,3,2,167000,1,1,1.0,1,81284.7,170989.0,8333.0,6613.0,36503.98,151983.0,12.0,4,68926.0,130854.15,26446.5,11,171,14395.0,19332.86,72659.0,11,58,24914.0,Y,2932.38,current,F,46,MEDIUM,5.2,5,710.0,1,9.0
6016,917,16477.0,928.69,7031.0,24284.11,2464.56,35290.0,1111.0,44.0,10,4,18,8,8,461000,1,1,1.0,1,1215.0,19129.94,2644.0,19453.0,49215.5,40232.0,15.0,13,9120.0,10074.5,7477.0,4,8,38019.22,44068.0,78535.0,12,83,17783.0,Y,178.6,current,M,32,MEDIUM,8.4,2,614.0,1,12.0
6017,5686,9877.0,9837.0,183.0,23925.5,2086.64,1131.0,2177.0,4.0,77,11,11,2,1,1000000,1,1,1.0,1,8209320.0,68663.61,678.0,-5715.49022999999,1106.25,81217.0,18.0,2,36285.0,27670.64,25270.0,47,2,80500.0,36040.23,66830.09,4,21,28080.0,Y,1383.75,current,M,66,MEDIUM,36.800000000000004,7,748.0,1,11.0
6018,9604,388711.0,65025.0,5296.0,28001.74,3155.0,142675.38,2773.0,2.0,26,60,5,6,98,178000,1,1,1.0,1,38566.25,13299.0,1018.0,6885.0,69316.08,55597.0,147.0,4,37797.0,61135.5,20063.0,70,25,188115.0,99101.35,1158.0,11,58,19106.0,Y,2323.69,current,M,30,MEDIUM,6.0,8,254.0,0,18.0
6019,14946,19389.0,6861.0,11335.3,10235.99,2421.18,17815.0,1243.12,44.0,10,19,22,55,47,84000,1,1,1.0,1,593.2,43021.0,130000.0,-4664.0,38432.3,30139.0,3.0,36,51816.0,190609.7,90555.0,5,31,106409.0,63809.15,62330.0,4,58,602.0,Y,3870.35,current,M,28,MEDIUM,4.800000000000001,5,386.0,0,16.0
6020,4482,1865.0,75110.38,5512.0,602.16,3891.72,27087.0,17570.22,6.0,2,29,25,7,29,340000,1,1,1.0,1,1377313.45,861640.54,13873.0,4889.0,10344.84,98876.0,4.0,2,12402.0,31112.1,60300.0,2,11,32758.0,66968.0,80627.0,8,52,28842.0,Y,17489.19,current,M,42,HIGH,22.0,2,710.0,0,12.0
6021,14529,9904.0,8237.9,43191.12,44515.7,1318.0,5638.195,1795.0,531.0,32,44,10,3,67,134000,1,1,1.0,1,98543.96,66.0,130000.0,5730.0,10590.75,33945.5,7.0,1,50200.0,7123.15,12874.0,6,63,13817.0,72816.02,407449.41,21,96,39926.0,Y,2003.68,current,M,29,MEDIUM,2.7,9,485.0,0,18.0
6022,14934,15447.0,116841.42,975.0,10610.42,9082.0,6983.0,28845.23,4.0,3,112,10,21,4,505000,1,1,1.0,1,101891.25,470000.0,11580.0,-402.0,46724.43,27181.0,18.0,31,23278.0,26975.29,241.58,3,75,27426.0,98543.42,10378.0,3,80,11443.0,Y,8883.7,saving,M,47,LOW,27.0,3,535.0,1,18.0
6023,14692,208679.0,8720.0,3118.0,8254.84,79601.9,14973.89,31440.88,4.0,5,50,52,7,17,567000,1,1,1.0,1,38428.6,470000.0,492.0,0.0,93163.11,12119.0,12.0,3,18855.0,54333.0,62628.25,2,25,23606.0,35111.51,41282.0,94,73,26281.0,Y,2114.89,current,M,33,MEDIUM,3.9000000000000004,4,606.0,1,17.0
6024,12603,4072.0,920.0,966.0,11574.82,4038.0,900.36,525.0,1.0,23,23,1,1,25,443000,1,1,1.0,1,568.8,6574.31,5412.0,7478.0,632927.53,37114.0,8.0,2,25024.25,1194.0,304073.0,3,12,36493.0,81312.34,4390.33,7,0,1039.0,Y,40438.02,current,M,42,HIGH,4.4,2,314.0,1,19.0
6025,6959,9074.0,9409.24,7311.0,12975.57,13439.0,17688.59,19048.0,6.0,19,47,57,3,1,352000,1,1,1.0,1,117168.65,64491.0,908.0,5350.0,20867.13,23664.0,62.0,26,28825.0,1787.32,40182.0,9,0,48496.0,117836.55,48376.9,5,25,30419.0,Y,23891.74,current,F,29,LOW,1.8,6,710.0,1,9.0
6026,12516,12019.0,1788.0,171.0,14402.47,382.0,14758.87,145.39,2.0,8,102,8,1,30,232000,1,1,1.0,1,13279.75,172131.0,155205.0,173.0,39967.11,76699.1,63.0,3,46546.0,22184.5,8012.0,7,9,23149.7,39297.67,55335.0,47,1,13301.0,Y,4957.79,current,M,47,MEDIUM,10.8,8,859.0,1,12.0
6027,911,3027.0,1722.0,4429.16,5729.29,3755.19,6959.0,1955.52,43.0,32,6,1,2,10,124000,1,1,1.0,1,825.0,470000.0,100000.0,6916.0,201004.76,48732.0,94.0,3,13128.0,45568.89,26470.48,2,13,68500.0,22920.42,41883.65,5,18,65957.0,Y,35696.73,current,F,60,HIGH,16.0,1,858.0,1,8.0
6028,12431,22339.0,9922.79,7069.0,8546.0,5744.68,3039.0,17358.0,124.0,10,110,25,9,80,136000,1,1,1.0,1,89294.6,17000.0,618.0,3897.0,10196.0,45174.0,11.0,15,28974.0,99142.64,58318.0,1,13,32707.0,18664.09,1101.0,94,73,16615.0,Y,5135.07,current,M,33,LOW,7.800000000000001,2,638.0,0,4.0
6029,2584,14041.0,6948.5,19656.0,35528.0,3641.0,5386.295,8450.95,10.0,10,74,3,5,41,59000,1,1,1.0,1,309795.13,51394.29,51520.0,1332.0,26023.19,33570.0,77.0,0,44341.0,17645.0,27850.34,6,1,109775.0,117018.0,54893.5,47,103,9910.0,Y,277.96,current,M,33,MEDIUM,11.700000000000001,6,488.0,1,14.0
6030,6333,16540.0,4612.09,3542.0,5056.34,13561.0,25210.0,7237.0,1.0,2,29,1,3,20,125000,1,1,1.0,1,84446.0,117890.0,565.0,12174.0,1345707.63,9469.0,55.0,7,31000.0,29250.3,24270.0,11,6,28292.0,78295.16,97990.0,2,32,43055.0,Y,27583.22,current,F,33,LOW,9.1,4,805.0,1,15.0
6031,906,64.0,62945.78,43265.22,9339.005,8138.25,94497.0,431.28,531.0,10,5,18,4,42,50900,1,1,1.0,1,2720.0,462011.1,4198.0,12163.0,29864.91,77991.0,10.0,19,36750.0,36507.16,11075.0,1,171,17680.0,28327.63,77443.0,7,2,6200.0,Y,4297.86,current,M,39,MEDIUM,5.7,5,558.0,1,9.0
6032,16417,300160.0,21337.5,17106.94,5831.0,262.92,5647.26,314.0,5.0,9,84,3,21,8,161000,1,1,1.0,1,942327.7,6574.31,462.0,1411.0,345932.13,1207158.37,43.0,7,22196.0,31913.0,8078.0,6,5,310000.0,91656.38,57602.0,1,83,30800.0,Y,5765.04,current,M,220,MEDIUM,100.0,6,523.0,0,19.0
6033,11094,13884.0,23657.84,489.0,9858.88,337.0,15624.0,885.0,26.0,3,135,3,1,1,784000,1,1,1.0,1,3502.8,440000.0,3570.0,1079.0,74282.3,49717.0,23.0,36,29026.0,29829.75,28805.35,9,34,20083.0,115313.06,72388.0,12,120,40938.0,Y,7594.47,saving,F,38,MEDIUM,3.6,8,823.0,1,11.0
6034,18696,135712.0,11603.98,34714.0,11928.92,2374.16,29982.0,1106.94,59.0,5,61,57,1,44,150000,1,1,1.0,1,13732.93,194099.3,48950.0,10455.0,48112.75,116821.0,11.0,26,22930.0,84156.15,30282.0,9,8,25845.0,105037.71,662.22,5,13,20602.0,Y,2791.94,current,M,46,MEDIUM,15.600000000000001,2,355.0,1,8.0
6035,13867,13397.0,1181.4,97164.0,3748.0,1548.34,3979.55,4985.0,25.0,8,18,3,4,55,119000,1,1,1.0,1,291969.2,82907.34,36114.0,-5439.0,202121.35,724677.0,77.0,28,21800.0,176311.54,26513.28,30,13,6032.0,70675.12,237268.0,2,80,536.0,Y,242.72,current,M,47,MEDIUM,2.7,1,748.0,1,19.0
6036,7510,13622.0,3746.0,5336.89,6206.0,2487.44,13448.94,6170.0,3.0,6,44,3,2,4,379000,1,1,1.0,1,216500.0,6.0,100000.0,1465.0,39269.0,34010.5,46.0,2,26819.85,56081.5,180123.0,1,86,56421.0,108273.82,21258.56,19,106,50093.0,Y,78.6,saving,M,28,MEDIUM,0.8,3,801.0,0,12.0
6037,19041,14023.0,2964.54,22151.0,7831.16,1742.99,5687.38,886.58,136.0,6,82,2,21,17,340000,1,1,1.0,1,47.45,118983.0,2644.0,5464.0,67379.98,57333.0,35.0,1,19107.0,51542.86,3254.0,9,8,900000.0,186638.46,21671.0,43,104,18810.0,Y,200684.04,current,M,27,MEDIUM,4.9,2,958.0,1,5.0
6038,4609,304264.0,6046.54,7184.0,1103.91,1050.7,18215.8,4185.0,7.0,5,23,30,4,30,494000,1,1,1.0,1,40440.4,674291.83,100000.0,9415.0,36328.2,471767.49,42.0,26,158627.0,3547.0,21734.0,6,5,42984.0,75275.71,217731.0,7,1,26351.0,Y,9432.9,current,M,29,LOW,0.9,5,355.0,1,16.0
6039,18870,12280.0,7808.0,11335.3,13971.87,16785.0,9286.71,79043.0,6.0,1,84,35,17,6,494000,1,1,1.0,1,58928.67,560000.0,16068.0,553.0,315488.58,204106.0,29.0,5,13960.0,30602.87,114363.0,0,25,28583.0,182130.17,284195.75,21,24,83578.0,Y,6592.55,current,M,62,LOW,33.6,1,355.0,0,2.0
6040,1450,2882.0,5937.0,1703.0,8195.5,68297.8,2980.52,3962.0,24.0,36,64,54,62,3,307000,1,1,1.0,1,40440.4,760470.3,1097.0,6260.0,149959.0,42932.41,18.0,13,33163.0,117233.0,32538.88,6,44,36620.0,26763.21,8114.0,22,58,46702.0,Y,10049.21,current,M,42,MEDIUM,11.0,10,628.0,0,3.0
6041,19283,2575.0,22389.03,10503.05,1181.07,10455.88,8724.425,10408.0,12.0,18,7,44,2,1,161000,1,1,1.0,1,18451.05,29479.0,51520.0,1500.0,9278.13,102418.88,3.0,26,16737.0,17771.0,166879.0,4,20,118523.0,25062.0,179967.0,15,103,37765.0,Y,7023.02,saving,M,27,LOW,2.8000000000000003,7,516.0,0,20.0
6042,6973,12410.0,20660.26,4630.01,6252.7,2959.0,8907.5,5309.09,60.0,30,60,35,3,56,27000,1,1,1.0,1,1112.4,84.32,57899.0,-6885.0,129930.96,45544.41,11.0,9,325517.0,47029.76,77196.0,2,82,50050.0,95649.61,71104.0,1,73,33070.0,Y,98408.42,current,M,37,LOW,11.9,5,796.0,0,5.0
6043,6413,18048.0,16210.85,5366.0,4201.29,25572.0,38889.77,17511.0,19.0,5,13,11,9,5,256000,1,1,1.0,1,62217.0,29479.0,126001.0,20513.0,30776.17,27216.0,16.0,3,18011.0,28799.04,20011.0,3,7,9500.0,19526.96,32872.0,4,61,73067.0,Y,1050.22,current,M,29,LOW,3.6,3,615.0,1,4.0
6044,12328,4133.0,1656.0,4780.0,1905.05,6815.5,1781.0,9092.0,2.0,1,5,4,12,4,315000,1,1,1.0,1,68640.0,108486.0,13873.0,1411.0,21698.11,21348.0,70.0,14,15263.0,19606.88,3934.0,6,21,17049.0,5763.18,24471.0,9,57,20562.0,Y,15503.23,current,F,53,MEDIUM,29.700000000000003,1,966.0,0,12.0
6045,16616,3889.0,18390.52,263.85,12913.0,899.0,7244.0,318.87,7.0,2,59,2,1,12,367000,1,1,1.0,1,154363.25,69370.0,37274.0,9827.0,34517.54,130093.0,42.0,1,135784.78,16300.65,2469.0,2,6,85254.0,32709.56,105757.0,2,96,66844.0,Y,712.23,current,M,60,MEDIUM,4.0,10,914.0,1,4.0
6046,6916,16275.0,12684.0,11903.55,5823.87,5217.0,4708.5,8007.0,60.0,1,19,5,51,55,371000,1,1,1.0,1,117168.65,187788.1,15654.0,12174.0,85113.16,17350.0,46.0,23,127645.0,42607.35,40462.5,9,34,39131.0,32416.02,57010.0,4,50,61645.0,Y,12965.93,current,M,47,LOW,16.2,1,710.0,1,6.0
6047,10530,9129.0,1204.0,20010.55,1547.92,6090.32,11599.49,8418.5,5.0,23,67,3,1,64,138000,1,1,1.0,1,89908.8,446457.0,2644.0,-5998.43994,2449.0,35281.0,18.0,36,45218.0,45318.78,70657.0,3,8,112976.0,360283.04,15593.0,58,2,59403.0,Y,490.99,current,M,223,MEDIUM,203.0,10,244.0,1,15.0
6048,12579,227692.0,1406.84,14227.05,69880.38,26316.48,25335.825,3302.0,37.0,10,3,5,45,34,300000,1,1,1.0,1,151000.0,267421.4,16004.0,14509.0,26416.12,80703.0,55.0,3,34035.0,137879.48,52086.0,17,108,2393.95,49697.36,51693.99,40,104,46347.0,Y,281943.98,current,M,64,LOW,39.6,8,254.0,1,19.0
6049,8433,11714.0,4367.78,729.0,21834.0,2318.0,4887.12,3782.0,17.0,9,1,2,1,47,298000,1,1,1.0,1,12315.0,382191.0,12000.0,1500.0,40679.0,33860.0,11.0,23,24966.0,7496.0,61959.0,3,34,104000.0,63472.03,24101.0,40,8,12587.0,Y,256.58,current,M,34,MEDIUM,4.2,7,537.0,1,7.0
6050,2949,299177.0,36314.45,411.0,9531.0,45342.2,2461.0,2505.0,10.0,66,47,47,6,34,533000,1,1,1.0,1,9118.35,2436.91,15654.0,1429.0,130153.99,81996.0,35.0,36,20004.0,248209.69,119718.0,2,59,26179.0,79117.7,45643.0,14,18,45107.0,Y,8453.74,current,F,62,HIGH,33.6,8,314.0,1,4.0
6051,3294,8097.0,30584.88,14409.95,15286.73,15435.23,9456.0,11355.0,63.0,128,49,24,55,67,301000,1,1,1.0,1,568.8,187788.1,6966.0,20513.0,14096.0,146562.0,70.0,1,30781.0,117418.2,84686.0,30,20,28579.0,176372.75,8623.0,12,13,24268.0,Y,2882.71,saving,M,27,MEDIUM,6.300000000000001,5,683.0,1,14.0
6052,14366,3132.0,10167.4,3892.0,672.0,3572.1,2862.0,3007.0,5.0,85,64,62,14,54,337000,1,1,1.0,1,13730.0,64491.0,19081.0,9415.0,34019.0,77451.22,6.0,7,43720.0,39598.17,60425.05,4,50,15483.0,14789.48,96733.0,8,40,37049.0,Y,1374.98,current,M,33,MEDIUM,7.800000000000001,7,809.0,1,20.0
6053,18596,14121.0,2292.5,3778.55,30369.74,15602.0,3505.0,2131.0,12.0,5,14,10,2,3,47000,1,1,1.0,1,10725.8,194099.3,14754.0,2921.0,87718.29,137121.41,70.0,3,28065.0,7603.05,67116.0,50,20,16149.0,107933.33,35430.75,2,9,191700.0,Y,1038.9,saving,M,66,MEDIUM,41.400000000000006,2,633.0,1,18.0
6054,8165,19172.0,6650.24,578.0,6206.0,3167.97,35209.0,146.0,6.0,2,13,18,21,55,212500,1,1,1.0,1,39851.93,134000.0,10635.0,5340.0,24174.65,58282.0,46.0,7,13600.0,57104.3,41584.0,5,20,15382.0,36941.83,466925.0,8,103,28137.0,Y,1020.35,saving,M,37,LOW,13.600000000000001,5,244.0,0,4.0
6055,4982,300941.0,2015.54,37268.0,2399.01,5157.49,3073.44,12485.0,8.0,23,50,3,6,2,58000,1,1,1.0,1,743915.3,31000.0,33330.0,2921.0,93458.47,18315.0,4.0,19,22177.0,50374.25,37676.0,3,11,83351.0,29417.0,25433.0,5,113,20587.0,Y,1632.04,current,M,37,MEDIUM,8.5,9,588.0,1,16.0
6056,2579,13096.0,12507.0,597.01,7385.0,1309.0,5535.15,1109.58,1.0,37,1,42,9,8,134000,1,1,1.0,1,3638.25,1372927.14,130000.0,20324.0,72431.35,41436.0,35.0,5,78060.0,129312.5,66881.27,7,8,81000.0,134871.45,60840.75,12,24,15267.0,Y,2193.41,current,F,29,MEDIUM,5.4,1,966.0,1,18.0
6057,6668,1791.0,9109.99,3584.0,1508.22,785.0,9386.995,17167.0,26.0,34,72,1,9,37,479000,1,1,1.0,1,1940.45,760470.3,1633.0,8362.0,33288.2,347.0,36.0,4,20880.0,76013.5,31809.58,2,50,21600.0,160529.34,39676.53,2,104,136301.0,Y,5702.74,current,M,44,MEDIUM,21.6,4,924.0,1,14.0
6058,8948,210263.0,3306.09,15519.86,2700.0,2071.43,11195.445,701.0,63.0,77,86,24,18,47,47000,1,1,1.0,1,115818.74,165970.9,2841.0,35346.0,17588.75,4238.0,11.0,18,20588.0,49422.0,68543.0,0,20,26976.0,67876.02,302.0,3,3,17785.0,Y,2967.11,current,M,34,MEDIUM,5.6000000000000005,2,771.0,1,14.0
6059,19860,267.0,7863.0,5757.0,14350.5,4586.13,3994.2,5643.0,50.0,18,7,48,1,5,198000,1,1,1.0,1,89908.8,106398.0,51520.0,0.0,36016.09,60551.0,89.0,15,19767.0,42881.39,19186.41,4,18,55746.0,28221.33,47420.5,21,58,31128.0,Y,13372.41,current,M,58,MEDIUM,19.0,1,653.0,1,17.0
6060,3154,13025.0,41061.0,18294.16,3330.42,1707.04,777.4,664.45,2.0,30,50,24,1,55,173000,1,1,1.0,1,1895.04,464261.6,641.0,5340.0,88663.72,15706.0,10.0,2,103341.0,42860.32,51650.9,4,20,34935.16,240.75,16080.0,2,15,2721.0,Y,2565.27,current,M,66,LOW,13.8,3,503.0,1,12.0
6061,11774,13867.0,3879.66,2186.26,15149.77,7555.0,5003.435,11399.34,19.0,6,67,8,6,81,507000,1,1,1.0,1,28844.0,157624.24,50000.0,6885.0,34289.96,10884.0,42.0,1,20955.0,83184.0,72483.0,2,24,24438.0,81093.75,100581.0,18,83,944.0,Y,5825.73,current,M,30,HIGH,4.0,10,865.0,0,3.0
6062,5334,1637.0,9337.0,8591.0,17398.97,9138.14,7133.315,19546.33,6.0,61,9,1,25,81,402000,1,1,1.0,1,3938.25,65480.0,639.0,-6885.0,32058.25,20639.0,87.0,1,42703.0,57634.61,94042.0,1,69,110997.0,90706.41,141135.34,14,13,34779.0,Y,2661.69,current,F,60,MEDIUM,36.0,8,755.0,1,14.0
6063,10282,11780.0,1228.38,354.0,9845.52,2465.92,7349.73,5456.27,18.0,30,4,24,1,2,267000,1,1,1.0,1,70310.6,109000.0,24619.0,173.0,49135.75,239.82,69.0,2,45620.0,5567.0,198970.0,47,14,70086.0,38339.5,98731.0,3,35,44874.0,Y,174.94,current,M,32,HIGH,10.8,6,653.0,0,19.0
6064,1643,18365.0,4120.0,15063.91,13976.08,1024.51,5681.0,659.57,5.0,3,19,4,27,17,35000,1,1,1.0,1,10006.2,50700.0,583.0,10455.0,179647.03,23668.0,55.0,36,225.0,33020.38,7992.0,6,12,31610.97,75765.33,95463.0,2,49,31069.0,Y,13761.97,current,M,29,MEDIUM,2.7,4,693.0,1,18.0
6065,17081,215930.0,9633.0,6184.54,35893.3,1165.38,33122.11,426.81,531.0,26,44,1,16,1,302000,1,1,1.0,1,360978.37,167870.79,3000.0,-5942.0,17819.0,32573.0,5.0,9,20558.7,9288.87,77293.0,6,5,30112.0,89032.25,115164.0,11,83,15764.0,Y,13099.77,current,M,66,LOW,23.0,8,801.0,1,7.0
6066,13845,5501.0,4116.0,13508.51,6883.69,7028.12,9751.0,13587.37,531.0,2,60,7,5,55,17000,1,1,1.0,1,720551.4,342412.0,12000.0,-6301.0,34128.25,59961.0,32.0,13,25581.0,54960.41,59201.66,23,13,17613.0,138262.08,631045.85,9,12,525000.0,Y,21895.84,current,M,53,LOW,33.0,1,958.0,1,9.0
6067,47,11595.0,12275.14,1836.0,14904.0,1532.95,637.0,6707.91,1.0,10,3,2,4,39,84000,1,1,1.0,1,360978.37,12929.0,16215.0,2921.0,21576.35,36728.0,24.0,0,25265.0,45882.0,21956.0,6,7,76666.0,40259.0,77805.0,21,106,210.0,Y,1714.55,current,M,30,MEDIUM,1.0,7,867.0,1,2.0
6068,7357,17387.0,27337.83,2782.94,13353.0,335.0,1501.0,7054.0,8.0,43,10,3,12,1,586000,1,1,1.0,1,15079.5,55000.0,300500.0,1500.0,26913.25,80127.0,8.0,43,34812.0,18045.0,65146.0,31,7,33782.0,22587.16,50324.0,4,15,115601.0,Y,18444.69,current,M,30,MEDIUM,4.0,5,928.0,0,12.0
6069,2430,125370.0,22658.0,3197.85,2274.0,18915.0,2855.0,8250.0,24.0,67,82,1,2,56,244000,1,1,1.0,1,165907.57,2400000.0,26241.0,8572.0,71673.44,72293.0,7.0,0,45947.0,121290.32,39324.0,2,67,19150.0,47391.34,63257.35,21,50,152743.0,Y,1219.02,saving,M,32,LOW,9.600000000000001,9,805.0,0,18.0
6070,13701,9285.0,7560.77,3928.5,48937.9,1808.0,83660.2,680.0,7.0,3,9,4,6,1,125000,1,1,1.0,1,568.8,330001.0,508.0,-4324.0,13613.21,60527.81,77.0,36,27534.0,77887.89,18993.0,23,59,24685.0,23373.76,100824.76,2,18,60337.18,Y,4430.1,current,M,33,MEDIUM,10.4,2,354.0,1,16.0
6071,5970,2399.0,18237.26,2846.6,14171.875,22738.64,6538.0,1746.0,2.0,66,47,2,55,3,338000,1,1,1.0,1,10006.2,1425000.0,130000.0,0.0,45652.0,41434.7,46.0,36,31213.0,25986.5,40524.42,3,20,17405.0,95671.51,50192.29,7,18,11752.0,Y,6945.0,current,M,33,LOW,7.800000000000001,1,249.0,1,19.0
6072,14037,20251.0,2726.0,4931.6,8091.9,13234.0,21368.875,622.0,50.0,128,50,30,27,6,225000,1,1,1.0,1,9717.55,633323.83,48950.0,26601.0,7716.25,98588.0,6.0,2,227800.0,105699.75,115110.0,6,63,18730.0,57839.0,136694.0,117,49,6631.4,Y,2464.89,current,M,60,LOW,40.0,7,958.0,1,20.0
6073,7482,16481.0,22575.0,2263.0,906.0,6544.0,8702.745,4620.0,52.0,84,50,44,2,4,352000,1,1,1.0,1,102.95,52098.99,1036.0,6916.0,23847.13,37694.0,29.0,15,116875.22,50622.83,55137.0,4,81,39628.0,22743.9,133354.25,5,63,79682.0,Y,1650.39,current,F,28,LOW,2.4000000000000004,2,623.0,0,11.0
6074,9056,22131.0,8948.18,232.6,604.04,6841.3,6807.0,144.0,100.0,10,61,18,18,9,494000,1,1,1.0,1,115818.74,210651.4,51520.0,1332.0,9037.32,42149.41,32.0,36,87127.0,11654.79,90949.0,0,20,24422.0,48467.42,19609.0,2,52,22007.0,Y,1181.47,current,M,32,LOW,8.4,10,270.0,1,6.0
6075,937,227828.0,38439.19,3483.0,16791.5,2482.84,6805.5,885.0,1.0,43,7,1,12,2,19000,1,1,1.0,1,65640.0,16375.0,536.0,-4664.0,37896.13,271848.0,4.0,3,28029.0,215758.0,50695.0,3,14,69866.0,90963.3,131365.75,4,61,38057.0,Y,5182.92,current,F,60,MEDIUM,40.0,7,945.0,1,5.0
6076,10461,130073.0,2760.67,3197.85,17662.0,467.49,3285.5,221.0,19.0,10,51,2,1,34,523000,1,1,1.0,1,58121.25,225000.0,6738.0,5340.0,31719.0,22671.0,11.0,35,50161.0,24801.88,107133.0,1,108,26324.0,130456.35,30358.0,2,3,85842.0,Y,2748.09,current,F,31,LOW,5.5,6,799.0,1,3.0
6077,2588,11934.0,1072.3,5256.0,22822.99,3816.0,5049.75,4695.52,9.0,36,82,50,25,53,56000,1,1,1.0,1,9624.6,182359.2,28985.0,4795.0,24315.15,27214.0,18.0,4,46800.0,57463.28,66936.37,3,12,12638.0,105135.14,231044.5,4,32,43735.0,Y,82694.06,current,M,34,LOW,7.0,3,331.0,1,14.0
6078,17461,16405.0,112278.84,2239.4,1693.76,14965.08,10682.05,607.0,12.0,10,87,30,2,58,124000,1,1,1.0,1,1892440.0,77000.0,492.0,5730.0,22715.08,102026.91,79.0,5,23166.0,6795.83,89078.0,1,20,124318.0,4137.0,23823.09,6,32,23128.0,Y,2160.45,current,M,31,MEDIUM,2.2,2,656.0,1,2.0
6079,6581,3439.0,13006.7,3056.0,6520.0,15853.8,934.04,772.0,14.0,84,1,2,1,2,382000,1,1,1.0,1,4110.0,12000.0,1526.0,2921.0,33304.57,34696.86,147.0,7,42002.0,37935.5,43106.0,23,82,16145.0,16573.0,21786.0,1,83,16410.0,Y,2605.91,current,M,32,LOW,12.0,7,620.0,0,4.0
6080,9031,13686.0,1181.98,16355.78,4182.16,2821.0,3667.54,1660.0,10.0,7,50,23,4,2,479000,1,1,1.0,1,68640.0,2436.91,51520.0,-12179.0,25824.0,125206.0,16.0,3,26655.0,68281.97,41582.24,4,12,25979.0,27027.0,54683.5,4,76,14347.0,Y,2252.44,current,F,66,MEDIUM,46.0,9,505.0,0,20.0
6081,11627,4220.0,6317.0,10966.59,16000.53,25337.0,12396.0,2962.0,8.0,9,5,4,6,41,595000,1,1,1.0,1,139323.25,784499.0,96497.0,-4679.0,100848.8,57993.0,11.0,3,92262.0,36245.78,334234.0,9,27,64570.33,30491.5,58669.5,3,22,1120.0,Y,4046.51,current,M,47,MEDIUM,2.7,7,966.0,0,19.0
6082,19040,10576.0,40132.0,2338.0,9361.6,8135.9,5226.2,4619.0,1.0,22,50,1,3,6,75000,1,1,1.0,1,34648.75,68663.61,12337.0,-4679.0,37329.4,24040.0,5.0,35,22330.0,44086.88,151118.0,2,8,42075.0,31006.79,7084.0,6,24,37829.0,Y,15210.93,saving,M,66,MEDIUM,13.8,3,274.0,1,10.0
6083,16528,19143.0,28113.81,17761.0,23408.1,1049.5,6942.89,2537.0,4.0,1,72,8,25,75,326250,1,1,1.0,1,47024.8,158000.0,500718.0,277.0,96487.23,200367.52,46.0,15,72186.0,37503.4,5873.0,1,40,44023.0,32291.5,195.0,19,104,25629.0,Y,12248.94,current,M,27,MEDIUM,6.300000000000001,8,801.0,0,20.0
6084,8415,19114.0,1475.99,11166.0,379.4,600.0,6264.0,42960.0,531.0,1,50,53,2,47,141000,1,1,1.0,1,10008.0,24703.0,67696.0,2337.0,124884.2,10294.5,87.0,35,21842.0,29697.77,384.75,70,5,25500.0,74396.65,50324.0,5,11,46047.0,Y,4706.28,current,M,33,LOW,10.4,5,863.0,1,2.0
6085,18878,15167.0,120474.96,3602.82,14818.3,361.0,2576.4,3175.93,531.0,128,112,8,9,42,134000,1,1,1.0,1,94643.15,6574.31,24619.0,4314.0,30447.25,8321.75,103.0,30,36759.0,10892.75,57786.0,2,5,29516.0,41061.41,54007.0,6,57,26965.0,Y,1522.69,current,M,33,MEDIUM,10.4,6,623.0,1,15.0
6086,7392,33740.0,4635.77,142905.29,949.0,3686.0,9377.0,2938.0,10.0,26,46,15,2,2,134000,1,1,1.0,1,6558.8,262556.0,851.0,0.0,17764.21,4735.0,3.0,13,51816.0,149505.28,122308.61,2,50,37595.0,42280.15,11299.0,19,79,25396.0,Y,1584.63,current,M,66,MEDIUM,23.0,1,626.0,1,14.0
6087,1988,404995.0,5302.67,10829.0,6132.03,84.0,4382.32,1811.0,57.0,43,50,5,5,79,147000,1,1,1.0,1,138129.4,185097.6,18389.0,35346.0,6678.4,64525.85,46.0,1,28595.0,318193.05,464456.0,5,50,63388.0,31838.92,195387.0,14,32,30250.0,Y,6344.45,current,M,33,LOW,2.6,3,743.0,1,4.0
6088,1286,20390.0,5430.11,12771.25,19993.26,9404.63,9500.0,525.0,63.0,8,1,24,3,1,512000,1,1,1.0,1,4230125.0,159308.0,583.0,0.0,59239.45,26166.0,82.0,36,93530.0,29793.76,125651.0,31,14,18510.0,44449.63,68105.0,2,58,45295.0,Y,776.53,current,M,33,MEDIUM,13.0,3,725.0,1,13.0
6089,1596,30250.0,12769.61,2846.6,16483.0,736.01,3051.75,4462.0,66.0,8,1,2,12,13,147000,1,1,1.0,1,12.19,221000.0,16114.0,1465.0,21576.35,145110.38,55.0,2,42893.0,10417.0,119219.0,45,29,72661.0,81529.14,17730.5,7,13,125241.0,Y,1594.25,current,M,37,MEDIUM,1.7000000000000002,6,511.0,0,4.0
6090,12656,7962.0,50218.53,3563.0,1216.19,44305.59,3179.955,3922.0,4.0,1,13,2,5,75,345000,1,1,1.0,1,71191.8,146793.0,33950.0,-3053.0,33172.98,68825.0,55.0,2,43361.0,7086.75,30510.0,3,8,35184.0,40586.48,11638.58,2,32,208849.0,Y,1925.19,current,M,25,MEDIUM,3.5,3,503.0,1,10.0
6091,10071,571.0,20261.0,6852.65,22619.0,549.0,8391.28,4466.0,1.0,37,53,8,31,47,362000,1,1,1.0,1,325024.6,234459.4,12560.0,3897.0,43301.95,89265.0,32.0,2,20876.0,38455.0,86081.0,3,20,15640.0,39542.78,58888.0,2,106,43917.0,Y,9444.33,current,M,28,LOW,2.4000000000000004,4,394.0,1,13.0
6092,10500,296083.0,7909.37,2994.98,21178.0,1921.6,11418.0,27335.12,57.0,18,4,18,55,77,371000,1,1,1.0,1,3486840.0,446457.0,15477.0,4063.0,24386.0,35235.0,63.0,5,52732.0,38079.89,86649.0,2,59,55129.0,45801.49,17414.0,12,104,72425.0,Y,2121.13,current,M,66,MEDIUM,27.6,3,708.0,1,14.0
6093,9807,1479.0,1350.0,10704.0,36715.0,795.0,2383.92,1014.0,44.0,65,10,1,1,8,359000,1,1,1.0,1,4120.0,19000.0,15756.0,1992.0,15473.24,60770.3,52.0,3,27825.0,114901.19,73762.0,6,12,144740.0,43193.4,225402.2,2,15,16255.0,Y,3241.26,saving,M,27,MEDIUM,0.7000000000000001,7,270.0,1,5.0
6094,18449,10031.0,15711.58,2525.94,10103.85,28591.0,872.0,13049.0,50.0,3,49,20,18,4,400000,1,1,1.0,1,506688.65,118983.0,16215.0,5340.0,107061.5,145995.0,90.0,36,46082.0,28394.75,129094.75,8,29,18826.0,25232.0,32116.5,3,13,39834.0,Y,1358.04,current,M,53,LOW,6.6000000000000005,2,889.0,1,2.0
6095,10084,5934.0,1061.5,2134.49,13793.52,337.0,7388.0,21126.0,26.0,1,35,22,1,42,426000,1,1,1.0,1,551439.2,155000.0,10271.0,3735.0,6763.01,98154.0,77.0,3,18605.0,83093.78,21377.0,5,27,23705.0,17948.0,22611.0,3,12,16554.0,Y,9144.14,saving,M,40,MEDIUM,8.0,1,372.0,1,14.0
6096,18542,19560.0,9666.05,3899.0,5711.53,1478.0,25067.75,517.0,8.0,8,46,50,4,98,49999,1,1,1.0,1,58834.74,633323.83,105000.0,0.0,117736.58,20643.0,11.0,36,13600.0,134038.57,259503.0,4,40,79812.0,80090.83,22436.0,6,79,20557.0,Y,3095.05,current,M,30,MEDIUM,5.0,1,683.0,0,3.0
6097,15680,12509.0,5328.84,11044.0,3676.215,4556.23,19331.0,499.4,6.0,1,4,2,2,77,378000,1,1,1.0,1,101891.25,251131.79,90525.0,1500.0,23228.77,55545.0,4.0,3,19317.0,85341.25,115119.0,6,8,5300.0,6150.75,79700.43,62,40,25716.0,Y,780.6,saving,M,46,MEDIUM,10.4,2,623.0,1,9.0
6098,8873,359.0,3205.25,5867.0,28001.74,7559.91,1995.03,4203.0,6.0,65,2,53,60,10,494000,1,1,1.0,1,23221.65,83402.0,1515.0,-6885.0,33760.71,30025.5,22.0,1,161896.0,100421.87,27872.5,5,108,55806.0,23004.0,118037.17,5,107,25826.0,Y,1032.51,current,F,62,MEDIUM,37.800000000000004,5,708.0,1,10.0
6099,17240,20126.0,816.76,1522.0,8162.66,1524.0,42073.0,6394.0,57.0,23,87,4,18,54,524000,1,1,1.0,1,47450.2,167870.79,14754.0,0.0,65401.72,92735.0,46.0,1,12517.0,499340.51,237748.5,3,14,15633.0,39755.05,87574.83,12,10,40305.0,Y,10273.55,current,M,46,LOW,2.6,4,958.0,1,7.0
6100,11983,12223.0,11249.075,2970.89,3932.96,6368.0,1765.93,7156.0,8.0,30,2,5,27,54,300000,1,1,1.0,1,136000.0,218670.0,15654.0,10210.0,40625.43,339712.9,55.0,33,23616.0,24798.99,83218.0,5,82,7593.0,16038.39,17195.0,5,103,40337.0,Y,198.06,current,F,60,HIGH,12.0,5,588.0,1,4.0
6101,11019,341841.0,5298.31,788.0,739.52,4019.0,372.1,1058.0,4.0,32,26,1,2,80,575000,1,1,1.0,1,76122.87,280000.0,50000.0,1079.0,31639.36,409.0,3.0,4,121396.0,266997.97,12783.0,35,46,134893.0,152825.19,563.0,12,12,45974.0,Y,204.98,current,M,47,HIGH,5.4,5,511.0,1,9.0
6102,8777,11886.0,28171.08,2210.0,204902.07,6658.0,658.0,4505.0,6.0,46,3,18,2,11,267000,1,1,1.0,1,94643.15,152391.0,11379.0,3323.0,58407.9,43884.0,70.0,26,17651.0,57580.56,11677.0,1,13,53854.0,27056.5,81063.28,12,104,37001.0,Y,1425.15,current,M,53,HIGH,13.200000000000001,10,454.0,0,18.0
6103,60,16641.0,7683.46,518.0,61667.0,1850.0,13050.0,22633.42,6.0,77,19,4,1,18,581000,1,1,1.0,1,2002.36,36880.0,639.0,2921.0,41127.1,74623.0,46.0,3,147845.0,56148.0,11227.5,3,20,25992.0,52805.0,22463.0,4,12,27569.0,Y,1945.12,current,M,53,MEDIUM,19.8,1,305.0,1,19.0
6104,19183,14854.0,8443.93,2136.51,3001.03,25779.0,30468.41,534.0,4.0,3,1,1,1,5,306000,1,1,1.0,1,10535967.5,64491.0,618.0,0.0,37349.39,143.0,2.0,33,13397.0,153501.88,36881.0,1,11,11781.0,48408.89,83082.0,94,49,44411.0,Y,2947.76,current,M,28,LOW,4.0,4,866.0,1,16.0
6105,14212,16513.0,15418.0,876.32,9130.98,21210.66,4978.24,1545.0,17.0,77,16,24,71,98,302000,1,1,1.0,1,46451.38,165970.9,12016.0,19765.0,260923.2,78814.0,7.0,4,57544.0,4633.16,72190.0,2,12,116123.0,14934.93,234862.0,4,13,132149.0,Y,2601.39,current,M,37,LOW,13.600000000000001,6,966.0,0,8.0
6106,19603,2623.0,51716.13,24296.26,5862.94,3259.5,14213.0,84351.0,20.0,5,14,20,1,16,26000,1,1,1.0,1,5809950.0,360000.0,643.0,0.0,29621.18,258355.0,62.0,15,30629.0,9321.22,51474.5,19,8,10205.0,38431.0,36442.0,4,32,25325.0,Y,1893.93,saving,M,32,MEDIUM,2.4000000000000004,10,698.0,0,14.0
6107,12192,11956.0,49030.46,2024.5,8819.0,10204.52,19045.0,2829.0,63.0,10,38,3,21,2,85000,1,1,1.0,1,46730.2,134000.0,8333.0,2819.0,20912.36,43051.0,9.0,5,30.0,32281.52,6166.0,3,82,46688.0,37696.0,24631.0,14,10,13299.0,Y,15760.96,current,M,55,MEDIUM,3.5,10,249.0,0,9.0
6108,14644,17435.0,20126.2,5195.0,4519.0,2223.6,2199.12,127.0,16.0,10,74,11,21,98,350000,1,1,1.0,1,41883.6,6574.31,130000.0,3897.0,33304.57,52384.0,29.0,19,64866.0,16997.25,144748.0,43,81,11376.0,19945.96,25820.25,6,32,9721.0,Y,16644.56,current,M,47,MEDIUM,16.2,5,683.0,1,16.0
6109,18329,3751.0,2328.22,2000.0,8794.66,12978.38,3245.34,592.0,6.0,5,87,7,55,3,272000,1,1,1.0,1,31524.4,221000.0,96497.0,5464.0,62205.75,83241.95,67.0,7,34047.0,65390.75,26791.0,5,42,41643.0,487948.59,42512.0,4,12,66990.0,Y,9983.52,current,M,55,MEDIUM,10.5,9,595.0,1,16.0
6110,13985,8822.0,12771.44,13900.2,3284.92,2876.0,20918.0,1784.3,8.0,66,50,25,8,18,430000,1,1,1.0,1,81872.65,82907.34,8060.0,-5439.0,12796.91,89033.0,11.0,3,19414.3,31646.42,15665.0,4,82,6100.0,47416.23,29539.0,117,11,46347.0,Y,4224.92,current,M,38,MEDIUM,10.8,6,958.0,1,3.0
6111,18202,18460.0,42523.85,25214.0,1382.5,4100.69,2698.55,2861.0,14.0,30,59,2,2,81,147000,1,1,1.0,1,41883.6,25000.0,18257.0,5340.0,125665.25,54030.0,43.0,3,50782.0,22799.4,99524.0,2,21,41532.0,174783.97,143892.0,7,12,80559.0,Y,4745.14,current,M,31,LOW,9.9,1,606.0,1,20.0
6112,5350,123119.0,15427.485,1811.0,12109.82,1590.0,13389.0,3718.67,6.0,65,44,5,2,6,329000,1,1,1.0,1,5457.0,393201.39,12000.0,12965.0,45400.0,55392.0,52.0,5,34623.0,22381.24,261517.0,4,20,40579.0,37186.29,74278.0,12,63,22027.0,Y,10245.86,saving,M,36,MEDIUM,14.4,9,805.0,1,19.0
6113,9254,7584.0,74243.25,1058.28,6083.0,302.0,9736.11,2007.0,6.0,65,72,39,4,8,256000,1,1,1.0,1,26502.28,7051.99,1266.0,0.0,89259.4,56107.5,12.0,2,22661.0,28796.5,120040.0,6,4,44633.0,38864.35,18423.0,12,65,21498.0,Y,3517.43,current,M,28,LOW,8.0,2,723.0,0,15.0
6114,10297,18227.0,3768.65,3868.0,16409.5,4387.0,6263.44,14791.0,4.0,10,1,8,4,86,650000,1,1,1.0,1,13762.5,12000.0,50000.0,5439.0,69256.35,6045.0,46.0,0,162902.0,21816.41,91039.0,2,27,25777.0,19503.45,165543.0,43,43,13786.81,Y,33797.53,current,M,33,MEDIUM,1.3,1,748.0,1,16.0
6115,13080,224238.0,18604.4,13714.87,2095.42,4550.27,8434.0,1928.63,26.0,1,61,23,24,74,75000,1,1,1.0,1,13877.4,7242.09,1097.0,2351.0,96967.29,16213.0,42.0,9,80705.0,83793.75,7724.0,0,5,69009.0,65569.13,54311.0,5,58,26267.0,Y,36141.77,current,M,37,MEDIUM,13.600000000000001,10,394.0,1,20.0
6116,2547,1062.0,46887.03,3764.53,4267.0,2038.3,6544.5,841.6,50.0,36,14,2,1,47,520000,1,1,1.0,1,265809.85,1425000.0,25524.0,1332.0,56614.28,46585.0,84.0,23,9402.0,56382.58,38825.0,31,108,5350.0,16086.0,120420.0,21,13,46047.0,Y,10614.09,current,M,33,LOW,5.2,6,505.0,0,4.0
6117,17705,5224.0,787.0,11056.0,1528.0,17318.47,15931.6,6301.25,9.0,77,4,3,21,56,170000,1,1,1.0,1,3618670.8,208652.0,1630.0,12415.0,8051.39,60709.01,7.0,0,50688.0,22867.79,58565.71,0,25,29199.0,144991.92,46800.0,6,11,48538.0,Y,7970.12,saving,M,51,LOW,6.2,5,867.0,1,19.0
6118,9630,4541.0,45117.45,3110.85,818.0,6091.0,1776.0,702.95,66.0,10,653,25,9,1,411000,1,1,1.0,1,2173459.0,53749.0,3000.0,-5998.43994,60214.58,71800.96,32.0,13,75721.0,515800.74,258172.0,1,13,77619.0,76560.28,75815.47,14,80,43055.0,Y,256.52,saving,F,28,HIGH,6.4,6,516.0,1,2.0
6119,827,10430.0,59001.19,1515.0,1863.53,792.0,675.53,11355.0,19.0,10,87,48,2,4,330000,1,1,1.0,1,28482.5,100000.0,90525.0,-5998.43994,42425.0,102026.91,11.0,14,50357.0,36839.0,1880.0,1,36,29964.0,73408.75,175179.0,5,25,36837.0,Y,3293.58,saving,M,32,LOW,6.0,6,371.0,1,15.0
6120,18812,100349.0,1006.0,14550.0,3557.7,2070.0,5835.0,6719.85,6.0,10,73,2,6,80,568000,1,1,1.0,1,65640.0,75000.0,3792.0,5773.0,83428.54,26808.0,11.0,3,24193.0,44067.0,39311.91,7,20,27231.0,97611.05,149419.46,5,73,132162.0,Y,6149.65,current,M,53,LOW,13.200000000000001,1,355.0,0,20.0
6121,11401,5505.0,21468.0,132287.0,66556.68,20587.0,204.0,20455.0,43.0,10,47,25,11,56,110000,1,1,1.0,1,68640.0,182359.2,18389.0,5439.0,15154.76,40816.0,10.0,43,23033.0,34000.37,47067.0,0,27,56211.72,110647.75,227936.5,5,73,138887.0,Y,1748.28,current,F,47,MEDIUM,24.3,3,258.0,0,9.0
6122,5764,16421.0,7774.8,9758.0,11375.01,2810.0,4201.665,2404.89,44.0,56,27,7,2,3,472000,1,1,1.0,1,33784.35,375000.0,583.0,2351.0,39240.28,30510.0,62.0,3,194250.0,244411.96,75027.0,5,20,13920.0,19870.76,40734.0,14,49,48788.0,Y,5218.06,current,M,33,MEDIUM,11.700000000000001,10,614.0,0,6.0
6123,939,211585.0,4508.27,1303.0,1607.625,1050.7,476.0,925.34,43.0,84,10,53,15,20,290000,1,1,1.0,1,24832.0,5000000.0,2644.0,167.0,32616.5,189805.0,46.0,17,20654.0,45190.0,145970.36,2,34,14630.0,46568.96,66923.0,3,1,29658.0,Y,235.49,current,M,223,MEDIUM,20.3,9,269.0,1,9.0
6124,13648,333194.0,69372.95,3825.0,7974.58,6841.3,2824.0,6949.0,7.0,83,48,48,38,42,199999,1,1,1.0,1,417.0,64491.0,798.0,-4679.0,28277.93,26334.0,17.0,26,79620.93,31241.22,41813.86,5,13,99422.75,46531.31,109851.0,4,35,20828.0,Y,6191.68,current,M,36,MEDIUM,3.2,9,447.0,1,3.0
6125,15494,15188.0,112126.98,20098.0,5056.34,4446.66,10085.9,2338.0,5.0,46,50,1,4,10,574000,1,1,1.0,1,17377.25,105000.0,25000.0,-5998.43994,19184.0,75424.0,40.0,7,53687.98,11175.5,16374.74,43,82,21600.0,112318.19,28084.0,2,10,24557.0,Y,2251.82,current,M,32,MEDIUM,12.0,6,464.0,1,7.0
6126,6876,2019.0,7697.57,15063.91,14634.0,10317.0,1828.03,3096.1,531.0,5,11,4,3,12,472000,1,1,1.0,1,48624.7,76157.6,30011.0,0.0,135753.18,42141.99,8.0,13,82.91,16379.57,94897.0,5,11,39312.0,6707.78,161082.03,3,35,59790.0,Y,11736.5,saving,M,64,MEDIUM,30.8,9,503.0,1,10.0
6127,18820,123069.0,15602.93,9115.25,1117246.31,1495.0,4654.33,5258.0,3.0,36,3,22,2,1,87000,1,1,1.0,1,39851.93,274285.17,583.0,3897.0,52540.91,144359.46,12.0,1,39728.0,53695.62,16712.0,1,82,56956.0,105488.53,161090.0,5,37,87122.0,Y,452.71,current,M,34,HIGH,5.6000000000000005,5,245.0,0,11.0
6128,3508,8377.0,5416.23,6593.68,5322.76,11415.09,1460.945,6719.85,6.0,85,30,1,25,17,352000,1,1,1.0,1,419327.23,197800.0,11379.0,6885.0,32212.48,26329.0,16.0,1,18807.0,13552.63,17217.0,1,46,37016.0,32423.5,5595.0,3,12,26186.9,Y,141479.73,current,M,32,LOW,12.0,6,685.0,1,10.0
6129,15260,15862.0,35424.0,23561.21,5229.94,6176.52,5899.0,3384.37,2.0,99,1,57,5,56,293000,1,1,1.0,1,48422.7,184514.0,50000.0,19765.0,21205.0,60111.0,11.0,1,121289.0,44004.38,33134.0,2,8,31000.0,33985.72,90588.7,6,18,16081.0,Y,2221.74,current,M,29,MEDIUM,3.6,7,505.0,1,14.0
6130,1059,10398.0,8092.54,193.0,2501.0,5207.04,15772.0,14302.0,56.0,5,16,47,21,79,255000,1,1,1.0,1,526.25,589.39,891.0,4314.0,17862.75,22785.0,20.0,2,65104.0,48936.53,30220.0,1,5,55149.0,55373.76,63902.0,21,38,23761.0,Y,4906.97,current,M,30,MEDIUM,10.0,5,911.0,0,9.0
6131,3037,9560.0,2555.37,2686.0,3145.34,7382.0,5268.0,886.58,6.0,77,70,57,60,2,483000,1,1,1.0,1,41441.27,358480.64,925.0,-5998.43994,27084.02,37000.0,11.0,5,11151.0,25022.11,65070.0,1,20,50174.0,22010.15,51367.15,7,78,39930.0,Y,6663.19,current,M,47,MEDIUM,2.7,8,883.0,1,18.0
6132,13481,6856.0,30096.51,4290.0,2826.0,549.0,2872.5,13402.0,8.0,3,102,44,14,42,120000,1,1,1.0,1,229435.05,190887.4,908.0,2921.0,25348.5,230573.5,4.0,1,40544.0,40249.71,16212.0,11,14,81835.0,94210.14,159825.35,1,104,18771.0,Y,37319.13,current,M,61,MEDIUM,41.0,5,485.0,0,6.0
6133,13477,9215.0,402.0,6382.41,8855.58,1025.0,3065.75,15631.0,5.0,10,13,24,11,1,255000,1,1,1.0,1,3405.0,100934.0,800.0,6260.0,34193.0,50160.0,6.0,26,9272.0,81710.7,32511.0,2,63,34189.0,83111.0,18992.75,94,80,47468.0,Y,10375.52,saving,M,35,MEDIUM,3.0,10,865.0,1,17.0
6134,15431,167579.0,34195.0,67801.63,56485.82,5517.0,2179.0,199.0,44.0,3,60,3,51,80,150000,1,1,1.0,1,156875.0,37000.0,15477.0,19453.0,45291.9,40201.5,3.0,4,22557.0,119604.19,288849.94,50,29,3480000.0,97302.81,28712.0,5,25,156000.0,Y,5295.81,current,M,64,MEDIUM,44.0,9,867.0,1,17.0
6135,10318,298662.0,2038.24,2404.0,1955.09,7459.1,11578.0,3331.0,1.0,36,61,21,1,37,249000,1,1,1.0,1,3540.55,39833.19,8943.86,-4664.0,2536.8,27604.0,67.0,3,29146.0,122136.76,52489.16,6,25,39423.0,2160.0,119092.0,6,63,21538.0,Y,7629.98,current,F,46,MEDIUM,18.2,6,969.0,1,9.0
6136,10425,222767.0,157378.77,4402.0,31565.5,700.05,48866.0,3249.0,8.0,7,13,1,60,10,75000,1,1,1.0,1,291969.2,273221.0,73217.0,5350.0,49059.25,11148.0,32.0,7,11518.0,100687.55,23865.0,9,4,21606.0,179.0,21299.0,117,10,34593.0,Y,9094.43,current,M,223,LOW,101.5,8,249.0,1,8.0
6137,14600,976.0,2658.79,43191.12,6021.18,13090.0,92626.59,1922.0,1.0,23,87,8,46,1,337000,1,1,1.0,1,51291.45,650000.0,230000.0,20513.0,132906.11,31993.0,89.0,1,21257.0,118577.22,416.57,6,13,142385.0,145262.63,46520.0,5,12,17981.0,Y,8878.73,current,M,33,LOW,1.3,8,249.0,1,9.0
6138,1866,557.0,13733.08,2909.34,7329.42,2160.0,5103.0,2403.9,4.0,71,35,15,3,5,44000,1,1,1.0,1,168265.55,462011.1,230000.0,-4664.0,76094.1,19288.0,11.0,2,12011.0,18777.48,55778.0,31,20,58084.0,44901.21,133774.55,5,24,202500.0,Y,1181.47,current,F,40,MEDIUM,20.0,7,750.0,0,19.0
6139,4218,16246.0,35665.9,3602.82,35690.17,1836.65,3095.455,619.52,2.0,5,5,50,44,1,501000,1,1,1.0,1,111.0,589.39,3975.0,-5439.0,150785.1,31497.0,11.0,3,26604.0,108935.41,100175.0,7,75,23948.0,304.16,69957.0,62,36,11047.0,Y,730.0,current,M,38,MEDIUM,7.2,1,958.0,1,6.0
6140,9396,12713.0,5850.65,5739.0,7284.98,1729.04,67374.48,21927.62,8.0,128,30,47,2,16,326000,1,1,1.0,1,825.0,152664.0,56305.0,2351.0,222316.24,36526.0,7.0,3,90048.0,25091.13,46195.0,2,20,20154.0,57623.17,2215.0,7,36,22573.0,Y,23891.74,current,M,36,HIGH,4.800000000000001,1,485.0,1,18.0
6141,14425,2733.0,11887.04,1087.0,20883.14,1005.0,3254.0,13126.79,10.0,8,4,1,3,80,461000,1,1,1.0,1,55700.0,41.26,550.0,8723.0,13309.0,290009.13,22.0,4,68405.0,107144.95,45916.88,4,20,6850.0,156011.9,25948.75,13,65,54167.0,Y,3349.06,current,M,34,HIGH,1.4000000000000001,8,536.0,1,16.0
6142,4599,175648.0,7381.31,933.2,8862.42,5214.6,20083.38,4171.04,19.0,32,49,18,1,79,480000,1,1,1.0,1,48675.31,280000.0,48950.0,9415.0,9135.3,49115.0,7.0,35,60206.0,22564.67,65231.0,2,36,21184.0,126400.13,109103.15,7,3,8999.0,Y,42595.06,current,M,27,MEDIUM,4.2,1,123.0,1,16.0
6143,16831,14033.0,7560.0,7191.05,11646.17,5650.52,30997.0,442.27,67.0,9,3,21,6,56,67000,1,1,1.0,1,50040.0,50034.93,126001.0,1465.0,116353.89,369031.0,3.0,26,33838.0,21447.42,24587.0,43,20,27850.0,163755.17,500.65,117,12,64523.0,Y,13170.34,current,M,62,MEDIUM,16.8,7,447.0,0,3.0
6144,9472,167230.0,31839.26,17053.25,5014.5,53198.05,15429.47,1376.52,26.0,32,50,5,31,47,147000,1,1,1.0,1,117680.0,194099.3,2019.0,2500.0,117015.22,122322.0,63.0,31,40389.0,33017.0,200314.0,2,12,35693.0,96493.15,48469.0,11,113,24276.0,Y,171.63,current,M,53,HIGH,13.200000000000001,7,537.0,1,18.0
6145,19238,17308.0,5322.0,24377.49,7680.76,15562.77,9518.0,1784.3,2.0,5,60,1,18,9,272000,1,1,1.0,1,41883.6,63700.0,13533.0,26601.0,5768.27,38709.0,46.0,5,15868.0,75317.06,41570.0,3,8,198000.0,10710.88,67404.49,47,67,388145.0,Y,19439.66,current,M,30,HIGH,2.0,1,966.0,0,14.0
6146,2942,8446.0,5850.65,16851.7,11770.88,23568.58,3173.0,18738.0,18.0,99,49,50,1,4,403000,1,1,1.0,1,19265.4,257406.7,4198.0,1954.0,76554.67,19061.0,39.0,4,20347.0,11461.5,106800.0,11,63,16915.0,7277.83,26534.48,7,1,29867.0,Y,11717.93,current,F,56,MEDIUM,32.4,8,269.0,1,10.0
6147,1472,392788.0,32274.42,10544.0,1460.0,15384.76,448.0,1841.35,5.0,32,3,47,7,42,199000,1,1,1.0,1,3405.0,267421.4,12337.0,12415.0,31958.77,257744.0,52.0,7,24556.0,235469.0,74706.25,70,82,103500.0,198784.85,2229.0,47,80,691984.71,Y,3332.96,current,F,34,HIGH,12.600000000000001,3,647.0,1,3.0
6148,13672,13320.0,10226.5,20337.08,500.5,3400.0,1261.25,6768.17,16.0,10,112,1,12,12,472000,1,1,1.0,1,825.0,74599.9,100000.0,10455.0,64714.39,102284.0,103.0,26,12102.7,45298.68,224587.13,6,25,28520.28,42203.54,1205.0,2,68,29755.0,Y,2117.05,saving,M,30,LOW,3.0,5,686.0,1,10.0
6149,5488,2605.0,20504.35,3999.0,1066.27,2901.96,1956.2,10086.0,1.0,1,27,8,1,42,290000,1,1,1.0,1,19265.4,51000.0,73217.0,1992.0,103979.18,203933.0,50.0,19,43126.0,54960.41,86391.77,1,9,11707.0,107088.84,339261.0,2,11,19904.0,Y,657.38,current,M,30,MEDIUM,10.0,4,247.0,1,19.0
6150,1365,20116.0,12421.865,2280.0,17818.89,2576.0,14942.11,1090.0,4.0,29,14,1,4,16,450000,1,1,1.0,1,123295.4,52985.43,25111.0,-5439.0,135753.18,81072.0,62.0,31,123000.0,67984.24,57418.33,9,20,32452.0,133957.85,65015.0,40,63,354687.0,Y,12780.44,current,M,29,MEDIUM,9.0,1,937.0,1,11.0
6151,3743,9192.0,3656.0,7770.0,14359.11,2346.76,8071.5,7240.0,4.0,83,14,21,2,79,98000,1,1,1.0,1,51031.4,186474.96,15756.0,5464.0,135437.42,19238.0,3.0,4,34199.0,53798.73,22665.37,17,82,138617.0,86135.0,78398.18,2,124,28247.0,Y,2.78,current,M,44,MEDIUM,12.0,3,523.0,1,16.0
6152,9846,5756.0,24628.81,632.0,11920.3,1513.0,8400.44,5715.0,80.0,23,16,1,6,42,379000,1,1,1.0,1,48624.7,200926.0,183999.0,10455.0,269503.75,32531.0,43.0,6,36633.0,35319.29,28706.5,2,20,22057.0,37153.88,80682.27,36,124,24799.0,Y,860.57,current,F,39,MEDIUM,9.5,9,904.0,1,12.0
6153,98,12520.0,13381.85,9855.4,5056.34,3160.0,29366.03,8656.0,5.0,99,38,25,15,31,371000,1,1,1.0,1,6030.65,251131.79,15477.0,8362.0,17009.22,12005.0,22.0,14,24616.0,21548.83,47040.0,17,40,59327.0,26897.97,87574.83,2,83,18600.0,Y,1803.04,current,M,33,LOW,1.3,4,865.0,1,7.0
6154,19856,2986.0,36046.26,3027.0,18850.52,2150.0,4726.345,1999.0,9.0,85,4,50,12,17,425000,1,1,1.0,1,53374.97,91747.0,43798.0,14509.0,30017.58,221037.0,18.0,1,20546.0,55884.11,33804.0,4,8,84830.0,24810.14,148056.87,12,18,6492.04,Y,24325.78,current,M,27,LOW,0.7000000000000001,3,245.0,1,12.0
6155,8653,8936.0,13512.0,1872.5,13807.35,37253.52,22835.5,2683.35,44.0,10,8,57,18,13,579000,1,1,1.0,1,325024.6,19000.0,565.0,-4612.00977,17862.75,36367.66,11.0,35,13965.0,22351.0,44475.0,43,30,47168.0,56352.92,228105.64,22,26,16121.0,Y,422857.0,current,M,61,MEDIUM,32.800000000000004,3,582.0,1,20.0
6156,10642,393366.0,1044.0,9803.0,2856.78,11070.0,5246.99,354.99,7.0,99,23,24,2,2,555000,1,1,1.0,1,12850544.36,60040.0,50000.0,4150.0,42921.1,106360.5,147.0,4,176819.0,10644.25,72470.0,47,7,4501.0,81795.56,22434.0,10,80,27242.44,Y,3778.26,saving,M,42,MEDIUM,6.6000000000000005,9,394.0,1,12.0
6157,18965,5999.0,2057.3,2328.81,8694.0,921.09,12568.18,573.01,24.0,65,87,4,25,2,104000,1,1,1.0,1,47936.43,3.0,4812.0,2351.0,255733.0,26862.7,90.0,2,21990.0,49366.75,49068.5,4,28,33318.0,146300.94,105740.0,5,42,21988.0,Y,5588.16,current,M,32,MEDIUM,2.4000000000000004,6,802.0,1,13.0
6158,6529,2847.0,21189.0,305.0,9526.22,9085.0,9938.44,597.0,7.0,43,6,2,3,1,595000,1,1,1.0,1,140291.6,15395.48,1567.0,6916.0,28926.0,81892.41,10.0,5,33732.0,176152.0,55.0,5,104,16914.0,17614.76,3686.0,62,18,17890.0,Y,3696.16,current,M,35,MEDIUM,6.0,5,921.0,1,15.0
6159,19297,3016.0,3277.55,6866.0,3764.0,3172.0,5378.0,51426.0,44.0,36,50,12,62,3,326250,1,1,1.0,1,4435.0,429273.4,254000.0,1500.0,60570.5,66982.33,11.0,0,20015.0,31907.9,51610.0,24,29,72000.0,157377.11,28299.0,39,50,67318.0,Y,1320.12,current,M,51,LOW,6.2,1,923.0,1,14.0
6160,15046,83553.0,3391.18,715.0,1457.58,3955.23,27707.11,8466.79,6.0,1,19,3,14,75,120500,1,1,1.0,1,45000.0,165916.18,60000.0,6441.0,58999.88,83941.0,10.0,3,27050.0,146402.98,11290.0,1,63,47705.0,93132.05,26238.0,1,32,25706.0,Y,4318.3,current,M,33,MEDIUM,6.5,8,505.0,1,2.0
6161,9346,164703.0,10981.16,1521.8,5270.8,1165.38,3119.0,3049.0,24.0,56,86,4,12,17,533000,1,1,1.0,1,41883.6,12971.0,50000.0,1444.0,67196.19,56747.25,4.0,13,40117.0,51101.0,215161.0,45,8,2986.68,154163.63,13201.0,12,12,17270.0,Y,1888.11,current,M,34,MEDIUM,14.0,8,966.0,1,19.0
6162,14057,8971.0,18813.93,3539.94,35836.97,5346.0,5137.16,5964.0,2.0,13,50,1,1,34,297000,1,1,1.0,1,76780.0,141473.07,3975.0,19765.0,15363.0,7726.0,42.0,15,56330.0,18204.5,30888.37,2,108,11288.0,55014.73,34101.4,40,1,17902.0,Y,11685.9,current,M,35,MEDIUM,3.0,8,268.0,1,15.0
6163,19291,4795.0,24556.0,3102.49,10887.93,3693.96,3175.75,11858.04,10.0,71,64,1,44,13,520000,1,1,1.0,1,12510.0,1372927.14,11379.0,1444.0,42406.01,10077.0,6.0,3,18285.0,14484.5,82961.0,3,12,59046.16,32375.05,77716.47,62,42,27287.0,Y,9656.88,current,M,35,MEDIUM,6.0,9,464.0,1,2.0
6164,8444,3741.0,8669.0,2582.4,10666.03,1117.2,6278.1,553.0,52.0,2,50,3,1,3,255000,1,1,1.0,1,158135.2,232524.0,38599.0,173.0,14626.36,115767.0,90.0,0,43164.0,28959.54,165400.0,7,50,21060.0,67331.7,61898.0,2,10,19192.0,Y,5070.46,current,F,35,LOW,12.0,7,683.0,1,7.0
6165,11279,45441.0,26091.235,5616.0,82626.85,1031.6,12599.0,3440.53,57.0,4,3,24,11,17,252000,1,1,1.0,1,291969.2,1187335.5,14550.0,10455.0,25712.0,83642.0,39.0,26,47307.0,71787.0,19653.0,43,13,25845.0,49037.92,65384.0,94,65,38015.0,Y,1621.67,current,M,66,LOW,46.0,2,805.0,0,19.0
6166,10939,1496.0,10917.0,10558.42,666.52,2061.0,13530.0,2125.53,44.0,23,50,3,27,81,574000,1,1,1.0,1,937.0,150000.0,248000.0,14509.0,97840.93,52754.0,55.0,3,9126.97,24721.24,16928.0,42,171,12330.0,14737.75,64759.7,49,75,21283.81,Y,1553.29,current,F,28,LOW,1.6,10,270.0,1,12.0
6167,711,214860.0,584.0,3350.0,4629.08,18445.29,17537.21,1231.5,100.0,30,7,3,18,8,199999,1,1,1.0,1,13849.4,376694.91,936.0,-3506.17993,61259.64,116876.97,11.0,1,23263.0,36903.33,14338.59,3,30,27308.0,77412.95,6170.0,3,25,88978.0,Y,11690.0,current,M,33,MEDIUM,10.4,9,713.0,1,6.0
6168,7300,393636.0,7350.0,12199.47,10064.11,6351.0,1851.995,24148.83,5.0,3,23,4,51,42,195000,1,1,1.0,1,81284.7,12000.0,18257.0,12163.0,248890.04,249995.0,46.0,36,163840.54,60310.2,171945.0,2,20,55498.0,19752.75,73164.5,6,13,68192.0,Y,426.33,saving,F,30,MEDIUM,9.0,6,256.0,0,4.0
6169,5101,18857.0,9282.22,830.0,6339.34,5619.66,10225.0,550.59,6.0,6,50,3,17,68,119000,1,1,1.0,1,685580.0,655638.0,300000.0,6916.0,66146.75,32510.0,5.0,1,37548.0,156685.67,50551.56,2,23,37376.0,54250.87,20276.0,1,49,36823.0,Y,4115.66,current,M,30,MEDIUM,3.0,1,243.0,1,5.0
6170,1514,130531.0,15827.42,153.14,193.0,625.0,11934.48,6069.0,10.0,7,82,4,3,10,324000,1,1,1.0,1,33664.3,87578.0,18257.0,-4664.0,54317.0,100756.0,147.0,30,3112.0,6597.23,21119.0,43,5,386777.0,62532.0,38101.0,7,3,76895.8,Y,11413.55,current,M,35,LOW,4.5,5,801.0,0,14.0
6171,14621,16540.0,1646.34,526.01,30130.0,6744.0,2489.035,11149.98,17.0,2,4,60,36,11,373000,1,1,1.0,1,117168.65,24000.0,14904.0,1992.0,21025.0,1751.0,16.0,19,27205.0,35939.5,12977.0,2,70,48507.0,81383.0,276893.68,10,12,241979.0,Y,6123.2,current,M,44,HIGH,7.2,4,867.0,0,9.0
6172,1280,331502.0,5929.48,747.0,53798.97,3468.92,3160.0,7922.0,56.0,85,3,4,56,11,87000,1,1,1.0,1,146931.8,26884.0,4458.0,8572.0,10279.0,199617.0,46.0,1,71377.0,20694.0,37460.0,9,25,27022.0,89737.18,49936.78,4,104,27337.0,Y,24291.83,current,M,53,MEDIUM,13.200000000000001,6,631.0,1,9.0
6173,17736,2604.0,1242.0,9384.52,10926.51,2186.14,22673.0,5288.54,531.0,66,7,8,15,1,533000,1,1,1.0,1,10008.0,43397.0,925.0,0.0,32963.82,90338.0,39.0,35,93958.0,68281.97,131949.38,6,63,108966.0,66512.45,2495.0,12,75,15468.05,Y,4103.0,current,M,47,HIGH,24.3,2,454.0,1,19.0
6174,18971,182346.0,1072.15,18773.0,30524.8,870.42,1284.64,8745.0,44.0,65,50,5,3,3,520000,1,1,1.0,1,19866.0,278360.16,891.0,-5439.0,28148.17,18850.5,10.0,5,39458.0,42041.1,36136.0,2,20,19320.0,183930.06,221564.0,6,50,50699.0,Y,11939.38,current,M,27,MEDIUM,0.7000000000000001,6,249.0,0,5.0
6175,12977,11924.0,3658.17,201544.79,7329.42,7575.45,3422.0,822.0,6.0,3,16,7,38,1,39000,1,1,1.0,1,443.36,5241.0,130000.0,2008.0,107299.1,1129.0,17.0,3,31450.0,29031.07,48159.5,70,20,16218.0,22406.84,116369.0,94,12,56900.0,Y,1063.11,current,M,46,LOW,5.2,3,921.0,1,4.0
6176,9830,91856.0,3867.0,32616.39,11411.0,4635.85,1684.67,679.0,56.0,32,47,25,2,98,206000,1,1,1.0,1,23669.0,145000.0,20000.0,5730.0,14149.25,45177.31,22.0,4,17175.0,2442.34,23634.0,2,70,91796.0,116740.9,174946.0,8,63,25131.0,Y,7716.01,saving,M,28,LOW,1.6,2,523.0,1,13.0
6177,12259,6958.0,35590.39,1420.76,1838.55,1594.0,20209.0,2327.0,31.0,99,48,4,4,42,256000,1,1,1.0,1,1910215.0,399.09,60000.0,17397.0,50121.5,17249.75,11.0,25,67000.0,446621.94,70598.0,1,82,16367.0,62368.39,323004.0,13,54,60500.0,Y,24584.63,current,F,55,MEDIUM,24.5,7,448.0,0,4.0
6178,6645,9599.0,1242.0,717.0,30244.13,3582.5,2738.5,8672.0,18.0,3,46,24,11,47,267000,1,1,1.0,1,3252.6,110135.86,927.0,5340.0,33927.97,50057.0,46.0,4,27704.0,15401.98,32079.0,28,108,52880.0,208804.67,54135.25,62,101,31000.0,Y,4172.03,current,M,51,MEDIUM,15.5,9,653.0,1,11.0
6179,7599,4377.0,24694.23,3320.64,5794.78,2157.0,2234.0,294.2,19.0,85,52,2,3,2,403000,1,1,1.0,1,61761.4,785115.94,126001.0,277.0,19365.42,27216.0,4.0,3,28268.0,33938.28,213174.0,2,8,68762.72,60144.0,673639.0,40,0,2980.0,Y,864.24,current,M,66,MEDIUM,46.0,1,505.0,1,14.0
6180,13848,134139.0,9796.65,8762.0,112655.1,23542.0,6959.0,2440.46,1.0,34,6,1,27,70,130000,1,1,1.0,1,47024.8,6.0,2019.0,35346.0,289733.67,56823.0,49.0,15,101982.75,26872.57,119908.75,3,20,65967.0,56933.75,28945.0,8,32,44816.0,Y,200.88,current,M,35,MEDIUM,12.0,10,748.0,1,17.0
6181,18477,12560.0,15418.0,3092.14,99939.02,7761.93,24397.0,2935.0,14.0,47,10,1,6,34,845000,1,1,1.0,1,146931.8,278360.16,25639.0,8572.0,19517.0,20437.0,39.0,0,49845.0,58604.75,42342.0,43,81,60009.0,17092.0,610809.0,41,54,20420.0,Y,15027.94,current,M,38,LOW,9.0,7,244.0,1,9.0
6182,4832,98347.0,30287.51,6972.0,43594.15,4911.68,5161.0,1758.42,26.0,43,14,2,2,1,75000,1,1,1.0,1,9220.2,143000.0,96497.0,173.0,65015.25,73691.0,91.0,2,24160.0,101475.01,176291.59,1,8,28934.0,51882.54,160490.0,2,106,20019.0,Y,2165.93,current,M,40,MEDIUM,18.0,5,254.0,1,4.0
6183,5495,20236.0,36046.26,12901.18,4172.0,1439.0,8304.42,14130.0,7.0,11,64,15,20,54,366000,1,1,1.0,1,213557.15,35000.0,11545.0,20513.0,21969.46,28533.07,7.0,14,21682.0,48945.04,377772.36,1,1,46852.0,25563.11,234762.75,8,42,72629.0,Y,350.35,saving,M,53,LOW,19.8,5,805.0,1,10.0
6184,194,28898.0,3774.45,4369.5,3112.3,680.0,356.03,2584.0,17.0,2,62,3,14,56,100000,1,1,1.0,1,2533020.0,138475.4,12016.0,24326.0,165630.75,95207.0,8.0,1,42703.0,20444.64,106806.0,17,4,18702.0,52651.95,383989.0,5,2,59859.0,Y,511.05,current,F,66,MEDIUM,46.0,8,974.0,1,8.0
6185,12390,13922.0,45690.0,8659.12,8647.0,5331.24,3974.49,4985.0,5.0,10,2,18,55,17,232000,1,1,1.0,1,34635.25,76157.6,1633.0,2500.0,44007.17,180808.78,12.0,35,11967.0,10927.72,68599.0,20,81,11186.0,140330.54,19447.0,10,100,31042.0,Y,1505.11,current,M,40,LOW,6.0,8,233.0,0,9.0
6186,13499,7952.0,12030.37,5008.0,16003.0,1148.0,15581.0,1914.0,25.0,84,19,52,4,17,581000,1,1,1.0,1,18451.05,134890.0,28912.0,1079.0,940262.58,10102.0,6.0,0,18285.0,25739.36,175402.0,30,70,16865.0,49071.46,21216.18,4,73,67331.0,Y,1793.96,current,M,30,MEDIUM,5.0,1,883.0,1,9.0
6187,19182,4455.0,8078.79,1985.0,2425.0,5201.0,9950.0,1004.0,15.0,32,16,1,3,42,286000,1,1,1.0,1,1215.0,16000.0,519.0,0.0,120354.08,17694.0,2.0,26,24376.0,23288.23,30243.0,3,171,57126.0,32198.63,47595.0,3,113,11809.0,Y,3461.32,current,M,42,MEDIUM,8.8,5,860.0,0,17.0
6188,10565,94379.0,12891.74,875.0,19462.0,1117.2,10190.0,1779.0,4.0,18,4,18,15,1,403000,1,1,1.0,1,140291.6,87578.0,583.0,5730.0,27809.85,10701.5,147.0,1,20586.0,68374.1,23742.0,31,0,24096.0,40831.03,138312.0,12,18,39321.09,Y,6103.82,current,F,30,MEDIUM,7.0,6,626.0,1,20.0
6189,5032,15803.0,21275.52,9171.0,6855.11,7687.0,11292.0,3399.0,57.0,1,16,10,25,11,263000,1,1,1.0,1,11027.5,1187335.5,49975.0,903.0,56064.0,75030.85,103.0,17,72186.0,82548.5,113438.82,43,25,36666.0,48015.7,55458.93,3,12,100689.0,Y,10757.47,current,M,40,LOW,6.0,9,802.0,1,8.0
6190,10704,8551.0,8727.215,9902.0,1427.0,5821.0,3827.5,6240.65,19.0,3,7,47,2,4,157000,1,1,1.0,1,8043.25,45000.0,12560.0,7478.0,65593.57,36176.0,50.0,3,29710.0,30377.79,30702.0,6,20,30718.0,76810.77,110168.0,4,63,25595.0,Y,9862.84,current,M,50,MEDIUM,6.0,9,614.0,1,15.0
6191,10596,1403.0,36932.0,2826.0,3229.24,10105.72,361.0,541.0,26.0,30,35,24,16,58,120500,1,1,1.0,1,115.45,64491.0,105000.0,2921.0,48142.39,28712.0,42.0,6,23221.0,282693.12,21016.0,1,8,448250.0,419691.09,88505.0,4,0,52525.0,Y,7613.93,saving,M,33,HIGH,11.700000000000001,9,314.0,1,13.0
6192,18702,19812.0,6319.76,2289.0,2295.0,9408.33,19448.67,10210.0,16.0,65,50,57,1,1,255000,1,1,1.0,1,39851.93,31000.0,100000.0,-5942.0,61161.72,813333.0,16.0,4,45786.0,43172.27,12561.0,1,5,61622.0,51295.0,76268.88,14,65,37524.0,Y,3638.96,current,F,66,LOW,13.8,3,516.0,1,2.0
6193,2711,1312.0,14410.01,22687.22,18681.5,3516.0,690.48,3060.0,44.0,5,44,3,26,4,587000,1,1,1.0,1,19265.4,251131.79,25524.0,2351.0,26780.75,65202.91,4.0,1,33879.0,29539.82,236699.0,4,30,17785.0,54654.32,31867.0,4,3,30419.0,Y,20802.91,saving,F,27,MEDIUM,3.5,2,911.0,0,8.0
6194,8679,2134.0,35560.0,25330.02,19696.17,16133.0,3481.0,156.0,6.0,23,13,30,18,3,371000,1,1,1.0,1,3638.25,62606.0,130000.0,9827.0,13429.25,125565.0,69.0,4,18139.0,765.22,52322.0,3,11,26693.42,525721.35,30528.0,4,39,74209.55,Y,4751.85,current,M,58,MEDIUM,11.4,2,945.0,1,10.0
6195,19107,12067.0,44188.11,3491.0,2530.0,3363.35,6174.22,2814.0,44.0,43,64,3,4,75,302000,1,1,1.0,1,27078.09,225000.0,639.0,6885.0,57761.0,5668.74,16.0,9,94312.0,48443.66,22181.0,5,12,374.95,40170.57,24477.63,3,3,71892.0,Y,7207.85,current,M,32,MEDIUM,2.4000000000000004,5,737.0,1,7.0
6196,1387,20058.0,18700.39,407.0,1294.37,3578.0,10831.0,14611.0,6.0,13,112,1,11,2,369000,1,1,1.0,1,39851.93,101.24,98472.0,-5942.0,46943.66,37947.0,55.0,15,18380.0,107345.09,22378.0,2,108,25004.0,95325.61,405768.1,3,12,54565.0,Y,2178.01,current,M,33,MEDIUM,3.9000000000000004,7,866.0,0,19.0
6197,14027,20876.0,16453.01,3602.82,500.5,2024.76,4277.955,9157.47,531.0,10,87,8,1,17,466000,1,1,1.0,1,6.164,20077.53,11379.0,3481.0,43290.5,39623.52,84.0,26,45125.0,23483.0,44724.0,2,63,155168.0,40111.0,132334.0,4,75,32458.0,Y,53050.04,saving,M,56,MEDIUM,25.200000000000003,1,268.0,1,16.0
6198,446,22972.0,1534.8,1800.02,15052.3,942.0,142675.38,423.73,4.0,99,38,48,44,4,576000,1,1,1.0,1,166331.66,77965.0,11580.0,5439.0,42638.22,14295.52,5.0,2,34478.0,41183.49,37365.0,2,5,26181.0,12466.75,43963.39,10,58,37069.0,Y,5001.44,current,M,62,MEDIUM,25.200000000000003,9,249.0,1,20.0
6199,9631,171073.0,18158.23,5283.0,9412.08,3663.56,13386.115,17729.22,1.0,84,44,2,7,6,272000,1,1,1.0,1,81284.7,5351.0,1633.0,-4664.0,39153.51,3423.25,6.0,35,29878.0,111647.68,43040.0,0,50,40820.0,135913.5,8235.0,3,120,20999.0,Y,1877.42,current,M,34,MEDIUM,12.600000000000001,9,299.0,1,13.0
6200,3408,167864.0,3622.97,3327.8,13324.41,3957.58,4126.5,2486.2,136.0,601,50,48,4,6,302000,1,1,1.0,1,568.8,252369.0,3792.0,6885.0,63137.01,36367.77,11.0,43,34812.0,24253.5,22719.0,3,171,45966.0,38362.54,24477.63,36,12,17822.0,Y,6353.09,current,M,27,LOW,2.8000000000000003,7,867.0,1,17.0
6201,13576,17935.0,10768.95,5429.0,4612.13,11110.93,12211.88,7630.0,100.0,2,50,3,9,1,423000,1,1,1.0,1,13643.8,537476.4,300500.0,20790.0,88663.72,52283.0,3.0,26,17490.0,24207.38,32967.0,1,59,27534.0,53790.5,52399.0,21,58,13404.0,Y,7842.77,current,F,42,MEDIUM,2.2,1,937.0,0,13.0
6202,564,9621.0,2171.0,7172.0,3733.89,4781.84,3715.835,2900.0,1.0,9,5,8,20,1,40000,1,1,1.0,1,4400.0,3.59,3570.0,6613.0,11214.71,45177.31,43.0,0,34651.0,91169.88,163475.5,45,63,8735.0,35467.75,15077.0,2,38,28820.67,Y,205.51,current,M,53,LOW,29.700000000000003,3,686.0,0,16.0
6203,6350,401.0,11383.0,7270.9,1208.0,2710.0,7865.9,2883.66,8.0,56,5,2,6,58,27000,1,1,1.0,1,78472.48,197800.0,583.0,2351.0,100904.0,30923.0,39.0,3,29077.0,10753.0,39796.13,31,59,46686.0,5192.0,14259.36,2,63,27718.0,Y,15865.89,current,M,27,MEDIUM,1.4000000000000001,5,370.0,1,16.0
6204,4240,91596.0,3391.18,8762.0,39645.61,2463.92,2922.0,1627.41,24.0,17,61,7,9,2,403000,1,1,1.0,1,54860.05,175527.8,3975.0,0.0,8500.0,7150.0,55.0,3,28438.0,28069.0,30533.0,1,5,101.36,140458.0,39825.15,7,49,58464.0,Y,2263537.26,saving,M,30,MEDIUM,5.0,7,748.0,1,2.0
6205,3002,9259.0,6006.0,378.0,11574.82,8212.0,14751.015,6390.0,4.0,43,50,48,16,8,402000,1,1,1.0,1,3575.5,195088.0,3000.0,-5942.0,29553.75,82536.0,40.0,13,52452.0,66628.28,24451.0,47,63,36398.0,105380.71,259360.3,7,87,134244.0,Y,2121.13,current,M,37,LOW,15.3,1,723.0,1,17.0
6206,211,16530.0,1275.315,2873.0,26656.0,991.0,2925.0,755.31,6.0,10,14,8,55,3,267000,1,1,1.0,1,306.4,25404.0,11580.0,-5439.0,100631.21,21144.0,42.0,2,16921.0,36932.05,52780.29,35,38,23520.0,68987.42,65861.0,12,65,22314.0,Y,3266.02,current,M,55,MEDIUM,17.5,8,683.0,1,8.0
6207,7975,8677.0,13295.0,10039.61,5616.11,428.0,71597.36,62.0,44.0,81,35,2,2,81,49999,1,1,1.0,1,86865.0,38173.0,59414.0,12174.0,111869.78,53262.0,69.0,2,37032.0,31851.74,205843.0,2,1,14500.0,248285.09,12296.0,3,12,30573.0,Y,5371.53,current,M,44,LOW,19.200000000000003,1,486.0,1,4.0
6208,19191,12376.0,27311.55,4844.0,5691.69,118.0,106020.0,582.0,2.0,10,102,48,62,79,212500,1,1,1.0,1,1539496.64,462011.1,6738.0,903.0,38332.76,69605.5,69.0,4,30118.0,108949.75,148326.0,0,108,14121.0,103609.0,541767.03,58,14,25778.0,Y,1658.59,current,F,223,MEDIUM,182.70000000000002,7,454.0,0,8.0
6209,12171,302498.0,10028.15,3135.0,263.0,3578.0,11929.0,7597.0,6.0,71,44,1,1,67,340000,1,1,1.0,1,0.35,172131.0,641.0,3897.0,96338.0,48364.0,103.0,3,14664.0,18619.0,43760.08,3,20,240925.0,83713.84,145668.0,16,73,1450.0,Y,4788.89,current,M,47,MEDIUM,2.7,9,595.0,1,14.0
6210,7746,14686.0,3992.49,2033.0,3348.75,30072.0,7465.35,14305.2,32.0,9,135,1,4,79,156000,1,1,1.0,1,143383.7,237365.38,50000.0,5773.0,13332.37,28212.0,91.0,7,46446.0,43150.45,85982.0,35,50,1800.0,49363.9,63575.35,6,24,868.24,Y,30863.57,current,M,32,LOW,9.600000000000001,6,268.0,1,14.0
6211,17018,8212.0,8926.5,5129.93,6047.5,1858.0,7760.08,18215.0,3.0,46,49,6,1,3,510000,1,1,1.0,1,54860.05,105000.0,48950.0,886.0,52459.58,356237.2,90.0,1,13965.0,35975.34,55511.0,0,25,25538.0,61779.63,163574.75,2,3,63834.0,Y,3030.22,current,M,55,MEDIUM,21.0,5,508.0,1,18.0
6212,12712,10833.0,3199.0,3524.0,33146.53,1062.7,10225.0,6767.2,12.0,16,50,24,1,81,371000,1,1,1.0,1,684495.7,2436.91,30011.0,0.0,31454.36,15282.57,62.0,15,31205.28,43612.06,18375.5,5,36,35002.0,74810.39,233021.25,3,12,50163.75,Y,22925.13,current,M,35,MEDIUM,6.0,7,799.0,0,5.0
6213,2870,301762.0,7237.76,1532.06,1690.81,13469.0,36608.5,5965.0,19.0,65,3,1,1,34,304000,1,1,1.0,1,4435.0,191000.0,96497.0,-5439.0,160859.72,43785.15,147.0,3,25335.0,50527.21,94897.0,42,8,129450.69,5646.82,48049.0,3,113,14072.0,Y,9956.75,current,M,66,MEDIUM,46.0,7,566.0,0,5.0
6214,3267,2806.0,4687.7,13361.0,5345.36,2853.0,5106.0,1713.0,6.0,23,44,4,1,70,98000,1,1,1.0,1,47024.8,267421.4,1266.0,844.0,197566.4,28490.0,2.0,23,13338.0,57563.63,172336.0,3,7,202500.0,113025.17,29362.58,21,21,60052.0,Y,15092.7,current,M,42,LOW,4.4,3,386.0,1,9.0
6215,11687,311003.0,54511.53,46980.1,2217.46,381.0,3360.165,413.0,10.0,20,9,22,2,42,47000,1,1,1.0,1,5688.0,429273.4,2841.0,0.0,9618.37,25446.0,90.0,1,20119.0,21682.97,20984.0,47,36,4300.0,24632.43,188268.93,2,58,38000.0,Y,3814.21,saving,F,37,MEDIUM,1.7000000000000002,10,233.0,1,17.0
6216,19162,14311.0,22134.0,10039.61,16458.0,8263.59,26302.74,4376.88,6.0,26,13,53,2,55,39000,1,1,1.0,1,158135.2,190887.4,1052.0,7478.0,28697.0,29429.38,4.0,7,33262.0,67045.88,67084.0,2,21,80375.0,55645.5,308124.0,10,1,37234.0,Y,747.23,current,M,39,MEDIUM,1.9000000000000001,4,631.0,1,11.0
6217,9997,6216.0,12161.65,5714.0,12445.0,4758.1,40138.0,1774.84,44.0,5,38,25,56,1,156000,1,1,1.0,1,13929.95,636413.11,25000.0,2000.0,60001.08,36845.0,18.0,1,1334.0,179799.09,7076.87,8,50,99.36,113788.09,57956.0,4,7,99704.0,Y,12406.9,current,M,33,LOW,13.0,3,801.0,1,4.0
6218,3950,3059.0,8737.96,268.0,2016.46,164.0,75099.0,16092.6,14.0,23,60,18,2,77,403000,1,1,1.0,1,34786785.0,191000.0,50000.0,10455.0,34393.61,77501.38,16.0,1,23120.0,70665.62,287376.0,2,8,71075.0,76202.32,56664.0,7,1,26774.0,Y,3238.48,current,M,27,MEDIUM,6.300000000000001,7,865.0,0,15.0
6219,13682,10284.0,18529.54,1818.0,7712.44,4637.85,8449.0,1955.52,44.0,22,50,1,26,31,184000,1,1,1.0,1,39851.93,255000.0,4458.0,35346.0,26010.5,27109.0,63.0,3,28931.0,14413.97,8182.0,3,8,63211.0,99348.25,115498.48,2,42,64512.0,Y,5218.06,current,F,36,MEDIUM,3.2,6,485.0,1,11.0
6220,10655,15053.0,24727.69,9647.57,15822.67,1310.59,47608.35,830.0,6.0,8,110,1,14,20,199999,1,1,1.0,1,81872.65,760470.3,1515.0,10455.0,5616.0,34746.0,6.0,14,14897.0,25739.36,15756.0,6,4,61491.0,37230.29,22739.0,2,25,203061.0,Y,8936.25,current,M,64,LOW,4.4,9,614.0,0,18.0
6221,2509,20267.0,1627.755,2700.77,2291.0,436.0,6331.0,2647.0,12.0,16,13,30,2,2,410000,1,1,1.0,1,166331.66,730000.0,4367.0,-5998.43994,79461.97,505114.0,17.0,35,25331.0,23572.83,710.62,12,27,70086.0,39586.47,42934.0,10,24,536.0,Y,5637.27,current,M,32,MEDIUM,1.2000000000000002,9,799.0,1,3.0
6222,10687,121905.0,11665.17,8230.0,23511.05,3631.4,7632.46,1704.0,6.0,5,53,20,3,1,199999,1,1,1.0,1,41883.6,470000.0,230000.0,167.0,18447.25,29301.0,70.0,36,32971.0,33442.5,20084.0,6,82,22650.0,62772.94,69489.0,5,103,34979.0,Y,3470.57,current,M,46,MEDIUM,23.400000000000002,4,267.0,1,2.0
6223,1367,6237.0,13572.0,5258.0,957.0,2116.0,22417.0,16434.0,12.0,34,35,3,4,13,360000,1,1,1.0,1,244.0,142608.5,15756.0,6885.0,38736.76,424673.0,3.0,11,12119.0,32983.0,290650.0,20,5,11417.0,76313.7,28165.0,2,24,46644.0,Y,34210.82,current,M,46,MEDIUM,10.4,5,623.0,1,6.0
6224,10094,13328.0,28456.6,2199.0,2650.08,21837.56,11923.0,2861.0,2.0,8,87,18,46,4,287000,1,1,1.0,1,117168.65,244483.3,100000.0,-5998.43994,13129.0,104846.51,10.0,1,34827.0,439491.52,60033.0,4,63,5300.0,109072.22,13669.0,5,58,588.0,Y,13953.05,saving,M,66,LOW,27.6,3,927.0,1,3.0
6225,10891,13839.0,40610.14,193.0,8804.0,949.0,143.0,4986.0,1.0,3,5,2,1,79,102000,1,1,1.0,1,510.6,66.0,536.0,-3506.17993,35670.0,167325.52,11.0,15,21298.0,52404.89,509686.0,4,40,35516.0,26555.85,38340.0,40,12,9257.75,Y,3484.7,current,M,42,MEDIUM,6.6000000000000005,10,867.0,1,20.0
6226,13573,13926.0,37432.4,25792.91,8827.37,34987.0,4446.075,227.0,52.0,43,3,1,3,11,471000,1,1,1.0,1,9624.6,900000.0,73217.0,5730.0,22835.0,24067.0,9.0,36,1846.36,26268.61,25173.5,45,28,18810.0,117399.61,4870.0,2,2,18291.0,Y,6369.54,current,F,30,MEDIUM,7.0,9,964.0,1,5.0
6227,17804,1890.0,8600.47,5529.0,7436.22,765.0,2676.12,918.93,4.0,65,50,1,1,67,26000,1,1,1.0,1,140291.6,390700.0,11580.0,0.0,145.25,54005.0,90.0,2,12331.0,19765.23,72260.5,6,20,56421.0,27915.7,75487.0,47,11,102309.0,Y,1779.98,current,M,38,MEDIUM,12.600000000000001,7,802.0,0,3.0
6228,8251,6525.0,11056.92,190.0,7816.5,16077.96,10554.0,3253.0,1.0,47,67,39,1,3,39000,1,1,1.0,1,8556.25,28000.0,300000.0,5464.0,21933.0,15523.0,68.0,1,99318.0,13552.63,33869.0,2,50,22933.0,106695.56,101094.0,2,13,73067.0,Y,412.92,current,M,37,MEDIUM,1.7000000000000002,7,267.0,1,9.0
6229,18429,10738.0,33510.45,8202.86,28604.09,886.0,2918.0,4016.0,531.0,5,51,1,1,98,338000,1,1,1.0,1,48624.7,189246.0,54101.0,6613.0,54730.76,64529.0,3.0,1,21896.0,542698.94,129564.0,7,2,5473.0,16892.28,84707.0,16,0,58501.0,Y,2257.87,current,M,30,LOW,8.0,2,883.0,1,2.0
6230,7701,5667.0,20230.75,5621.0,2413.91,2458.5,3564.0,1944.0,29.0,27,5,1,44,56,472000,1,1,1.0,1,3006385.0,43021.0,33330.0,1429.0,62058.5,22392.0,11.0,3,159847.0,149369.42,15029.0,3,29,14936.0,399198.57,120637.0,9,11,14394.0,Y,930.0,current,M,51,LOW,31.0,9,325.0,0,7.0
6231,12883,12982.0,8143.0,18698.0,6487.77,4724.0,4729.0,7479.0,3.0,3,32,52,1,98,47000,1,1,1.0,1,60050.0,20000.0,1018.0,4795.0,15776.0,44957.0,42.0,7,10075.0,20847.52,128.34,10,63,78565.0,10773.0,72611.0,3,1,62966.0,Y,13043.34,current,M,55,LOW,3.5,9,244.0,1,20.0
6232,2994,3780.0,5434.8,4999.01,989.93,949.0,8877.0,574.59,26.0,26,52,5,2,39,67000,1,1,1.0,1,81872.65,7576.0,13873.0,-4612.00977,46.25,30176.4,84.0,0,57410.0,21397.26,120266.0,2,171,56250.0,64718.07,15891.0,2,25,254219.0,Y,6715.69,current,M,37,LOW,1.7000000000000002,3,958.0,1,6.0
6233,11378,18638.0,21176.48,1060.36,6112.37,14550.0,1268.19,14712.0,1.0,3,135,1,1,70,47000,1,1,1.0,1,52209.5,992890.32,34550.0,886.0,13437.56,31848.0,70.0,2,53549.0,173278.72,45246.0,11,12,8450.0,143301.66,220778.0,12,1,256626.0,Y,649.89,current,M,42,LOW,2.2,6,539.0,1,20.0
6234,12393,6788.0,44858.67,3428.0,21563.85,831.0,14237.165,1386.0,2.0,10,9,2,31,81,87000,1,1,1.0,1,39851.93,295150.9,20000.0,12174.0,38785.75,127943.28,9.0,0,31695.0,23350.0,24844.0,12,30,35781.0,63345.98,21381.03,3,37,28618.0,Y,1431.6,current,M,44,LOW,21.6,8,488.0,1,10.0
6235,8187,12523.0,29308.0,10719.76,6659.7,10627.48,47608.35,7199.0,3.0,10,35,47,2,16,403000,1,1,1.0,1,48624.7,6574.31,711.0,-5439.0,57912.49,37250.0,11.0,33,47964.0,57122.88,211214.36,2,70,78500.0,419691.09,43198.0,14,18,18867.0,Y,5933.54,current,M,35,LOW,12.0,3,628.0,1,5.0
6236,4532,132249.0,29782.59,4818.0,24083.56,3196.0,361.96,795.0,1.0,50,16,2,31,79,406000,1,1,1.0,1,52209.5,39833.19,25002.0,-5998.43994,181602.78,30090.0,46.0,26,145980.0,67019.0,21661.0,9,38,30112.0,5147.55,50103.0,40,106,58242.0,Y,10379.77,current,M,28,LOW,4.800000000000001,7,809.0,1,4.0
6237,9714,14370.0,14555.54,5614.0,2162.0,2445.84,4198.0,2148.0,10.0,22,50,24,4,17,110000,1,1,1.0,1,55700.0,138475.4,15477.0,6409.0,13006.47,116182.18,40.0,2,427480.0,24809.05,46014.0,0,20,3559.0,24450.74,160187.0,6,12,32113.0,Y,9060.76,saving,M,31,MEDIUM,1.1,4,866.0,1,5.0
6238,5475,10502.0,11994.0,27995.0,15761.0,8564.48,10717.0,6263.0,6.0,2,102,53,2,79,494000,1,1,1.0,1,825.0,85058.0,73217.0,-6885.0,44855.08,290.09,11.0,4,28617.0,16673.75,287111.0,2,70,21772.0,77671.05,94148.0,6,58,39988.0,Y,611.08,current,M,61,MEDIUM,8.200000000000001,3,737.0,1,14.0
6239,2789,872.0,10876.5,193.0,28759.0,17524.11,3426.0,5441.0,25.0,26,52,3,1,54,525000,1,1,1.0,1,1865892.0,5350.0,2214.0,277.0,45954.0,24823.68,63.0,5,18987.0,10295.42,14146.0,3,8,71616.0,22241.03,57199.0,2,38,501.0,Y,9409.74,current,M,28,MEDIUM,0.8,7,299.0,1,7.0
6240,528,12993.0,6576.0,2025.92,11627.34,3307.0,5984.75,3326.0,1.0,36,14,10,4,3,263000,1,1,1.0,1,124064.65,165970.9,2644.0,2921.0,33083.74,115116.0,46.0,26,31925.0,29003.08,19323.0,1,12,82733.0,12818.0,12149.58,19,11,45887.5,Y,15147.59,current,M,51,LOW,21.700000000000003,8,743.0,1,4.0
6241,244,217611.0,28275.5,1254.0,28001.74,2189.0,111681.22,16092.6,59.0,56,7,1,3,68,338000,1,1,1.0,1,3299447.136,15036.0,4198.0,-5439.0,94321.83,30533.0,10.0,6,40337.4,63115.0,28523.0,43,11,9904.0,144159.92,41471.0,12,124,62364.24,Y,11638.0,current,M,120,MEDIUM,30.0,7,249.0,0,8.0
6242,11189,20322.0,3194.0,2959.0,7179.2,7174.0,44959.74,916.0,50.0,99,30,57,3,8,1000000,1,1,1.0,1,165907.57,43545.0,155205.0,4314.0,16334.13,13645.0,12.0,35,46446.0,54470.56,55227.0,2,4,20369.0,93465.72,40042.0,2,79,37798.0,Y,1994.17,current,M,34,MEDIUM,11.200000000000001,8,424.0,1,16.0
6243,3849,327878.0,10633.58,3840.0,547.52,2220.0,15334.0,5606.52,80.0,13,89,2,8,13,170000,1,1,1.0,1,825.0,278904.9,5979.0,1444.0,59027.0,18389.92,90.0,4,18774.0,24291.75,42025.0,7,5,560.0,218646.73,65961.5,21,79,85705.0,Y,11075.8,current,M,29,LOW,4.5,4,508.0,1,17.0
6244,18703,2028.0,22448.49,4023.0,2762.0,6365.76,3932.0,875.0,2.0,34,70,48,1,8,403000,1,1,1.0,1,360978.37,184514.0,96497.0,0.0,161425.26,187746.0,42.0,36,29253.0,32240.24,262.5,9,11,38121.0,20402.0,59507.56,12,2,17184.0,Y,12675.3,current,M,27,MEDIUM,6.300000000000001,1,771.0,1,19.0
6245,1806,124231.0,3835.0,5449.86,12333.81,9673.36,3044.0,4259.0,6.0,99,20,1,5,68,100000,1,1,1.0,1,3938.25,6574.31,126001.0,4512.0,25107.62,30999.0,7.0,1,72351.0,147556.97,12874.0,1,50,27869.0,30910.4,68746.29,21,11,21579.98,Y,8060.65,current,M,38,LOW,1.8,5,268.0,1,15.0
6246,4650,19559.0,24592.7,1991.0,8871.0,310.68,6600.0,196.1,1.0,84,87,62,2,79,232000,1,1,1.0,1,139323.25,189246.0,49975.0,2921.0,34756.87,120569.38,87.0,0,16061.0,41056.0,56153.0,43,77,28154.0,30284.06,4327.0,6,12,47934.0,Y,2136.25,current,F,36,MEDIUM,3.2,2,969.0,1,2.0
6247,15645,19269.0,705.31,3205.0,1453.2,50575.73,20843.055,8706.0,19.0,84,13,49,5,17,170000,1,1,1.0,1,47024.8,429273.4,20887.0,173.0,77069.25,2307.0,68.0,36,35814.0,22306.56,23326.0,9,12,121989.0,132619.5,18043.0,46,83,164.0,Y,1920.21,current,F,42,MEDIUM,22.0,3,860.0,1,18.0
6248,13493,6500.0,25276.87,3557.02,9038.66,2361.0,8245.0,2499.0,5.0,23,5,1,44,98,75000,1,1,1.0,1,1220.0,267421.4,25508.0,14509.0,121755.25,57966.0,77.0,19,106527.0,11288.81,96037.0,1,5,15900.0,30677.54,166156.0,9,12,35300.0,Y,7838.48,current,M,39,LOW,11.4,6,299.0,0,12.0
6249,4949,31359.0,15683.0,10809.0,3473.0,5816.0,4350.0,2203.35,44.0,1,89,30,2,11,329000,1,1,1.0,1,68640.0,66.0,25524.0,-4324.0,18405.01,33439.0,35.0,1,33732.0,33442.5,31851.0,1,26,39850.0,15314.0,21160.0,7,32,250526.0,Y,311.46,current,F,34,MEDIUM,8.4,3,698.0,1,20.0
6250,2212,18081.0,11995.37,5489.44,47983.0,999.0,7666.0,2191.0,16.0,39,30,48,14,5,293000,1,1,1.0,1,167.5,10903.0,96558.0,-3625.0,142089.9,61376.5,55.0,5,120284.0,6500.0,296.25,3,17,32758.0,98685.63,76557.0,3,76,27389.0,Y,2193.41,saving,M,32,LOW,7.2,2,805.0,0,14.0
6251,477,15924.0,43842.63,4941.84,2839.64,15202.0,10628.6,352.0,17.0,66,9,1,27,56,472000,1,1,1.0,1,13180.0,399.09,105000.0,1444.0,78325.7,59952.0,4.0,2,26435.0,19998.15,137410.0,2,31,16492.0,790150.48,6477.88,16,18,48060.0,Y,6908.57,saving,M,66,MEDIUM,32.2,5,801.0,1,8.0
6252,5305,1494.0,40564.41,3025.04,17706.97,39467.74,12968.04,1798.19,2.0,66,32,18,1,3,595000,1,1,1.0,1,41070.0,100934.0,300500.0,1411.0,29959.02,24774.0,91.0,3,39750.0,60866.63,277.0,2,8,43264.0,108984.84,7561.0,3,32,33683.0,Y,10332.0,saving,M,221,LOW,80.4,3,351.0,0,19.0
6253,18828,385.0,3354.36,2092.0,9772.73,36716.25,1274.0,4514.0,531.0,26,2,20,27,79,87000,1,1,1.0,1,28482.5,202560.0,12337.0,20513.0,27756.0,6182.0,42.0,4,27136.0,340887.49,97604.0,70,5,40338.0,12609.94,69751.0,2,18,49859.0,Y,1005.98,current,M,58,LOW,26.6,9,796.0,0,17.0
6254,13237,9105.0,10105.0,4882.5,149545.76,23542.0,40161.27,13662.0,1.0,10,89,1,6,74,380000,1,1,1.0,1,46451.38,16363.0,694.0,20513.0,98325.96,95151.79,52.0,1,630000.0,87233.35,57149.2,0,20,17450.0,121240.5,45456.0,3,2,34523.0,Y,594.59,saving,M,69,LOW,39.2,6,355.0,1,3.0
6255,15407,5000.0,7575.32,8243.4,1208.81,10238.5,1927.0,4103.19,3.0,18,6,2,15,1,167000,1,1,1.0,1,48422.7,32000.0,2156.0,0.0,25647.6,14344.42,62.0,23,35722.0,56253.78,50149.0,1,67,23352.0,42085.56,26764.0,40,50,51300.0,Y,4268.48,saving,M,220,MEDIUM,180.0,2,723.0,1,19.0
6256,12026,18919.0,12654.0,4022.52,26436.41,7374.2,3183.8,4328.0,6.0,3,35,52,2,11,100000,1,1,1.0,1,8762.96,187788.1,68000.0,-5998.43994,64497.61,95271.0,79.0,1,29786.0,2152.0,48140.0,2,11,6032.0,50552.0,749252.0,6,61,27801.0,Y,2026.99,current,M,40,HIGH,10.0,10,836.0,1,19.0
6257,4665,4770.0,3827.35,7925.0,31787.0,6154.0,1552.21,5376.0,16.0,23,4,25,44,47,326000,1,1,1.0,1,3502.8,100000.0,96558.0,-5998.43994,7248.25,12815.36,18.0,6,52732.0,115736.48,52760.0,3,23,0.97,46197.66,34256.0,49,13,196058.0,Y,942.97,current,M,62,MEDIUM,21.0,1,516.0,1,2.0
6258,15666,19477.0,10669.0,1447.42,42756.18,11847.0,5687.38,271.0,4.0,29,5,50,1,8,400000,1,1,1.0,1,9255.43,186474.96,655.0,2921.0,25309.0,32165.87,46.0,36,1378.0,108809.0,87642.0,2,69,23017.0,84832.07,43714.0,2,107,200264.0,Y,2406306.66,current,M,66,LOW,4.6000000000000005,3,809.0,1,20.0
6259,16360,4997.0,22571.31,12764.0,5995.37,1463.88,9208.0,1065.0,4.0,27,72,4,11,5,98000,1,1,1.0,1,138272.2,400000.0,73217.0,-5998.43994,41667.88,83225.0,94.0,2,33759.0,18868.0,3112.0,5,81,13317.0,19782.86,31229.0,14,80,82510.0,Y,2027.41,current,F,33,LOW,2.6,5,574.0,0,20.0
6260,17859,2685.0,1680.0,34886.72,7329.42,22344.55,6940.9,1838.0,56.0,66,64,5,15,4,375000,1,1,1.0,1,9649.6,84.32,13873.0,14509.0,29659.57,10230.0,70.0,4,54532.0,207105.43,77256.0,4,20,193967.0,25170.9,50703.75,1,26,61129.0,Y,29.61,current,M,47,LOW,18.900000000000002,4,296.0,1,5.0
6261,5736,6007.0,23658.0,431.52,9410.5,17735.75,4423.0,98.0,101.0,7,60,8,3,7,350000,1,1,1.0,1,115.45,157000.0,5797.0,1444.0,12204.5,29715.0,7.0,7,50806.0,26973.46,55016.86,3,20,25213.0,43669.28,182164.0,5,7,16947.0,Y,7592.74,current,M,44,LOW,19.200000000000003,2,866.0,1,2.0
6262,2274,12190.0,32846.16,7168.73,1476.0,2581.0,6618.45,24148.83,1.0,3,82,1,3,17,75000,1,1,1.0,1,127004.3,232524.0,4458.0,2921.0,167128.61,40763.14,11.0,1,436242.0,23260.05,66628.0,6,24,30543.0,156628.68,33089.0,117,32,17400.0,Y,5171.54,current,M,29,MEDIUM,9.0,4,505.0,0,16.0
6263,9879,7353.0,123825.34,27167.0,4617.12,5224.0,3782.79,2575.38,1.0,30,82,39,31,6,212500,1,1,1.0,1,4110.0,278904.9,25639.0,2008.0,52700.86,63956.0,4.0,2,30056.0,36577.24,115218.0,11,42,23093.0,121073.48,75815.47,6,12,10650.0,Y,2506.86,current,M,30,MEDIUM,2.0,3,639.0,1,9.0
6264,4817,140356.0,575.0,2138.0,42756.18,2616.0,63493.26,9693.51,26.0,23,16,18,3,75,16000,1,1,1.0,1,115.45,221000.0,155205.0,1014.0,54935.49,59569.0,10.0,33,24485.0,65941.11,26899.0,42,27,18666.0,57285.25,19219.65,9,63,18872.0,Y,8185.22,current,F,34,MEDIUM,12.600000000000001,4,908.0,0,12.0
6265,14849,215455.0,3406.36,31684.0,5757.39,1069.02,11686.255,5237.0,26.0,16,35,3,36,37,575000,1,1,1.0,1,39851.93,3.0,3975.0,5464.0,28501.61,124868.72,42.0,1,20933.0,3142.29,20211.0,1,70,31450.0,11438.52,130403.0,2,7,31376.0,Y,7535.46,current,M,220,MEDIUM,20.0,7,244.0,1,17.0
6266,16742,408151.0,24988.72,10091.23,10132.0,3477.0,4667.0,511.0,2.0,8,5,18,5,22,47000,1,1,1.0,1,11878.6,187788.1,908.0,0.0,41330.04,76582.0,55.0,30,38912.0,176267.55,30820.0,1,2,18405.0,64687.32,62353.35,49,35,31574.0,Y,5247.31,current,M,53,LOW,26.400000000000002,6,523.0,0,20.0
6267,6270,241594.0,1504.95,7487.0,3873.27,589.0,4804.9,5299.0,6.0,8,13,7,2,34,44000,1,1,1.0,1,5688.0,134000.0,14771.0,3897.0,71841.5,11285.19,20.0,3,72171.99,8128.75,16888.0,3,20,15640.0,26925.0,649.0,2,83,91468.0,Y,2655.22,current,M,32,LOW,10.8,10,355.0,1,16.0
6268,12586,5355.0,4803.88,2318.0,33174.15,871.6,13156.0,1704.52,3.0,30,50,82,3,30,369000,1,1,1.0,1,169.4,5350.0,29542.0,5464.0,141200.75,89093.0,79.0,3,35466.0,82856.9,134688.36,6,20,17356.0,37376.28,98228.88,49,7,48915.0,Y,1815.67,saving,M,30,HIGH,1.0,5,684.0,0,16.0
6269,19970,15223.0,21196.0,3118.0,10742.24,3891.72,1846.67,3492.0,80.0,27,89,2,1,3,198000,1,1,1.0,1,937.0,159308.0,105000.0,903.0,169801.36,13362.0,20.0,17,14442.0,58280.2,30702.0,4,40,36014.0,29671.24,10167.0,7,12,12866.0,Y,249082.97,current,M,40,MEDIUM,12.0,4,314.0,1,8.0
6270,11955,10517.0,2458.05,8980.0,1519.0,3791.72,28473.0,2382.0,1.0,99,72,26,1,98,267000,1,1,1.0,1,31454.1,245000.0,73217.0,20324.0,516.25,33078.0,12.0,0,94635.0,8558.56,45724.0,2,14,15573.0,59157.03,481.29,94,38,37033.0,Y,5196.34,current,M,40,MEDIUM,4.0,1,598.0,1,5.0
6271,2640,334.0,6927.18,2185.02,14369.65,2568.22,6430.0,3191.6,44.0,3,67,24,5,1,408000,1,1,1.0,1,12.19,48087.25,105000.0,5464.0,28654.34,45647.0,22.0,2,41879.03,46779.85,126799.91,4,108,54.0,40084.84,117986.49,4,1,19904.0,Y,3044.03,current,M,40,MEDIUM,6.0,3,626.0,1,8.0
6272,3461,10991.0,11249.075,5512.0,3978.0,15155.02,6248.71,3176.0,24.0,30,117,4,55,98,525000,1,1,1.0,1,19265.4,680956.4,3975.0,20324.0,18966.38,91008.16,4.0,7,15312.0,48646.14,78446.0,5,20,37782.0,887.96,199534.34,6,96,108474.0,Y,3847.15,current,F,120,MEDIUM,20.0,9,508.0,1,13.0
6273,4906,19834.0,3311.0,1171.0,1994.14,124.31,11741.225,5378.0,10.0,56,23,1,12,81,104000,1,1,1.0,1,67833.35,42723.0,73217.0,-3625.0,277719.41,22044.0,91.0,2,29062.0,85636.88,27782.0,5,6,35083.0,29135.3,20656.92,3,65,50310.0,Y,670.1,current,M,58,LOW,26.6,2,968.0,1,5.0
6274,3360,18477.0,11178.01,1080.0,30706.93,6793.43,963.0,26325.0,25.0,4,5,3,2,1,198000,1,1,1.0,1,137553.95,482147.0,155205.0,1954.0,75561.0,69337.0,35.0,36,68292.0,17147.89,112011.0,20,7,31125.0,121417.84,32529.69,4,13,117563.0,Y,9083.66,saving,M,62,MEDIUM,37.800000000000004,10,743.0,1,9.0
6275,9875,9658.0,3860.26,2998.53,20883.14,12694.0,29989.22,7987.0,44.0,3,38,3,2,8,139000,1,1,1.0,1,299294.61,25404.0,30000.0,-402.0,31044.71,11951.0,46.0,13,1846.36,210421.75,15929.0,23,12,13832.0,4239.41,249217.0,2,24,16689.0,Y,6949.28,current,M,118,MEDIUM,9.8,7,710.0,1,4.0
6276,9491,23780.0,2221.5,12384.36,2478.0,1468.33,5191.5,9346.0,2.0,6,38,48,45,79,17000,1,1,1.0,1,10006.2,88482.8,12000.0,553.0,135614.01,29782.93,6.0,2,55326.0,72012.02,13277.0,0,12,14192.0,92119.0,423813.43,2,104,15868.0,Y,973.18,current,F,62,HIGH,42.0,8,536.0,1,9.0
6277,9808,1417.0,7355.76,1341.0,5103.0,1139.0,9590.13,4061.0,57.0,30,44,5,1,1,326000,1,1,1.0,1,137260.8,17000.0,5981.0,-5439.0,7069.5,26203.0,69.0,1,126353.0,107144.95,50325.86,3,6,400819.0,95649.61,103619.0,6,58,23551.0,Y,1137.39,current,M,27,MEDIUM,7.0,7,748.0,1,18.0
6278,18148,15628.0,33257.84,19561.36,4938.0,3154.0,5984.75,4217.7,60.0,10,16,8,12,44,461000,1,1,1.0,1,53374.97,465000.0,130000.0,-4612.00977,35206.0,24119.0,7.0,1,19759.0,44474.0,154728.0,42,69,19821.0,46256.0,30276.8,19,38,47269.0,Y,3538.49,current,M,29,HIGH,4.5,2,248.0,1,10.0
6279,8887,135525.0,4428.0,16453.77,13149.0,15202.0,818.65,23197.0,7.0,66,3,7,18,3,17000,1,1,1.0,1,942327.7,194099.3,16215.0,10455.0,52489.06,28490.0,10.0,7,68513.0,72941.43,34466.0,5,8,3747.0,7628.92,25935.75,3,2,16510.0,Y,749.25,current,M,33,MEDIUM,6.5,3,485.0,1,3.0
6280,17933,6104.0,24410.73,4978.0,1137.0,412.73,6897.0,4203.0,12.0,4,50,48,6,80,50900,1,1,1.0,1,123295.4,31730.49,25524.0,3897.0,60496.31,13553.0,46.0,1,30100.0,116880.87,54237.0,7,49,16863.0,72989.73,7775.53,5,32,41458.0,Y,5861.8,current,M,36,MEDIUM,14.4,7,536.0,0,16.0
6281,13224,15990.0,10265.24,1963.0,57110.99,12069.11,33900.0,7597.0,46.0,77,2,50,4,2,104000,1,1,1.0,1,2974.75,45000.0,48950.0,7478.0,124.89,78814.0,63.0,36,14310.0,320826.76,18750.0,9,13,15489.0,67832.63,2834.0,1,12,91360.0,Y,8197.68,current,M,33,MEDIUM,5.2,7,488.0,1,6.0
6282,6795,169498.0,229048.05,137.0,12220.01,1880.0,16046.7,3614.0,5.0,18,47,2,1,79,494000,1,1,1.0,1,170590.75,64491.0,2214.0,1992.0,106642.36,42346.0,11.0,3,17897.0,30368.0,209391.0,3,59,87926.0,53333.3,31932.13,2,73,92560.0,Y,597.88,saving,M,66,MEDIUM,13.8,2,805.0,1,20.0
6283,18958,14910.0,9516.06,1625.14,2547.5,8297.25,110644.0,14101.71,4.0,5,4,26,2,30,27000,1,1,1.0,1,9220.2,15300.0,49975.0,20513.0,50440.75,26564.0,42.0,2,53549.0,8939.0,305.0,43,20,24702.0,6983.19,2029.75,4,100,15333.5,Y,2603.27,current,F,31,MEDIUM,5.5,7,966.0,1,17.0
6284,63,257502.0,5355.14,1390.9,6206.0,5352.67,1170.6,10750.97,4.0,93,82,24,3,58,139999,1,1,1.0,1,13279.75,150000.0,38599.0,-3506.17993,59459.6,28668.0,147.0,26,67144.0,27676.0,21417.0,6,104,18941.0,179545.08,431276.0,21,36,21971.0,Y,4705.3,current,M,33,MEDIUM,10.4,4,867.0,1,7.0
6285,2302,18352.0,20050.0,679.0,4100.68,1725.07,92748.18,301.0,19.0,6,11,47,31,34,581000,1,1,1.0,1,1359.3,134000.0,550.0,0.0,49606.5,16753.0,4.0,1,272830.0,186171.98,73276.5,8,12,14010.0,49915.17,87853.0,13,76,24934.0,Y,11413.55,current,M,47,LOW,5.4,6,737.0,0,11.0
6286,14670,3560.0,17891.0,1865.52,938.93,4262.0,4424.5,1697.0,10.0,10,1,8,2,54,533000,1,1,1.0,1,61186.36,128314.74,4000.0,-6301.0,120260.57,91119.0,4.0,11,122017.65,44040.59,120749.1,5,20,19786.0,30107.75,107964.5,40,76,42209.0,Y,2718.74,current,M,47,MEDIUM,16.2,5,748.0,1,6.0
6287,12361,7036.0,730.0,846.8,16768.0,1072.84,9470.0,27668.26,5.0,29,27,4,9,5,199999,1,1,1.0,1,8209320.0,340000.0,126001.0,-5998.43994,31371.0,55830.91,77.0,0,39078.0,252273.29,62347.74,2,8,33945.0,355023.37,23023.0,3,12,66778.0,Y,402.08,current,M,53,MEDIUM,16.5,9,921.0,0,13.0
6288,349,6588.0,5455.1,1152.0,9022.0,1016.0,11211.71,804.0,1.0,5,8,8,1,1,340000,1,1,1.0,1,46451.38,69370.0,300500.0,20513.0,37534.27,265424.98,32.0,3,12102.7,3638.25,148802.47,70,59,33750.0,33999.93,37925.96,5,63,65428.0,Y,22377.39,saving,M,120,LOW,100.0,10,595.0,1,12.0
6289,8010,18985.0,13463.0,23712.0,11546.61,79731.11,1306.26,236.0,6.0,1,47,4,21,3,660000,1,1,1.0,1,1215.0,961916.9,50000.0,12174.0,69327.5,119878.05,42.0,4,35150.0,19911.31,28494.0,3,81,47384.0,116388.2,42793.0,16,61,25234.0,Y,2873.84,current,F,42,LOW,6.6000000000000005,7,914.0,1,2.0
6290,17850,98389.0,6136.09,2448.0,13162.65,531.8,431.29,13272.0,25.0,30,47,20,25,1,366000,1,1,1.0,1,127004.3,54388.23,30040.0,0.0,68443.0,17417.0,63.0,3,14706.0,15074.0,48413.0,31,13,46903.0,9557.0,44793.0,5,7,50663.6,Y,1169.1,current,F,46,MEDIUM,18.2,10,307.0,0,15.0
6291,7689,177478.0,4628.05,1503.0,48374.5,4209.0,247.0,737.0,531.0,65,49,4,56,11,391000,1,1,1.0,1,117680.0,82907.34,49975.0,1992.0,42152.65,79343.33,18.0,19,35466.0,184646.72,21574.74,9,82,103685.0,36665.55,235488.0,2,1,57748.0,Y,7812.33,current,M,33,MEDIUM,9.1,2,254.0,0,10.0
6292,2552,12490.0,1540.0,16839.45,55889.94,1871.0,3582.705,722.74,26.0,9,50,3,5,10,170000,1,1,1.0,1,5210.85,105000.0,6000.0,-6335.0,50062.31,33373.0,2.0,13,21366.0,395986.38,162049.0,8,27,49211.0,124881.11,44984.0,6,50,256626.0,Y,10633.85,saving,M,33,MEDIUM,7.800000000000001,3,588.0,1,13.0
6293,8428,4116.0,8131.37,3863.48,1333.0,1974.0,14360.32,935.0,2.0,7,64,5,44,39,576000,1,1,1.0,1,854.09,186474.96,4699.0,-6301.0,19474.37,34873.0,11.0,1,10722.0,95178.75,17697.0,6,13,254314.0,218079.72,20362.25,1,50,46846.0,Y,25246.26,saving,M,44,LOW,12.0,7,330.0,1,11.0
6294,7240,4134.0,4390.54,10529.89,10939.34,3346.56,43883.01,1676.0,44.0,2,50,10,15,18,114000,1,1,1.0,1,1359.3,46500.0,105000.0,0.0,34146.68,35220.0,4.0,26,33080.0,45568.89,32887.36,6,171,32711.0,9072.5,121439.33,36,20,43012.0,Y,3750.0,current,M,31,MEDIUM,3.3000000000000003,3,394.0,1,8.0
6295,13509,7233.0,34426.47,1944.0,10326.83,5657.0,11817.0,868.5,5.0,85,60,50,1,17,26000,1,1,1.0,1,117168.65,159415.3,508.0,8572.0,21673.63,35054.0,29.0,4,19707.0,81908.54,23270.0,2,171,67691.0,6729.23,12350.0,3,24,98716.0,Y,2244.32,saving,M,223,MEDIUM,182.70000000000002,3,966.0,1,2.0
6296,12694,8012.0,15609.0,876.32,1147.66,2346.76,14150.0,589.52,2.0,14,4,2,4,47,98000,1,1,1.0,1,13924.0,100934.0,25639.0,5773.0,217632.09,272543.64,32.0,5,51801.0,8380.0,574.0,1,105,59976.0,36470.86,40454.5,7,32,26452.0,Y,6208.01,current,M,29,MEDIUM,5.4,9,537.0,1,10.0
6297,15264,19747.0,1816.67,8190.92,5831.0,720.4,8832.425,2861.0,57.0,3,14,21,60,1,109000,1,1,1.0,1,443.36,76157.6,49975.0,-5942.0,14368.2,47960.0,63.0,6,17763.0,107441.44,50831.0,43,14,36128.71,39551.25,46187.25,4,11,110790.0,Y,10339.5,current,M,42,MEDIUM,15.4,10,945.0,1,10.0
6298,7775,392762.0,6026.26,21997.5,59138.67,642.0,31040.895,4027.0,5.0,23,1,4,11,16,375000,1,1,1.0,1,81345.0,470000.0,500718.0,0.0,58678.34,20218.0,39.0,19,46598.0,91265.13,28494.0,2,13,197993.98,121003.44,39392.0,2,113,403.0,Y,362.15,current,F,63,MEDIUM,17.2,2,537.0,1,3.0
6299,19754,19147.0,864.0,4299.0,10270.64,77831.56,3674.5,113773.0,10.0,23,4,18,1,5,16000,1,1,1.0,1,18418.85,1543.85,33774.0,5730.0,82968.32,211905.01,9.0,9,52500.0,153851.91,17049.0,1,81,48054.0,18464.5,27782.0,12,35,100691.0,Y,16671.23,current,F,38,MEDIUM,10.8,3,314.0,1,8.0
6300,13646,18593.0,2640.0,2724.8,5692.41,3311.2,3088.475,25768.0,2.0,6,35,2,71,44,352000,1,1,1.0,1,137260.8,15395.48,16068.0,5730.0,13854.25,202868.0,16.0,1,12714.0,20557.77,209517.0,11,38,60000.0,22346.5,38200.0,49,67,18631.0,Y,15242.4,current,M,62,MEDIUM,21.0,3,486.0,1,5.0
6301,9682,414.0,2126.26,8615.96,2372.0,6634.0,10961.5,2204.0,3.0,85,3,30,14,6,97000,1,1,1.0,1,48675.31,31033.0,50000.0,1500.0,141632.95,84880.0,94.0,0,53241.0,19008.54,32612.0,43,171,51998.38,219329.28,81541.29,47,83,26120.0,Y,6554.06,current,M,29,MEDIUM,7.2,2,247.0,1,15.0
6302,9664,3583.0,25565.0,21884.0,5022.5,6284.0,1049.0,1209.0,136.0,22,35,62,4,81,341000,1,1,1.0,1,20141240.0,223379.4,38599.0,5439.0,38625.75,18575.0,35.0,3,24544.0,44914.57,137772.0,2,171,33946.0,253.0,175935.05,44,12,1224.39,Y,33450.0,saving,M,37,MEDIUM,1.7000000000000002,1,614.0,1,10.0
6303,12510,16392.0,8575.49,3897.72,6473.9,3755.0,19498.245,2148.0,6.0,3,112,50,38,11,371000,1,1,1.0,1,20177.4,141473.07,25524.0,3897.0,240998.75,35015.0,43.0,26,13186.0,48891.0,33845.0,3,20,24013.0,27793.85,125470.83,93,63,21128.0,Y,491.07,current,M,30,LOW,4.0,10,883.0,1,9.0
6304,18773,1868.0,29866.9,2948.84,11022.5,220.0,436.82,1843.0,57.0,10,5,30,5,10,620000,1,1,1.0,1,40822.5,138475.4,3570.0,2008.0,87912.38,107484.0,147.0,5,19041.0,32875.17,57225.0,5,108,30972.0,77119.57,32915.0,4,0,72847.0,Y,9116.03,current,M,36,LOW,1.6,2,355.0,0,9.0
6305,13925,14772.0,2143.29,582.62,4148.9,467.49,8142.22,7240.0,19.0,1,50,47,3,1,213000,1,1,1.0,1,46730.2,177795.8,927.0,-4679.0,13589.23,46874.0,70.0,33,18139.0,27269.14,33196.0,3,49,31769.0,38371.04,37988.0,12,18,54409.5,Y,749.25,current,M,33,MEDIUM,5.2,9,818.0,1,10.0
6306,3374,303321.0,9943.5,3017.0,30794.19,2155.0,14172.075,2236.0,92.0,9,87,15,4,81,483000,1,1,1.0,1,293418.75,80489.0,694.0,6885.0,6073.0,352100.0,103.0,5,17.6,130481.1,302704.0,5,8,3909.0,101059.29,16293.0,47,73,81180.0,Y,279.24,current,M,46,HIGH,13.0,7,928.0,1,7.0
6307,2953,141152.0,16252.65,499.0,4885.19,9697.0,3106.69,1400.0,2.0,61,5,2,1,3,255000,1,1,1.0,1,76780.0,24000.0,12560.0,2351.0,28217.0,42468.0,69.0,1,38128.0,23615.25,23857.0,45,17,57200.0,35498.0,7561.0,2,63,20602.0,Y,2468.89,current,M,37,MEDIUM,11.9,6,748.0,0,4.0
6308,10583,17604.0,14126.5,13098.21,7727.0,2369.5,18192.52,1172.0,44.0,10,27,3,25,2,167000,1,1,1.0,1,76780.0,216932.5,23500.0,1500.0,13555.54,20195.0,4.0,2,46800.0,41203.67,35955.0,1,12,52880.0,60208.0,69215.0,3,18,107436.0,Y,289.0,current,M,44,MEDIUM,2.4000000000000004,8,485.0,1,8.0
6309,18800,17903.0,9841.8,9339.02,653.5,10317.0,5647.26,1751.0,1.0,29,32,11,3,16,28000,1,1,1.0,1,26360.0,234459.4,12000.0,1500.0,22141.0,4645.0,10.0,5,18844.0,97179.58,100159.0,3,0,145033.0,82035.55,30378.0,16,25,139352.0,Y,177.36,current,M,35,MEDIUM,9.0,2,623.0,0,12.0
6310,6571,10327.0,50860.2,5533.68,1003.61,10834.97,5942.325,3906.69,7.0,9,3,48,3,42,302000,1,1,1.0,1,209110.5,16000.0,583.0,-6301.0,58947.72,24394.0,2.0,0,13730.0,258019.95,54373.0,0,7,146250.0,699722.24,30958.98,12,73,35752.0,Y,20.32,current,F,31,MEDIUM,2.2,4,233.0,1,16.0
6311,12667,11660.0,7133.59,11129.0,2337.41,1594.0,18910.98,9682.44,1.0,3,7,4,1,56,329000,1,1,1.0,1,493682.5,347.19,13873.0,5340.0,28217.0,25274.0,1.0,2,16853.0,220219.75,73917.0,43,20,23908.0,111967.1,70931.25,5,61,104882.0,Y,2278.26,current,M,33,MEDIUM,10.4,3,485.0,1,14.0
6312,10477,15850.0,12233.97,22079.65,1475.85,23172.0,7431.84,4061.0,43.0,10,3,25,2,7,406000,1,1,1.0,1,41070.0,95081.0,4000.0,12965.0,56451.38,35082.0,32.0,3,23425.0,14059.41,19065.0,3,6,33128.82,108484.17,93231.5,12,1,22387.0,Y,43068.88,current,M,39,MEDIUM,7.6000000000000005,5,446.0,0,3.0
6313,7102,306246.0,10600.89,17272.0,1860.27,360.97,3227.22,7048.0,14.0,10,4,26,7,47,518000,1,1,1.0,1,977377.25,340000.0,16215.0,-5998.43994,244972.0,125195.44,77.0,0,36982.0,162016.27,79250.0,43,14,12383.0,39558.75,407138.0,19,52,39998.0,Y,3277.82,current,M,56,LOW,3.6,8,867.0,1,6.0
6314,12726,17285.0,14288.0,4770.0,8773.06,7157.01,15208.77,2270.0,44.0,10,44,57,62,47,371000,1,1,1.0,1,30382.2,38928.0,891.0,844.0,80815.38,12331.0,11.0,5,19360.0,19782.57,4002.0,2,29,28484.0,71587.64,56661.0,10,120,14971.0,Y,4091.07,saving,M,35,MEDIUM,7.5,6,503.0,1,10.0
6315,6183,17882.0,12585.11,1519.0,8264.86,6324.92,5449.0,1778.0,19.0,128,47,52,6,68,35800,1,1,1.0,1,41883.6,6574.31,2644.0,167.0,41153.5,51367.0,11.0,26,15690.0,10876.5,175878.55,23,7,30237.0,22343.6,64840.0,46,52,37765.0,Y,3802.06,current,F,37,MEDIUM,17.0,6,615.0,1,9.0
6316,17809,135632.0,37873.83,2249.0,1235.95,3965.0,6439.3,2561.8,66.0,32,27,3,2,70,296000,1,1,1.0,1,4230125.0,1628.0,30000.0,-6301.0,39225.0,25574.0,20.0,3,99318.0,10178.0,7167.0,2,82,27761.0,38362.54,14498.0,8,49,51772.0,Y,12608.0,saving,F,32,LOW,2.4000000000000004,9,254.0,0,2.0
6317,3804,6015.0,14482.61,21097.2,24955.8,10006.0,8551.275,3558.52,19.0,2,50,25,55,3,555000,1,1,1.0,1,2.13,340000.0,130000.0,1500.0,28969.05,61713.0,10.0,3,12039.0,7407.36,43926.0,43,82,19296.0,28548.5,17215.13,3,38,17714.0,Y,5009.94,current,M,27,MEDIUM,0.7000000000000001,8,249.0,1,9.0
6318,13264,344804.0,11987.46,1382.0,11716.39,12903.05,2738.225,23315.26,26.0,93,72,52,1,70,784000,1,1,1.0,1,19.95,12971.0,610000.0,1465.0,95790.79,67954.99,22.0,36,19847.0,113664.76,139532.0,23,104,20624.34,19365.64,4262.0,4,63,42067.0,Y,22282.3,saving,M,33,MEDIUM,7.800000000000001,2,746.0,1,7.0
6319,18652,5619.0,9958.91,2720.5,10195.83,5750.6,12295.0,835.0,25.0,23,3,3,3,11,255000,1,1,1.0,1,213557.15,470000.0,927.0,14509.0,191336.63,57933.0,67.0,1,62.91,61845.5,72925.0,30,8,22548.0,33434.65,130403.0,40,133,12403.0,Y,6762.18,current,F,46,MEDIUM,15.600000000000001,6,882.0,1,14.0
6320,11166,426.0,18486.04,4640.8,503.0,1950.72,5241.0,2191.0,26.0,10,74,1,4,8,429000,1,1,1.0,1,117680.0,194099.3,56305.0,5340.0,43841.6,45581.0,11.0,26,21968.0,14890.0,50695.0,31,23,17445.0,77504.63,194857.0,8,38,22733.0,Y,11685.9,current,F,38,LOW,18.0,10,686.0,1,17.0
6321,2496,15669.0,26673.55,1640.0,1741.93,1966.0,4512.5,863.0,2.0,5,4,4,18,8,255000,1,1,1.0,1,2173459.0,409168.15,48950.0,0.0,48644.9,49936.0,3.0,2,55412.0,269368.62,52004.56,11,81,27505.0,218037.75,72121.25,117,26,594.0,Y,918.15,current,M,27,MEDIUM,5.6000000000000005,1,633.0,1,11.0
6322,1490,23075.0,5449.0,10527.25,10450.92,1622.8,35689.81,8626.22,6.0,4,16,3,5,70,660000,1,1,1.0,1,124064.65,470000.0,3975.0,9415.0,30142.25,160088.4,90.0,1,116875.22,17012.57,7065.86,4,171,20720.0,4888.63,32997.0,42,18,357952.0,Y,3451.49,current,F,35,MEDIUM,12.0,7,623.0,1,16.0
6323,6860,3359.0,1624.5,1224.0,2939.65,8094.0,1932.5,651.61,10.0,9,44,1,25,10,47000,1,1,1.0,1,213557.15,35421.67,2841.0,4314.0,59239.45,101228.79,52.0,3,59542.0,28130.0,18612.0,1,8,49536.0,19004.92,20275.0,2,7,63834.0,Y,51574.23,current,F,53,LOW,13.200000000000001,10,330.0,1,3.0
6324,9669,8269.0,94673.52,2504.0,1289.0,1530.0,1830.23,1385.0,63.0,5,5,2,38,42,466000,1,1,1.0,1,39851.93,1475000.0,183999.0,-5998.43994,18430.39,103046.0,20.0,3,20654.0,313265.74,53637.26,31,44,28151.0,12805.53,37366.0,11,103,82457.0,Y,5359.81,current,M,64,MEDIUM,22.0,6,883.0,1,19.0
6325,15847,16221.0,32737.31,37365.92,5435.07,13030.0,15366.475,3269.0,2.0,46,44,2,1,3,104000,1,1,1.0,1,70310.6,19000.0,2158.0,5730.0,10449.17,2223.72,32.0,30,33840.0,43097.0,63738.9,16,8,29982.0,41689.24,46520.0,18,8,19504.0,Y,4026.42,current,M,53,MEDIUM,29.700000000000003,6,574.0,1,17.0
6326,17856,211520.0,12898.0,138.0,19698.83,3593.0,720.0,79043.0,66.0,10,4,8,31,11,533000,1,1,1.0,1,95.0,50034.93,33774.0,2337.0,38206.0,184064.0,11.0,1,19317.0,100473.64,55568.0,3,11,21704.0,84423.48,19764.75,3,24,149.79,Y,4403.71,current,F,36,LOW,8.0,8,503.0,0,12.0
6327,5231,94489.0,5183.0,4381.31,73064.24,2965.6,8316.69,2927.0,12.0,29,89,3,38,67,528000,1,1,1.0,1,34443.0,24000.0,105000.0,-3506.17993,32378.2,150976.41,32.0,3,50600.0,6628.97,34297.0,5,50,28923.0,56691.09,78625.0,7,12,26418.0,Y,4739.51,current,M,35,MEDIUM,12.0,10,536.0,0,12.0
6328,4898,2370.0,13451.26,1286.0,4082.3,3680.0,5169.0,15861.0,5.0,23,87,35,2,20,147000,1,1,1.0,1,41.4,216932.5,155205.0,1079.0,40013.75,2031.0,18.0,3,14096.0,12009.76,33565.0,0,104,33533.0,682293.06,158782.51,117,58,81162.0,Y,17956.8,saving,M,36,LOW,3.2,9,686.0,0,11.0
6329,7033,19150.0,1332.0,363.0,3002.52,10066.81,4654.33,1933.0,44.0,23,47,3,7,47,19000,1,1,1.0,1,270.0,154069.0,27809.0,-6301.0,20777.13,21074.0,147.0,19,14908.0,50714.0,49215.5,16,16,37188.0,19526.96,40118.63,11,26,56800.0,Y,6379.45,current,M,33,MEDIUM,3.9000000000000004,4,748.0,1,6.0
6330,12044,251.0,14126.5,343.5,111653.01,2876.0,1305.14,3332.0,7.0,26,13,20,14,2,69000,1,1,1.0,1,1955.6,91747.0,2841.0,5439.0,24252.77,50121.0,35.0,14,33887.0,51559.1,9180.0,2,5,32966.0,46205.15,13867.0,5,13,22849.0,Y,73133.11,current,M,47,LOW,27.0,10,516.0,0,17.0
6331,18644,10008.0,27186.0,8389.0,2836.3,9679.12,2808.845,591.52,6.0,29,71,5,1,58,371000,1,1,1.0,1,7713.51,50000.0,16114.0,-5439.0,22961.0,35106.0,39.0,1,17363.0,136899.75,17047.47,4,108,78478.0,2008.0,70482.79,18,25,112956.0,Y,3312.46,current,M,33,MEDIUM,9.1,1,883.0,1,7.0
6332,5023,5627.0,21359.0,15469.0,1268.11,7949.78,8542.0,799.0,3.0,5,84,24,18,13,147000,1,1,1.0,1,39851.93,470000.0,16114.0,167.0,639.25,99541.0,17.0,1,83359.0,64353.87,126799.91,1,81,39385.0,46018.0,629.0,13,50,20947.0,Y,2803.85,current,M,66,MEDIUM,27.6,6,536.0,1,17.0
6333,5930,6950.0,57923.97,3727.3,4856.0,2091.0,4920.0,14661.51,101.0,4,7,1,18,3,130000,1,1,1.0,1,209110.5,142608.5,13533.0,7478.0,38963.2,64589.0,11.0,1,27935.0,24068.25,54492.08,3,69,17087.36,43669.28,8187.0,7,65,92018.0,Y,12645.31,current,M,32,MEDIUM,9.600000000000001,9,123.0,1,5.0
6334,7131,16010.0,10525.57,6062.0,4572.01,5560.0,726.0,13421.77,10.0,84,50,6,15,58,284000,1,1,1.0,1,825.0,117890.0,5905.0,6885.0,37443.25,80352.0,11.0,0,33484.0,31162.54,153570.0,5,7,27034.09,38731.57,91011.0,3,50,49491.0,Y,32327.65,saving,M,66,MEDIUM,41.400000000000006,8,799.0,0,19.0
6335,7649,16173.0,9240.48,606.0,29702.5,8369.0,3087.0,5300.0,12.0,5,53,3,2,8,421000,1,1,1.0,1,3486840.0,130000.0,16004.0,0.0,64970.81,66707.0,11.0,4,24807.0,753938.92,158029.62,3,108,16878.0,2003.0,20435.0,6,67,8620.0,Y,2903.23,current,F,31,MEDIUM,11.0,7,385.0,0,2.0
6336,16682,6966.0,4757.93,21855.31,11928.92,9308.01,10890.3,33525.02,5.0,2,29,60,6,3,533000,1,1,1.0,1,456.1,152664.0,50000.0,5773.0,718502.04,16807.0,42.0,3,201865.0,17147.89,33369.5,11,14,12638.0,91588.88,350686.0,7,10,8718.0,Y,1548.51,current,M,55,LOW,35.0,3,771.0,0,18.0
6337,19267,14473.0,11218.23,1400.0,9510.0,10569.0,104773.88,1340.0,1.0,2,27,1,2,13,467000,1,1,1.0,1,328504.5,278360.16,539.0,5773.0,166673.22,33165.0,77.0,5,69348.0,62772.9,65039.0,45,8,22956.0,123557.64,127119.77,3,96,48915.0,Y,1353.73,current,M,33,MEDIUM,3.9000000000000004,1,249.0,0,12.0
6338,18648,4441.0,63214.8,2582.4,26807.0,3888.8,1017.5,2075.52,4.0,84,72,1,51,4,784000,1,1,1.0,1,9220.2,88482.8,25000.0,3897.0,52525.5,3193.0,20.0,3,227359.0,45251.64,68136.0,4,25,34771.4,124407.9,26238.0,6,14,15267.0,Y,1320.75,current,M,35,LOW,3.0,3,258.0,1,9.0
6339,4046,10146.0,37114.33,8684.66,103562.09,8469.0,2310.95,15647.48,17.0,6,49,1,2,56,199999,1,1,1.0,1,668728.4,400000.0,300500.0,2921.0,36579.75,54266.0,12.0,4,23654.0,70186.41,10790.37,3,171,55300.42,76869.0,39511.62,3,17,20904.0,Y,5469.79,current,M,40,MEDIUM,14.0,2,385.0,0,19.0
6340,3263,1836.0,24248.47,22619.93,904.45,14249.01,3867.27,164.01,18.0,23,50,11,46,11,28000,1,1,1.0,1,298492.0,205000.0,15477.0,20324.0,9782.92,20643.0,43.0,1,18867.0,29362.63,112750.0,2,2,103685.0,36803.72,117671.0,10,9,40822.0,Y,2228.46,saving,M,29,LOW,0.9,9,448.0,1,13.0
6341,11408,12359.0,18972.68,1979.0,3068.22,1135.6,1415.0,21927.62,52.0,50,9,1,1,80,358000,1,1,1.0,1,1641785.0,3.0,25000.0,3897.0,125697.31,19402.0,18.0,3,39751.0,43657.0,55187.0,2,27,25541.0,72343.4,20949.0,4,12,12512.0,Y,5371.53,current,M,38,MEDIUM,7.2,1,653.0,1,4.0
6342,5171,5198.0,57060.84,4398.5,9504.49,589.0,1484.0,7987.0,4.0,99,105,7,1,6,528000,1,1,1.0,1,50550.5,1425000.0,30071.0,-7652.0,123231.15,329668.0,91.0,26,21769.0,85997.58,27850.34,2,50,29289.0,222598.14,16368.0,94,18,15377.0,Y,104770.2,current,F,33,MEDIUM,5.2,6,762.0,1,8.0
6343,16732,16493.0,3043.0,1132.0,2162.0,28274.0,664.0,8849.34,25.0,15,19,25,9,12,170000,1,1,1.0,1,716556.5,107007.0,6100.0,5439.0,21168.5,36367.77,103.0,2,63611.0,40890.7,14146.0,5,12,34360.0,105736.29,6568.0,10,28,26920.0,Y,7207.85,current,M,120,MEDIUM,10.0,5,464.0,1,13.0
6344,6680,3681.0,2048.0,415.0,22046.65,5984.0,2585.86,7762.6,10.0,9,9,18,38,42,403000,1,1,1.0,1,526.25,72796.1,230000.0,8572.0,89278.9,238353.0,48.0,1,29647.0,74810.58,147317.25,43,5,37683.0,72179.83,26777.0,13,0,114344.37,Y,2383.51,current,M,32,MEDIUM,10.8,4,355.0,1,17.0
6345,18262,11946.0,1080.0,440.0,10874.67,36939.0,2184.0,3704.0,10.0,67,60,8,4,36,403000,1,1,1.0,1,34648.75,107692.0,5797.0,9827.0,28215.75,5778.0,3.0,4,35466.0,43666.5,11075.0,3,171,21440.0,19997.3,48497.0,4,120,44816.0,Y,41366.49,current,M,35,MEDIUM,12.0,6,737.0,0,12.0
6346,3612,8048.0,12426.91,190.0,3274.54,6612.4,6509.0,8189.0,8.0,32,38,45,51,8,518000,1,1,1.0,1,60050.0,370000.0,2156.0,10210.0,44916.42,30673.16,37.0,2,9500.0,2120.0,38211.38,1,9,374.95,20309.64,32881.0,4,61,98288.0,Y,8511.42,current,M,56,MEDIUM,32.4,8,566.0,0,10.0
6347,14113,2398.0,12211.0,10651.97,1915.45,4794.27,7645.99,16482.0,5.0,71,2,18,21,6,303000,1,1,1.0,1,3938.25,205032.06,5905.0,886.0,15052.4,37635.0,10.0,35,21830.0,28045.43,37191.0,1,44,11258.0,93593.04,17307.0,11,63,24899.0,Y,248.24,current,M,66,MEDIUM,32.2,10,653.0,1,15.0
6348,9326,5811.0,24106.03,778.0,17755.46,915.0,3528.4,3253.0,10.0,42,84,1,5,8,366000,1,1,1.0,1,204585.76,101.24,2644.0,1500.0,12953.31,44995.4,46.0,19,74787.0,98136.13,8261.0,3,20,36999.33,44159.55,50343.09,14,73,50687.39,Y,16292.5,current,F,47,MEDIUM,21.6,9,445.0,1,15.0
6349,9715,334.0,26436.0,14320.02,2885.28,1530.2,5210.385,1848.83,19.0,43,10,8,55,13,524000,1,1,1.0,1,13279.75,380000.0,2644.0,903.0,178002.0,49746.0,4.0,3,3312.0,21262.5,21913.0,5,13,2951.0,175562.91,39399.58,4,96,43598.0,Y,6773.57,current,M,51,MEDIUM,31.0,4,647.0,1,6.0
6350,4124,15424.0,1590.74,148.0,4094.54,8806.59,13808.0,1956.0,136.0,5,4,24,7,31,67000,1,1,1.0,1,105750.0,78386.0,33330.0,-5439.0,19797.81,11853.0,24.0,19,13272.0,156000.52,112189.0,4,63,36128.71,7506.4,38235.0,4,107,15765.0,Y,31014.61,saving,F,37,HIGH,8.5,2,516.0,0,8.0
6351,11975,15056.0,3354.36,3497.0,26572.03,863.84,5044.0,1755.0,6.0,23,117,2,20,2,410000,1,1,1.0,1,86865.0,330001.0,300000.0,1992.0,2601.5,25132.0,42.0,19,17808.0,140944.37,232208.0,6,82,24741.0,33491.01,20835.0,3,18,490875.0,Y,3850.84,current,F,30,MEDIUM,7.0,6,865.0,0,12.0
6352,4073,12173.0,20969.81,1491.79,33382.0,4983.0,4498.7,2043.3,6.0,23,2,30,3,44,565000,1,1,1.0,1,328504.5,15036.0,1052.0,6916.0,3369.25,10248.96,42.0,7,38195.0,81164.16,36589.0,6,40,74453.0,32468.36,808.0,42,24,384.0,Y,231.2,current,M,47,MEDIUM,10.8,6,801.0,1,13.0
6353,13075,5697.0,6269.7,6866.0,17848.0,284.0,16125.5,1821.0,1.0,37,48,53,4,2,125000,1,1,1.0,1,328504.5,32000.0,25524.0,4314.0,10523.84,36526.0,69.0,0,27701.0,18193.72,22553.5,23,63,25150.0,64097.02,40973.76,4,25,28080.0,Y,1046.43,current,M,33,MEDIUM,1.3,9,683.0,1,18.0
6354,8194,10716.0,8900.42,12023.0,1192.04,3722.2,19102.0,3959.0,2.0,36,112,35,1,10,233000,1,1,1.0,1,81872.65,71944.5,5905.0,0.0,18135.34,146093.0,2.0,19,20480.0,301121.78,71063.0,47,29,117144.0,28592.88,24184.0,5,12,20479.0,Y,975.28,current,M,42,MEDIUM,22.0,1,254.0,1,12.0
6355,10784,11284.0,1999.5,4754.99,7218.0,521.92,11529.0,4999.5,56.0,13,5,3,6,13,127500,1,1,1.0,1,9608.3,51000.0,694.0,6916.0,322106.91,34434.0,4.0,36,35711.0,26789.04,60798.21,31,75,22119.0,30932.0,65913.13,42,6,16763.0,Y,19851.95,current,M,53,LOW,33.0,3,683.0,1,16.0
6356,8267,2135.0,16789.52,1230.0,5477.04,6247.9,85286.26,628.0,17.0,9,112,1,2,30,567000,1,1,1.0,1,105453.65,289469.58,30000.0,2921.0,25554.01,59644.0,39.0,2,8266.0,98717.39,36932.68,6,171,38250.0,396484.36,30632.0,40,12,53143.0,Y,555.0,current,M,35,HIGH,3.0,10,860.0,1,18.0
6357,12572,16869.0,1402.0,1831.97,1642.0,164.0,2895.0,8560.56,10.0,6,87,18,1,54,784000,1,1,1.0,1,510.6,189246.0,25524.0,1954.0,100948.24,57605.0,4.0,35,65116.0,48643.88,69813.0,45,18,400819.0,1107156.11,11162.14,27,104,7813.0,Y,6599.76,current,M,40,LOW,10.0,6,330.0,1,8.0
6358,19292,7539.0,9936.7,12202.0,61805.28,1076.29,18530.845,574.59,17.0,3,19,22,1,64,170000,1,1,1.0,1,46451.38,326326.9,6100.0,0.0,44379.7,49676.49,10.0,3,29102.0,5076.75,136704.0,2,0,14441.0,59713.89,53736.0,8,15,310586.0,Y,2569.94,saving,M,66,MEDIUM,46.0,9,855.0,1,10.0
6359,15318,96806.0,1652.0,2225.49,11997.91,4690.33,24334.725,9693.51,6.0,8,61,3,17,2,150000,1,1,1.0,1,293418.75,1187335.5,2156.0,0.0,946402.35,74014.0,16.0,4,110185.0,25561.27,35998.01,47,8,95410.0,45307.68,11638.58,22,7,65527.47,Y,14039.42,current,M,37,MEDIUM,5.1000000000000005,4,539.0,0,4.0
6360,11887,295731.0,3349.68,24079.93,713.94,4817.55,16940.535,9172.0,2.0,1,30,24,4,5,66000,1,1,1.0,1,21220.0,6574.31,2156.0,-3506.17993,33688.73,27532.37,50.0,1,24686.0,518.5,155972.0,2,7,95971.0,20991.0,127017.0,1,120,14394.0,Y,1266.53,current,M,62,MEDIUM,4.2,8,516.0,1,2.0
6361,10240,14861.0,38784.42,12764.0,12608.0,26496.07,2411.56,2575.38,2.0,10,67,4,1,6,461000,1,1,1.0,1,13279.75,78744.56,56305.0,-6885.0,28535.25,12462.0,18.0,23,65728.0,47253.4,19991.0,4,7,30784.0,23938.38,16582.0,49,79,105042.0,Y,978.43,current,M,50,LOW,27.0,10,598.0,1,20.0
6362,7535,18620.0,7134.0,914.4,21611.75,1426.0,5979.0,8467.62,12.0,18,74,35,12,79,579000,1,1,1.0,1,225823.8,77965.0,2214.0,24326.0,36016.09,403096.0,10.0,0,59920.0,184163.32,22968.0,9,82,63320.0,28126.76,39010.0,2,7,3777.0,Y,7083.67,saving,M,49,MEDIUM,26.1,9,519.0,1,9.0
6363,274,3348.0,4674.92,1870.0,7390.0,6946.0,20961.0,5246.0,63.0,128,5,8,6,74,429000,1,1,1.0,1,2008232.55,1425000.0,45000.0,5730.0,15322.14,59201.37,46.0,1,27672.7,39182.88,68244.0,4,20,42684.0,53578.77,698459.25,94,103,55970.0,Y,3135.74,current,M,34,MEDIUM,14.0,4,653.0,0,10.0
6364,16647,18597.0,4797.07,6062.0,24051.75,1039.0,1053.36,1090.0,26.0,3,82,44,36,10,548000,1,1,1.0,1,70310.6,12000.0,183999.0,5730.0,126110.0,4213.0,40.0,0,1500000.0,23519.21,119639.0,50,17,18372.0,457745.03,29550.0,39,13,35662.0,Y,299.7,saving,M,29,HIGH,0.9,5,867.0,1,14.0
6365,6669,85568.0,47646.93,1080.0,10257.52,52669.95,22483.0,2384.7,53.0,1,10,2,18,10,136000,1,1,1.0,1,13732.93,446457.0,5797.0,7478.0,27592.54,8640.0,29.0,26,31911.0,14059.41,70637.0,3,20,43140.0,165055.0,14562.0,1,65,241771.0,Y,5318.64,current,M,33,MEDIUM,10.4,8,801.0,1,20.0
6366,13812,20012.0,40608.0,38932.03,20079.24,2684.0,7406.25,705.55,6.0,66,53,11,31,8,112000,1,1,1.0,1,9395.3,15395.48,2130.0,20513.0,41242.81,44604.0,11.0,55,51574.0,21219.78,39408.0,17,8,27591.0,19464.95,49040.5,4,7,43735.0,Y,2523.18,saving,M,32,MEDIUM,7.2,10,485.0,1,11.0
6367,11489,5970.0,80838.0,20432.78,35029.0,2935.0,3920.5,11893.12,1.0,30,135,8,1,9,660000,1,1,1.0,1,81284.7,14000.0,51520.0,844.0,47148.05,56011.5,42.0,3,37814.0,64523.25,77196.0,1,29,38019.22,46977.68,20238.0,9,9,34779.0,Y,7566.69,current,F,66,MEDIUM,23.0,3,863.0,1,18.0
6368,11682,406846.0,16789.52,813.5,7246.0,7170.0,7408.0,886.0,5.0,10,46,3,9,98,112000,1,1,1.0,1,272677.25,11982.0,54101.0,3735.0,15018.0,27109.0,69.0,36,23935.0,22203.42,15432.0,2,1,14838.0,28593.49,12149.0,10,83,88545.0,Y,7279.2,saving,M,55,MEDIUM,14.0,5,626.0,1,10.0
6369,4876,29057.0,10194.0,4882.5,34371.51,1616.0,9397.25,1821.0,14.0,29,3,10,2,17,268000,1,1,1.0,1,4930.2,184514.0,22000.0,3323.0,20141.12,58072.0,12.0,1,22633.0,77480.0,131364.0,4,20,25578.31,54629.24,61133.5,4,0,113196.0,Y,440.41,saving,M,33,LOW,2.6,1,623.0,1,17.0
6370,6133,12907.0,12171.45,11805.26,3957.24,50457.99,47608.35,2372.0,1.0,10,2,15,18,4,286000,1,1,1.0,1,115.45,60040.0,30040.0,20324.0,23432.87,91179.0,32.0,1,98933.0,81769.34,32416.0,47,63,43980.0,6111.5,41023.0,40,11,22867.0,Y,133697.21,current,M,29,HIGH,9.0,5,710.0,0,11.0
6371,19944,2471.0,57476.34,2092.0,49400.21,5199.76,8647.0,426.81,29.0,99,3,25,2,1,510000,1,1,1.0,1,1360.0,107692.0,1255.0,5773.0,72645.63,85224.0,37.0,1,48299.0,37471.01,100504.0,1,108,23948.0,55037.1,65207.65,13,32,34266.0,Y,1046.43,current,M,47,HIGH,18.900000000000002,8,269.0,0,11.0
6372,6873,20.0,7553.92,373.0,86395.0,831.04,20570.0,1105.5,57.0,30,53,11,7,12,400000,1,1,1.0,1,1859872.2,68663.61,12337.0,6885.0,54417.0,69837.0,7.0,3,20579.0,143105.74,52750.29,17,5,41440.0,30102.77,103680.0,12,103,91468.0,Y,18.59,current,M,37,MEDIUM,3.4000000000000004,8,268.0,1,19.0
6373,16320,338766.0,1662.0,16131.07,6561.31,5750.6,26331.82,17570.22,19.0,34,5,44,4,91,130000,1,1,1.0,1,7300.0,51445.0,130000.0,3897.0,44841.13,40009.0,42.0,4,3277.02,8966.45,30213.0,2,82,16705.0,14197.0,23312.98,3,58,15278.0,Y,2670.77,current,M,28,MEDIUM,5.6000000000000005,6,818.0,0,8.0
6374,1636,3743.0,4943.0,2693.0,8363.43,1036.0,11439.0,7762.6,24.0,6,112,5,2,77,59000,1,1,1.0,1,41883.6,446457.0,5591.0,-5942.0,57510.95,76195.0,147.0,3,50392.0,124029.78,63069.0,6,49,19308.0,59713.89,74358.0,10,113,23589.0,Y,7920.2,current,M,28,MEDIUM,4.800000000000001,8,818.0,1,5.0
6375,10523,2663.0,49451.76,811.0,1137.2,4950.0,1635.0,20956.0,15.0,17,5,8,6,98,49999,1,1,1.0,1,18847.5,71000.0,96558.0,5773.0,13836.0,26581.0,69.0,0,55149.0,37588.1,26180.38,4,171,120.23,31838.92,51600.6,4,103,37842.0,Y,216.25,current,M,55,MEDIUM,24.5,3,693.0,1,12.0
6376,6135,36223.0,36598.5,4999.01,1110.0,1689.28,9410.05,233.0,14.0,2,6,62,2,9,304000,1,1,1.0,1,293418.75,14000.0,73217.0,0.0,93000.65,69044.19,20.0,4,25012.0,10136.57,41865.0,3,75,32550.0,48855.58,11299.0,94,58,14560.0,Y,183.03,current,M,29,MEDIUM,5.4,5,867.0,1,7.0
6377,19808,8251.0,11576.35,1070.62,4249.92,9762.0,102403.0,10569.0,66.0,26,84,7,3,79,304000,1,1,1.0,1,89908.8,180000.0,51520.0,1500.0,46952.84,74992.0,2.0,14,17141.0,18126.0,32490.0,1,12,15941.0,74911.71,136361.0,13,22,23346.0,Y,2945.28,saving,M,38,LOW,3.6,6,863.0,1,8.0
6378,16231,1932.0,61339.12,10318.0,17819.58,15342.0,6078.0,2893.25,1.0,22,1,4,5,4,375000,1,1,1.0,1,4323.0,64491.0,641.0,1429.0,101.25,65202.91,39.0,6,66300.0,5466.26,57336.0,6,6,14336.0,24442.75,20201.0,40,103,2015.97,Y,24296.77,saving,F,33,LOW,7.800000000000001,1,647.0,1,4.0
6379,6542,9997.0,10643.0,1954.0,8247.95,11974.77,3771.0,17096.82,1.0,3,49,1,5,1,232000,1,1,1.0,1,385.0,82907.34,891.0,2500.0,29091.0,20204.0,4.0,5,12665.0,41947.21,132181.0,11,77,70500.0,37927.71,116209.0,21,124,41191.0,Y,402.08,current,M,58,MEDIUM,26.6,1,314.0,1,19.0
6380,342,20084.0,43120.0,5693.23,14282.85,6755.0,1468.01,8626.22,66.0,3,72,5,1,6,650000,1,1,1.0,1,293418.75,200015.58,908.0,1411.0,246068.39,33625.97,16.0,26,55623.0,27269.69,190544.0,2,171,59000.0,17990.55,15598.29,2,58,41454.0,Y,8878.73,current,M,63,LOW,25.8,1,805.0,1,10.0
6381,10640,1894.0,4984.64,3129.0,65096.0,5571.0,2624.0,2079.0,4.0,99,47,2,16,56,46000,1,1,1.0,1,137260.8,409168.15,24094.0,5340.0,165076.55,336244.2,43.0,3,53000.0,44629.61,75692.0,3,0,70536.0,44319.11,128031.56,1,106,20828.0,Y,6380.18,saving,M,60,MEDIUM,4.0,5,233.0,1,11.0
6382,12946,9998.0,1174.0,6319.0,7895.38,4983.0,33490.0,4411.0,4.0,83,117,8,15,67,576000,1,1,1.0,1,690.0,3651000.0,13873.0,6916.0,29621.18,6011.0,95.0,29,29355.0,33146.0,441.95,7,44,33000.0,4783.5,35391.74,9,73,91476.0,Y,12503.11,current,M,33,LOW,6.5,3,686.0,1,6.0
6383,15298,4640.0,16374.4,18340.0,22114.5,3523.68,801.265,2727.0,4.0,5,74,1,36,3,378000,1,1,1.0,1,46451.38,16000.0,1036.0,1444.0,34954.33,19896.0,55.0,3,34827.0,30042.04,30325.0,3,8,110619.0,27915.7,27782.0,117,120,8620.0,Y,16981.11,current,F,46,LOW,26.0,8,685.0,1,12.0
6384,13594,13860.0,1977.6,9372.0,4482.77,525.0,5670.225,6032.0,9.0,85,44,48,16,64,127500,1,1,1.0,1,89104.12,5350.0,298472.0,1992.0,63275.0,87603.0,103.0,4,73765.5,71010.74,84711.5,5,171,6100.0,18784.0,59458.93,42,3,24028.0,Y,9758.48,current,F,50,MEDIUM,15.0,7,538.0,1,12.0
6385,17463,9044.0,856.0,6221.0,588.81,5673.0,1655.14,127.0,5.0,37,105,4,44,2,313000,1,1,1.0,1,291969.2,232524.0,5591.0,6885.0,23635.7,66722.0,11.0,36,126063.0,24382.47,49490.78,11,4,139995.0,80437.75,58825.25,2,63,63834.0,Y,1739.87,current,M,37,MEDIUM,13.600000000000001,2,330.0,0,14.0
6386,3,5290.0,5528.72,650.24,4717.0,11658.0,5210.0,3331.0,124.0,10,14,4,4,1,249000,1,1,1.0,1,41.4,560000.0,4699.0,-4679.0,375133.82,139344.41,4.0,5,31914.0,112727.48,77331.0,43,8,107835.0,76130.81,18074.0,1,14,91219.0,Y,231.2,current,M,29,MEDIUM,0.9,10,626.0,1,9.0
6387,13037,3120.0,49432.48,542.0,13676.91,2038.3,25454.28,4536.0,57.0,22,9,1,1,6,70000,1,1,1.0,1,965948.8,14000.0,300500.0,-5942.0,50463.56,19799.0,42.0,1,21047.72,4359.0,147781.0,19,108,13599.0,78700.69,171353.33,3,9,28247.0,Y,10155.1,current,M,32,HIGH,9.600000000000001,8,809.0,1,16.0
6388,4257,86963.0,4286.86,330.78,10904.59,18421.84,57184.0,792.32,1.0,26,89,50,62,6,193000,1,1,1.0,1,140291.6,156215.3,6000.0,6613.0,31411.63,78839.0,5.0,1,25517.0,60455.0,30888.37,5,5,30136.0,113100.89,18992.75,3,104,62058.0,Y,12363.43,current,M,27,MEDIUM,3.5,6,243.0,1,5.0
6389,16864,12479.0,22581.19,3538.0,8975.425,10307.84,7029.0,3031.0,43.0,37,5,8,3,1,267000,1,1,1.0,1,668728.4,465000.0,508.0,2337.0,83163.0,14666.0,11.0,7,57312.04,51715.23,148881.0,9,4,175750.0,38208.93,3424.75,5,36,160967.0,Y,5057.41,current,M,38,MEDIUM,16.2,7,631.0,0,7.0
6390,18712,10626.0,18675.31,1030.0,11234.46,339.0,7075.0,1848.23,7.0,5,74,30,4,4,720000,1,1,1.0,1,60050.0,470000.0,16114.0,-5439.0,118780.72,29915.0,12.0,0,33221.0,31458.28,30325.0,2,1,24266.0,119199.75,45864.0,3,12,157500.0,Y,1738.71,current,M,37,LOW,15.3,8,505.0,1,4.0
6391,3607,14097.0,20562.0,3552.0,16357.91,2323.37,8692.0,1959.08,531.0,10,6,1,2,9,300000,1,1,1.0,1,199690.5,12000.0,73217.0,-5439.0,67025.01,30979.0,52.0,7,30056.0,62680.59,109843.0,17,29,22361.0,122754.54,95372.0,2,50,30109.0,Y,2030.8,current,M,31,LOW,11.0,8,628.0,1,2.0
6392,2907,614.0,3475.425,2111.0,92391.27,22260.0,7472.0,5150.0,29.0,32,64,8,4,54,403000,1,1,1.0,1,10008.0,110135.86,8060.0,13135.0,25274.38,95759.38,55.0,11,35088.0,28799.04,17276.0,3,69,67746.0,117456.75,20656.92,6,21,37255.0,Y,661.11,current,M,51,MEDIUM,31.0,6,516.0,0,11.0
6393,19817,88382.0,20542.74,28166.0,1863.0,1058.76,16869.625,999.0,24.0,47,44,25,3,11,44000,1,1,1.0,1,8370.8,545000.0,5540.0,3735.0,26412.48,940.0,18.0,5,16105.0,9764.0,22510.0,1,28,57435.0,103337.75,35067.0,117,58,47934.0,Y,17516.45,current,M,33,HIGH,7.800000000000001,5,445.0,1,4.0
6394,16383,4420.0,1853.47,8012.0,969.0,1342.0,3479.4,3282.0,1.0,31,5,4,5,9,156000,1,1,1.0,1,306961.5,234459.4,3975.0,-5439.0,106222.74,775707.68,24.0,31,32560.0,2530.0,35172.0,3,4,41110.0,62047.13,19897.0,4,58,60732.0,Y,7566.69,current,M,31,HIGH,3.3000000000000003,10,485.0,1,9.0
6395,11915,16526.0,2226.0,6020.0,601.0,7170.0,1229.0,1105.0,57.0,22,6,2,1,3,369000,1,1,1.0,1,204.0,52991.0,24094.0,3897.0,12116.0,4192.0,16.0,30,187504.0,68095.46,247.0,2,108,14234.0,76130.81,131536.0,2,80,24899.0,Y,9743.7,current,M,53,LOW,29.700000000000003,9,486.0,0,20.0
6396,8161,8829.0,2704.0,9339.02,13737.29,1640.46,2400.46,3250.0,1.0,11,64,60,17,30,395000,1,1,1.0,1,0.35,6574.31,230000.0,-6885.0,113837.53,27666.91,42.0,29,20245.0,74107.66,12448.0,4,50,4750.0,51295.0,20208.28,21,15,16554.0,Y,11939.38,current,M,34,HIGH,8.4,10,743.0,1,20.0
6397,16803,20343.0,11925.2,14550.0,14732.5,2802.0,7491.62,17511.0,31.0,7,29,8,4,5,494000,1,1,1.0,1,3786.9,245000.0,36114.0,12299.0,19521.0,37052.33,46.0,3,20990.0,94084.84,44511.56,9,44,33533.0,66939.35,15686.0,10,24,27988.0,Y,514.29,current,F,33,LOW,2.6,10,537.0,1,12.0
6398,478,14271.0,28558.25,31504.0,21403.985,403.56,8534.0,2555.3,8.0,99,3,7,46,79,340000,1,1,1.0,1,1674.4,54388.23,36114.0,3481.0,64097.5,10248.96,42.0,1,39935.0,429171.61,287376.0,0,34,10175.0,26998.54,12350.0,7,104,1325.0,Y,1998.76,saving,M,223,HIGH,162.4,2,883.0,0,19.0
6399,17688,11244.0,1665.0,3879.0,6958.12,6872.0,6424.0,1944.0,9.0,1,2,47,18,11,300000,1,1,1.0,1,970271.35,42723.0,25000.0,0.0,32061.9,72858.0,55.0,1,98991.0,136301.61,32723.0,3,20,61900.0,22516.59,28990.0,3,32,295726.0,Y,5231.49,current,M,32,MEDIUM,12.0,3,647.0,0,17.0
6400,14132,9642.0,19571.52,4667.0,18147.68,2305.0,15238.92,623.0,100.0,71,67,1,4,10,406000,1,1,1.0,1,871.5,24000.0,11545.0,-6301.0,42330.05,20921.0,69.0,7,37331.0,3125.48,21092.0,9,20,39312.0,12244.49,162421.0,3,73,37550.0,Y,591.34,current,M,40,MEDIUM,10.0,2,593.0,1,3.0
6401,5849,12155.0,10347.6,10936.0,6341.0,3460.0,44517.0,16682.93,7.0,10,23,8,1,7,47000,1,1,1.0,1,207979.75,2300000.0,16114.0,553.0,262282.64,41872.0,11.0,1,1378.0,14118.7,43627.0,6,81,42620.0,104747.41,53293.0,8,7,16008.0,Y,159.85,current,M,27,MEDIUM,5.6000000000000005,4,858.0,1,2.0
6402,4903,126778.0,9666.05,1352.0,29909.7,8120.0,6544.5,83247.0,25.0,71,4,18,3,30,466000,1,1,1.0,1,48422.7,342412.0,1209.0,553.0,27541.25,71476.0,8.0,1,280861.0,28487.0,43465.0,70,8,26163.5,71167.39,15149.0,8,18,33630.0,Y,10339.5,current,M,33,MEDIUM,3.9000000000000004,1,809.0,1,7.0
6403,4626,122786.0,23151.14,2564.0,16617.96,8537.77,9874.0,1016.0,14.0,8,20,50,71,30,104000,1,1,1.0,1,1940.45,342412.0,1273.0,-4679.0,222120.83,92906.0,77.0,5,26353.0,37587.04,94.51,2,171,38211.0,29530.56,31520.0,94,120,8548.0,Y,6356.68,saving,M,44,MEDIUM,16.8,3,464.0,1,12.0
6404,5248,17035.0,8405.5,24.0,3121.96,7105.0,3874.5,956.0,1.0,11,13,2,3,11,75000,1,1,1.0,1,199690.5,13299.0,38599.0,-3053.0,55790.77,65535.0,15.0,36,74587.0,117493.92,95819.0,8,4,16145.0,61147.29,9166.0,10,83,18075.0,Y,91.76,current,M,55,MEDIUM,17.5,9,801.0,1,11.0
6405,1462,177558.0,15750.46,8332.0,11835.0,1615.0,2733.83,3771.34,7.0,22,30,53,2,9,25000,1,1,1.0,1,117168.65,2436.91,3975.0,20324.0,25004.92,10862.41,94.0,26,36326.0,42129.54,81744.0,4,59,35037.0,70940.0,29044.0,3,6,21113.0,Y,1442.54,current,M,35,MEDIUM,15.0,8,506.0,0,19.0
6406,777,344702.0,23365.06,703.0,15562.07,11183.0,1165.0,537.0,5.0,5,47,17,9,8,472000,1,1,1.0,1,238733.0,26884.0,25508.0,6441.0,16320.25,43281.0,11.0,1,28666.0,22921.88,90736.0,31,25,42600.0,56832.0,15042.29,19,11,60741.0,Y,1636.88,current,M,55,MEDIUM,3.5,3,372.0,1,19.0
6407,13732,3055.0,5620.31,6820.0,19514.97,2717.0,1121.0,1847.0,17.0,4,46,1,1,91,17000,1,1,1.0,1,130319.0,194099.3,34550.0,-6885.0,111205.28,37052.0,46.0,4,34141.0,29891.75,104118.36,11,11,33898.0,37186.29,192638.35,13,21,17081.0,Y,261.01,current,F,27,MEDIUM,2.1,2,249.0,1,11.0
6408,8154,17015.0,13237.0,11709.44,41314.0,16311.0,2342.0,1140.0,19.0,16,14,3,2,81,750000,1,1,1.0,1,3950.0,78050.0,508.0,-5998.43994,60919.85,36429.0,46.0,26,14454.0,26740.71,241.58,4,38,36777.0,131508.49,74062.0,41,13,13786.81,Y,12780.44,saving,F,40,LOW,20.0,7,866.0,1,15.0
6409,1172,406300.0,12295.92,45777.5,13595.03,6078.7,7243.5,7010.0,12.0,26,5,24,2,5,147000,1,1,1.0,1,41441.27,182359.2,50000.0,1465.0,31768.75,24689.5,90.0,17,22824.0,7151.0,55319.0,11,171,49211.0,40663.4,65306.0,1,96,26748.0,Y,11213.29,current,M,35,LOW,7.5,3,346.0,1,3.0
6410,10450,6362.0,15833.0,10269.0,12828.0,342.0,1659.5,7697.0,6.0,83,135,1,21,41,512000,1,1,1.0,1,496065.0,167870.79,3570.0,13135.0,54506.01,56780.0,46.0,9,22679.0,24859.25,30950.5,6,8,18699.0,59135.04,28303.0,39,3,38279.3,Y,4102.28,current,F,46,MEDIUM,15.600000000000001,5,801.0,0,17.0
6411,12819,3662.0,147636.0,25792.91,76405.21,1622.8,20876.645,1336.92,6.0,10,23,18,27,56,243000,1,1,1.0,1,130319.0,77000.0,1727.0,5773.0,43177.74,70071.0,147.0,3,24850.0,42065.02,44452.0,47,8,23259.0,156740.12,102192.0,7,38,106368.0,Y,780.6,current,F,33,LOW,11.700000000000001,2,723.0,1,13.0
6412,14208,17137.0,13913.25,4226.6,27459.26,1284.0,5439.0,533.0,57.0,13,89,39,5,64,34000,1,1,1.0,1,291969.2,191000.0,36114.0,0.0,30577.25,252.0,3.0,5,90572.0,49416.0,38375.5,11,21,31609.12,62251.45,180013.84,7,0,69145.93,Y,3199.4,current,M,33,MEDIUM,13.0,4,454.0,1,15.0
6413,15025,15366.0,5030.33,1944.0,36559.22,10945.09,224638.0,1050.27,9.0,23,10,2,4,1,524000,1,1,1.0,1,36122.87,25172.0,12000.0,-4679.0,7800.92,22763.0,42.0,13,84386.0,36477.67,53388.0,3,42,132082.0,30238.43,39683.05,7,73,21022.0,Y,3597.0,current,M,62,LOW,37.800000000000004,10,249.0,0,15.0
6414,16847,12193.0,40444.46,411.0,20776.5,2061.68,12773.0,3485.0,8.0,36,7,7,24,79,340000,1,1,1.0,1,48422.7,560000.0,2644.0,-4664.0,39361.17,46935.0,32.0,4,45218.0,49640.13,32541.0,11,8,52500.0,66931.2,60827.0,5,80,21870.0,Y,826.71,current,F,40,MEDIUM,20.0,5,447.0,1,7.0
6415,15817,18824.0,14262.48,1128.0,1221.12,4555.0,709.34,3134.74,57.0,99,61,1,27,10,581000,1,1,1.0,1,47.35,93.35,927.0,6613.0,21032.78,3509.0,24.0,43,27176.0,40370.55,29509.37,43,1,37765.0,20640.0,33591.0,3,83,60151.0,Y,39725.97,current,M,42,LOW,22.0,6,809.0,1,16.0
6416,4582,14117.0,3981.94,608.75,3453.4,6092.0,31474.0,233.0,12.0,50,67,47,3,64,522000,1,1,1.0,1,1112.4,560000.0,2156.0,1332.0,46943.66,29441.0,11.0,1,535000.0,13398.0,57518.5,2,171,28873.0,36488.93,65908.0,47,32,127548.0,Y,6928.95,current,M,66,MEDIUM,9.200000000000001,8,355.0,1,19.0
6417,10837,3489.0,12848.94,2034.0,9518.0,3443.0,307.0,12868.0,10.0,2,4,1,11,13,381000,1,1,1.0,1,1104223.35,36359.0,100000.0,7478.0,28796.0,111203.0,72.0,0,204723.0,19621.76,50085.0,3,81,22746.0,49608.88,159825.35,14,38,39883.0,Y,4430.1,current,M,69,HIGH,44.1,4,867.0,1,20.0
6418,6477,14034.0,8939.36,21328.0,6072.63,3516.0,3751.31,21421.0,2.0,30,47,10,44,2,403000,1,1,1.0,1,39853.9,119898.8,90525.0,5730.0,54804.25,132870.0,69.0,33,15299.0,53371.67,172292.0,70,7,39856.0,10445.36,17447.0,7,3,120211.0,Y,2997.44,current,M,56,MEDIUM,3.6,3,865.0,0,9.0
6419,9474,6639.0,4117.42,2666.95,12638.54,278.44,2642.6,4401.8,136.0,26,13,57,1,4,369000,1,1,1.0,1,885.55,154544.47,4000.0,-5998.43994,90245.43,27460.0,42.0,3,18077.0,34630.29,64994.0,2,29,144960.0,33167.39,69191.43,9,21,22422.0,Y,2603.11,current,M,28,HIGH,4.800000000000001,8,683.0,1,2.0
6420,12197,87336.0,7190.67,3825.0,1296.22,1257.0,7766.9,9270.0,8.0,10,19,22,4,9,100000,1,1,1.0,1,32951.25,195088.0,68000.0,-4324.0,17538.42,41277.31,84.0,19,30056.0,61974.97,49789.0,0,5,6423.0,43534.25,35070.0,3,21,32560.0,Y,11226.55,current,M,47,MEDIUM,21.6,10,866.0,1,10.0
6421,1115,13115.0,1312.92,4846.89,53998.38,7331.0,12977.31,6949.0,6.0,7,44,4,1,12,44000,1,1,1.0,1,2.13,63000.0,33330.0,8572.0,6550.47,115525.0,77.0,0,49385.0,36188.75,10550.0,6,70,11392.0,2633.19,57115.0,14,80,52900.0,Y,164.13,current,M,58,MEDIUM,11.4,3,966.0,0,5.0
6422,15246,12327.0,4093.52,1370.25,9492.31,1265.63,1666.15,3535.0,1.0,3,23,1,9,4,338000,1,1,1.0,1,41441.27,3084.5,3975.0,9827.0,67444.88,55909.62,40.0,1,16845.0,36150.29,50831.0,3,82,52971.0,26096.2,91970.0,5,36,162271.0,Y,1629.71,current,F,55,HIGH,17.5,9,750.0,1,8.0
6423,7058,19901.0,783.75,3946.0,64275.23,5553.0,4089.39,11506.0,1.0,10,71,2,2,41,114000,1,1,1.0,1,937.0,234459.4,100000.0,4314.0,18301.92,47547.0,87.0,5,10799.0,137306.34,8113.0,50,81,25276.0,39377.72,251362.85,16,38,101458.09,Y,171.2,current,M,33,LOW,10.4,4,653.0,1,11.0
6424,8181,331970.0,40640.9,6007.79,19260.9,4647.0,16460.8,3718.67,10.0,36,71,2,1,17,1000000,1,1,1.0,1,2173459.0,51445.0,492.0,1500.0,26582.75,37114.0,59.0,0,19632.0,75797.45,123499.38,5,5,81000.0,66942.72,158088.56,3,20,20937.0,Y,8971.96,saving,M,39,MEDIUM,17.1,1,488.0,0,14.0
6425,10819,9629.0,8407.88,4330.0,33662.78,1871.0,1268.19,290.0,100.0,22,1,21,2,1,75000,1,1,1.0,1,65640.0,29479.0,1526.0,7478.0,58741.08,10077.0,16.0,26,25538.0,32075.95,101633.0,31,171,54654.0,55014.73,11227.0,5,22,174400.0,Y,13389.77,current,M,118,MEDIUM,9.8,2,249.0,1,6.0
6426,18861,19005.0,7952.79,276.25,8705.0,3516.03,110644.0,1048.66,7.0,1,7,1,4,68,78000,1,1,1.0,1,360978.37,15000.0,639.0,20324.0,179819.25,81217.0,9.0,0,58281.0,95508.43,38723.0,5,42,20642.0,278997.73,54962.76,6,104,35325.0,Y,35712.78,current,F,37,LOW,17.0,4,864.0,0,9.0
6427,17604,16780.0,3153.0,4608.64,11979.0,11209.0,9772.5,5498.0,10.0,10,44,3,27,1,522000,1,1,1.0,1,396036.49,376694.91,25508.0,5340.0,108579.38,19956.0,18.0,3,20482.0,175123.95,102831.0,3,9,19644.0,49969.82,143286.0,7,120,12841.0,Y,27572.89,current,F,47,HIGH,10.8,9,628.0,0,7.0
6428,5199,287606.0,4619.02,4843.0,1131.95,1159.96,11418.63,935.0,531.0,84,71,15,44,53,184000,1,1,1.0,1,95.0,1038364.76,130000.0,12415.0,39227.64,43885.0,40.0,1,43960.0,10099.63,37705.0,30,6,25197.0,197191.0,194970.0,6,9,26252.0,Y,12583.22,current,F,47,LOW,18.900000000000002,2,805.0,1,17.0
6429,1735,15561.0,1845.68,232.6,21012.21,447.0,10934.42,184.0,104.0,3,4,7,2,81,359000,1,1,1.0,1,192478.0,71944.5,1611.0,5730.0,102902.94,17062.0,95.0,1,20343.68,12216.0,169313.91,2,9,30902.0,14474.4,26433.0,2,63,32648.0,Y,41991.03,current,M,37,LOW,10.200000000000001,2,723.0,0,17.0
6430,14746,173998.0,9256.0,16453.77,6717.42,4536.0,5704.0,1715.23,80.0,77,35,3,3,68,472000,1,1,1.0,1,32951.25,273221.0,25000.0,1411.0,190.0,13561.0,3.0,30,17262.0,64586.94,3934262.0,43,20,55821.0,44337.0,61840.0,6,83,28633.0,Y,6121.8,current,M,40,MEDIUM,14.0,4,269.0,0,5.0
6431,14761,1959.0,86837.35,876.32,13718.62,2132.86,28683.0,30830.69,2.0,7,9,48,9,1,575000,1,1,1.0,1,306961.5,22400.0,300500.0,20324.0,22540.13,137514.0,10.0,4,19917.0,99834.37,50047.0,70,20,22547.0,29931.41,1143826.64,3,12,30139.0,Y,1717.97,current,M,30,MEDIUM,1.0,7,593.0,1,15.0
6432,19357,2700.0,11712.0,597.01,3701.62,296.0,6806.425,4618.0,4.0,18,5,2,4,58,371000,1,1,1.0,1,55458.53,10903.0,49975.0,1500.0,91078.0,82254.0,8.0,1,11474.0,124864.26,24801.0,6,29,32831.0,29136.0,77694.0,49,32,23281.0,Y,10019.66,current,M,30,HIGH,8.0,7,466.0,1,9.0
6433,5485,4654.0,3423.85,364.0,43678.27,2053.89,4821.6,1022.0,44.0,3,29,5,3,1,525000,1,1,1.0,1,1112.4,2300000.0,500.0,-5439.0,38953.92,22002.0,6.0,0,36670.0,57494.44,147363.0,2,17,107820.13,29440.84,40527.79,6,52,33411.0,Y,54.38,current,M,55,MEDIUM,31.5,10,269.0,1,9.0
6434,12088,19377.0,41899.06,35971.0,5046.05,875.0,5703.215,1882.0,2.0,3,13,4,18,1,156000,1,1,1.0,1,25506.67,10701.0,50000.0,-5715.49022999999,65541.75,20041.0,11.0,23,23519.0,25253.69,154111.0,1,4,292594.0,191223.41,16480.5,2,12,16000.0,Y,3360.81,current,M,33,MEDIUM,6.5,4,424.0,1,11.0
6435,11896,3094.0,9006.0,13892.59,7557.14,8168.73,18822.25,2935.0,531.0,43,13,1,44,6,410000,1,1,1.0,1,19866.0,93.35,33330.0,-5439.0,10279.0,56972.0,55.0,13,14374.0,47410.0,62347.74,3,12,50340.0,49826.75,29545.28,14,12,36640.0,Y,3367.12,current,M,55,MEDIUM,10.5,5,685.0,1,11.0
6436,12799,403922.0,1997.47,5146.0,27846.94,5364.85,804.0,1572.0,10.0,61,29,48,55,42,402000,1,1,1.0,1,55700.0,141473.07,925.0,-5998.43994,40254.47,58282.0,5.0,26,54970.0,37596.36,29436.0,2,4,46171.0,67068.97,372302.8,21,83,19196.0,Y,590.02,current,F,32,MEDIUM,3.6,2,372.0,0,2.0
6437,5794,4367.0,7934.61,6931.52,2066.52,4719.0,5979.0,4516.0,6.0,3,29,1,9,81,19000,1,1,1.0,1,811000.0,186474.96,130000.0,2921.0,351697.15,39348.0,39.0,13,15083.0,37053.43,57773.86,11,50,141361.0,37230.29,33787.0,14,12,27773.0,Y,208.11,current,M,28,MEDIUM,5.6000000000000005,4,638.0,0,9.0
6438,8084,11913.0,44016.47,9277.44,5587.56,7428.0,5340.5,4985.0,1.0,601,50,50,1,91,0,1,1,1.0,1,5045.13,730000.0,300500.0,5730.0,164183.7,37872.0,10.0,1,11575.0,37182.0,17664.0,2,34,74900.0,36471.0,188937.96,3,3,58203.0,Y,2337.88,current,M,219,MEDIUM,59.7,7,299.0,0,3.0
6439,5087,20348.0,51460.19,5306.39,18297.99,26290.0,4804.9,835.0,5.0,2,89,1,2,1,66000,1,1,1.0,1,3967.5,132324.01,300500.0,977.0,132181.02,22583.0,29.0,4,13258.0,1985.0,55638.04,23,20,40116.0,19457.35,22316.0,4,11,12778.0,Y,6011.95,current,M,63,HIGH,4.3,6,633.0,0,18.0
6440,15945,26892.0,17487.0,1559.0,18769.0,4593.0,3248.0,3327.0,57.0,10,59,47,1,1,98000,1,1,1.0,1,384550.05,100000.0,230000.0,2921.0,33976.96,30100.0,147.0,4,6820.0,31992.5,42989.49,3,78,55308.0,6502.0,118910.0,7,13,1613.0,Y,263.31,current,M,44,LOW,21.6,7,566.0,1,3.0
6441,10823,13560.0,3287.46,4369.0,15073.66,4062.5,27643.0,1370.0,8.0,83,17,1,3,68,50900,1,1,1.0,1,20747.5,429273.4,694.0,20324.0,99504.54,62218.0,6.0,0,15428.0,26470.66,57773.86,43,59,244809.0,59153.56,55000.25,13,38,24993.0,Y,7542.51,current,M,53,MEDIUM,9.9,9,860.0,1,4.0
6442,11204,19933.0,1200.54,971.0,6308.15,2568.22,6967.5,1248.0,6.0,128,29,48,1,41,232000,1,1,1.0,1,156875.0,20077.53,49000.0,3481.0,142487.0,77787.22,5.0,29,31325.0,12584.05,35166.0,3,108,45447.0,9377.0,101632.0,13,7,68116.0,Y,5708.13,current,M,47,MEDIUM,8.1,2,723.0,0,8.0
6443,8380,7089.0,1591.98,782.0,4570.5,290.0,14923.05,3384.41,7.0,3,105,25,1,47,40000,1,1,1.0,1,137260.8,100273.0,73217.0,-6301.0,63137.01,42361.0,4.0,19,25155.0,30724.23,66272.0,3,8,145030.0,37493.81,65512.0,21,11,41712.0,Y,2010.71,current,F,33,MEDIUM,13.0,4,394.0,1,7.0
6444,14741,113826.0,18166.47,597.01,7475.33,5653.0,10829.4,11767.49,4.0,11,44,8,20,6,421000,1,1,1.0,1,32200.0,10767.53,1515.0,12415.0,55967.16,52649.0,11.0,2,35130.0,13681.39,70191.0,4,25,72000.0,21480.71,98248.28,16,54,382155.0,Y,402.19,current,M,40,LOW,20.0,10,331.0,1,8.0
6445,6609,288082.0,18420.83,14625.5,34996.87,5467.0,8517.0,614.0,2.0,84,3,12,14,1,296000,1,1,1.0,1,39851.93,730000.0,148474.0,553.0,14033.0,22655.0,42.0,35,60759.0,211117.5,66592.0,1,6,22340.0,28051.0,24198.0,4,50,32089.0,Y,2376.0,current,M,60,MEDIUM,20.0,8,331.0,0,4.0
6446,3870,1394.0,4968.17,534.13,3866.64,913.4,8566.71,11533.5,3.0,29,10,39,71,2,408000,1,1,1.0,1,42460.6091,108788.0,50000.0,1444.0,51102.0,110692.0,11.0,0,270481.0,81165.51,18746.0,1,13,39278.0,1162.0,144132.0,1,32,1747.0,Y,8255.71,current,M,42,MEDIUM,15.4,10,700.0,0,12.0
6447,5311,16775.0,35371.1,4827.0,58657.55,4118.0,1590.52,1660.0,4.0,84,16,7,3,17,27000,1,1,1.0,1,1220.0,159415.3,56305.0,5730.0,67913.63,66352.0,36.0,3,20171.0,74019.37,71667.0,5,4,23406.0,25114.75,21819.92,22,7,79464.0,Y,1101.37,current,M,28,MEDIUM,4.800000000000001,1,867.0,1,10.0
6448,6344,16426.0,3028.47,2805.37,18583.54,7761.93,11393.0,25239.0,2.0,18,10,50,11,10,134000,1,1,1.0,1,45000.0,95199.02,48950.0,12415.0,61911.0,85967.0,12.0,2,26179.0,53325.63,67486.0,1,8,36128.71,90979.76,20683.0,6,113,9447.0,Y,172.29,current,M,64,MEDIUM,30.8,2,354.0,0,3.0
6449,4428,19045.0,20672.47,2140.0,23010.0,733.0,25829.0,5242.0,4.0,71,17,30,8,68,329000,1,1,1.0,1,22086.05,67555.67,56305.0,0.0,39917.0,151397.0,4.0,3,62470.0,16684.75,46963.0,6,4,35914.0,11299.44,267.0,9,18,31020.0,Y,4149.23,current,M,40,LOW,14.0,8,771.0,1,11.0
6450,17269,5010.0,58824.0,1419.37,28109.25,12684.0,41743.0,3075.52,4.0,16,44,1,44,11,170000,1,1,1.0,1,83400.3,1425000.0,583.0,5773.0,30218.0,82311.0,29.0,3,43117.0,301121.78,29791.0,35,5,27645.0,12407.53,47820.0,39,113,134946.0,Y,13298.25,saving,M,53,MEDIUM,29.700000000000003,4,858.0,1,8.0
6451,18221,7858.0,10784.65,994.2,21287.66,2365.0,22419.84,481.0,7.0,26,14,8,21,26,429000,1,1,1.0,1,10006.2,1425000.0,49975.0,6613.0,24386.0,28174.91,46.0,1,42384.0,36865.75,6592.0,4,30,64500.0,108623.0,15744.16,16,67,30685.0,Y,2574.92,current,M,42,HIGH,17.6,9,366.0,1,12.0
6452,13498,4894.0,4797.23,719.01,5003.0,436.0,1206.0,197.0,3.0,26,5,4,3,41,225000,1,1,1.0,1,48675.31,785115.94,14904.0,20324.0,33738.56,45531.0,16.0,6,125057.0,116242.63,11094.0,6,50,93811.0,41689.24,17583.0,2,7,17948.0,Y,31478.65,current,M,62,MEDIUM,33.6,6,748.0,1,19.0
6453,12590,1853.0,7934.61,1685.0,2674.0,467.49,8465.485,26624.0,136.0,84,14,1,24,2,28000,1,1,1.0,1,4941.45,2436.91,639.0,3897.0,14445.56,24151.0,79.0,26,31711.0,181891.31,78174.88,2,171,19766.0,37106.97,121306.0,2,11,49.29,Y,6840.38,current,M,66,HIGH,9.200000000000001,7,574.0,1,6.0
6454,2222,14516.0,9746.0,10430.45,10071.0,2243.3,6468.59,11821.0,26.0,15,85,1,3,56,845000,1,1,1.0,1,115.45,992890.32,56305.0,-4679.0,164845.02,36724.0,20.0,7,65366.0,20323.0,30462.0,1,50,50553.0,7364.0,90434.63,49,24,397.0,Y,8347.42,current,M,37,LOW,13.600000000000001,5,448.0,1,6.0
6455,4692,18335.0,5241.76,411.0,8224.0,4376.0,6634.0,4204.0,6.0,11,72,7,11,30,326000,1,1,1.0,1,39851.93,96096.0,96558.0,2921.0,18229.0,50032.0,3.0,3,28344.0,42835.49,19768.0,2,16,27022.0,66188.0,139788.5,21,12,39940.0,Y,1555.48,current,M,35,HIGH,10.5,8,914.0,1,10.0
6456,7386,1879.0,2822.0,1719.0,6132.65,5478.56,5014.49,12686.0,43.0,31,67,2,3,20,300000,1,1,1.0,1,31324.0,31871.49,925.0,173.0,29195.97,250986.0,10.0,26,40018.0,26746.5,15638.93,2,24,12767.0,29399.75,44709.0,94,104,26095.0,Y,8291.21,current,M,118,MEDIUM,58.800000000000004,1,233.0,1,2.0
6457,4964,304418.0,31213.03,2317.14,8134.0,2771.99,3004.52,2358.67,32.0,77,102,3,3,56,199999,1,1,1.0,1,89104.12,347.19,527.0,903.0,38033.0,88494.0,17.0,4,32845.0,10855.66,22594.0,35,17,28127.16,17988.48,94314.0,2,103,20433.0,Y,10870.72,current,M,30,MEDIUM,8.0,8,259.0,0,19.0
6458,17283,109495.0,34530.74,1128.0,24113.67,6036.64,33848.79,12824.0,66.0,43,50,44,1,10,164000,1,1,1.0,1,199690.5,278360.16,12000.0,1931.0,94321.83,97312.4,24.0,36,3380.0,24928.73,66879.0,2,75,12977.0,31108.88,703491.0,9,61,29482.0,Y,2793.56,saving,F,34,LOW,5.6000000000000005,10,259.0,0,6.0
6459,16812,101736.0,9925.24,2440.85,6543.76,7322.0,71597.36,10162.79,60.0,29,59,1,46,47,362000,1,1,1.0,1,3380.0,108486.0,67696.0,1500.0,32039.18,29193.38,16.0,23,9643.34,306402.27,86369.5,47,50,101174.0,28891.62,776018.04,3,79,37066.0,Y,12780.44,current,M,62,LOW,16.8,3,640.0,1,16.0
6460,17552,290176.0,313.0,3908.94,807.03,1398.03,33448.0,1870.0,15.0,3,38,4,55,98,147000,1,1,1.0,1,48675.31,355000.0,618.0,-6885.0,52481.0,6056.0,70.0,30,40484.0,48377.0,151641.5,3,5,58897.0,71167.39,39380.0,6,61,15088.0,Y,24296.77,current,M,49,MEDIUM,29.0,6,233.0,1,18.0
6461,10846,3438.0,22370.11,14853.0,28109.25,25779.0,3310.0,7357.0,26.0,56,49,42,12,98,10000,1,1,1.0,1,117680.0,2625.16,927.0,-5998.43994,46553.45,127280.0,11.0,4,17898.32,29983.47,52521.21,50,12,126981.0,9820.0,45693.0,2,32,10510.0,Y,1434.53,current,M,44,LOW,7.2,4,233.0,1,17.0
6462,1809,3558.0,2428.81,7630.48,13268.22,11448.52,2263.0,88567.97,44.0,65,38,48,56,56,352000,1,1,1.0,1,28844.0,70164.0,30040.0,0.0,13241.0,2216.0,94.0,3,25223.0,19321.26,17768.0,17,82,40752.0,55396.25,14161.0,7,39,37066.0,Y,3356.76,saving,M,37,MEDIUM,3.4000000000000004,8,506.0,1,19.0
6463,15565,138166.0,15722.12,3304.11,1024.0,9541.0,2719.0,1086.4,25.0,5,70,4,9,80,720000,1,1,1.0,1,53374.97,67555.67,90525.0,6916.0,36167.79,39136.0,42.0,1,54975.0,38738.03,17266.0,4,63,43436.0,67702.04,9977.0,2,18,7638.0,Y,9515.39,current,M,55,MEDIUM,21.0,7,911.0,1,14.0
6464,17893,448.0,13197.13,6243.02,1778.66,2739.34,14200.91,1798.19,7.0,66,44,2,12,26,337000,1,1,1.0,1,41883.6,158000.0,1266.0,1411.0,50710.71,31617.0,29.0,5,14950.0,14300.0,69218.0,3,81,13736.0,8681.97,62708.0,3,57,45912.0,Y,1943.33,current,M,40,HIGH,10.0,5,710.0,1,4.0
6465,6086,16683.0,11633.5,21328.0,2199.39,14033.05,19109.0,2488.0,7.0,4,44,18,3,22,313000,1,1,1.0,1,88.0,202560.0,643.0,0.0,19827.5,22985.0,84.0,1,41531.0,62332.81,54549.0,2,171,121989.0,80896.22,22316.0,6,52,1275.0,Y,1852.58,saving,M,53,MEDIUM,9.9,7,269.0,1,20.0
6466,14117,7949.0,3006.5,1389.74,1619.0,11468.0,2478.22,9704.0,60.0,32,47,3,3,1,300000,1,1,1.0,1,39851.93,25000.0,105000.0,977.0,85179.99,55427.0,39.0,3,67140.0,50977.8,104066.0,43,25,16993.0,20972.88,82424.0,4,52,27425.0,Y,4424.79,current,M,33,MEDIUM,10.4,7,723.0,1,15.0
6467,14274,1001.0,49623.77,25546.8,6446.92,2061.0,2064.02,1646.0,2.0,8,35,1,1,98,84000,1,1,1.0,1,1910215.0,30453.0,12016.0,12415.0,56524.0,45512.0,11.0,15,38845.0,41934.29,28699.0,2,12,63302.0,28584.0,75105.0,21,76,20488.0,Y,1065.48,current,M,42,MEDIUM,15.4,3,796.0,0,20.0
6468,7858,1153.0,4032.44,1491.79,11053.65,23554.0,2833.6,4462.0,92.0,30,13,18,2,79,172000,1,1,1.0,1,123295.4,251131.79,12000.0,6885.0,30335.25,29729.0,0.0,36,55600.0,74486.31,260240.0,7,20,116000.0,68635.72,47734.0,3,6,62364.24,Y,6964.2,saving,F,39,MEDIUM,11.4,4,268.0,1,19.0
6469,15724,6937.0,27567.17,2407.6,2413.63,22260.0,841.88,226.0,6.0,8,70,1,1,62,294000,1,1,1.0,1,51291.45,60000.0,50000.0,-4679.0,142457.45,52198.0,24.0,43,6895.0,146993.28,38932.0,43,38,13069.0,51090.22,60955.81,12,103,34154.0,Y,3654.34,current,M,58,MEDIUM,19.0,4,743.0,1,6.0
6470,16629,9744.0,3824.47,28035.0,3231.71,927.42,53671.0,546.0,63.0,2,4,3,3,12,586000,1,1,1.0,1,47024.8,278360.16,78309.0,4150.0,71638.85,37973.0,10.0,3,44354.0,47813.83,24133.0,2,2,29941.0,6707.78,22499.0,5,7,39834.0,Y,1644.59,current,M,33,LOW,10.4,7,536.0,1,18.0
6471,17969,248688.0,17852.0,1100.0,10887.93,1535.5,2916.175,6509.0,19.0,84,13,48,44,4,75000,1,1,1.0,1,233727.15,25404.0,1255.0,-4679.0,43283.08,35548.5,24.0,6,26367.0,61579.33,72330.58,0,8,65476.0,51799.75,62330.0,1,104,387883.0,Y,3503.67,current,M,29,MEDIUM,1.8,3,737.0,0,4.0
6472,9165,1069.0,911.0,11335.3,1712.29,173.55,1005.425,4950.0,57.0,5,16,21,38,31,212500,1,1,1.0,1,21220.0,440000.0,49975.0,3735.0,41395.0,72678.0,20.0,2,40886.0,32619.27,28134.0,6,82,23719.0,88470.61,105569.0,94,61,27819.0,Y,2583.17,saving,M,29,LOW,8.1,10,447.0,0,14.0
6473,15336,1344.0,5937.39,8591.0,1677.0,18445.29,3487.6,1106.94,1.0,11,10,44,2,1,256000,1,1,1.0,1,443.36,10701.0,6100.0,5730.0,64904.66,17796.0,70.0,35,43855.0,16435.36,88209.0,70,38,142276.0,59710.03,31240.0,3,83,33868.0,Y,10731.63,current,M,55,MEDIUM,35.0,3,267.0,0,5.0
6474,12247,8793.0,3329.0,1254.0,448.0,2018.0,1476.75,70092.0,531.0,3,74,3,1,1,350000,1,1,1.0,1,158135.2,440000.0,728.0,-5998.43994,117809.6,58209.0,63.0,5,17900.0,22154.42,229072.5,3,86,11374.0,207560.63,4450.0,21,80,11330.0,Y,13171.15,current,M,30,MEDIUM,7.0,10,866.0,1,8.0
6475,10923,18147.0,1499.5,2621.0,522.54,6946.0,7328.18,8617.0,2.0,8,112,57,51,68,25000,1,1,1.0,1,52209.5,50034.93,1135.0,1411.0,230297.79,30788.0,4.0,4,45840.0,26055.38,117174.0,23,17,11422.0,599.81,135065.0,12,52,106283.0,Y,2335.07,current,M,67,MEDIUM,47.0,8,516.0,1,7.0
6476,7603,261.0,10727.47,1447.0,3238.67,383.0,1995.03,3863.0,7.0,7,5,11,3,4,784000,1,1,1.0,1,825.0,280000.0,130000.0,-6301.0,36478.96,542143.65,11.0,36,17484.0,24740.76,49410.37,6,26,99.87,105370.76,63582.0,6,96,9817.0,Y,19691.69,current,M,60,MEDIUM,40.0,7,685.0,1,20.0
6477,10407,106953.0,4932.21,4667.0,80169.0,978.77,13231.0,2195.0,15.0,11,50,1,2,1,267000,1,1,1.0,1,138129.4,49000.0,48950.0,-4679.0,76551.47,198745.0,90.0,19,18808.0,96105.26,406562.35,4,23,12330.0,11434.75,83337.5,22,18,10828.0,Y,366.78,current,M,32,MEDIUM,9.600000000000001,5,958.0,1,19.0
6478,18810,154.0,66383.94,2708.87,11960.12,6612.4,32755.0,2478.0,2.0,30,35,24,2,4,784000,1,1,1.0,1,137260.8,101.24,22000.0,-6301.0,44160.33,51637.0,46.0,31,41699.0,39708.12,103436.0,1,14,109767.0,4197.0,223277.0,3,32,14405.0,Y,4639.08,current,M,60,MEDIUM,16.0,3,519.0,0,3.0
6479,7619,306785.0,2048.0,4511.29,5391.0,302.0,100334.51,3184.0,531.0,77,19,24,38,1,650000,1,1,1.0,1,526.25,2436.91,462.0,-4324.0,56100.43,19060.0,147.0,5,21086.0,16602.0,15586.4,45,7,60452.0,63577.6,77015.0,2,24,112500.0,Y,7337.4,current,M,35,MEDIUM,9.0,4,299.0,0,2.0
6480,19198,18327.0,24057.66,18318.0,4075.5,22262.63,7150.0,1955.52,14.0,99,2,2,7,34,518000,1,1,1.0,1,9717.55,21577.06,130000.0,6613.0,39117.3,42162.0,62.0,1,101397.0,42881.39,76039.0,1,171,24961.0,3444.06,9395.01,2,6,22899.0,Y,525.77,current,F,55,MEDIUM,3.5,4,799.0,1,13.0
6481,2690,1392.0,11240.44,3009.0,1208.81,9882.2,60544.535,14810.14,12.0,81,48,1,6,67,49999,1,1,1.0,1,48675.31,674291.83,78309.0,-6335.0,139852.04,25566.0,40.0,6,45786.0,37491.0,689780.0,2,8,24347.76,72484.62,59458.93,6,8,40048.0,Y,4961.08,current,M,38,MEDIUM,3.6,7,855.0,1,17.0
6482,11619,6755.0,3995.03,376.0,35412.2,1421.93,20570.0,664.45,20.0,5,50,42,9,1,68000,1,1,1.0,1,24832.0,12971.0,50000.0,-5998.43994,47077.13,54673.0,11.0,1,17600.0,52218.0,52780.29,6,34,82857.0,311541.49,152609.0,21,21,22720.0,Y,9667.32,current,M,55,MEDIUM,31.5,8,249.0,0,5.0
6483,7283,290267.0,6423.32,5562.0,5167.71,1177.01,1975.5,1189.12,531.0,43,35,25,3,47,298000,1,1,1.0,1,13732.93,232524.0,3975.0,0.0,32176.24,45581.0,20.0,3,176800.0,35160.67,24817.0,6,12,19150.0,29071.76,117859.6,3,83,81162.0,Y,14040.25,saving,F,44,MEDIUM,14.4,1,866.0,1,18.0
6484,2996,123100.0,1403.68,97164.0,234679.55,5560.0,5549.0,6458.0,8.0,71,7,8,4,1,47000,1,1,1.0,1,5809950.0,165970.9,230000.0,5439.0,130814.98,50032.0,42.0,36,166524.0,51851.87,35558.0,1,50,20726.0,45880.25,39127.0,117,11,34523.0,Y,1592.35,current,M,30,MEDIUM,9.0,7,698.0,1,14.0
6485,327,18450.0,1452.0,13112.14,4181.7,4156.0,23113.04,17939.52,9.0,6,50,42,1,8,98000,1,1,1.0,1,39851.93,6574.31,23500.0,5730.0,183060.19,48521.0,3.0,0,47279.0,6437.16,80299.6,4,36,28637.0,10054.94,198640.0,5,0,21898.0,Y,24140.92,current,M,30,MEDIUM,3.0,10,424.0,1,16.0
6486,8004,8875.0,3133.15,7716.0,11329.09,4326.0,40696.38,389.0,9.0,128,35,8,15,34,359000,1,1,1.0,1,127004.3,141473.07,925.0,0.0,42921.1,84880.0,40.0,9,19417.0,276041.5,73904.0,3,24,24734.0,265417.72,24190.0,4,73,41514.0,Y,4749.57,current,F,56,MEDIUM,3.6,4,921.0,1,17.0
6487,1789,1702.0,2348.16,19624.8,4034.48,1596.0,19199.0,522.0,8.0,8,50,4,2,64,232000,1,1,1.0,1,63247.65,14000.0,15477.0,6885.0,59731.8,20192.0,18.0,11,44100.0,14473.85,16335.0,6,26,32550.0,28477.19,37065.0,13,25,24191.0,Y,3146.91,current,M,220,LOW,160.0,8,518.0,1,2.0
6488,12433,19569.0,1687.88,2280.0,5817.68,11846.74,6125.66,864.0,1.0,10,35,3,1,4,192000,1,1,1.0,1,9784.1,1475000.0,300500.0,3735.0,32663.75,28578.0,37.0,0,469.0,144356.27,102115.0,1,13,29862.0,79498.14,31325.46,3,63,57600.0,Y,30340.33,current,M,34,HIGH,14.0,6,506.0,1,17.0
6489,9696,3746.0,11069.47,423.0,27131.0,2771.99,5123.0,2270.0,14.0,30,47,10,9,9,67000,1,1,1.0,1,30895.44,202560.0,30000.0,173.0,28298.97,13436.0,36.0,6,28250.0,18605.0,4045.73,1,5,32226.0,122408.13,174138.0,2,103,27047.0,Y,30892.59,saving,M,42,MEDIUM,2.2,4,249.0,1,17.0
6490,8862,16148.0,8079.61,10279.0,5724.46,8785.92,44141.32,2860.0,19.0,2,50,5,5,11,100000,1,1,1.0,1,48675.31,109000.0,539.0,6885.0,77121.99,58105.87,11.0,1,14594.0,53695.62,82.5,8,50,43775.0,57486.84,91090.5,6,11,173252.0,Y,24040.56,current,F,47,LOW,10.8,8,799.0,1,4.0
6491,16868,14231.0,1368.0,38221.57,3518.96,7104.55,22342.8,22244.0,2.0,66,4,22,27,47,423000,1,1,1.0,1,13732.93,25404.0,126001.0,7478.0,2449.0,85202.5,42.0,2,21067.0,5897.31,8182.0,9,75,78620.2,150956.0,649.0,9,83,36978.0,Y,7812.33,current,M,32,LOW,1.2000000000000002,9,248.0,1,13.0
6492,19235,8054.0,1899.38,632.46,14480.95,124.0,26380.0,2727.0,56.0,22,5,1,3,2,431000,1,1,1.0,1,347309.75,429273.4,155205.0,844.0,37098.38,1149.0,46.0,4,28097.0,2923.0,99077.0,43,82,16378.71,4894.93,60373.36,6,35,47400.0,Y,10040.73,current,M,47,MEDIUM,8.1,8,802.0,1,12.0
6493,16751,27540.0,24737.1,1425.0,61412.0,7295.0,1929.38,9488.52,1.0,14,50,3,15,26,100000,1,1,1.0,1,173732.5,11000.0,19081.0,-4664.0,37894.25,38742.0,90.0,7,40757.0,10725.5,1675.75,3,7,27768.0,22616.5,46049.0,10,73,117588.0,Y,7457.74,current,M,53,MEDIUM,16.5,9,957.0,0,15.0
6494,13025,12218.0,33572.01,510.0,3756.0,888.0,10546.0,641.0,6.0,47,14,47,17,68,119000,1,1,1.0,1,123295.4,253000.0,825.0,5464.0,67770.9,15729.0,72.0,19,32927.0,396384.63,382738.0,5,38,13184.0,19004.0,46195.0,3,73,19351.09,Y,1320.12,current,M,62,LOW,25.200000000000003,7,626.0,0,9.0
6495,5315,9714.0,18686.92,3184.0,9431.0,10317.0,9799.52,3488.1,29.0,85,49,22,4,8,34000,1,1,1.0,1,1105487.1,195088.0,96558.0,-4664.0,38018.04,73600.67,36.0,2,33233.0,24385.25,593741.0,3,13,55141.0,2008.0,47030.0,58,67,536.0,Y,6878.83,current,M,31,MEDIUM,4.4,9,945.0,0,9.0
6496,4795,14982.0,80219.04,2730.0,56100.0,2930.68,2156.0,10063.0,5.0,11,74,2,15,3,300000,1,1,1.0,1,386666.75,200015.58,12000.0,3735.0,256706.84,49533.0,4.0,36,19450.0,14344.42,37267.0,50,2,30672.0,146466.84,445.64,3,18,170859.0,Y,3266.02,current,M,35,LOW,12.0,10,535.0,0,15.0
6497,781,11381.0,23763.74,5036.1,31559.07,951.0,26440.4,2729.0,66.0,77,6,3,7,79,595000,1,1,1.0,1,89908.8,242827.0,1052.0,173.0,57617.05,19025.0,11.0,2,83312.0,8579.0,540922.0,5,2,8175.0,88315.7,132171.0,4,12,15124.0,Y,3917.78,current,M,47,MEDIUM,18.900000000000002,5,864.0,1,4.0
6498,5922,18339.0,2292.5,10291.4,14933.61,12423.0,11817.0,3469.0,19.0,37,4,20,18,56,192000,1,1,1.0,1,1665.0,2436.91,711.0,1411.0,39363.38,31733.0,82.0,13,50161.0,22289.0,78997.0,50,12,12120.2,27660.48,136081.0,21,11,70575.0,Y,3063.69,current,M,62,HIGH,29.400000000000002,10,254.0,1,5.0
6499,2749,289228.0,7026.22,631.0,6166.01,15568.0,1108.0,1361.1,66.0,22,4,4,12,5,245000,1,1,1.0,1,291969.2,97523.61,4699.0,-6281.37987999999,54202.25,356359.13,16.0,5,28656.0,11500.61,87605.0,7,46,99306.0,161687.0,39762.0,2,100,15692.0,Y,13356.99,saving,M,33,MEDIUM,2.6,9,653.0,1,6.0
6500,9208,14552.0,7675.76,3056.0,9775.0,1332.0,5334.42,4289.48,8.0,19,74,11,60,13,581000,1,1,1.0,1,6440.0,141473.07,2156.0,20513.0,69256.35,24250.0,69.0,2,35924.0,22921.88,365066.5,30,108,8925.0,53197.5,11833.0,49,113,14906.0,Y,3503.67,current,M,53,MEDIUM,16.5,5,516.0,1,8.0
6501,5372,12526.0,13784.23,612.0,72161.18,2286.45,1381.5,7240.0,57.0,71,70,4,6,1,84000,1,1,1.0,1,148705.0,273221.0,130000.0,-5998.43994,3997.0,27355.5,42.0,4,14520.36,97153.3,67535.0,0,59,30962.0,152825.19,23987.5,47,11,31900.0,Y,3071.67,saving,F,38,MEDIUM,16.2,2,863.0,1,3.0
6502,16581,6849.0,77923.2,2849.4,12373.28,1860.0,13321.9,11821.0,1.0,10,7,39,31,80,408000,1,1,1.0,1,58121.25,470000.0,20000.0,16455.0,134014.01,133643.0,4.0,1,31008.0,24256.0,80897.0,7,20,32478.0,96396.05,89363.28,94,49,44122.0,Y,4961.65,current,M,37,LOW,1.7000000000000002,7,708.0,1,19.0
6503,816,12841.0,3905.5,1119.44,23324.0,7273.0,9064.78,7525.0,1.0,1,6,10,3,56,371000,1,1,1.0,1,720551.4,16363.0,33330.0,903.0,74860.19,46259.0,95.0,35,348511.0,11527.5,48472.0,2,11,16477.0,38742.99,60923.0,3,17,44122.0,Y,118315.93,current,M,32,MEDIUM,10.8,3,575.0,0,11.0
6504,1706,4886.0,18352.0,321.23,1207.83,4286.0,12552.85,2756.02,6.0,11,84,6,1,13,352000,1,1,1.0,1,57395.5,24000.0,96497.0,-402.0,80171.3,30248.0,55.0,2,200005.0,63780.3,63077.16,2,82,14346.48,54673.41,4021.0,7,50,33903.0,Y,5876.8,current,M,30,MEDIUM,8.0,4,748.0,1,3.0
6505,2344,7673.0,4469.5,717.0,680.0,2214.44,11954.5,4598.0,63.0,66,50,2,2,64,408000,1,1,1.0,1,8556.25,176487.6,25849.0,12415.0,35040.28,235.77,11.0,2,41100.0,13200.5,172140.91,3,8,89562.0,41845.65,20783.0,5,0,46548.0,Y,1311.11,current,M,42,LOW,2.2,2,254.0,1,14.0
6506,2064,2830.0,4279.21,900.0,38868.48,1524.6,1500.0,3561.0,44.0,1,5,41,5,67,525000,1,1,1.0,1,942327.7,143000.0,583.0,-4664.0,24659.53,20843.0,18.0,19,22680.0,64123.87,35612.0,42,17,20146.0,1018172.01,39122.0,22,124,28651.0,Y,323.66,current,M,42,MEDIUM,15.4,1,123.0,1,17.0
6507,1248,93268.0,10961.83,4050.76,1865.85,1724.8,14782.06,5683.0,8.0,10,47,5,17,5,421000,1,1,1.0,1,144110.45,3084.5,678.0,5730.0,68141.9,2298.02,18.0,13,25450.0,19894.0,30317.0,1,59,12922.0,65215.31,55342.0,5,73,93753.86,Y,6077.25,saving,F,31,HIGH,8.8,1,503.0,0,8.0
6508,16317,12613.0,7232.45,5072.42,4992.68,3851.0,42122.65,2007.0,12.0,5,29,8,2,8,523000,1,1,1.0,1,506688.65,42723.0,126001.0,3897.0,81409.3,32002.0,4.0,36,33988.0,20073.25,15650.32,31,17,44467.0,15070.24,92366.0,12,79,32666.0,Y,9213.4,current,M,46,HIGH,26.0,1,725.0,0,17.0
6509,12103,296608.0,1204.23,2033.0,948.8,3311.06,1655.0,3192.0,1.0,3,3,18,2,17,67000,1,1,1.0,1,153410.0,60040.0,54101.0,6441.0,40135.75,30058.0,70.0,0,66501.0,47848.17,162205.0,1,12,2951.0,55825.45,47859.0,2,124,96193.0,Y,2337.88,current,M,29,MEDIUM,2.7,3,254.0,1,20.0
6510,5580,15432.0,13195.61,2376.54,39074.6,4642.0,1468.01,3747.0,63.0,93,74,41,11,79,369000,1,1,1.0,1,8043.25,390700.0,3570.0,12299.0,80732.76,47962.0,4.0,7,28633.0,71688.0,88989.0,3,20,31803.0,82337.18,50338.5,21,79,306.0,Y,31014.61,current,M,28,MEDIUM,3.2,10,355.0,1,15.0
6511,4064,102116.0,47646.93,8591.0,35893.3,4300.25,5292.485,1168.0,9.0,13,9,1,56,22,670000,1,1,1.0,1,26360.0,900000.0,5905.0,12174.0,38702.0,60402.0,11.0,36,25.0,19743.63,118189.69,3,82,23406.0,38918.5,35075.0,5,63,20007.0,Y,1659.82,current,M,30,HIGH,8.0,7,366.0,1,16.0
6512,3654,18007.0,48540.28,931.0,37910.81,2855.0,3595.0,2150.0,101.0,18,16,24,18,17,49999,1,1,1.0,1,10006.2,385218.7,48950.0,1954.0,47700.29,132178.04,46.0,0,16975.0,11554.25,70061.0,31,8,48669.0,25742.0,69.0,7,11,27988.0,Y,138193.3,current,M,33,MEDIUM,6.5,2,771.0,1,2.0
6513,15380,3569.0,13622.92,2138.0,1612.85,2218.73,7719.0,2189.0,124.0,10,50,25,9,1,650000,1,1,1.0,1,213557.15,64491.0,492.0,2500.0,56815.08,109300.0,32.0,43,19937.0,3280.0,102430.0,2,26,43660.0,51672.38,18503.0,8,11,29412.0,Y,48091.37,current,F,32,MEDIUM,4.800000000000001,3,631.0,0,18.0
6514,17154,14951.0,6096.76,25330.02,2114.47,1544.75,3319.67,3338.0,44.0,5,6,52,17,44,461000,1,1,1.0,1,684495.7,14000.0,4699.0,19765.0,26848.5,599774.0,43.0,55,42666.0,49674.24,23854.0,1,11,99383.0,56446.95,342188.0,41,10,90500.0,Y,1594.25,saving,M,47,MEDIUM,10.8,5,966.0,1,3.0
6515,13084,135167.0,3109.96,26764.29,7097.9,2218.73,10263.0,12670.16,12.0,10,67,1,7,98,59000,1,1,1.0,1,3938.25,157624.24,2214.0,1079.0,10099.25,43675.0,46.0,3,20266.0,9483.0,150018.0,1,8,34509.0,41889.66,91058.0,14,104,24799.0,Y,16310.33,current,M,40,LOW,14.0,10,683.0,1,17.0
6516,4189,12189.0,964.06,1839.5,14234.12,7782.0,6955.845,1646.0,80.0,9,4,15,2,62,156000,1,1,1.0,1,325024.6,110135.86,610000.0,12174.0,6221.25,26815.0,57.0,13,35843.0,175356.62,2115.0,9,78,52877.0,19191.9,13174.0,7,50,31638.0,Y,11980.44,current,M,66,LOW,27.6,1,858.0,0,17.0
6517,2408,13168.0,3168.21,3892.0,875.54,9640.95,2883.925,12625.0,53.0,3,20,1,4,4,273000,1,1,1.0,1,72937.76,160498.0,33330.0,7478.0,35692.4,37654.0,12.0,3,45309.0,9200.0,27834.0,2,13,12330.0,78477.76,22842.31,41,83,22772.0,Y,1410.63,current,M,29,MEDIUM,5.4,7,658.0,1,20.0
6518,17661,292692.0,10773.79,1447.42,13579.15,2835.07,27156.59,3102.0,6.0,19,10,30,9,30,125000,1,1,1.0,1,47936.43,470000.0,610000.0,2351.0,570.0,69732.91,11.0,14,92053.0,40249.71,35948.0,0,17,29151.0,19788.0,38766.51,4,80,41518.0,Y,8950.75,current,F,62,LOW,12.600000000000001,8,244.0,0,8.0
6519,4071,8452.0,5447.985,62640.65,3183.0,13561.0,7259.0,4950.0,5.0,3,32,17,25,1,49999,1,1,1.0,1,1360.0,64091.0,1630.0,6885.0,72718.8,102906.0,91.0,3,30056.0,21899.31,621.0,2,7,28606.0,38117.38,59014.75,4,32,37398.0,Y,952.22,current,M,50,MEDIUM,27.0,5,575.0,1,11.0
6520,13628,85618.0,34695.61,3111.0,6934.28,10834.97,6712.0,14101.71,63.0,83,32,41,1,3,402000,1,1,1.0,1,11878.6,165970.9,19081.0,6409.0,32015.25,37694.0,11.0,26,32805.0,77762.19,32591.0,0,13,29706.0,72595.75,109650.0,94,73,101944.0,Y,4461.73,saving,M,61,LOW,4.1000000000000005,10,249.0,1,12.0
6521,10274,13515.0,12516.7,2258.31,4254.0,2113.85,11956.0,1011.92,60.0,39,47,2,3,1,84000,1,1,1.0,1,127004.3,545000.0,48374.0,2337.0,6879.8,66587.0,55.0,4,44597.0,29029.75,595778.37,6,171,17774.0,279697.22,7332.0,9,1,36403.0,Y,4308.3,current,F,25,LOW,0.5,3,860.0,0,14.0
6522,19689,3043.0,8974.0,5928.0,34113.89,7813.0,2157.86,2218.0,1.0,34,50,24,27,47,510000,1,1,1.0,1,331.2,157000.0,2158.0,4795.0,11828.0,201382.74,6.0,1,94300.0,23285.0,90796.0,1,171,9071.0,27312.3,395695.2,58,12,32484.0,Y,6518.53,current,M,64,MEDIUM,4.4,2,588.0,1,8.0
6523,412,164724.0,619.0,1105.0,13488.0,521.92,40161.27,9091.02,57.0,3,61,1,51,79,471000,1,1,1.0,1,1910215.0,64491.0,73217.0,0.0,141770.1,41599.0,37.0,26,16453.0,28066.88,164623.0,1,20,15376.0,5012.0,58864.0,5,80,51772.0,Y,12575.63,current,M,27,MEDIUM,2.8000000000000003,2,723.0,1,3.0
6524,6503,3995.0,5952.0,220.73,4453.18,1585.0,15581.0,2877.0,3.0,83,44,1,25,56,287000,1,1,1.0,1,1910215.0,397463.9,8333.0,0.0,79608.12,24023.0,6.0,0,38344.0,77942.0,30017.0,35,12,99331.0,29724.51,195387.0,4,75,22720.0,Y,7909.83,current,M,36,LOW,9.600000000000001,5,538.0,1,6.0
6525,16716,5547.0,2010.0,10913.0,6025.22,337.92,7465.35,125.0,1.0,47,89,4,1,41,378000,1,1,1.0,1,670875.0,308615.5,24094.0,2206.0,69601.65,33982.0,36.0,1,24552.0,19466.75,24600.0,70,171,81500.0,48011.24,58825.25,12,104,27821.0,Y,568.48,current,M,40,LOW,20.0,4,710.0,1,7.0
6526,5774,6488.0,13850.78,10372.49,3195.58,10061.34,19844.195,7128.0,63.0,65,13,8,2,79,27000,1,1,1.0,1,13732.93,300000.0,500718.0,1465.0,1107.55,35952.0,1.0,36,23020.0,59774.0,40852.3,50,2,5675.0,66009.39,31624.0,9,73,18524.0,Y,45114.69,current,M,67,MEDIUM,14.100000000000001,5,858.0,1,4.0
6527,6789,8566.0,19254.08,1541.0,2084.89,1800.1,15173.25,24190.82,8.0,17,10,7,60,4,47000,1,1,1.0,1,76122.87,1400000.0,2214.0,-5439.0,53207.0,87251.0,18.0,36,16305.0,165801.73,40911.0,1,82,106700.0,2654.39,122660.0,94,50,59903.26,Y,4568.76,current,M,32,MEDIUM,7.2,6,355.0,0,2.0
6528,14983,19470.0,50308.75,2938.52,8676.8,1099.9,2442.5,2043.3,8.0,10,13,8,6,34,130000,1,1,1.0,1,55700.0,537476.4,38599.0,3897.0,72806.93,21527.0,1.0,2,63425.0,72846.85,36364.0,1,34,34509.0,118193.72,783.0,3,50,26042.0,Y,19481.55,current,M,33,LOW,5.2,2,615.0,1,11.0
6529,9292,11139.0,1767.76,137.0,16564.7,5017.0,25050.0,4776.42,16.0,10,42,3,1,16,525000,1,1,1.0,1,6440.0,201000.0,4895.0,1465.0,21703.75,90720.0,12.0,1,35138.0,930423.0,100947.0,2,20,164563.0,32468.36,56689.0,3,8,14072.0,Y,2437.43,current,M,36,MEDIUM,16.0,2,914.0,1,7.0
6530,11759,10610.0,19822.06,6315.95,892.01,3010.7,3811.0,46180.0,4.0,13,6,5,55,13,72000,1,1,1.0,1,923170.0,60481.0,28985.0,-5998.43994,44195.18,26433.0,52.0,1,9801.95,57138.76,158173.65,31,25,16216.0,79741.0,31011.0,3,32,27531.0,Y,57622.01,current,M,34,LOW,8.4,10,863.0,1,8.0
6531,14896,95816.0,9029.0,719.01,30409.0,13972.3,7399.0,8540.5,14.0,85,74,1,18,4,44000,1,1,1.0,1,1497586.08,43397.0,655.0,-5998.43994,105683.19,100998.38,2.0,6,34607.0,75034.78,18289.0,0,9,40116.0,8635.5,119993.0,6,120,28901.0,Y,6398.23,current,M,32,MEDIUM,10.8,4,249.0,1,8.0
6532,14330,133428.0,10228.0,1073.52,1023.0,7587.57,26283.335,3440.53,52.0,23,50,21,3,1,120000,1,1,1.0,1,89294.6,76365.24,54101.0,8572.0,40245.71,12592.0,11.0,5,34322.0,7051.7,41318.0,3,16,10615.0,38978.72,27873.59,7,103,99798.0,Y,10225.55,current,F,34,LOW,8.4,2,315.0,1,18.0
6533,18486,9758.0,21475.0,3894.08,1364.85,489.72,19280.0,6843.0,29.0,50,5,1,36,79,124000,1,1,1.0,1,9255.43,43397.0,49975.0,5439.0,35891.6,21092.0,91.0,3,28750.0,27407.6,10610.0,6,20,31265.0,62365.07,65913.13,9,24,105702.0,Y,4977.76,current,M,28,LOW,0.8,9,698.0,1,18.0
6534,3378,10660.0,21825.61,9725.0,2678.0,1830.0,28407.995,4094.0,31.0,65,87,2,4,2,47000,1,1,1.0,1,5914.15,227697.61,891.0,0.0,81204.69,114335.0,29.0,4,481.93,24332.92,10665.0,71,82,44126.0,25244.55,22021.0,9,106,11440.0,Y,4058.65,current,F,56,HIGH,10.8,8,799.0,1,11.0
6535,16841,6558.0,15076.0,19279.84,5680.0,846.68,6703.88,8953.0,8.0,37,35,2,4,10,127500,1,1,1.0,1,87526.1,221000.0,25000.0,7478.0,24095.0,19672.0,11.0,4,62484.0,197421.13,397.0,1,38,26235.0,117836.55,58791.79,4,39,33846.0,Y,3218.98,current,M,36,MEDIUM,14.4,2,538.0,1,15.0
6536,8891,7640.0,3163.6,1092.21,5033.09,15273.0,7783.5,6843.0,124.0,5,7,35,55,56,170000,1,1,1.0,1,65887.8,76365.24,825.0,-3053.0,31081.49,62748.14,32.0,4,39705.0,72037.62,33092.0,47,14,21172.0,53863.0,1676.0,21,18,27893.0,Y,1505.11,saving,F,56,MEDIUM,18.0,7,330.0,1,14.0
6537,2352,131222.0,46443.65,11166.0,105402.18,3508.0,66170.0,3225.98,5.0,10,82,17,18,5,27000,1,1,1.0,1,95.0,158000.0,130000.0,8723.0,61867.61,22354.0,94.0,29,59800.0,153501.88,47813.0,6,29,21800.0,48285.22,27549.0,13,10,24050.0,Y,79.51,current,M,44,MEDIUM,14.4,9,658.0,0,15.0
6538,6046,305121.0,4751.0,13230.0,10861.98,22181.0,35061.95,1247.43,16.0,85,64,47,1,81,430000,1,1,1.0,1,173732.5,20098.0,5540.0,1332.0,23964.0,15755.0,2.0,5,32800.0,19641.25,923.0,35,77,24269.0,62532.0,706.15,62,58,11780.0,Y,26885.77,current,M,223,LOW,101.5,5,268.0,1,5.0
6539,527,19576.0,52203.81,5232.45,3359.5,6085.0,6357.47,3150.8,6.0,66,653,25,44,1,252000,1,1,1.0,1,237823.88,446457.0,28985.0,5730.0,48473.68,49352.0,91.0,4,212471.0,70834.87,168731.0,8,82,48551.0,101995.41,84873.41,13,22,24671.15,Y,10469.61,saving,M,53,MEDIUM,16.5,3,908.0,1,16.0
6540,11348,3855.0,3086.42,2289.0,8247.95,1901.7,4545.19,1910.73,3.0,4,3,7,1,8,87000,1,1,1.0,1,18418.85,180000.0,230000.0,-5439.0,50486.96,13423.0,90.0,5,20909.0,2204.5,338101.0,1,84,14126.0,27081.2,161034.0,40,58,16121.0,Y,7746.05,current,M,60,MEDIUM,28.0,8,880.0,0,4.0
6541,10942,295003.0,7809.0,10830.0,5855.06,1725.07,6787.63,11110.5,59.0,3,10,1,21,98,750000,1,1,1.0,1,82.4,360000.0,36114.0,167.0,14949.17,10146.0,42.0,17,35117.0,11593.8,10291.0,2,59,34896.0,78761.33,1228.0,5,42,48000.0,Y,2251.82,current,M,62,LOW,42.0,2,684.0,1,6.0
6542,4346,135913.0,3026.745,7852.58,3214.96,1724.8,15202.73,2414.08,16.0,50,74,18,25,79,383000,1,1,1.0,1,4614669.901,50000.0,49000.0,19765.0,22171.25,151397.0,11.0,3,23937.0,9800.0,20205.0,23,8,69057.0,38001.43,12149.58,19,49,26613.0,Y,11406.69,saving,M,53,HIGH,19.8,1,445.0,0,17.0
6543,10694,3838.0,3231.0,7278.27,1428.77,1707.04,8676.07,2537.74,52.0,10,89,18,60,47,147000,1,1,1.0,1,173732.5,54388.23,155205.0,6916.0,92495.11,27950.0,77.0,4,19047.0,93381.32,66069.0,1,20,25371.0,233986.35,41088.87,62,38,99402.0,Y,304.23,current,M,40,MEDIUM,14.0,3,428.0,0,16.0
6544,2661,120149.0,9240.48,23128.0,28707.12,3693.96,3021.0,5745.0,6.0,6,69,21,6,81,327000,1,1,1.0,1,19265.4,1034285.63,2156.0,-6335.0,48007.34,25806.0,11.0,13,95899.0,103213.28,82009.0,1,50,14726.0,52460.63,943.0,2,10,40255.0,Y,2260.64,current,M,35,LOW,9.0,4,914.0,1,17.0
6545,2801,346263.0,15433.0,6007.79,2710.16,886.0,4940.0,1999.0,6.0,2,29,3,2,12,784000,1,1,1.0,1,11027.5,464261.6,51520.0,5730.0,34649.36,420164.0,1.0,3,20126.0,87787.19,20476.0,2,8,29706.0,24442.75,29973.0,15,83,22860.0,Y,45258.09,current,M,30,MEDIUM,6.0,2,887.0,1,12.0
6546,11744,5040.0,34386.39,4857.0,12642.1,36370.8,2508.0,1256.49,92.0,26,16,53,25,6,68250,1,1,1.0,1,249060.0,100000.0,12337.0,0.0,31944.0,80769.13,7.0,7,46268.0,37199.0,113.73,2,63,43291.0,152825.19,39798.0,1,11,860.0,Y,48.85,current,F,32,LOW,10.8,4,488.0,1,17.0
6547,1869,8527.0,27572.47,1274.43,6216.46,2629.2,4548.5,379.0,67.0,14,72,5,1,64,298000,1,1,1.0,1,8556.25,142608.5,46000.0,-6885.0,54160.32,101569.5,32.0,2,25098.0,37623.22,26011.0,6,82,107738.0,80437.75,56094.0,3,7,43906.0,Y,1046.43,current,M,37,MEDIUM,15.3,6,346.0,1,5.0
6548,6052,107128.0,13145.61,10913.0,2786.84,3908.14,11174.0,8540.5,3.0,43,9,24,1,1,84000,1,1,1.0,1,34443.0,57345.0,68000.0,5464.0,143583.16,39738.68,36.0,1,26161.0,765.22,56221.0,6,13,16885.0,20564.27,88873.65,3,10,64766.0,Y,1651.82,current,M,44,MEDIUM,2.4000000000000004,7,708.0,0,3.0
6549,6815,15289.0,554.5,231.0,602.16,3908.14,2163.5,2773.0,67.0,27,82,24,14,6,233000,1,1,1.0,1,4322.5,69370.0,126001.0,1992.0,52276.75,42726.0,7.0,31,66213.0,15490.0,58135.0,4,67,4684.0,163965.21,86391.07,58,54,19009.25,Y,2388.72,current,M,47,MEDIUM,2.7,2,809.0,0,10.0
6550,17731,15606.0,13626.0,6407.0,10937.0,44649.0,223.0,3075.52,63.0,6,84,1,3,56,52000,1,1,1.0,1,39851.93,2436.91,2214.0,5464.0,74210.27,20784.0,11.0,36,24850.0,102366.67,27585.5,4,81,100807.0,33153.54,30527.29,11,12,32230.0,Y,5371.53,current,F,33,MEDIUM,13.0,9,233.0,0,18.0
6551,5445,12086.0,4587.2,8506.0,27457.64,978.0,9470.76,1040.0,10.0,84,47,3,71,13,327000,1,1,1.0,1,825.0,6.0,24619.0,0.0,122184.37,5137.0,10.0,1,74954.0,4359.0,26284.35,45,77,29575.0,23666.51,211.0,43,73,33023.08,Y,9584.43,current,M,61,HIGH,36.9,1,882.0,0,18.0
6552,5891,5176.0,3093.75,3727.3,4607.12,8897.0,13542.0,21126.0,2.0,10,3,24,12,79,480000,1,1,1.0,1,970271.35,399.09,298472.0,-3506.17993,8306.23,51988.0,18.0,7,19398.0,36167.88,187743.0,0,1,85562.0,78537.51,61203.8,19,12,16089.0,Y,5333.07,current,M,47,MEDIUM,21.6,4,355.0,1,7.0
6553,9545,298148.0,5991.92,2154.29,1181.52,1535.5,7881.0,1010.0,2.0,5,3,48,1,81,378000,1,1,1.0,1,2173459.0,202560.0,16215.0,4512.0,648.25,60899.0,10.0,1,19317.0,5683.0,159735.81,6,20,21207.0,43737.46,119391.82,11,26,97600.0,Y,973.18,current,M,35,LOW,10.5,8,656.0,1,7.0
6554,18254,11856.0,2277.0,1798.65,55879.4,3394.5,7970.465,7881.0,7.0,13,38,60,15,6,199999,1,1,1.0,1,225823.8,83402.0,4458.0,19453.0,6372.0,81663.0,6.0,13,18508.0,102472.25,156587.0,7,50,1700.0,74084.41,45464.0,12,24,74832.0,Y,1835.72,current,M,32,MEDIUM,2.4000000000000004,10,330.0,0,3.0
6555,14143,3626.0,10304.0,8480.12,37343.26,772.0,9944.0,2296.0,44.0,71,48,53,6,25,381000,1,1,1.0,1,293418.75,68663.61,78309.0,2921.0,19064.01,125127.0,62.0,33,23528.0,12472.48,84567.37,3,13,518.01,152865.0,5311.0,4,106,21623.0,Y,33800.0,current,M,50,HIGH,21.0,1,355.0,1,13.0
6556,13066,336515.0,11155.0,4950.77,23565.32,441.0,14709.0,2143.0,25.0,26,1,6,2,16,390000,1,1,1.0,1,970271.35,470000.0,891.0,13135.0,85455.75,34747.91,2.0,1,28445.0,48670.91,179516.0,6,24,32354.0,67069.5,83182.0,9,28,16604.0,Y,7168.03,current,M,27,LOW,2.8000000000000003,3,424.0,1,16.0
6557,6459,12.0,5387.0,1774.0,11494.92,588.0,3239.0,4086.52,28.0,1,87,57,4,47,483000,1,1,1.0,1,1053411.2,3342.51,48500.0,1245.0,76293.03,68327.73,95.0,26,9272.0,34111.46,36151.38,3,4,32841.0,222598.14,131979.75,1,6,60164.0,Y,199.25,current,M,47,MEDIUM,16.2,4,683.0,1,11.0
6558,7042,9023.0,8031.16,32402.0,23907.37,59735.78,5673.025,12815.0,4.0,128,44,42,3,13,150000,1,1,1.0,1,75240.45,93.35,33330.0,-4664.0,46765.0,23240.0,5.0,36,27026.77,5860.96,16557.0,1,23,23224.0,237006.81,160858.0,3,27,241771.0,Y,25434.24,current,M,55,MEDIUM,35.0,10,428.0,1,5.0
6559,8689,12204.0,63996.29,15469.0,6545.5,3259.0,8428.675,1120.73,53.0,36,653,52,25,11,199999,1,1,1.0,1,115.45,385218.7,1209.0,0.0,115190.1,97561.89,12.0,5,33868.07,56099.99,161255.0,0,5,13416.0,30275.44,22254.0,13,83,4834.0,Y,2802.35,current,M,55,MEDIUM,28.0,7,536.0,1,13.0
6560,16213,300126.0,1191.03,1462.0,18128.72,2573.0,15208.77,3800.79,5.0,8,87,4,1,4,287000,1,1,1.0,1,23221.65,58473.56,678.0,977.0,40573.92,27059.67,46.0,5,36342.0,7327.02,101343.0,11,50,24878.0,48451.77,78050.9,21,13,92482.0,Y,932.1,saving,M,47,LOW,16.2,10,974.0,1,13.0
6561,12525,139169.0,1481.84,5311.0,841.9,870.42,8013.0,1929.0,92.0,1,23,18,1,77,371000,1,1,1.0,1,87526.1,95081.0,68000.0,5730.0,30519.54,30917.78,11.0,55,39859.0,57127.49,6279.0,6,25,12582.38,169445.32,48756.0,6,83,210.0,Y,2789.89,current,M,49,MEDIUM,14.5,7,445.0,0,3.0
6562,757,178257.0,17471.75,82275.0,74533.07,6570.04,7105.25,6234.8,5.0,3,6,3,7,17,47000,1,1,1.0,1,28482.5,62606.0,57899.0,3897.0,102286.5,57509.02,11.0,1,82.91,25935.76,842702.0,70,20,24250.0,1270.0,29668.58,2,104,28058.0,Y,12570.28,current,M,32,MEDIUM,9.600000000000001,6,445.0,0,8.0
6563,5083,1045.0,5513.2,3923.64,37673.54,3420.14,4978.24,3896.0,37.0,2,10,6,2,47,350000,1,1,1.0,1,15279.79,19000.0,5797.0,-4612.00977,208698.74,87252.08,67.0,3,18082.0,6836.0,39700.5,2,9,87706.0,97495.68,102964.0,12,79,16680.0,Y,4483.1,current,M,37,LOW,11.9,9,799.0,1,12.0
6564,4030,14668.0,15569.0,18393.0,27117.06,959.24,1110.0,16575.05,8.0,10,13,48,4,16,345000,1,1,1.0,1,123295.4,24000.0,2158.0,20513.0,73926.76,35261.0,77.0,3,49655.0,53287.25,165880.0,6,17,492268.86,76792.0,141135.34,117,39,31404.0,Y,9727.24,current,M,37,MEDIUM,15.3,8,968.0,1,10.0
6565,4437,3772.0,5374.37,277.0,2321.71,6284.0,11314.0,2212.0,12.0,1,135,1,1,80,479000,1,1,1.0,1,1482778.95,88482.8,68000.0,-6281.37987999999,51114.0,35942.0,2.0,0,52382.0,28633.0,66130.5,35,6,19015.0,52781.65,127017.0,1,49,59950.0,Y,2681.7,current,M,25,HIGH,3.5,9,963.0,1,19.0
6566,4180,9787.0,30820.59,42400.0,28688.5,1724.8,3596.0,7215.7,5.0,18,1,50,12,39,400000,1,1,1.0,1,138129.4,39833.19,908.0,2351.0,105113.39,95024.0,10.0,26,70473.0,207825.0,1956054.61,2,63,26605.0,4446.0,102964.0,3,78,65165.0,Y,2230.14,current,F,37,HIGH,11.9,9,685.0,1,19.0
6567,18778,4129.0,1653.25,5830.88,138851.0,1087.39,2752.0,6653.0,29.0,6,7,30,7,47,358000,1,1,1.0,1,137260.8,24000.0,1611.0,886.0,25210.23,59730.5,42.0,3,23902.0,55679.5,50207.0,5,6,56421.0,52717.12,36116.0,15,50,18074.62,Y,44380.43,current,M,219,MEDIUM,79.60000000000001,1,911.0,1,8.0
6568,10248,222512.0,1268.8,2641.86,226754.0,10455.88,16771.11,612.4,53.0,2,5,30,55,9,136000,1,1,1.0,1,99984.83,15300.0,30071.0,12415.0,45027.25,48681.0,20.0,26,64477.0,58042.21,50225.0,43,25,16915.0,16047.93,12012.0,4,32,73263.0,Y,5175.29,current,M,37,LOW,11.9,4,801.0,0,12.0
6569,5832,6444.0,4794.0,2125.0,52320.48,1069.0,3836.05,3176.0,4.0,46,44,3,24,64,366000,1,1,1.0,1,526.25,200000.0,14904.0,-4664.0,60570.5,219153.0,91.0,7,26706.0,92148.95,65179.0,3,44,12049.83,6044.05,28240.0,4,83,51280.0,Y,14729.32,current,M,40,MEDIUM,8.0,8,656.0,1,13.0
6570,4049,18546.0,6046.54,861.76,1780.26,808.0,78539.06,1109.58,63.0,5,16,42,3,25,375000,1,1,1.0,1,160.2,27000.0,2214.0,2000.0,18247.06,83697.0,90.0,13,12075.0,36288.76,55511.0,6,49,71847.0,23624.51,38044.0,94,6,11554.0,Y,1524.06,current,F,40,MEDIUM,6.0,8,363.0,1,19.0
6571,14399,13978.0,8504.99,11059.0,11324.14,5228.0,111681.22,1376.0,18.0,30,49,2,1,1,100000,1,1,1.0,1,497317.93,21577.06,536.0,-12179.0,142.25,1101031.0,36.0,3,23519.0,40930.57,46450.0,1,82,2168.0,30977.01,13513.75,3,83,29646.49,Y,11623.98,current,M,53,LOW,13.200000000000001,6,620.0,1,6.0
6572,8770,8285.0,6479.45,43191.12,4592.045,1588.41,4579.0,2826.13,67.0,128,87,7,3,20,98000,1,1,1.0,1,690.0,655638.0,610000.0,20324.0,17009.22,140087.0,52.0,4,38716.0,55241.85,64208.0,1,20,66160.0,45398.11,37580.0,6,12,41578.0,Y,450.63,current,M,29,MEDIUM,4.5,5,249.0,0,15.0
6573,13249,29485.0,16311.11,8506.0,2826.0,2706.0,1715.0,17501.0,10.0,29,59,1,1,79,20000,1,1,1.0,1,9784.1,63000.0,68000.0,3735.0,93780.71,91461.16,42.0,36,47709.0,21199.99,302964.96,2,8,83688.0,159.75,95295.0,117,42,85832.42,Y,2891.23,current,M,47,MEDIUM,10.8,1,956.0,0,20.0
6574,2842,293675.0,5382.15,15635.0,27074.18,5906.6,3319.67,4177.0,44.0,1,4,1,31,98,400000,1,1,1.0,1,75240.45,221000.0,2019.0,-6885.0,8530.75,32416.0,2.0,43,9015.73,43050.63,60592.28,11,20,83351.0,142665.66,306198.0,4,20,8750.0,Y,454.56,current,M,31,LOW,1.1,10,233.0,0,7.0
6575,4395,4060.0,2442.0,2868.09,17605.89,296.0,21363.25,1008.73,7.0,18,60,2,3,8,429000,1,1,1.0,1,111.0,30436.0,38599.0,20324.0,70706.09,86462.0,42.0,7,92905.0,37894.1,10040.0,43,17,22026.0,236997.5,46328.0,7,13,43005.0,Y,20854.75,current,F,35,MEDIUM,7.5,1,628.0,1,17.0
6576,18767,5435.0,23779.73,32622.9,2006.93,756.0,2239.0,8498.38,1.0,18,84,19,3,54,378000,1,1,1.0,1,18418.85,1372927.14,20887.0,553.0,21096.22,30849.57,52.0,7,49385.0,52693.89,201513.81,4,108,17606.86,42158.0,24920.08,39,38,99065.0,Y,64469.3,current,F,51,MEDIUM,12.4,3,867.0,1,19.0
6577,10300,8385.0,31478.0,6997.0,9463.67,31742.01,2250.52,8935.19,6.0,18,59,4,27,22,403000,1,1,1.0,1,328504.5,119831.0,583.0,1444.0,51761.0,11791.0,52.0,7,61167.0,112019.72,58800.5,2,29,15483.0,17382.7,65656.0,6,9,124284.0,Y,3024.35,current,M,33,LOW,1.3,7,653.0,1,19.0
6578,14876,19849.0,1806.0,64804.0,13178.0,4576.0,4690.3,642.0,7.0,43,30,3,6,98,35000,1,1,1.0,1,684495.7,992890.32,6100.0,5439.0,118619.75,57155.0,38.0,30,37231.0,27911.0,150267.16,1,63,6086.0,47206.26,13565.0,62,7,15776.0,Y,1356.02,current,M,40,LOW,12.0,3,314.0,1,11.0
6579,11741,222255.0,17265.31,2116.0,722.5,2157.0,2224.0,4128.0,8.0,46,653,1,51,1,47000,1,1,1.0,1,117168.65,1425000.0,50000.0,844.0,33866.51,5668.74,17.0,5,41931.0,29530.44,36091.43,4,16,10965.0,14661.02,21351.0,22,96,27463.0,Y,6744.25,saving,M,46,LOW,15.600000000000001,1,802.0,0,3.0
6580,8436,13530.0,7934.61,6906.04,31128.73,4246.6,6234.6,1064.1,9.0,77,84,50,1,79,359000,1,1,1.0,1,180615.02,15395.48,1166.0,903.0,423.75,37340.0,67.0,7,9015.73,38375.0,1675.75,31,18,42500.0,70409.55,4830.0,94,36,17632.28,Y,2287.14,current,M,29,HIGH,0.9,3,468.0,0,11.0
6581,2939,17747.0,34426.47,6838.04,61695.63,899.8,1378.86,19810.0,3.0,3,50,1,1,12,28000,1,1,1.0,1,567914.67,11772.76,583.0,5439.0,9782.92,68224.0,36.0,35,106368.0,29989.8,30711.0,17,11,36137.0,32125.06,269492.0,9,10,28590.0,Y,76.61,current,M,33,MEDIUM,13.0,9,760.0,0,14.0
6582,12518,215277.0,17392.49,1060.36,5616.17,118.0,6935.3,14101.71,7.0,7,64,4,2,2,147000,1,1,1.0,1,1466675.0,385218.7,100000.0,2819.0,74375.51,92053.93,23.0,2,44410.0,58926.0,57517.0,0,89,30629.0,45132.32,49859.0,5,9,18999.0,Y,3480.31,current,M,46,MEDIUM,5.2,3,805.0,1,5.0
6583,6033,11599.0,3999.98,6866.0,6047.5,794.64,1036.48,1422.0,10.0,6,3,6,44,1,650000,1,1,1.0,1,97.5,69370.0,768.0,1014.0,12048.36,98154.0,18.0,3,46268.0,2627.0,7908.0,1,8,80500.0,219329.28,30884.5,94,18,20019.0,Y,15866.63,current,M,47,MEDIUM,27.0,9,593.0,1,6.0
6584,11778,14935.0,7190.63,3438.0,3045.0,787.0,9019.345,6291.65,2.0,66,3,18,7,98,371000,1,1,1.0,1,186189.0,132324.01,105000.0,12174.0,43287.33,186000.0,32.0,36,38262.0,74964.94,55137.0,1,44,85000.0,25125.44,38101.0,3,32,132307.0,Y,3911.36,current,M,37,MEDIUM,6.800000000000001,8,805.0,0,6.0
6585,613,123313.0,18720.73,878.0,15166.38,1259.0,717.0,8056.0,2.0,4,90,2,2,2,293000,1,1,1.0,1,199690.5,19000.0,28913.0,5773.0,3864.25,137121.41,2.0,2,28751.0,15713.65,21275.0,7,82,83127.0,87195.64,61179.0,94,49,28922.22,Y,12190.88,current,F,44,MEDIUM,24.0,9,626.0,0,14.0
6586,7046,10325.0,6155.07,8684.66,10596.52,249.0,1204.0,3754.97,6.0,84,82,6,62,10,44000,1,1,1.0,1,1895.04,40000.0,68000.0,6885.0,37693.75,50250.18,20.0,7,12500.0,8380.0,7292.35,70,108,16470.0,102111.95,23356.0,5,12,41241.0,Y,4751.85,current,M,34,MEDIUM,5.6000000000000005,4,866.0,1,4.0
6587,16119,4849.0,32046.5,3456.75,24280.71,5512.52,19936.255,15647.48,10.0,4,10,1,3,77,75000,1,1,1.0,1,41883.6,64491.0,50000.0,-5942.0,32846.9,11723.0,55.0,3,24414.0,48443.66,44671.0,3,8,115792.0,49785.83,847.0,21,49,423.0,Y,7898.79,current,M,36,MEDIUM,9.600000000000001,9,964.0,1,13.0
6588,11751,1097.0,5896.29,1865.0,4442.5,14939.13,96825.3,2486.2,63.0,43,50,11,25,12,232000,1,1,1.0,1,7089.7,440000.0,12016.0,-5942.0,95622.68,92840.0,11.0,1,15683.78,11321.0,14146.37,4,44,78284.0,411289.5,273300.29,2,25,17228.0,Y,3195.82,current,M,28,MEDIUM,8.0,4,750.0,1,20.0
6589,3001,16106.0,4474.52,14614.0,5084.0,2012.0,18791.3,2519.0,25.0,30,38,2,4,79,300000,1,1,1.0,1,6100.0,100000.0,73217.0,0.0,282340.42,44121.8,35.0,36,45563.0,42792.0,150209.36,43,29,143859.0,52178.35,14783.0,21,0,53671.0,Y,5999.78,current,F,66,MEDIUM,23.0,9,748.0,0,6.0
6590,126,223950.0,4994.45,64804.0,2070.0,14081.12,15782.52,3667.0,15.0,6,60,24,4,7,58000,1,1,1.0,1,640.0,861640.54,14754.0,-4664.0,32807.28,1149.0,42.0,1,26702.0,23205.0,192281.0,4,13,55250.0,9169.29,176481.35,36,0,24195.0,Y,2567.54,current,M,27,HIGH,1.4000000000000001,1,969.0,1,5.0
6591,18013,6986.0,2764.0,407.0,17947.45,3337.94,4274.375,524.76,44.0,14,20,3,38,2,100000,1,1,1.0,1,270.0,12000.0,3792.0,0.0,117864.02,75034.0,5.0,3,20500.0,38227.78,44624.0,30,13,146113.0,70615.83,108839.63,14,9,9936.97,Y,2749.26,saving,M,66,MEDIUM,13.8,6,809.0,0,11.0
6592,9203,132339.0,7275.0,190.0,3378.65,6647.0,2047.0,23315.26,60.0,18,10,22,25,42,87000,1,1,1.0,1,82.4,446457.0,3975.0,2500.0,33694.57,63714.0,7.0,1,55911.0,33961.63,110795.0,11,78,344356.0,4687.29,46328.0,9,63,76895.8,Y,3959.66,current,M,32,MEDIUM,7.2,7,516.0,1,15.0
6593,2973,10496.0,6873.13,4416.5,74409.37,7580.0,754.0,3765.8,1.0,3,72,17,56,3,28000,1,1,1.0,1,2184.0,110135.86,539.0,20324.0,50745.9,42645.0,42.0,6,31560.0,55838.64,32813.0,9,20,34549.0,42735.58,40442.0,6,40,30520.0,Y,5324.51,current,M,27,MEDIUM,2.8000000000000003,7,446.0,1,3.0
6594,2887,401450.0,1672.0,6249.24,2871.02,10246.0,17650.72,5370.0,6.0,10,4,20,62,2,301000,1,1,1.0,1,253302.0,10701.0,33330.0,-6281.37987999999,64097.26,111338.5,4.0,31,52393.0,26333.78,32672.0,43,8,38839.0,110034.37,7681.0,2,10,27359.33,Y,757.43,saving,M,47,MEDIUM,10.8,9,535.0,1,9.0
6595,1102,6432.0,3770.97,9956.5,19405.35,3366.0,12964.0,4885.75,19.0,43,44,10,3,10,263000,1,1,1.0,1,331.2,7216.53,11580.0,0.0,77603.11,10091.0,91.0,19,9722.0,15076.6,37573.0,8,1,30858.0,19650.75,51671.5,8,0,21488.0,Y,1849.37,current,M,60,MEDIUM,28.0,4,908.0,1,6.0
6596,10249,17680.0,2948.61,8957.0,48748.66,454.0,10222.685,389.0,44.0,83,46,1,3,8,408000,1,1,1.0,1,4435.0,138732.3,105000.0,5730.0,86718.87,112313.0,57.0,36,43103.0,191577.0,23854.0,3,8,183600.0,46018.0,46340.38,9,83,23488.0,Y,8387.2,current,F,32,LOW,6.0,6,684.0,0,8.0
6597,7237,10119.0,34860.64,4290.15,23680.5,10474.0,4658.0,1222.0,101.0,1,5,2,46,3,366000,1,1,1.0,1,61186.36,177795.8,6000.0,1992.0,54265.15,198059.0,67.0,1,34043.0,49007.2,23697.0,70,11,4420.0,53675.37,18432.0,16,68,67045.0,Y,3030.22,current,M,222,MEDIUM,202.0,9,766.0,1,11.0
6598,13664,19315.0,1558.54,23589.66,678.91,2186.0,13205.56,4086.52,6.0,3,82,39,1,12,599000,1,1,1.0,1,384550.05,15036.0,5101.0,1444.0,37453.0,61316.02,42.0,1,39700.0,60644.28,131736.26,50,67,63212.62,12241.89,70115.45,21,21,24661.0,Y,2477.48,current,M,36,MEDIUM,6.4,8,488.0,0,12.0
6599,4839,14730.0,15440.16,14986.9,9129.74,5364.85,5908.775,5300.0,17.0,42,47,62,2,4,152000,1,1,1.0,1,750.6,992890.32,28912.0,20790.0,13294.05,28277.0,36.0,6,5464.0,13716.24,10239.0,6,11,19735.0,19503.45,117286.0,1,58,37258.0,Y,4426.18,current,F,66,LOW,46.0,3,911.0,1,15.0
6600,8211,4999.0,3835.58,8481.5,4508.905,1268.24,10057.75,8560.56,6.0,8,14,7,11,4,494000,1,1,1.0,1,9608.3,18300.0,925.0,-4664.0,346058.21,13444.0,103.0,26,45702.0,17948.23,28682.96,3,59,35257.0,42045.11,46725.74,4,32,24917.0,Y,3384.71,current,M,38,LOW,14.4,9,503.0,0,4.0
6601,4619,13464.0,12161.65,4704.0,30409.0,920.0,12295.0,806.0,8.0,10,64,4,3,31,130000,1,1,1.0,1,13659.0,82942.0,73217.0,12415.0,27125.0,65146.41,4.0,36,17160.0,3173.45,187743.0,5,86,26155.0,99865.5,40440.0,5,73,17435.0,Y,795.04,saving,F,33,MEDIUM,6.5,10,863.0,0,12.0
6602,830,15966.0,1249.96,4696.0,34072.0,2447.0,703.2,1454.0,63.0,42,87,1,62,54,533000,1,1,1.0,1,604365.0,35000.0,12000.0,1500.0,150593.0,57058.0,94.0,3,12029154.0,44470.74,101049.32,43,108,39652.0,111646.0,55554.0,4,24,13301.0,Y,1717.97,current,M,34,LOW,4.2,8,866.0,1,17.0
6603,10907,2324.0,5536.0,5750.0,91927.14,951.0,6257.0,3053.0,124.0,3,67,4,6,2,293000,1,1,1.0,1,13877.4,51000.0,48950.0,5773.0,150813.35,61314.42,40.0,4,91381.0,39623.79,109084.0,9,11,11775.0,152976.41,120208.25,6,96,17944.0,Y,13356.99,current,M,118,MEDIUM,19.6,6,525.0,0,2.0
6604,19102,124481.0,20404.4,11327.9,32897.35,15119.44,4225.375,1486.0,25.0,65,13,42,17,16,147000,1,1,1.0,1,22086.05,482147.0,300500.0,977.0,67196.19,82227.56,12.0,1,980.0,23393.58,75459.0,2,1,4488.0,138196.13,22158.66,40,40,34462.29,Y,5067.63,current,M,30,LOW,3.0,10,507.0,1,6.0
6605,12853,18127.0,7466.71,10913.0,6195.23,6403.0,3194.2,7479.0,14.0,23,72,57,1,13,359000,1,1,1.0,1,960000.0,59306.0,51520.0,2351.0,613267.52,30654.0,4.0,4,30673.0,28398.75,82945.0,6,20,75522.0,24613.88,58864.0,8,13,34168.0,Y,7141.53,current,M,34,MEDIUM,1.4000000000000001,3,866.0,1,2.0
6606,1976,3780.0,8311.27,14034.0,22909.64,1387.0,3374.01,493.48,5.0,13,67,5,25,1,198000,1,1,1.0,1,61186.36,54388.23,539.0,5773.0,27750.14,134980.0,42.0,36,4100.0,562853.19,38828.0,1,12,35540.0,43070.02,89986.0,8,0,27120.0,Y,32628.33,current,M,66,MEDIUM,23.0,2,723.0,1,17.0
6607,7996,294194.0,6516.0,1641.0,33238.54,13093.0,7925.345,14101.71,124.0,93,3,24,38,6,367000,1,1,1.0,1,368412.25,240000.0,2156.0,-5998.43994,20603.18,31072.19,23.0,2,17190.0,15818.0,55400.0,8,38,77764.0,210896.22,111708.0,3,12,14680.0,Y,1615.51,saving,M,66,LOW,36.800000000000004,2,558.0,0,11.0
6608,2893,17587.0,9937.68,2202.0,3471.5,3311.06,3614.25,205.0,7.0,36,44,2,1,30,505000,1,1,1.0,1,117680.0,794000.0,24000.0,553.0,66192.39,39702.0,39.0,9,17527.0,49988.45,54049.0,5,46,28295.0,58766.0,98731.0,3,15,24990.0,Y,15417.36,current,F,27,LOW,0.7000000000000001,4,324.0,0,4.0
6609,19561,20094.0,14155.27,608.75,7739.3,1711.0,12960.97,755.31,1.0,26,35,2,26,9,406000,1,1,1.0,1,47651495.0,330001.0,25524.0,3735.0,126861.88,9478.0,16.0,1,38094.0,19617.64,39972.0,11,26,17883.0,42274.0,90855.0,40,107,15589.0,Y,8599.9,current,M,30,LOW,6.0,9,969.0,1,4.0
6610,16190,17397.0,5490.68,2509.0,6473.9,1357.61,5608.51,3647.0,531.0,23,2,22,4,12,293000,1,1,1.0,1,57395.5,201000.0,2158.0,-6281.37987999999,24926.0,150427.34,7.0,31,41167.0,88200.75,59872.0,17,6,25603.0,55336.22,267.0,8,0,54485.0,Y,2003.68,saving,M,53,MEDIUM,19.8,6,814.0,1,4.0
6611,10206,412.0,6373.82,2587.53,1418.0,5178.25,3649.0,6938.36,67.0,128,14,22,2,10,302000,1,1,1.0,1,1309500.9,822659.0,655.0,1444.0,35246.01,100125.0,103.0,26,110633.65,102197.09,113438.82,31,81,13053.0,20991.0,48004.0,16,106,21555.0,Y,2905.26,current,M,35,MEDIUM,10.5,3,858.0,0,17.0
6612,5358,179191.0,17085.74,8778.0,3542.3,176.0,12335.88,2227.0,124.0,1,72,60,1,3,143000,1,1,1.0,1,115818.74,22400.0,5591.0,6916.0,32826.39,50093.0,4.0,1,34648.0,27299.54,55145.0,6,8,58690.0,103054.52,51713.0,2,103,24386.0,Y,3882.64,current,F,66,MEDIUM,27.6,1,626.0,1,6.0
6613,1486,9830.0,700.08,58692.0,7975.99,1297.84,1985.775,14791.0,19.0,2,30,1,15,81,186000,1,1,1.0,1,107686.46,77965.0,1036.0,5340.0,64906.0,78937.0,89.0,5,2400.0,18023.01,112257.88,43,0,44571.0,44618.64,930.0,10,79,17088.0,Y,11923.1,current,F,60,LOW,16.0,8,249.0,1,17.0
6614,2405,7057.0,1665.0,11638.0,6671.0,6946.54,12484.0,1120.94,1.0,99,35,1,2,3,352000,1,1,1.0,1,57395.5,54395.0,126001.0,3897.0,185692.42,88709.0,36.0,31,32560.0,36621.69,311332.0,17,171,53988.0,17409.68,77999.0,4,12,29304.0,Y,17739.66,saving,M,46,LOW,20.8,5,245.0,1,16.0
6615,8327,730.0,9578.0,795.56,3959.5,498.0,4247.0,623.0,44.0,26,89,2,2,4,49999,1,1,1.0,1,21745.0,12000.0,925.0,-5715.49022999999,24635.84,16157.0,35.0,3,38448.0,31475.55,73777.5,45,20,2915.0,61424.35,49552.52,6,0,286150.0,Y,428.3,current,M,47,LOW,5.4,10,424.0,1,2.0
6616,14530,16036.0,2870.59,4008.51,21151.0,2579.2,2615.83,12868.0,44.0,3,61,5,2,34,494000,1,1,1.0,1,96218.53,12000.0,15477.0,0.0,236132.08,15970.0,55.0,6,24985.0,48945.04,98237.0,9,81,16187.0,1504.0,77031.5,10,42,20904.0,Y,454.8,saving,M,33,MEDIUM,7.800000000000001,1,394.0,1,4.0
6617,7848,12643.0,5319.0,5431.86,6998.68,1214.36,5621.115,6117.0,100.0,36,5,5,1,39,379000,1,1,1.0,1,238733.0,1475000.0,230000.0,12174.0,308115.54,39884.5,42.0,7,37746.0,64924.82,93514.5,1,26,630000.0,215038.92,42372.5,94,104,23143.0,Y,5774.86,current,M,37,MEDIUM,15.3,5,799.0,0,4.0
6618,10454,17930.0,10822.35,4604.0,3720.83,10455.88,56405.69,4258.76,56.0,23,50,5,4,8,522000,1,1,1.0,1,566914.0,64491.0,155205.0,903.0,95850.06,34518.0,11.0,0,102495.0,87787.19,112145.0,17,78,58883.0,13084.0,107577.0,2,1,31442.0,Y,8163.09,saving,M,66,MEDIUM,13.8,7,488.0,0,19.0
6619,5289,18810.0,6473.9,1744.48,6981.0,29884.0,64620.0,6767.2,63.0,2,46,15,3,47,300000,1,1,1.0,1,8043.25,46500.0,33774.0,1465.0,10196.0,43943.91,57.0,5,29146.0,70784.5,60992.3,4,104,31601.0,64425.22,50427.0,3,18,64766.0,Y,47627.46,current,M,32,LOW,1.2000000000000002,9,503.0,1,17.0
6620,660,14022.0,9007.68,20105.2,23559.8,21837.56,820.0,564.0,1.0,18,16,52,2,54,461000,1,1,1.0,1,140262.4,326326.9,30000.0,12415.0,40826.88,83642.0,59.0,1,64477.0,50343.61,97330.0,4,43,109146.0,3173.55,24796.5,3,32,2510.0,Y,946.22,current,M,35,MEDIUM,7.5,4,267.0,1,19.0
6621,14451,334821.0,32725.8,2703.0,20293.43,831.0,3025.175,6953.0,4.0,7,27,48,1,4,330000,1,1,1.0,1,125811.0,138475.4,3850.0,-6301.0,79266.34,210711.77,95.0,31,38518.4,108369.75,64661.0,47,0,34658.0,42189.94,109033.22,62,0,72425.0,Y,5483.59,saving,M,46,LOW,10.4,5,638.0,0,9.0
6622,7418,8491.0,4753.93,383.3,1474.84,2053.0,14758.87,11816.69,56.0,3,5,2,3,39,114000,1,1,1.0,1,55700.0,42723.0,4699.0,6916.0,89605.39,28082.0,11.0,1,21764.0,32996.68,52967.0,2,81,121289.0,61348.05,35021.13,5,12,23862.0,Y,64043.88,current,M,33,MEDIUM,13.0,5,448.0,0,15.0
6623,12797,18642.0,1695.0,7370.02,2492.0,2629.2,1149.4,4947.95,12.0,4,23,2,2,30,453000,1,1,1.0,1,192428.25,110135.86,768.0,5464.0,131374.0,33319.0,5.0,1,110842.0,16987.0,44636.0,2,6,16100.0,140108.1,11829.5,4,49,35243.0,Y,2383.51,current,M,47,MEDIUM,10.8,10,653.0,0,12.0
6624,9904,179116.0,7982.54,35199.66,3907.98,6315.81,2430.0,859.0,7.0,8,20,1,60,68,154000,1,1,1.0,1,33111020.0,1187335.5,550.0,26601.0,54635.24,61665.62,18.0,13,24193.0,54364.14,61303.0,3,13,47705.0,10305.02,10163.0,4,113,1450.0,Y,14633.68,current,F,66,LOW,27.6,4,448.0,1,8.0
6625,12412,322595.0,15576.0,28063.86,26480.59,6509.0,11293.0,3891.73,17.0,7,50,45,51,31,391000,1,1,1.0,1,26502.28,3.59,4000.0,5464.0,21981.0,21105.5,70.0,5,10141.0,51482.66,107754.86,0,14,66372.0,71230.5,37366.0,2,61,50201.0,Y,10396.9,current,M,58,MEDIUM,19.0,6,249.0,1,5.0
6626,19683,9953.0,44287.42,16783.18,5298.0,3908.14,5706.715,833.22,3.0,30,9,1,5,4,58000,1,1,1.0,1,8370.8,330001.0,56305.0,1465.0,72054.0,25724.0,4.0,3,21290.0,122414.13,15336.0,3,82,28868.0,201798.13,62221.22,9,7,22646.0,Y,880.4,saving,M,30,LOW,6.0,8,809.0,0,2.0
6627,1492,8197.0,38490.0,38099.0,40141.87,14963.37,4434.05,411.0,6.0,61,50,41,7,62,423000,1,1,1.0,1,185669.2,97523.61,655.0,0.0,27704.07,64193.0,35.0,3,24898.0,30803.35,125472.0,9,30,21457.0,88649.21,66923.0,14,79,249000.0,Y,3294.91,current,M,27,LOW,4.9,7,394.0,0,5.0
6628,7437,19143.0,15185.0,1080.0,12954.0,6550.5,832.0,11604.0,1.0,23,5,10,2,16,523000,1,1,1.0,1,47024.8,1425000.0,610000.0,5439.0,60830.0,43981.0,55.0,13,20417.0,97337.24,12479.0,2,20,34583.0,48410.02,15515.0,3,24,17196.0,Y,16860.93,saving,F,47,LOW,8.1,2,249.0,0,20.0
6629,4186,8786.0,34945.0,2297.0,29954.0,5560.0,411.09,62973.2,14.0,18,117,2,25,67,44000,1,1,1.0,1,306.4,66.0,655.0,9415.0,24769.77,35128.75,10.0,7,26750.0,12511.0,67872.0,31,4,107738.0,192420.5,133752.0,12,75,40894.0,Y,66839.75,current,F,56,LOW,10.8,7,330.0,1,17.0
6630,17587,7634.0,4921.0,1514.0,24854.71,429.0,3248.0,4772.0,2.0,93,49,8,31,3,301000,1,1,1.0,1,5688.0,385218.7,15477.0,20324.0,689.0,41871.0,147.0,5,46268.0,39567.58,42543.0,4,25,26801.0,52354.0,43726.0,7,73,174265.0,Y,10987.92,saving,M,46,MEDIUM,15.600000000000001,6,766.0,0,15.0
6631,1726,1293.0,4650.32,16131.07,11846.0,74007.0,51737.0,3081.0,10.0,5,9,7,6,10,595000,1,1,1.0,1,1900.0,330001.0,2644.0,12415.0,26167.25,40401.0,69.0,5,34363.0,1441.0,141080.0,2,20,26200.0,15353.0,516258.5,14,6,15374.0,Y,9480.31,current,F,33,MEDIUM,1.3,10,626.0,1,17.0
6632,7797,8668.0,14735.0,682.0,31903.2,456.0,10243.68,14101.71,17.0,23,47,1,1,98,378000,1,1,1.0,1,3247.5,222222.0,15000.0,3323.0,17651.75,50542.0,18.0,5,56333.0,7550.39,72140.0,43,4,24266.0,49873.89,349670.0,21,11,44874.0,Y,5354.97,current,M,33,MEDIUM,7.800000000000001,6,245.0,1,18.0
6633,13689,2104.0,4818.0,5018.03,1832.0,7905.83,31648.29,27985.1,26.0,3,3,2,2,2,240000,1,1,1.0,1,526.25,257406.7,1052.0,-6301.0,30914.97,30600.0,52.0,36,82.91,57104.3,70547.0,5,20,251364.0,126995.79,40831.25,8,124,21038.0,Y,33800.0,current,M,28,MEDIUM,6.4,1,974.0,1,11.0
6634,11165,1794.0,10119.0,4023.0,1749.0,290.0,10057.75,21126.0,6.0,10,16,2,4,81,143000,1,1,1.0,1,8370.8,64491.0,4458.0,-5439.0,205890.31,169930.0,70.0,36,22434.0,80779.14,57225.0,3,108,27034.09,12954.02,32234.2,3,103,8495.0,Y,855.57,current,M,66,LOW,4.6000000000000005,5,424.0,1,11.0
6635,10203,8044.0,127684.38,834.01,12140.88,2701.0,14478.0,3184.0,19.0,30,7,42,2,25,505000,1,1,1.0,1,51291.45,93.35,3570.0,173.0,18373.5,43663.0,94.0,36,38396.0,54367.0,20347.3,9,20,36206.0,29264.75,47398.5,117,52,62916.0,Y,82160.62,current,M,33,MEDIUM,2.6,7,296.0,1,18.0
6636,12715,109574.0,12821.2,5753.0,3038.0,1884.52,7158.4,8179.0,12.0,83,105,8,6,1,130000,1,1,1.0,1,213557.15,32000.0,183999.0,1444.0,126830.5,363877.88,103.0,1,16272.0,165441.48,10168.0,45,86,99440.0,37436.74,1297.58,4,100,34739.0,Y,2303.84,current,M,35,MEDIUM,7.5,2,799.0,0,2.0
6637,10231,6258.0,3513.81,1041.0,33163.0,10434.28,4708.5,3053.0,60.0,36,1,24,4,36,371000,1,1,1.0,1,61761.4,93.35,183999.0,-3506.17993,39825.94,151635.0,2.0,2,31911.0,40574.66,169399.0,1,9,21772.0,89502.96,45456.0,3,103,13757.0,Y,17545.28,saving,M,33,MEDIUM,6.5,5,249.0,0,11.0
6638,13052,13701.0,17392.49,6296.03,10806.49,2039.92,26789.86,2803.5,28.0,6,23,1,15,17,512000,1,1,1.0,1,19.95,117890.0,30000.0,7984.0,12886.85,215826.0,42.0,35,52512.0,13962.21,12683.0,0,25,23557.0,112318.19,31977.5,6,6,23895.0,Y,5838.39,current,M,64,MEDIUM,13.200000000000001,3,809.0,0,16.0
6639,15491,17602.0,35002.31,4225.08,155443.0,4759.0,7238.0,197.0,6.0,26,35,20,31,1,58000,1,1,1.0,1,94493.75,12257.0,1266.0,-3506.17993,23313.0,87152.39,52.0,1,24616.0,53287.25,58158.0,3,14,28937.0,69469.0,25981.0,21,12,27043.0,Y,816.4,saving,M,29,MEDIUM,6.300000000000001,6,269.0,0,10.0
6640,8879,8840.0,36563.83,6241.47,17150.68,1491.0,3989.97,18793.0,2.0,47,47,2,3,98,44000,1,1,1.0,1,71191.8,32000.0,16114.0,1014.0,194.25,33805.0,46.0,7,60557.0,4643.82,2168.0,1,27,35693.0,89195.07,39515.0,6,103,96193.0,Y,1254.52,current,M,27,LOW,2.1,10,683.0,1,13.0
6641,9944,4922.0,38698.0,488.0,19175.92,3564.0,3294.105,1815.0,136.0,3,71,1,3,8,127500,1,1,1.0,1,19265.4,189246.0,1166.0,8572.0,42724.02,42391.0,17.0,9,168292.0,50006.44,150267.16,0,44,71603.59,120427.5,132.0,3,12,53844.0,Y,18717.09,current,M,34,MEDIUM,8.4,6,331.0,1,15.0
6642,16064,15620.0,18604.4,582.0,21291.73,332937.94,4426.22,462.0,531.0,23,4,25,45,58,35000,1,1,1.0,1,1038501.78,132324.01,908.0,1079.0,9259.48,49466.8,63.0,4,33887.0,11175.5,42543.0,24,13,19815.0,108064.92,262773.0,6,58,169712.95,Y,4029.73,current,M,35,MEDIUM,9.0,3,638.0,1,12.0
6643,4604,1369.0,38463.25,10913.0,1072.5,2965.6,6744.98,2829.0,63.0,10,59,24,15,4,98000,1,1,1.0,1,265809.85,197800.0,2214.0,1954.0,42638.22,1160.0,62.0,15,43103.0,40106.0,3968.0,43,11,81421.0,35222.0,40259.5,10,18,210.0,Y,35696.73,current,M,28,MEDIUM,4.800000000000001,8,598.0,1,12.0
6644,14180,4928.0,61477.82,3691.9,6952.0,32841.0,11541.52,43949.24,56.0,22,10,1,3,1,1000000,1,1,1.0,1,33111020.0,455873.9,25639.0,26601.0,65109.0,38709.0,29.0,3,8604.0,65097.04,60081.0,1,13,99393.0,32032.42,22231.0,12,49,70115.0,Y,45.27,current,M,47,LOW,18.900000000000002,6,723.0,0,14.0
6645,16228,4515.0,9017.88,3964.75,14273.0,11035.24,10313.0,6575.0,6.0,84,50,53,3,44,136000,1,1,1.0,1,65887.8,50700.0,24094.0,26601.0,61682.52,132223.0,36.0,17,36509.0,19630.8,15491.0,4,25,29035.87,48453.75,12290.0,47,124,27632.0,Y,2169.18,current,M,28,LOW,1.6,8,945.0,1,7.0
6646,4977,396471.0,10552.86,206.0,48937.9,13035.0,4453.63,5643.0,25.0,71,84,3,1,3,35000,1,1,1.0,1,3502.8,152664.0,16215.0,6885.0,25796.06,48555.0,15.0,36,70160.0,251524.64,34399.0,9,8,40112.0,191784.8,29701.0,94,1,2659.0,Y,4699.14,current,M,32,MEDIUM,4.800000000000001,4,395.0,1,19.0
6647,6743,124.0,28496.31,8506.0,3140.18,1013.31,969.0,9890.21,56.0,77,82,2,55,81,47000,1,1,1.0,1,98543.96,12257.0,3000.0,5730.0,29091.0,30633.0,42.0,36,70421.0,5284.76,125990.0,9,84,44617.17,40917.29,109258.6,3,106,20203.0,Y,875.19,current,M,62,LOW,37.800000000000004,7,508.0,1,6.0
6648,4472,320598.0,90739.88,20562.68,23648.39,9215.19,10423.0,585.0,2.0,77,5,1,4,79,202500,1,1,1.0,1,299294.61,195506.79,96558.0,7478.0,164845.02,2279968.41,40.0,4,23916.0,29456.65,15638.93,0,25,249000.0,126814.06,25173.0,5,24,22499.0,Y,26992.12,current,M,33,LOW,3.9000000000000004,6,883.0,1,19.0
6649,14825,8083.0,12603.35,4950.77,4750.52,1830.0,5349.0,455.0,6.0,13,4,8,3,14,579000,1,1,1.0,1,4039029.9,326326.9,908.0,2351.0,22069.45,25402.0,46.0,5,17336.0,9232.59,337091.0,50,63,20346.0,26149.25,138690.01,6,7,15254.0,Y,1748.28,current,M,27,MEDIUM,2.8000000000000003,7,325.0,1,19.0
6650,14975,25106.0,3658.17,1804.0,3773.05,728.75,37075.0,4514.0,10.0,23,4,3,36,47,225000,1,1,1.0,1,1486500.0,1187335.5,2019.0,-12179.0,8306.23,50706.0,42.0,1,95362.0,17396.73,78392.8,0,7,19786.0,305110.15,211475.0,4,10,48190.0,Y,3094.29,current,M,32,MEDIUM,3.6,1,503.0,1,6.0
6651,14070,13312.0,38315.5,11665.72,827.0,888.0,8807.2,17576.0,5.0,5,5,2,6,55,16000,1,1,1.0,1,9624.6,163.14,908.0,-6885.0,22676.85,93052.0,10.0,3,51816.0,11985.02,73276.5,9,29,35434.0,4146.94,20783.0,5,63,94644.0,Y,2250.0,saving,M,47,MEDIUM,16.2,4,505.0,1,20.0
6652,12040,2340.0,16833.14,9760.0,3559.04,2714.9,1406.0,15066.0,19.0,50,35,1,2,44,25000,1,1,1.0,1,34443.0,335948.0,28912.0,-4679.0,97839.3,30684.58,11.0,7,176879.0,10031.0,40770.0,2,31,8470.0,17966.43,71132.76,2,11,199581.0,Y,786.14,current,F,30,MEDIUM,2.0,1,574.0,0,16.0
6653,16743,12462.0,4615.51,2266.0,2651.0,1240.9,66934.0,5263.0,3.0,10,50,62,4,1,27000,1,1,1.0,1,46730.2,17000.0,130000.0,6916.0,198281.15,1051552.35,7.0,2,44155.0,24317.77,130308.0,2,171,53250.0,6314.44,32899.0,2,28,58460.0,Y,1489.53,current,M,47,MEDIUM,10.8,6,506.0,0,13.0
6654,12289,16501.0,4098.0,229255.0,12223.93,10455.88,1305.14,4635.0,2.0,17,9,60,2,55,350000,1,1,1.0,1,360978.37,30453.0,25524.0,0.0,34578.28,1486.0,3.0,3,15528.0,75841.6,115110.0,2,21,99075.0,71990.92,32872.0,6,18,10650.0,Y,3033.33,current,M,50,LOW,12.0,1,836.0,0,11.0
6655,2316,17704.0,4165.0,4105.5,16202.67,9415.95,3996.87,9450.85,6.0,23,5,2,2,7,510000,1,1,1.0,1,19866.0,117890.0,30000.0,4150.0,36117.25,17014.91,35.0,5,24570.0,11483.4,46794.0,2,67,104000.0,49156.24,29014.37,36,106,59859.0,Y,1376.39,current,M,53,MEDIUM,13.200000000000001,5,801.0,1,20.0
6656,4483,4392.0,4811.52,4137.8,99428.0,1513.0,2108.0,6707.91,6.0,3,11,18,4,81,414000,1,1,1.0,1,720551.4,110135.86,851.0,-4324.0,36961.4,65588.0,63.0,1,124460.0,158154.66,11250.0,2,4,20741.0,35961.0,34787.0,94,100,29050.0,Y,6603.9,current,M,46,LOW,10.4,1,536.0,0,3.0
6657,3257,8868.0,3127.0,178.0,102802.0,4455.68,5490.02,8970.01,124.0,4,49,4,1,4,338000,1,1,1.0,1,4120.0,536874.6,610000.0,2351.0,103918.29,39004.88,43.0,4,26783.0,12880.49,40460.86,3,14,61182.0,75634.03,884.5,9,24,35408.95,Y,15322.87,current,M,64,LOW,22.0,5,558.0,1,7.0
6658,2030,12442.0,10552.87,1829.01,1264.86,1561.72,8006.0,4266.0,2.0,27,32,1,25,1,150000,1,1,1.0,1,825.0,25404.0,25002.0,1332.0,40985.62,72566.38,11.0,3,117752.0,13809.94,38087.0,2,12,35558.0,119493.17,30413.0,4,54,197385.0,Y,1516.88,current,F,64,MEDIUM,44.0,8,723.0,1,12.0
6659,16408,5625.0,4570.0,48394.0,2456.15,5256.59,830.0,942.0,531.0,128,4,22,4,91,100000,1,1,1.0,1,12057.2,78050.0,5981.0,1992.0,35891.6,49136.5,18.0,36,41731.0,17354.0,30175.36,0,81,25583.0,14802.85,53613.0,2,58,19373.0,Y,426.33,current,M,47,MEDIUM,8.1,4,445.0,1,4.0
6660,15393,14329.0,2708.4,12152.84,2899.0,5991.0,11154.7,1229.87,10.0,77,35,20,21,47,341000,1,1,1.0,1,825.0,1024477.47,51520.0,5464.0,129280.0,355211.0,22.0,15,41108.0,42041.1,22881.0,7,108,21643.0,74402.8,108734.02,21,63,51940.0,Y,9126.91,current,M,50,MEDIUM,30.0,3,394.0,0,20.0
6661,13544,342345.0,4775.12,3300.01,6018.48,2135.0,5246.445,22520.0,4.0,9,87,8,1,70,190000,1,1,1.0,1,61186.36,110135.86,25849.0,5730.0,50528.7,91052.62,9.0,2,11352.0,63127.88,15929.0,2,70,116678.0,20614.88,21635.0,1,101,10892.0,Y,168.83,current,F,66,LOW,18.400000000000002,5,805.0,1,19.0
6662,18612,5906.0,1465.77,17925.04,117270.0,349.0,1995.03,20455.0,10.0,60,9,2,44,42,595000,1,1,1.0,1,827.31,295150.9,4699.0,6885.0,37454.62,228755.56,10.0,1,28351.0,31826.0,63623.0,4,4,104784.0,3001.77,43615.0,1,12,116905.0,Y,5574.32,current,M,34,LOW,14.0,10,743.0,0,9.0
6663,19088,302467.0,3075.0,2938.52,4587.0,5979.91,3098.725,11346.0,25.0,9,9,47,14,4,555000,1,1,1.0,1,48624.7,90829.65,19176.0,12174.0,49629.25,64963.0,29.0,28,28790.0,165176.37,78966.0,35,108,14032.0,58424.0,152449.0,3,49,1536000.0,Y,41448.51,saving,F,47,MEDIUM,5.4,10,535.0,1,20.0
6664,12105,389177.0,4576.85,3444.37,13349.9,6292.0,380.84,80603.0,3.0,5,59,2,4,54,359000,1,1,1.0,1,4323.0,216932.5,825.0,6441.0,78079.6,50278.0,1.0,9,35477.0,21174.44,35251.0,6,25,5500.0,20294.11,41882.0,12,79,24667.0,Y,362.15,current,M,47,MEDIUM,13.5,8,969.0,1,2.0
6665,15739,13628.0,17085.74,1703.0,2714.26,5517.0,5617.8,1017.0,6.0,47,7,11,4,1,155000,1,1,1.0,1,48422.7,95081.0,641.0,6885.0,25348.5,131210.0,62.0,1,50040.0,96374.86,66907.0,70,1,17566.0,98062.16,16564.0,8,11,179347.0,Y,7384.04,current,M,55,LOW,14.0,4,796.0,1,2.0
6666,6903,12661.0,13828.26,633.0,2183.57,1572.0,6310.91,11923.0,9.0,5,50,8,4,47,47000,1,1,1.0,1,15079.5,53749.0,19400.0,-4679.0,45412.5,42831.0,90.0,13,19872.0,28394.75,99720.25,1,13,38836.0,399198.57,27181.05,62,63,18585.0,Y,2169.3,current,M,35,LOW,13.5,8,911.0,1,18.0
6667,11584,11460.0,18890.92,5644.09,2076.0,4280.9,5741.0,24148.83,6.0,27,44,2,12,80,199999,1,1,1.0,1,15939.83,3651922.3,12000.0,1500.0,88703.29,29861.0,42.0,26,30913.0,2085.75,5180.0,6,81,127645.0,32027.01,23507.0,2,18,19889.0,Y,4617.41,current,M,35,LOW,1.5,10,394.0,0,13.0
6668,9455,391492.0,30021.56,5317.0,29755.18,11296.0,10423.0,2686.38,56.0,5,64,1,3,8,421000,1,1,1.0,1,530797.35,251131.79,12560.0,-5715.49022999999,15018.0,48003.0,43.0,43,54.74,45834.15,126975.0,19,78,16779.0,32337.78,14247.0,117,10,24573.0,Y,14294.14,current,M,55,MEDIUM,17.5,4,814.0,1,15.0
6669,7171,11140.0,19805.12,6749.58,10464.07,439.98,5826.5,9294.0,44.0,66,38,1,3,47,575000,1,1,1.0,1,3618670.8,429273.4,73217.0,2351.0,14392.0,18234.0,42.0,5,17819.0,306777.44,61619.0,9,50,78500.0,45167.63,51443.29,21,25,132162.0,Y,1677.38,current,M,62,MEDIUM,42.0,8,450.0,1,9.0
6670,18818,14602.0,29308.0,7046.0,12610.77,1871.0,27282.045,367.0,18.0,10,16,5,2,55,125000,1,1,1.0,1,55458.53,446457.0,50000.0,-6885.0,53919.74,45267.0,0.0,4,2154.0,36585.72,17722.0,23,20,25835.0,40494.2,56520.0,93,61,33921.0,Y,88.43,saving,M,53,MEDIUM,13.200000000000001,7,269.0,0,16.0
6671,6497,10735.0,19254.08,1311.0,10983.94,11615.93,7961.0,197.0,4.0,43,74,53,2,47,74100,1,1,1.0,1,41883.6,6.0,230000.0,5340.0,19278.8,58953.0,42.0,30,76153.0,60297.12,24577.0,2,108,44518.0,52626.23,171940.0,2,10,12766.0,Y,1248.62,current,M,66,LOW,23.0,7,863.0,1,6.0
6672,9819,19084.0,27109.0,1425.0,13028.45,1634.26,18215.8,965.0,531.0,23,59,2,48,13,429000,1,1,1.0,1,2008232.55,440000.0,130000.0,3897.0,13080.25,5252.0,91.0,36,39024.0,20866.2,21256.0,0,77,24744.0,114100.76,8815.0,9,18,84274.0,Y,27649.94,current,M,33,LOW,10.4,5,448.0,1,14.0
6673,19378,4569.0,10123.0,1557.0,9485.5,921.0,25533.0,2007.0,2.0,4,48,3,3,1,59000,1,1,1.0,1,46730.2,252369.0,1515.0,20790.0,5975.95,30654.0,7.0,26,85430.0,71457.79,77293.0,0,17,19486.0,5384.86,111491.2,49,58,34338.0,Y,4706.28,current,M,32,MEDIUM,6.0,3,464.0,1,6.0
6674,15529,4439.0,24627.0,14320.02,2570.25,1790.0,10226.915,12776.89,92.0,2,60,4,2,8,472000,1,1,1.0,1,61186.36,90829.65,4000.0,2921.0,134852.82,41154.0,11.0,4,18460.0,104045.68,30517.0,0,7,50087.0,16078.45,41471.0,93,8,32606.0,Y,20893.21,current,M,32,MEDIUM,9.600000000000001,2,486.0,1,4.0
6675,11224,7560.0,2090.78,201544.79,16504.53,5923.0,26380.0,11854.03,2.0,1,90,3,3,17,109000,1,1,1.0,1,115.45,218670.0,130000.0,2351.0,18894.25,150439.0,46.0,5,22091.0,33781.36,137118.0,0,23,42322.0,10367.8,199758.0,53,103,239.0,Y,2193.41,current,M,53,MEDIUM,16.5,1,623.0,1,4.0
6676,19299,15919.0,86609.15,263.2,32897.35,12238.6,477.0,5980.0,14.0,10,135,24,1,31,154000,1,1,1.0,1,6100.0,101.24,891.0,1014.0,9271.25,46462.0,3.0,36,25886.0,78484.05,24582.0,4,23,16839.0,53675.37,10353.0,14,13,27911.0,Y,935086.81,current,M,36,MEDIUM,3.2,2,363.0,0,18.0
6677,15929,7843.0,5245.0,10936.0,13520.0,3050.0,12905.495,9812.0,2.0,3,32,7,1,2,524000,1,1,1.0,1,124064.65,342412.0,130000.0,3735.0,106328.0,68259.0,46.0,1,20146.0,110042.04,4148625.0,2,12,10040.0,24810.06,38305.0,10,58,26350.0,Y,32750.59,current,M,46,LOW,7.800000000000001,2,507.0,1,20.0
6678,4516,12648.0,11620.15,11709.44,2537.0,5542.73,2990.01,7372.0,19.0,60,4,53,1,17,371000,1,1,1.0,1,1859872.2,14000.0,48950.0,-5998.43994,45972.27,36367.77,29.0,4,45556.0,135471.53,36589.0,43,2,44555.0,95713.0,48895.0,3,11,22168.0,Y,29364.01,current,F,63,MEDIUM,21.5,5,656.0,1,15.0
6679,3484,10479.0,2120.62,12074.28,8854.0,26717.3,3842.0,1534.0,44.0,10,71,20,25,79,47000,1,1,1.0,1,7089.7,64491.0,300000.0,12415.0,54720.41,52283.0,24.0,26,99440.0,33127.75,76166.0,3,89,38019.22,77113.34,61413.09,3,68,59939.0,Y,2281.48,saving,M,25,LOW,1.5,9,503.0,0,12.0
6680,10715,298823.0,39266.23,1295.35,16484.07,11615.93,75.0,5470.0,6.0,30,5,20,4,26,337000,1,1,1.0,1,16387435.0,121927.8,1166.0,1500.0,24956.25,71114.5,89.0,2,16946.0,153100.31,43281.0,1,8,35107.88,75044.59,59876.0,62,1,37066.0,Y,4272.78,current,M,35,MEDIUM,9.0,5,653.0,1,4.0
6681,3842,6019.0,53909.91,1811.0,4316.67,592.15,4173.78,6324.0,101.0,4,10,35,55,62,448000,1,1,1.0,1,13730.0,300000.0,96558.0,903.0,19767.88,523.0,2.0,7,48299.0,36448.89,40116.0,5,44,20588.0,80656.99,17703.0,3,21,940.0,Y,2686.29,saving,M,32,MEDIUM,6.0,5,534.0,1,10.0
6682,429,164413.0,52209.08,5554.0,2909.65,1509.0,2101.0,4824.38,63.0,31,44,19,60,18,294000,1,1,1.0,1,186189.0,162423.0,508.0,3983.0,25084.25,325519.64,42.0,1,28678.0,41385.0,32315.48,5,24,39477.0,37769.17,72234.45,3,32,13404.0,Y,26.69,current,M,58,MEDIUM,30.400000000000002,9,247.0,0,13.0
6683,17966,18043.0,2262.01,11663.0,1462.78,4934.88,19708.25,20956.0,4.0,19,29,18,2,1,845000,1,1,1.0,1,201133.0,60481.0,12560.0,2921.0,21165.99,67971.5,4.0,1,21213.0,284531.54,124269.0,2,8,14722.0,26998.12,111699.0,12,22,37963.0,Y,706.24,current,M,60,MEDIUM,20.0,7,511.0,1,8.0
6684,16758,11770.0,8988.9,3009.8,2313.67,17953.82,4458.0,2027.0,24.0,29,50,30,5,17,480000,1,1,1.0,1,81872.65,189246.0,3792.0,-5998.43994,6348.0,42859.0,35.0,4,12166.0,16737.0,217409.0,6,20,67703.25,28231.44,24954.06,117,65,673.0,Y,9213.4,current,M,37,MEDIUM,5.1000000000000005,8,574.0,0,9.0
6685,15719,7539.0,1905.08,1387.0,2360.85,5027.5,2512.0,5069.0,1.0,30,19,1,20,56,19000,1,1,1.0,1,42460.6091,12000.0,16114.0,5439.0,20815.0,54491.0,11.0,3,88705.0,50066.64,7685.0,3,44,34442.0,56260.1,55939.0,4,13,4506.0,Y,39747.92,current,M,56,LOW,7.2,2,354.0,1,9.0
6686,3929,1322.0,3807.92,1042.0,34864.99,1557.36,21028.57,9034.01,531.0,23,10,15,1,8,300000,1,1,1.0,1,259573.3,22400.0,20000.0,10455.0,13227.0,41153.0,5.0,1,31839.0,52158.18,7040.0,20,8,29627.0,56151.88,385.0,2,0,34226.0,Y,2121.76,current,M,50,MEDIUM,3.0,5,647.0,1,3.0
6687,13097,8464.0,5336.0,34251.0,20247.0,1149.84,7872.45,3613.42,6.0,3,13,22,63,10,327000,1,1,1.0,1,39853.9,19000.0,925.0,167.0,79307.35,52191.0,4.0,31,21982.0,231999.06,190749.0,4,20,34361.0,13523.72,147380.73,49,58,37990.0,Y,3471.72,current,M,33,MEDIUM,11.700000000000001,4,123.0,1,4.0
6688,10107,19503.0,12362.83,37995.53,29272.0,299.0,5339.29,440.0,46.0,601,29,3,25,80,330000,1,1,1.0,1,41070.0,87578.0,3570.0,-6301.0,192999.59,127468.74,7.0,36,22010.0,602782.05,102461.0,2,108,18471.0,99101.35,72294.0,3,61,97839.0,Y,5792.62,current,M,46,MEDIUM,13.0,5,922.0,1,13.0
6689,7589,318255.0,7934.61,2158.0,6748.46,7067.0,4995.07,4951.0,50.0,8,2,4,2,2,750000,1,1,1.0,1,105453.65,223379.4,105000.0,-6335.0,317329.5,27433.0,62.0,5,45488.0,190148.22,2546.0,1,23,39817.58,54619.78,66.0,8,113,15100.0,Y,7994.07,current,M,40,MEDIUM,4.0,3,864.0,1,19.0
6690,1132,5187.0,46508.0,3963.14,6882.0,916.0,1314.64,233.0,17.0,16,50,1,1,2,152000,1,1,1.0,1,51967.25,142608.5,678.0,173.0,40288.0,64825.0,29.0,6,92601.0,54663.45,23052.0,0,20,26286.0,21587.0,85457.0,3,120,43735.0,Y,13164.63,saving,M,37,HIGH,3.4000000000000004,8,516.0,1,4.0
6691,2956,15300.0,5184.0,2782.94,56485.82,3671.16,6501.08,5441.0,4.0,9,29,6,55,3,395000,1,1,1.0,1,291969.2,201000.0,14904.0,5773.0,9274.79,76699.1,91.0,3,1249.0,21723.83,151701.74,6,171,16367.0,123514.0,39302.0,49,58,14065.0,Y,4368.79,saving,M,50,LOW,27.0,2,386.0,1,10.0
6692,885,19861.0,10038.81,5097.46,6047.5,958.0,149026.19,1573.0,17.0,22,67,10,15,81,20000,1,1,1.0,1,48675.31,152664.0,24094.0,2921.0,54334.76,27507.0,4.0,19,27453.0,28879.29,22358.04,0,17,77836.0,53982.45,173049.09,3,12,63448.0,Y,4621.44,current,M,34,MEDIUM,7.0,8,969.0,0,3.0
6693,7480,8003.0,5409.05,3962.0,1694.5,25259.0,821.52,4177.0,100.0,18,7,3,3,1,134000,1,1,1.0,1,61186.36,210651.4,96558.0,5730.0,65463.59,64732.0,46.0,43,20346.0,32014.25,21824.0,4,11,35048.0,55059.3,18799.17,11,12,23922.0,Y,3859.96,current,M,37,LOW,3.4000000000000004,6,863.0,1,13.0
6694,11825,6421.0,9751.02,4485.0,11762.0,1653.0,26802.925,2517.0,7.0,20,7,41,2,1,100000,1,1,1.0,1,76122.87,376694.91,30011.0,5773.0,136.25,15096.0,10.0,2,99552.0,117828.87,73917.0,1,20,5681.0,28582.34,51711.0,94,38,8581.0,Y,1280.0,current,M,39,MEDIUM,15.200000000000001,10,525.0,1,20.0
6695,12877,7824.0,29602.0,50939.15,12270.0,559.27,14839.0,3033.36,2.0,14,35,4,36,26,232000,1,1,1.0,1,331.2,295150.9,105000.0,5730.0,47485.0,48079.0,7.0,5,33061.0,57984.0,50783.0,2,6,17886.0,51532.62,233367.0,3,87,12416.0,Y,1640.92,current,F,37,LOW,3.4000000000000004,2,799.0,0,13.0
6696,16309,18288.0,6796.35,1831.97,1900.0,6841.3,8843.46,11199.28,531.0,11,6,44,2,70,337000,1,1,1.0,1,272677.25,52000.0,925.0,5464.0,64298.51,42346.0,18.0,19,38853.0,36845.98,23692.0,43,108,11511.72,25660.67,66984.18,58,32,15545.0,Y,20531.66,current,M,42,MEDIUM,22.0,10,796.0,1,16.0
6697,19115,1135.0,2647.0,7884.0,8857.0,1823.84,54791.815,704.0,19.0,66,49,1,31,4,371000,1,1,1.0,1,54860.05,96096.0,15477.0,2921.0,243920.4,118595.5,62.0,36,31626.0,7552.26,276257.0,6,20,64973.0,12678.46,23162.75,4,42,25536.0,Y,295.61,current,M,27,MEDIUM,1.4000000000000001,6,450.0,0,19.0
6698,8890,16931.0,20991.92,3441.26,7912.0,17917.0,2464.52,3314.0,43.0,9,59,3,25,79,302000,1,1,1.0,1,293418.75,77000.0,15756.0,1465.0,165547.98,52545.0,11.0,36,110344.0,6597.23,24456.0,9,27,95362.0,41601.75,76571.0,7,49,33285.0,Y,12195.25,current,M,47,MEDIUM,24.3,8,809.0,0,6.0
6699,5517,20254.0,6625.42,42350.9,22831.55,16231.34,2561.0,2285.68,25.0,26,48,21,63,7,199999,1,1,1.0,1,12315.0,1300000.0,30000.0,6885.0,902532.37,147895.0,11.0,25,32392.0,35774.14,80902.0,1,11,72500.0,70940.0,61792.0,3,11,52596.0,Y,647.8,current,M,55,MEDIUM,21.0,8,863.0,1,11.0
6700,2498,13011.0,54839.51,11420.0,27734.97,17692.0,3148.0,9684.2,63.0,10,13,4,1,16,340000,1,1,1.0,1,41883.6,227697.61,3000.0,-5439.0,65681.15,215130.0,4.0,15,29200.0,31041.0,53008.38,3,2,348255.0,39895.9,65512.0,5,49,50761.0,Y,1820.4,current,F,53,MEDIUM,19.8,1,523.0,0,12.0
6701,5716,342029.0,6174.68,14766.0,3351.1,1691.3,11418.63,1401.0,24.0,50,112,1,1,3,329000,1,1,1.0,1,12.19,760470.3,639.0,553.0,31682.81,60431.0,0.0,14,103134.0,27767.77,41096.0,1,30,53180.0,97856.13,18955.0,41,52,46416.0,Y,346.33,current,M,65,MEDIUM,31.5,1,355.0,0,10.0
6702,2003,208084.0,41998.07,3246.0,7467.93,2816.8,5636.5,1439.7,56.0,36,44,62,55,8,453000,1,1,1.0,1,32951.25,267421.4,56305.0,12415.0,33472.75,32510.0,20.0,17,83907.0,38898.22,31582.13,0,81,4100.0,32927.03,52407.94,8,25,114734.0,Y,4072.44,current,M,56,LOW,36.0,7,523.0,1,4.0
6703,6713,131562.0,18633.0,1051.0,5825.0,5407.0,2654.64,3322.0,6.0,46,30,3,3,67,518000,1,1,1.0,1,15961.9,184514.0,15756.0,-3053.0,136188.6,39447.0,69.0,19,62609.0,465183.65,34678.0,1,23,83.41,46329.06,4326.41,2,96,41039.0,Y,3767.4,current,M,49,MEDIUM,29.0,8,743.0,1,14.0
6704,3964,13462.0,805.64,2130.0,64860.23,9107.36,8213.0,1256.0,43.0,10,84,5,1,1,406000,1,1,1.0,1,604365.0,1024477.47,43798.0,0.0,20167.22,75792.0,15.0,3,51455.0,88620.36,78174.88,47,1,51574.0,10895.56,306373.0,6,103,28074.0,Y,9790.79,current,M,42,MEDIUM,4.4,7,685.0,1,14.0
6705,3673,6840.0,20439.76,2740.0,6226.69,17038.61,6424.0,1540.0,16.0,99,49,1,31,42,525000,1,1,1.0,1,2.13,132324.01,583.0,977.0,23901.78,229152.0,46.0,35,25661.0,14304.7,6796.0,43,81,10752.0,145835.41,36682.0,6,124,48868.0,Y,323.66,current,M,38,LOW,5.4,10,448.0,1,14.0
6706,6918,10725.0,3844.5,22835.65,2650.08,589.0,32571.31,12134.27,1.0,3,6,26,6,3,139999,1,1,1.0,1,13659.0,128314.74,2644.0,-4679.0,25210.23,8518.24,91.0,2,22622.0,13168.58,147607.0,6,44,97123.0,6292.75,26343.0,4,12,20588.0,Y,6922.63,current,M,58,MEDIUM,19.0,2,823.0,1,15.0
6707,6353,294281.0,42008.82,6355.16,3912.0,14261.2,21654.0,1209.0,26.0,18,84,1,71,5,383000,1,1,1.0,1,41070.0,3084.5,5540.0,167.0,52276.75,370703.0,55.0,0,39628.0,66575.13,34340.0,3,20,23670.0,83905.63,27288.0,2,10,176969.0,Y,8481.32,current,M,34,LOW,11.200000000000001,9,299.0,1,7.0
6708,4339,35082.0,4977.71,312.46,28429.41,5923.0,470.0,4179.0,1.0,2,44,1,6,81,202500,1,1,1.0,1,66191.5,70164.0,694.0,1992.0,52974.29,44989.0,43.0,1,60160.0,32996.68,57906.0,11,6,14176.0,66422.51,273585.47,6,42,52846.0,Y,2843.48,current,M,42,LOW,19.8,2,525.0,0,2.0
6709,18052,19083.0,33572.01,321.23,11041.5,10090.0,5303.125,4562.0,19.0,7,3,6,2,55,193730,1,1,1.0,1,22086.05,82907.34,230000.0,20324.0,771.81,81104.0,147.0,1,28443.0,11960.25,22792.0,4,8,31214.0,10622.31,132815.0,6,50,41574.0,Y,26.13,saving,F,47,MEDIUM,5.4,1,247.0,0,17.0
6710,3876,9035.0,6871.22,5650.96,35108.81,12666.76,34489.0,2204.0,66.0,19,20,52,36,41,564000,1,1,1.0,1,8209320.0,13299.0,3570.0,-2819.0,49196.0,39836.49,7.0,19,36468.0,48818.0,66354.0,4,4,32940.0,27323.27,723472.7,5,43,14600.0,Y,3477.77,current,M,47,LOW,21.6,10,485.0,1,9.0
6711,6482,4448.0,11147.0,9662.25,3700.5,1421.92,394.17,325.0,4.0,5,32,50,2,56,479000,1,1,1.0,1,322.02,41.26,30071.0,1931.0,33957.59,51124.0,29.0,5,23956.0,31813.22,71136.0,2,12,105847.0,33674.93,25692.0,9,49,35207.0,Y,3490.38,current,M,35,LOW,12.0,9,505.0,0,2.0
6712,10770,38637.0,8512.0,478.0,767.0,3718.0,4033.065,28757.0,6.0,11,70,1,2,30,267000,1,1,1.0,1,213557.15,3342.51,8060.0,-3506.17993,20688.04,38350.0,69.0,4,208339.0,97556.36,35426.0,3,108,22739.0,25830.86,1823700.19,4,52,27108.0,Y,6027.11,saving,M,32,MEDIUM,10.8,8,963.0,1,16.0
6713,18814,13020.0,3983.14,355.0,1181.52,10834.97,11886.65,8369.0,100.0,1,110,4,1,47,195000,1,1,1.0,1,32951.25,86000.0,230000.0,10455.0,55925.25,55377.0,52.0,55,83686.0,76986.25,99177.85,3,27,78889.0,44449.63,26084.56,94,50,17435.0,Y,6952.62,current,M,55,LOW,10.5,10,424.0,0,15.0
6714,9561,6516.0,4379.87,20945.08,3372.39,2463.92,764.38,5258.0,7.0,99,6,8,2,79,379000,1,1,1.0,1,811110.0,52000.0,5591.0,5439.0,194323.25,29212.0,2.0,14,25952.0,34562.76,35953.5,1,21,21262.0,80287.0,85030.0,94,0,26613.0,Y,1431.6,current,M,32,MEDIUM,8.4,1,259.0,0,3.0
6715,7584,297524.0,1847.0,1405.09,6053.76,656.67,13615.845,239.0,6.0,84,59,39,56,42,114000,1,1,1.0,1,12850544.36,78744.56,51520.0,167.0,45006.98,41637.0,42.0,36,30482.0,38940.9,31496.0,3,8,25768.0,33423.75,49015.0,2,96,22863.0,Y,19957.98,current,M,55,HIGH,28.0,7,743.0,1,12.0
6716,7929,12542.0,7176.02,16883.84,7136.0,5670.0,17953.83,868.5,531.0,3,14,30,1,10,204000,1,1,1.0,1,61186.36,633323.83,4699.0,10210.0,55780.05,42128.0,91.0,2,43078.0,24777.87,11762.49,2,75,61.4,70380.11,21008.5,3,58,17953.0,Y,6472.59,current,M,34,LOW,12.600000000000001,4,698.0,0,11.0
6717,8505,15767.0,12761.5,7856.52,14273.0,22378.0,43110.0,7659.0,25.0,1,61,5,9,11,483000,1,1,1.0,1,181073.75,167870.79,2644.0,167.0,10587.5,35544.0,46.0,30,27514.0,53258.72,1207666.75,50,171,28832.0,40410.41,33010.0,19,13,251.0,Y,2064.81,current,M,32,MEDIUM,7.2,10,700.0,1,2.0
6718,12949,7344.0,31064.0,981.0,8671.96,44615.69,2583.46,1632.0,15.0,9,35,22,1,64,67000,1,1,1.0,1,38566.25,230000.0,25524.0,5730.0,25309.0,75134.0,16.0,1,25401.0,1010827.7,49153.0,4,5,26828.0,2153.0,41330.0,3,9,144100.0,Y,35258.0,current,M,53,HIGH,19.8,3,748.0,1,6.0
6719,14953,8325.0,978.0,8762.0,30507.88,1871.0,3771.515,699.1,60.0,18,9,50,6,9,256000,1,1,1.0,1,5215.0,134000.0,73217.0,1411.0,55258.84,16559.0,15.0,43,56510.0,44478.77,311332.0,3,67,112062.0,6666.0,55458.93,1,58,13657.0,Y,37877.95,saving,F,47,MEDIUM,8.1,2,698.0,0,19.0
6720,10794,11135.0,51095.04,6906.04,3158.4,4474.66,5561.125,4558.0,531.0,36,2,2,11,70,53000,1,1,1.0,1,137553.95,94885.9,33774.0,6916.0,46604.66,130257.37,55.0,4,39751.0,196365.0,71128.36,31,108,16436.0,89974.56,325795.0,10,11,18541.0,Y,3110.43,saving,M,33,MEDIUM,2.6,9,535.0,1,15.0
6721,18437,13174.0,6473.9,13353.4,12853.48,6052.75,13930.0,4016.0,50.0,42,53,47,1,1,382000,1,1,1.0,1,2666.4,170989.0,579.0,-5998.43994,18861.0,103070.0,42.0,36,74954.0,53325.63,26162.0,47,108,86707.0,40264.47,18532.0,4,18,26132.0,Y,2426.02,current,M,47,HIGH,5.4,9,464.0,1,14.0
6722,19649,11986.0,13202.38,4696.0,14424.5,13860.0,5197.8,246.0,2.0,56,50,30,44,55,620000,1,1,1.0,1,181073.75,143000.0,50000.0,19453.0,24659.53,25268.0,2.0,1,48509.0,2177.0,122878.0,2,29,56865.0,55825.5,21786.0,1,106,24990.0,Y,2290.4,current,M,33,MEDIUM,11.700000000000001,6,945.0,0,18.0
6723,2424,1812.0,20188.2,780.46,17275.31,963.24,11098.0,2479.0,1.0,27,3,26,1,3,272000,1,1,1.0,1,35280.0,376600.5,798.0,5773.0,164709.74,10170.0,46.0,26,51631.0,21921.37,45439.0,4,6,59584.0,23200.0,654.0,22,50,10460.0,Y,9636.17,current,M,35,MEDIUM,7.5,7,614.0,1,13.0
6724,1378,100.0,23996.0,778.76,32445.91,2935.0,3894.0,5305.0,6.0,84,10,42,24,79,525000,1,1,1.0,1,413540.0,446457.0,43798.0,2921.0,7338.45,20198.0,52.0,0,46688.0,34249.44,797.0,71,82,29053.0,65704.7,29204.0,22,1,22738.37,Y,2464.89,current,F,55,MEDIUM,14.0,2,269.0,1,15.0
6725,7865,4685.0,4300.0,1774.02,5779.92,450.0,5668.0,5143.0,18.0,36,10,1,12,10,186000,1,1,1.0,1,5045.13,232524.0,908.0,6613.0,20499.03,128378.0,52.0,5,143699.0,4156.0,131214.0,3,81,32921.0,104559.25,52711.89,94,7,49491.0,Y,3656.18,current,M,44,LOW,21.6,6,123.0,0,4.0
6726,2106,128405.0,48173.0,1160.5,25207.93,6209.0,692.52,3800.79,24.0,66,5,1,2,54,576000,1,1,1.0,1,977377.25,280000.0,26241.0,5773.0,71343.15,10248.96,91.0,7,2000.0,44628.88,17883.0,9,81,25681.0,80661.41,25747.0,117,15,103334.0,Y,823.79,current,M,53,MEDIUM,9.9,4,464.0,0,19.0
6727,3423,344.0,7090.39,3056.0,5724.46,4255.76,246.0,786.0,12.0,43,89,2,2,1,324000,1,1,1.0,1,199690.5,117890.0,5905.0,-3506.17993,43528.0,5668.74,16.0,0,32100.0,10355.0,19761.5,1,31,62662.0,41241.27,19850.21,4,32,117504.0,Y,727.03,saving,F,58,MEDIUM,19.0,3,809.0,1,5.0
6728,17487,17753.0,40640.9,2403.84,15559.53,5647.0,4713.95,696.0,1.0,10,74,8,38,17,300000,1,1,1.0,1,4500.0,157000.0,8333.0,5340.0,66374.36,40262.0,18.0,3,21006.0,39552.5,11198.0,1,20,26701.0,23666.51,76949.0,21,58,55454.0,Y,1666.15,current,F,42,MEDIUM,22.0,5,866.0,1,9.0
6729,15447,302053.0,16721.445,321.23,8702.09,4498.0,10254.0,3891.73,5.0,8,135,1,3,9,47000,1,1,1.0,1,16512.0,342412.0,96558.0,3735.0,44828.92,42148.0,11.0,4,22930.0,10781.57,21181.0,7,25,8627.0,280828.07,87789.12,2,7,31000.0,Y,1732.39,current,F,60,MEDIUM,4.0,10,566.0,1,12.0
6730,1419,329647.0,5924.61,7223.0,4511.42,5528.0,16028.375,834.0,1.0,9,49,24,1,3,494000,1,1,1.0,1,55700.0,60040.0,891.0,553.0,8435.59,7769.0,40.0,23,8019.0,77829.98,31708.5,7,108,14295.0,11334.18,36307.25,2,12,149.79,Y,15018.62,current,F,32,LOW,6.0,9,523.0,1,6.0
6731,13840,2639.0,6578.03,7278.27,19403.87,2089.73,1054.0,4183.45,44.0,23,5,1,2,6,501000,1,1,1.0,1,3950.0,189246.0,33330.0,7478.0,120354.08,120569.38,90.0,2,39471.0,54220.6,201472.0,7,23,135864.0,672918.22,42723.0,2,32,16940.0,Y,418.42,current,M,44,MEDIUM,21.6,9,254.0,1,20.0
6732,18287,6021.0,33709.0,795.56,1626.48,5413.39,2342.0,3395.0,531.0,10,20,2,3,2,16000,1,1,1.0,1,1727970.9,390700.0,1018.0,3983.0,81047.59,15035.0,62.0,13,15215.0,6970.06,18893.0,0,78,88260.0,15173.92,19595.0,10,57,15670.0,Y,1793.96,current,F,35,LOW,3.0,5,503.0,1,6.0
6733,12501,5494.0,104433.78,2197.7,74844.03,3839.0,2176.35,3906.69,6.0,23,53,4,6,56,134000,1,1,1.0,1,196885.0,201000.0,100000.0,2000.0,21798.1,37344.0,16.0,36,35200.0,30878.0,4537.0,6,20,43191.0,29206.17,92389.75,4,63,140349.0,Y,1086.13,saving,M,28,MEDIUM,4.800000000000001,9,710.0,1,11.0
6734,5693,1750.0,1163.0,3087.9,6258.0,2210.0,171480.33,1288.88,531.0,19,82,12,71,4,167000,1,1,1.0,1,111.0,152.87,300500.0,6409.0,30514.76,45181.0,40.0,1,291262.0,35614.49,70844.0,2,9,26589.0,121373.96,73427.0,2,61,23922.0,Y,6075.04,current,M,32,LOW,2.4000000000000004,5,805.0,1,15.0
6735,18590,5947.0,14771.0,719.01,9526.22,2061.0,8311.0,2150.0,26.0,18,44,1,5,55,350000,1,1,1.0,1,41.4,308615.5,248000.0,1500.0,27573.44,72520.61,62.0,19,20815.0,14064.57,101066.0,70,7,39652.0,47941.0,64778.64,3,73,38651.0,Y,3450.83,current,M,34,MEDIUM,14.0,10,575.0,1,12.0
6736,18386,20173.0,78259.03,2136.0,5723.0,11155.0,6729.84,87.0,24.0,10,44,5,8,3,74100,1,1,1.0,1,386666.75,6574.31,30011.0,-5715.49022999999,1286.85,164871.0,46.0,1,41531.0,227223.09,40348.0,45,23,52382.0,15314.0,938.0,2,42,357528.95,Y,1246.71,current,F,25,MEDIUM,1.0,5,535.0,1,5.0
6737,15470,38505.0,61257.0,4381.31,7161.3,8537.77,4457.935,7868.0,12.0,29,72,2,3,9,98000,1,1,1.0,1,3101.3,34120.0,51520.0,10455.0,1055091.5,37711.41,69.0,0,33300.0,3638.25,22096.39,7,24,29785.0,164322.27,36677.0,2,133,20557.0,Y,53506.95,current,F,58,MEDIUM,15.200000000000001,6,801.0,1,20.0
6738,11666,4791.0,3312.84,1756.59,31911.15,282.0,23113.04,1427.0,26.0,10,50,24,4,98,156000,1,1,1.0,1,328504.5,64491.0,6000.0,9415.0,36271.11,57722.0,16.0,26,13082.0,36288.76,88780.09,0,8,15990.0,58174.75,30192.0,7,113,92800.0,Y,188.65,current,F,60,LOW,28.0,8,446.0,0,19.0
6739,1975,19196.0,11576.35,31377.18,7040.23,7236.0,53676.85,20156.0,12.0,10,9,2,27,4,408000,1,1,1.0,1,66191.5,267421.4,16004.0,1411.0,149.25,69133.37,42.0,1,26388.46,19722.85,15957.56,9,7,21466.0,54963.52,31011.0,10,1,35618.0,Y,104.86,current,M,42,HIGH,2.2,7,911.0,0,3.0
6740,4670,19838.0,1717.5,9902.0,669.0,21210.66,4916.42,546.0,57.0,23,49,7,2,58,326000,1,1,1.0,1,28482.5,53749.0,48950.0,12299.0,32017.0,82785.0,35.0,43,24889.0,6478.0,54177.0,1,82,41854.0,133863.97,54983.0,7,50,68778.0,Y,13740.99,current,M,53,MEDIUM,3.3000000000000003,4,598.0,0,3.0
6741,16357,298973.0,18889.2,2199.0,25347.49,1945.13,796.0,9686.46,19.0,1,10,1,6,47,371000,1,1,1.0,1,197067.2,120000.0,50000.0,5464.0,126830.5,31252.0,42.0,4,116875.22,28498.1,104291.98,3,77,24000.0,82689.96,29093.0,18,50,37765.0,Y,5084.65,current,M,31,LOW,4.4,2,486.0,1,18.0
6742,10919,14718.0,1275.315,9186.0,4916.9,5995.0,6927.0,2964.5,2.0,29,49,5,20,56,533000,1,1,1.0,1,550.0,375000.0,13533.0,0.0,23163.88,43675.0,8.0,2,16845.0,51591.7,36871.0,1,6,18643.0,99053.0,32513.0,21,113,55267.0,Y,31.02,current,M,25,MEDIUM,1.0,5,858.0,0,9.0
6743,2441,14806.0,899.0,5283.0,70456.0,5204.0,13026.8,6768.17,53.0,47,16,3,9,20,47000,1,1,1.0,1,32200.0,500358.79,13873.0,-4679.0,11060.96,59918.0,63.0,3,27757.0,52034.17,124269.0,2,20,64151.0,254052.0,162423.0,13,8,29825.0,Y,750.74,current,M,46,MEDIUM,15.600000000000001,10,921.0,1,13.0
6744,7231,1824.0,10684.49,4330.0,957.0,1131.23,38725.14,23629.3,10.0,34,10,53,3,56,461000,1,1,1.0,1,89908.8,6574.31,579.0,-6301.0,41531.42,8031.0,74.0,17,22131.0,103902.25,93.0,2,35,20337.0,17929.76,54316.0,21,12,23922.0,Y,1337.65,current,M,25,HIGH,4.5,7,485.0,1,9.0
6745,8127,15595.0,2092.36,625.0,6765.08,10705.61,821.52,4463.41,3.0,1,6,3,12,2,306000,1,1,1.0,1,58834.74,27000.0,19400.0,10455.0,90721.04,170047.23,12.0,35,39027.0,13656.25,41875.0,5,20,17674.0,138132.87,29514.0,47,58,12440.0,Y,657.11,current,M,62,MEDIUM,8.4,3,748.0,1,2.0
6746,3701,15608.0,16903.86,64470.75,599.9,3766.0,24931.0,170.0,531.0,2,59,1,7,3,134000,1,1,1.0,1,120781.35,78050.0,26241.0,1079.0,15394.0,40017.0,3.0,28,2495.0,36589.87,115193.0,6,50,64208.0,152940.94,249217.0,6,63,3800.0,Y,4488.12,current,M,37,MEDIUM,11.9,10,647.0,1,9.0
6747,9072,9535.0,5708.57,2406.0,7256.67,4003.0,10342.865,214.0,5.0,4,14,18,55,98,378000,1,1,1.0,1,46962.5,340000.0,12337.0,3560.0,60144.9,62018.0,35.0,31,227448.0,36309.22,678.0,2,59,575.0,81793.45,249.0,10,50,18730.0,Y,1162.35,saving,M,28,LOW,0.8,1,583.0,1,19.0
6748,18501,142433.0,3046.14,644.0,21658.0,2876.0,4495.48,4950.0,19.0,34,2,45,23,11,102000,1,1,1.0,1,111.0,64491.0,610000.0,0.0,31944.0,21112.91,10.0,6,40544.0,36517.4,202575.0,35,20,28637.0,192850.0,19897.0,2,8,56842.01,Y,2646.72,current,F,32,MEDIUM,3.6,9,614.0,1,14.0
6749,13740,8605.0,4605.99,3584.0,7064.31,1837.0,10619.0,13049.0,50.0,18,23,7,4,1,59000,1,1,1.0,1,1665.0,225000.0,1515.0,-7652.0,43157.88,112720.0,15.0,31,22460.0,45450.84,38776.0,70,25,79063.0,88632.4,195.0,62,18,55411.36,Y,3044.03,current,F,33,LOW,7.800000000000001,3,516.0,1,11.0
6750,13311,10847.0,4611.0,9528.12,10401.57,248.9,9058.0,4401.8,26.0,5,29,2,51,39,112000,1,1,1.0,1,322.02,19129.94,25639.0,6441.0,55093.49,717224.0,11.0,1,22930.0,29383.85,1622.0,4,59,23661.0,76593.87,75030.0,12,25,38642.0,Y,2129.42,current,M,34,HIGH,7.0,1,623.0,1,3.0
6751,10971,11381.0,37443.56,23109.0,44831.6,718.78,3779.0,25239.0,1.0,50,47,1,18,4,320000,1,1,1.0,1,60800.0,38173.0,1515.0,6885.0,21004.96,59652.0,5.0,6,26478.0,439491.52,24133.0,31,4,13069.0,18077.23,6841.58,7,106,129494.0,Y,12898.94,current,M,32,MEDIUM,7.2,7,883.0,1,5.0
6752,8841,3055.0,8364.0,2612.0,3240.0,5459.0,3990.68,21126.0,101.0,2,9,8,21,4,17000,1,1,1.0,1,9624.6,397463.9,694.0,6885.0,19999.48,250157.0,16.0,7,21090.0,152699.93,44088.0,6,8,26645.0,56152.16,30582.0,14,96,168.29,Y,3583.18,current,M,33,LOW,2.6,6,355.0,1,2.0
6753,8257,209398.0,94001.38,1838.0,1594.105,4154.03,5341.0,2204.0,1.0,5,50,1,36,1,329000,1,1,1.0,1,937.0,22400.0,68000.0,12174.0,161210.24,73620.0,42.0,5,15958.0,45724.47,35902.0,3,7,14213.0,35236.13,21267.0,2,50,16878.0,Y,34602.38,current,M,49,MEDIUM,29.0,7,799.0,0,19.0
6754,10825,19101.0,13510.56,13230.0,15093.42,4051.0,3157.2,5333.6,2.0,93,4,30,63,80,327000,1,1,1.0,1,139323.25,42723.0,14904.0,8723.0,28843.88,54279.0,69.0,2,94812.0,49713.75,36644.25,1,70,80735.0,216728.01,112465.0,2,1,48012.11,Y,4271.29,current,M,47,MEDIUM,13.5,10,867.0,1,4.0
6755,9734,10449.0,2441.84,17925.04,42203.67,2971.0,4431.0,515.0,8.0,99,9,30,1,1,17000,1,1,1.0,1,270.0,51445.0,12016.0,7478.0,36237.43,49045.0,2.0,1,22347.0,93275.35,105499.0,1,6,48537.22,80316.78,112456.24,42,39,26817.0,Y,4288.47,current,M,35,LOW,7.5,6,771.0,1,12.0
6756,17594,4384.0,4591.75,5979.58,1540.0,17332.82,2428.0,209.12,17.0,9,14,7,15,30,525000,1,1,1.0,1,306961.5,60040.0,3975.0,4889.0,25754.81,113054.0,63.0,7,8850.0,57701.13,219069.5,2,20,12100.0,23938.38,86891.0,2,57,78.0,Y,2490.57,current,M,53,MEDIUM,26.400000000000002,10,889.0,1,15.0
6757,15422,13356.0,4522.34,763.0,12180.83,146229.0,5145.8,19546.33,2.0,77,47,22,18,2,340000,1,1,1.0,1,568.8,11982.0,183999.0,2351.0,31606.0,96403.37,70.0,26,72186.0,77622.0,48011.0,3,21,78565.0,99544.03,101245.0,2,36,34272.0,Y,3990.83,current,M,55,LOW,3.5,3,330.0,0,3.0
6758,5723,13262.0,5214.0,24024.13,15329.45,2930.0,4453.63,1821.0,1.0,10,50,4,1,20,147000,1,1,1.0,1,871.5,794000.0,1630.0,-5439.0,262282.64,114997.91,94.0,5,21289.0,37704.48,19079.0,7,25,65590.0,87774.65,100314.0,9,6,134500.0,Y,1625.28,saving,M,35,MEDIUM,7.5,1,653.0,0,10.0
6759,8126,13529.0,34407.85,276.25,6377.0,5430.58,3996.87,325.0,17.0,50,5,1,56,47,155000,1,1,1.0,1,5383.25,225000.0,126001.0,12415.0,31719.0,87603.0,55.0,13,14383.0,19399.5,152137.35,11,18,20238.0,67948.74,25612.01,9,32,89355.0,Y,3269.62,current,M,46,MEDIUM,26.0,5,464.0,1,11.0
6760,12719,34616.0,26949.04,1093.2,4733.54,1439.0,14787.0,3498.0,92.0,10,13,42,4,3,138000,1,1,1.0,1,117680.0,38928.0,33330.0,26601.0,28546.0,17700.81,18.0,1,59990.0,28332.56,109807.64,2,2,26561.0,49707.26,369000.75,117,49,28676.0,Y,1411.85,current,M,32,LOW,7.2,4,626.0,1,10.0
6761,3868,16890.0,22049.02,13807.0,12003.34,1490.0,15814.0,2575.38,1.0,16,86,39,60,1,139999,1,1,1.0,1,12057.2,280000.0,68000.0,6613.0,41093.93,33891.0,3.0,23,24868.0,56654.75,22730.0,2,105,33356.0,6157.67,238957.0,6,73,11667.0,Y,904.34,current,M,55,MEDIUM,24.5,4,354.0,0,7.0
6762,10280,16592.0,5320.3,16338.0,4792.0,1457.74,625.21,431.28,26.0,4,50,24,9,2,70000,1,1,1.0,1,319201.67,105000.0,10973.0,-3506.17993,79955.1,123865.0,42.0,23,9262.75,26797.45,71580.0,43,11,20804.56,2158.0,8235.0,22,12,17416.0,Y,836.77,saving,M,34,MEDIUM,9.8,9,762.0,1,17.0
6763,9131,290583.0,2416.22,1036.0,40266.14,12251.19,7524.64,11839.32,531.0,8,5,1,12,81,371000,1,1,1.0,1,474401.25,343342.9,508.0,12965.0,1024.25,31803.0,39.0,1,25100.0,24812.0,17987.0,47,78,656531.0,84832.07,49936.78,3,11,14.0,Y,3112.24,current,M,35,MEDIUM,15.0,7,249.0,0,2.0
6764,6227,15344.0,6545.27,501.21,6613.28,6781.03,8534.0,3765.8,6.0,26,87,6,18,8,232000,1,1,1.0,1,811000.0,760470.3,12016.0,5439.0,30490.53,33216.0,18.0,2,8662.0,38948.88,120269.0,2,13,56960.0,96871.51,31852.0,7,32,17344.74,Y,18743.68,current,M,31,MEDIUM,6.6000000000000005,10,700.0,1,17.0
6765,15685,9982.0,4294.0,276.25,28391.42,11209.0,9917.535,3262.0,14.0,601,50,17,1,8,124000,1,1,1.0,1,71191.8,730000.0,610000.0,1500.0,59660.25,35204.0,90.0,31,53646.0,18684.0,48011.0,1,50,27022.0,52178.35,17898.0,9,113,26083.0,Y,4915.97,current,M,27,HIGH,0.7000000000000001,1,743.0,1,12.0
6766,3391,19348.0,2655.0,1557.0,4662.5,286.86,14459.77,14130.0,15.0,30,3,50,6,1,579000,1,1,1.0,1,4230125.0,48087.25,50000.0,4314.0,22110.0,144854.0,42.0,3,16018.0,20526.0,191777.13,7,78,15035.0,63343.25,73464.0,3,0,36555.0,Y,8977.29,current,M,37,MEDIUM,11.9,6,270.0,1,2.0
6767,4261,14248.0,78032.76,2263.0,13905.42,17332.82,53680.0,200.0,1.0,3,59,35,5,5,525000,1,1,1.0,1,19957.5,30007.0,23032.0,3897.0,19938.64,42319.0,2.0,9,14441.0,224289.51,46525.65,9,25,43560.0,78441.25,62131.0,12,27,10800.0,Y,2236.22,current,M,35,MEDIUM,4.5,7,750.0,0,20.0
6768,16870,19325.0,5620.31,9197.62,18480.65,656.67,66934.0,2522.0,67.0,10,49,1,1,13,595000,1,1,1.0,1,17377.25,134890.0,36114.0,5340.0,57867.88,23353.0,4.0,23,16245.0,6871.45,1288.0,0,108,42278.0,101257.04,26283.0,2,11,15302.0,Y,21946.94,current,M,46,MEDIUM,26.0,5,614.0,1,10.0
6769,9795,9451.0,2048.5,2361.55,20448.0,870.42,128140.57,891.0,23.0,2,44,1,44,41,49999,1,1,1.0,1,41441.27,470000.0,48500.0,1444.0,16507.36,50244.0,2.0,26,25181.0,17010.22,77072.0,5,4,31334.0,58388.9,55408.0,7,8,32230.0,Y,428.3,saving,M,53,MEDIUM,16.5,9,535.0,1,2.0
6770,10688,19064.0,2684.8,1962.0,1118.28,1309.0,2423.5,1194.0,4.0,37,5,60,6,98,191000,1,1,1.0,1,12328.75,82907.34,12000.0,3897.0,37142.52,32003.0,63.0,5,30855.0,24622.27,30462.0,1,20,51874.0,47828.74,25398.5,7,1,12313.0,Y,10681.94,saving,F,27,LOW,4.9,8,683.0,0,20.0
6771,2421,13572.0,7750.0,19789.52,6663.0,941.68,6469.0,2537.0,10.0,3,50,10,4,1,152000,1,1,1.0,1,1466675.0,189246.0,183999.0,2351.0,81872.27,27665.0,16.0,31,13493.0,102018.15,79208.0,43,1,36940.0,23938.38,15684.0,4,9,38640.0,Y,363.98,saving,M,27,LOW,2.8000000000000003,5,631.0,1,8.0
6772,12895,15484.0,7047.5,3135.0,6956.73,11296.0,49477.68,1884.0,53.0,2,35,50,38,9,110000,1,1,1.0,1,111.0,157000.0,16215.0,-5998.43994,22064.67,58244.0,6.0,35,17849.0,33141.5,143960.0,4,23,11388.0,39644.39,65412.7,5,9,21501.0,Y,14737.79,current,M,32,LOW,8.4,1,802.0,1,10.0
6773,15170,19254.0,9760.72,5492.0,9805.81,2672.75,2279.785,3328.34,50.0,23,79,60,2,53,467000,1,1,1.0,1,34635.25,375000.0,24250.0,20324.0,25668.55,17647.0,16.0,36,37877.87,29640.8,50869.86,11,20,348255.0,142797.21,28847.0,49,25,37378.0,Y,780.6,current,M,46,MEDIUM,2.6,10,882.0,1,6.0
6774,1872,4972.0,6599.23,12400.0,10971.49,82.0,6491.175,2806.24,1.0,8,1,2,25,36,190000,1,1,1.0,1,13180.0,674291.83,24000.0,1332.0,26229.25,39471.43,55.0,3,16400.0,24831.47,61563.0,2,8,4234.0,1571048.39,37177.75,3,21,16006.0,Y,717.47,current,M,30,MEDIUM,2.0,6,796.0,1,8.0
6775,7106,7655.0,8886.85,352.0,14061.0,19654.21,8061.0,1767.0,124.0,17,38,6,38,8,244000,1,1,1.0,1,60800.0,90829.65,50000.0,19453.0,19112.25,152148.0,29.0,7,19968.0,44308.87,39972.0,11,24,40582.0,46503.76,246.0,3,83,54660.0,Y,3342.06,current,M,60,MEDIUM,32.0,3,249.0,1,16.0
6776,17185,9581.0,1685.48,8882.57,5158.42,1309.0,19918.0,2530.0,63.0,9,84,1,8,9,293000,1,1,1.0,1,319201.67,78050.0,925.0,-4324.0,54935.49,92801.0,4.0,1,21496.11,15346.92,40215.0,43,18,31623.0,11434.75,7841.5,16,21,333813.64,Y,11358.72,current,F,62,MEDIUM,25.200000000000003,10,249.0,1,10.0
6777,10266,23927.0,7598.5,1719.0,32445.91,961.0,7102.0,422.0,10.0,23,5,8,16,10,232000,1,1,1.0,1,250631.8,376694.91,3975.0,903.0,16403.88,241457.61,11.0,36,44991.0,32331.29,2290.0,1,78,26519.0,27928.0,104379.0,12,8,40396.0,Y,31931.36,saving,M,64,MEDIUM,13.200000000000001,5,700.0,1,2.0
6778,1311,12059.0,1373.69,1963.0,14099.49,12591.04,18826.0,37291.68,19.0,26,14,50,16,11,350000,1,1,1.0,1,937.0,31000.0,72000.0,553.0,66254.5,18800.51,24.0,5,9109.0,49015.84,15693.0,0,63,142190.0,68646.26,35658.0,42,104,14521.0,Y,141.66,current,M,60,MEDIUM,8.0,2,465.0,1,3.0
6779,3370,19828.0,29439.1,13673.0,13260.73,654.0,3440.46,16335.0,100.0,23,4,1,28,54,340000,1,1,1.0,1,493682.5,218670.0,36114.0,12965.0,41334.0,50035.0,4.0,36,11515.0,66459.38,10287.84,2,44,18582.0,109772.91,19924.26,18,83,27607.0,Y,1664.61,current,M,33,LOW,2.6,2,969.0,1,18.0
6780,8461,14611.0,6197.03,3869.1,1474.59,1752.48,24397.0,4784.32,44.0,19,72,2,20,10,232000,1,1,1.0,1,55458.53,93000.0,16215.0,2921.0,23894.0,14479.0,55.0,4,359535.0,94264.24,191777.13,4,20,63426.0,43783.27,221564.0,36,113,53961.0,Y,3686.45,saving,M,53,MEDIUM,26.400000000000002,4,123.0,0,20.0
6781,4291,3986.0,7934.61,1468.0,33613.6,11760.45,3592.15,1188.0,2.0,1,3,18,21,3,533000,1,1,1.0,1,33111020.0,227697.61,6000.0,12415.0,5652.86,49556.18,42.0,36,16900.0,27942.0,116.86,3,12,14159.0,529717.49,63126.0,12,11,28179.0,Y,786.61,current,M,47,MEDIUM,16.2,1,737.0,0,9.0
6782,15748,16498.0,4514.13,49690.0,3970.5,7467.0,16527.0,5966.0,63.0,5,50,57,3,26,435000,1,1,1.0,1,2.13,50700.0,1727.0,886.0,35091.16,10180.0,55.0,36,40385.0,40390.58,164186.0,2,2,40017.0,49704.28,70860.0,6,11,73000.0,Y,10529.38,current,M,29,LOW,0.9,4,653.0,1,12.0
6783,8058,8441.0,33514.0,3099.0,26125.0,1930.0,16113.0,1074.94,531.0,10,48,42,1,56,350000,1,1,1.0,1,3950.0,177795.8,13873.0,3897.0,4221.47,19225.0,6.0,1,39001.0,19170.01,46142.0,3,8,240925.0,30485.07,11227.0,58,73,92560.0,Y,4141.87,current,M,27,LOW,1.4000000000000001,3,927.0,1,14.0
6784,5551,7861.0,2111.0,3118.0,6855.72,2094.22,15451.0,5420.08,5.0,128,77,2,9,1,26000,1,1,1.0,1,111.0,280000.0,25849.0,1411.0,81726.97,24787.0,11.0,0,28470.0,11175.5,49019.0,43,8,26260.0,27456.75,36671.65,2,83,16714.0,Y,2668.58,current,M,223,MEDIUM,162.4,1,523.0,0,8.0
6785,10738,2007.0,24556.0,35971.0,10036.21,986.68,1139.0,14881.0,10.0,16,49,57,2,58,329000,1,1,1.0,1,671039.05,992890.32,33774.0,20324.0,46788.81,2166.0,4.0,19,89.0,48447.83,15915.5,35,69,25366.0,19683.67,183419.41,2,57,7582.5,Y,4279.84,current,F,27,MEDIUM,3.5,9,743.0,1,15.0
6786,6776,10095.0,1098.75,7845.0,101732.81,2609.72,2644.0,3912.57,92.0,14,90,1,1,91,25000,1,1,1.0,1,871.5,119898.8,610000.0,1089.0,376.25,91803.0,62.0,0,26279.0,242264.0,103411.88,42,25,32940.0,28497.0,23094.0,40,73,36968.0,Y,8571.41,current,M,37,HIGH,17.0,3,330.0,0,19.0
6787,2129,1512.0,12750.55,1385.0,20572.11,3601.0,16028.0,10529.0,56.0,42,4,24,17,22,256000,1,1,1.0,1,9624.6,253000.0,25508.0,5439.0,20481.25,27111.0,32.0,1,35296.0,22599.0,10359.0,24,78,2070113.0,9518.55,33319.0,2,32,55890.0,Y,82160.62,current,M,55,MEDIUM,3.5,1,575.0,1,20.0
6788,10883,343860.0,5058.6,1197.34,198508.0,3493.0,3468.5,6084.0,5.0,65,59,1,25,70,555000,1,1,1.0,1,5210.85,1425000.0,5101.0,6885.0,36328.2,72571.75,43.0,1,65728.0,74005.5,138415.0,2,81,6100.0,31615.0,1158.0,94,32,235480.0,Y,10003.87,current,M,55,LOW,3.5,8,445.0,1,10.0
6789,11492,10231.0,1591.97,6496.05,5694.0,5979.91,6991.0,1784.3,57.0,22,35,1,6,2,252000,1,1,1.0,1,42460.6091,78744.56,16215.0,1429.0,13836.0,29526.28,42.0,2,10969.0,37491.0,103857.0,70,105,23816.0,88768.85,322671.75,47,7,73882.0,Y,234.08,current,F,42,LOW,17.6,6,536.0,1,17.0
6790,15027,397973.0,51949.0,6748.0,12776.11,12489.0,11784.465,5229.0,5.0,39,10,22,3,29,472000,1,1,1.0,1,47.45,68663.61,49975.0,2351.0,53583.75,1749.0,4.0,1,35150.0,20683.92,7236.5,5,20,51710.0,132491.27,92509.0,3,0,16785.0,Y,92.31,current,M,33,MEDIUM,9.1,6,818.0,1,9.0
6791,7209,4833.0,13964.78,4728.72,15726.53,2609.72,44141.32,207.0,26.0,9,49,50,25,1,784000,1,1,1.0,1,156875.0,64491.0,4198.0,1429.0,60001.08,29577.0,70.0,43,74954.0,19068.72,7685.0,1,2,35003.0,50525.27,169694.0,62,12,50651.0,Y,559.23,current,M,29,HIGH,3.6,5,516.0,1,10.0
6792,14828,2719.0,23055.0,10527.25,45261.0,25073.0,1611.0,9812.0,3.0,11,46,26,46,4,134000,1,1,1.0,1,241.65,545000.0,48950.0,6916.0,226887.2,39752.0,36.0,1,34812.0,55482.82,22382.07,6,108,19930.0,48054.13,128460.05,8,113,15088.0,Y,227.18,current,M,33,MEDIUM,6.5,9,796.0,1,14.0
6793,9708,12633.0,11877.63,4531.0,3001.95,1684.1,3478.5,3188.5,4.0,3,3,47,27,58,784000,1,1,1.0,1,15279.79,67555.67,69493.0,2921.0,92623.5,10294.5,46.0,4,23962.01,32291.94,69381.86,5,8,95658.0,33619.41,101145.5,7,8,594.0,Y,50883.43,current,M,42,HIGH,13.200000000000001,6,372.0,1,4.0
6794,8072,4505.0,35669.48,2150.01,6526.9,4719.0,11464.29,3757.0,44.0,4,50,50,4,14,326000,1,1,1.0,1,61186.36,25404.0,508.0,553.0,15106.22,428313.0,18.0,3,47362.0,110499.93,20198.0,6,20,900000.0,8205.88,145668.0,3,11,21100.0,Y,1492.62,current,M,51,LOW,9.3,9,883.0,0,18.0
6795,6169,14791.0,1653.25,3466.5,1338.65,7139.92,23366.54,1205.0,1.0,77,9,3,2,47,267000,1,1,1.0,1,13849.4,30453.0,38599.0,6613.0,27744.63,23212.0,38.0,19,33777.0,32758.71,185073.58,43,108,38593.0,13957.86,65866.0,3,25,31128.0,Y,349.82,current,M,47,MEDIUM,2.7,2,771.0,0,5.0
6796,13109,14693.0,15287.98,683.48,1081.0,2505.0,3807.0,4214.88,63.0,3,52,2,2,13,472000,1,1,1.0,1,19265.4,482147.0,4367.0,13135.0,64441.57,22053.0,2.0,36,19968.0,48852.0,111699.5,1,12,17422.0,43669.28,28751.0,6,12,18418.0,Y,617.5,current,M,47,LOW,16.2,4,244.0,0,14.0
6797,9836,170914.0,56060.42,3141.0,8647.85,12423.0,2738.5,9368.0,4.0,9,89,1,4,31,136000,1,1,1.0,1,28844.0,110175.0,3975.0,167.0,442845.17,86672.0,42.0,0,21289.0,43666.0,22495.0,6,70,56250.0,65488.74,89787.0,2,8,40153.0,Y,13803.48,current,M,37,MEDIUM,10.200000000000001,7,535.0,1,20.0
6798,10993,9156.0,36606.0,3486.0,6882.0,5251.0,5984.75,2708.0,1.0,7,52,62,2,12,192000,1,1,1.0,1,526491.3,138017.0,130000.0,-6335.0,49834.26,73750.0,62.0,6,629325.0,28082.81,111907.8,23,8,25753.0,100933.3,11263.0,16,24,16686.0,Y,4969.71,current,M,40,MEDIUM,8.0,3,966.0,1,20.0
6799,9018,82557.0,10313.0,1963.0,4175.0,6414.0,3510.5,381.0,67.0,22,135,1,1,2,199999,1,1,1.0,1,551439.2,29479.0,2156.0,12174.0,111869.78,29324.0,15.0,7,24559.0,73120.0,46905.0,1,28,208759.0,36670.88,108945.0,14,39,35656.0,Y,3199.4,current,M,28,HIGH,6.4,10,805.0,1,20.0
6800,17512,290407.0,24982.95,2091.13,7686.0,9095.0,3667.54,11886.0,52.0,30,10,4,26,80,548000,1,1,1.0,1,3549.85,273221.0,492.0,553.0,49787.31,84778.0,7.0,0,27080.0,164499.85,196798.0,1,13,2412000.0,26072.62,40318.58,7,17,31128.0,Y,412.92,current,M,27,MEDIUM,6.300000000000001,2,503.0,1,19.0
6801,15346,15173.0,32347.35,440.0,20076.15,1409.05,3807.65,6767.2,1.0,85,59,3,31,37,167000,1,1,1.0,1,31454.1,330001.0,6100.0,20324.0,23216.95,54123.44,29.0,30,205989.0,398124.8,69653.0,50,84,87393.63,123991.44,47292.75,4,27,34364.0,Y,3309.72,current,M,66,LOW,13.8,8,809.0,0,14.0
6802,7555,40265.0,17417.01,1053.0,3280.5,1950.72,12387.74,1602.0,44.0,10,84,25,1,4,267000,1,1,1.0,1,1831780.84,680956.4,43798.0,6885.0,134642.05,195383.26,36.0,23,16988.0,35647.66,41962.03,43,25,106349.4,360283.04,116419.0,5,73,14830.0,Y,2312.91,current,M,33,MEDIUM,2.6,3,249.0,1,15.0
6803,15374,7132.0,4010.5,2255.64,37416.11,17570.01,1096.25,2826.13,44.0,60,19,1,1,3,157000,1,1,1.0,1,140790.0,100934.0,550.0,0.0,24140.67,116782.0,84.0,30,21740.0,39712.25,195055.2,20,20,26561.0,159904.34,5623.89,2,50,46988.0,Y,18101.41,current,M,31,MEDIUM,6.6000000000000005,1,354.0,1,6.0
6804,14665,125182.0,4269.0,3338.0,18307.69,22378.0,2750.0,1105.0,100.0,9,2,1,17,25,143000,1,1,1.0,1,130319.0,116533.0,96558.0,886.0,125431.66,229152.0,24.0,36,165407.0,92339.13,13385.0,11,29,56250.0,34337.76,84529.58,7,12,46603.0,Y,2439.86,current,F,47,MEDIUM,18.900000000000002,3,454.0,1,13.0
6805,5424,332943.0,2579.68,2456.0,4203.78,2717.0,2513.02,634.0,7.0,56,49,48,9,47,501000,1,1,1.0,1,684495.7,240000.0,11580.0,13135.0,81022.81,70280.0,18.0,2,30035.0,70186.41,152486.93,3,27,32803.0,64851.3,34371.0,3,12,113000.0,Y,10169.44,current,M,33,LOW,6.5,6,385.0,0,16.0
6806,7082,11673.0,19153.0,588.0,143567.61,9508.7,14594.0,1376.52,10.0,46,135,1,9,54,400000,1,1,1.0,1,47.45,356899.37,16215.0,5730.0,36857.41,10487.2,7.0,0,23242.0,50335.05,75459.0,3,14,27820.0,39634.81,22147.0,3,6,423.0,Y,886.36,current,M,27,MEDIUM,0.7000000000000001,4,908.0,1,13.0
6807,8939,8174.0,6552.95,938.55,51169.8,42646.81,24628.605,1704.52,10.0,71,50,1,3,1,100000,1,1,1.0,1,3101.3,119831.0,4367.0,553.0,55653.24,109300.0,17.0,3,37467.0,17840.13,45788.0,7,108,20096.0,30528.88,30053.0,4,63,13866.0,Y,2180.35,current,M,47,MEDIUM,5.4,5,799.0,1,19.0
6808,15351,6537.0,9025.76,1875.0,38954.66,5560.0,6636.395,6306.0,4.0,36,3,24,6,5,375000,1,1,1.0,1,18451.05,385218.7,34550.0,24326.0,161053.64,27382.5,35.0,2,11433.0,43160.35,16538.0,2,78,46148.0,28881.86,56209.0,40,1,20602.0,Y,40372.05,saving,M,37,MEDIUM,6.800000000000001,7,626.0,1,9.0
6809,18699,12090.0,45587.1,11739.0,4992.57,10309.0,1787.7,5986.3,25.0,99,6,50,2,10,371000,1,1,1.0,1,192215.0,142608.5,678.0,6885.0,109281.96,3222.0,20.0,5,16568.0,28288.04,86391.77,3,20,95241.0,2367.06,180189.58,3,58,40201.0,Y,1032.51,saving,M,66,LOW,18.400000000000002,9,300.0,1,13.0
6810,8803,15063.0,12658.04,2744.0,17784.44,611.0,7283.385,1205.0,14.0,29,135,12,55,55,371000,1,1,1.0,1,360978.37,470000.0,51520.0,2351.0,64861.25,235076.0,4.0,7,126455.0,35718.71,12526.0,43,25,92775.0,67891.35,34875.0,14,103,108740.0,Y,17023.02,saving,M,34,MEDIUM,11.200000000000001,7,921.0,1,15.0
6811,3414,36991.0,17141.06,24657.17,897.97,656.67,1033.0,16482.0,100.0,4,42,53,20,16,378000,1,1,1.0,1,7089.7,82907.34,33950.0,-6885.0,6115.0,102751.4,18.0,1,121000.0,59945.65,107434.0,1,20,44059.0,55059.3,16583.86,12,12,25330.0,Y,599.6,current,M,34,HIGH,7.0,10,254.0,1,15.0
6812,18156,28855.0,14153.26,1289.0,2409.5,5054.0,26051.085,742.88,57.0,15,50,3,2,47,35000,1,1,1.0,1,11878.6,10767.53,100000.0,-4612.00977,11162.97,16813.0,103.0,3,22215.0,19368.37,84711.5,2,81,37397.0,37985.53,1537.0,117,50,32433.0,Y,3564.1,saving,F,60,LOW,36.0,3,233.0,1,19.0
6813,14441,169303.0,2337.5,1393.0,9773.09,27631.41,19848.575,946.0,2.0,38,19,1,55,5,50900,1,1,1.0,1,126303.7,54388.23,33330.0,6916.0,10075.3,39294.0,41.0,2,50836.0,26090.0,17678.74,1,81,25555.0,18578.0,15377.0,13,113,130.0,Y,4773.7,current,M,30,MEDIUM,5.0,10,818.0,1,2.0
6814,8776,12473.0,3835.58,17622.75,31637.0,5241.05,5926.0,3686.52,1.0,6,29,1,11,47,784000,1,1,1.0,1,56.0,290000.0,25000.0,0.0,19385.81,41615.0,11.0,2,35688.0,43792.0,28636.0,70,171,56968.0,56390.22,16867.0,9,83,87156.0,Y,4216.45,current,M,42,MEDIUM,6.6000000000000005,5,966.0,1,16.0
6815,12930,305346.0,15569.0,1176.2,4070.0,4050.0,20182.55,1453.0,9.0,71,67,3,6,2,11000,1,1,1.0,1,942327.7,90829.65,16215.0,8572.0,33378.47,41637.0,7.0,7,14745.0,29179.13,173945.0,43,11,21293.78,15857.51,23150.0,21,65,34154.0,Y,92.31,current,M,66,MEDIUM,23.0,2,653.0,1,11.0
6816,4976,2345.0,3283.4,5440.2,1418.0,5122.0,552.0,1676.0,25.0,5,11,50,12,80,198000,1,1,1.0,1,117680.0,545000.0,711.0,6916.0,79706.01,52832.37,35.0,13,44901.0,13333.0,2290.0,2,8,30383.0,88768.85,121826.63,21,58,63300.0,Y,79.93,saving,M,33,MEDIUM,11.700000000000001,8,723.0,1,8.0
6817,4805,9511.0,78443.0,13515.0,6264.5,19091.01,4392.0,6324.0,2.0,26,27,2,2,17,199999,1,1,1.0,1,186189.0,12000.0,3570.0,20513.0,15154.75,24888.32,4.0,35,25128.0,341.0,78155.0,3,30,30500.0,137808.0,142925.0,58,42,17356.0,Y,4452.63,current,F,37,HIGH,17.0,3,503.0,1,19.0
6818,8239,5781.0,34191.93,1921.0,49748.8,39005.3,33713.0,7010.0,19.0,26,35,1,38,54,301000,1,1,1.0,1,2014.8,119445.0,68000.0,1332.0,31534.31,28768.0,40.0,5,13428.0,36694.82,119671.0,1,171,8531.0,19788.0,40554.0,3,40,32009.0,Y,6146.75,current,M,33,MEDIUM,7.800000000000001,7,614.0,1,15.0
6819,10348,5031.0,1481.84,13289.76,5504.0,600.0,2060.15,3154.1,43.0,7,38,48,1,11,75000,1,1,1.0,1,331.2,385218.7,787.0,-5715.49022999999,7451.9,10712.0,20.0,2,81294.4,3173.45,39325.0,6,8,23557.0,67357.23,73520.0,13,12,55660.0,Y,3267.28,current,F,53,MEDIUM,6.6000000000000005,7,366.0,1,20.0
6820,12222,32967.0,1353.12,885.5,11422.9,2277.0,8013.0,500.0,2.0,9,70,1,12,2,127500,1,1,1.0,1,99984.83,25404.0,15756.0,6613.0,80824.33,62338.21,7.0,33,10597.0,8570.0,78047.0,47,11,202500.0,48320.75,7897.0,19,25,276095.0,Y,26.35,current,M,30,MEDIUM,10.0,7,331.0,1,18.0
6821,17065,5947.0,12554.44,103.0,17479.95,20587.0,71597.36,1060.0,8.0,18,53,48,6,98,199999,1,1,1.0,1,474401.25,30453.0,50000.0,20513.0,35210.62,71210.4,12.0,4,28293.0,11369.59,22622.0,43,27,25153.0,41973.58,20467.5,47,106,18560.0,Y,32730.31,current,M,46,MEDIUM,5.2,9,324.0,1,19.0
6822,1947,15470.0,8727.215,2226.0,9998.1,1490.0,12166.85,1511.3,12.0,65,71,50,51,47,352000,1,1,1.0,1,9751.5,105000.0,1727.0,6885.0,21941.6,100488.0,20.0,1,12924.0,27862.5,169211.0,24,20,54681.0,26576.0,20362.25,7,25,28853.0,Y,2110.25,current,F,58,MEDIUM,26.6,7,296.0,1,6.0
6823,5160,301566.0,28942.81,22835.65,1412.31,12684.0,2791.21,444.0,63.0,50,67,52,1,30,47000,1,1,1.0,1,41070.0,20098.0,8060.0,-5439.0,26389.76,36933.0,77.0,2,26702.0,127242.51,27374.0,43,8,98790.0,11949.3,13174.0,19,57,126970.0,Y,12533.31,current,M,30,LOW,1.0,10,867.0,1,2.0
6824,13515,8593.0,4334.15,168.5,843.35,1492.0,10149.935,19810.0,10.0,66,71,2,27,58,581000,1,1,1.0,1,134985.0,157000.0,851.0,7478.0,25238.71,21112.91,43.0,4,28250.0,46463.0,37441.0,43,29,24106.0,49386.38,32906.0,40,8,40848.0,Y,794.71,current,M,35,LOW,4.5,2,683.0,1,15.0
6825,16123,15840.0,1148.41,11056.0,63573.94,4291.4,10298.0,2216.0,1.0,39,4,22,2,54,587000,1,1,1.0,1,2242.35,141473.07,56184.0,0.0,28194.64,68617.0,18.0,30,22138.0,27942.0,59216.5,2,59,5162.0,132779.3,15444.0,12,10,77127.0,Y,2235.38,current,M,56,MEDIUM,3.6,9,658.0,0,9.0
6826,3845,3223.0,5594.0,4173.4,64885.0,5352.67,2324.0,63745.0,44.0,10,4,20,5,8,303000,1,1,1.0,1,40440.4,251131.79,28912.0,10210.0,23324.74,21241.0,22.0,6,14599.0,61738.19,24429.0,0,34,52792.0,16897.46,11047.61,16,63,46848.0,Y,15602.27,current,M,46,MEDIUM,23.400000000000002,6,594.0,1,3.0
6827,14329,290812.0,9880.69,919.0,15352.5,3593.0,8325.0,2836.0,1.0,15,3,8,12,22,315000,1,1,1.0,1,7089.7,191000.0,16114.0,20513.0,44192.43,25398.0,67.0,2,30008.0,41174.9,9145.0,10,50,20227.0,25539.25,37327.69,1,32,155000.0,Y,2891.23,current,M,66,LOW,23.0,8,536.0,1,8.0
6828,16943,19060.0,27337.83,3079.55,3145.34,6515.64,2791.21,6065.0,6.0,30,2,3,1,2,67000,1,1,1.0,1,42892.75,221000.0,69493.0,6916.0,12968.94,231081.0,48.0,36,39438.0,23652.75,35310.0,1,25,116904.0,23747.99,25575.0,3,6,38378.0,Y,470.72,current,F,27,LOW,5.6000000000000005,8,750.0,0,15.0
6829,3442,8430.0,15288.35,9593.0,37480.89,2901.96,3340.51,2209.0,6.0,2,135,22,44,54,16000,1,1,1.0,1,1665.0,242827.0,536.0,6441.0,167050.0,8184.85,46.0,36,42989.0,56241.31,87605.0,4,30,13501.0,253.0,12767.59,6,83,495390.0,Y,4154.17,current,M,29,MEDIUM,8.1,5,805.0,1,16.0
6830,9873,15146.0,816.01,808.3,26215.71,853.0,3888.525,204.0,4.0,2,35,21,2,2,330000,1,1,1.0,1,291969.2,7051.99,610000.0,20513.0,44160.33,42932.41,4.0,2,76174.0,25428.28,23124.0,3,108,38535.25,25677.52,41401.0,58,11,15808.0,Y,4505.7,saving,M,42,HIGH,13.200000000000001,8,249.0,1,20.0
6831,3748,19649.0,1908.0,16453.77,8889.05,5450.48,26483.35,4505.0,2.0,22,44,4,1,1,302000,1,1,1.0,1,293418.75,1631.11,1135.0,6916.0,37392.04,3207.0,42.0,26,11919.0,219694.0,206085.0,4,81,34502.0,9637.09,18197.0,2,11,49366.43,Y,3471.72,saving,M,118,LOW,88.2,2,882.0,0,10.0
6832,17266,17696.0,7202.0,6069.0,18024.63,4049.13,22417.0,1799.0,6.0,26,79,8,1,11,400000,1,1,1.0,1,300794.1,97523.61,33774.0,-5998.43994,79145.61,63187.0,43.0,1,30514.73,42512.01,141080.0,8,8,38323.0,32305.86,56209.0,21,57,69849.62,Y,262.41,current,M,38,MEDIUM,9.0,3,937.0,1,15.0
6833,19711,5269.0,9814.26,3393.0,1976.92,8220.07,32691.0,1882.0,19.0,7,50,60,2,39,366000,1,1,1.0,1,526.25,165000.0,126001.0,17397.0,63409.0,46446.0,147.0,4,43202.0,56824.34,71065.0,45,12,21288.6,15194.86,20498.0,2,50,35485.0,Y,14546.85,current,M,62,MEDIUM,37.800000000000004,5,248.0,1,5.0
6834,18167,11632.0,21825.61,1532.0,12381.55,9617.15,15782.52,3906.69,8.0,1,47,50,2,30,15000,1,1,1.0,1,4435.0,110135.86,536.0,1079.0,93445.68,221203.0,36.0,35,166838.0,47484.14,3861.0,4,38,67798.0,101838.9,121293.0,2,32,196.93,Y,1814.4,current,M,47,MEDIUM,21.6,8,658.0,1,4.0
6835,18698,232858.0,15711.58,53833.64,119586.19,1682.0,11287.305,1875.0,8.0,66,59,3,3,53,104000,1,1,1.0,1,39853.9,5350.0,96558.0,-6301.0,351965.54,54686.5,16.0,2,157067.0,28650.6,10218.0,2,70,11370.0,28859.96,65198.5,4,26,13410.0,Y,1912.96,current,M,38,MEDIUM,14.4,8,249.0,1,19.0
6836,9010,216207.0,39416.86,14202.91,25059.59,1597.0,8950.22,16023.61,2.0,5,50,1,2,8,26000,1,1,1.0,1,568.8,31033.0,3792.0,-4679.0,91503.0,72512.82,23.0,30,30808.0,29469.48,18800.0,3,12,38959.95,155164.46,34319.0,2,39,162518.0,Y,5987.28,current,M,27,LOW,6.300000000000001,8,485.0,1,17.0
6837,1666,330239.0,9735.3,4845.26,32549.86,22.0,26143.02,224.0,4.0,6,30,7,17,1,326000,1,1,1.0,1,1831780.84,446457.0,505.0,-3506.17993,45866.17,108760.11,46.0,4,42384.0,65127.39,49792.0,12,13,32478.0,22491.94,67873.77,3,79,15167.0,Y,8215.8,current,M,47,MEDIUM,13.5,9,394.0,1,14.0
6838,19250,340167.0,35424.0,3099.0,4245.5,14081.12,14363.0,9407.0,7.0,6,2,1,6,10,329000,1,1,1.0,1,53374.97,119898.8,6100.0,-5439.0,3043.25,12666.0,42.0,7,154154.0,128891.21,19082.23,4,4,3125.0,30187.38,25452.0,5,120,45280.0,Y,2792.93,current,M,33,MEDIUM,1.3,1,626.0,1,4.0
6839,2400,5355.0,51574.62,9089.0,25297.48,10406.5,3878.0,370.0,1.0,83,74,48,11,1,243000,1,1,1.0,1,245964.0,280000.0,13533.0,1079.0,57011.0,5020.0,11.0,3,50230.0,73435.36,37221.86,2,82,20726.0,38264.0,45236.49,8,65,689.0,Y,2889.91,saving,M,33,LOW,9.1,4,454.0,1,5.0
6840,10701,30580.0,11710.0,10091.23,10773.0,14868.76,5417.85,2486.2,5.0,29,3,1,44,9,378000,1,1,1.0,1,443.36,134000.0,768.0,12174.0,31823.12,43144.0,70.0,19,69009.0,37377.25,1607.0,2,82,2777.0,86741.83,60285.5,6,9,541355.0,Y,362.15,current,M,64,HIGH,44.0,4,867.0,0,2.0
6841,16093,5544.0,39796.63,739.91,2229.55,4724.0,6518.085,7818.48,1.0,3,6,50,24,26,84000,1,1,1.0,1,54453.8,52991.0,300500.0,4314.0,12068.25,11263.78,147.0,1,18548.0,15135.58,60265.0,4,86,41100.0,39090.7,95295.0,4,35,23922.0,Y,6603.9,current,F,35,HIGH,10.5,5,503.0,0,7.0
6842,14643,428.0,18537.0,2347.0,34793.79,1578.13,8865.0,945.97,3.0,20,50,25,4,62,150000,1,1,1.0,1,151000.0,191000.0,300500.0,5730.0,46267.46,45766.46,63.0,36,35296.0,11369.59,60051.0,6,20,14825.0,248332.58,68319.75,2,100,50821.0,Y,4461.73,current,M,29,MEDIUM,3.6,10,698.0,1,4.0
6843,10952,5536.0,12803.35,410.0,8013.12,4336.0,2378.17,1361.1,6.0,5,7,24,3,17,27000,1,1,1.0,1,192428.25,3.0,927.0,3897.0,39269.88,10765.0,55.0,9,5730.0,18684.0,74340.5,20,82,216000.0,28592.88,1722.0,1,83,23268.0,Y,3060.0,current,M,35,MEDIUM,15.0,1,269.0,1,10.0
6844,6971,5033.0,13138.84,632.0,1343.0,5430.58,1333.0,2346.94,12.0,8,50,47,4,10,345000,1,1,1.0,1,47.45,15395.48,100000.0,-4679.0,43256.43,111361.91,37.0,5,33407.0,27104.0,71550.18,2,20,102500.0,44042.38,455.0,40,49,22736.0,Y,5371.53,current,M,64,MEDIUM,30.8,5,911.0,0,20.0
6845,16585,5975.0,7325.49,4827.0,4937.07,6253.0,2790.0,1792.06,24.0,5,6,1,27,1,429000,1,1,1.0,1,12.19,182359.2,25000.0,3897.0,21981.0,27071.0,63.0,3,10996.0,17061.41,85982.0,1,171,11370.0,152301.87,140480.0,9,72,65480.0,Y,24771.61,current,M,37,LOW,10.200000000000001,4,508.0,1,15.0
6846,5287,11126.0,9992.63,3889.0,19335.77,3182.0,12125.0,7779.0,6.0,30,59,3,26,98,352000,1,1,1.0,1,685580.0,77000.0,12016.0,4314.0,30472.35,50009.0,74.0,7,29031.0,18536.57,69674.0,43,81,17641.0,49386.38,55182.0,7,63,42191.0,Y,5521.08,current,M,64,LOW,30.8,2,270.0,1,2.0
6847,8772,18514.0,39602.2,4369.0,19259.34,118.0,18351.0,337.0,32.0,29,61,47,3,39,155000,1,1,1.0,1,76122.87,64491.0,26241.0,12965.0,15090.13,54005.0,11.0,1,20303.0,46680.32,63689.0,3,50,19356.0,128206.62,19919.0,5,52,21090.0,Y,9505.85,current,M,33,LOW,1.3,1,523.0,1,9.0
6848,15633,323563.0,6875.78,3753.0,191130.42,1751.0,21128.97,411.0,2.0,77,11,4,9,98,104000,1,1,1.0,1,10006.2,16500.0,4000.0,5350.0,55653.24,84846.38,42.0,1,71555.0,175123.95,30510.0,1,108,13487.0,69805.96,30047.0,2,83,17708.0,Y,859.41,current,F,62,LOW,37.800000000000004,2,684.0,1,6.0
6849,8621,8551.0,115265.55,318.0,19193.13,4481.75,2973.75,3068.0,4.0,6,50,82,18,18,232000,1,1,1.0,1,48796.45,85058.0,610000.0,-6301.0,12191.24,119878.05,42.0,3,31043.0,6357.88,76871.67,4,0,21527.0,12601.43,111496.0,8,80,6066.0,Y,4310.82,current,M,47,MEDIUM,5.4,9,683.0,1,11.0
6850,3265,1930.0,4854.77,10427.61,25767.38,1149.84,14497.54,12131.47,10.0,3,47,5,21,13,75000,1,1,1.0,1,2666.4,22400.0,583.0,5340.0,69726.84,34747.91,11.0,2,15083.0,727095.31,94281.0,2,26,14451.0,29033.13,34792.35,21,6,51287.0,Y,9758.48,saving,F,51,LOW,27.900000000000002,7,750.0,1,15.0
6851,6576,2267.0,732.5,16810.8,38642.2,6035.0,9191.31,5727.0,7.0,23,50,6,5,98,520000,1,1,1.0,1,1727970.9,25000.0,5905.0,6885.0,11066.96,62084.8,42.0,1,20340.0,47613.39,43245.0,6,12,88260.0,128446.71,50953.5,3,52,52500.0,Y,14689.56,current,F,33,MEDIUM,5.2,8,325.0,1,2.0
6852,18439,322280.0,3680.0,29926.25,4063.0,5282.0,42973.0,1267.0,9.0,3,5,1,7,47,100000,1,1,1.0,1,5457.0,15957.0,90525.0,-6885.0,31837.11,26882.0,90.0,4,27884.0,63510.64,38661.0,2,20,17025.0,51049.43,75094.0,9,13,115238.0,Y,16171.67,current,M,58,MEDIUM,11.4,8,809.0,1,9.0
6853,13233,6986.0,21735.3,13494.0,3406.31,1892.0,21007.655,2229.0,12.0,47,74,1,18,11,212500,1,1,1.0,1,47.35,38112.0,2156.0,12299.0,42383.6,24214.0,11.0,2,7785.0,39583.4,16474.0,47,82,25150.0,165183.0,63.5,3,79,12610.0,Y,935086.81,current,M,66,MEDIUM,27.6,3,710.0,0,6.0
6854,6318,11186.0,22232.54,761.24,1104.89,2798.82,2999.075,779.0,1.0,1,72,21,1,81,256000,1,1,1.0,1,419327.23,31000.0,16114.0,5730.0,58436.37,61077.0,4.0,0,29257.0,22345.16,41079.0,4,12,7700.0,45291.76,23145.0,14,50,27028.0,Y,18606.55,current,M,69,LOW,9.8,8,274.0,0,18.0
6855,16081,3061.0,6367.42,4735.61,6758.63,14548.0,10591.72,9294.0,64.0,66,135,1,3,67,369000,1,1,1.0,1,825.0,245000.0,49000.0,1332.0,43797.52,51725.0,40.0,1,18010.0,33023.65,80716.0,2,82,16903.0,165210.93,49379.0,5,58,61821.0,Y,1503.89,current,M,69,LOW,29.400000000000002,4,908.0,0,15.0
6856,15542,319250.0,6770.0,4613.0,17755.46,963.24,26654.36,8910.0,6.0,99,35,7,2,55,425000,1,1,1.0,1,1895.04,90829.65,2019.0,-5439.0,37624.13,53019.5,42.0,19,81099.0,28396.7,132267.58,5,82,68235.0,39504.0,273300.29,2,10,14118.45,Y,15596.77,current,M,32,MEDIUM,9.600000000000001,3,882.0,1,4.0
6857,8722,219704.0,13852.94,3353.74,1455.0,6864.0,20818.27,3718.67,66.0,9,61,18,6,34,472000,1,1,1.0,1,238733.0,93.35,25728.0,2351.0,67495.69,67951.59,7.0,3,46626.0,44308.87,17620.75,70,26,31769.0,2338.7,131536.0,4,79,20190.0,Y,3116.41,current,M,67,LOW,32.9,10,505.0,1,9.0
6858,5664,16690.0,10937.14,4686.0,29349.0,3879.0,2250.52,7830.1,2.0,71,13,5,55,20,378000,1,1,1.0,1,347309.75,80489.0,13873.0,-4679.0,44560.47,88935.0,11.0,1,36706.0,127242.51,51687.36,1,23,20504.0,126814.06,117157.0,39,13,101458.09,Y,4723.09,current,M,50,MEDIUM,30.0,7,750.0,1,11.0
6859,6094,8619.0,1788.99,2509.0,17515.48,2133.55,7060.53,1755.0,2.0,3,84,3,62,55,371000,1,1,1.0,1,1104223.35,165000.0,38599.0,-4679.0,33586.5,47710.5,42.0,3,34553.16,49488.51,43640.35,43,12,19778.0,18555.0,57884.43,8,58,52201.0,Y,1530.27,current,M,55,LOW,21.0,6,710.0,1,17.0
6860,11658,4941.0,14851.0,839.75,17431.5,4817.0,4133.0,5072.0,63.0,10,84,5,25,1,75000,1,1,1.0,1,55458.53,182359.2,24619.0,-5715.49022999999,21610.0,114255.0,11.0,36,13506.0,76973.0,72986.5,5,8,59291.0,54576.5,233749.0,4,21,16541.0,Y,1423.72,current,M,46,LOW,20.8,6,945.0,1,7.0
6861,1856,1192.0,111517.24,3291.01,15443.25,4062.0,7743.6,6707.91,43.0,93,10,3,2,17,19000,1,1,1.0,1,89908.8,154121.9,130000.0,3897.0,297288.33,68327.73,35.0,3,16953.0,8497.0,65926.0,28,6,500000.0,36670.88,93381.53,7,11,26267.0,Y,1962.53,current,M,222,LOW,20.200000000000003,4,684.0,1,8.0
6862,19794,332364.0,29577.2,1080.0,9018.22,3578.0,569.0,544.0,5.0,10,11,4,56,4,400000,1,1,1.0,1,186189.0,10701.0,49975.0,553.0,32611.4,18785.88,82.0,4,48427.0,25958.66,24767.0,2,8,16484.0,43091.17,25801.0,5,113,28078.0,Y,2393.33,current,M,28,MEDIUM,4.800000000000001,3,631.0,1,18.0
6863,2207,128621.0,269320.52,68240.0,5435.07,2162.76,7206.425,4376.88,6.0,10,60,3,1,42,35800,1,1,1.0,1,204585.76,212907.7,4000.0,0.0,27506.09,369031.0,16.0,3,9623.0,15576.5,461174.0,11,24,38441.0,120068.01,27922.0,53,15,23678.0,Y,17109.61,current,M,37,MEDIUM,13.600000000000001,7,805.0,1,17.0
6864,12221,14679.0,3614.65,3483.0,12211.63,4794.27,14777.145,3519.0,57.0,8,13,8,62,6,47000,1,1,1.0,1,98062.5,50000.0,891.0,-4679.0,9115.06,80127.0,10.0,19,50111.0,58731.55,65217.0,1,2,43484.44,72043.09,5463.0,4,11,91000.0,Y,1701.97,saving,M,47,HIGH,21.6,6,867.0,0,16.0
6865,4922,12838.0,14153.26,2130.0,142719.84,5647.0,8030.56,449.0,15.0,128,10,42,5,6,127500,1,1,1.0,1,151606.65,278904.9,73217.0,-4664.0,21728.2,47024.0,29.0,23,73909.0,110239.0,78175.0,6,8,26519.0,397.57,68057.0,3,54,27718.0,Y,1615.36,current,M,39,LOW,7.6000000000000005,8,488.0,1,9.0
6866,1275,319930.0,1283.0,27848.0,6542.84,636.65,6495.0,3378.0,63.0,9,4,21,56,4,16000,1,1,1.0,1,251938.45,232524.0,51520.0,-5942.0,91476.44,49720.0,12.0,2,54587.0,101878.53,8774.0,2,17,26848.0,78561.59,1480.0,49,9,49325.0,Y,6794.21,current,M,32,HIGH,4.800000000000001,2,927.0,1,15.0
6867,454,17827.0,7545.34,2854.21,1583.27,2107.0,11188.0,3314.0,92.0,93,23,50,2,56,68000,1,1,1.0,1,5383.25,85300.0,20000.0,1014.0,38022.9,39413.0,8.0,1,51708.75,38951.4,180615.0,43,38,16249.0,48233.47,14387.2,117,83,62491.0,Y,53050.04,saving,M,30,MEDIUM,7.0,10,924.0,1,4.0
6868,7874,1503.0,123825.34,4327.96,31787.0,2952.0,2026.64,321.52,1.0,32,48,2,1,55,326000,1,1,1.0,1,46451.38,76157.6,26241.0,2000.0,51206.41,95285.0,147.0,26,49928.0,33906.35,87308.5,1,171,24878.0,33425.08,38057.0,46,75,23268.0,Y,1565.1,current,M,47,LOW,2.7,9,516.0,1,17.0
6869,11150,10595.0,23551.0,1333.0,4682.93,6952.98,24719.98,630.0,2.0,1,23,1,23,8,358000,1,1,1.0,1,20747.5,589.39,37274.0,5730.0,2902.25,30486.0,46.0,0,33051.0,23519.21,20110.0,7,25,15200.0,371269.44,454.0,19,21,3777.0,Y,9887.32,current,M,64,HIGH,8.8,4,686.0,1,20.0
6870,3711,39078.0,4979.0,20258.0,4061.01,2959.0,15186.385,3332.0,1.0,77,82,1,55,13,406000,1,1,1.0,1,167.5,93.35,1097.0,5439.0,175306.64,31803.0,59.0,4,29662.0,44421.3,130112.0,30,24,50.0,38117.38,324496.57,47,13,236.88,Y,4165.67,current,M,36,MEDIUM,6.4,7,508.0,0,5.0
6871,2847,176783.0,48743.89,614.0,17355.25,1039.9,10131.345,2088.0,2.0,18,35,25,1,98,599000,1,1,1.0,1,568.8,2436.91,8333.0,-6301.0,45853.75,38939.0,11.0,9,32560.0,18629.12,23527.86,2,81,31513.0,133145.34,130543.76,7,79,306.0,Y,7201.74,current,M,27,MEDIUM,3.5,6,771.0,1,2.0
6872,13679,1764.0,4095.53,1062.95,20211.47,2337.15,3407.075,3098.2,10.0,4,30,19,3,55,393000,1,1,1.0,1,36368.7,165970.9,1052.0,10455.0,46692.41,303213.0,90.0,5,41441.0,202498.19,8769.0,4,14,20031.0,84335.72,14716.0,22,11,27538.0,Y,7856.84,current,M,30,MEDIUM,1.0,5,883.0,0,14.0
6873,3755,15476.0,4291.85,1784.25,688.29,4070.04,36370.955,4204.0,80.0,2,1,1,2,54,143000,1,1,1.0,1,7455797.87,43397.0,1255.0,5350.0,25348.5,32223.0,46.0,26,3936.0,428325.89,64198.0,2,108,65245.0,296508.0,106179.47,3,1,53743.0,Y,2439.86,saving,M,32,MEDIUM,2.4000000000000004,1,270.0,1,10.0
6874,19552,7846.0,11339.8,7503.0,5938.54,623.0,757.0,23237.5,3.0,5,60,3,1,47,579000,1,1,1.0,1,3247.5,360000.0,22000.0,-5439.0,73812.23,54440.25,18.0,1,20776.0,108747.29,46424.5,6,89,71630.0,73199.75,52213.0,7,32,67064.0,Y,4723.74,current,M,60,LOW,40.0,10,233.0,1,8.0
6875,3235,18577.0,7220.55,7484.0,33386.74,6046.0,4083.0,6857.0,12.0,23,4,3,9,6,125000,1,1,1.0,1,45463.0,109000.0,2644.0,-3506.17993,31596.0,29258.0,7.0,6,14422.0,91850.24,163267.0,6,44,43073.0,145904.0,39519.0,6,113,3684.0,Y,5224.41,current,M,34,MEDIUM,1.4000000000000001,2,523.0,1,10.0
6876,13262,27704.0,4478.92,114.0,25219.68,9952.89,14325.34,811.0,19.0,2,89,42,27,98,232000,1,1,1.0,1,871.5,158000.0,155205.0,1500.0,47924.9,37029.0,6.0,23,3400.0,192.64,20364.24,1,63,42205.0,75080.03,37502.0,4,26,38718.0,Y,2213.15,current,M,29,MEDIUM,8.1,4,516.0,0,14.0
6877,3914,2851.0,26218.0,15886.0,1700.0,2369.5,9941.61,971.02,10.0,23,1,2,36,6,581000,1,1,1.0,1,154363.25,470000.0,14904.0,24326.0,105113.39,65107.0,62.0,5,23770.0,26797.45,51687.36,20,108,56387.0,58662.53,90393.0,93,63,15422.0,Y,1112.62,current,M,31,LOW,11.0,5,519.0,1,17.0
6878,17096,4728.0,7952.79,56085.6,3284.92,17570.01,358.0,2253.0,44.0,85,46,50,5,4,324000,1,1,1.0,1,36368.7,17000.0,1143.0,26601.0,50778.83,12101.0,46.0,4,22103.0,28200.75,147.86,12,82,189250.0,41485.46,36311.77,93,83,29319.0,Y,4059.07,current,M,66,MEDIUM,13.8,6,355.0,0,19.0
6879,19663,333955.0,12613.13,2973.08,7725.0,654.0,1416.0,2397.0,19.0,10,46,1,51,64,20000,1,1,1.0,1,5383.25,64491.0,10000.0,903.0,107634.62,40322.0,7.0,0,68140.0,36887.35,60496.0,3,11,27974.0,77826.25,29397.0,3,79,44874.0,Y,1133.94,current,M,25,LOW,2.0,9,512.0,1,9.0
6880,7227,111.0,4143.84,5058.0,5682.22,255.0,14389.02,3959.0,67.0,10,89,1,5,4,345000,1,1,1.0,1,19265.4,41813.0,798.0,1444.0,93601.99,250157.0,42.0,5,29364.0,100162.53,28054.0,5,50,41150.0,78419.91,23312.98,19,58,82767.0,Y,2383.51,current,M,37,MEDIUM,3.4000000000000004,1,799.0,0,10.0
6881,17138,202626.0,11807.0,9920.0,2522.0,6612.4,4081.86,473.59,15.0,10,6,20,55,9,156000,1,1,1.0,1,1488748.8,12257.0,130000.0,-5998.43994,52616.44,85040.0,12.0,26,65177.0,66923.77,211214.36,6,0,23441.0,136727.9,30156.0,5,73,27389.0,Y,750.74,current,F,53,MEDIUM,3.3000000000000003,4,516.0,1,5.0
6882,5482,18986.0,5771.98,876.0,1493.85,450.0,11418.63,1409.1,2.0,10,35,1,2,80,286000,1,1,1.0,1,18418.85,117890.0,15477.0,5340.0,54443.63,19048.48,90.0,4,34664.0,102805.01,29377.0,3,7,24512.0,65079.72,272.0,49,64,22849.0,Y,4521.67,current,F,40,MEDIUM,6.0,1,966.0,1,2.0
6883,3166,6370.0,2692.85,1227.0,3481.0,3535.0,15366.475,18351.0,14.0,5,9,8,25,4,232000,1,1,1.0,1,34635.25,125090.58,12000.0,6885.0,13338.25,191622.58,40.0,31,68400.0,25348.0,46484.0,11,82,22384.0,302963.32,23421.5,14,11,9200.0,Y,19784.13,current,F,32,LOW,6.0,3,629.0,1,14.0
6884,17343,4401.0,71226.01,5212.0,2709.0,2930.68,8211.0,5246.0,7.0,23,49,60,1,4,97000,1,1,1.0,1,420.0,470000.0,300500.0,2337.0,22715.08,32589.0,11.0,26,27627.68,15423.62,167754.0,5,11,20767.0,51780.0,47093.79,12,22,47291.0,Y,2670.77,current,M,35,MEDIUM,13.5,2,424.0,1,18.0
6885,11312,5980.0,39199.48,6122.0,12372.79,5603.81,1309.0,3531.0,37.0,18,84,42,18,4,167000,1,1,1.0,1,26360.0,273221.0,36000.0,903.0,126830.5,31282.0,7.0,1,42520.0,18761.0,28708.28,70,26,43361.0,7506.4,502.0,46,13,1909.0,Y,135.08,saving,M,66,MEDIUM,4.6000000000000005,4,725.0,1,12.0
6886,18599,297579.0,61121.46,13543.0,7975.99,9720.04,2543.475,3647.73,3.0,18,44,4,55,30,555000,1,1,1.0,1,75000.0,60040.0,925.0,-4664.0,24213.88,30696.0,62.0,46,79442.0,15423.62,42213.0,0,2,74838.0,92095.1,1912.85,7,12,24350.0,Y,10729.11,current,M,30,MEDIUM,5.0,7,683.0,1,2.0
6887,14393,1288.0,11053.5,34714.0,13484.25,11820.0,22111.71,15620.69,56.0,85,69,18,2,98,472000,1,1,1.0,1,1234298.9,152.87,768.0,12174.0,73186.06,97235.0,39.0,13,73909.0,56934.02,120335.0,2,69,39897.0,53304.87,40595.0,3,8,70575.0,Y,1732.39,current,M,30,MEDIUM,6.0,9,269.0,0,13.0
6888,9749,5602.0,27911.21,3897.72,24765.82,3100.0,993.04,2699.0,2.0,18,82,5,60,30,306000,1,1,1.0,1,3638.25,19721.85,155205.0,13135.0,8805.5,74603.56,4.0,35,26852.0,33528.45,79235.0,7,13,16540.0,35929.43,61603.35,9,38,32040.0,Y,4654.22,current,M,55,LOW,31.5,1,314.0,1,17.0
6889,1649,17234.0,37608.87,2656.0,6508.0,7610.0,5264.0,5341.17,19.0,1,10,2,2,26,102000,1,1,1.0,1,1940.45,470000.0,19400.0,10455.0,32848.7,82471.0,41.0,3,242348.0,38515.01,163.86,1,81,34337.0,102969.36,306198.0,22,73,25499.0,Y,1131.67,current,M,27,LOW,5.6000000000000005,10,945.0,1,18.0
6890,2479,9514.0,23637.52,4017.0,8670.0,1988.75,8134.0,2142.0,5.0,10,5,18,5,34,507000,1,1,1.0,1,13180.0,43397.0,8060.0,3897.0,27791.84,12331.0,11.0,2,14594.0,29031.07,201064.0,9,11,5603.0,11149.0,141616.94,11,9,74946.0,Y,12778.23,current,M,53,MEDIUM,19.8,5,801.0,1,6.0
6891,18385,4353.0,4897.0,795.56,7261.36,400.0,14846.89,1599.0,4.0,34,30,2,1,1,195000,1,1,1.0,1,1399.9,330001.0,20887.0,7478.0,25861.52,63613.0,77.0,35,21537.0,10957.0,2746.13,2,104,73118.0,25111.76,365914.15,8,25,40073.0,Y,1198.81,current,M,35,LOW,3.0,2,887.0,1,20.0
6892,18020,13546.0,11284.15,8551.0,3804.23,6038.72,16414.68,523.0,1.0,65,71,15,21,2,27000,1,1,1.0,1,13668.25,54395.0,96558.0,0.0,5137.25,108774.0,4.0,36,29817.0,92958.26,57402.59,0,20,168000.0,8515.5,568.0,94,124,35500.0,Y,4468.95,current,F,53,HIGH,33.0,10,723.0,1,18.0
6893,4265,343429.0,2302.0,2009.0,541.0,10182.91,28343.0,1397.0,63.0,128,7,8,62,54,520000,1,1,1.0,1,1359.3,617203.09,230000.0,553.0,26141.73,20255.26,52.0,28,65498.0,31241.22,28719.0,2,63,19247.0,6397.81,50116.0,94,120,207.0,Y,1376.83,saving,M,62,MEDIUM,37.800000000000004,2,385.0,1,10.0
6894,3185,29.0,43414.6,19739.44,4355.0,3376.5,3116.85,463.73,7.0,56,16,2,2,5,393000,1,1,1.0,1,685580.0,88482.8,36114.0,8572.0,86561.69,48257.0,5.0,5,31780.0,28200.75,390145.5,9,4,68023.0,12110.2,40883.33,4,15,18041.25,Y,145.71,current,M,37,MEDIUM,15.3,6,430.0,0,15.0
6895,9452,10978.0,17613.73,1129.0,12783.0,16915.0,36506.0,2549.73,531.0,85,47,21,3,9,303000,1,1,1.0,1,58928.67,470000.0,768.0,886.0,16070.84,15046.0,77.0,36,24070.0,12238.99,86080.91,3,30,100500.0,70628.44,47399.0,4,104,132065.0,Y,730.1,current,M,33,MEDIUM,11.700000000000001,8,958.0,1,11.0
6896,8855,12263.0,3922.9,1915.0,1702.97,2071.0,3546.69,2277.0,7.0,128,11,20,6,34,232000,1,1,1.0,1,67833.35,25404.0,1001.0,1332.0,75135.0,55824.5,42.0,2,20780.0,129439.46,83267.0,45,21,36982.0,46275.84,59969.48,3,83,18966.0,Y,18543.51,current,M,34,MEDIUM,7.0,4,683.0,1,11.0
6897,10686,1282.0,370.0,4086.0,92391.27,5739.87,3194.2,823.0,24.0,81,4,2,2,80,300000,1,1,1.0,1,9220.2,41.26,50000.0,26601.0,59387.0,18801.0,18.0,2,26702.0,100473.09,23880.0,4,13,17994.0,44043.86,51693.99,62,17,19373.0,Y,3577.6,current,M,47,MEDIUM,2.7,9,638.0,0,5.0
6898,13890,1794.0,16494.01,15063.91,3392.26,368.0,1950.24,6707.91,24.0,13,74,22,2,54,17000,1,1,1.0,1,7089.7,372815.4,48950.0,-4664.0,33225.8,31410.0,46.0,1,365000.0,17318.0,142415.0,5,20,40017.0,170985.12,720.0,3,39,38564.0,Y,761.26,current,M,46,MEDIUM,5.2,2,582.0,0,5.0
6899,1028,16172.0,61257.0,34783.0,1827.0,516.0,4163.15,2217.0,59.0,99,9,2,2,5,375000,1,1,1.0,1,5809950.0,19000.0,1515.0,-4679.0,25261.93,55652.0,6.0,1,25140.0,65862.0,77888.0,2,8,20011.0,24551.0,13892.5,9,7,74000.0,Y,5067.63,saving,F,30,LOW,4.0,7,626.0,1,2.0
6900,11285,11448.0,1352.5,37365.92,4105.88,9343.38,11132.0,2825.0,1.0,17,53,3,15,11,375000,1,1,1.0,1,747610.0,257406.7,16004.0,5464.0,2948.0,75876.0,39.0,2,70160.0,13581.46,227643.0,7,5,11188.0,95072.05,29429.5,4,103,39217.0,Y,49719.04,current,M,40,MEDIUM,8.0,8,653.0,1,7.0
6901,6230,66.0,2810.52,9655.0,30284.29,2445.0,8027.91,23315.26,2.0,6,46,2,44,70,300000,1,1,1.0,1,24832.0,484729.69,300500.0,1332.0,32017.4,39417.0,10.0,6,13943.0,18774.41,41006.0,47,0,20636.0,68687.22,10301.0,14,68,16990.0,Y,1496.55,current,M,220,MEDIUM,160.0,5,799.0,1,20.0
6902,18603,6573.0,1098.75,138937.0,12437.57,1513.0,2997.0,8994.0,44.0,11,71,2,37,4,170000,1,1,1.0,1,26335.7,2436.91,24619.0,5439.0,15876.61,73473.52,8.0,35,41067.0,28319.0,79758.0,9,40,55000.0,24480.13,89620.0,1,103,40940.0,Y,656.2,current,M,62,LOW,12.600000000000001,8,748.0,1,7.0
6903,12211,5255.0,9025.76,1777.02,9463.47,36222.87,13321.0,275.0,26.0,1,102,1,21,5,124000,1,1,1.0,1,83400.3,1372927.14,3975.0,4856.0,87598.75,179516.0,103.0,1,17370.0,134192.92,46094.0,47,17,32106.0,66512.45,18571.0,3,10,22419.0,Y,350.32,current,F,34,MEDIUM,7.0,7,867.0,1,6.0
6904,10451,13770.0,855.0,2307.67,4347.5,16999.17,4281.0,60068.0,6.0,36,10,1,1,42,337000,1,1,1.0,1,1466675.0,15395.48,183999.0,6916.0,75561.0,22768.0,63.0,1,21750.0,51339.0,68960.0,1,59,24993.0,30714.22,68105.0,13,58,16288.0,Y,5765.43,saving,M,29,HIGH,0.9,6,638.0,0,2.0
6905,2859,6610.0,1081.69,1840.52,5840.92,3637.0,3158.0,2976.5,17.0,5,47,22,9,54,19000,1,1,1.0,1,8758.2,191000.0,8333.0,4856.0,21936.21,27333.0,11.0,19,46281.0,32131.0,23498.0,3,4,107835.0,5916.26,32461.0,9,58,73067.0,Y,5774.86,saving,M,33,MEDIUM,3.9000000000000004,10,658.0,0,4.0
6906,1213,13240.0,10313.0,578.0,6805.05,1620.0,7139.74,2726.0,10.0,23,6,1,1,44,125000,1,1,1.0,1,32951.25,1631.11,56305.0,4150.0,95622.68,62748.14,42.0,36,42703.0,11954.0,19334.0,2,82,35741.0,226461.91,51305.54,2,12,20105.0,Y,3028.98,current,M,66,LOW,9.200000000000001,7,325.0,1,13.0
6907,13552,10799.0,15580.0,34247.53,48748.66,4720.0,3547.09,1361.1,1.0,30,50,24,1,64,400000,1,1,1.0,1,6440.0,385218.7,49975.0,0.0,86561.69,13436.0,3.0,7,40544.0,36780.0,35166.0,45,12,12185.0,76593.87,6068.0,2,32,21601.0,Y,3851.03,current,M,34,MEDIUM,14.0,8,638.0,1,9.0
6908,6540,19064.0,4539.76,5928.0,1183.66,1017.0,5437.74,80.37,7.0,20,5,44,2,13,329000,1,1,1.0,1,322.02,470000.0,583.0,5730.0,23578.11,174676.38,2.0,36,41087.0,167917.32,47682.0,6,81,19849.9,152301.87,77111.73,7,3,58236.0,Y,9626.63,current,M,60,LOW,28.0,8,448.0,1,9.0
6909,17205,7328.0,5097.5,3659.93,2047.06,899.0,75.0,1113.0,57.0,2,35,7,1,8,199999,1,1,1.0,1,1488748.8,24703.0,25000.0,12174.0,53787.0,71510.0,52.0,3,66569.0,32735.67,111137.0,2,8,60448.0,19081.65,74396.0,5,83,178274.0,Y,340.62,current,M,55,HIGH,24.5,2,593.0,1,9.0
6910,7653,846.0,10917.0,2405.9,10204.42,5028.67,85286.26,2383.0,15.0,30,72,47,15,10,198000,1,1,1.0,1,33111020.0,240000.0,4367.0,886.0,38267.0,229152.0,11.0,26,48782.0,35657.75,9597.0,6,28,49404.96,22805.0,95463.0,3,65,29070.0,Y,4575.16,current,M,60,MEDIUM,12.0,8,574.0,1,17.0
6911,7980,17891.0,4612.09,4882.5,11143.08,11070.0,619.88,6488.0,92.0,601,14,1,1,67,256000,1,1,1.0,1,1349.1,257406.7,519.0,-4664.0,20756.5,109796.0,69.0,19,45556.0,8379.0,48876.67,4,20,28937.0,19894.66,53361.0,10,6,302386.0,Y,7114.17,current,M,40,LOW,10.0,6,465.0,1,11.0
6912,14294,13383.0,13941.86,3491.0,11634.63,2225.0,5203.9,6169.0,7.0,3,82,2,3,2,327000,1,1,1.0,1,1664.4,159415.3,519.0,3735.0,19385.81,92263.0,11.0,3,27463.0,107998.27,18532.5,4,5,49500.0,79427.94,19588.0,9,50,541355.0,Y,2180.35,saving,M,47,MEDIUM,13.5,10,737.0,0,2.0
6913,2653,298075.0,1978.05,665.18,49444.95,1048.0,10031.0,5135.0,63.0,14,10,2,12,16,147000,1,1,1.0,1,2100.0,7194.0,2019.0,26601.0,21008.74,3215.0,52.0,26,134772.0,42291.47,104059.0,42,6,28115.0,30167.0,230144.0,49,67,21870.0,Y,834.32,current,M,34,LOW,12.600000000000001,8,683.0,1,5.0
6914,3379,12179.0,3471.14,1553.0,48319.19,3582.5,11102.36,985.0,1.0,31,84,8,15,37,130000,1,1,1.0,1,61761.4,82907.34,925.0,12174.0,28309.55,23444.0,38.0,1,510.0,58926.0,60412.36,42,5,1322.0,25127.34,106766.0,94,52,126650.0,Y,4976.62,current,M,40,LOW,2.0,10,324.0,1,17.0
6915,13035,6597.0,17245.93,2878.0,3712.74,4782.0,2905.0,379.0,44.0,85,7,4,1,42,199999,1,1,1.0,1,165907.57,624742.27,768.0,3735.0,35172.59,22945.0,7.0,13,27539.0,78634.94,97033.0,43,8,299178.41,1325.0,64742.75,7,1,41601.0,Y,16310.33,saving,M,27,LOW,3.5,9,812.0,1,3.0
6916,10554,335425.0,23289.33,2409.0,39053.7,6647.0,90290.0,5032.92,67.0,22,5,25,1,80,150000,1,1,1.0,1,82.4,141473.07,2184.0,-6281.37987999999,48758.96,14088.0,11.0,6,28088.0,27440.93,80370.0,1,44,11796.0,11618.75,40092.38,3,18,13301.0,Y,350.32,saving,M,40,MEDIUM,10.0,6,799.0,0,6.0
6917,15890,83988.0,11990.0,71417.8,43130.18,2696.0,11199.58,29748.06,2.0,1,67,48,6,2,102000,1,1,1.0,1,291969.2,460000.0,496948.0,886.0,168993.42,27279.66,4.0,4,50881.0,41393.0,27499.0,9,6,43270.0,53620.75,87994.0,13,32,90742.0,Y,5001.44,current,M,53,MEDIUM,6.6000000000000005,9,296.0,0,12.0
6918,309,1250.0,2629.37,1995.43,14870.4,2447.0,636.78,7116.0,2.0,23,14,1,71,67,340000,1,1,1.0,1,474401.25,6574.31,3975.0,13135.0,18031.0,53645.0,20.0,2,55911.0,75786.15,216616.37,2,20,38740.0,43704.51,13232.41,117,18,66778.0,Y,2152.5,current,M,31,LOW,9.9,9,523.0,1,11.0
6919,15436,86.0,3770.86,5481.87,11534.95,573.58,15577.0,37539.0,2.0,18,3,10,16,2,199999,1,1,1.0,1,568.8,5729.0,925.0,167.0,38432.3,41083.0,11.0,36,18961.0,5720.24,744157.0,7,21,10277.0,32133.14,20406.0,1,106,87839.4,Y,8759.92,current,M,30,LOW,6.0,10,638.0,0,17.0
6920,19241,17292.0,1521.5,20978.0,20883.14,9529.0,3117.3,2615.0,16.0,77,14,48,1,2,371000,1,1,1.0,1,55700.0,25404.0,6100.0,5340.0,46834.09,11758.0,0.0,4,22746.0,24928.73,45240.0,2,81,40487.0,155495.86,243411.0,2,38,8718.0,Y,12134.77,current,M,63,LOW,12.9,3,863.0,1,19.0
6921,3113,6173.0,10329.0,1159.0,17174.01,5699.0,2629.735,12743.0,531.0,65,4,7,1,80,10000,1,1,1.0,1,825.0,861640.54,300500.0,-5942.0,49938.0,363653.0,43.0,26,7223.41,15821.31,30491.13,47,8,33000.0,61147.29,63771.0,4,18,22828.0,Y,1325.2,saving,M,34,HIGH,4.2,5,883.0,0,3.0
6922,3928,334483.0,9829.27,3302.0,6410.67,3182.0,10131.345,1573.0,26.0,71,74,17,18,11,218000,1,1,1.0,1,291969.2,1187335.5,68000.0,2921.0,128.25,66352.0,24.0,13,22879.0,62063.76,54507.28,1,12,236376.0,46481.66,40440.0,2,28,17082.0,Y,24523.68,current,M,28,MEDIUM,0.8,7,805.0,0,16.0
6923,17641,294.0,8213.46,2562.0,8635.23,777.57,5238.6,1065.0,10.0,3,1,62,1,1,483000,1,1,1.0,1,111.0,17500.0,5905.0,4512.0,13711.25,69030.94,84.0,3,23393.0,135087.59,125092.0,1,50,84830.0,13652.41,45361.0,4,18,250526.0,Y,1461.87,current,M,28,MEDIUM,4.800000000000001,7,683.0,1,16.0
6924,17708,10846.0,9265.98,1499.4,3421.69,1433.0,4998.0,917.31,1.0,34,50,50,17,8,147000,1,1,1.0,1,9717.55,79828.0,12337.0,-3506.17993,25663.77,52582.0,63.0,3,25032.0,29891.75,101174.0,3,20,20216.2,40649.71,32114.0,94,65,10460.0,Y,85.23,current,M,60,LOW,20.0,2,372.0,1,13.0
6925,5427,1219.0,11548.47,3994.8,23538.46,5894.0,8142.305,6535.4,8.0,5,19,48,3,13,124000,1,1,1.0,1,60800.0,17000.0,33774.0,4795.0,66113.98,717224.0,18.0,36,24907.0,24015.07,42269.0,8,5,63585.0,280828.07,86659.0,3,32,34101.0,Y,17692.83,current,M,30,MEDIUM,4.0,10,713.0,0,16.0
6926,7306,17349.0,11174.51,8193.0,1924.65,5402.0,18143.0,5346.72,6.0,2,49,1,15,47,366000,1,1,1.0,1,526.25,10903.0,768.0,-6281.37987999999,246324.28,146093.0,36.0,23,9272.0,20365.38,34386.0,1,8,57000.0,89307.1,355751.09,6,12,61129.0,Y,7568.3,saving,M,34,HIGH,8.4,2,683.0,1,6.0
6927,13339,12077.0,8141.06,229255.0,1182.0,1366.9,1559.5,1209.0,5.0,18,86,30,3,16,139999,1,1,1.0,1,173732.5,152664.0,68000.0,5464.0,56811.15,16060.0,69.0,26,2277.89,5041.0,19773.0,43,20,65353.0,44227.2,27666.91,8,18,16879.0,Y,1326.09,saving,M,62,MEDIUM,4.2,8,249.0,1,12.0
6928,14829,17395.0,27870.96,14606.34,4590.32,429.0,3891.005,2556.0,6.0,31,5,2,31,30,17000,1,1,1.0,1,21511.8,117890.0,18257.0,12415.0,208071.23,92291.0,5.0,1,91150.46,95126.55,168731.0,4,82,15666.0,34828.09,266541.0,5,104,107669.0,Y,5378.33,current,M,42,MEDIUM,4.4,8,628.0,0,20.0
6929,15797,315.0,46411.27,717.0,55813.51,5314.0,23468.11,1540.0,4.0,22,50,3,25,4,100000,1,1,1.0,1,28844.0,470000.0,25000.0,7478.0,33216.06,102751.4,4.0,36,18358.0,32219.48,25588.0,6,8,10277.0,32915.02,220153.48,21,12,29600.0,Y,12305.86,current,M,38,MEDIUM,10.8,9,330.0,1,17.0
6930,14534,330382.0,6405.53,5857.31,7256.67,7914.0,49134.28,14661.51,2.0,65,4,2,11,69,525000,1,1,1.0,1,21941.0,1628.0,13873.0,10210.0,17698.25,1060729.0,42.0,3,59622.0,18974.3,357.73,9,20,40883.0,239433.92,41627.0,94,11,22547.0,Y,1255.17,current,M,47,MEDIUM,27.0,4,485.0,1,6.0
6931,1048,10154.0,12486.12,10802.0,6748.46,5647.0,14525.62,517.0,2.0,18,2,25,2,11,0,1,1,1.0,1,3502.8,1543.85,1052.0,5439.0,25084.25,10739.0,18.0,36,35088.0,4160.0,782321.0,1,8,24922.0,84797.05,19866.0,6,21,94534.0,Y,1143.73,current,M,37,MEDIUM,10.200000000000001,9,523.0,0,18.0
6932,3864,329707.0,10781.22,1664.0,6871.06,8686.0,11548.99,6375.89,2.0,10,102,42,1,1,87000,1,1,1.0,1,130319.0,157000.0,19081.0,6916.0,14974.04,14312.91,11.0,1,96806.0,29526.0,671660.0,0,70,10350.0,138196.13,2573.0,19,14,23907.0,Y,618.33,current,M,53,HIGH,23.1,4,866.0,1,13.0
6933,3114,16875.0,54957.195,3118.0,688.29,3808.66,8212.14,589.52,15.0,23,74,42,56,14,306000,1,1,1.0,1,811.0,2300000.0,14754.0,14509.0,64097.5,46933.0,16.0,26,29140.0,30033.0,12400.0,47,81,1322.0,49018.49,93344.01,16,12,691984.71,Y,9834.73,current,M,49,MEDIUM,29.0,6,325.0,0,14.0
6934,18559,7115.0,22618.0,2804.0,36966.27,958.0,5207.7,4642.3,44.0,6,50,1,7,8,80000,1,1,1.0,1,10000.0,130000.0,25524.0,7478.0,12648.25,239131.19,42.0,1,15315.0,12132.0,4333895.16,43,42,172.14,39140.3,16905.0,21,73,26613.0,Y,53660.69,saving,M,37,MEDIUM,11.9,6,956.0,1,14.0
6935,269,16133.0,1676.85,1256.0,10182.7,918.0,204.0,10865.0,66.0,17,71,2,44,6,267000,1,1,1.0,1,299294.61,470000.0,15477.0,-6885.0,35393.68,36210.25,69.0,2,12876.0,59774.0,200013.0,43,50,104687.0,49714.87,38862.0,5,42,718.0,Y,7667.66,current,F,32,MEDIUM,3.6,10,921.0,1,18.0
6936,17671,3043.0,1737.78,431.52,4755.85,1297.84,7142.0,4536.0,10.0,18,7,1,9,56,152000,1,1,1.0,1,9784.1,182359.2,68000.0,-4324.0,132090.25,26982.0,8.0,7,77567.0,25862.92,85115.0,6,14,16560.0,64483.27,107391.0,3,58,19671.0,Y,1553.33,current,M,27,LOW,3.5,9,866.0,1,7.0
6937,13195,12885.0,16435.92,24877.0,5496.94,3676.3,9863.29,11533.5,14.0,26,13,24,9,30,192000,1,1,1.0,1,205595.43,60481.0,711.0,20513.0,19553.77,24532.0,10.0,33,22580.0,166698.12,52247.0,0,59,20696.0,35472.48,2204.0,3,63,196.93,Y,1503.89,current,F,58,LOW,34.2,10,366.0,1,9.0
6938,13024,8892.0,29335.5,3253.0,2120.0,384.58,1626.0,6219.79,26.0,2,74,60,31,67,400000,1,1,1.0,1,63073.6,31871.49,78309.0,12415.0,8677.0,80144.82,22.0,13,29710.0,3106.0,45084.0,42,20,65245.0,37052.5,20535.0,117,12,50699.0,Y,35913.65,current,M,66,LOW,9.200000000000001,2,858.0,1,20.0
6939,10095,12593.0,5660.0,9760.0,11639.72,1120.0,12737.0,1680.36,1.0,26,67,2,2,1,75000,1,1,1.0,1,766011.5,8000.0,130000.0,20790.0,78908.0,38228.0,103.0,19,63758.0,121855.16,45916.88,4,108,175750.0,221923.43,335258.41,13,8,63000.0,Y,220.56,current,M,47,MEDIUM,24.3,5,737.0,0,15.0
6940,6914,12797.0,7505.56,19.35,17903.4,3506.0,26789.86,1222.0,92.0,43,60,7,3,68,371000,1,1,1.0,1,6.164,119451.0,24619.0,9415.0,940262.58,46665.0,5.0,35,59946.0,146966.81,57030.0,4,23,38441.0,17476.15,72088.0,7,11,2510.0,Y,20931.34,current,M,33,MEDIUM,2.6,6,535.0,1,2.0
6941,15763,21077.0,3283.4,3183.72,2064.25,552.0,2351.5,5256.0,80.0,85,1,24,11,79,378000,1,1,1.0,1,7089.7,1084598.7,68000.0,6885.0,45992.65,78119.0,67.0,0,23937.0,39173.76,142809.0,8,12,23269.0,59846.7,98248.28,9,13,18828.0,Y,15884.72,current,M,60,HIGH,24.0,3,269.0,1,10.0
6942,17197,1672.0,43463.26,1763.22,12280.71,4410.0,15359.15,7071.71,7.0,77,4,47,4,4,302000,1,1,1.0,1,117168.65,120000.0,643.0,12174.0,50496.17,43277.37,39.0,7,15860.0,44004.38,211214.36,6,20,69866.0,1113.0,62336.25,41,58,62636.0,Y,237.96,saving,F,223,MEDIUM,162.4,6,268.0,1,19.0
6943,17308,139364.0,4910.5,5311.0,2238.0,4927.23,9891.44,887.0,57.0,3,50,22,21,17,58000,1,1,1.0,1,825.0,455873.9,69493.0,7478.0,6678.4,113.0,55.0,19,40139.0,301252.39,138964.0,4,2,18015.0,113916.9,33645.0,2,7,46614.0,Y,4430.1,current,M,67,LOW,32.9,3,233.0,1,8.0
6944,7691,180178.0,34806.77,17020.33,2852.425,993.0,3558.66,41199.0,10.0,26,50,3,11,17,44000,1,1,1.0,1,13929.95,184514.0,16215.0,2337.0,35696.5,79916.0,10.0,1,225.0,47848.17,35169.0,3,24,32220.0,139144.19,20783.0,16,11,26460.0,Y,5372.98,current,F,55,HIGH,31.5,1,270.0,1,20.0
6945,13644,12575.0,176584.68,4667.0,1947.5,60659.0,3038.0,389.0,26.0,23,35,41,15,42,393000,1,1,1.0,1,48422.7,201000.0,4000.0,3897.0,89672.29,327643.0,62.0,26,94312.0,48891.0,40985.0,3,7,30900.0,37559.75,124918.0,2,57,12512.0,Y,85671.46,current,M,44,MEDIUM,24.0,2,331.0,1,7.0
6946,493,616.0,4571.92,22079.65,3884.66,12554.18,1295.52,16846.0,60.0,10,49,53,71,47,98000,1,1,1.0,1,1497586.08,120541.0,49000.0,8572.0,33554.55,8815.26,55.0,17,30945.0,8951.8,72796.49,17,82,59885.0,23918.83,27272.0,1,106,66592.0,Y,10859.44,current,M,32,MEDIUM,8.4,2,454.0,1,14.0
6947,14696,16908.0,48450.86,7441.0,6670.0,6365.76,4446.075,4514.0,53.0,18,71,1,51,77,48000,1,1,1.0,1,6100.0,138475.4,30071.0,5340.0,5628.37,68284.0,79.0,2,101397.0,23821.33,85370.0,0,12,38496.0,45015.44,40064.63,10,11,28233.0,Y,64043.88,saving,M,53,MEDIUM,6.6000000000000005,1,315.0,1,10.0
6948,12294,166109.0,22831.19,3857.37,5261.0,2166.5,2844.97,848.0,1.0,3,102,5,2,30,330000,1,1,1.0,1,1859872.2,114.74,130000.0,1411.0,81339.94,96348.0,67.0,1,36776.0,25762.3,39516.0,1,12,86294.0,19851.01,16545.29,2,11,26083.0,Y,3953.58,current,M,35,MEDIUM,7.5,9,537.0,0,16.0
6949,13572,13305.0,13138.84,29926.25,11140.0,8785.92,3711.0,2387.4,24.0,7,16,48,48,11,167000,1,1,1.0,1,15250.79,376694.91,73217.0,-6281.37987999999,71407.0,88740.61,67.0,35,31354.0,26682.13,77262.57,47,42,44555.0,119667.45,55751.0,4,38,33427.0,Y,1781.87,current,M,37,LOW,15.3,6,883.0,0,6.0
6950,18763,7720.0,4977.0,602.47,10204.42,1732.0,13206.18,9270.0,26.0,71,13,48,25,34,83000,1,1,1.0,1,5688.0,64309.52,22000.0,24326.0,93973.0,27301.0,8.0,4,31591.0,44760.26,47100.0,43,12,32009.0,32915.02,80902.0,36,50,19086.0,Y,71509.31,current,M,35,HIGH,3.0,5,351.0,1,10.0
6951,16422,17516.0,20991.92,3069.71,17042.07,4043.63,8538.0,3187.52,7.0,2,50,12,51,11,518000,1,1,1.0,1,58834.74,446457.0,1630.0,167.0,90265.0,29258.0,90.0,31,66456.0,47324.12,74706.03,4,8,5600.0,26379.82,407677.5,19,11,13981.0,Y,820.16,current,M,44,MEDIUM,9.600000000000001,2,454.0,1,9.0
6952,6594,677.0,6174.55,1641.0,15448.53,9954.0,17537.21,2285.68,26.0,56,17,4,3,68,383000,1,1,1.0,1,5688.0,116000.0,43798.0,12415.0,62727.08,408597.0,4.0,3,22612.0,33445.0,87308.5,70,171,55083.0,123913.48,66671.72,3,39,76617.0,Y,17972.66,current,M,50,MEDIUM,27.0,4,314.0,1,20.0
6953,171,6863.0,6552.95,1764.56,27534.53,6212.53,43421.0,824.04,1.0,10,117,1,1,81,461000,1,1,1.0,1,299037.15,142608.5,5540.0,1465.0,98553.61,15262.0,39.0,3,106047.0,254520.37,20963.0,7,8,7234.0,45965.0,68698.0,5,21,27166.0,Y,2285.92,current,M,34,LOW,5.6000000000000005,2,708.0,1,13.0
6954,8314,86831.0,2848.29,974.0,13737.29,6872.0,1611.0,7597.0,2.0,13,11,1,2,1,44000,1,1,1.0,1,1539496.64,134000.0,51520.0,0.0,79964.5,23353.0,16.0,1,98030.0,6970.06,34180.0,4,171,25150.0,62462.0,1755.0,12,83,44172.0,Y,543.56,current,F,29,MEDIUM,3.6,10,507.0,1,15.0
6955,3058,219883.0,7808.0,632.0,28710.14,15477.18,3211.0,2904.0,17.0,34,44,50,17,4,157000,1,1,1.0,1,825.0,18300.0,48950.0,12965.0,21090.0,16280.0,90.0,2,46136.0,72229.12,84333.84,4,27,55504.0,22346.5,6590.29,10,38,233795.73,Y,1466.23,current,M,31,MEDIUM,5.5,3,330.0,0,16.0
6956,4161,171452.0,53554.99,36486.56,27457.64,4470.32,4119.0,1312.85,92.0,66,38,10,27,47,267000,1,1,1.0,1,9649.6,82907.34,6100.0,6260.0,122184.37,22563.0,46.0,7,49661.0,19758.37,47663.0,6,81,87332.0,86761.81,52974.0,94,38,2474.0,Y,727.03,current,M,34,MEDIUM,14.0,8,956.0,1,6.0
6957,4298,5001.0,31661.68,643.85,18416.0,1429.11,3519.405,2346.94,12.0,30,4,3,2,6,87000,1,1,1.0,1,44575.0,11982.0,2130.0,0.0,20603.18,36338.0,87.0,17,31122.0,84687.55,299901.0,6,42,21693.0,58982.16,36366.0,5,1,9261.0,Y,7169.97,saving,M,219,MEDIUM,99.5,3,883.0,1,6.0
6958,1546,4073.0,34191.93,16561.89,11267.33,6092.0,1781.0,3075.52,2.0,3,59,3,3,42,411000,1,1,1.0,1,33784.35,152664.0,25524.0,977.0,42035.25,27472.0,90.0,3,53434.0,48478.61,658385.53,1,8,652.35,63299.07,17856.0,47,38,34593.0,Y,12427.7,saving,M,66,LOW,4.6000000000000005,7,867.0,0,5.0
6959,10192,137049.0,4907.7,9115.25,31704.75,188.0,152.0,4191.0,17.0,84,4,2,25,10,447000,1,1,1.0,1,168265.55,500358.79,51520.0,10210.0,11109.25,19956.0,11.0,36,19779.0,116899.24,192143.48,5,20,30120.0,138196.13,74081.0,5,50,250526.0,Y,11393.54,current,M,42,MEDIUM,2.2,1,685.0,0,2.0
6960,8672,5813.0,16126.12,49690.0,16511.44,9914.92,15896.525,792.32,53.0,83,653,1,2,10,501000,1,1,1.0,1,12869465.0,17500.0,8333.0,2921.0,35451.41,29570.0,84.0,1,55302.0,16226.0,20969.37,5,25,310000.0,71466.84,65416.0,3,18,27608.0,Y,1098.14,current,M,42,MEDIUM,17.6,10,818.0,1,20.0
6961,11467,3471.0,2476.21,1350.67,3071.5,1649.0,25855.565,5411.77,2.0,5,13,2,1,64,212500,1,1,1.0,1,1215.0,191000.0,4895.0,12415.0,72202.5,42103.0,11.0,15,14908.0,27413.63,25105.0,1,8,42554.0,26693.0,115498.48,8,3,157500.0,Y,1003.53,current,M,44,MEDIUM,21.6,4,956.0,1,9.0
6962,5937,304190.0,8773.95,4523.0,2196.04,3593.0,239.0,14139.01,5.0,22,7,1,2,3,87000,1,1,1.0,1,8531560.0,48087.25,48950.0,20790.0,48802.69,72512.82,42.0,3,17720.0,37704.48,3730.36,43,26,228175.0,6842.69,172283.23,2,20,108780.0,Y,1328.57,current,F,40,LOW,14.0,5,464.0,0,4.0
6963,10250,109514.0,6978.0,4105.5,22016.75,35847.0,79461.0,773.0,2.0,10,17,1,1,67,306000,1,1,1.0,1,60050.0,51000.0,18257.0,6916.0,41162.08,315481.44,40.0,2,19454.0,19280.94,20078.0,2,21,6996.0,23407.02,67391.0,5,58,21814.0,Y,2332.22,current,M,33,LOW,9.1,10,486.0,1,15.0
6964,3471,17690.0,8434.89,1998.8,6996.46,1169.2,19972.1,3718.67,37.0,65,102,5,21,64,400000,1,1,1.0,1,977377.25,861640.54,230000.0,-12179.0,58160.43,85342.11,69.0,1,38317.0,29417.07,169211.0,2,82,290554.33,47391.34,22217.0,42,38,26780.0,Y,5216.0,current,M,35,MEDIUM,10.5,8,488.0,1,10.0
6965,61,11039.0,6911.0,383.3,4897.58,2462.98,3670.5,8748.0,4.0,29,14,10,51,11,289000,1,1,1.0,1,32951.25,96096.0,508.0,-4664.0,50440.75,36933.0,46.0,35,10550.0,333756.62,52955.87,1,20,15432.0,46886.0,101350.33,5,1,16682.0,Y,3795.25,current,F,42,MEDIUM,6.6000000000000005,8,710.0,1,3.0
6966,13727,13116.0,9784.4,3262.0,22717.23,2428.0,5776.8,6829.18,6.0,56,50,24,14,39,156000,1,1,1.0,1,123134.77,176487.6,3792.0,1992.0,60237.19,78476.0,18.0,19,326025.0,37216.5,211214.36,42,82,22003.0,33423.75,28587.0,16,32,26350.0,Y,49812.62,saving,M,58,LOW,3.8000000000000003,9,858.0,1,8.0
6967,10626,24725.0,44254.34,858.0,15551.35,22853.0,11407.56,2191.9,24.0,66,30,1,38,98,290000,1,1,1.0,1,472.0,46500.0,492.0,35346.0,15963.82,10862.41,11.0,3,18503.0,73983.94,93078.0,2,8,2262.0,52626.23,783.0,6,3,29199.0,Y,5548.45,current,M,49,LOW,23.200000000000003,10,233.0,1,12.0
6968,15827,19829.0,1778.0,5430.8,40849.04,3791.72,3093.245,18528.0,26.0,60,38,4,16,42,442000,1,1,1.0,1,8554.5,8000.0,925.0,8723.0,2391.25,305978.0,43.0,1,72241.0,72299.0,212277.0,8,13,17431.0,31738.38,19125.0,94,25,87500.0,Y,5159.75,current,M,34,MEDIUM,12.600000000000001,1,969.0,1,7.0
6969,5036,17984.0,5082.01,8762.0,6206.0,10246.0,2597.53,5328.0,2.0,85,35,15,3,14,125000,1,1,1.0,1,270.0,165970.9,96558.0,6885.0,37930.51,28736.0,11.0,36,100835.12,85054.9,123081.41,31,8,17794.0,12935.0,617.0,36,100,32192.09,Y,7644.63,current,M,42,MEDIUM,11.0,3,269.0,1,11.0
6970,17064,314766.0,23498.53,27848.0,51638.0,986.68,10961.5,4005.0,8.0,32,59,47,6,4,345000,1,1,1.0,1,148705.0,15375.23,851.0,-6301.0,6372.0,85443.0,40.0,6,24992.0,15122.0,229072.5,17,8,52382.0,139556.97,47739.0,1,35,46258.0,Y,3655.54,current,M,47,LOW,21.6,8,554.0,1,7.0
6971,6560,12193.0,8748.39,15886.0,11928.92,302.0,18215.8,1986.72,7.0,23,112,1,1,2,341000,1,1,1.0,1,73010.0,93.35,925.0,7478.0,105113.39,56497.25,5.0,11,132160.0,65978.7,219757.0,43,63,30424.0,16739.52,22995.0,8,11,27986.0,Y,6121.8,current,M,34,LOW,4.2,5,503.0,1,12.0
6972,19351,15675.0,2710.0,988.0,1067.17,6273.0,3953.995,6836.0,60.0,43,18,2,3,16,80000,1,1,1.0,1,54201.87,172131.0,3570.0,13135.0,35945.39,723589.0,4.0,43,28071.0,29891.75,105499.0,2,59,12383.0,19081.65,31150.08,3,103,78690.0,Y,823.57,current,F,58,MEDIUM,15.200000000000001,5,355.0,0,18.0
6973,14240,16820.0,15067.8,11805.26,14334.045,1717.0,932.52,5150.0,2.0,8,2,45,36,79,276000,1,1,1.0,1,41.4,165970.9,3570.0,3897.0,27174.0,5184.0,12.0,5,61302.0,76394.71,6288.0,1,50,21195.0,4401.99,148283.29,42,14,55959.0,Y,568.48,saving,M,66,MEDIUM,23.0,2,743.0,1,19.0
6974,13972,499.0,12951.0,6295.96,5200.46,1072.84,3948.0,2447.56,16.0,26,16,50,3,2,156000,1,1,1.0,1,47.35,191000.0,25000.0,3983.0,174445.09,33550.0,36.0,33,50909.0,56439.44,20405.58,2,12,870.0,60708.72,167693.78,6,36,74976.0,Y,10795.66,current,M,53,MEDIUM,16.5,4,748.0,1,18.0
6975,426,8400.0,10917.33,10398.67,4699.6,916.59,13195.08,3457.55,14.0,3,20,60,3,1,528000,1,1,1.0,1,61186.36,470000.0,16215.0,-4679.0,49863.0,57104.0,18.0,2,19632.0,29192.56,180424.0,70,81,55250.0,14475.0,51985.19,12,50,42872.0,Y,2659771.43,saving,M,62,MEDIUM,29.400000000000002,4,614.0,1,2.0
6976,3171,32949.0,9561.53,9686.01,9873.0,2573.0,5949.0,1061.0,7.0,77,117,5,4,17,138000,1,1,1.0,1,127004.3,1543.85,24094.0,886.0,29073.36,390622.0,12.0,31,38006.0,42721.75,14554.86,4,75,2412000.0,15586.82,23855.0,21,39,50282.0,Y,18717.09,current,M,30,LOW,2.0,1,325.0,1,3.0
6977,12446,293407.0,79987.43,1179.05,5666.85,714.59,3712.0,5762.0,6.0,1,23,20,2,81,255000,1,1,1.0,1,668728.4,90829.65,28985.0,-4612.00977,73704.37,53003.0,46.0,36,22754.0,49859.43,22371.0,2,11,28765.0,50975.0,10259.0,6,26,99677.0,Y,57389.07,saving,M,55,LOW,3.5,8,700.0,1,5.0
6978,6888,13393.0,11377.57,7745.0,6402.0,5995.0,21363.25,8713.0,6.0,10,105,21,1,5,466000,1,1,1.0,1,16317860.0,482147.0,48500.0,5730.0,32146.0,166534.0,10.0,3,24661.0,40709.84,74593.0,42,69,28832.0,1107156.11,71169.0,62,6,69267.0,Y,1819.91,current,M,44,MEDIUM,21.6,6,799.0,1,10.0
6979,6428,5178.0,838.5,640.0,13639.0,1921.0,2842.0,5610.0,6.0,32,35,4,7,1,293000,1,1,1.0,1,107686.46,369448.8,24619.0,-5439.0,15363.0,188189.0,46.0,0,15024.0,41577.75,85214.0,4,25,7900.0,44546.79,1143826.64,10,1,11446.0,Y,8227.39,current,M,47,LOW,18.900000000000002,6,249.0,1,14.0
6980,3631,334225.0,21592.34,8345.0,376.0,964.0,12053.6,27668.26,24.0,15,61,24,55,18,267000,1,1,1.0,1,3101.3,76365.24,4000.0,173.0,28514.0,4690.0,63.0,0,34827.0,8145.0,67585.0,6,171,23406.0,22743.9,25476.0,38,120,55571.63,Y,2771.27,current,M,37,MEDIUM,3.4000000000000004,6,713.0,1,10.0
6981,14569,7745.0,1334.5,4941.84,1216.86,12666.76,7694.0,17167.0,25.0,61,13,22,6,13,306000,1,1,1.0,1,471.05,31000.0,1633.0,5773.0,11660.25,111963.84,55.0,2,44137.0,24151.59,252204.0,43,7,51344.0,15039.18,2314.0,12,0,611762.0,Y,1454.69,saving,M,33,LOW,13.0,9,958.0,0,14.0
6982,9392,17309.0,20176.19,9390.46,19514.97,4635.85,15781.1,4204.0,57.0,83,85,2,2,5,17000,1,1,1.0,1,39851.93,93.35,25000.0,6916.0,44464.6,40465.0,11.0,26,22340.0,12858.0,45236.0,0,171,225.0,101212.0,461.79,4,12,31901.0,Y,13037.1,current,M,60,MEDIUM,32.0,7,814.0,1,8.0
6983,17378,19721.0,3926.36,2136.0,16529.54,3757.0,3322.52,21126.0,5.0,99,49,1,24,1,483000,1,1,1.0,1,1910215.0,97000.0,230000.0,1500.0,117656.75,24733.0,22.0,3,13235.0,17299.12,39731.0,4,20,50086.0,81000.0,267624.75,3,83,20005.0,Y,4499.46,current,F,28,MEDIUM,8.0,8,809.0,1,3.0
6984,7297,167051.0,6262.48,330.78,6008.54,4799.12,14298.75,2416.0,1.0,47,47,18,2,7,595000,1,1,1.0,1,34648.75,242827.0,33774.0,-5439.0,248334.3,80127.0,46.0,3,38419.0,142856.5,93084.0,0,25,21898.0,9357.55,175886.25,94,80,17978.0,Y,6517.51,current,M,34,LOW,9.8,5,958.0,1,9.0
6985,7621,6278.0,14210.48,3899.0,22504.43,961.0,33657.0,12888.76,8.0,2,82,25,9,4,494000,1,1,1.0,1,593.2,43397.0,5905.0,1444.0,19130.06,35194.0,55.0,27,35728.0,22996.11,97482.0,10,30,74695.0,77011.0,35468.0,3,63,197385.0,Y,5736.75,current,M,46,LOW,26.0,2,488.0,1,6.0
6986,10841,294321.0,41279.9,6768.77,4154.0,2267.5,13262.005,5643.0,26.0,85,30,1,4,98,300000,1,1,1.0,1,47936.43,70000.0,527.0,977.0,48889.68,30058.0,90.0,19,78577.0,21352.92,54507.28,2,8,23907.0,305660.75,43268.0,8,106,33209.0,Y,71.34,current,M,30,MEDIUM,10.0,9,259.0,1,13.0
6987,16124,404414.0,5849.95,11141.0,10260.69,18653.0,1406.0,5727.0,8.0,65,9,48,1,16,100000,1,1,1.0,1,88.0,356899.37,130000.0,0.0,41801.55,24206.0,10.0,1,25230.0,19510.51,30502.73,5,6,20983.0,43873.58,8005.0,1,65,29872.45,Y,3190.88,current,F,27,HIGH,3.5,10,511.0,1,11.0
6988,13406,96054.0,55804.79,1824.77,2141.13,1772.0,6628.0,3613.85,1.0,65,135,4,1,98,472000,1,1,1.0,1,11878.6,39833.19,643.0,-5715.49022999999,63753.22,27001.0,103.0,3,26343.0,18684.0,56186.87,2,171,29627.0,63228.33,45540.0,8,38,170859.0,Y,744.13,current,M,66,MEDIUM,41.400000000000006,5,256.0,0,20.0
6989,9067,398730.0,3812.0,1360.0,6882.0,5914.6,14512.0,4947.95,19.0,9,6,8,38,55,481000,1,1,1.0,1,111.0,165000.0,25728.0,167.0,46765.0,29414.0,91.0,3,25140.0,1106.0,51474.5,6,24,23638.0,33617.5,113890.13,21,63,58236.0,Y,1293.36,saving,M,46,MEDIUM,26.0,3,574.0,0,9.0
6990,19633,15595.0,37540.93,14134.39,49228.0,4151.0,5075.4,8560.56,14.0,36,9,15,56,41,750000,1,1,1.0,1,250631.8,117890.0,54101.0,1931.0,54094.0,75875.0,4.0,28,33873.0,282693.12,48880.0,6,29,52121.0,45620.67,39353.0,93,12,18514.0,Y,5556.67,current,M,33,LOW,2.6,8,700.0,1,6.0
6991,11373,320730.0,1963.28,1070.62,1832.66,2681.03,24578.2,5171.01,2.0,37,49,53,1,16,17000,1,1,1.0,1,2002.36,187788.1,54101.0,5730.0,60421.67,75540.91,11.0,4,291612.0,96155.21,59718.5,2,108,40390.0,161751.41,54316.0,40,0,18075.0,Y,793.41,current,M,47,LOW,2.7,7,685.0,1,10.0
6992,12111,314677.0,4641.5,15425.16,18816.89,3773.0,7753.82,1676.0,101.0,128,67,7,9,13,378000,1,1,1.0,1,825.0,100934.0,925.0,0.0,2815.25,122787.0,4.0,26,22105.0,54873.49,30048.0,2,63,43535.0,335734.75,141124.0,42,83,76500.0,Y,4292.75,current,M,62,MEDIUM,33.6,7,606.0,0,17.0
6993,2920,213502.0,18592.47,4135.15,27148.76,4724.0,7881.0,2853.02,100.0,23,72,2,1,70,784000,1,1,1.0,1,168265.55,200015.58,1515.0,6885.0,33079.49,112030.0,147.0,4,47978.0,47665.75,46491.0,20,29,48345.0,4777.62,19924.26,22,58,95800.0,Y,1048.77,saving,M,30,LOW,6.0,5,269.0,0,12.0
6994,4059,395290.0,3086.55,7352.92,3040.62,658.0,13625.0,2696.0,3.0,71,14,1,25,47,738000,1,1,1.0,1,156875.0,208652.0,8060.0,2921.0,30776.17,149412.0,42.0,0,61900.0,12049.18,94889.0,43,108,28351.0,98986.25,50608.0,3,120,47390.0,Y,9466.04,saving,M,38,MEDIUM,3.6,10,535.0,1,2.0
6995,3260,21543.0,25261.0,5004.0,6218.3,21741.0,9019.345,3751.0,124.0,2,27,35,3,4,371000,1,1,1.0,1,81872.65,38112.0,16215.0,167.0,102859.31,25197.0,55.0,4,142896.0,71375.0,18599.0,45,82,28417.0,55526.49,20147.0,2,9,9261.0,Y,16297.37,saving,M,34,LOW,11.200000000000001,4,623.0,0,7.0
6996,4824,3904.0,5187.83,9408.0,5321.4,22363.47,5661.0,764.09,136.0,19,38,2,51,4,430000,1,1,1.0,1,1665.0,80489.0,30011.0,4795.0,940262.58,28349.0,11.0,4,31333.0,30090.9,21659.0,70,82,44915.0,30569.6,63505.0,2,49,44924.0,Y,13298.25,current,M,222,LOW,141.4,8,372.0,0,10.0
6997,19122,4895.0,1395.0,5612.05,34735.0,7592.0,7394.42,6324.0,10.0,26,27,18,9,67,47000,1,1,1.0,1,2184.0,3.0,300500.0,5464.0,29401.67,81069.04,16.0,2,2760.0,4769.0,51119.0,17,34,27880.0,115748.5,64493.0,6,75,157908.0,Y,2044.04,current,M,33,LOW,11.700000000000001,5,243.0,1,6.0
6998,2816,11030.0,23142.02,9797.0,36648.85,1588.41,34808.0,1222.0,100.0,84,3,57,26,9,378000,1,1,1.0,1,803155.7,370000.0,28912.0,6885.0,6372.75,136123.5,90.0,3,44344.77,49249.5,56328.5,0,9,34589.0,76130.81,36608.93,94,67,50800.0,Y,864.24,current,M,35,MEDIUM,9.0,2,583.0,1,8.0
6999,3557,7732.0,5104.69,3524.0,7767.0,521.92,1708.0,7029.64,4.0,1,71,2,2,81,25000,1,1,1.0,1,13732.93,15036.0,768.0,2921.0,31609.95,181139.37,4.0,19,16921.0,54435.29,20054.0,11,171,13747.56,38993.09,84667.0,21,22,12096.0,Y,78.6,current,M,37,LOW,13.600000000000001,2,330.0,1,6.0
7000,11994,10467.0,4775.12,5714.0,13325.46,4405.13,14977.0,500.0,12.0,10,16,41,18,37,212500,1,1,1.0,1,65977430.0,33668.0,2841.0,3735.0,37460.65,4192.0,12.0,4,22518.0,36074.84,34722.0,31,7,164328.0,60566.44,29064.0,22,1,53837.0,Y,4288.47,saving,M,44,MEDIUM,21.6,5,628.0,1,12.0
7001,8370,8339.0,9457.0,4222.99,16274.0,1643.5,5352.895,1394.0,6.0,4,19,1,3,1,59000,1,1,1.0,1,4323.0,86000.0,583.0,2921.0,42462.13,15926.97,11.0,4,23552.0,64764.24,56489.0,7,17,24192.0,10950.4,75362.75,3,104,26951.0,Y,3932.33,current,M,30,MEDIUM,10.0,2,508.0,0,9.0
7002,13394,2045.0,10043.74,12764.0,77910.3,2860.0,2857.6,40907.0,3.0,65,4,60,12,2,58000,1,1,1.0,1,9118.35,8000.0,14904.0,7478.0,18081.09,39835.0,20.0,27,69995.0,50961.0,125474.58,9,7,27718.0,130854.5,23754.0,7,120,48698.0,Y,3294.91,saving,M,32,LOW,8.4,4,658.0,0,20.0
7003,545,1592.0,16945.98,521.0,134108.88,36222.87,12711.62,3778.0,12.0,3,10,3,1,8,102000,1,1,1.0,1,140291.6,10701.0,25524.0,2819.0,52440.24,40677.0,52.0,4,28579.0,4851.04,72734.68,24,12,83170.0,66939.35,183282.0,3,14,42703.0,Y,11084.29,current,M,33,LOW,13.0,4,799.0,0,7.0
7004,2456,9997.0,69186.96,4978.0,3865.48,10488.0,126754.17,1004.0,2.0,2,4,3,1,39,302000,1,1,1.0,1,204585.76,134000.0,5981.0,5730.0,36989.13,53600.88,42.0,3,74616.0,82926.09,28092.0,6,82,21253.0,75836.66,45479.4,3,39,57269.0,Y,1711.53,saving,M,37,MEDIUM,1.7000000000000002,8,385.0,1,3.0
7005,12937,210046.0,3313.92,3238.0,8268.0,11847.0,13849.0,945.97,9.0,26,4,1,15,2,461000,1,1,1.0,1,8256.6,369448.8,2156.0,6916.0,16674.25,92201.5,42.0,2,37514.0,37927.92,1569.0,43,7,24000.0,2633.19,142541.0,40,18,40447.0,Y,1977.2,current,M,55,LOW,21.0,8,503.0,1,5.0
7006,9251,14842.0,11761.75,633.0,56100.0,1146.55,3068.89,672.77,25.0,66,4,20,1,2,393000,1,1,1.0,1,161704.0,138475.4,33330.0,-5439.0,12565.92,44887.0,55.0,1,61686.0,76973.0,77804.0,4,7,86313.0,79334.65,392888.7,10,73,17249.0,Y,7434.04,saving,M,32,MEDIUM,4.800000000000001,5,536.0,1,10.0
7007,13928,18747.0,18285.68,18149.22,1160.75,1049.5,1235.0,3150.8,2.0,7,62,35,18,47,84000,1,1,1.0,1,1900.0,15300.0,565.0,12415.0,40064.0,36080.0,22.0,19,27117.0,205282.8,66983.02,11,20,27936.0,72802.77,87918.0,117,79,210.0,Y,3356.76,current,M,47,MEDIUM,10.8,10,760.0,1,14.0
7008,7992,6864.0,3775.2,231.0,39993.24,3666.67,257102.9,227.0,2.0,23,4,10,2,70,555000,1,1,1.0,1,244.0,3084.5,30011.0,-4679.0,39129.25,10161.0,4.0,6,1174.0,154644.66,13220.5,6,108,30647.0,47334.0,287921.0,4,50,20197.0,Y,5437.92,current,M,37,LOW,3.4000000000000004,4,324.0,1,11.0
7009,5978,330305.0,34601.45,12041.0,802.88,611.0,3586.91,5124.0,44.0,23,16,7,20,11,170000,1,1,1.0,1,39851.93,240000.0,462.0,4795.0,102286.5,47097.0,4.0,4,37200.0,61579.0,49068.5,2,2,16758.0,62746.0,50876.0,6,14,233.0,Y,868.21,current,M,35,LOW,6.0,8,858.0,1,4.0
7010,18690,11825.0,34224.7,355.0,4972.7,503.52,72120.0,513.75,12.0,3,35,1,31,8,406000,1,1,1.0,1,3080625.0,119451.0,908.0,2921.0,1029.5,44587.0,46.0,5,1174.0,60036.04,185073.58,5,20,29151.0,53181.59,39335.0,3,12,29734.0,Y,2594.89,current,M,44,MEDIUM,16.8,7,574.0,1,19.0
7011,11708,176836.0,16653.97,482.0,107868.52,2913.65,4829.0,11893.0,7.0,50,74,10,1,4,124000,1,1,1.0,1,22086.05,150000.0,25508.0,-5715.49022999999,124898.78,27304.0,16.0,1,37653.0,86756.67,105854.0,11,16,24961.0,500196.0,23543.0,40,12,14149.0,Y,19102.38,saving,M,53,MEDIUM,3.3000000000000003,8,914.0,1,9.0
7012,1804,10868.0,4945.51,7349.28,16564.7,2156.06,6513.84,2990.0,136.0,7,72,41,1,62,293000,1,1,1.0,1,138272.2,31000.0,505.0,10210.0,50074.88,20618.0,18.0,26,36002.0,58570.48,14331.0,0,82,18126.0,198782.5,84298.0,19,104,90742.0,Y,906.2,current,M,60,MEDIUM,16.0,5,424.0,1,2.0
7013,18594,9231.0,24705.74,525.4,37673.54,22378.0,15965.37,224.0,67.0,61,4,7,2,2,425000,1,1,1.0,1,16317860.0,225000.0,130000.0,5439.0,30190.25,19943.0,11.0,35,28518.0,67007.2,191897.0,7,25,23733.0,30865.0,25615.38,8,75,114610.0,Y,561.59,current,M,53,LOW,9.9,3,658.0,1,13.0
7014,7696,15233.0,12464.0,10540.2,7943.5,3568.25,2463.0,7837.0,6.0,99,3,53,7,47,448000,1,1,1.0,1,13643.8,234459.4,300500.0,4314.0,92725.75,71475.0,67.0,7,17950.0,4359.0,30888.37,1,11,45238.34,60436.54,28631.0,2,79,48817.0,Y,2718.74,saving,M,28,MEDIUM,1.6,4,536.0,1,8.0
7015,8553,6672.0,5151.65,9740.15,48294.09,1939.0,6422.5,2327.0,44.0,18,35,6,6,12,27000,1,1,1.0,1,58928.67,182359.2,527.0,0.0,15982.25,62146.41,77.0,1,56709.0,10188.0,211173.0,1,12,52792.0,158398.0,36246.0,4,50,16023.0,Y,14719.88,current,F,47,LOW,10.8,2,535.0,1,16.0
7016,2607,3.0,5305.84,1839.01,17903.4,527.17,10829.0,3754.0,66.0,4,84,8,18,2,69000,1,1,1.0,1,45463.0,589.39,68000.0,5773.0,74555.08,20111.0,11.0,7,17463.0,10745.76,22408.42,2,81,50135.0,16439.99,69191.43,3,13,239.0,Y,6798.69,saving,M,47,MEDIUM,18.900000000000002,9,647.0,0,11.0
7017,5382,6084.0,10893.44,6068.0,10855.39,1544.75,2803.47,792.0,136.0,8,74,48,2,30,198000,1,1,1.0,1,6100.0,861640.54,13873.0,1079.0,63856.65,174224.0,11.0,26,27954.0,29480.3,24516.0,23,7,164331.0,287543.59,77059.0,16,18,120211.0,Y,555.0,current,M,37,MEDIUM,15.3,2,656.0,1,4.0
7018,13797,12954.0,1564.0,1218.85,10810.0,3182.0,733.19,3492.0,9.0,56,135,57,6,17,313000,1,1,1.0,1,81142.25,446457.0,2214.0,3897.0,17862.75,33814.0,6.0,2,72481.0,48936.53,94760.0,3,1,18126.0,32533.36,55751.0,9,106,15297.0,Y,144.61,saving,M,67,MEDIUM,18.8,3,683.0,1,17.0
7019,2644,7793.0,23692.02,2270.01,6749.52,16077.96,2375.84,3357.0,1.0,85,2,1,3,68,369000,1,1,1.0,1,116122.65,3.59,56305.0,-4664.0,20874.71,79085.0,5.0,3,25450.0,15835.2,597.36,6,108,16472.0,143193.24,648811.0,40,32,232596.0,Y,2755.99,current,M,35,MEDIUM,12.0,1,626.0,1,10.0
7020,2213,19253.0,85763.83,4065.23,28874.94,403.56,6359.0,2189.0,9.0,85,16,1,3,1,524000,1,1,1.0,1,58928.67,76365.24,594.0,886.0,650814.0,16050.5,46.0,4,58500.0,99509.92,78602.0,4,44,28447.89,25931.8,169346.0,12,83,33762.0,Y,2845.35,current,M,47,MEDIUM,10.8,9,623.0,1,4.0
7021,9811,83335.0,2707.04,5277.9,21033.69,2651.58,2093.54,2646.0,4.0,10,3,30,1,81,293000,1,1,1.0,1,60800.0,1475000.0,2130.0,-5998.43994,119106.0,30176.4,11.0,3,24567.0,55576.0,37489.5,42,108,24338.0,40264.47,23619.17,62,79,594.0,Y,28629.72,current,M,223,LOW,81.2,8,653.0,0,10.0
7022,17718,764.0,38779.45,12398.42,25767.38,2071.43,7283.385,60068.0,31.0,32,71,25,51,47,466000,1,1,1.0,1,1831780.84,40000.0,130000.0,5350.0,67122.91,106268.0,42.0,1,33700.0,66684.0,7064.0,2,2,40932.0,127378.67,285918.0,36,80,28676.0,Y,16626.28,current,M,47,MEDIUM,21.6,7,355.0,1,17.0
7023,15004,11191.0,6269.72,262.31,23324.0,951.0,5851.2,824.04,23.0,56,67,4,1,47,784000,1,1,1.0,1,126303.7,55000.0,678.0,1992.0,34871.51,29453.0,84.0,36,1071967.0,3578.07,4096.0,3,26,77174.0,74201.38,22700.0,3,104,20040.0,Y,1391.24,saving,M,32,MEDIUM,1.2000000000000002,4,245.0,1,4.0
7024,14370,390427.0,14627.0,16685.96,8488.01,496.06,2864.26,3121.04,44.0,18,32,5,3,91,366000,1,1,1.0,1,55700.0,245000.0,49975.0,-3506.17993,69054.5,58953.0,7.0,0,48940.0,21161.82,65146.0,31,5,22060.0,23100.75,49400.0,7,13,43220.0,Y,26172.65,current,M,47,LOW,5.4,1,723.0,0,17.0
7025,19037,16957.0,4884.25,614.0,3778.86,1046.14,2127.0,3762.0,44.0,10,35,30,1,56,28000,1,1,1.0,1,127004.3,121927.8,130000.0,977.0,19685.68,28240.0,67.0,3,43126.0,19946.66,24534.0,43,12,56558.0,17656.0,6215.0,19,103,11903.0,Y,1717.97,current,F,35,MEDIUM,9.0,1,911.0,1,6.0
7026,10746,296806.0,15808.19,8466.92,17859.75,403.56,1449.67,513.75,44.0,30,47,3,1,8,86000,1,1,1.0,1,13180.0,7051.99,825.0,1429.0,91503.0,56689.91,46.0,2,39859.0,16827.0,34675.0,2,82,30385.0,154344.52,38835.0,3,18,22729.0,Y,3076.9,current,M,46,MEDIUM,18.2,9,658.0,0,17.0
7027,3835,124124.0,36457.37,1554.0,7246.0,723.17,11967.0,7644.68,4.0,23,50,21,15,80,190000,1,1,1.0,1,41441.27,157000.0,43798.0,0.0,44271.34,24774.0,84.0,1,60206.0,66123.49,28255.0,9,82,77937.0,20696.81,26141.0,117,65,104890.0,Y,59764.72,current,M,40,LOW,14.0,3,628.0,0,7.0
7028,3112,15275.0,16653.97,9214.0,12454.45,7399.2,554.0,1421.66,12.0,20,3,5,9,1,255000,1,1,1.0,1,199690.5,49298.99,33774.0,6916.0,23723.25,28213.0,42.0,2,27405.0,55814.28,249034.0,2,11,2014.0,42660.75,33586.0,3,39,48649.0,Y,1072.58,current,M,32,MEDIUM,12.0,2,748.0,0,14.0
7029,18339,780.0,35615.25,13625.0,29606.92,425.0,4582.0,2366.1,26.0,83,1,3,23,7,330000,1,1,1.0,1,347309.75,10701.0,50000.0,977.0,11131.0,20618.0,62.0,36,24985.0,136544.41,21790.0,31,82,42504.0,152940.94,575.0,14,26,27718.0,Y,20677.05,saving,M,47,MEDIUM,13.5,7,748.0,1,5.0
7030,862,1209.0,19669.11,34886.72,40738.1,502.5,4511.0,9684.2,24.0,66,50,30,6,80,167000,1,1,1.0,1,26502.28,41.26,68000.0,1089.0,71317.16,30923.0,69.0,4,27942.0,21083.04,21913.0,47,8,124950.0,7578.0,35372.0,9,63,20828.0,Y,5874.26,current,M,54,LOW,20.400000000000002,6,249.0,1,6.0
7031,15331,288061.0,7699.48,22127.0,1429.84,10627.48,3998.88,449.0,24.0,38,1,2,21,2,70000,1,1,1.0,1,1859872.2,273221.0,60000.0,2008.0,237907.72,44320.0,24.0,0,16627.0,18317.6,222421.0,3,1,24192.0,165.0,54962.76,10,79,83000.0,Y,1454.69,current,M,35,MEDIUM,7.5,4,725.0,1,14.0
7032,17204,2652.0,1163.0,4857.0,50862.25,978.77,6315.22,8803.0,4.0,9,6,60,2,12,101250,1,1,1.0,1,3247.5,93.35,100000.0,-4664.0,17110.87,13078.0,42.0,23,35814.0,27649.79,40199.0,17,14,28885.0,22590.0,77201.0,14,21,12925.5,Y,4106.03,current,M,31,MEDIUM,2.2,4,723.0,0,19.0
7033,17492,13719.0,26025.37,435.0,7712.44,1742.99,7450.0,1090.16,80.0,46,38,2,2,1,370000,1,1,1.0,1,153410.0,9866.01,14754.0,173.0,43562.63,166345.0,2.0,1,35675.0,54367.0,120810.0,1,12,14580.9,30946.11,50182.0,94,76,1410.0,Y,2697.8,saving,M,37,LOW,11.9,2,355.0,1,11.0
7034,12298,2116.0,9126.89,7375.0,8077.85,818.0,1216.28,6829.18,8.0,66,44,18,62,1,410000,1,1,1.0,1,47.45,295150.9,10973.0,-3506.17993,24102.15,63926.01,63.0,29,34262.0,18124.0,151641.5,2,44,11145.0,65644.31,116703.19,58,28,58464.0,Y,4495.5,current,M,28,LOW,8.0,3,374.0,1,17.0
7035,16277,410.0,13522.93,289.0,2006.93,2431.0,8633.015,3700.0,53.0,18,7,57,7,5,350000,1,1,1.0,1,923170.0,105000.0,2184.0,1014.0,18127.0,40954.0,5.0,3,52775.0,109211.86,23319.0,4,81,281169.0,80221.52,10040.0,4,7,189147.0,Y,1868.79,current,M,53,LOW,3.3000000000000003,10,855.0,1,9.0
7036,12251,8372.0,10239.7,4225.08,4557.04,3550.0,2690.5,3053.0,44.0,13,135,8,36,42,47000,1,1,1.0,1,2173459.0,95081.0,96497.0,19765.0,3291.0,20297.91,4.0,4,11913.0,46225.0,81444.62,4,1,66377.0,59713.89,22031.42,4,50,25595.0,Y,4583.09,current,M,47,LOW,27.0,1,860.0,1,5.0
7037,15591,13625.0,3954.41,4780.0,12278.0,1439.0,5502.555,3094.22,63.0,23,59,2,51,13,30000,1,1,1.0,1,94127.1,65480.0,57899.0,3735.0,36133.22,19501.0,6.0,2,29411.0,112727.48,20068.0,4,28,14121.0,25672.7,38999.29,5,79,49252.0,Y,9758.67,current,M,25,MEDIUM,3.0,2,573.0,0,7.0
7038,19922,119385.0,7615.22,4843.0,125720.5,14548.0,3654.0,2198.0,67.0,23,9,8,3,4,52000,1,1,1.0,1,23221.65,187788.1,54101.0,1332.0,102277.0,37257.0,89.0,5,25829.0,55832.23,18750.0,0,44,21350.0,80930.21,24884.0,22,96,16280.0,Y,1767.58,current,M,60,LOW,20.0,7,537.0,1,18.0
7039,12370,3262.0,7210.15,713.0,642.49,11035.24,17288.18,2883.0,6.0,84,10,50,17,3,272000,1,1,1.0,1,168265.55,399.09,11545.0,-3625.0,64441.57,48286.0,20.0,35,30557.0,33442.5,179513.0,1,82,50985.0,18077.23,22115.0,5,57,18670.0,Y,355.54,current,M,42,MEDIUM,8.8,5,464.0,1,4.0
7040,9833,7793.0,123049.18,12538.0,9454.5,9436.5,11529.0,4086.52,31.0,85,35,1,25,12,750000,1,1,1.0,1,28844.0,16000.0,300500.0,1500.0,44280.48,47595.91,41.0,30,66994.0,32219.48,128181.0,5,8,20574.0,39845.23,33860.5,12,0,12587.0,Y,426.33,saving,M,40,MEDIUM,12.0,8,445.0,0,12.0
7041,19480,11971.0,7324.3,17529.0,12763.46,6046.97,14292.15,389.0,56.0,26,49,5,1,98,522000,1,1,1.0,1,1424.5,16000.0,20887.0,12415.0,22314.34,23587.25,77.0,1,67000.0,11731.0,50382.25,3,81,20396.0,59500.9,217151.0,6,76,29412.0,Y,28837.75,saving,M,58,MEDIUM,15.200000000000001,3,243.0,0,7.0
7042,16194,11790.0,45275.2,4060.0,10783.82,1880.8,39535.0,1771.0,2.0,50,110,1,55,81,378000,1,1,1.0,1,57395.5,186474.96,3975.0,5341.0,97979.51,5336.0,42.0,4,56667.0,122681.03,268638.0,6,44,31532.0,51030.0,21572.0,14,32,38588.0,Y,7909.83,current,F,33,MEDIUM,3.9000000000000004,9,864.0,1,7.0
7043,17636,5984.0,4762.92,10656.54,8782.5,2070.0,1351.5,4696.12,100.0,16,50,4,1,17,479000,1,1,1.0,1,196885.0,202560.0,23500.0,-4612.00977,29702.25,161261.65,55.0,0,21047.72,33997.5,80212.0,1,12,43140.0,14754.78,98384.0,93,14,30303.0,Y,109.72,current,M,28,MEDIUM,4.0,9,269.0,1,2.0
7044,10227,7741.0,13202.38,7009.0,20349.0,1069.02,10395.0,2696.0,60.0,10,89,1,16,67,199999,1,1,1.0,1,825.0,36880.0,300500.0,1465.0,73567.52,71815.0,46.0,9,31626.0,53088.09,20205.0,4,8,41140.0,696129.37,1602.0,19,73,52330.0,Y,2583.17,current,M,56,MEDIUM,36.0,6,683.0,1,16.0
7045,2196,19944.0,20313.69,6477.0,18297.99,999.0,3310.17,7048.0,1.0,26,35,30,1,6,216000,1,1,1.0,1,2.13,202560.0,1727.0,-6281.37987999999,201004.76,42128.0,4.0,6,107212.0,28916.0,230836.01,3,13,42884.0,2122.0,117286.0,3,50,28805.0,Y,1733.28,current,M,30,LOW,10.0,2,594.0,1,5.0
7046,5957,9220.0,10250.86,1374.0,7173.92,5627.33,1320.71,511.0,26.0,10,16,41,51,2,173000,1,1,1.0,1,46730.2,470000.0,5591.0,4314.0,93187.38,3189.0,46.0,3,40735.0,190609.7,134537.94,3,81,19165.0,15644.25,73289.99,6,65,60019.0,Y,13298.25,current,F,53,LOW,13.200000000000001,2,363.0,1,12.0
7047,16804,5084.0,1767.76,3242.72,277233.88,3366.0,3649.0,1751.0,6.0,5,48,4,2,8,359000,1,1,1.0,1,20177.4,32000.0,300500.0,5730.0,332191.0,33373.0,89.0,0,17139.0,15467.57,67651.0,42,82,62487.0,26735.1,147868.0,14,96,44865.0,Y,4292.42,current,M,40,MEDIUM,6.0,9,506.0,1,3.0
7048,11098,13679.0,22858.42,4489.0,17518.61,3409.0,1608.07,3782.0,136.0,9,5,1,60,98,302000,1,1,1.0,1,124929.75,70000.0,57899.0,6409.0,74419.54,2400271.0,12.0,2,77365.0,28789.12,180536.42,23,20,7641.5,40843.99,45937.0,40,96,15374.0,Y,1432.85,current,F,220,LOW,20.0,10,355.0,0,5.0
7049,7029,8434.0,1672.0,1333.0,34552.56,772.0,6807.0,2440.46,52.0,77,102,10,6,47,371000,1,1,1.0,1,111.0,35000.0,105000.0,6885.0,664028.73,6096.0,11.0,35,398897.0,47179.94,110795.0,23,20,10350.0,28238.36,31307.5,4,58,36537.0,Y,16271.35,saving,M,33,MEDIUM,6.5,1,366.0,1,10.0
7050,10650,4429.0,13958.58,182.0,6030.1,140.24,7221.5,4799.0,63.0,23,47,3,36,6,125000,1,1,1.0,1,15250.79,152664.0,24094.0,3735.0,139.0,29711.38,70.0,19,53687.98,91486.0,142137.0,2,12,11617.0,28154.68,99182.0,3,40,59939.0,Y,2659.23,current,M,44,LOW,21.6,8,771.0,0,2.0
7051,9752,3266.0,90361.46,1641.0,2887.0,75013.0,1708.0,110.5,1.0,30,49,1,2,34,125000,1,1,1.0,1,35280.0,15395.48,787.0,-402.0,6372.0,26136.0,103.0,6,40615.0,72167.98,30950.5,2,82,55498.0,202830.47,96885.0,10,103,52201.0,Y,3048.84,saving,M,37,MEDIUM,15.3,6,385.0,1,20.0
7052,12110,11547.0,11545.0,12408.0,2313.49,41301.75,32691.0,3446.0,15.0,5,4,2,51,3,119000,1,1,1.0,1,47.45,35000.0,25000.0,553.0,9692.25,64193.0,90.0,5,31829.0,68906.17,212337.02,2,11,38883.0,20099.0,32648.1,47,13,19838.0,Y,0.0,current,M,62,MEDIUM,29.400000000000002,10,683.0,1,15.0
7053,4603,12379.0,6843.0,5339.9,4921.42,368.0,3184.0,422.0,2.0,4,13,1,4,67,47000,1,1,1.0,1,4435.0,337000.0,51520.0,3735.0,29553.75,331521.0,7.0,1,125461.0,48891.0,199854.36,1,21,69.0,60107.7,25387.0,117,42,30109.0,Y,10384.6,current,M,67,MEDIUM,9.4,7,628.0,1,13.0
7054,1723,3162.0,492.0,6880.77,9983.74,2660.2,554.0,492.0,4.0,29,17,35,1,42,232000,1,1,1.0,1,827.31,14000.0,33774.0,26601.0,73682.0,206389.5,3.0,2,27265.0,6754.59,62197.0,2,8,38055.0,3844.0,68974.0,21,38,12440.0,Y,2085.99,current,M,55,MEDIUM,3.5,7,796.0,0,4.0
7055,19998,6312.0,11747.54,559.0,20027.55,4197.0,7678.75,1661.0,14.0,84,64,8,3,53,271000,1,1,1.0,1,18451.05,182359.2,4198.0,12163.0,64841.3,114551.0,46.0,14,19075.0,19099.81,130584.0,5,8,33932.0,36670.88,144943.0,7,18,18667.0,Y,2977.5,current,M,33,MEDIUM,6.5,5,698.0,0,12.0
7056,2214,4866.0,5319.0,2544.0,692.93,16999.17,11056.0,15173.75,6.0,9,10,15,3,8,481000,1,1,1.0,1,23221.65,235.17,12611.0,167.0,23933.36,177032.0,42.0,4,293034.0,31460.88,42725.0,35,13,29203.0,30314.22,157397.5,6,50,18352.0,Y,102537.55,current,M,33,MEDIUM,1.3,9,537.0,1,18.0
7057,9356,7650.0,5620.31,9259.0,11546.61,5248.0,29819.59,2454.9,7.0,9,14,3,56,39,44000,1,1,1.0,1,937.0,150000.0,38599.0,-6885.0,25663.77,19248.0,43.0,3,28655.0,19300.88,25374.36,12,20,33128.82,52394.08,75030.0,58,38,62122.0,Y,6059.42,saving,M,33,MEDIUM,11.700000000000001,4,394.0,0,18.0
7058,4091,17785.0,38502.59,5295.04,6422.74,2816.8,8382.0,8626.22,63.0,18,7,1,18,42,287000,1,1,1.0,1,384550.05,180000.0,12016.0,5730.0,9344.0,43281.0,1.0,4,16235.0,115234.38,34311.0,2,40,52400.0,3730.17,39018.5,3,79,37420.0,Y,6046.56,current,M,66,HIGH,41.400000000000006,5,519.0,0,5.0
7059,14047,19156.0,3586.33,10621.73,9961.0,2825.75,644.5,25269.0,2.0,10,29,1,9,34,31000,1,1,1.0,1,593.2,76157.6,787.0,-5998.43994,17396.67,80305.0,35.0,2,61876.0,28813.75,84567.37,2,8,24906.0,21165.12,10353.0,8,39,2008.0,Y,15417.36,current,F,38,MEDIUM,10.8,4,314.0,0,17.0
7060,10060,5011.0,4350.68,779.73,10985.52,642.0,7680.52,48455.25,6.0,23,23,2,23,17,270000,1,1,1.0,1,213557.15,176487.6,36114.0,12415.0,82276.48,186665.0,18.0,3,13597.0,83093.78,41510.83,2,5,40800.0,597.0,228105.64,14,58,36748.0,Y,1701.97,current,F,36,MEDIUM,6.4,9,886.0,1,16.0
7061,16855,4842.0,49003.55,8504.12,5540.29,1582.0,2595.25,80.37,44.0,19,7,1,1,98,383000,1,1,1.0,1,3247.5,375000.0,27809.0,691.0,68227.0,133533.0,11.0,1,66900.0,27043.67,31463.0,2,171,22500.0,33074.61,58336.0,49,18,31512.0,Y,653.45,current,M,60,LOW,28.0,10,887.0,1,15.0
7062,14686,6653.0,60416.0,2306.5,1943.0,11049.0,19556.0,2306.0,136.0,16,4,3,4,81,87000,1,1,1.0,1,384550.05,170989.0,12560.0,0.0,28209.0,23177.91,40.0,4,52393.0,92958.26,31594.0,7,82,35333.0,181057.28,19640.5,8,15,13800.0,Y,90662.62,current,M,27,MEDIUM,5.6000000000000005,10,254.0,1,18.0
7063,6407,18541.0,1163.0,7063.0,7715.5,6570.04,597.0,8150.0,10.0,19,50,15,1,10,75000,1,1,1.0,1,1859872.2,128314.74,4198.0,0.0,10237.72,38345.0,40.0,4,14442.0,24463.28,15581.0,42,7,1092.52,40049.53,38152.0,21,26,82655.0,Y,6677.84,current,F,66,LOW,4.6000000000000005,7,259.0,0,19.0
7064,15240,18873.0,12919.61,1360.0,5975.0,3757.0,10530.0,4519.0,10.0,32,7,11,1,56,35000,1,1,1.0,1,41070.0,64491.0,48950.0,0.0,3868.0,83403.0,79.0,3,19421.0,75851.51,35497.0,2,59,25501.0,28010.11,18222.95,2,9,15233.0,Y,11939.38,current,M,27,MEDIUM,1.4000000000000001,9,536.0,1,3.0
7065,10930,8117.0,26830.0,38493.06,8734.08,5626.0,36053.75,1008.73,136.0,77,59,17,6,6,329000,1,1,1.0,1,9624.6,142608.5,12337.0,5439.0,38545.86,28881.36,3.0,0,27128.0,7194.96,55568.0,3,24,88400.0,30180.02,105446.0,62,24,24951.0,Y,6820.43,current,M,40,LOW,6.0,4,330.0,1,5.0
7066,12490,138571.0,4926.86,4033.94,7725.57,2696.0,4216.5,1355.05,18.0,7,49,2,1,34,120500,1,1,1.0,1,169.4,482147.0,694.0,5773.0,50320.81,253661.0,11.0,1,13734.0,171133.65,35833.05,3,36,14500.0,18399.56,38902.0,5,83,16595.0,Y,1584.63,current,M,37,MEDIUM,1.7000000000000002,10,656.0,0,14.0
7067,6768,20327.0,2514.39,7433.0,7305.43,100564.0,30165.7,3291.0,3.0,13,44,7,2,1,565000,1,1,1.0,1,81872.65,84.32,68000.0,2921.0,64703.75,176913.0,43.0,1,50230.0,81281.22,11714.0,7,46,15231.0,54500.39,20600.0,58,14,38177.0,Y,4168.58,current,M,66,MEDIUM,13.8,1,464.0,1,12.0
7068,1653,2741.0,34234.62,10348.0,76893.41,966.0,5613.56,3444.0,26.0,85,84,2,15,47,375000,1,1,1.0,1,24832.0,222222.0,4895.0,1500.0,813.25,72232.0,18.0,4,35443.0,17506.59,48914.36,0,4,16830.0,14370.5,172315.67,3,35,1410.0,Y,8720.71,current,M,30,MEDIUM,9.0,8,244.0,1,14.0
7069,19207,165470.0,1933.0,2963.0,5334.27,1602.92,4737.835,3250.0,19.0,84,87,5,25,54,173000,1,1,1.0,1,76122.87,3.0,15477.0,0.0,62205.75,92046.0,29.0,1,27539.0,56934.02,42485.0,1,108,100.86,28666.68,267077.25,2,63,16990.0,Y,18390.06,current,M,37,LOW,11.9,4,254.0,1,3.0
7070,5701,900.0,3300.01,2805.93,5589.5,33090.13,1309.0,3906.69,8.0,37,64,3,3,29,272000,1,1,1.0,1,52209.5,100000.0,610000.0,977.0,27308.13,55670.0,11.0,25,20257.0,61547.46,649647.78,50,29,23120.0,51148.3,87771.93,21,0,20598.0,Y,269.03,current,M,32,MEDIUM,10.8,8,914.0,1,14.0
7071,3937,60048.0,21086.47,4340.54,6239.41,1897.0,1561.76,562.5,25.0,42,84,2,28,55,199999,1,1,1.0,1,5809950.0,589.39,1630.0,5730.0,314791.74,15556.0,70.0,7,11856.0,241096.41,18102.0,1,78,33567.0,7660.27,11173.0,19,50,21579.98,Y,6554.06,current,M,37,LOW,15.3,1,408.0,1,19.0
7072,1525,1878.0,7814.53,6184.54,179556.07,781.26,5055.48,2997.44,1.0,23,66,4,4,2,366000,1,1,1.0,1,19.95,251131.79,183999.0,-6301.0,22961.0,54773.77,46.0,1,38518.4,38731.64,68822.99,4,171,560.0,46142.54,466925.0,47,6,10223.0,Y,3214.69,saving,M,60,MEDIUM,28.0,6,269.0,0,13.0
7073,314,9983.0,21034.3,3323.0,71590.85,6100.0,34489.0,1105.0,44.0,5,71,2,6,17,371000,1,1,1.0,1,48675.31,300000.0,28912.0,0.0,44747.85,181608.0,52.0,26,25296.0,228305.31,59660.0,0,6,348255.0,59574.81,45680.0,3,27,23216.0,Y,3085.64,current,M,47,MEDIUM,5.4,1,249.0,1,20.0
7074,8665,10928.0,18030.33,16453.77,3542.3,2651.58,21417.0,28845.23,2.0,32,5,1,21,1,358000,1,1,1.0,1,259573.3,2436.91,300500.0,1500.0,15102.91,12061.88,11.0,35,66810.0,49411.64,73139.0,2,11,98500.0,24078.63,20823.0,5,10,8999.0,Y,29078.21,current,M,221,LOW,201.0,3,324.0,1,11.0
7075,10881,337130.0,14147.46,3538.0,50670.0,6324.19,4938.09,17045.0,136.0,30,74,30,16,8,302000,1,1,1.0,1,24832.0,330001.0,12000.0,0.0,30946.0,14261.0,9.0,3,22894.0,155803.83,24973.0,45,12,19243.0,36965.24,26745.0,4,32,53675.75,Y,9887.32,current,M,60,LOW,32.0,2,488.0,1,3.0
7076,9507,4132.0,9282.22,2550.0,14634.08,5215.09,3513.0,318.87,10.0,4,62,48,4,68,371000,1,1,1.0,1,20049.0,159415.3,33330.0,0.0,115525.9,80082.0,23.0,31,24561.0,60310.2,119223.0,3,17,35694.0,90383.36,38240.5,93,28,66483.0,Y,22289.04,current,F,33,MEDIUM,7.800000000000001,10,299.0,0,2.0
7077,19525,407306.0,1573.0,3139.34,18809.26,2401.0,14661.77,4305.09,14.0,8,87,47,1,4,391000,1,1,1.0,1,39851.93,17000.0,3570.0,2921.0,113469.43,29851.0,4.0,2,52543.0,336089.58,35362.27,16,20,12997.0,179043.75,17860.25,22,50,31153.0,Y,96.73,current,M,32,MEDIUM,4.800000000000001,10,656.0,1,8.0
7078,2067,19976.0,11557.5,3027.0,49083.37,2798.44,4636.0,1611.5,59.0,10,1,24,9,44,784000,1,1,1.0,1,48796.45,148150.33,130000.0,886.0,84701.93,146225.0,18.0,0,34593.0,34203.5,31986.0,8,50,41854.0,57141.53,101951.17,5,103,2659.0,Y,1544.12,current,M,47,MEDIUM,16.2,4,958.0,1,5.0
7079,6823,5544.0,6911.0,1533.9,18344.0,5585.67,19791.0,5641.7,531.0,3,50,2,4,4,784000,1,1,1.0,1,360978.37,1628.0,10271.0,8723.0,26488.75,22376.58,11.0,2,25319.0,76394.71,124269.0,3,108,34990.0,30839.76,20885.0,40,83,42444.0,Y,11891.73,current,M,223,MEDIUM,182.70000000000002,1,523.0,1,7.0
7080,17252,218743.0,9029.0,407.82,17479.95,63861.83,20515.0,52104.09,2.0,11,5,24,1,98,581000,1,1,1.0,1,123295.4,2400000.0,925.0,-5439.0,177148.98,35356.0,22.0,0,111133.0,38710.5,8188.0,4,82,18400.0,26110.13,81541.29,1,1,49859.0,Y,70737.77,current,M,47,MEDIUM,18.900000000000002,6,525.0,0,5.0
7081,16126,17608.0,16859.1,5614.0,14059.38,104123.06,6726.0,5246.0,8.0,26,4,3,27,37,136000,1,1,1.0,1,186189.0,32000.0,1515.0,-6301.0,5109.25,75297.0,20.0,4,17175.0,56631.25,1607.0,3,82,16901.0,83466.86,44984.0,4,75,29050.0,Y,78966.76,current,F,34,MEDIUM,4.2,1,921.0,0,9.0
7082,4712,18666.0,1606.85,14674.0,3438.0,34127.04,3183.27,3311.8,8.0,16,44,53,6,2,304000,1,1,1.0,1,325024.6,111000.0,1611.0,2000.0,55692.88,37518.0,2.0,23,46450.0,11461.5,21048.0,9,13,23488.0,90979.76,63509.0,40,32,35241.0,Y,3235.9,current,M,58,MEDIUM,11.4,1,802.0,0,16.0
7083,6728,11885.0,6389.5,2391.64,30566.1,1179.0,8005.8,6324.0,2.0,7,13,3,3,16,136000,1,1,1.0,1,44331.81,167870.79,2019.0,1500.0,90919.15,155146.0,46.0,2,107988.0,19968.0,99493.0,2,44,62777.0,44541.01,54983.0,2,22,30435.0,Y,239.57,current,M,46,MEDIUM,7.800000000000001,3,355.0,1,10.0
7084,693,175436.0,9317.53,13206.31,3147.02,1977.0,7118.51,1376.52,56.0,66,4,3,36,74,232000,1,1,1.0,1,84.65,267421.4,6100.0,2921.0,41210.5,19951.0,68.0,3,94009.0,21415.69,150862.0,6,75,40579.0,96259.13,16306.0,47,83,39652.0,Y,5935.83,current,M,47,LOW,5.4,3,269.0,1,10.0
7085,6521,305334.0,5883.71,373.0,17162.7,921.09,4919.26,12803.75,1.0,56,86,8,31,1,720000,1,1,1.0,1,140790.0,63000.0,33950.0,-6301.0,18039.96,95321.91,4.0,2,71985.0,95016.44,276256.0,3,12,54745.0,107967.9,25166.0,5,68,36555.0,Y,18526.33,current,M,34,LOW,7.0,10,866.0,0,10.0
7086,15561,26490.0,2561.0,10398.67,17537.0,7994.72,8373.31,11923.0,8.0,5,5,3,17,56,371000,1,1,1.0,1,39851.93,107692.0,68000.0,0.0,33413.23,86860.0,20.0,19,13082.0,306402.27,240463.97,2,16,27711.0,102489.77,39570.0,8,124,64560.0,Y,255.63,current,M,37,LOW,17.0,6,658.0,1,13.0
7087,8955,3674.0,14621.85,3244.86,6286.08,8642.68,934.63,2212.92,3.0,5,117,8,4,79,17000,1,1,1.0,1,3299447.136,157000.0,27809.0,-6885.0,10234.06,54052.0,23.0,13,41858.0,23674.5,121834.5,4,9,27220.0,107744.7,10096.0,7,42,6086.0,Y,1562.35,current,M,46,MEDIUM,5.2,9,613.0,1,6.0
7088,8147,17645.0,26544.53,484.02,5259.0,81.0,9561.52,3757.0,19.0,36,50,54,14,16,341000,1,1,1.0,1,140291.6,63173.17,610000.0,5464.0,19332.79,231081.0,35.0,15,23039.0,20633.66,73293.48,4,4,55986.0,28324.5,962.82,5,11,87651.0,Y,507.04,current,M,47,MEDIUM,2.7,7,708.0,1,17.0
7089,3838,16516.0,8723.58,4398.5,1327.0,16974.0,600.31,15861.0,100.0,84,49,5,3,13,156000,1,1,1.0,1,46056.7,1425000.0,68000.0,553.0,38071.59,38691.0,16.0,33,25988.0,54960.41,25428.0,1,171,29375.0,69863.15,46.0,8,32,51624.0,Y,1038.91,saving,M,32,HIGH,12.0,4,743.0,1,20.0
7090,14347,1456.0,36494.77,13900.2,12298.86,10834.97,18619.38,3762.0,63.0,26,71,1,2,68,371000,1,1,1.0,1,15079.5,90829.65,16114.0,-5439.0,42010.91,79489.91,79.0,3,31397.0,12001.5,66592.0,9,78,42884.0,35922.0,45236.49,2,11,63282.0,Y,47519.12,current,F,63,MEDIUM,12.9,7,424.0,0,10.0
7091,12677,6283.0,17613.73,3112.75,5621.41,3823.0,169.0,1344.0,14.0,30,44,47,27,39,136000,1,1,1.0,1,325024.6,360000.0,1633.0,-5439.0,105423.49,40707.0,50.0,2,54125.0,4549.0,287160.5,4,171,32628.0,52157.63,34475.0,3,113,28601.0,Y,2016.93,current,M,35,MEDIUM,4.5,6,488.0,1,8.0
7092,6667,142447.0,32249.39,12948.0,332.5,3106.25,9430.0,345.48,6.0,128,2,5,36,4,784000,1,1,1.0,1,684495.7,3651922.3,30000.0,-5439.0,24980.07,3193.0,82.0,7,20026.0,40071.0,59097.0,4,78,228175.0,132706.0,16400.0,3,28,32310.0,Y,17199.2,saving,M,35,MEDIUM,15.0,2,748.0,1,9.0
7093,2523,17829.0,8751.85,3846.0,11166.66,2467.99,15339.78,2825.0,6.0,34,53,1,4,47,44000,1,1,1.0,1,33784.35,118976.0,4000.0,9827.0,67783.47,306174.0,20.0,11,28787.0,60203.64,28774.0,43,82,29750.0,67179.2,141143.0,117,50,64626.0,Y,5522.7,saving,M,28,MEDIUM,4.0,10,324.0,1,8.0
7094,13017,17710.0,1672.0,1515.0,18681.5,464.0,4801.0,2204.0,52.0,10,19,5,5,34,28000,1,1,1.0,1,960000.0,93000.0,1515.0,-5439.0,19502.88,1096.0,103.0,6,35989.0,49565.02,44340.0,1,20,17160.0,50364.01,1534.0,2,21,18108.0,Y,3593.73,current,M,30,MEDIUM,6.0,6,331.0,1,2.0
7095,11003,13558.0,1401.06,1555.0,38436.6,3456.0,6357.8,3461.0,44.0,77,53,15,62,13,472000,1,1,1.0,1,48422.7,170989.0,1166.0,1992.0,29091.0,24005.0,29.0,26,13822.0,43311.83,55262.0,47,6,52122.0,127004.75,180168.0,4,32,123940.0,Y,6288.86,current,M,58,MEDIUM,34.2,7,958.0,1,20.0
7096,13465,86791.0,2126.26,17273.26,8076.81,12648.0,3089.0,623.0,10.0,1,135,30,2,1,27000,1,1,1.0,1,7455797.87,190887.4,678.0,-5439.0,20925.53,14193.0,17.0,55,20982.0,166698.12,122446.0,7,11,43176.0,37285.44,71659.0,2,1,3642.0,Y,3578.17,current,M,33,LOW,3.9000000000000004,7,860.0,0,15.0
7097,12953,9365.0,913.0,11663.0,15562.07,44371.4,3405.175,20455.0,2.0,3,89,47,1,58,383000,1,1,1.0,1,48264.0,165970.9,15756.0,3897.0,6326.15,56859.0,39.0,4,9293.0,54972.45,1646.5,2,20,17674.0,19169.75,75030.0,21,124,41752.0,Y,1701.97,current,M,35,HIGH,10.5,5,354.0,1,16.0
7098,8597,29714.0,6226.91,1042.0,17348.56,489.6,1427.32,2826.13,2.0,25,3,8,4,1,371000,1,1,1.0,1,42460.6091,202560.0,24619.0,6885.0,24574.74,27886.0,46.0,36,54137.0,439491.52,164799.79,4,63,13863.0,78637.23,22956.38,2,10,23589.0,Y,3783.85,current,M,42,MEDIUM,8.8,1,454.0,1,4.0
7099,16334,4775.0,3960.53,10292.0,27381.41,1149.53,3600.8,1705.0,1.0,6,16,3,2,3,125000,1,1,1.0,1,493682.5,35000.0,825.0,6441.0,12107.0,51637.0,2.0,36,19224.0,61110.0,256477.0,2,108,1399.0,68859.81,266541.0,58,58,29646.49,Y,1775.44,current,F,32,MEDIUM,8.4,1,594.0,1,10.0
7100,19798,3260.0,24893.0,21855.31,2352.83,2174.0,869.3,16482.0,5.0,8,35,18,18,39,100000,1,1,1.0,1,942327.7,462011.1,230000.0,6916.0,34210.68,27273.0,39.0,13,117591.0,12352.0,90840.0,5,20,37003.0,52481.26,43176.0,3,21,54936.0,Y,3219.31,current,M,221,LOW,140.70000000000002,3,538.0,1,5.0
7101,12702,18717.0,31520.87,12701.75,11592.3,4691.0,5094.0,8176.0,12.0,47,18,22,31,3,300000,1,1,1.0,1,6030.65,267421.4,3792.0,3897.0,19880.3,58241.0,11.0,5,66433.0,79013.61,187557.0,9,29,379628.0,85151.95,25724.32,12,104,32606.0,Y,10333.72,current,M,30,MEDIUM,8.0,8,914.0,0,3.0
7102,1612,305836.0,3801.93,956.0,53525.58,2465.92,1662.0,3718.67,12.0,34,19,22,2,22,129000,1,1,1.0,1,9624.6,38928.0,25000.0,-6885.0,15142.66,36526.0,79.0,1,12517.0,12104.0,3682.0,1,4,43000.0,64392.13,248755.0,58,8,13200.0,Y,2335.07,current,M,53,LOW,3.3000000000000003,10,354.0,1,6.0
7103,19881,32883.0,55559.79,174.0,10885.12,8953.82,16940.535,17501.0,26.0,4,49,1,44,26,232000,1,1,1.0,1,13732.93,725761.7,678.0,1245.0,17789.18,46252.0,11.0,7,35321.56,2172.0,67343.0,1,13,98987.0,14475.0,74649.5,47,11,17260.0,Y,2339.71,saving,M,42,MEDIUM,19.8,9,245.0,1,4.0
7104,553,1728.0,1334.5,16802.26,11241.24,14216.43,839.0,1401.0,5.0,84,4,10,3,47,156000,1,1,1.0,1,593.2,17000.0,16068.0,-4664.0,28452.36,73156.78,2.0,17,15584.0,56215.0,56427.0,2,20,32520.0,18578.0,26777.0,2,67,60500.0,Y,667.73,current,M,34,MEDIUM,2.8000000000000003,2,324.0,1,3.0
7105,17651,81.0,6218.0,3860.45,14420.34,2401.0,34219.585,37001.45,29.0,66,30,8,16,54,267000,1,1,1.0,1,347309.75,227697.61,26241.0,5464.0,185656.56,33412.0,27.0,6,72481.0,47259.08,119671.0,70,42,21510.0,51453.0,58458.25,21,103,52560.0,Y,1169.1,current,M,36,LOW,4.800000000000001,8,538.0,0,10.0
7106,1510,121687.0,16949.56,3190.0,8420.96,1775.58,10640.64,1680.36,100.0,47,35,57,16,1,192000,1,1,1.0,1,2242.35,152391.0,579.0,0.0,79597.33,40031.0,43.0,5,28445.0,25428.75,77433.48,3,171,13001.0,58505.03,35459.0,21,63,31677.0,Y,14340.46,current,M,40,MEDIUM,12.0,1,814.0,1,2.0
7107,17868,7359.0,14605.0,3503.05,1910.0,7322.0,18866.4,8363.88,10.0,10,87,54,36,1,25000,1,1,1.0,1,2008232.55,51531.0,12000.0,-6885.0,40596.63,30011.0,55.0,0,17484.0,55633.64,337091.0,1,81,41776.0,80437.75,12783.5,6,96,111797.0,Y,1174.41,saving,M,60,MEDIUM,8.0,8,858.0,1,5.0
7108,7391,1492.0,15066.42,4348.55,31565.5,124.0,16994.5,2163.57,531.0,19,3,4,1,3,152000,1,1,1.0,1,58928.67,66.0,11379.0,1992.0,42789.0,26931.0,18.0,2,17938.0,132066.45,131619.0,7,7,43660.0,45345.98,461.79,94,10,3.0,Y,16232.65,current,M,40,MEDIUM,4.0,2,247.0,0,16.0
7109,7353,293262.0,2087.09,505.0,9969.47,15838.92,2033.0,577.8,17.0,84,29,4,2,75,406000,1,1,1.0,1,960000.0,25404.0,183999.0,-5715.49022999999,64264.19,5642.65,90.0,29,40977.0,21794.27,48140.0,50,21,42278.0,55628.24,183881.19,2,78,3525.0,Y,2178.01,saving,M,49,LOW,11.600000000000001,10,258.0,0,6.0
7110,2462,19242.0,86311.96,1333.0,55290.95,3493.0,15988.0,9270.0,4.0,3,72,1,25,47,466000,1,1,1.0,1,1488748.8,1400000.0,25524.0,9415.0,27684.41,56552.38,11.0,2,20614.0,23051.77,311332.0,2,20,88260.0,53746.63,447449.34,47,103,105702.0,Y,4176.58,current,M,60,LOW,16.0,2,969.0,1,16.0
7111,6360,167241.0,23167.83,2820.87,2392.0,3259.0,4959.735,5294.03,1.0,3,3,52,18,4,232000,1,1,1.0,1,126303.7,54388.23,67696.0,1500.0,170509.89,20297.91,103.0,18,64923.0,72548.45,113029.5,1,11,58476.0,136676.6,111424.0,3,11,19211.0,Y,10903.02,current,M,56,MEDIUM,3.6,1,963.0,1,12.0
7112,10506,18264.0,3797.0,9273.03,7620.37,4879.0,877.52,5745.0,3.0,99,49,1,25,11,429000,1,1,1.0,1,185669.2,184514.0,4367.0,0.0,54308.3,42200.0,4.0,4,304848.0,129312.5,150018.0,43,12,20309.0,55062.51,72414.0,11,0,91476.0,Y,2293.31,current,F,53,LOW,26.400000000000002,2,245.0,0,10.0
7113,5349,17476.0,13661.48,23616.15,3257.5,2133.79,3654.0,1483.0,63.0,11,5,30,3,70,47000,1,1,1.0,1,684495.7,12000.0,787.0,3735.0,26020.28,36767.0,8.0,4,67691.0,22068.48,57065.0,43,12,487.5,23553.0,69097.78,4,7,8581.0,Y,144.61,current,M,47,LOW,16.2,8,723.0,1,19.0
7114,5665,3174.0,20562.0,8578.0,3440.0,4027.0,22301.25,1048.66,66.0,37,50,24,2,47,232000,1,1,1.0,1,48675.31,617203.09,1446.0,20513.0,20052.68,50237.0,103.0,36,34490.0,22165.07,73342.81,6,20,29842.0,37724.0,80413.43,49,120,37548.0,Y,1318.93,current,M,27,MEDIUM,7.0,5,299.0,1,2.0
7115,2120,6779.0,18718.94,2982.0,40530.75,1226.0,11418.63,5623.4,5.0,39,72,24,2,16,287000,1,1,1.0,1,12869465.0,16000.0,6738.0,1014.0,55819.43,74098.0,4.0,1,270481.0,69692.05,88108.0,3,20,19800.0,2115.0,45424.0,10,11,49383.0,Y,4061.54,current,M,50,MEDIUM,3.0,7,299.0,1,15.0
7116,3064,5953.0,29881.3,1921.0,1365.5,2228.0,31820.845,3089.0,67.0,1,59,18,6,47,58000,1,1,1.0,1,41441.27,33700.0,1630.0,0.0,112342.2,1267.0,55.0,3,14394.0,101782.11,136536.57,9,12,11775.0,183852.99,44880.0,6,57,53389.0,Y,783.8,current,M,55,MEDIUM,14.0,6,818.0,1,12.0
7117,19184,12008.0,13459.2,11993.0,24890.0,44371.4,3501.0,582.0,63.0,34,4,1,44,70,49999,1,1,1.0,1,516.8,470000.0,925.0,-5998.43994,17634.75,30330.0,39.0,0,46688.0,29673.63,26596.0,0,24,26615.0,139941.01,17794.0,3,24,27300.0,Y,3055.56,current,M,27,LOW,4.2,2,370.0,1,14.0
7118,8981,4018.0,44039.36,429.0,24018.84,5272.0,4753.0,1767.0,7.0,10,1,4,6,54,134000,1,1,1.0,1,1466675.0,54388.23,6100.0,3897.0,17396.67,95321.91,11.0,3,147257.0,125168.15,63689.0,47,23,98599.0,32032.42,1256.0,14,120,28331.0,Y,3332.59,current,M,35,LOW,15.0,5,330.0,1,10.0
7119,5196,693.0,23151.14,1442.69,37333.5,8469.0,12255.0,3519.67,7.0,34,71,8,11,8,302000,1,1,1.0,1,684495.7,152664.0,505.0,7478.0,47003.77,24476.0,11.0,26,13475.0,15744.0,115578.0,3,17,40692.0,21875.75,24898.0,4,13,87032.0,Y,544.31,saving,M,32,MEDIUM,1.2000000000000002,5,958.0,1,3.0
7120,9902,117788.0,3339.595,5749.11,17240.36,324.5,5741.0,3188.5,63.0,9,10,1,1,39,329000,1,1,1.0,1,2216.0,64309.52,24619.0,20324.0,170509.89,36351.0,46.0,19,27672.7,17393.62,62101.0,70,78,448250.0,38265.78,19736.0,5,21,28179.0,Y,33874.7,current,M,40,MEDIUM,8.0,8,743.0,1,7.0
7121,13258,9813.0,13254.09,4857.0,685.0,6682.49,5032.0,426.0,10.0,1,7,4,25,11,845000,1,1,1.0,1,123295.4,18300.0,54101.0,-4679.0,28736.81,54163.91,42.0,6,38795.0,29270.15,140841.55,10,25,22648.0,41679.71,37825.5,4,0,13050.0,Y,193466.5,current,M,28,LOW,3.2,9,507.0,1,13.0
7122,5033,309448.0,41279.9,34247.53,3514.78,1284.0,4291.0,10011.0,56.0,5,50,8,4,12,1000000,1,1,1.0,1,2173459.0,10767.53,57899.0,-6885.0,53430.0,154398.22,5.0,4,16991.25,15401.98,153808.0,1,12,43436.0,157508.77,46798.09,8,3,37505.0,Y,17100.89,current,M,60,MEDIUM,20.0,5,536.0,0,4.0
7123,3006,8994.0,100673.29,8168.26,5529.0,1791.85,10131.345,646.0,2.0,66,7,47,5,42,67000,1,1,1.0,1,1424.5,170989.0,14904.0,1500.0,295279.31,57811.0,90.0,5,130718.0,227455.98,162734.0,50,81,51874.0,78010.22,30935.0,49,50,9721.0,Y,12587.67,current,F,53,MEDIUM,19.8,4,723.0,1,19.0
7124,10190,497.0,9110.0,1804.0,3705.375,44615.69,13697.775,9407.0,3.0,6,6,3,18,86,528000,1,1,1.0,1,3101.3,39833.19,2156.0,0.0,37789.5,25522.0,7.0,1,23413.0,7502.82,19203.39,3,4,300801.0,21667.96,3728.79,62,3,28642.0,Y,2665.8,current,M,55,HIGH,28.0,10,683.0,1,4.0
7125,14220,5350.0,2202.59,5612.05,15729.68,7467.0,6469.0,10194.0,60.0,11,85,50,14,75,28000,1,1,1.0,1,3380.0,784499.0,5000.0,0.0,42076.64,36197.0,18.0,2,22535.0,44189.0,54182.0,1,16,56244.0,46040.92,26097.0,3,52,34170.0,Y,117314.1,current,M,46,MEDIUM,10.4,8,683.0,1,2.0
7126,4681,124851.0,8872.75,3201.0,7828.0,451.0,5020.5,16575.05,6.0,10,13,10,44,3,48000,1,1,1.0,1,241.65,2625.16,5540.0,-5998.43994,341088.88,141123.0,50.0,4,37478.0,30427.59,5134.0,43,13,158356.0,70915.64,54329.0,117,38,39979.0,Y,4057.23,current,M,25,LOW,4.5,3,254.0,1,5.0
7127,10220,15953.0,1266.31,3358.0,15700.57,527.17,16100.42,491.81,8.0,128,47,2,27,47,184000,1,1,1.0,1,84446.0,77000.0,13873.0,-6885.0,86877.73,26846.0,63.0,0,11929.0,168985.64,259635.0,6,23,20726.0,5022.0,15782.79,3,83,203134.0,Y,3398.19,current,M,34,MEDIUM,1.4000000000000001,4,259.0,1,5.0
7128,5919,17034.0,11720.0,5317.0,3009.2,1318.0,25884.645,6829.18,2.0,6,82,1,9,53,383000,1,1,1.0,1,63073.6,1372927.14,908.0,977.0,8278.25,13714.91,43.0,26,272830.0,73282.0,171.15,43,20,11376.0,242579.95,65656.0,16,7,24671.15,Y,3798.9,current,F,67,MEDIUM,9.4,7,921.0,0,11.0
7129,5871,19765.0,14220.65,3244.0,15134.0,16077.96,25210.0,15815.0,3.0,18,5,18,55,34,17000,1,1,1.0,1,630.6,64491.0,73217.0,4150.0,148615.97,126797.5,12.0,0,31908.0,32457.06,211214.36,0,20,16885.0,29985.25,46753.0,5,32,12925.5,Y,7993.9,current,M,32,MEDIUM,4.800000000000001,7,249.0,1,2.0
7130,7593,215104.0,6035.0,2287.52,35579.34,20168.07,6675.47,5341.17,1.0,4,7,1,4,80,393000,1,1,1.0,1,28844.0,1475000.0,3975.0,-5942.0,4651.0,125127.0,62.0,6,21100.0,108814.0,30540.5,0,38,45486.0,52834.62,5572.0,49,12,11903.0,Y,13908.12,current,M,60,LOW,20.0,7,447.0,0,17.0
7131,13527,315397.0,13589.78,3847.0,13705.0,9107.36,5669.03,1209.0,63.0,1,14,60,9,47,581000,1,1,1.0,1,64410.0,109000.0,24250.0,5439.0,268.72,92735.0,18.0,7,42376.0,127242.51,94024.0,2,6,120.34,11180.0,40416.0,10,50,78109.0,Y,2426.62,saving,M,56,LOW,21.6,9,386.0,1,8.0
7132,6504,392138.0,14351.79,10150.0,1804.0,738.0,2935.495,7354.0,6.0,22,2,53,38,80,522000,1,1,1.0,1,9624.6,150000.0,90525.0,-5439.0,139822.61,19726.0,18.0,7,38338.0,78167.85,91050.0,11,8,19094.0,96637.62,90199.0,2,25,31083.0,Y,11.58,current,M,33,MEDIUM,6.5,4,259.0,1,7.0
7133,16677,96607.0,2704.0,11335.3,92391.27,5984.0,2231.75,3192.0,7.0,22,11,48,18,3,520000,1,1,1.0,1,170590.75,9866.01,28985.0,12163.0,102316.97,73505.0,11.0,35,31829.0,186357.61,34407.0,1,86,43176.0,45489.73,130511.0,42,10,51234.0,Y,57622.01,current,M,30,MEDIUM,2.0,2,595.0,1,19.0
7134,589,12850.0,1963.28,431.52,22616.39,6324.19,289.5,16092.6,5.0,46,20,21,15,3,49000,1,1,1.0,1,720551.4,545000.0,50000.0,-6301.0,44160.33,197.42,43.0,5,25906.0,97004.88,149660.0,7,25,33950.6,327389.51,29482.5,3,58,586100.0,Y,2406.08,saving,M,44,MEDIUM,14.4,6,966.0,1,8.0
7135,4486,15523.0,1526.5,5928.0,14206.48,2420.53,13605.0,426.0,531.0,10,59,18,25,3,199999,1,1,1.0,1,7089.7,234459.4,20887.0,173.0,39917.0,116364.0,50.0,6,17819.0,20275.51,71102.0,3,6,20696.0,23980.43,73177.0,21,63,43627.0,Y,447.46,current,M,62,MEDIUM,8.4,1,750.0,0,20.0
7136,7799,12727.0,16000.54,2742.0,27134.6,2697.0,690.51,4772.0,2.0,71,74,47,3,36,256000,1,1,1.0,1,8370.8,470000.0,2156.0,19765.0,37857.43,41375.0,147.0,3,28421.0,78484.05,7724.0,31,8,11288.0,83060.75,168314.0,5,13,37258.0,Y,3967.34,current,M,35,LOW,13.5,3,867.0,1,15.0
7137,11754,20334.0,15104.0,1194.57,3158.4,1733.86,16157.9,2229.5,19.0,23,47,35,2,3,378000,1,1,1.0,1,225823.8,730000.0,300000.0,12299.0,61737.81,112313.0,23.0,4,32751.01,112167.9,24789.34,1,20,27400.0,317640.3,94570.0,11,103,226905.0,Y,555.0,current,M,34,LOW,11.200000000000001,7,628.0,1,8.0
7138,17393,398254.0,7665.5,14990.0,46926.02,1634.26,15336.0,448.0,14.0,2,74,22,15,2,147000,1,1,1.0,1,328504.5,1400000.0,230000.0,9415.0,14749.13,16184.06,7.0,17,129925.0,20477.43,170908.0,9,12,13138.0,17391.56,88727.0,11,1,36403.0,Y,1100.16,current,M,42,MEDIUM,6.6000000000000005,5,315.0,0,4.0
7139,16779,479.0,15609.0,2270.01,23735.86,4934.88,19844.195,1795.0,6.0,19,50,60,14,36,240000,1,1,1.0,1,12010.0,330001.0,1727.0,7478.0,146053.0,51988.0,89.0,4,26461.0,215758.0,77331.0,2,108,20444.0,1744.0,17148.0,2,68,31148.0,Y,7242.44,current,F,30,LOW,10.0,1,369.0,1,11.0
7140,12944,17394.0,6086.78,11022.88,9637.2,5925.0,1064.0,1712.0,44.0,26,20,2,2,11,525000,1,1,1.0,1,1727970.9,111500.0,28912.0,0.0,71436.17,76195.0,147.0,4,246239.0,228145.09,30847.0,43,40,991623.0,91101.13,47345.0,19,113,38651.0,Y,2157.69,current,M,62,MEDIUM,37.800000000000004,8,958.0,1,18.0
7141,9766,185594.0,24556.0,46614.0,1825.66,2286.45,887.0,8935.19,1.0,66,82,48,56,58,75000,1,1,1.0,1,199690.5,191000.0,908.0,6613.0,129930.96,54120.0,91.0,13,700000.0,22206.11,40422.0,7,14,47778.0,7719.71,72832.24,1,124,27389.0,Y,10328.79,saving,M,27,MEDIUM,3.5,8,956.0,0,9.0
7142,3959,8459.0,5882.0,6866.0,3638.0,34689.0,2753.5,29164.0,5.0,85,50,20,2,5,114000,1,1,1.0,1,1263221.7,190887.4,15477.0,2351.0,65894.02,36510.0,3.0,9,32032.0,13990.02,24451.0,70,28,51754.67,23003.75,38044.0,4,103,185979.0,Y,3379.65,current,M,66,MEDIUM,32.2,7,710.0,1,15.0
7143,5696,19816.0,6243.68,2407.6,15380.34,1050.7,424.06,10750.97,4.0,26,74,24,55,4,49999,1,1,1.0,1,510.6,917881.54,768.0,2921.0,1008.0,58072.0,46.0,4,38407.0,32451.5,118189.69,2,25,203000.0,34567.82,25476.0,8,65,717.0,Y,324043.41,current,M,35,MEDIUM,15.0,3,737.0,1,11.0
7144,6986,1067.0,2044.1,6230.98,70701.79,2568.2,17062.75,441.68,5.0,2,10,48,51,16,47000,1,1,1.0,1,825.0,67555.67,5981.0,1444.0,43482.05,13188.0,90.0,3,24552.0,16637.21,239180.0,4,34,8879.0,115337.64,21752.0,1,0,23443.0,Y,6288.86,current,M,32,MEDIUM,12.0,1,516.0,1,7.0
7145,3068,19935.0,13065.97,2969.0,19053.4,9041.3,10965.42,426.81,1.0,2,1,4,3,98,16000,1,1,1.0,1,102.95,82907.34,67696.0,0.0,403931.45,1749.0,42.0,6,17336.0,47866.93,27337.82,1,20,21047.0,19657.74,23365.0,94,17,56558.0,Y,1793.96,current,M,30,MEDIUM,9.0,8,957.0,1,20.0
7146,3823,19740.0,18616.5,251.0,27334.77,2499.0,16940.535,1189.12,44.0,10,50,24,46,3,197000,1,1,1.0,1,13180.0,470000.0,1036.0,6885.0,9055.0,47194.0,42.0,2,123652.0,26158.89,32324.86,6,6,27880.0,25360.0,12273.75,47,28,46846.0,Y,2217.06,current,M,37,MEDIUM,1.7000000000000002,3,269.0,1,10.0
7147,14598,89812.0,4562.27,13511.86,938.0,4177.0,7965.655,7680.89,6.0,26,6,15,38,2,522000,1,1,1.0,1,5809950.0,2400000.0,583.0,-6301.0,43303.53,10038.0,94.0,35,5090.0,173932.49,130584.0,7,20,100093.0,135615.85,14756.88,49,120,15059.0,Y,3693.64,current,M,62,LOW,42.0,9,593.0,0,9.0
7148,1038,8410.0,20662.77,11174.23,29405.19,3063.0,8552.0,7987.0,19.0,56,59,18,4,2,324000,1,1,1.0,1,1112.4,50000.0,15477.0,12965.0,115525.9,17014.91,17.0,7,48782.0,40983.41,4539.0,1,171,6595.0,28859.96,30620.0,7,106,34226.0,Y,10385.25,current,M,69,HIGH,4.9,4,647.0,1,8.0
7149,12607,1230.0,15784.01,2651.33,14029.95,4720.76,24920.0,619.52,531.0,8,7,11,4,10,518000,1,1,1.0,1,5809.2,100934.0,3546.0,2557.0,60.05,30016.0,10.0,33,59423.0,10026.45,165468.0,5,171,69243.0,52888.0,37954.0,2,12,31153.0,Y,7566.69,current,M,62,LOW,16.8,4,523.0,1,2.0
7150,15257,17603.0,6830.47,634.0,8835.87,4963.41,29893.215,4401.8,3.0,84,16,5,1,81,39000,1,1,1.0,1,27316.5,119831.0,49975.0,173.0,259999.87,33728.86,32.0,1,38269.0,30943.75,19259.27,4,70,22060.0,25262.95,117859.6,8,42,26500.0,Y,5057.21,current,M,54,LOW,20.400000000000002,3,771.0,1,9.0
7151,16415,480.0,2269.25,49725.0,571.0,1146.0,693.0,1795.0,56.0,8,14,1,14,17,326000,1,1,1.0,1,384550.05,90829.65,711.0,6916.0,69533.13,159293.0,5.0,2,175000.0,28055.32,9847.0,2,20,22549.0,96871.51,131734.0,14,120,689.0,Y,13242.03,current,F,37,MEDIUM,11.9,3,464.0,1,13.0
7152,10339,4146.0,13100.6,3009.8,10004.07,798.0,23468.11,10044.0,19.0,6,74,5,44,98,100000,1,1,1.0,1,101891.25,76365.24,711.0,10455.0,48775.48,78428.0,46.0,19,23967.0,14934.18,119718.0,6,82,31538.0,23086.47,119155.0,22,80,38651.0,Y,2603.11,current,M,40,MEDIUM,4.0,6,537.0,0,8.0
7153,12079,82023.0,13134.86,521.0,5968.5,518.0,5594.62,17090.36,12.0,2,71,3,18,56,155000,1,1,1.0,1,167.5,184514.0,183999.0,-3506.17993,15234.25,775707.68,4.0,36,18360.0,71578.09,72129.0,2,49,39668.0,13201.21,50538.32,22,52,113196.0,Y,10046.28,saving,M,60,MEDIUM,20.0,4,801.0,1,14.0
7154,9937,141908.0,8884.25,25448.84,4818.63,3476.14,12627.25,1574.0,57.0,3,64,1,27,11,373000,1,1,1.0,1,5457.0,30007.0,6738.0,19765.0,220850.99,45089.0,46.0,0,35711.0,51339.0,38605.5,6,8,40892.0,50125.7,64479.0,3,104,101702.0,Y,4057.32,current,M,30,MEDIUM,1.0,6,614.0,0,19.0
7155,10719,14793.0,14280.66,1944.0,1422.0,5352.67,1587.73,12272.22,8.0,5,35,20,6,41,575000,1,1,1.0,1,148705.0,90829.65,24250.0,6885.0,42782.99,45581.0,11.0,19,18360.0,13645.0,171192.0,2,1,10350.0,95952.46,130232.9,117,75,118.0,Y,62629.97,current,M,37,MEDIUM,13.600000000000001,3,385.0,0,7.0
7156,18646,827.0,10731.59,26889.0,8728.28,5816.0,86965.225,2136.89,12.0,99,60,8,2,5,25000,1,1,1.0,1,5210.85,730000.0,300500.0,6916.0,185692.42,16174.0,2.0,4,24406.0,40936.9,378381.0,2,8,20302.0,140445.52,16905.0,3,8,166000.0,Y,134773.51,saving,M,32,MEDIUM,2.4000000000000004,4,265.0,1,19.0
7157,2485,12776.0,3905.5,4271.2,1207.83,746.0,3867.27,5470.0,531.0,11,3,8,6,2,480000,1,1,1.0,1,2002.36,128314.74,54101.0,-5715.49022999999,47625.84,18746.91,2.0,13,18867.0,44281.0,111669.79,10,12,14395.0,28891.62,121205.64,9,106,2016.0,Y,174.94,current,M,69,LOW,49.0,4,464.0,1,11.0
7158,1822,287031.0,6373.82,559.0,15022.79,1045.4,1490.5,5330.42,10.0,1,44,1,3,6,461000,1,1,1.0,1,1831780.84,7051.99,51520.0,7478.0,99153.76,80674.54,10.0,1,26043.0,22700.0,4173.0,11,8,38646.0,96334.05,1768561.74,3,39,16280.0,Y,132676.54,current,M,28,HIGH,3.2,10,503.0,1,19.0
7159,12544,7950.0,402.0,34714.0,653.5,6046.0,2334.0,52104.09,5.0,18,46,82,37,47,402000,1,1,1.0,1,168265.55,300000.0,4699.0,5340.0,77004.06,53535.88,103.0,9,38183.0,35718.12,39325.0,3,23,35625.0,67914.63,19854.0,8,100,4900.0,Y,4714.75,current,M,33,MEDIUM,10.4,2,737.0,1,3.0
7160,18427,4876.0,2217.6,2887.89,1063.52,3383.0,6014.5,9863.68,44.0,18,35,8,9,12,127500,1,1,1.0,1,10562.45,61022.63,10973.0,4795.0,93780.71,18801.0,11.0,19,19290.0,37587.04,12055.0,11,82,108053.0,125641.47,32303.25,2,18,105042.0,Y,4864.54,current,M,35,MEDIUM,13.5,6,519.0,0,3.0
7161,470,19303.0,3293.0,2600.44,683.0,13546.3,18458.33,6589.0,10.0,17,86,2,1,98,74100,1,1,1.0,1,67833.35,130660.0,155205.0,-5998.43994,67.25,8265.0,42.0,4,17.6,4054.93,42994.0,0,108,29293.0,30187.38,26464.93,12,28,25071.0,Y,5868.0,current,M,39,MEDIUM,13.3,7,685.0,1,17.0
7162,13270,19477.0,20969.81,16339.0,13178.0,12289.0,1012.0,17096.82,7.0,43,50,1,18,4,453000,1,1,1.0,1,1910215.0,95658.0,130000.0,-6885.0,11634.0,33371.59,55.0,1,56218.0,107686.79,128785.5,2,4,76714.0,27036.74,43759.0,5,58,60583.0,Y,32750.59,current,M,60,MEDIUM,40.0,6,855.0,1,6.0
7163,325,17644.0,36932.0,1333.0,12032.83,354.0,32239.6,4893.0,1.0,26,27,1,2,75,520000,1,1,1.0,1,4110.0,185097.6,56305.0,4314.0,106959.41,165527.0,39.0,36,14310.0,37587.04,44792.0,2,20,17418.0,16632.32,3075.0,40,76,29078.0,Y,8980.53,current,M,27,LOW,2.8000000000000003,9,523.0,0,19.0
7164,5745,135877.0,5416.95,309.0,9582.15,4197.0,9966.0,1797.0,2.0,39,72,47,3,8,552000,1,1,1.0,1,23669.0,340000.0,5540.0,-12179.0,33249.43,41965.0,10.0,1,98933.0,178052.17,211945.0,4,82,4816.0,13379.9,45361.0,14,61,22265.0,Y,11595.28,current,M,42,MEDIUM,6.6000000000000005,8,723.0,0,14.0
7165,3289,210948.0,20251.47,8230.0,19812.24,22039.96,20244.0,12803.75,5.0,14,82,1,1,58,393000,1,1,1.0,1,1399.9,4550727.2,5905.0,-6885.0,689.0,24771.0,6.0,6,31325.0,47484.14,16845.0,2,50,24637.0,36605.22,30576.0,6,12,25945.92,Y,9222.13,saving,M,66,LOW,32.2,7,394.0,1,19.0
7166,2869,16330.0,16154.02,14681.0,2365.0,6092.0,1490.5,1058.0,6.0,26,6,53,62,41,472000,1,1,1.0,1,12057.2,30007.0,711.0,2921.0,148615.97,43618.0,8.0,4,18295.0,26838.76,95051.81,3,50,32841.0,61231.32,72139.75,7,58,22729.0,Y,21730.99,current,F,32,LOW,4.800000000000001,7,809.0,0,11.0
7167,4800,173173.0,3311.0,39739.0,48593.0,9107.36,6060.4,12824.0,7.0,5,89,10,12,47,427000,1,1,1.0,1,42460.6091,110135.86,12560.0,2921.0,54429.5,66352.0,11.0,6,24166.0,42316.22,44352.0,43,46,3922.0,99143.2,99548.0,47,52,36357.0,Y,16.91,current,M,33,MEDIUM,1.3,5,743.0,1,10.0
7168,4537,8434.0,20546.0,2232.0,5620.5,11209.0,15815.0,10377.0,26.0,83,35,1,16,22,595000,1,1,1.0,1,10535967.5,730000.0,5540.0,2351.0,605834.98,96480.51,42.0,31,26353.0,14017.89,5120.0,43,86,14295.0,41485.46,9839.72,1,11,25772.0,Y,695.79,current,M,55,MEDIUM,31.5,2,523.0,1,17.0
7169,15837,5205.0,12060.505,39739.0,3773.0,10154.0,21111.5,5606.52,44.0,30,23,1,7,79,519000,1,1,1.0,1,272677.25,7216.53,3975.0,12415.0,5716.0,184064.0,11.0,26,44739.0,18183.05,128785.5,5,20,95766.0,3550.0,11789.0,6,18,48228.0,Y,4134.91,current,M,63,LOW,12.9,5,805.0,1,20.0
7170,19839,6195.0,67138.08,1254.0,60539.0,5245.0,8142.22,587.0,26.0,10,71,7,25,17,505000,1,1,1.0,1,47651495.0,273221.0,4699.0,-5439.0,90721.04,48084.3,90.0,1,13767.0,23146.37,22503.87,2,8,12675.0,90963.3,60610.25,3,11,19694.0,Y,1137.39,current,M,28,MEDIUM,6.4,9,594.0,1,9.0
7171,10420,8267.0,14620.0,5527.66,843.5,7868.0,48336.0,17939.52,7.0,23,13,47,3,5,124000,1,1,1.0,1,19957.5,71256.0,298472.0,12174.0,152005.74,115172.0,1.0,5,37378.0,76595.49,24615.0,3,81,20879.0,31427.5,31887.0,21,0,43020.0,Y,3471.72,current,F,27,HIGH,0.7000000000000001,1,270.0,0,8.0
7172,11929,31520.0,19254.08,10430.45,6487.77,8980.91,8953.0,1065.0,10.0,5,16,7,2,70,84000,1,1,1.0,1,526.25,176487.6,14754.0,-6301.0,174551.44,24452.0,18.0,31,64592.0,36150.29,358015.0,11,14,40511.0,50552.0,65198.5,7,18,128170.0,Y,756.18,current,M,33,MEDIUM,6.5,4,799.0,0,7.0
7173,19773,18838.0,2743.0,18730.92,3045.0,4426.95,19045.0,9092.0,1.0,8,27,8,2,1,186000,1,1,1.0,1,5045.13,273221.0,583.0,0.0,26010.5,59447.0,10.0,2,21537.0,29839.75,41648.15,4,27,22220.0,144597.75,278931.0,10,54,2245.7,Y,29078.21,current,F,44,HIGH,19.200000000000003,1,963.0,1,2.0
7174,11753,1903.0,12742.0,1777.02,22132.92,584.0,4225.375,4422.0,18.0,1,2,3,31,47,378000,1,1,1.0,1,10535967.5,446457.0,4699.0,2351.0,40364.0,122121.0,91.0,1,19587.0,25869.09,80505.0,42,13,85038.0,92120.03,47030.0,8,42,30093.0,Y,2256.5,current,M,62,MEDIUM,25.200000000000003,1,516.0,1,10.0
7175,5809,33794.0,8234.6,3602.82,31470.0,11209.0,9186.55,10542.0,1.0,1,60,5,1,80,329000,1,1,1.0,1,33664.3,16500.0,1526.0,9827.0,51385.51,20106.0,16.0,36,93732.0,52357.0,43662.0,2,82,16705.0,22523.75,113493.0,10,12,19186.0,Y,5514.49,current,M,61,MEDIUM,32.800000000000004,3,588.0,1,18.0
7176,7485,2307.0,9018.6,303.0,10808.0,4213.0,21468.0,1106.94,6.0,83,53,2,2,4,430000,1,1,1.0,1,60800.0,633323.83,12560.0,-4679.0,62799.49,36526.0,10.0,1,159847.0,90734.76,38528.0,70,31,129842.0,43737.46,66367.0,62,75,53223.0,Y,7207.11,saving,M,66,MEDIUM,9.200000000000001,2,723.0,0,7.0
7177,11728,4703.0,91834.36,2009.0,14683.0,101.0,4231.385,9563.03,26.0,93,50,30,6,5,26000,1,1,1.0,1,28844.0,9000.0,5540.0,3735.0,126830.5,285.41,16.0,1,60206.0,5776.0,77072.0,17,8,95158.0,19567.61,42355.0,7,35,25925.0,Y,259.24,current,M,222,MEDIUM,181.8,6,867.0,0,10.0
7178,1021,218983.0,4852.75,2440.85,7720.0,141.0,25328.4,1485.0,19.0,13,110,1,51,54,232000,1,1,1.0,1,456.1,360000.0,4367.0,5439.0,48180.08,60861.0,46.0,2,23695.0,9694.0,71071.0,2,108,83908.0,56994.0,243411.0,4,3,21508.0,Y,1623.95,current,M,53,MEDIUM,23.1,1,269.0,1,18.0
7179,10110,216344.0,17852.0,6042.01,1228.0,1764.31,3096.0,658.0,28.0,10,87,57,36,1,472000,1,1,1.0,1,41070.0,25404.0,45000.0,1079.0,36898.23,70492.0,4.0,6,33175.0,66706.0,121912.8,24,6,24027.0,112657.96,404.0,11,1,284.0,Y,61.59,current,M,42,MEDIUM,11.0,4,408.0,1,2.0
7180,3988,3419.0,5948.71,309.0,3474.5,8297.25,10094.85,23197.0,3.0,20,4,8,6,37,466000,1,1,1.0,1,105453.65,376694.91,1727.0,-4664.0,9266.58,11071.0,7.0,1,74400.0,6691.67,49621.0,2,20,25571.0,56954.0,100328.0,4,124,28825.0,Y,622.82,current,F,62,MEDIUM,25.200000000000003,5,626.0,1,17.0
7181,7559,291094.0,13682.44,4348.55,19403.87,11242.0,1769.095,1046.0,100.0,128,60,1,9,70,467000,1,1,1.0,1,1895.04,31033.0,16004.0,6885.0,46757.66,40384.75,16.0,19,16369.0,17031.78,25270.0,3,0,11562.0,74053.75,22301.8,21,24,83578.0,Y,316.04,current,M,33,MEDIUM,11.700000000000001,7,296.0,1,15.0
7182,284,31118.0,29881.3,4222.99,7984.5,2094.22,27962.0,3658.83,2.0,29,85,18,2,55,371000,1,1,1.0,1,9649.6,39833.19,51520.0,844.0,11583.62,63040.0,11.0,36,46598.0,42344.33,194275.0,1,11,48668.0,155495.86,36734.26,7,63,59060.0,Y,5785.14,current,M,60,MEDIUM,12.0,6,974.0,1,8.0
7183,4090,17825.0,6665.24,49690.0,2570.54,1726.0,8400.44,11215.0,4.0,85,4,1,1,4,302000,1,1,1.0,1,6558.8,13299.0,500718.0,-5439.0,3997.0,74739.0,11.0,7,29200.0,63049.64,17987.0,2,42,89250.0,26170.57,6329.38,4,32,29081.0,Y,5511.79,current,M,40,LOW,8.0,2,799.0,1,18.0
7184,1575,13461.0,5903.89,9760.0,40261.0,14614.13,5882.04,10150.0,1.0,4,67,2,14,80,75000,1,1,1.0,1,47936.43,50000.0,579.0,2921.0,32652.48,10620.0,35.0,1,36184.43,7166.0,39210.0,16,8,29512.0,40821.01,49352.38,6,8,13604.0,Y,4447.7,current,M,27,MEDIUM,3.5,6,233.0,1,3.0
7185,3105,298957.0,11773.295,21631.6,5570.0,36542.0,61117.72,1632.0,44.0,29,7,1,2,56,271000,1,1,1.0,1,101891.25,141473.07,1097.0,-4664.0,47003.77,30823.0,49.0,4,46476.0,51577.9,15941.0,17,49,245433.0,221923.43,930.0,6,124,169712.95,Y,16447.45,current,M,35,MEDIUM,7.5,6,536.0,0,14.0
7186,838,7222.0,5850.65,827.0,37309.89,34127.04,4763.61,5408.0,8.0,60,17,3,18,1,302000,1,1,1.0,1,42460.6091,152664.0,49900.0,-4679.0,31470.0,84955.0,42.0,0,15868.0,39896.19,192887.0,23,11,188115.0,243680.6,21179.41,3,52,62966.0,Y,5284.68,current,M,40,HIGH,2.0,4,683.0,0,17.0
7187,1964,1066.0,3127.0,18740.0,2129.58,733.0,6919.0,24148.83,5.0,30,3,2,2,56,114000,1,1,1.0,1,76122.87,1749.29,2156.0,10455.0,62979.88,88532.0,62.0,13,23937.0,33797.43,16557.0,1,42,4501.0,56355.61,297042.16,8,113,96193.0,Y,5196.34,current,M,53,LOW,23.1,2,713.0,1,5.0
7188,11044,10336.0,20439.76,701.0,10162.4,886.0,6673.0,6843.0,12.0,66,102,5,2,67,114000,1,1,1.0,1,5210.85,165970.9,25524.0,1992.0,96932.5,75319.0,42.0,4,28931.0,252273.29,43199.0,2,14,91306.0,14780.52,93359.0,21,7,46565.0,Y,5055.4,current,M,29,MEDIUM,6.300000000000001,10,653.0,0,3.0
7189,4011,4630.0,82598.29,1036.0,32139.0,8297.25,206.0,20956.0,44.0,30,35,52,3,31,599000,1,1,1.0,1,345.6,16000.0,6100.0,-4664.0,37490.63,2068.0,4.0,3,35341.0,235324.01,6788.0,3,42,48537.22,302963.32,35685.0,3,12,37861.0,Y,7812.52,current,M,28,MEDIUM,2.4000000000000004,2,737.0,1,15.0
7190,4565,20047.0,14013.0,572.52,7715.5,1922.5,1761.895,444.0,44.0,71,48,18,1,5,184000,1,1,1.0,1,67833.35,152664.0,550.0,1079.0,72493.5,22793.0,10.0,2,24716.0,59877.22,75083.0,2,7,36274.0,37496.69,55296.0,2,35,28136.21,Y,64602.96,current,F,66,MEDIUM,4.6000000000000005,5,700.0,0,6.0
7191,3087,3866.0,3606.85,6698.01,945.98,79601.9,3366.51,9179.0,44.0,36,19,3,2,2,44000,1,1,1.0,1,153410.0,1194405.5,550.0,-3053.0,10434.25,36855.39,63.0,1,31829.0,25979.58,139158.0,2,20,19669.0,36822.7,160302.0,117,58,17399.0,Y,1337.65,current,M,42,HIGH,19.8,3,354.0,0,2.0
7192,8884,13853.0,5406.1,3473.0,7639.0,4400.9,2666.0,201.0,7.0,10,67,11,2,30,53000,1,1,1.0,1,140291.6,100934.0,300500.0,10455.0,28759.59,131751.0,36.0,0,142896.0,14971.23,61254.0,6,14,22319.0,434899.05,31543.0,6,21,31739.0,Y,2381.96,current,M,62,MEDIUM,37.800000000000004,4,535.0,0,12.0
7193,19759,85525.0,9723.81,1129.0,6603.55,5759.51,14686.0,4947.95,5.0,29,48,4,18,81,378000,1,1,1.0,1,19087.6,43397.0,130000.0,16455.0,184004.1,33981.0,147.0,33,90.38,86081.88,15693.0,2,82,22908.0,55138.79,68042.0,3,103,30918.0,Y,1529.31,current,M,53,MEDIUM,33.0,1,866.0,1,3.0
7194,18174,18260.0,40351.97,1279.0,13566.0,3951.0,2418.1,4411.0,19.0,2,13,48,2,1,427000,1,1,1.0,1,489773.55,125090.58,51520.0,1014.0,35747.16,122787.0,35.0,1,44341.0,58104.14,81230.0,2,69,21423.0,15438.0,1768561.74,9,18,55454.0,Y,7129.67,current,M,42,MEDIUM,2.2,2,536.0,1,6.0
7195,13921,10835.0,1687.92,18740.0,12616.44,383.0,10088.72,80603.0,101.0,10,38,17,2,47,313000,1,1,1.0,1,98543.96,372815.4,22000.0,1079.0,64097.5,106668.0,42.0,3,15571.0,37357.37,13459.0,6,21,29494.0,37799.42,57167.78,22,83,13657.0,Y,230.12,current,M,33,LOW,11.700000000000001,10,945.0,1,11.0
7196,16618,13562.0,2963.0,908.0,12776.11,3996.32,17708.0,5199.91,24.0,23,82,5,1,10,369000,1,1,1.0,1,2242.35,157624.24,48950.0,4795.0,87913.66,25885.0,9.0,13,27405.0,75289.31,115688.98,7,11,16540.0,3444138.08,80902.0,5,32,38609.0,Y,799.96,saving,M,220,LOW,160.0,6,370.0,1,4.0
7197,6095,16581.0,1302.68,2353.0,16932.98,6090.8,2289.62,1627.41,6.0,39,23,11,3,42,19000,1,1,1.0,1,61186.36,76365.24,13873.0,-5715.49022999999,894.25,33557.35,42.0,2,61899.0,16193.55,57188.0,0,20,20007.0,110804.8,57641.0,39,50,5200000.0,Y,8571.41,current,M,37,MEDIUM,11.9,2,748.0,0,19.0
7198,6224,16860.0,12084.0,7222.0,2594.29,3842.0,8044.7,1517.0,56.0,31,87,5,44,13,481000,1,1,1.0,1,127004.3,54388.23,100000.0,1500.0,31779.29,13916.0,20.0,3,43537.0,62963.93,20726.0,0,25,5500.0,166398.07,40193.93,4,124,64354.0,Y,558.51,current,M,50,MEDIUM,15.0,10,503.0,0,4.0
7199,9995,19855.0,5010.0,555.0,28707.0,16831.5,26730.56,4103.19,32.0,26,82,50,36,20,138000,1,1,1.0,1,4500.0,446457.0,1143.0,0.0,119694.85,81605.0,5.0,3,800000.0,109249.09,71065.0,1,28,20832.0,57983.78,47345.0,3,32,17184.0,Y,15221.31,current,M,42,MEDIUM,13.200000000000001,4,883.0,0,6.0
7200,18645,18627.0,26475.18,5898.0,9634.0,3755.19,51737.0,9488.52,2.0,26,48,1,4,31,371000,1,1,1.0,1,417.0,10903.0,230000.0,6916.0,8711.25,310675.5,18.0,6,37746.0,8181.62,49460.0,0,1,25950.0,7098.0,188604.0,3,22,650.0,Y,310.49,current,F,66,LOW,46.0,1,882.0,1,9.0
7201,17371,5675.0,4220.55,5028.0,11646.17,3787.75,2803.47,423.73,5.0,66,135,54,4,8,430000,1,1,1.0,1,6264.25,470000.0,891.0,-4679.0,11828.0,72493.17,4.0,17,78099.3,50307.97,27875.0,45,23,35052.0,23884.5,23823.09,11,83,111814.0,Y,4288.13,current,M,220,MEDIUM,100.0,7,511.0,1,18.0
7202,11580,288628.0,17139.16,1533.9,9998.57,14156.41,7671.0,1999.0,37.0,11,60,2,3,68,147000,1,1,1.0,1,3299447.136,610000.0,2019.0,167.0,37513.34,81628.0,39.0,2,44663.0,71736.11,40689.0,2,12,26179.0,77338.24,431964.0,42,61,96373.0,Y,147.84,current,M,53,MEDIUM,3.3000000000000003,6,537.0,0,16.0
7203,4491,11605.0,2217.6,782.0,51662.68,516.0,7865.9,11238.1,63.0,3,84,57,18,2,28000,1,1,1.0,1,205595.43,11982.0,183999.0,277.0,51385.51,54359.0,42.0,7,17258.0,21490.17,7776.0,9,78,189537.0,70238.65,25858.0,4,6,14187.0,Y,5683.12,saving,M,33,MEDIUM,3.9000000000000004,7,486.0,0,17.0
7204,10903,8345.0,5186.97,798.0,4724.3,2837.84,4344.505,6190.0,63.0,85,64,1,5,9,197000,1,1,1.0,1,253302.0,385218.7,248000.0,19765.0,58999.88,161568.3,18.0,4,25732.0,105072.66,91251.0,2,12,28204.0,45847.5,455.0,2,39,25275.0,Y,57651.97,current,M,33,MEDIUM,13.0,1,485.0,0,6.0
7205,9048,4995.0,3374.07,6432.0,20434.59,518.0,6509.0,5773.0,10.0,10,46,53,7,98,381000,1,1,1.0,1,58834.74,134000.0,300500.0,-6301.0,25413.22,9821.66,42.0,36,41100.0,49064.0,67370.11,2,20,42741.0,80479.75,74762.0,1,24,20040.0,Y,15728.69,saving,M,39,MEDIUM,5.7,9,300.0,1,17.0
7206,7537,6469.0,35665.9,276.25,16957.5,3755.19,35551.0,2150.0,531.0,23,117,62,36,80,461000,1,1,1.0,1,1399.9,2436.91,130000.0,4889.0,74115.51,25648.0,29.0,1,58727.0,27288.35,49275.0,2,7,100500.0,43253.72,5180.0,2,38,24071.0,Y,2867.1,saving,M,37,MEDIUM,13.600000000000001,6,957.0,1,7.0
7207,16344,866.0,7383.08,5709.41,7346.97,4115.0,768.88,1326.0,28.0,10,1,53,7,62,381000,1,1,1.0,1,1112.4,500358.79,130000.0,0.0,64757.45,129258.0,7.0,4,156535.0,36797.37,43640.35,5,78,39374.0,105488.53,99919.93,7,15,27480.0,Y,5905.91,current,M,42,MEDIUM,11.0,10,300.0,0,18.0
7208,9082,13800.0,6871.22,10189.76,2024.76,411.0,7839.5,11827.46,6.0,81,82,48,3,42,390000,1,1,1.0,1,28844.0,6.0,3975.0,8723.0,79706.01,23667.18,20.0,19,61134.0,36993.53,53967.97,11,7,193000.0,31129.62,32101.0,2,73,60477.0,Y,4313.77,current,M,35,LOW,12.0,3,324.0,1,7.0
7209,658,1358.0,2311.0,446.0,20091.23,232.0,3378.76,2814.0,7.0,99,19,25,1,13,267000,1,1,1.0,1,41883.6,68663.61,24250.0,5773.0,82730.74,100104.0,20.0,23,21239.0,58604.75,60033.0,9,81,90329.0,47208.0,46805.0,4,79,16024.92,Y,6128.02,current,M,34,MEDIUM,7.0,9,536.0,1,18.0
7210,6396,4019.0,7998.48,2270.01,2219.0,7316.1,9640.0,6857.0,1.0,18,89,1,3,77,472000,1,1,1.0,1,293418.75,119898.8,579.0,2921.0,164183.7,50010.0,90.0,14,159993.0,80447.45,55824.0,3,20,29756.0,42282.07,11136.0,8,50,23785.0,Y,1364.13,current,M,47,HIGH,8.1,8,536.0,0,13.0
7211,5464,6558.0,22831.19,24183.32,1771.0,332.0,7431.36,1164.0,2.0,9,44,1,18,2,501000,1,1,1.0,1,105453.65,11982.0,3975.0,-5998.43994,14974.04,223764.0,36.0,3,66300.0,61198.4,40721.75,5,8,33573.0,65097.5,808.0,49,50,42300.0,Y,8534.33,current,F,32,LOW,6.0,2,537.0,1,15.0
7212,6212,4558.0,11557.5,2929.29,47220.69,1366.9,23093.0,8418.5,7.0,99,16,4,3,13,302000,1,1,1.0,1,6100.0,82907.34,25524.0,14509.0,54422.57,38554.0,7.0,4,45553.0,41732.7,68960.0,3,12,41926.0,384385.56,278207.0,4,18,45932.0,Y,3320.04,current,M,38,MEDIUM,12.600000000000001,3,866.0,1,9.0
7213,1361,10248.0,20562.0,63524.77,9169.45,299.01,15685.17,1885.0,1.0,5,13,3,1,1,393000,1,1,1.0,1,196885.0,234459.4,6100.0,6885.0,58257.96,120319.0,20.0,1,38913.0,5982.6,44105.5,5,5,26.25,139625.75,139366.94,18,104,101204.0,Y,12.82,current,M,28,MEDIUM,4.0,6,805.0,0,17.0
7214,8296,9491.0,11842.88,232.6,3384.46,8094.0,9569.94,13650.3,12.0,42,1,4,3,47,267000,1,1,1.0,1,5045.13,77000.0,3975.0,1079.0,21563.58,85740.0,10.0,3,21588.0,101374.76,189248.0,2,17,25120.0,7564.5,33462.0,41,79,16120.0,Y,2792.93,current,M,60,MEDIUM,40.0,10,537.0,1,14.0
7215,6141,130448.0,590.0,4253.0,1512.32,11296.0,64332.0,38928.0,56.0,29,4,4,6,56,302000,1,1,1.0,1,72937.76,138475.4,3975.0,7478.0,61790.63,14907.0,11.0,5,34710.0,30318.69,188295.53,0,78,410852.0,113362.78,63771.0,9,58,109400.0,Y,2074.63,current,M,60,LOW,8.0,3,700.0,1,12.0
7216,502,204.0,1041.0,12880.0,213004.85,6166.0,35280.0,6170.0,92.0,5,14,20,15,11,293000,1,1,1.0,1,9717.55,15000.0,13873.0,10210.0,58517.51,150830.41,20.0,2,27453.0,181022.5,36589.0,12,4,76924.0,117069.93,70026.0,6,32,665.0,Y,7984.41,current,M,47,MEDIUM,2.7,7,743.0,1,13.0
7217,4364,17577.0,9006.0,355.0,18768.06,2133.79,26350.34,1547.18,25.0,43,10,3,4,47,54000,1,1,1.0,1,720551.4,110135.86,3570.0,12299.0,90919.15,127943.28,2.0,3,39329.0,132398.17,38199.24,11,59,22830.0,22971.0,4228.0,14,1,54409.5,Y,5942.16,current,M,30,LOW,10.0,6,249.0,0,8.0
7218,15800,9917.0,32120.62,3037.0,12042.76,23838.47,4481.05,1873.0,2.0,1,27,19,55,17,524000,1,1,1.0,1,825.0,245000.0,36114.0,20324.0,9010.0,78970.91,20.0,1,46353.0,37313.0,74596.3,31,46,86924.0,17889.5,63771.0,2,103,36800.0,Y,544.31,saving,M,33,MEDIUM,9.1,1,762.0,0,4.0
7219,10709,130528.0,36637.79,736.0,37416.11,4783.08,32906.72,4947.95,531.0,6,117,4,44,64,414000,1,1,1.0,1,16317860.0,330001.0,798.0,6885.0,27703.3,30633.0,94.0,3,96303.0,41393.0,13341.0,2,20,35011.0,32653.62,57337.0,9,11,39647.0,Y,13170.34,current,M,53,MEDIUM,3.3000000000000003,8,922.0,0,11.0
7220,898,10856.0,6767.0,8229.02,5994.14,25572.0,6695.0,1704.0,16.0,6,10,41,9,80,367000,1,1,1.0,1,48675.31,446457.0,155205.0,-4664.0,80603.11,39175.68,4.0,1,12665.0,29225.02,119168.0,3,20,85.55,8635.5,80055.29,5,73,28154.0,Y,5271.01,current,F,56,MEDIUM,25.200000000000003,7,123.0,0,8.0
7221,2742,8973.0,16566.22,2116.0,28874.94,7782.0,8536.21,908.0,4.0,34,4,1,1,25,300000,1,1,1.0,1,13849.4,100934.0,678.0,3421.0,72029.81,60790.81,46.0,4,59921.0,52793.36,26174.0,31,20,44245.0,24133.0,17307.0,3,68,15362.0,Y,4404.42,current,M,56,LOW,28.8,7,535.0,1,17.0
7222,11458,17160.0,22955.19,3444.37,27345.0,9914.19,4620.21,1387.0,6.0,23,50,7,3,8,44000,1,1,1.0,1,192428.25,15395.48,2130.0,-5998.43994,34926.21,57596.33,11.0,55,130332.0,263711.06,190749.0,31,8,35741.0,23325.65,7666.0,6,120,113699.0,Y,35696.73,current,M,30,LOW,5.0,7,355.0,0,3.0
7223,12403,10522.0,8961.47,3091.94,10291.31,211.73,13721.0,2842.0,10.0,9,35,24,6,47,17000,1,1,1.0,1,1146.0,30007.0,130000.0,6916.0,40320.75,50727.0,69.0,4,31068.0,37998.52,301116.04,1,23,26494.0,12240.39,19311.0,21,1,1710.0,Y,1559.3,saving,M,34,HIGH,7.0,8,683.0,1,9.0
7224,19827,337038.0,2770.0,25448.84,605.01,8297.25,46611.72,1088.96,10.0,77,67,1,1,12,466000,1,1,1.0,1,160.2,65174.0,694.0,6885.0,14692.0,740.0,4.0,7,17155.0,173225.51,49484.0,70,81,19356.0,18098.47,37380.0,19,14,20797.0,Y,756.7,current,M,33,LOW,13.0,6,259.0,1,19.0
7225,17841,6340.0,22229.24,2054.0,16700.82,14358.0,4500.0,1421.66,2.0,9,49,8,6,62,44000,1,1,1.0,1,4552.0,157624.24,5797.0,-3506.17993,59141.07,49240.0,4.0,4,34378.0,48612.68,28974.0,1,7,63827.0,40313.5,77747.0,12,75,345000.0,Y,4810.1,current,F,33,LOW,2.6,6,512.0,0,4.0
7226,11283,307287.0,26621.0,3523.77,25586.83,9366.0,21128.97,1537.0,15.0,23,87,42,4,11,272000,1,1,1.0,1,47024.8,195506.79,8417.0,-3053.0,39227.64,108812.0,11.0,3,29640.0,47352.56,59836.69,2,104,13817.0,41082.0,1362.0,9,58,16450.0,Y,34210.82,saving,M,35,LOW,10.5,2,710.0,1,15.0
7227,5608,126405.0,2874.29,2197.7,34313.0,39467.74,12428.0,2339.77,29.0,1,67,2,4,64,256000,1,1,1.0,1,417.0,343342.9,16114.0,3897.0,35924.1,5514.0,32.0,9,50806.0,74249.24,297.0,20,108,100000.0,24103.75,27687.5,21,18,15880.0,Y,2715.34,current,M,53,MEDIUM,16.5,6,683.0,0,9.0
7228,7952,11422.0,25684.0,2826.0,1264.86,1749.0,7203.25,15292.85,10.0,50,84,1,1,75,525000,1,1,1.0,1,140291.6,165970.9,24619.0,903.0,119370.54,20481.0,46.0,2,48465.0,11119.44,41789.0,50,38,38861.0,76960.23,85034.59,3,21,111486.0,Y,731.3,current,M,33,MEDIUM,6.5,9,466.0,0,13.0
7229,1905,35269.0,6476.75,690.01,4335.0,2598.0,7956.0,6041.0,14.0,27,9,21,1,98,337000,1,1,1.0,1,360978.37,100934.0,16114.0,1500.0,76899.87,305978.0,1.0,2,21496.11,98863.45,94382.26,6,8,22650.0,99836.47,80055.29,94,36,242569.0,Y,4800.0,current,M,47,LOW,24.3,4,614.0,1,8.0
7230,9641,5577.0,18390.51,3118.0,1915.45,1146.0,48579.44,15173.75,44.0,30,5,7,14,1,20000,1,1,1.0,1,2.13,86666.06,1143.0,8723.0,55287.5,78329.0,69.0,19,32700.0,3901.0,127498.0,12,20,93054.0,116916.57,19054.0,3,73,18309.0,Y,107.64,current,M,46,MEDIUM,13.0,5,245.0,1,10.0
7231,19414,10967.0,13012.0,997.3,2062.78,4904.0,7685.42,3647.0,4.0,3,61,1,6,47,155000,1,1,1.0,1,168.75,240000.0,300500.0,6885.0,10122.25,43173.38,103.0,36,42002.0,68761.31,22096.0,6,20,40012.0,46918.37,33895.75,49,32,66614.0,Y,3933.62,current,M,42,MEDIUM,11.0,1,247.0,0,9.0
7232,12199,2942.0,7185.0,1944.0,48802.77,10285.0,15202.73,3891.73,44.0,16,59,3,1,29,134000,1,1,1.0,1,568.8,393982.1,16114.0,-5715.49022999999,34701.0,15209.0,11.0,23,97093.0,29530.44,76922.36,2,108,27936.0,42681.02,38152.0,13,50,63170.0,Y,2657.66,current,M,53,MEDIUM,16.5,2,805.0,1,15.0
7233,1755,129618.0,119587.01,7912.0,20907.69,9529.0,17152.91,999.0,6.0,10,14,42,1,81,244000,1,1,1.0,1,306.4,82907.34,678.0,7478.0,3203.25,6828.0,63.0,6,617059.0,42263.1,95102.0,3,18,32344.0,136634.13,18376.0,6,104,41933.0,Y,16131.21,current,M,42,MEDIUM,22.0,8,743.0,1,11.0
7234,11455,18922.0,59105.93,608.0,3565.56,11209.0,5451.0,2402.0,16.0,27,50,1,2,53,147000,1,1,1.0,1,34648.75,257406.7,1633.0,5464.0,47190.39,40243.0,9.0,3,96111.0,388190.96,13474.0,30,8,26645.0,258647.5,46548.0,5,73,22576.48,Y,8185.83,saving,M,56,MEDIUM,28.8,1,914.0,1,9.0
7235,2187,3369.0,4082.25,67801.63,518.67,1767.0,12154.0,1704.0,59.0,18,82,47,44,79,134000,1,1,1.0,1,4140.0,235.17,49975.0,167.0,24174.65,78165.88,89.0,1,42586.0,16372.74,32551.0,2,81,23483.0,42793.0,52068.0,6,103,12299.0,Y,164.13,current,M,64,MEDIUM,35.2,5,958.0,1,11.0
7236,7119,16653.0,69993.96,1401.35,14307.26,4535.0,3087.0,8560.56,57.0,22,50,50,2,17,34000,1,1,1.0,1,8209320.0,180000.0,2158.0,0.0,93973.0,42141.99,72.0,15,56500.0,21283.26,33322.0,2,44,99586.0,46897.51,21050.0,5,32,326.0,Y,4412.02,current,F,33,LOW,6.5,4,503.0,1,19.0
7237,10380,16870.0,5040.36,11805.26,8728.0,733.0,6443.5,12134.27,80.0,22,4,30,3,11,533000,1,1,1.0,1,5688.0,227697.61,4367.0,1079.0,14022.02,231559.0,18.0,2,13822.0,1109.41,179513.0,1,63,17680.0,21114.75,44246.09,94,15,2041.0,Y,9758.48,current,F,30,HIGH,3.0,2,594.0,1,18.0
7238,12796,404080.0,19000.17,6315.95,10257.52,9090.0,14359.355,4216.0,6.0,3,35,1,21,39,39000,1,1,1.0,1,1080.75,10701.0,2158.0,6916.0,25514.33,158666.7,9.0,7,16594.0,18792.51,4237.0,5,5,30543.0,30946.11,19625.0,13,50,68429.0,Y,66.49,current,M,60,MEDIUM,24.0,1,464.0,1,6.0
7239,2104,1434.0,5362.82,18197.05,100554.89,317.78,3760.0,914.33,4.0,10,44,17,55,17,170000,1,1,1.0,1,116122.65,3.0,16215.0,4314.0,419275.64,14507.5,3.0,2,21488.0,137816.7,37573.0,3,20,61485.0,17091.8,98886.0,12,12,204.07,Y,1694.71,saving,M,55,LOW,28.0,9,683.0,0,14.0
7240,8357,16529.0,2417.78,14482.0,13416.87,12119.0,7602.0,3184.0,44.0,6,67,3,18,56,216000,1,1,1.0,1,811000.0,39833.19,25524.0,5464.0,66484.26,20522.0,12.0,1,51370.0,4888.21,40099.5,23,18,216000.0,24803.0,100581.0,117,52,6510.0,Y,12778.23,current,M,42,MEDIUM,2.2,7,867.0,0,4.0
7241,13405,6482.0,8748.39,13361.0,13343.28,2095.5,5669.03,2235.3,1.0,10,35,41,71,4,579000,1,1,1.0,1,123295.4,79828.0,30040.0,0.0,22714.49,6404.0,5.0,2,8711.0,39190.09,3186.0,1,67,20767.0,44213.0,44777.0,6,103,42500.0,Y,9074.33,current,F,34,MEDIUM,4.2,1,445.0,0,3.0
7242,2522,2942.0,7390.02,3549.0,61016.0,833.0,3931.4,1045.0,2.0,23,35,2,31,1,345000,1,1,1.0,1,249060.0,992890.32,536.0,167.0,25353.92,27488.5,8.0,3,105980.0,8914.0,43568.0,6,23,26367.0,133976.38,24243.0,49,83,14678.0,Y,3944.71,saving,M,29,MEDIUM,3.6,5,363.0,1,16.0
7243,12859,19539.0,18870.93,5886.0,3237.0,37338.0,19554.52,3582.0,6.0,16,117,24,44,16,400000,1,1,1.0,1,89908.8,385218.7,2214.0,5439.0,87480.66,76790.5,11.0,3,125303.0,63065.25,32175.0,2,5,25717.0,104279.88,23145.0,47,106,39834.0,Y,1893.93,current,M,222,MEDIUM,141.4,5,743.0,1,9.0
7244,2422,14599.0,5060.5,1547.0,3970.5,7382.0,8134.0,8369.0,12.0,22,27,8,3,1,17000,1,1,1.0,1,419327.23,152664.0,15477.0,2921.0,54935.49,30949.5,23.0,23,16018.0,128451.15,230836.01,70,13,17445.0,113067.68,96189.0,13,78,28601.0,Y,157951.88,current,F,28,MEDIUM,7.2,10,683.0,1,12.0
7245,9854,1763.0,885.0,14825.95,1964.5,11974.77,1796.04,11215.0,24.0,10,9,5,1,17,784000,1,1,1.0,1,327324.9,43397.0,30011.0,-6885.0,33652.44,30127.0,10.0,1,46097.0,29522.83,50879.0,2,8,35803.0,205576.98,12209.0,47,54,29400.0,Y,7242.44,current,M,60,MEDIUM,36.0,2,536.0,1,9.0
7246,8650,343379.0,7903.78,20743.0,42009.0,3773.0,18447.5,5959.0,136.0,8,30,4,6,8,528000,1,1,1.0,1,1053411.2,1024477.47,6100.0,4063.0,46851.2,66026.0,35.0,3,32835.0,189938.76,61250.0,3,5,32971.0,41506.21,163574.75,1,22,26106.0,Y,1908.13,current,M,55,LOW,24.5,9,710.0,1,4.0
7247,19917,39447.0,194511.74,12643.0,1931.81,7979.1,1985.775,4869.0,8.0,3,16,8,1,13,326000,1,1,1.0,1,34249.0,186474.96,12016.0,3560.0,9115.06,82467.51,84.0,3,33747.0,29724.76,89082.0,31,49,42438.0,67528.33,18092.0,2,3,37772.0,Y,4598.38,saving,M,56,MEDIUM,36.0,1,243.0,0,16.0
7248,10691,8641.0,6708.11,1728.49,2116.76,1156.9,26457.0,1295.0,2.0,34,59,10,2,79,125000,1,1,1.0,1,61186.36,462000.0,519.0,5439.0,25705.66,389429.0,42.0,1,37478.0,81679.3,42819.0,3,77,71630.0,45132.32,64079.0,3,80,24257.0,Y,972.0,current,M,37,HIGH,17.0,4,516.0,0,2.0
7249,15866,806.0,40995.0,9277.44,6243.92,89589.0,5055.48,3501.5,14.0,34,50,42,5,2,26000,1,1,1.0,1,2100.0,191000.0,12000.0,6885.0,5768.27,60708.0,62.0,6,18503.0,70061.87,70021.74,2,38,290554.33,16626.48,25366.0,3,18,20782.0,Y,2794.41,current,M,66,MEDIUM,9.200000000000001,10,653.0,0,18.0
7250,8304,19617.0,922.0,6766.0,17360.67,5241.05,8281.42,1287.0,4.0,5,74,3,28,2,406000,1,1,1.0,1,161704.0,470000.0,30011.0,553.0,26803.0,6027.0,12.0,2,18807.0,32955.25,39230.5,30,2,40700.0,210282.51,152934.0,14,18,19086.0,Y,2505.43,current,M,55,LOW,17.5,6,737.0,1,6.0
7251,12723,9307.0,9936.7,157.0,1941.32,5467.0,6675.47,14791.0,1.0,10,50,1,12,81,19000,1,1,1.0,1,15772650.74,48087.25,550.0,1500.0,49023.89,70206.0,77.0,1,75408.0,44637.6,192786.0,5,29,66000.0,30079.79,517.0,5,3,20001.0,Y,1741.94,current,F,31,LOW,2.2,9,249.0,1,2.0
7252,6060,14116.0,1301.39,2706.0,2392.985,2047.0,7150.0,3102.0,53.0,66,64,42,4,8,46000,1,1,1.0,1,151000.0,470000.0,13873.0,20513.0,27587.37,124816.0,11.0,31,24961.0,15637.08,35941.0,2,11,270456.0,82018.11,93108.0,42,83,16634.0,Y,4461.73,saving,M,33,MEDIUM,2.6,9,370.0,1,14.0
7253,6348,18338.0,16191.35,9347.94,1589.0,5312.0,3841.0,200112.0,26.0,5,13,22,3,1,533000,1,1,1.0,1,75240.45,78050.0,711.0,0.0,18343.95,90158.0,91.0,4,33117.0,55709.92,53236.0,45,8,12313.0,67528.33,36335.0,2,106,104556.0,Y,9376.39,current,M,55,LOW,10.5,4,863.0,1,7.0
7254,7389,15139.0,3880.28,650.0,4427.63,11733.7,3885.14,10942.0,19.0,29,10,3,27,20,27000,1,1,1.0,1,67833.35,861640.54,73217.0,977.0,421.14,28349.0,17.0,13,100549.47,312874.02,176979.0,1,8,49404.96,87578.31,570.0,3,12,53589.0,Y,12608.0,current,M,53,MEDIUM,16.5,3,446.0,0,15.0
7255,16155,12129.0,1323.41,285.0,1460.0,4942.05,1517.0,1986.72,44.0,17,23,47,2,8,112000,1,1,1.0,1,229435.05,132324.01,50000.0,9415.0,40841.7,156975.0,11.0,5,36072.0,89847.39,35792.0,2,2,26561.0,86067.52,72191.0,9,18,15088.0,Y,88797.52,current,M,46,LOW,15.600000000000001,10,683.0,1,16.0
7256,14211,6178.0,1737.0,3643.44,41477.95,10309.0,264.69,3446.0,19.0,3,1,6,2,68,156000,1,1,1.0,1,827.31,10701.0,4000.0,5730.0,21701.6,63543.0,62.0,1,36131.0,76060.07,32682.0,31,13,77057.0,16994.0,51750.0,22,9,18431.0,Y,1912.96,saving,M,30,LOW,3.0,6,723.0,0,18.0
7257,18923,6873.0,13309.26,3172.0,10998.72,3037.88,6593.12,29798.0,136.0,2,67,50,15,3,139999,1,1,1.0,1,1359.3,122000.0,536.0,1332.0,45633.99,1129.0,69.0,1,28680.0,18776.0,112113.0,1,82,97267.0,25792.52,76535.0,4,100,19350.0,Y,25289.21,current,M,60,LOW,40.0,4,886.0,1,6.0
7258,13940,8469.0,19887.0,3602.82,7806.7,9894.96,12627.13,8806.0,3.0,18,29,3,11,8,49999,1,1,1.0,1,48796.45,20000.0,12560.0,8572.0,117864.02,38742.0,46.0,2,17662.0,26508.98,100126.0,1,67,17633.0,13308.0,44035.0,2,58,185979.0,Y,4162.37,current,M,60,MEDIUM,8.0,2,805.0,1,13.0
7259,17141,6135.0,3409.75,26889.0,9064.51,943.0,8692.0,1358.0,14.0,18,1,24,3,30,44000,1,1,1.0,1,10006.2,237365.38,3850.0,6916.0,113837.53,39221.5,3.0,4,11674.0,37650.02,57535.0,4,4,98066.0,26303.0,618919.0,8,21,38000.0,Y,6294.48,current,M,66,HIGH,32.2,10,537.0,0,9.0
7260,10822,19531.0,10288.1,9673.14,6372.14,5047.0,1223.12,3667.0,12.0,10,44,24,3,14,373000,1,1,1.0,1,94127.1,64309.52,2214.0,-5715.49022999999,54513.13,24597.0,43.0,13,85070.0,22639.0,67926.0,2,4,15290.0,23423.0,77111.73,16,83,11740.0,Y,600.98,current,F,32,LOW,9.600000000000001,3,743.0,1,4.0
7261,3050,126960.0,1431.34,35632.2,5435.07,42546.75,15798.0,4874.0,7.0,9,29,3,25,4,326000,1,1,1.0,1,28844.0,182359.2,43798.0,12299.0,26437.36,106976.0,39.0,4,52384.0,11573.0,338101.0,2,75,27936.0,135884.73,45879.36,21,37,42289.0,Y,2200.59,current,M,53,MEDIUM,3.3000000000000003,9,638.0,0,6.0
7262,14230,11838.0,4525.9,2401.56,1334.0,101.0,8542.0,3498.0,10.0,32,13,1,6,56,97000,1,1,1.0,1,48675.31,376694.91,105000.0,0.0,42753.53,70352.0,42.0,5,18005.0,5466.26,169313.91,17,26,13675.0,21766.63,127.0,21,1,89746.0,Y,2965.12,current,M,35,MEDIUM,4.5,4,805.0,1,10.0
7263,18099,6648.0,5492.0,1957.0,2055.5,4470.32,10480.0,4630.0,1.0,5,35,15,9,12,576000,1,1,1.0,1,33664.3,16000.0,711.0,2921.0,14074.0,22185.0,67.0,26,85254.0,20220.0,22572.0,0,81,17680.0,38951.46,70020.0,21,18,83890.0,Y,1038.06,current,M,53,LOW,3.3000000000000003,5,867.0,0,15.0
7264,12533,233606.0,125791.56,4988.34,4788.0,2448.86,3753.0,13049.0,6.0,3,23,8,1,4,233000,1,1,1.0,1,44331.81,138732.3,16215.0,5439.0,130362.64,23577.0,11.0,3,17322.0,206734.37,54049.0,2,171,31157.0,18658.02,84070.0,94,106,12158.0,Y,2796.22,current,M,40,MEDIUM,6.0,1,928.0,1,9.0
7265,9456,6709.0,323.0,5263.0,7529.0,1859.0,13795.435,4947.95,7.0,83,13,60,12,47,116000,1,1,1.0,1,1910215.0,52985.43,4367.0,19765.0,184894.4,107956.78,55.0,36,25921.0,17590.7,80123.0,0,69,19180.0,19366.0,87923.83,6,27,180827.0,Y,88.43,current,M,37,MEDIUM,15.3,6,686.0,1,11.0
7266,16684,8631.0,44204.03,10091.23,19812.24,9339.0,2845.0,1955.52,29.0,18,16,48,60,55,408000,1,1,1.0,1,55.2,234459.4,655.0,1954.0,46819.92,30139.0,9.0,0,26725.0,34000.37,22553.5,45,82,24828.0,57895.31,41662.36,4,24,126115.0,Y,8463.59,current,M,35,HIGH,13.5,8,245.0,1,6.0
7267,7717,7018.0,17488.99,481.5,17782.0,592.68,11365.105,5370.2,1.0,10,44,1,9,4,337000,1,1,1.0,1,47.35,482147.0,3850.0,7478.0,44488.97,133533.46,29.0,2,32800.0,61608.92,256949.1,7,44,20942.0,33434.65,59798.0,5,73,13757.0,Y,3024.85,saving,M,32,HIGH,4.800000000000001,5,656.0,1,9.0
7268,9020,18589.0,25893.28,4359.35,26088.83,152.1,677.0,18766.0,8.0,26,67,21,7,1,124000,1,1,1.0,1,3101.3,36880.0,248000.0,5340.0,33778.82,71084.0,90.0,3,35814.0,14362.0,14363.0,43,9,65590.0,7048.68,20230.0,4,12,113862.0,Y,10165.74,saving,M,37,MEDIUM,1.7000000000000002,7,606.0,1,14.0
7269,16017,7097.0,13459.2,14550.0,29653.89,5224.0,497.0,397.88,26.0,10,35,2,48,79,100000,1,1,1.0,1,55700.0,545000.0,5981.0,4314.0,16836.14,17567.0,5.0,3,7508.0,64775.02,5074.0,3,29,53211.0,41652.54,3525.0,42,79,32891.0,Y,11665.56,current,M,34,MEDIUM,5.6000000000000005,10,855.0,1,15.0
7270,4691,5717.0,20733.0,1845.0,16251.37,4266.0,36671.0,1632.0,8.0,8,89,1,6,11,595000,1,1,1.0,1,960000.0,200015.58,6966.0,5773.0,24123.23,154398.22,42.0,26,24716.0,47072.02,36675.0,3,8,30635.0,102132.58,82123.94,2,72,36576.0,Y,1215.0,current,M,63,MEDIUM,34.4,9,883.0,1,5.0
7271,8272,8570.0,27109.0,562.0,16849.71,597.0,1950.24,1016.0,6.0,3,73,1,1,21,352000,1,1,1.0,1,50550.5,32000.0,4699.0,19765.0,13713.48,32467.0,18.0,36,42386.0,20461.0,44478.0,9,20,21719.0,40347.0,24456.41,94,63,75980.0,Y,46719.19,current,M,53,LOW,23.1,4,331.0,0,16.0
7272,1604,8775.0,8217.92,1390.9,6496.24,6818.58,6803.045,3863.0,44.0,56,16,4,9,4,195000,1,1,1.0,1,3101.3,245000.0,100000.0,0.0,23639.5,35007.0,4.0,1,28069.0,156305.06,33074.0,2,27,37026.0,28636.42,62064.0,10,113,28752.5,Y,9925.36,saving,M,34,MEDIUM,12.600000000000001,9,801.0,1,7.0
7273,10873,8319.0,180699.67,6129.78,5855.06,8772.63,2188.0,745.0,124.0,37,20,3,3,47,69000,1,1,1.0,1,1895.04,90829.65,768.0,14509.0,9278.13,25145.09,5.0,1,7869.0,36703.0,76912.52,2,23,36940.0,14175.33,31113.13,1,6,38649.0,Y,103565.55,current,M,28,MEDIUM,4.0,9,750.0,0,18.0
7274,18568,13594.0,1122.0,3503.05,111315.98,6598.15,1281.56,1967.0,531.0,30,4,50,16,44,139000,1,1,1.0,1,1220.0,82907.34,23500.0,0.0,258423.75,303096.0,42.0,4,156535.0,44084.08,105836.26,9,7,41800.0,32233.54,35632.0,6,12,22419.0,Y,45.27,saving,F,30,MEDIUM,7.0,6,503.0,1,13.0
7275,7180,600.0,10637.5,4667.0,32407.28,37591.0,14123.3,5263.0,6.0,6,44,1,25,9,471000,1,1,1.0,1,568.8,6574.31,100000.0,-5998.43994,63113.53,127943.28,42.0,2,56464.0,80447.45,26033.0,19,8,85562.0,25188.75,289.0,62,58,19697.0,Y,1570.29,saving,M,35,LOW,12.0,6,369.0,1,5.0
7276,12214,17613.0,37771.98,788.0,3251.0,1251.11,1711.0,188.5,2.0,19,87,42,11,64,599000,1,1,1.0,1,22086.05,20098.0,3975.0,2351.0,70874.75,22655.0,35.0,7,26179.0,252860.45,100103.0,6,108,20007.0,2259.0,243183.0,3,50,428.0,Y,9925.36,current,M,33,MEDIUM,5.2,3,713.0,0,6.0
7277,2657,10484.0,20650.89,3734.0,18599.0,182.0,963.0,3390.0,63.0,71,9,25,4,20,395000,1,1,1.0,1,14781.5,16583.84,925.0,1332.0,46847.76,272387.6,6.0,2,23597.0,164586.93,23539.37,9,12,16964.0,20901.59,80360.0,4,18,37772.0,Y,11844.43,current,M,44,MEDIUM,4.800000000000001,2,771.0,1,16.0
7278,17500,7531.0,555.0,3897.5,67928.56,124.0,8186.0,10250.0,24.0,36,1,50,9,81,293000,1,1,1.0,1,140790.0,399.09,766.0,14509.0,14692.0,70977.5,79.0,15,66474.0,31623.49,11989.0,47,44,14220.0,51315.73,33150.0,7,15,14150.0,Y,4048.66,current,M,35,MEDIUM,4.5,10,684.0,0,8.0
7279,19832,19048.0,47211.41,5114.2,2899.0,16738.51,1108.0,233384.0,2.0,8,23,57,2,47,564000,1,1,1.0,1,89908.8,399.09,3792.0,19765.0,42156.86,9969.14,79.0,2,33868.07,16184.0,41163.36,1,17,5010.0,242622.19,27741.0,2,63,60305.0,Y,2283.68,current,M,42,MEDIUM,22.0,9,464.0,1,6.0
7280,148,18766.0,41061.0,2846.6,14370.79,5784.0,11098.4,1361.0,2.0,18,67,2,25,42,68250,1,1,1.0,1,2100.0,375000.0,5979.0,977.0,6601.0,88665.63,32.0,31,15501.0,18997.9,67420.0,23,9,36165.0,28856.0,31895.38,3,58,19850.0,Y,4663.85,current,M,223,MEDIUM,60.900000000000006,10,424.0,1,13.0
7281,18005,19187.0,11214.92,14606.34,29954.0,11296.0,10338.26,12888.76,5.0,1,14,3,5,4,390000,1,1,1.0,1,1053411.2,385218.7,155205.0,12174.0,6197.07,15614.0,3.0,3,286565.0,44040.59,133707.0,43,13,30098.0,103584.25,19604.0,3,32,62396.0,Y,2258.7,saving,M,37,MEDIUM,15.3,1,710.0,1,7.0
7282,18172,183853.0,5620.31,703.0,8372.0,2598.0,13678.515,5400.0,1.0,26,27,7,8,81,75000,1,1,1.0,1,47.45,33668.0,300500.0,19453.0,50782.08,84898.59,67.0,36,76979.0,22768.67,48616.4,3,75,49650.0,188914.59,92911.0,5,18,19339.0,Y,2135.68,current,M,53,MEDIUM,16.5,8,656.0,0,6.0
7283,7665,4593.0,17625.98,6615.0,4205.93,4435.92,6246.5,8369.0,2.0,9,35,24,15,47,574000,1,1,1.0,1,88.0,77000.0,48500.0,4795.0,69140.1,77569.0,67.0,30,20951.0,190374.25,80677.0,5,171,1700.0,75305.3,36845.0,2,58,67064.0,Y,19481.55,saving,M,62,LOW,25.200000000000003,7,448.0,0,3.0
7284,18061,305253.0,26411.63,2448.0,379.4,3939.0,2304.5,2894.0,63.0,50,61,2,1,79,326250,1,1,1.0,1,166331.66,2436.91,731.0,4512.0,22897.41,5202.0,16.0,4,44925.0,48946.0,252204.0,5,6,126424.0,78939.4,54893.5,7,79,15543.0,Y,12190.88,current,F,222,MEDIUM,60.6,7,656.0,1,4.0
7285,5320,5932.0,8103.2,128.5,22004.64,10455.88,6501.08,2288.0,6.0,8,13,1,55,1,371000,1,1,1.0,1,1500.0,64215.6,3975.0,-4664.0,185715.45,67422.69,39.0,13,80491.0,4158.75,71502.0,4,44,27880.0,29992.96,50415.25,117,54,58472.0,Y,56.78,current,M,33,MEDIUM,5.2,2,254.0,1,10.0
7286,6380,18696.0,66375.81,1634.0,2831.0,13847.0,9902.58,501.24,17.0,46,7,42,17,1,152000,1,1,1.0,1,39851.93,3.0,5591.0,-4664.0,18638.77,32835.0,18.0,3,47362.0,23634.5,35203.0,10,20,21992.0,34562.44,56859.5,4,22,23359.0,Y,2661.69,current,M,66,LOW,36.800000000000004,10,575.0,1,10.0
7287,9644,18216.0,9428.26,5431.86,5932.32,3838.0,9524.1,4619.0,6.0,10,50,8,2,34,461000,1,1,1.0,1,1146.0,54243.0,51520.0,-4679.0,41425.25,47653.0,52.0,0,54263.0,33557.1,41041.0,6,82,49211.0,94401.6,29246.0,3,24,20274.0,Y,82111.83,saving,M,33,MEDIUM,13.0,2,750.0,1,4.0
7288,3278,335975.0,14351.79,19348.0,16382.59,364.0,14292.15,2900.0,44.0,23,5,1,60,26,141000,1,1,1.0,1,39851.93,157000.0,5797.0,12415.0,134136.0,290.47,67.0,36,110185.0,69831.35,59337.0,9,20,325000.0,12935.0,40259.5,6,18,64626.0,Y,13183.12,current,M,55,MEDIUM,10.5,7,805.0,1,3.0
7289,14256,302294.0,1312.92,3860.45,4497.0,1149.84,11993.25,2189.0,31.0,37,30,22,2,6,276000,1,1,1.0,1,237823.88,172131.0,300500.0,173.0,1345707.63,27541.0,24.0,2,47077.0,487.72,24587.0,10,12,36725.0,181184.37,32033.0,11,113,20311.0,Y,2474.83,current,M,223,LOW,182.70000000000002,9,485.0,1,2.0
7290,17333,8527.0,28154.38,1136.55,52412.23,1160.06,7315.52,6586.0,8.0,3,13,8,36,67,327000,1,1,1.0,1,192478.0,1187335.5,12000.0,5730.0,16173.71,154032.98,84.0,26,13647.0,65455.44,309297.9,45,18,41198.0,49704.28,28587.0,58,26,48122.0,Y,1521.65,current,F,33,MEDIUM,6.5,6,860.0,0,7.0
7291,7899,83940.0,4747.05,64804.0,6307.3,12978.38,24934.0,4772.0,52.0,46,11,42,15,1,271000,1,1,1.0,1,153410.0,15375.23,6100.0,-3506.17993,69060.01,4690.0,59.0,35,55412.0,75641.85,103488.0,6,86,13521.0,59500.9,69760.0,3,12,26083.0,Y,1158.44,current,M,31,MEDIUM,3.3000000000000003,10,372.0,1,10.0
7292,19048,318077.0,3504.32,4884.52,2703.47,3155.32,485.0,8683.0,12.0,26,87,1,2,29,100000,1,1,1.0,1,7300.0,11982.0,36114.0,7984.0,96217.35,96150.0,87.0,5,20546.0,24266.85,27720.0,2,4,12712.0,89728.39,99824.0,21,104,22581.0,Y,10378.8,current,M,47,MEDIUM,2.7,8,355.0,0,5.0
7293,7833,298176.0,8233.35,3822.0,8794.65,2218.73,6305.0,14864.17,5.0,23,16,30,1,70,403000,1,1,1.0,1,1488748.8,142608.5,4198.0,-5998.43994,46376.0,28501.0,42.0,4,65357.0,27784.15,67022.0,9,108,22500.0,128107.74,35204.0,58,50,9936.97,Y,33874.7,current,M,60,MEDIUM,12.0,2,814.0,1,9.0
7294,18946,14944.0,22319.75,1360.77,38776.4,5047.0,872.0,5229.0,4.0,23,87,3,27,3,170000,1,1,1.0,1,4.5,267421.4,851.0,4856.0,17795.66,86860.0,46.0,6,64480.0,35546.24,42269.0,3,18,17454.0,18658.02,101145.5,36,12,77470.0,Y,34602.38,current,M,50,MEDIUM,3.0,4,233.0,0,18.0
7295,11276,4296.0,7487.46,4008.51,11409.0,3985.54,20250.0,772.82,136.0,77,7,7,2,29,125000,1,1,1.0,1,76780.0,32000.0,5412.0,-12179.0,14717.75,41648.0,23.0,1,25413.0,29714.66,25865.57,2,63,33750.0,61461.46,100824.76,3,96,18514.0,Y,471.77,current,F,55,MEDIUM,17.5,5,511.0,1,16.0
7296,2700,9749.0,25357.17,5489.44,8609.8,894.8,5321.0,622.59,2.0,83,74,30,6,47,46000,1,1,1.0,1,54453.8,470000.0,768.0,-4324.0,23135.25,110505.38,4.0,30,11329.0,153501.88,47385.0,2,8,23537.93,164322.27,31045.0,5,113,34220.0,Y,1822.2,current,M,62,MEDIUM,37.800000000000004,7,539.0,1,4.0
7297,18276,9822.0,15431.0,2232.0,21065.13,2151.0,16637.43,6169.0,4.0,37,44,15,62,8,581000,1,1,1.0,1,9649.6,185097.6,4367.0,886.0,52863.0,78969.62,42.0,5,68721.0,15554.22,27750.0,4,70,29941.0,27506.26,21306.0,36,32,31525.0,Y,3447.9,current,M,47,MEDIUM,8.1,3,860.0,1,19.0
7298,4352,17642.0,14616.95,6972.0,1421.74,5597.0,418.0,88567.97,17.0,5,50,44,12,70,423000,1,1,1.0,1,32951.25,470000.0,33774.0,24326.0,25796.06,315481.44,22.0,1,13952.0,68674.34,36871.0,43,82,17754.0,16086.0,48135.0,12,21,23281.0,Y,10987.61,current,M,37,LOW,8.5,9,256.0,1,14.0
7299,2602,12275.0,1146.0,1042.0,22717.23,3787.75,4089.39,3142.0,19.0,84,18,44,12,47,20000,1,1,1.0,1,75240.45,118976.0,78309.0,1411.0,57319.58,122787.0,35.0,14,16498.0,46950.59,14595.0,31,5,63302.0,23630.01,22860.0,1,9,40377.0,Y,8255.71,current,M,66,MEDIUM,27.6,5,385.0,0,11.0
7300,1932,4078.0,15180.89,446.0,33690.33,10945.09,5822.3,117.0,19.0,18,30,50,6,13,263000,1,1,1.0,1,154363.25,300000.0,8060.0,6885.0,26229.25,665223.0,16.0,19,34505.0,51246.27,22719.0,6,8,39334.09,47125.23,39232.0,2,64,13040.0,Y,22289.04,current,M,58,MEDIUM,19.0,3,866.0,1,12.0
7301,3668,2601.0,13155.0,12152.84,13846.26,4628.47,5862.0,21126.0,28.0,99,4,60,4,79,329000,1,1,1.0,1,139323.25,87578.0,155205.0,-5715.49022999999,21169.98,4735.0,77.0,3,34199.0,136899.75,24587.0,4,50,123554.0,58725.14,36890.0,36,27,29412.0,Y,1858.03,current,M,34,MEDIUM,9.8,3,258.0,1,13.0
7302,15860,92265.0,4946.5,286.0,31677.17,1790.0,8428.0,2629.84,2.0,14,30,44,5,37,31000,1,1,1.0,1,3006385.0,110135.86,13873.0,10210.0,29466.25,46077.0,12.0,7,14276.0,24919.86,29317.0,2,18,63627.0,58958.4,18021.0,7,50,62979.0,Y,5168.64,saving,M,53,LOW,3.3000000000000003,1,750.0,1,16.0
7303,13182,19914.0,4905.3,1703.0,12736.85,425.0,15359.15,1994.32,67.0,99,4,42,44,16,70000,1,1,1.0,1,22086.05,148150.33,4895.0,-5998.43994,64467.81,106050.0,42.0,1,60924.0,24241.12,33720.0,9,38,12451.0,137808.0,35817.02,40,50,26317.0,Y,304.23,current,M,38,LOW,9.0,4,805.0,0,11.0
7304,14266,102519.0,3623.2,3899.0,2236.0,1962.08,9061.955,3328.34,3.0,128,29,1,2,5,429000,1,1,1.0,1,48624.7,238000.0,98472.0,5439.0,60214.58,25689.5,11.0,0,26350.0,12142.0,209618.0,3,70,78089.0,37478.91,87361.65,94,50,315.0,Y,6559.11,current,M,64,HIGH,8.8,6,536.0,1,10.0
7305,18120,17177.0,3519.0,1173.0,15263.78,6036.89,565.52,10542.0,8.0,30,60,10,2,12,102000,1,1,1.0,1,65977430.0,2625.16,38599.0,1411.0,9138.95,63696.0,29.0,1,23815.0,44479.01,93786.0,31,8,38453.0,94027.87,49552.52,9,1,19986.0,Y,4925.97,current,M,47,LOW,2.7,3,244.0,1,3.0
7306,12774,17216.0,12589.98,1334.02,14862.19,6383.0,51737.0,2756.02,4.0,1,10,10,11,79,307000,1,1,1.0,1,48422.7,45000.0,57899.0,-6281.37987999999,170157.86,159230.43,43.0,33,30192.0,23594.33,392358.81,0,20,35604.0,115936.76,127756.0,4,18,126970.0,Y,6540.52,current,M,62,LOW,12.600000000000001,3,708.0,0,4.0
7307,12527,7633.0,2935.5,17124.89,3947.98,4512.85,40269.08,6586.0,7.0,23,50,24,9,1,450000,1,1,1.0,1,825.0,470000.0,4699.0,553.0,54265.15,30622.0,67.0,4,33273.0,201232.32,190600.0,5,36,26645.0,23197.5,538325.0,12,13,91126.97,Y,1446.07,saving,M,28,MEDIUM,5.6000000000000005,6,626.0,1,13.0
7308,262,293651.0,56060.42,6234.0,7697.48,887.33,2045.46,6707.91,100.0,26,4,8,37,1,17000,1,1,1.0,1,24129.0,98110.0,36000.0,6885.0,57758.25,548358.38,52.0,5,11980.0,90551.02,566676.24,2,20,43000.0,89572.49,12507.0,21,0,18966.0,Y,4140.41,current,M,40,MEDIUM,14.0,4,805.0,0,6.0
7309,497,1605.0,5187.83,1344.92,2689.5,2404.04,1472.0,1767.0,53.0,34,84,4,38,4,337000,1,1,1.0,1,328504.5,40000.0,48950.0,0.0,67343.23,178689.0,84.0,35,20683.0,101915.15,57535.0,3,13,58036.0,80983.17,38862.0,9,13,20712.0,Y,3708.78,current,M,55,LOW,17.5,4,268.0,1,17.0
7310,14442,5014.0,7862.43,28534.79,1736.88,5507.0,798.53,658.0,24.0,85,4,42,55,81,595000,1,1,1.0,1,51291.45,31730.49,25524.0,7478.0,65040.56,76490.5,95.0,2,24193.0,13990.02,22503.87,0,108,36426.0,14409.5,13458.0,2,63,29739.0,Y,3312.46,current,M,30,HIGH,7.0,7,274.0,1,12.0
7311,10597,326919.0,2540.35,996.6,22282.0,2754.0,391.28,4684.13,12.0,5,35,60,16,3,255000,1,1,1.0,1,31454.1,500358.79,12337.0,8723.0,26571.61,25963.0,7.0,7,36300.0,36143.45,262260.0,70,20,39628.0,178182.5,48693.0,5,58,26642.0,Y,25364.25,current,M,30,MEDIUM,1.0,6,464.0,1,6.0
7312,5601,17056.0,10178.0,3926.0,40754.94,9404.63,2114.3,2647.42,6.0,19,4,4,1,1,375000,1,1,1.0,1,298492.0,152391.0,1209.0,1500.0,20108.35,149412.0,46.0,0,25677.0,89847.39,340735.33,43,8,19247.0,78939.4,46393.0,10,133,75270.0,Y,11781.3,current,M,67,MEDIUM,42.300000000000004,6,516.0,0,12.0
7313,1060,16485.0,6757.0,6890.42,1248.17,10309.0,1766.095,2638.0,53.0,10,6,3,1,54,50900,1,1,1.0,1,23669.0,142608.5,1266.0,3735.0,17736.25,216770.95,52.0,13,19575.0,4678.0,12339.0,2,16,105000.0,15145.0,96075.0,6,1,241979.0,Y,2003.87,current,M,44,MEDIUM,9.600000000000001,10,710.0,1,9.0
7314,118,12974.0,3183.0,2841.0,16409.5,4797.0,6518.085,3667.0,14.0,17,46,39,2,5,512000,1,1,1.0,1,204585.76,74599.9,711.0,0.0,43451.25,6097.0,42.0,35,60227.0,79076.0,65116.0,35,20,62040.0,168971.0,92799.0,7,76,83.0,Y,2826.41,saving,M,32,MEDIUM,2.4000000000000004,7,683.0,0,5.0
7315,1552,1364.0,15028.43,2631.56,3553.0,4724.0,2188.0,1534.0,44.0,8,20,62,5,2,263000,1,1,1.0,1,87526.1,5241.0,678.0,1507.0,50258.88,45871.72,89.0,2,16218.0,22351.0,90847.0,8,70,2838.0,60396.09,23225.0,2,80,123997.0,Y,906.2,saving,M,28,MEDIUM,4.0,10,737.0,1,16.0
7316,19239,164996.0,7308.805,3816.71,9848.62,713.83,2748.21,290.0,6.0,11,74,15,1,80,471000,1,1,1.0,1,825.0,38928.0,12016.0,-6885.0,29541.44,23005.0,17.0,6,28709.0,28959.54,148414.82,1,20,14413.0,43638.33,28649.0,3,79,26304.0,Y,3180.51,current,M,120,MEDIUM,70.0,8,523.0,1,10.0
7317,6863,18953.0,30561.42,177.0,7242.0,9954.0,14904.735,6770.1,50.0,2,74,3,2,79,381000,1,1,1.0,1,116122.65,110135.86,3570.0,6613.0,30031.06,20179.0,41.0,3,30142.0,202441.75,56409.5,5,108,35694.0,77549.32,108714.0,2,3,15514.0,Y,10379.77,current,M,33,MEDIUM,11.700000000000001,3,503.0,1,4.0
7318,15818,10537.0,5520.06,554.0,28688.5,248.9,16994.5,1873.0,3.0,10,2,47,2,8,306000,1,1,1.0,1,11878.6,87578.0,24619.0,-5942.0,25928.69,42205.0,59.0,7,133041.0,36066.9,1673.79,1,24,13599.0,39359.0,91406.0,49,73,38651.0,Y,422.1,current,F,53,LOW,9.9,6,523.0,1,3.0
7319,16319,5246.0,4977.71,2239.4,9106.52,465.86,33490.0,1502.59,26.0,30,6,23,18,47,520000,1,1,1.0,1,40681.6,11772.76,20887.0,1411.0,21857.83,194181.0,2.0,0,35328.0,16708.25,211025.0,8,108,30467.0,23571.61,40271.0,7,11,50918.0,Y,1040.5,saving,M,32,MEDIUM,3.6,10,366.0,0,16.0
7320,1020,20245.0,4672.61,3236.16,15583.75,4221.0,7342.0,956.0,5.0,99,4,2,21,1,84000,1,1,1.0,1,24832.0,128314.74,462.0,12174.0,69034.2,28428.23,18.0,4,19047.0,36585.72,51692.0,70,29,18626.0,21680.0,54671.0,2,58,19818.0,Y,5847.93,current,F,32,MEDIUM,10.8,1,536.0,1,12.0
7321,1062,19573.0,47211.61,1980.0,8839.24,1810.02,4744.855,9294.0,10.0,93,5,3,3,81,138000,1,1,1.0,1,126303.7,3.0,20887.0,3897.0,20303.1,10325.0,39.0,5,26852.0,82783.71,7110.0,3,59,21095.0,9946.14,127061.39,3,38,8.0,Y,19103.42,current,M,46,MEDIUM,18.2,4,330.0,0,14.0
7322,15061,332973.0,2208.255,18730.92,85730.73,9046.02,669.5,74.0,57.0,26,60,18,36,77,403000,1,1,1.0,1,5809.2,15000.0,3000.0,-4664.0,1599.25,12159.7,24.0,35,15178.0,9439.34,72190.0,43,14,379628.0,37182.0,36097.0,3,32,109400.0,Y,8410.23,current,M,38,LOW,3.6,9,818.0,1,20.0
7323,8854,13365.0,27311.55,73260.0,62460.0,887.33,11075.0,3928.0,3.0,47,5,42,12,4,568000,1,1,1.0,1,52209.5,186474.96,50000.0,20513.0,66542.75,98164.57,8.0,19,45553.0,59640.12,28434.36,4,20,65283.0,47391.34,31520.0,13,67,60117.0,Y,1928.01,current,M,35,MEDIUM,3.0,9,254.0,0,5.0
7324,6857,292317.0,35312.0,4446.2,26428.0,1662.76,8534.0,9812.0,44.0,2,50,2,31,16,16000,1,1,1.0,1,259573.3,68663.61,583.0,14509.0,93668.15,21942.0,11.0,26,32451.0,33304.02,285007.62,2,7,30754.0,39163.5,90798.0,4,80,31930.0,Y,5935.83,current,M,46,MEDIUM,15.600000000000001,4,743.0,1,17.0
7325,5944,2136.0,8345.0,20337.08,21514.27,1509.0,2652.41,1015.0,14.0,31,10,47,1,9,199999,1,1,1.0,1,456.1,117890.0,610000.0,1444.0,59644.0,120609.0,11.0,1,42586.0,43172.27,101343.0,1,81,20630.0,26914.14,128776.1,2,11,65731.85,Y,10245.86,current,M,62,LOW,42.0,6,354.0,0,11.0
7326,19125,8998.0,12426.91,3009.8,9960.66,1711.0,1383.0,608.0,6.0,5,1,1,2,68,100000,1,1,1.0,1,259573.3,70164.0,183999.0,5730.0,54259.98,19295.0,35.0,6,14454.0,18063.2,54737.86,6,5,12582.38,78761.33,41408.0,6,39,186314.0,Y,1497.05,current,M,64,MEDIUM,13.200000000000001,4,595.0,1,6.0
7327,14018,1058.0,6027.0,7673.34,4827.41,6755.0,7657.0,1904.0,26.0,93,38,26,2,1,134000,1,1,1.0,1,213557.15,470000.0,30071.0,6885.0,26028.52,14344.42,52.0,2,18837.0,17976.64,22486.72,1,11,15446.0,29759.61,49806.0,6,11,14072.0,Y,2514.42,current,M,58,LOW,22.8,2,355.0,0,8.0
7328,9548,138459.0,20556.39,2887.89,22717.23,803.0,19871.67,3583.63,26.0,31,67,1,1,54,379000,1,1,1.0,1,104980.25,446457.0,5591.0,14509.0,56521.26,17349.0,89.0,5,47898.0,182561.5,122975.5,47,25,18783.0,46621.46,22638.0,6,40,27893.0,Y,111.02,saving,M,222,MEDIUM,40.400000000000006,6,554.0,1,7.0
7329,13609,6255.0,419.0,21265.7,38492.41,4167.44,1936.4,1002.0,44.0,84,50,1,15,31,378000,1,1,1.0,1,101891.25,76365.24,48888.0,844.0,84886.0,32862.0,11.0,1,29900.0,186680.98,6574.0,0,171,49322.0,63299.07,244008.0,8,50,23052.0,Y,898.29,current,M,62,MEDIUM,12.600000000000001,1,588.0,1,12.0
7330,17435,7268.0,22948.85,2929.29,1131.95,2115.05,14141.0,1068.0,26.0,9,13,20,2,13,16000,1,1,1.0,1,41883.6,60040.0,15654.0,3421.0,52922.0,48227.91,16.0,3,36606.0,23047.0,156446.0,17,81,93600.0,118453.73,11716.0,5,58,241771.0,Y,427.14,current,M,42,LOW,6.6000000000000005,7,626.0,1,20.0
7331,6679,7481.0,6516.0,1655.0,39472.75,15723.12,2845.0,3328.34,57.0,7,67,30,2,34,263000,1,1,1.0,1,811000.0,6773.96,51520.0,2921.0,55653.24,30654.0,90.0,35,32369.0,98936.0,51782.0,1,7,11714.0,36263.0,121404.0,94,73,63489.0,Y,10949.18,current,M,62,LOW,25.200000000000003,8,638.0,1,8.0
7332,3933,179793.0,1874.84,5277.9,11557.89,5113.5,4620.5,10377.0,6.0,42,10,8,3,8,255000,1,1,1.0,1,684495.7,64491.0,5981.0,-4664.0,64273.59,18968.0,77.0,3,53568.0,62078.64,17277.0,2,70,86.39,25834.24,43561.0,3,1,67787.0,Y,599.52,current,M,32,MEDIUM,12.0,5,369.0,0,7.0
7333,509,13766.0,24600.43,1259.34,12738.48,668.0,1513.805,3519.0,2.0,5,17,8,2,3,74100,1,1,1.0,1,21511.8,143000.0,2644.0,10210.0,76772.26,78843.0,42.0,36,293034.0,80055.56,65116.0,43,20,76924.0,224432.0,123423.27,8,83,35618.0,Y,2882.85,current,F,42,MEDIUM,13.200000000000001,4,956.0,1,9.0
7334,16080,1948.0,2815.625,381.0,14352.0,2305.0,524.38,2663.0,63.0,23,13,25,1,1,350000,1,1,1.0,1,4834.55,142608.5,519.0,-4664.0,71900.6,144266.5,42.0,1,15332.0,9585.4,377772.36,42,20,17658.0,46146.7,16046.0,47,3,28437.0,Y,5583.64,saving,F,60,MEDIUM,28.0,2,385.0,1,4.0
7335,4577,1657.0,7916.0,10140.5,3728.0,1775.58,6477.54,5229.0,8.0,34,72,20,3,4,98000,1,1,1.0,1,825.0,3084.5,1097.0,-4679.0,21131.25,80333.0,24.0,1,31403.0,26838.76,83827.0,4,63,30383.0,55014.73,8554.0,9,17,19038.0,Y,9037.46,current,M,35,LOW,6.0,5,485.0,1,7.0
7336,10950,10369.0,3940.0,2791.0,35340.5,2248.0,15624.0,468.0,100.0,9,3,2,55,1,84000,1,1,1.0,1,1539496.64,244483.3,28985.0,8723.0,57973.0,149728.0,16.0,1,28825.0,282693.12,22878.0,70,12,63302.0,227.0,28954.0,3,1,20441.0,Y,5708.13,current,M,60,LOW,8.0,1,748.0,1,13.0
7337,19215,96336.0,80754.73,6942.0,23144.0,248.9,4717.71,4466.0,3.0,36,13,25,62,98,505000,1,1,1.0,1,48422.7,63000.0,5797.0,-5715.49022999999,34021.0,37226.0,46.0,5,29647.0,13581.0,30964.35,6,20,47356.0,90582.27,10472.0,3,50,68290.0,Y,41741.65,current,M,32,MEDIUM,8.4,8,866.0,0,17.0
7338,13716,13564.0,3820.54,2232.84,74997.0,7579.5,1826.64,1555.0,12.0,85,7,24,9,55,53000,1,1,1.0,1,546565.5,20098.0,50000.0,5730.0,103511.87,199117.0,94.0,4,25353.0,25022.11,30888.37,2,171,43046.0,10560.71,19604.0,14,64,43541.0,Y,42957.12,current,M,29,MEDIUM,8.1,6,299.0,1,7.0
7339,11550,987.0,9234.0,189.0,2319.01,3167.97,6097.0,37001.45,56.0,83,117,3,1,6,255000,1,1,1.0,1,199690.5,1155000.0,30071.0,6916.0,33866.51,25157.5,46.0,33,58249.0,16205.64,66037.4,3,20,22215.0,281115.29,66347.0,6,6,17270.0,Y,53.91,current,M,58,LOW,11.4,5,485.0,0,8.0
7340,12476,1863.0,15722.12,16918.28,15870.01,894.8,4017.72,389.0,24.0,34,50,57,3,5,138000,1,1,1.0,1,5809950.0,17000.0,49975.0,5464.0,63113.53,71800.96,62.0,13,17922.0,28568.12,201513.81,1,11,63993.0,23848.57,1633.0,11,76,12604.0,Y,10373.84,current,M,33,MEDIUM,11.700000000000001,2,698.0,0,7.0
7341,8441,12809.0,16945.98,3477.6,9874.78,1980.25,10888.0,1192.63,2.0,14,52,47,5,67,378000,1,1,1.0,1,58928.67,67555.67,787.0,2351.0,65187.81,96311.0,42.0,1,20768.0,25030.75,134537.94,1,20,43986.0,33024.95,37580.0,38,50,19105.0,Y,5847.22,saving,F,53,MEDIUM,26.400000000000002,8,771.0,0,9.0
7342,7502,4452.0,26364.2,729.0,20968.25,342.0,4896.0,2376.0,4.0,85,14,4,1,2,47000,1,1,1.0,1,54201.87,11982.0,48374.0,886.0,24849.87,42334.0,90.0,5,10837.0,10513.13,122214.33,5,82,385963.0,10157.0,227936.5,4,7,11418.0,Y,3020.19,current,M,29,HIGH,5.4,1,249.0,1,4.0
7343,3851,7741.0,3220.12,2130.0,7866.19,680.0,26090.85,6586.0,8.0,36,4,1,2,4,410000,1,1,1.0,1,115.45,53749.0,2156.0,6409.0,240998.75,603295.0,4.0,3,16568.0,60644.28,23413.0,6,25,40920.0,208804.67,24383.25,4,8,243436.0,Y,17201.73,current,M,28,MEDIUM,8.0,2,485.0,1,15.0
7344,8240,317914.0,1708.0,614.0,1405.84,3259.0,41877.0,9252.24,10.0,9,23,42,1,3,524000,1,1,1.0,1,68640.0,462011.1,954.0,-6885.0,159266.81,242873.0,16.0,7,142200.0,220429.63,36589.0,1,5,49322.0,118084.54,53908.0,12,107,35714.0,Y,2106.74,current,F,40,LOW,2.0,1,653.0,1,3.0
7345,5740,7628.0,20930.0,2724.0,12029.67,9284.0,1819.0,13319.0,136.0,10,16,1,21,68,143000,1,1,1.0,1,154363.25,212907.7,768.0,-4641.77979,139192.98,39456.0,23.0,1,21645.0,5915.0,10125.0,2,7,38218.0,31670.88,23926.0,5,50,15467.0,Y,1497.95,saving,M,62,LOW,4.2,8,505.0,1,15.0
7346,12083,7403.0,4599.71,3853.75,19595.49,3550.0,393.0,30966.91,1.0,31,10,50,3,70,381000,1,1,1.0,1,9717.55,180000.0,12000.0,12174.0,39360.0,91060.0,46.0,2,30300.0,48506.55,35150.31,43,81,11404.82,60253.59,342188.0,62,6,109311.0,Y,679.97,saving,M,63,MEDIUM,4.3,6,324.0,1,17.0
7347,1401,9941.0,12698.0,1995.43,1689.5,9215.19,12927.04,2158.0,5.0,9,46,1,1,22,98000,1,1,1.0,1,443.36,5000.0,16114.0,1444.0,92621.62,97447.88,39.0,4,12418.0,875.84,100126.0,2,1,16145.0,14350.0,56125.0,3,120,26167.0,Y,297.01,current,M,35,LOW,12.0,9,708.0,1,15.0
7348,21,14912.0,50979.91,4780.0,19812.24,3808.66,9442.0,2195.0,531.0,18,47,53,4,54,124000,1,1,1.0,1,105750.0,400000.0,768.0,1245.0,40039.61,61665.62,11.0,4,23278.0,538041.23,38287.0,2,8,11370.0,256.0,97586.23,6,50,53198.0,Y,15092.7,current,M,28,MEDIUM,1.6,7,574.0,1,14.0
7349,2773,16303.0,23942.93,2344.0,46632.65,6914.35,9378.02,3457.55,6.0,3,6,47,1,54,11000,1,1,1.0,1,1207.5,465000.0,14904.0,19765.0,27078.0,117657.38,4.0,6,212471.0,103641.5,65897.24,4,82,22011.0,37775.59,168.0,49,3,97062.0,Y,0.0,current,M,42,HIGH,6.6000000000000005,7,385.0,1,10.0
7350,3609,12125.0,14930.14,13900.2,6870.49,2210.0,4585.5,6084.0,26.0,22,64,1,14,6,519000,1,1,1.0,1,140262.4,106398.0,43798.0,6613.0,19801.0,37832.0,147.0,23,40385.0,11209.95,23124.0,43,70,29622.0,27774.98,145668.0,6,103,27299.0,Y,2698.31,current,M,35,HIGH,6.0,2,858.0,1,10.0
7351,5072,115786.0,37954.06,1774.0,3480.5,1357.61,35723.0,4461.0,4.0,1,87,3,5,10,300000,1,1,1.0,1,1800.0,31033.0,908.0,6260.0,99656.79,49352.0,70.0,2,24551.0,36849.75,96785.5,4,20,5090.0,1090.29,29836.0,47,83,71513.0,Y,13625.73,current,F,33,LOW,5.2,9,249.0,0,16.0
7352,10810,20381.0,11382.56,5339.44,16251.37,3279.0,39186.0,2726.0,10.0,36,6,20,21,1,101250,1,1,1.0,1,365855.6,1187335.5,13873.0,3897.0,231393.88,46665.0,5.0,0,25277.0,11452.5,332.0,6,171,22551.0,2010.0,34819.25,117,1,21133.25,Y,7362.18,current,M,55,MEDIUM,31.5,6,809.0,1,4.0
7353,17291,18295.0,13601.37,727.0,85508.47,2710.0,73964.4,9787.0,2.0,83,5,1,63,3,505000,1,1,1.0,1,15939.83,45000.0,925.0,277.0,25902.87,129994.0,20.0,19,41085.0,175025.54,34324.0,1,8,49312.0,57379.62,21645.0,43,13,19754.0,Y,30340.33,current,M,53,MEDIUM,9.9,7,950.0,1,18.0
7354,15535,12446.0,16362.0,1985.02,4891.0,14156.41,5123.0,2684.5,44.0,46,23,6,2,2,379000,1,1,1.0,1,977377.25,16671.0,19400.0,7896.0,37382.1,4538.0,42.0,31,42520.0,10339.43,34078.49,4,63,36103.0,51061.98,59969.48,8,96,24559.0,Y,5719.74,current,M,42,MEDIUM,17.6,4,743.0,1,5.0
7355,10619,18919.0,44143.09,3550.0,14800.01,10045.0,1582.0,1654.5,136.0,10,8,30,23,11,293000,1,1,1.0,1,50550.5,6773.96,16114.0,7478.0,43520.12,56841.0,86.0,0,34277.0,38575.22,15169.0,11,7,50985.0,73853.12,73234.0,16,73,49994.0,Y,1353.73,current,M,35,MEDIUM,12.0,8,887.0,1,2.0
7356,15235,12701.0,41757.0,4827.0,1117246.31,2438.45,2690.8,295.2,8.0,23,64,30,15,70,125000,1,1,1.0,1,67833.35,53749.0,23500.0,-5998.43994,62762.76,20063.0,69.0,4,22505.0,89641.0,40152.0,16,44,32771.0,55112.19,29459.0,3,11,78354.0,Y,2904.66,saving,M,62,MEDIUM,42.0,2,424.0,0,15.0
7357,14869,308247.0,5309.8,29373.0,2062.78,5104.4,51162.53,1713.0,5.0,1,82,4,25,91,296000,1,1,1.0,1,5045.13,96096.0,68000.0,-4664.0,27009.48,5918.0,46.0,6,172283.0,25094.56,38591.0,3,70,102500.0,21876.06,113138.48,2,9,20005.0,Y,2366.8,current,M,66,MEDIUM,41.400000000000006,9,233.0,1,10.0
7358,2002,4021.0,9542.46,383.3,1749.0,3955.23,10914.0,3365.37,3.0,66,5,44,1,1,25000,1,1,1.0,1,683316.0,560000.0,68000.0,5439.0,230709.64,7085.0,10.0,9,50782.0,23123.0,32512.12,7,59,14037.0,24278.26,70482.79,43,65,2154.0,Y,12248.94,current,M,27,MEDIUM,2.8000000000000003,5,324.0,0,4.0
7359,19455,88924.0,12916.47,1556.1,29736.15,2590.0,2332.0,10210.0,136.0,30,2,53,4,18,379000,1,1,1.0,1,1208.25,24000.0,492.0,-4679.0,33844.5,74180.0,18.0,3,40017.0,104186.79,13300.0,2,78,34820.0,40490.38,33642.0,6,83,24500.0,Y,17.31,current,M,120,MEDIUM,30.0,6,454.0,1,3.0
7360,10163,557.0,5534.0,3288.0,11133.79,248.9,13200.0,4558.0,44.0,11,44,2,9,13,505000,1,1,1.0,1,2533020.0,470000.0,25524.0,7478.0,152005.74,60060.0,10.0,9,20232.0,31623.49,85381.0,6,11,15571.0,70944.02,170.29,93,13,19929.0,Y,5393.11,current,M,44,LOW,2.4000000000000004,5,809.0,1,11.0
7361,6643,86265.0,1078.29,5146.0,3000.91,7399.2,24524.195,11432.0,4.0,9,47,12,17,3,19000,1,1,1.0,1,1488748.8,17500.0,2019.0,0.0,57436.0,805.0,42.0,3,28421.0,4103.83,5180.0,43,82,79283.0,18919.7,44468.59,12,1,21480.0,Y,178.6,current,M,40,LOW,10.0,2,503.0,1,11.0
7362,14069,19142.0,7072.0,589.96,19000.0,133508.0,523.0,1712.0,8.0,85,4,1,15,64,400000,1,1,1.0,1,41883.6,187788.1,38599.0,418.0,24233.81,61986.0,55.0,5,24850.0,53284.67,149199.0,2,42,10345.0,26899.01,31690.0,19,7,30753.0,Y,3678.42,current,M,49,MEDIUM,26.1,9,488.0,1,6.0
7363,9227,30460.0,7216.24,35250.0,28702.04,4050.0,5493.0,17167.0,63.0,66,2,3,15,4,256000,1,1,1.0,1,5809950.0,46500.0,23500.0,1079.0,27383.97,45834.0,10.0,1,17155.0,53918.23,131888.0,2,25,18264.0,33469.36,127812.1,62,58,21480.0,Y,3181.79,current,M,53,MEDIUM,9.9,2,653.0,1,14.0
7364,18754,16833.0,5362.71,2525.94,2522.0,11110.93,4715.665,4016.0,5.0,23,102,5,5,68,380000,1,1,1.0,1,692000.0,138475.4,13873.0,-4679.0,99571.73,81321.0,3.0,0,8055.0,24616.95,21736.0,2,75,52912.0,56620.62,247760.0,47,18,39329.0,Y,11717.93,current,M,33,LOW,7.800000000000001,9,606.0,1,17.0
7365,9889,18111.0,1316.22,8203.07,23069.64,2160.0,8430.86,1834.08,3.0,30,50,3,3,67,371000,1,1,1.0,1,9624.6,12257.0,50000.0,1014.0,20808.14,52442.0,103.0,26,26852.0,15627.18,12433.0,6,8,52560.0,23571.61,20686.0,3,13,24314.0,Y,3377.03,current,M,35,MEDIUM,10.5,4,867.0,1,4.0
7366,8017,108742.0,14731.92,2185.02,18693.19,15724.72,2806.0,659.0,14.0,601,19,1,1,2,378000,1,1,1.0,1,105453.65,21577.06,5981.0,20324.0,71334.0,32437.0,89.0,4,38678.0,21772.3,74340.5,45,28,20903.0,32731.0,73712.5,21,24,19627.0,Y,1877.42,current,M,53,MEDIUM,16.5,9,385.0,0,7.0
7367,1034,11509.0,3565.0,2951.97,1664.0,5204.0,372.1,1956.0,6.0,77,64,1,3,4,75000,1,1,1.0,1,39851.93,53749.0,2644.0,6885.0,32475.39,163391.0,79.0,7,40072.0,97556.36,33932.0,2,42,49698.0,17781.0,421.0,58,58,26645.0,Y,15224.23,current,M,35,MEDIUM,13.5,2,594.0,0,5.0
7368,10285,12220.0,6204.15,1224.0,3225.84,14081.12,3737.0,3461.0,5.0,71,44,2,25,34,102000,1,1,1.0,1,55700.0,51000.0,5591.0,-5439.0,80824.33,39245.4,4.0,35,92864.0,178342.83,31699.0,30,42,28151.0,176985.99,48344.0,6,83,22111.0,Y,5971.57,current,M,62,LOW,25.200000000000003,1,385.0,0,18.0
7369,13410,15836.0,40278.91,8731.0,5260.0,2370.0,23067.61,110.5,26.0,8,112,57,21,11,83000,1,1,1.0,1,360978.37,16671.0,550.0,6916.0,22072.76,19726.0,11.0,1,235000.0,15675.72,37686.61,1,69,31320.0,6877.0,231044.5,7,12,141014.42,Y,9300.87,current,F,53,MEDIUM,6.6000000000000005,1,708.0,1,15.0
7370,3253,17464.0,14445.0,1071.0,37902.7,1945.13,803.34,3899.0,6.0,50,135,2,1,70,98000,1,1,1.0,1,42460.6091,446457.0,2644.0,-4612.00977,252090.3,82894.56,46.0,11,23294.0,56424.94,64402.36,23,25,30858.0,242579.95,82907.51,7,79,20984.0,Y,5908.78,current,M,34,MEDIUM,9.8,3,503.0,1,10.0
7371,19915,3839.0,9138.96,4099.0,61800.34,562.0,5563.18,5315.0,7.0,99,44,3,3,20,324000,1,1,1.0,1,28.5,52985.43,130000.0,5773.0,17251.56,20476.85,42.0,1,51772.0,69072.0,1660.0,2,24,42250.0,51125.56,43268.0,11,1,27517.0,Y,19665.01,current,M,35,MEDIUM,1.5,7,684.0,0,20.0
7372,3398,17675.0,52456.63,363.0,28604.09,5995.0,1251.38,1017.0,6.0,4,4,1,2,68,303000,1,1,1.0,1,259573.3,159308.0,4458.0,1465.0,125959.67,19303.0,62.0,19,10564.0,22351.0,30426.0,47,20,30545.0,10717.46,36331.75,117,12,30719.0,Y,773.57,current,M,34,MEDIUM,9.8,5,748.0,1,9.0
7373,14087,290389.0,10068.83,7509.01,1854.5,2225.0,3183.8,6829.18,14.0,5,52,41,4,54,232000,1,1,1.0,1,197067.2,190887.4,1166.0,903.0,3818.25,24225.0,147.0,26,45404.0,3598.33,44088.0,6,18,22062.0,317640.3,12731.09,3,80,20984.0,Y,3917.78,current,M,32,LOW,10.8,10,771.0,1,13.0
7374,6675,133689.0,4998.46,2372.0,3579.56,1029.0,32011.5,11893.0,2.0,10,35,1,4,44,84000,1,1,1.0,1,9624.6,136000.0,505.0,-4679.0,25078.32,97503.42,18.0,4,152572.0,1849.78,18862.73,6,81,55141.0,245477.57,75800.0,58,12,199567.0,Y,1029.04,saving,M,28,MEDIUM,0.8,3,658.0,0,7.0
7375,19379,19273.0,31525.0,12701.75,6603.0,3431.35,2483.0,1014.0,7.0,11,9,42,51,53,263000,1,1,1.0,1,35280.0,165970.9,33330.0,12415.0,167111.01,36378.0,7.0,31,47540.0,9105.07,53243.0,3,8,9750.0,26200.23,41088.87,10,75,35877.0,Y,22397.53,current,M,38,MEDIUM,18.0,3,464.0,0,19.0
7376,8617,6371.0,9126.05,3546.98,15290.52,383.0,113001.0,17167.0,60.0,2,7,50,44,1,49999,1,1,1.0,1,161704.0,16363.0,130000.0,6885.0,13348.56,257.0,11.0,0,218500.0,24500.16,25742.0,10,16,78565.0,47841.5,165751.0,5,65,73012.0,Y,12381.29,current,M,34,MEDIUM,8.4,8,488.0,1,8.0
7377,10471,18772.0,18352.0,11335.3,3737.24,5870.0,511.0,623.0,5.0,10,3,18,2,26,47000,1,1,1.0,1,168265.55,76365.24,1036.0,5464.0,28989.82,112061.0,90.0,3,29140.0,35055.39,72242.0,2,171,27466.0,44546.79,39073.0,2,65,30172.0,Y,19102.38,current,F,55,LOW,17.5,9,723.0,1,10.0
7378,12753,3027.0,5490.68,9602.97,20986.97,2544.52,75189.0,3891.73,531.0,66,47,24,21,98,67000,1,1,1.0,1,2002.36,120000.0,11545.0,-6335.0,85561.79,67180.0,57.0,6,27289.0,28550.9,66857.0,23,104,152348.0,573641.73,20393.0,36,65,22224.0,Y,7375.92,current,M,29,LOW,4.5,2,314.0,1,13.0
7379,11686,6806.0,3297.37,15950.0,1416.5,768.0,10815.0,3455.5,1.0,36,10,48,25,10,512000,1,1,1.0,1,413540.0,917881.54,2644.0,26601.0,55780.05,33510.0,11.0,35,14394.0,1550.0,104308.0,30,20,23224.0,265154.13,394374.0,6,18,38752.0,Y,1395.23,saving,M,42,HIGH,13.200000000000001,9,614.0,0,2.0
7380,15871,7996.0,19940.92,17487.61,4991.5,625.0,14286.75,15424.0,2.0,43,11,24,2,56,293000,1,1,1.0,1,1359.3,100934.0,5540.0,1931.0,138811.12,16490.0,67.0,17,953.0,24777.16,116793.57,43,8,575.0,343.35,57884.43,12,24,12479.0,Y,10975.65,current,M,38,MEDIUM,14.4,10,867.0,1,16.0
7381,18098,134084.0,5181.7,2955.0,3264.0,3806.0,7431.36,945.97,43.0,19,50,1,9,79,249000,1,1,1.0,1,322.02,31033.0,3570.0,-6281.37987999999,53210.95,300222.61,63.0,30,13188.0,15463.5,131862.0,2,7,37683.0,39328.55,8372.0,3,18,27420.0,Y,6093.01,current,M,32,MEDIUM,1.2000000000000002,8,708.0,1,8.0
7382,14603,4757.0,10561.53,2096.75,20665.99,3446.76,13369.0,2575.38,7.0,56,74,30,2,80,100000,1,1,1.0,1,67833.35,119898.8,78309.0,167.0,83119.26,47781.0,40.0,27,16897.0,30146.35,156304.51,3,20,288075.0,35964.3,35071.0,3,18,19034.0,Y,3054.25,current,M,38,HIGH,12.600000000000001,7,233.0,1,3.0
7383,16689,4278.0,35698.14,1800.02,5090.32,3671.7,9430.0,1981.0,44.0,6,7,5,5,98,40000,1,1,1.0,1,76780.0,71256.0,45000.0,-4679.0,25581.47,52400.99,4.0,33,17808.0,60177.0,86889.0,12,1,129509.0,45801.49,152.0,40,38,46074.0,Y,4859.56,saving,M,62,MEDIUM,25.200000000000003,4,536.0,0,15.0
7384,9136,17782.0,5144.76,231.0,3766.62,4906.0,2878.2,8617.0,4.0,84,14,3,3,20,59000,1,1,1.0,1,144110.45,267421.4,3792.0,5340.0,57190.25,32351.51,9.0,5,33954.0,312874.02,70944.0,30,8,21016.0,80.88,46141.0,9,32,24914.0,Y,2018.98,current,M,53,LOW,33.0,9,582.0,0,7.0
7385,14373,12914.0,5320.3,1774.0,10253.9,3876.0,61679.0,1697.0,20.0,77,84,8,2,31,340000,1,1,1.0,1,7304.75,15395.48,24094.0,9415.0,24439.5,43747.87,10.0,7,1089.0,34952.75,16015.0,47,108,19931.0,55413.72,21232.0,21,32,24374.0,Y,6808.82,current,M,61,LOW,12.3,8,883.0,0,11.0
7386,4249,19087.0,22085.7,4299.0,69121.74,12486.47,7836.74,3150.8,100.0,11,18,7,5,30,378000,1,1,1.0,1,903003.0,107692.0,33774.0,1332.0,95502.49,23581.0,0.0,35,26604.0,12693.0,49881.0,9,50,49516.0,34370.48,11574.0,2,32,860.0,Y,3768.12,current,F,47,MEDIUM,27.0,1,269.0,0,20.0
7387,7971,1348.0,2208.255,1058.28,108058.12,1069.02,26166.96,4061.0,12.0,38,44,30,6,17,293000,1,1,1.0,1,506688.65,53749.0,492.0,0.0,64021.29,14312.91,46.0,36,60698.0,37968.84,56158.0,5,17,68875.0,62811.81,44805.26,9,38,13677.0,Y,18442.84,current,M,120,MEDIUM,100.0,10,626.0,1,17.0
7388,3168,307464.0,28838.33,676.4,6737.44,4942.05,1252.66,4005.0,10.0,23,16,18,1,5,326000,1,1,1.0,1,137553.95,24000.0,298472.0,1411.0,42515.26,35456.0,18.0,28,26706.0,55875.13,2164.0,9,78,19180.0,56152.16,43292.35,5,50,37234.0,Y,10225.55,current,M,55,LOW,24.5,2,445.0,0,4.0
7389,13680,8621.0,5298.77,33118.35,21935.22,4576.0,561.01,649.0,6.0,5,71,39,3,11,371000,1,1,1.0,1,181073.75,172678.56,16215.0,2921.0,206063.5,19983.0,24.0,14,11515.0,20153.37,40273.74,1,6,24117.0,41711.11,10973.79,4,24,34725.0,Y,9160.41,current,M,30,MEDIUM,1.0,6,658.0,1,16.0
7390,8669,3324.0,31691.0,3069.71,2619.17,770.0,5412.0,3501.5,56.0,26,13,18,2,3,232000,1,1,1.0,1,550.0,10701.0,2156.0,-4612.00977,12737.0,33990.0,91.0,1,325.0,58685.0,61887.5,2,81,17238.0,33048.85,35852.0,5,17,53470.0,Y,4866.36,saving,M,37,MEDIUM,5.1000000000000005,4,802.0,1,16.0
7391,15581,20025.0,3882.54,2032.0,51011.0,4713.69,15794.6,3808.0,12.0,84,7,3,62,34,352000,1,1,1.0,1,3247.5,29479.0,3000.0,-5715.49022999999,25861.52,8836.0,90.0,35,57941.0,10612.14,85067.36,0,12,28367.0,134242.62,92893.0,3,50,1075000.0,Y,27028.43,current,M,30,LOW,10.0,9,911.0,0,8.0
7392,15335,298172.0,6473.9,1776.87,18286.03,916.59,31402.385,14101.71,12.0,23,49,21,12,11,104000,1,1,1.0,1,3549.85,274285.17,20887.0,-5998.43994,45382.38,302378.04,103.0,7,159993.0,75922.0,57234.88,30,5,22026.0,10019.76,44535.0,2,11,7638.0,Y,1780.73,current,M,35,MEDIUM,3.0,1,516.0,1,17.0
7393,7784,90729.0,2280.0,2602.0,14321.7,2071.43,17137.14,1891.0,57.0,43,4,47,38,44,17000,1,1,1.0,1,0.35,98110.0,16004.0,20324.0,11306.0,81394.0,77.0,3,19026.0,43195.36,20631.0,1,20,19962.0,31784.32,21381.03,36,103,26523.0,Y,78896.45,current,M,33,LOW,9.1,3,505.0,1,20.0
7394,2898,401151.0,1026.16,208.55,13130.1,17917.0,13054.095,7597.0,6.0,34,74,60,25,3,53000,1,1,1.0,1,328504.5,234459.4,731.0,553.0,42177.31,75871.0,7.0,1,11913.0,28959.54,17946.05,43,81,33533.0,60084.48,130232.9,3,7,156363.0,Y,2041.8,saving,M,55,MEDIUM,7.0,2,958.0,1,10.0
7395,17194,4425.0,2887.03,9836.0,400.82,1594.0,12234.0,2075.52,60.0,3,20,42,9,54,362000,1,1,1.0,1,12869465.0,95658.0,25524.0,1500.0,45779.03,34452.0,43.0,55,16594.0,24525.94,4237.0,70,108,95241.0,47220.0,116082.0,2,7,59403.0,Y,22219.32,saving,F,55,LOW,24.5,7,465.0,0,20.0
7396,7718,12791.0,1717.5,25214.0,3050.45,17735.75,4495.48,2351.0,57.0,23,13,25,5,13,528000,1,1,1.0,1,871.5,16363.0,130000.0,6916.0,20714.0,21612.0,91.0,43,22309.0,61830.02,63675.0,6,20,87332.0,123261.01,17873.0,10,38,34672.0,Y,25260.75,current,M,47,MEDIUM,24.3,7,573.0,1,9.0
7397,9421,8155.0,1046.0,1414.0,2745.69,14130.0,12360.0,3762.0,8.0,99,35,1,37,98,402000,1,1,1.0,1,127004.3,429273.4,1036.0,0.0,238940.0,129692.0,2.0,27,32302.0,21484.29,45068.5,17,78,15.0,37977.0,23650.0,36,12,252206.0,Y,13740.99,current,M,35,MEDIUM,1.5,9,233.0,1,3.0
7398,14245,315171.0,19816.13,4164.0,27398.18,453.72,3591.965,160.0,4.0,42,44,50,12,22,300000,1,1,1.0,1,1238.65,100934.0,925.0,20513.0,146201.24,239.82,67.0,35,17207.0,11265.67,26513.28,6,108,11781.0,54597.39,79156.0,94,103,69000.0,Y,1164.39,current,M,33,MEDIUM,2.6,4,743.0,1,20.0
7399,14254,12628.0,84321.25,2266.0,9354.0,22378.0,4673.48,1086.4,10.0,10,102,1,2,98,191000,1,1,1.0,1,33111020.0,117890.0,8417.0,-3625.0,20089.25,106628.0,42.0,9,52775.0,5494.0,90785.07,23,9,27375.0,280108.89,39331.0,7,38,24227.33,Y,100158.37,saving,F,32,MEDIUM,12.0,7,802.0,0,10.0
7400,15311,11437.0,3890.5,421.0,6008.54,1009.0,17974.0,566.0,3.0,83,32,53,3,34,173000,1,1,1.0,1,690857.42,95081.0,4699.0,-5998.43994,15866.25,369031.0,91.0,1,185485.0,56424.94,24342.31,0,63,36620.0,62019.57,36097.0,3,50,536.0,Y,15322.87,current,M,35,MEDIUM,3.0,5,937.0,1,4.0
7401,13603,15108.0,856.8,8272.19,52596.5,1055.76,1305.14,10111.2,24.0,36,74,57,1,98,167000,1,1,1.0,1,9646.5,138475.4,24619.0,6441.0,43881.06,53595.0,10.0,3,22215.0,28113.5,28019.0,6,25,51585.0,163992.7,5837.0,4,73,15543.0,Y,395.26,current,M,47,MEDIUM,24.3,5,593.0,0,17.0
7402,13907,3268.0,3129.12,1626.0,2187.14,5282.0,25946.0,1315.0,57.0,11,35,3,1,36,19000,1,1,1.0,1,84.65,278360.16,519.0,-5439.0,254453.0,111361.91,7.0,4,14224.0,263711.06,168674.34,1,67,40692.0,8268.1,199264.7,3,40,16255.0,Y,2165.93,current,M,28,MEDIUM,8.0,10,539.0,0,3.0
7403,19454,9219.0,739.96,679.0,3509.16,11035.24,11077.0,3302.0,60.0,9,23,50,2,4,147000,1,1,1.0,1,4720.0,1187335.5,19400.0,1954.0,25210.23,71114.5,18.0,7,19052.0,25869.09,103436.0,50,24,428.03,94280.88,61092.1,21,58,11705.0,Y,6073.28,current,M,37,MEDIUM,1.7000000000000002,3,958.0,1,2.0
7404,15743,14279.0,1908.0,1259.34,25418.75,9404.63,848.0,6480.0,2.0,37,5,1,2,8,429000,1,1,1.0,1,115407.0,232235.65,2644.0,1444.0,110822.36,14880.0,37.0,9,39628.0,76060.07,140099.51,4,20,19019.0,59922.45,38518.0,40,3,75902.0,Y,126.51,current,M,33,MEDIUM,6.5,1,802.0,1,13.0
7405,4231,15413.0,12922.75,938.55,1113.0,5991.0,27733.805,2942.22,14.0,99,82,8,55,10,75000,1,1,1.0,1,9649.6,760470.3,10271.0,3897.0,30181.11,40474.0,79.0,1,132489.0,30374.76,46446.76,43,11,83688.0,77069.8,77935.86,3,63,54485.0,Y,4536.83,current,M,37,MEDIUM,3.4000000000000004,2,595.0,1,17.0
7406,9555,744.0,621.0,2998.53,7433.92,961.0,2704.22,537.67,5.0,10,44,48,15,34,233000,1,1,1.0,1,197067.2,157624.24,100000.0,903.0,64100.83,47049.0,59.0,17,24270.27,54531.86,76919.0,3,4,41051.55,68497.81,23559.0,40,0,25935.0,Y,2896.73,current,M,32,MEDIUM,4.800000000000001,9,249.0,1,12.0
7407,17279,1605.0,11379.0,5295.04,12735.58,4400.9,9595.5,21126.0,26.0,77,44,1,2,8,263000,1,1,1.0,1,54860.05,31000.0,925.0,14509.0,42501.42,25128.0,11.0,7,41879.03,57346.0,77120.86,11,8,3480000.0,49381.85,65682.0,3,10,14344.0,Y,4809.75,current,M,38,MEDIUM,5.4,8,945.0,1,8.0
7408,1001,118878.0,2480.0,1919.0,28145.3,2133.55,15408.0,5296.0,67.0,23,10,4,60,9,255000,1,1,1.0,1,3299447.136,119831.0,4699.0,977.0,16307.88,59201.37,42.0,6,53549.0,22416.89,60029.0,19,7,158430.0,209316.81,20210.0,43,21,25382.0,Y,952.26,current,M,46,MEDIUM,23.400000000000002,6,684.0,0,4.0
7409,1484,19122.0,9698.96,9214.0,15448.84,4934.88,6967.5,293.0,7.0,2,13,22,3,10,378000,1,1,1.0,1,293418.75,71256.0,3975.0,-6301.0,48263.06,45132.0,69.0,2,20962.0,33906.35,171945.0,2,8,120.23,55722.0,34379.0,7,15,41164.0,Y,7607.69,current,M,55,LOW,10.5,8,249.0,0,20.0
7410,4054,2120.0,11643.0,5286.0,3037.0,570.66,4495.48,3684.0,1.0,99,46,3,6,68,199999,1,1,1.0,1,1900.0,1475000.0,508.0,3735.0,19240.74,91119.0,42.0,1,96954.0,48716.91,111328.0,50,13,70086.0,26379.82,261432.0,3,83,22349.0,Y,1696.09,current,F,66,LOW,27.6,5,270.0,1,6.0
7411,18433,15758.0,4372.0,268.0,9393.83,2199.87,6169.0,8540.5,6.0,77,78,1,5,11,362000,1,1,1.0,1,331.2,16671.0,550.0,-4664.0,41575.42,60610.42,46.0,1,33909.0,13962.21,17249.0,6,82,28765.0,16447.29,29573.25,11,63,31449.0,Y,5458.3,current,M,58,MEDIUM,30.400000000000002,8,963.0,1,9.0
7412,16589,10555.0,6484.98,887.0,1934.54,573.0,2969.0,6843.0,19.0,36,30,21,1,4,340000,1,1,1.0,1,48624.7,3084.5,639.0,12163.0,82276.48,75951.32,103.0,26,3375.0,55834.03,119107.0,1,6,2090.0,376108.78,12387.0,10,83,43627.0,Y,1133.94,current,M,44,MEDIUM,19.200000000000003,1,488.0,1,19.0
7413,18343,6798.0,5316.76,1994.0,9244.96,2668.0,3805.75,5474.0,6.0,19,89,50,6,5,100000,1,1,1.0,1,139323.25,100934.0,43798.0,4795.0,6203.0,54440.25,35.0,0,31914.0,2627.0,193881.0,9,8,37782.0,18140.58,31202.0,10,103,41414.0,Y,2877.33,current,M,33,MEDIUM,11.700000000000001,1,370.0,1,11.0
7414,2616,11153.0,5287.15,1974.0,15767.77,1995.0,8373.31,30020.0,44.0,30,72,17,6,6,670000,1,1,1.0,1,566914.0,385218.7,1052.0,0.0,39686.84,35839.0,94.0,26,24889.0,173599.76,22338.5,6,7,24906.0,111929.33,404.0,40,21,15868.0,Y,288.38,current,M,37,LOW,13.600000000000001,9,799.0,1,6.0
7415,15145,13837.0,21119.5,3444.37,6919.61,4759.0,42303.0,2372.0,1.0,39,1,82,4,98,393000,1,1,1.0,1,47.45,12000.0,68000.0,1332.0,142487.0,438.82,36.0,4,38784.0,13444.03,31649.83,10,20,193000.0,82706.27,8789.59,2,38,291043.0,Y,2687.4,current,M,38,LOW,3.6,4,466.0,0,9.0
7416,4835,13339.0,7797.42,11056.0,6371.0,4728.0,5533.74,22633.42,29.0,65,6,3,2,3,263000,1,1,1.0,1,102.95,31730.49,678.0,-6885.0,7.0,16874.0,11.0,3,32571.0,18605.0,163475.5,1,25,202236.98,73408.75,78486.0,2,11,87122.0,Y,262.41,current,M,29,MEDIUM,5.4,9,265.0,1,16.0
7417,12193,4745.0,15221.74,41324.0,2597.17,738.17,9660.92,1773.0,10.0,23,82,2,18,3,483000,1,1,1.0,1,1038501.78,76365.24,68000.0,-6281.37987999999,35206.0,68998.88,90.0,4,70784.0,75106.32,38262.0,1,171,74797.0,24959.27,21752.0,40,3,19942.0,Y,8760.32,current,M,47,MEDIUM,10.8,4,867.0,1,11.0
7418,3577,118452.0,917.0,25448.84,1762.7,431.0,993.04,27928.67,101.0,37,7,1,5,42,120500,1,1,1.0,1,396036.49,446457.0,527.0,0.0,162846.28,32251.81,10.0,9,28043.0,21060.5,194.0,2,23,61446.0,20999.0,11203.0,6,113,28590.0,Y,6170.93,current,M,29,MEDIUM,9.0,9,583.0,1,5.0
7419,5226,7988.0,36794.84,1763.0,7591.59,3572.1,14989.48,1004.0,1.0,4,13,3,4,22,306000,1,1,1.0,1,154363.25,141473.07,19176.0,5340.0,38735.87,27886.0,74.0,7,53019.0,92680.0,91769.0,2,108,21690.0,46871.14,57421.0,3,24,31964.0,Y,1332.19,current,M,33,LOW,3.9000000000000004,6,865.0,0,12.0
7420,5826,99719.0,13516.0,5109.0,16500.64,4906.0,4196.0,564.0,59.0,85,135,5,51,41,204000,1,1,1.0,1,127004.3,15957.0,51520.0,20790.0,128675.1,44822.0,70.0,26,37083.0,86040.94,140278.0,9,7,11111.0,80146.0,36525.0,94,64,58203.0,Y,9337.06,current,M,63,MEDIUM,12.9,7,249.0,1,18.0
7421,12399,307945.0,4605.99,20743.0,53798.97,1409.05,10260.0,1694.0,10.0,18,4,1,2,81,47000,1,1,1.0,1,5383.25,87578.0,300500.0,3897.0,79085.0,310321.0,46.0,3,17160.0,77541.85,20316.0,70,2,19180.0,38264.0,120035.0,12,124,24835.0,Y,5708.13,current,F,37,LOW,3.4000000000000004,7,805.0,1,19.0
7422,13627,292562.0,15357.33,3261.0,8438.29,11242.0,7376.9,431.28,7.0,10,7,1,3,42,147000,1,1,1.0,1,75240.45,3.0,631.0,8723.0,61911.0,30549.0,16.0,1,29427.0,101301.77,35805.0,50,20,118523.0,137119.36,122362.0,21,35,28707.0,Y,2829.86,current,M,37,MEDIUM,13.600000000000001,2,331.0,0,9.0
7423,12558,8613.0,3710.08,18099.0,12211.63,13711.0,6331.0,2306.0,25.0,99,13,45,2,47,523000,1,1,1.0,1,12328.75,280000.0,48500.0,12174.0,32007.78,194285.42,1.0,2,650000.0,18360.87,171.15,7,50,86253.0,36586.91,412878.75,40,54,93448.0,Y,82111.83,current,M,46,MEDIUM,18.2,7,966.0,1,13.0
7424,14973,10978.0,4951.4,12601.65,30454.3,4870.59,6919.0,51426.0,1.0,85,60,62,14,11,315000,1,1,1.0,1,6440.0,46500.0,583.0,-5998.43994,46587.88,40900.0,35.0,3,21290.0,4384.5,33984.0,2,20,49880.32,109680.88,34568.0,2,1,162271.0,Y,6894.01,current,M,62,LOW,4.2,2,558.0,0,17.0
7425,13550,2622.0,24810.0,1810.0,36491.0,952.96,29355.0,874.81,7.0,29,9,1,44,81,411000,1,1,1.0,1,1112.4,1194405.5,641.0,5773.0,40816.12,427895.0,84.0,3,196713.0,20265.75,46272.5,2,4,12944.0,79334.65,75928.72,2,63,34661.0,Y,134773.51,current,M,58,MEDIUM,15.200000000000001,3,445.0,1,20.0
7426,10613,19610.0,2141.0,6359.0,14283.38,3876.0,30468.41,42960.0,5.0,81,3,2,2,47,19000,1,1,1.0,1,6494.4,100934.0,25524.0,5464.0,9782.92,153943.75,70.0,9,189.0,86609.0,518583.0,2,20,55129.0,91484.41,10699.5,11,79,51150.0,Y,8004.35,current,M,37,MEDIUM,11.9,2,631.0,0,14.0
7427,10194,7824.0,18224.46,11033.51,16072.75,521.92,277.0,6480.0,56.0,2,16,47,63,6,197000,1,1,1.0,1,48230.5,100934.0,68000.0,3897.0,111212.34,30541.0,42.0,19,21552.0,2933.0,24404.0,2,87,22212.0,8845.55,36653.6,36,18,860.0,Y,8126.72,current,M,29,MEDIUM,7.2,5,883.0,0,7.0
7428,6341,15893.0,1951.0,24079.93,30284.29,1905.0,7217.0,4401.8,7.0,66,44,42,36,70,481000,1,1,1.0,1,67833.35,470000.0,25728.0,10210.0,5264.57,75720.0,7.0,9,56667.0,20430.0,120317.0,17,20,28118.0,13281.46,50575.0,22,24,55500.0,Y,50987.25,current,M,47,MEDIUM,21.6,6,598.0,1,16.0
7429,15508,12172.0,10550.0,3964.75,3387.0,1284.0,5450.0,3877.52,6.0,99,70,12,1,10,84000,1,1,1.0,1,2242.35,76157.6,731.0,5439.0,19052.25,48769.0,35.0,7,84318.0,474362.25,82949.72,4,81,168000.0,72250.67,175647.0,2,50,295726.0,Y,3241.26,current,M,35,MEDIUM,13.5,2,488.0,0,10.0
7430,15661,5206.0,1624.5,9354.65,3108.0,700.05,22111.71,3625.9,4.0,8,2,30,48,5,68000,1,1,1.0,1,48422.7,20077.53,300500.0,20324.0,10204.25,117374.0,55.0,5,35296.0,35206.59,73276.5,70,81,8879.0,48718.19,64754.0,6,68,58686.0,Y,17498.33,current,F,51,MEDIUM,18.6,4,799.0,0,6.0
7431,16824,10815.0,18572.0,18048.0,8213.91,3908.0,2811.0,10086.0,4.0,85,7,82,71,56,186000,1,1,1.0,1,630.6,54388.23,73217.0,1429.0,24426.25,5102.0,11.0,4,16242.0,36662.0,13002.0,2,7,23149.7,44742.25,57602.0,5,18,605.0,Y,115.18,current,M,32,LOW,12.0,9,269.0,1,4.0
7432,4451,19121.0,11866.53,1754.0,2492.0,2696.0,3725.0,5745.0,2.0,6,3,3,4,4,371000,1,1,1.0,1,272677.25,25404.0,73217.0,6916.0,502.0,94497.0,11.0,3,820.0,8299.0,52200.12,5,171,25578.31,137594.14,87539.5,49,63,126970.0,Y,3129.17,current,M,29,MEDIUM,3.6,5,658.0,1,16.0
7433,18333,16347.0,5404.22,18773.0,5395.5,4479.0,990.72,3839.03,1.0,26,35,18,11,9,16000,1,1,1.0,1,2.13,267421.4,618.0,7478.0,22356.13,1224.0,70.0,9,147194.0,44128.82,30832.0,2,46,20032.0,22059.38,30473.45,3,103,38130.0,Y,3320.35,saving,M,27,MEDIUM,3.5,1,969.0,0,2.0
7434,1338,1556.0,24626.47,46614.0,108058.12,3063.44,8218.02,3649.0,4.0,22,35,1,3,9,100000,1,1,1.0,1,683316.0,242827.0,300500.0,1411.0,21482.29,154598.0,36.0,0,46713.0,47507.14,126706.0,9,20,14176.0,77011.26,25596.0,39,7,44956.0,Y,3114.3,current,M,33,MEDIUM,10.4,4,606.0,1,6.0
7435,7225,17655.0,44180.55,2825.28,420.0,1005.0,43883.01,2829.0,9.0,2,50,48,38,98,256000,1,1,1.0,1,1359.3,25404.0,3975.0,4795.0,64866.5,25256.0,77.0,2,43404.0,306402.27,16512.0,1,13,40260.0,32445.45,29268.0,3,22,152743.0,Y,2718.74,saving,M,33,MEDIUM,11.700000000000001,2,653.0,0,17.0
7436,12907,8070.0,7929.62,758.42,3396.0,10310.76,4051.52,84874.4,19.0,99,13,1,3,81,568000,1,1,1.0,1,5308.1,355000.0,1526.0,7478.0,8633.55,32039.0,24.0,36,27352.0,17774.43,41449.5,1,24,13051.0,12761.02,16564.0,6,7,36242.0,Y,7493.52,saving,M,63,MEDIUM,17.2,4,486.0,1,5.0
7437,15729,7322.0,20718.0,6241.47,50755.5,13439.0,13638.5,428.52,5.0,26,44,1,44,55,17000,1,1,1.0,1,39851.93,64491.0,925.0,-4679.0,345932.13,78119.0,4.0,31,26711.0,66172.76,49881.0,5,105,26701.0,30327.98,90382.03,8,20,66800.0,Y,4037.92,current,M,38,MEDIUM,10.8,10,307.0,0,18.0
7438,5725,3144.0,4021.0,1254.0,10926.61,4813.02,5923.3,112526.0,66.0,27,4,2,3,1,297000,1,1,1.0,1,28482.5,91747.0,33774.0,5439.0,33221.05,26072.87,147.0,7,210000.0,25535.75,54551.0,2,8,92775.0,35922.0,80172.0,62,13,509.0,Y,66.49,current,M,66,MEDIUM,32.2,2,594.0,0,17.0
7439,7165,10025.0,12211.0,1369.5,4919.04,2061.68,24599.0,15856.0,8.0,27,9,2,6,55,523000,1,1,1.0,1,140262.4,470000.0,50000.0,0.0,40521.64,9783.0,6.0,29,14599.0,24651.4,59663.0,19,14,91891.0,57733.08,153838.0,22,103,65.0,Y,2016.93,current,F,37,LOW,11.9,10,802.0,1,14.0
7440,1235,9867.0,958.26,383.3,27398.18,3820.0,15818.22,655.0,19.0,23,1,1,2,10,13000,1,1,1.0,1,413540.0,93.35,30000.0,1500.0,58413.23,331521.0,9.0,1,20614.0,27911.0,297.0,1,12,24347.76,128654.83,45213.12,3,54,32549.0,Y,3114.3,current,M,27,MEDIUM,0.7000000000000001,2,268.0,1,3.0
7441,1287,18083.0,14891.92,699.0,74533.07,10723.36,11084.38,4072.0,28.0,36,9,5,44,79,670000,1,1,1.0,1,4039029.9,245000.0,39389.0,4795.0,79608.12,73.36,35.0,4,15629.0,53166.22,14400.33,7,31,50226.0,40568.08,7486.0,117,83,12841.0,Y,468.69,current,M,30,MEDIUM,3.0,10,805.0,1,4.0
7442,4018,11794.0,13444.46,570.0,1466.34,11820.0,20393.96,1621.0,9.0,85,60,48,6,62,169000,1,1,1.0,1,9542.5,184514.0,49975.0,19765.0,8913.0,18370.5,46.0,26,39431.0,107728.22,200064.0,3,86,34845.0,133176.64,58379.5,8,52,19819.0,Y,23757.5,saving,M,60,MEDIUM,28.0,9,683.0,0,4.0
7443,9582,19679.0,44046.4,8615.96,4051.5,2049.0,9345.0,2237.2,26.0,81,112,20,4,10,453000,1,1,1.0,1,15279.79,78744.56,19400.0,1500.0,59591.1,184878.96,5.0,13,54976.0,19146.32,59762.0,7,12,62082.0,500196.0,5318.0,3,9,27299.0,Y,12407.87,saving,M,44,MEDIUM,12.0,3,866.0,1,18.0
7444,5647,241746.0,5183.0,1725.0,28755.05,126.0,23434.0,23315.26,19.0,43,49,8,56,30,371000,1,1,1.0,1,233727.15,1475000.0,54101.0,6916.0,5798.1,24234.0,11.0,0,135601.0,34980.5,20353.0,43,2,15225.0,52717.12,29362.58,6,106,20841.0,Y,5908.78,saving,M,56,MEDIUM,10.8,6,324.0,1,17.0
7445,3206,123399.0,25305.0,206.0,21134.32,454.0,1819.0,51074.0,56.0,2,16,7,18,55,47000,1,1,1.0,1,102.95,66.0,105000.0,7478.0,26500.2,180325.91,18.0,30,38887.0,194913.0,118445.0,4,11,69243.0,61533.11,17241.37,10,63,113000.0,Y,3580.57,current,M,44,MEDIUM,2.4000000000000004,8,700.0,1,20.0
7446,455,13914.0,3929.64,4275.53,18303.0,1005.0,12679.5,2125.53,29.0,26,11,5,1,5,44000,1,1,1.0,1,185669.2,38173.0,12016.0,19765.0,25941.78,377302.0,55.0,2,28996.0,49007.2,23897.0,5,82,25918.0,33024.95,71659.0,4,79,58242.0,Y,8408.95,current,M,36,MEDIUM,11.200000000000001,4,243.0,1,19.0
7447,19823,40373.0,1007.0,7069.0,9938.1,5985.0,6359.0,2488.0,531.0,22,135,30,31,26,359000,1,1,1.0,1,671039.05,111500.0,2019.0,12965.0,83029.9,43584.0,82.0,0,16429.0,37294.44,154366.0,47,20,23726.0,5875.0,28476.0,3,75,879.0,Y,401.79,current,M,31,LOW,6.6000000000000005,10,956.0,1,10.0
7448,6498,136021.0,61365.28,3422.0,3588.75,2066.0,8065.0,4957.28,15.0,99,13,2,17,1,358000,1,1,1.0,1,166331.66,2300000.0,4458.0,-5998.43994,57304.07,108866.0,77.0,1,23120.0,92531.51,19206.0,1,108,20282.0,128505.31,58864.0,36,79,2600.0,Y,42011.91,saving,M,35,MEDIUM,9.0,4,331.0,0,9.0
7449,4095,3070.0,18500.54,8733.93,22301.77,794.64,5843.0,442.0,60.0,77,67,53,11,42,35000,1,1,1.0,1,18451.05,15300.0,12000.0,5730.0,98231.34,31813.3,90.0,0,35146.0,58494.06,2777.0,3,20,20588.0,19820.98,48357.0,2,11,21155.0,Y,544.31,current,M,30,HIGH,10.0,2,538.0,1,15.0
7450,17871,16735.0,1791.0,4404.0,5348.2,2544.52,9866.33,8672.0,6.0,5,74,21,2,62,378000,1,1,1.0,1,45463.0,52985.43,1018.0,12415.0,18102.0,61851.46,77.0,5,18520.0,43832.79,87096.0,2,104,143859.0,40347.0,38508.0,12,18,17999.0,Y,2048.14,current,M,55,LOW,21.0,5,353.0,1,18.0
7451,6563,165930.0,1122.5,4640.8,35487.14,9082.0,1858.165,8150.0,1.0,1,6,24,25,37,290000,1,1,1.0,1,89104.12,108726.0,51520.0,5439.0,20059.55,30703.0,70.0,1,138000.0,4356.14,66672.0,11,69,55852.0,49874.63,32278.0,4,12,10458.0,Y,17109.61,current,M,40,MEDIUM,12.0,2,233.0,1,18.0
7452,5830,10431.0,4194.47,1628.75,4135.5,7492.01,18875.99,3589.39,26.0,47,13,7,1,68,581000,1,1,1.0,1,471.05,150000.0,1633.0,3897.0,32895.96,82467.51,52.0,7,27540.0,366960.01,129470.0,6,20,86134.0,11438.52,441562.92,38,13,21617.0,Y,16319.34,current,M,35,MEDIUM,9.0,2,866.0,1,2.0
7453,4419,7193.0,58824.0,5873.0,11638.78,37338.0,2833.6,1544.0,4.0,10,1,2,25,5,255000,1,1,1.0,1,104980.25,184514.0,25524.0,1444.0,85621.2,42928.65,11.0,5,31396.0,77243.5,86391.77,0,14,65353.0,14275.75,672.29,12,113,45639.0,Y,2406.08,current,M,62,MEDIUM,16.8,9,713.0,1,11.0
7454,3174,17778.0,10312.0,3036.0,2758.28,19962.5,3004.5,3096.1,1.0,47,46,1,25,5,124000,1,1,1.0,1,827.31,55000.0,925.0,3481.0,805706.25,337165.0,95.0,2,69280.0,18868.0,61724.52,1,67,11562.0,10183.56,36198.0,2,32,37604.0,Y,26879.7,current,F,53,MEDIUM,23.1,7,966.0,1,7.0
7455,8633,14962.0,2417.78,58692.0,4794.42,1583.0,71597.36,1525.0,43.0,1,50,47,2,4,479000,1,1,1.0,1,46962.5,64491.0,15000.0,0.0,3043.25,54704.92,39.0,1,17399.0,16354.09,12098.0,4,7,35334.0,652712.77,18423.0,7,24,72317.0,Y,1612.3,saving,M,66,LOW,18.400000000000002,1,737.0,1,10.0
7456,6367,5523.0,2090.78,223.0,39289.99,2731.0,2312.0,3384.37,32.0,56,4,20,1,47,340000,1,1,1.0,1,360978.37,35000.0,25639.0,7478.0,48238.65,25746.0,46.0,4,40569.0,101041.95,103405.0,3,11,20942.0,56650.6,44035.0,2,18,26827.0,Y,4863.5,current,F,47,MEDIUM,16.2,3,269.0,1,8.0
7457,19307,130797.0,5041.82,1341.0,5621.83,7340.0,28407.995,21605.0,31.0,5,67,4,45,1,225000,1,1,1.0,1,4140.0,120000.0,48950.0,2337.0,74562.0,44911.0,67.0,17,246239.0,14198.0,46012.0,9,34,100093.0,17505.0,53555.5,21,43,30576.0,Y,64612.41,current,M,44,MEDIUM,2.4000000000000004,7,860.0,0,8.0
7458,5687,11952.0,2222.98,2125.0,214708.77,9023.0,5347.0,2148.0,4.0,8,5,7,4,4,58000,1,1,1.0,1,2173459.0,180000.0,4812.0,2351.0,27496.0,5100.5,5.0,4,242348.0,48069.76,68780.0,11,49,26536.0,26232.43,111534.5,5,101,29690.0,Y,4658.01,current,M,38,MEDIUM,7.2,2,713.0,1,19.0
7459,2505,5507.0,48930.67,3009.8,8117.6,2971.0,87048.0,1955.52,23.0,36,89,23,9,4,125000,1,1,1.0,1,213557.15,185097.6,24619.0,8362.0,2977.58,21259.0,16.0,1,42586.0,16443.38,64471.0,2,20,40442.0,17197.06,17536.0,4,65,24028.0,Y,19390.71,current,M,32,MEDIUM,7.2,8,762.0,0,11.0
7460,13944,311649.0,4666.01,14945.78,2629.32,1810.02,2277.0,5898.19,12.0,6,7,17,12,42,403000,1,1,1.0,1,78472.48,3651922.3,3975.0,-5715.49022999999,1917.62,238153.0,1.0,6,36349.29,7597.44,113.73,3,63,16540.0,67106.54,147641.86,21,13,20859.0,Y,3820.31,current,M,53,MEDIUM,13.200000000000001,8,505.0,1,9.0
7461,15032,17883.0,147860.72,1238.0,55290.95,10651.0,2867.0,1132.04,14.0,93,11,47,2,1,98000,1,1,1.0,1,81872.65,132324.01,711.0,844.0,37468.25,43952.0,5.0,7,30608.0,30507.67,44352.0,16,5,15035.0,39380.45,1170.74,62,1,11440.0,Y,3190.88,current,M,34,LOW,8.4,5,445.0,1,13.0
7462,4260,11287.0,52203.81,189.0,3887.65,2162.76,4477.05,389.0,44.0,65,4,45,14,13,481000,1,1,1.0,1,48675.31,446457.0,12611.0,14509.0,11246.0,115268.0,43.0,3,74425.0,31118.57,20162.0,47,11,12124.0,65566.09,369000.75,117,58,6086.0,Y,7378.62,current,M,66,MEDIUM,18.400000000000002,7,244.0,1,7.0
7463,3732,1021.0,12869.9,2666.95,2580.7,17332.82,3129.37,4620.0,7.0,39,9,21,4,2,453000,1,1,1.0,1,1539496.64,93.35,26241.0,7478.0,33186.12,82254.0,70.0,30,36067.46,320984.26,721703.0,1,81,18126.0,26597.51,185269.0,18,54,48938.0,Y,10633.85,current,M,40,MEDIUM,12.0,4,249.0,1,12.0
7464,6750,9028.0,4139.0,5120.0,24000.02,2298.56,2752.56,6196.0,56.0,77,44,25,21,1,461000,1,1,1.0,1,68640.0,100000.0,24094.0,-5998.43994,12323.93,76195.0,5.0,13,29600.0,21161.82,24424.0,2,12,35604.0,26693.0,37184.5,1,72,41121.0,Y,21127.13,current,F,60,LOW,20.0,3,355.0,1,15.0
7465,2125,7839.0,12820.11,436.0,8703.21,16999.17,5734.0,23332.5,7.0,10,13,1,2,20,402000,1,1,1.0,1,15772650.74,115000.0,908.0,-5998.43994,130216.32,74541.0,4.0,36,6457.0,56060.5,39700.5,1,12,23490.0,106669.22,21786.0,58,10,32367.0,Y,4559.13,current,M,42,MEDIUM,6.6000000000000005,5,883.0,0,19.0
7466,5201,297824.0,4286.86,795.56,22717.23,2223.6,2418.1,2696.0,19.0,11,50,12,4,2,74100,1,1,1.0,1,72937.76,144025.0,1526.0,844.0,66200.87,10325.0,42.0,31,28.75,21322.17,32094.0,16,63,91891.0,10053.75,42185.0,4,79,40048.0,Y,7005.65,current,M,222,MEDIUM,80.80000000000001,2,656.0,1,20.0
7467,15841,4072.0,59348.76,843.7,14183.42,1256.25,7872.45,537.67,9.0,11,4,19,3,2,371000,1,1,1.0,1,3950.0,143000.0,7162.0,5439.0,60.05,45181.0,52.0,2,334921.0,14674.0,102521.47,5,63,65741.0,68716.5,20796.0,12,50,23870.0,Y,530.29,current,M,32,LOW,10.8,3,314.0,0,19.0
7468,2603,6157.0,3577.16,13761.43,6256.37,1617.0,30165.7,30385.0,28.0,22,70,1,1,2,371000,1,1,1.0,1,153935.02,13299.0,3792.0,1992.0,50062.31,569.5,59.0,0,44024.0,26120.1,24456.0,50,28,26561.0,86679.55,24672.97,16,120,182542.0,Y,11470.66,current,M,33,MEDIUM,5.2,1,974.0,0,3.0
7469,6248,3219.0,6446.0,4164.0,42941.84,6581.0,14229.0,3188.5,5.0,128,89,4,3,68,212500,1,1,1.0,1,126303.7,26001.0,10635.0,6613.0,24656.64,64252.37,69.0,3,47809.0,23282.0,28793.0,2,81,14304.0,26072.62,15876.0,22,68,1017.0,Y,4932.09,current,M,35,LOW,6.0,2,684.0,1,13.0
7470,4286,15186.0,13589.5,4891.0,7246.0,7852.0,23512.0,2062.0,7.0,10,14,3,6,9,35000,1,1,1.0,1,1500.0,484729.69,1052.0,-6301.0,39243.0,18405.0,42.0,0,17507.0,49856.0,23692.0,4,108,70086.0,14070.61,104186.0,4,25,58881.0,Y,4790.72,current,M,34,MEDIUM,2.8000000000000003,2,799.0,0,20.0
7471,8544,4638.0,1111.0,8798.39,16033.4,1149.84,9541.92,389.0,1.0,17,47,50,6,1,232000,1,1,1.0,1,48422.7,15000.0,3792.0,0.0,182554.34,14797.0,68.0,3,20480.0,5000.8,388.05,6,7,28233.0,29445.0,32325.0,7,2,115.0,Y,304.23,current,F,27,MEDIUM,3.5,8,966.0,0,8.0
7472,17307,26291.0,12001.52,13943.79,3833.25,969.35,18570.0,16434.0,56.0,6,74,50,4,68,249000,1,1,1.0,1,185669.2,52985.43,711.0,5439.0,37737.64,37914.0,91.0,13,41698.0,38063.07,17217.0,4,171,33000.0,35946.03,97242.79,5,113,13404.0,Y,1925.19,current,M,33,LOW,11.700000000000001,4,574.0,0,4.0
7473,13377,12011.0,4463.2,1963.2,3378.65,1653.0,2643.0,1372.55,44.0,2,4,4,1,10,127500,1,1,1.0,1,31845.5,165970.9,38599.0,5773.0,100381.0,4120.0,79.0,17,22612.0,59275.84,28352.0,31,23,132241.0,19811.6,5267.0,117,24,57269.0,Y,756.28,current,M,53,LOW,26.400000000000002,7,269.0,1,15.0
7474,15962,2869.0,8134.3,3926.0,16890.39,5173.0,14777.145,6084.8,2.0,23,29,7,21,30,494000,1,1,1.0,1,199690.5,1425000.0,583.0,1500.0,211744.33,19379.61,4.0,23,21551.0,28703.66,193881.0,70,8,19119.0,39441.5,22588.0,58,12,68583.0,Y,3291.24,current,M,66,MEDIUM,18.400000000000002,6,950.0,1,6.0
7475,19302,17269.0,12503.0,16410.0,2208.71,550.32,22890.94,4817.0,43.0,11,50,1,62,34,127500,1,1,1.0,1,825.0,992890.32,583.0,5439.0,95613.04,381710.73,2.0,4,41934.0,47253.4,40095.0,2,20,7672.0,4786.58,27646.0,2,83,50540.0,Y,235.49,current,M,58,LOW,34.2,8,445.0,1,17.0
7476,14202,14804.0,31919.29,431.52,23612.5,10297.95,11474.0,2105.24,4.0,18,48,2,55,12,525000,1,1,1.0,1,58834.74,32000.0,925.0,0.0,13079.0,43675.0,10.0,19,38350.0,19538.43,35899.0,70,7,11258.0,27076.99,39888.5,40,72,19105.0,Y,4224.92,current,M,37,HIGH,8.5,4,884.0,0,8.0
7477,17539,3367.0,1397.85,3513.34,5511.07,351.28,6290.0,12379.0,1.0,99,11,2,2,41,599000,1,1,1.0,1,27730.68,143000.0,2019.0,-5942.0,295.0,37736.0,89.0,0,44341.0,24835.63,439789.0,50,82,231101.93,16305.16,44632.0,6,61,27628.0,Y,4309.03,saving,F,33,MEDIUM,2.6,8,685.0,0,19.0
7478,162,11628.0,61194.44,1309.0,697.0,13312.0,14758.87,2897.0,26.0,1,47,15,5,12,453000,1,1,1.0,1,3938.25,54388.23,1097.0,1079.0,22460.47,20195.0,11.0,2,16305.0,76414.5,55409.7,4,171,44641.0,82035.55,15686.0,40,22,95800.0,Y,10859.44,current,M,40,HIGH,10.0,5,921.0,1,4.0
7479,4515,211747.0,26187.0,3327.8,8255.9,21837.56,2704.22,3143.36,8.0,10,23,1,6,54,27000,1,1,1.0,1,4230125.0,172131.0,565.0,2337.0,142521.12,19720.0,11.0,3,49270.0,18961.42,59082.0,3,82,52950.0,22006.72,26086.0,7,14,26273.0,Y,6117.54,current,M,47,MEDIUM,2.7,7,355.0,1,2.0
7480,3576,3667.0,12125.99,16889.78,3915.36,2225.0,3779.0,937.95,19.0,10,47,11,71,5,302000,1,1,1.0,1,1424.5,390700.0,731.0,-5998.43994,45601.0,30011.0,69.0,2,20994.0,8547.0,45429.0,1,27,21241.05,96259.13,45051.0,6,3,29981.0,Y,27647.15,current,M,51,HIGH,3.1,6,507.0,1,17.0
7481,14562,17612.0,12231.61,2044.66,21611.75,13439.0,7822.04,239.0,25.0,26,7,24,5,13,47000,1,1,1.0,1,360978.37,470000.0,300500.0,6441.0,3732.25,67202.0,77.0,3,8019.0,205282.8,14952.5,42,78,16492.0,58925.51,12210.0,3,113,19971.0,Y,11470.66,current,F,47,MEDIUM,8.1,2,523.0,1,15.0
7482,368,1356.0,836.92,106.0,7141.46,26717.3,10815.0,11432.0,5.0,9,4,3,27,80,170000,1,1,1.0,1,157260.0,3.0,13873.0,20513.0,23578.11,63956.0,62.0,26,30608.0,14930.0,81241.0,1,23,18767.0,236397.27,237.5,94,113,91747.0,Y,405.12,saving,F,44,MEDIUM,16.8,9,966.0,0,14.0
7483,10814,60994.0,26522.92,906.89,5956.98,794.64,10844.25,1326.0,66.0,2,4,4,1,41,581000,1,1,1.0,1,173.8,105000.0,1060.0,9415.0,246.25,17385.0,11.0,1,28605.0,25589.0,28874.0,1,20,26324.0,47470.08,140166.0,46,22,73067.0,Y,2913.37,current,F,35,LOW,7.5,5,620.0,1,6.0
7484,8804,5584.0,36494.77,3853.75,12663.75,26496.07,15354.3,9307.0,6.0,10,2,1,1,13,300000,1,1,1.0,1,28482.5,67555.67,28985.0,0.0,161179.54,340555.0,16.0,29,27853.0,126076.14,170851.63,3,12,30531.0,75937.61,2525.5,3,8,126115.0,Y,15485.18,current,M,58,MEDIUM,26.6,9,445.0,1,15.0
7485,6861,19189.0,13386.0,48138.0,55394.75,4051.0,13117.9,5773.0,1.0,3,59,5,2,55,326000,1,1,1.0,1,125811.0,71256.0,1567.0,0.0,37379.53,20361.0,35.0,3,41705.0,17431.41,26835.0,17,36,21800.0,60566.44,40427.75,3,9,23939.0,Y,185.53,current,M,35,MEDIUM,9.0,3,966.0,0,11.0
7486,14580,830.0,10284.0,1635.52,5320.52,6714.0,9262.125,2414.0,7.0,10,1,18,4,54,466000,1,1,1.0,1,33784.35,111000.0,130000.0,3735.0,49737.01,31849.0,24.0,1,13870.0,24919.86,172292.0,1,108,57435.0,236598.19,17246.0,9,32,21434.0,Y,3045.41,current,M,222,MEDIUM,181.8,9,269.0,1,17.0
7487,16438,319327.0,17852.0,26764.29,22167.2,1647.0,6551.0,10194.0,20.0,61,6,1,1,1,378000,1,1,1.0,1,360978.37,66.0,925.0,0.0,52707.92,41833.0,11.0,9,22054.0,12216.0,52306.0,5,171,82266.0,39644.39,7939.0,14,38,226905.0,Y,11642.04,current,M,64,LOW,39.6,3,683.0,1,15.0
7488,13214,19044.0,36046.26,6453.0,2540.79,5209.75,42425.055,5309.09,26.0,5,72,1,8,5,252000,1,1,1.0,1,1377313.45,180000.0,694.0,1332.0,44578.6,39020.0,11.0,35,44342.0,3816.0,48339.26,43,2,65358.0,62562.54,35839.0,3,52,49383.0,Y,8759.92,current,M,37,LOW,15.3,2,698.0,1,9.0
7489,8588,16881.0,5307.0,4214.62,4969.64,7579.5,889.0,13202.0,4.0,9,67,47,2,18,519000,1,1,1.0,1,55700.0,12257.0,711.0,0.0,65197.0,38938.0,4.0,23,86227.0,22614.0,302704.0,9,8,26205.45,53901.0,26851.0,7,21,65332.0,Y,416.21,current,M,35,MEDIUM,6.0,9,620.0,0,6.0
7490,13074,4301.0,9174.6,9923.99,855.61,5104.4,11340.0,1616.0,19.0,1,11,53,1,64,421000,1,1,1.0,1,2595.81,152664.0,25000.0,5340.0,28614.88,23746.85,69.0,17,58876.0,19036.75,107615.0,3,13,44059.0,16024.9,75809.0,11,1,226905.0,Y,1137.39,saving,M,47,LOW,18.900000000000002,10,385.0,1,3.0
7491,5592,19195.0,7216.24,47895.69,5093.98,439.9,4217.0,246.0,101.0,26,10,1,1,55,199999,1,1,1.0,1,23221.65,50034.93,694.0,0.0,7117.25,115889.0,50.0,19,28029.0,77238.64,20023.0,9,13,1333.0,22990.88,61217.0,3,50,28437.0,Y,1514.41,current,M,51,MEDIUM,6.2,6,864.0,1,15.0
7492,920,95694.0,68054.0,2406.0,34113.89,3392.25,2165.07,3111.0,2.0,93,64,30,7,30,393000,1,1,1.0,1,58928.67,273221.0,33330.0,-4679.0,32737.77,129672.0,46.0,4,45404.0,25091.13,77262.57,5,44,26536.0,17039.05,58770.96,4,38,65571.5,Y,6109.97,current,M,40,MEDIUM,10.0,9,964.0,1,14.0
7493,4784,13233.0,19207.0,937.15,13705.0,3363.35,6714.375,63745.0,6.0,10,3,22,2,1,329000,1,1,1.0,1,5045.13,655638.0,230000.0,-5998.43994,74474.93,79512.37,62.0,30,59431.0,13253.75,97257.36,2,5,26163.5,55835.5,45465.55,7,103,28752.5,Y,967.45,current,F,35,MEDIUM,9.0,10,485.0,0,19.0
7494,10577,8356.0,5406.44,15571.55,32900.88,248.9,8508.66,10882.0,9.0,85,16,2,15,47,100000,1,1,1.0,1,9608.3,24703.0,2019.0,-6885.0,22589.25,63196.0,39.0,36,44958.0,25456.63,41830.0,17,70,15146.0,26185.5,210511.0,4,14,24459.0,Y,20893.21,current,M,53,MEDIUM,16.5,7,764.0,1,11.0
7495,2580,5107.0,14079.38,4754.99,20079.24,3755.19,6544.5,1517.0,6.0,5,82,3,4,56,236000,1,1,1.0,1,6100.0,170989.0,492.0,35346.0,23733.0,79426.0,39.0,35,46184.0,117828.87,95132.0,1,14,28110.0,337.5,49509.88,21,63,720000.0,Y,3076.25,current,F,50,MEDIUM,12.0,2,683.0,1,2.0
7496,15686,15949.0,8390.58,4949.12,5073.84,2615.06,14194.0,34603.68,16.0,30,74,2,2,37,293000,1,1,1.0,1,7089.7,12257.0,583.0,1465.0,95622.68,51194.0,46.0,5,79029.0,129356.43,27448.0,3,24,34228.0,92184.77,19704.0,40,2,5835.0,Y,10140.0,current,M,27,MEDIUM,3.5,4,296.0,1,6.0
7497,10812,115202.0,4926.86,2232.0,31928.38,3602.3,204.0,19783.0,4.0,9,135,1,51,68,255000,1,1,1.0,1,39851.93,36880.0,908.0,8723.0,69533.13,65588.0,42.0,2,23881.0,74562.15,57176.0,9,1,1615.0,17311.97,263952.0,4,83,95800.0,Y,7297.06,current,M,55,MEDIUM,17.5,10,325.0,1,4.0
7498,13893,33593.0,53886.58,2468.18,4897.5,15602.0,73653.2,1836.0,5.0,23,32,8,2,1,329000,1,1,1.0,1,25506.67,1425000.0,25524.0,-5715.49022999999,31271.53,161568.3,3.0,2,24552.0,37303.88,37125.0,2,1,64973.0,982.5,26706.0,19,12,34979.0,Y,1632.04,current,M,32,MEDIUM,4.800000000000001,4,737.0,1,3.0
7499,5715,13622.0,12111.215,325.0,48393.08,6429.01,19498.42,4957.28,9.0,10,2,18,5,64,352000,1,1,1.0,1,31454.1,1631.11,12016.0,-6301.0,24556.52,49986.72,2.0,3,38950.0,30724.23,48616.4,9,20,7818.0,37559.75,24329.32,2,15,21623.0,Y,4045.65,current,M,31,LOW,8.8,3,855.0,1,18.0
7500,8541,17747.0,7309.75,3285.8,6717.42,6952.98,23784.25,4985.0,24.0,1,87,1,1,1,256000,1,1,1.0,1,80163.75,253000.0,25508.0,9415.0,27559.0,50126.0,77.0,25,45960.0,33054.36,124039.0,2,7,38534.0,28252.1,9243.0,6,8,36056.0,Y,12427.7,current,M,33,HIGH,1.3,3,958.0,0,2.0
7501,10604,5578.0,34130.47,26648.45,6563.76,4906.0,2421.49,21643.19,5.0,56,61,39,3,70,302000,1,1,1.0,1,13849.4,141473.07,13533.0,1429.0,29354.0,39020.0,90.0,4,63812.05,11636.0,34114.0,43,75,67048.0,275923.71,12732.0,6,12,119952.0,Y,599.6,current,F,29,MEDIUM,1.8,5,653.0,1,20.0
7502,9252,10604.0,32826.21,2134.0,6824.86,15602.0,31090.0,2897.0,1.0,23,50,6,17,4,595000,1,1,1.0,1,47024.8,162288.3,25000.0,-3506.17993,64861.25,17444.27,42.0,2,23039.0,36010.11,20628.0,0,13,16000.0,26561.77,40066.0,14,83,35872.0,Y,2222.58,current,M,32,HIGH,2.4000000000000004,7,370.0,1,4.0
7503,11085,12788.0,9126.89,18191.0,14130.71,16831.5,6956.48,3771.34,92.0,29,87,1,27,1,411000,1,1,1.0,1,233727.15,79828.0,768.0,5464.0,55653.24,52545.0,68.0,2,23760.0,9266.5,14777.0,7,171,20032.0,165058.41,28108.5,6,25,21512.0,Y,198.6,current,M,53,MEDIUM,19.8,10,372.0,1,2.0
7504,959,82426.0,741.38,25448.84,92391.27,13439.0,7206.425,1922.0,2.0,84,59,18,3,37,136000,1,1,1.0,1,3413.5,150000.0,11545.0,13135.0,773497.64,24087.0,90.0,17,34607.0,1577.0,344504.72,1,20,24269.0,30051.32,8533.0,3,36,43052.0,Y,19986.76,saving,M,63,LOW,12.9,5,523.0,0,19.0
7505,4082,9887.0,5469.5,24988.34,4865.0,9082.0,30165.7,6069.0,60.0,36,6,57,9,10,187000,1,1,1.0,1,668728.4,155000.0,20887.0,13135.0,33976.96,14088.0,70.0,1,46688.0,72614.74,637.0,1,12,130790.0,17966.43,31045.0,2,13,18085.0,Y,886.36,current,M,55,LOW,35.0,1,614.0,1,11.0
7506,9862,2403.0,4783.135,1628.0,10854.73,1513.0,4391.955,6041.0,5.0,3,32,3,2,16,327000,1,1,1.0,1,15772650.74,64491.0,15477.0,2351.0,71088.0,134420.77,77.0,2,65577.18,46197.37,34538.0,23,108,70019.87,321693.33,30220.0,14,10,60896.0,Y,48.85,current,M,66,LOW,46.0,2,623.0,1,15.0
7507,316,136468.0,3903.76,1547.0,16581.73,1403.0,16869.625,403.52,32.0,31,135,44,4,2,125000,1,1,1.0,1,259573.3,31871.49,24094.0,167.0,4641.62,97654.0,46.0,26,40615.0,27936.87,202445.31,10,17,66.0,40217.93,14696.09,4,32,101.0,Y,2025.23,current,F,36,MEDIUM,11.200000000000001,8,710.0,1,7.0
7508,7224,14475.0,2931.0,10811.15,4568.4,11760.45,60544.535,1017.0,57.0,30,84,8,16,37,272000,1,1,1.0,1,1038501.78,373824.0,25000.0,-5942.0,29320.03,14217.0,62.0,26,30546.0,17774.43,83776.0,11,25,34440.0,144102.92,15449.0,4,21,691984.71,Y,11210.95,current,M,34,MEDIUM,4.2,8,809.0,1,8.0
7509,4170,8669.0,17750.5,342.0,17192.0,4906.0,9692.0,11854.03,2.0,67,13,8,6,2,47000,1,1,1.0,1,568.8,861640.54,2156.0,1411.0,45176.06,25961.0,52.0,3,24323.0,37498.0,19393.0,70,21,19640.6,26123.4,42185.0,3,49,35408.95,Y,3264.08,current,F,60,MEDIUM,32.0,5,370.0,0,15.0
7510,10466,12460.0,61123.06,20113.0,5767.62,79802.0,1362.25,4519.0,57.0,30,50,57,51,81,141000,1,1,1.0,1,97043.6,636413.11,16215.0,6916.0,52974.29,21736.0,46.0,4,11420.0,73867.16,24783.0,3,12,26942.0,34055.24,19764.75,7,68,129018.0,Y,8494.09,current,M,25,MEDIUM,1.5,8,525.0,1,6.0
7511,12636,10630.0,20513.34,21884.0,1402.23,12252.0,2279.0,200.0,5.0,26,50,7,7,58,400000,1,1,1.0,1,116122.65,376694.91,33774.0,-5942.0,37502.51,63620.0,11.0,1,27845.89,15154.48,44508.0,50,14,67798.0,44553.92,82213.79,49,50,20234.0,Y,11470.66,current,M,35,LOW,1.5,6,485.0,1,3.0
7512,4757,8736.0,19647.0,1128.0,2547.31,9564.03,431.92,17736.0,9.0,10,14,5,18,11,199999,1,1,1.0,1,253302.0,53749.0,2644.0,2351.0,76358.35,51674.0,11.0,1,22754.0,21003.33,68240.0,3,30,2555.95,85710.68,44388.0,18,7,14999.0,Y,40397.37,current,M,33,MEDIUM,13.0,2,700.0,1,8.0
7513,6775,19328.0,4945.52,3879.0,5229.94,63861.83,5786.21,2115.0,18.0,2,53,53,36,1,199999,1,1,1.0,1,443.36,32714.0,4000.0,-5942.0,166673.22,61114.04,20.0,0,15344.0,3938.0,26141.0,30,23,35540.0,103246.13,14633.25,4,7,46644.0,Y,6599.76,saving,M,28,MEDIUM,3.2,4,588.0,1,18.0
7514,6074,11027.0,5937.0,43265.22,1945.0,1251.11,3274.22,4919.0,136.0,84,59,5,4,7,75000,1,1,1.0,1,5045.13,330001.0,68000.0,-5998.43994,73353.67,41985.0,10.0,13,38113.0,80612.66,32967.0,2,21,45262.0,149258.18,140303.0,12,18,160000.0,Y,401.79,current,M,33,MEDIUM,10.4,6,737.0,1,18.0
7515,2618,8179.0,14825.76,128.5,9858.25,2488.0,4592.0,6611.7,24.0,14,19,22,3,14,199999,1,1,1.0,1,472.0,29479.0,3850.0,-4679.0,8530.75,300197.0,79.0,26,60815.0,25177.75,2673.0,1,1,55472.0,42513.7,56233.25,117,50,11200.0,Y,9878.87,saving,F,33,MEDIUM,11.700000000000001,8,594.0,1,18.0
7516,15367,6152.0,21826.77,5146.0,18114.83,8840.2,5889.0,710.7,66.0,23,10,21,6,1,315000,1,1,1.0,1,89908.8,175000.0,56305.0,-5439.0,51364.42,151397.0,15.0,2,32009.0,13444.03,60596.89,1,17,26942.0,100721.63,75932.36,22,7,20602.0,Y,7734.92,current,M,53,MEDIUM,13.200000000000001,4,314.0,0,11.0
7517,9341,872.0,3394.44,707.0,7289.65,5626.0,7130.73,8243.0,2.0,43,9,17,9,58,400000,1,1,1.0,1,68908.5,22400.0,5540.0,1332.0,29316.67,20437.0,18.0,13,34064.0,337494.9,114983.5,42,24,20235.0,31573.64,91011.0,2,28,16762.0,Y,7201.74,saving,M,30,MEDIUM,5.0,5,639.0,1,10.0
7518,5579,17626.0,32725.8,42350.9,147649.72,3748.5,4434.05,944.0,7.0,10,2,3,18,9,533000,1,1,1.0,1,5457.0,31033.0,583.0,5730.0,25854.42,81104.0,15.0,2,280.0,44308.87,147220.0,19,11,9692.0,23563.13,13099.79,14,100,52042.0,Y,0.0,current,M,34,MEDIUM,14.0,1,656.0,1,7.0
7519,18400,6884.0,10005.07,10544.0,10104.0,1997.0,2676.12,17635.0,2.0,10,59,1,1,37,67000,1,1,1.0,1,811.0,52098.99,23160.0,8723.0,33136.75,53226.0,90.0,35,183438.0,18611.28,55643.64,23,12,6035.63,28986.88,92888.0,117,80,7350.0,Y,276.99,current,M,44,MEDIUM,9.600000000000001,5,750.0,1,2.0
7520,4677,18423.0,13913.25,1352.5,1082.52,5459.0,23067.61,3100.0,12.0,17,3,39,1,1,429000,1,1,1.0,1,48624.7,560000.0,12337.0,1500.0,30483.68,177128.76,11.0,4,30586.0,15835.2,17119.0,1,70,13358.0,37857.73,577.0,14,83,69906.0,Y,7852.6,current,M,32,MEDIUM,1.2000000000000002,8,658.0,1,3.0
7521,2649,11436.0,80071.78,9251.59,1513.0,322.23,8952.0,6485.0,8.0,99,89,4,6,7,191000,1,1,1.0,1,28482.5,221000.0,300500.0,6916.0,72411.52,108064.0,36.0,1,24006.0,27186.03,22260.0,35,29,35140.0,41689.24,52251.5,6,21,18130.0,Y,871.41,current,M,27,MEDIUM,4.2,7,324.0,0,8.0
7522,5119,18412.0,27105.89,8486.04,4406.0,5735.54,11800.485,5299.0,19.0,1,19,42,3,34,371000,1,1,1.0,1,20747.5,2436.91,891.0,2921.0,46952.84,31396.0,16.0,35,24943.0,46238.7,21392.0,42,30,69306.0,51442.39,17714.0,14,120,21210.0,Y,525.52,current,F,38,HIGH,9.0,10,249.0,1,4.0
7523,883,205675.0,12295.4,5162.01,16480.95,1752.48,8006.0,272.74,7.0,1,44,2,2,98,75000,1,1,1.0,1,306.4,157624.24,49975.0,20324.0,24720.83,73237.0,24.0,0,26003.0,34155.25,111271.0,6,81,48551.0,28593.5,40452.2,1,73,18522.0,Y,5503.63,current,M,44,LOW,7.2,8,956.0,1,6.0
7524,4714,304309.0,14504.85,196.0,34735.0,1268.0,2318.8,3081.0,6.0,65,4,47,1,8,87000,1,1,1.0,1,77855.0,82907.34,51520.0,-3625.0,41707.0,19385.0,94.0,9,26604.0,46695.7,222828.0,43,7,33675.0,23200.0,36653.6,93,52,3684.0,Y,20487.22,current,F,34,MEDIUM,8.4,4,268.0,1,7.0
7525,18795,40675.0,8562.5,21265.7,2136.97,10113.0,9499.215,3821.0,60.0,65,5,8,18,56,587000,1,1,1.0,1,1831780.84,6574.31,1052.0,19453.0,29052.32,120768.0,24.0,4,147845.0,62470.91,76327.0,10,81,14999.0,23602.0,126491.0,47,106,21210.0,Y,4037.92,current,M,27,MEDIUM,4.2,1,966.0,1,16.0
7526,4036,16295.0,1676.85,4898.0,9460.82,2513.0,1246.0,5623.4,26.0,37,10,25,31,54,119000,1,1,1.0,1,8554.5,132324.01,16114.0,5340.0,199.37,50831.0,16.0,4,29076.0,29858.0,229072.5,17,108,44339.0,27179.0,73560.5,117,80,15297.0,Y,10000.34,current,F,36,HIGH,6.4,6,958.0,1,18.0
7527,10856,15947.0,20267.03,2116.0,2758.28,5479.73,9881.65,3035.65,67.0,34,67,4,1,1,298000,1,1,1.0,1,89908.8,296170.08,25000.0,12163.0,130.0,45993.0,42.0,13,27935.0,20059.22,338093.0,2,1,151869.0,25574.04,558.0,6,50,21132.0,Y,170978.53,current,M,223,LOW,121.80000000000001,7,958.0,1,14.0
7528,14345,4216.0,11925.2,1974.0,930.0,2615.06,3772.42,1328.8,5.0,2,46,1,71,7,784000,1,1,1.0,1,186189.0,157000.0,908.0,1931.0,271902.16,44547.0,36.0,1,45635.0,35050.88,15233.0,20,40,17772.0,73086.75,28587.0,4,39,47043.0,Y,2643.11,current,M,32,HIGH,2.4000000000000004,7,748.0,0,11.0
7529,1642,12620.0,4411.96,1524.0,6253.08,502.0,7970.0,57715.0,10.0,7,82,7,45,98,263000,1,1,1.0,1,5809.2,177795.8,13873.0,6613.0,12504.5,61167.0,46.0,19,17051.0,5300.0,149660.0,3,7,20726.0,26548.25,100328.0,21,9,40604.0,Y,759.89,current,M,47,HIGH,16.2,9,812.0,1,5.0
7530,15373,13189.0,13147.85,238.0,14530.73,248.9,10291.86,9270.0,15.0,8,61,2,5,3,579000,1,1,1.0,1,384550.05,43397.0,25524.0,6441.0,83147.0,80005.5,52.0,29,48134.0,27911.0,13607.0,5,75,7700.0,36858.81,553995.0,4,38,39321.09,Y,7930.46,current,M,33,MEDIUM,3.9000000000000004,3,274.0,0,8.0
7531,9588,12386.0,140702.29,4872.83,430.2,6865.0,388.26,692.0,3.0,13,16,24,31,13,358000,1,1,1.0,1,75240.45,278360.16,4198.0,-12179.0,48545.74,33652.0,10.0,7,26300.0,6265.0,72317.0,2,46,26438.0,11768.76,51830.38,2,106,26415.0,Y,1662.97,current,F,62,HIGH,25.200000000000003,2,233.0,1,9.0
7532,9241,402.0,1407.0,2817.8,3145.34,4556.23,5145.62,2928.0,6.0,5,82,5,1,79,100000,1,1,1.0,1,3380.0,64491.0,33330.0,1931.0,26229.25,36979.0,43.0,9,18305.0,31682.19,79232.61,11,81,44339.0,263684.2,58252.0,4,15,29735.0,Y,3476.33,current,M,47,MEDIUM,10.8,2,656.0,0,20.0
7533,10519,5503.0,628.0,6852.0,6132.65,7108.0,23640.8,843.62,32.0,8,110,8,1,25,152000,1,1,1.0,1,4110.0,330001.0,610000.0,0.0,33803.73,74098.0,2.0,3,31396.0,20028.34,196557.37,43,20,19180.0,63810.67,61006.0,28,96,27036.0,Y,103.49,current,M,62,MEDIUM,4.2,2,523.0,1,20.0
7534,7070,1577.0,549.5,1974.0,3867.93,5123.0,20905.65,40907.0,56.0,47,13,39,1,70,20000,1,1,1.0,1,42460.6091,35000.0,23500.0,5730.0,3904.0,26441.0,42.0,19,218500.0,71457.79,357473.14,11,82,21141.45,73813.5,75099.5,3,11,13360.0,Y,2130.05,current,F,30,MEDIUM,8.0,8,708.0,1,12.0
7535,13267,140436.0,8336.73,2138.0,17546.0,1075.92,8418.0,3926.0,53.0,1,16,2,1,4,136000,1,1,1.0,1,32805.0,165970.9,73501.0,16455.0,107245.53,20960.0,16.0,1,44303.0,27355.0,5038.0,4,12,30315.0,29931.41,443396.33,47,73,12817.0,Y,7457.74,current,M,46,LOW,23.400000000000002,3,887.0,0,13.0
7536,8810,310794.0,104831.5,736.0,4721.31,2430.77,1685.52,396.0,44.0,6,50,1,3,56,169000,1,1,1.0,1,2008232.55,70164.0,550.0,-5998.43994,81007.22,18095.0,16.0,35,107548.0,23912.24,31708.5,45,50,43213.0,33078.79,157773.0,12,113,16522.36,Y,9681.84,current,M,35,LOW,15.0,3,243.0,1,16.0
7537,13720,405983.0,28496.31,19279.84,16617.96,8138.25,1229.04,4368.74,2.0,36,71,2,4,37,302000,1,1,1.0,1,115.45,157624.24,3975.0,20513.0,148615.97,7138.0,42.0,43,61236.0,18776.0,65074.0,70,46,14032.0,50929.65,261965.51,2,10,30549.0,Y,2016.93,current,M,35,MEDIUM,15.0,6,269.0,0,6.0
7538,19330,5996.0,15424.0,9214.0,13629.0,6041.8,1778.0,533.0,2.0,77,67,26,18,26,362000,1,1,1.0,1,3380.0,280000.0,73501.0,-12179.0,11290.26,82190.09,77.0,3,229819.0,114694.94,10153.0,4,26,37372.0,55805.67,244008.0,58,18,19078.0,Y,14529.0,saving,F,47,MEDIUM,21.6,6,860.0,1,8.0
7539,5503,2448.0,61194.44,16462.0,10532.0,3536.38,872.0,4087.0,531.0,34,84,1,5,64,378000,1,1,1.0,1,327324.9,76157.6,48374.0,6441.0,664028.73,48854.0,32.0,0,28644.0,48355.55,52262.0,4,81,52880.0,4783.5,92091.29,10,18,142097.0,Y,3959.66,current,M,47,MEDIUM,13.5,2,693.0,1,20.0
7540,6283,16605.0,10875.66,6785.0,13870.87,4985.0,1361.0,2192.5,57.0,128,85,24,9,75,156000,1,1,1.0,1,89908.8,200926.0,3792.0,5464.0,84.25,96503.13,10.0,0,32611.0,72175.95,41359.0,43,50,34971.0,22974.9,283563.54,9,32,16380.0,Y,13486.59,saving,M,40,LOW,18.0,5,653.0,1,18.0
7541,17217,19216.0,2296.0,637.9,18097.49,18617.27,13386.115,702.95,3.0,31,14,25,2,2,371000,1,1,1.0,1,456.1,31730.49,500.0,19765.0,35152.0,15019.0,42.0,1,18440.0,16062.51,32461.5,45,11,54761.13,262697.22,90604.0,43,39,81202.0,Y,227.13,current,M,27,LOW,4.2,7,799.0,0,19.0
7542,12536,9104.0,4647.0,3079.55,3794.0,4007.01,654.37,2027.0,4.0,13,73,20,36,81,141000,1,1,1.0,1,42460.6091,267421.4,68000.0,2819.0,83216.97,111283.0,18.0,19,28351.0,7012.75,121624.5,2,2,22967.0,56581.0,38468.0,49,21,93503.0,Y,1170.49,current,M,55,MEDIUM,31.5,3,558.0,0,10.0
7543,8782,9390.0,4518.54,12643.0,4040.5,2327.0,15818.22,499.4,19.0,99,87,53,60,3,350000,1,1,1.0,1,293418.75,29479.0,48888.0,4889.0,67343.23,26960.0,35.0,19,54831.0,50625.0,67100.0,6,4,72661.0,662676.87,191292.0,5,7,14676.0,Y,5625.0,current,M,66,MEDIUM,32.2,7,928.0,1,20.0
7544,16203,4685.0,2862.0,804.46,6558.21,1980.61,4334.0,2912.0,60.0,46,5,19,1,4,271000,1,1,1.0,1,81284.7,429273.4,130000.0,1014.0,38642.36,34529.0,11.0,0,27265.0,91169.88,26994.0,45,171,29370.0,80617.14,45414.33,7,120,16873.0,Y,421.64,saving,M,60,MEDIUM,8.0,6,755.0,1,2.0
7545,3384,19502.0,3388.51,4872.83,30356.23,348.99,8757.0,9048.0,1.0,3,35,6,4,47,225000,1,1,1.0,1,28482.5,465000.0,19081.0,1500.0,69383.68,25395.08,4.0,3,17386.0,18544.55,163604.0,6,13,49177.0,138262.08,127013.94,8,9,43602.0,Y,4205.62,current,F,30,MEDIUM,9.0,9,629.0,1,17.0
7546,17017,1633.0,17406.0,6852.0,1092.23,299.01,7408.0,7987.0,19.0,5,38,2,2,5,293000,1,1,1.0,1,107686.46,446457.0,3975.0,1444.0,36481.55,199117.0,90.0,9,42893.0,43118.75,11794.0,5,70,50172.95,200400.65,164090.0,14,28,30168.0,Y,6655.9,current,M,29,LOW,1.8,6,866.0,1,13.0
7547,13843,304709.0,31691.0,5020.48,7561.84,5935.0,3508.0,3111.0,2.0,36,6,12,1,86,293000,1,1,1.0,1,2533020.0,100934.0,25728.0,1444.0,14559.01,59330.5,11.0,4,41879.03,67007.2,57075.0,50,82,24061.0,36260.01,19854.0,16,1,141014.42,Y,11358.72,current,M,30,HIGH,10.0,3,620.0,1,2.0
7548,7804,216664.0,29074.3,3503.05,5765.0,448.0,15186.385,1697.0,1.0,13,23,35,4,10,383000,1,1,1.0,1,95.0,191000.0,2644.0,5439.0,114946.97,26753.5,89.0,19,31626.0,55148.2,19075.0,2,8,17905.0,74014.0,28751.0,8,32,31069.0,Y,207.9,current,M,32,MEDIUM,6.0,1,883.0,0,5.0
7549,8708,14507.0,922.0,4931.6,49400.21,10307.84,12679.5,395.0,4.0,18,50,1,25,41,447000,1,1,1.0,1,117168.65,3.59,4699.0,277.0,106435.88,15646.0,24.0,5,24110.0,45882.0,32967.0,4,20,19703.0,42731.54,150347.0,12,8,60227.0,Y,25967.47,current,M,47,LOW,5.4,9,486.0,0,11.0
7550,800,10528.0,56862.0,413.42,16574.0,26074.84,7394.42,668.31,26.0,11,89,1,3,42,256000,1,1,1.0,1,3247.5,356899.37,105000.0,-5998.43994,7566.5,26595.0,4.0,11,16242.0,61423.62,27419.0,2,81,56712.0,28792.65,69751.0,6,18,27359.33,Y,10469.61,current,M,50,HIGH,6.0,3,516.0,1,4.0
7551,5698,8513.0,27109.0,391.5,7038.0,34158.95,29346.0,155149.0,4.0,4,23,2,1,47,49999,1,1,1.0,1,28482.5,237365.38,25000.0,5340.0,47485.0,112061.0,12.0,2,24226.0,56799.75,37563.0,0,8,29608.0,25502.05,91808.0,4,42,27654.0,Y,18638.57,current,F,29,MEDIUM,7.2,6,538.0,1,10.0
7552,4401,17547.0,12603.35,16092.0,59015.0,9519.88,6316.6,3891.73,9.0,93,49,45,44,1,400000,1,1,1.0,1,568.8,18955.76,93651.0,14509.0,813.75,33173.0,20.0,36,54976.0,30013.03,52955.87,31,25,102795.25,40660.46,2818.0,3,79,40565.89,Y,7378.62,current,M,32,MEDIUM,7.2,5,638.0,1,3.0
7553,287,6712.0,4587.2,8929.64,2693.8,1168.0,2304.5,26624.0,6.0,1,14,7,55,47,255000,1,1,1.0,1,47024.8,18300.0,51520.0,4889.0,103736.01,24738.0,90.0,26,22895.0,25958.66,38955.0,8,108,28789.0,34716.97,15747.0,3,13,10347.0,Y,121.95,current,M,33,MEDIUM,11.700000000000001,9,258.0,0,16.0
7554,3726,20133.0,1864.0,1135.0,11964.0,2098.0,3473.52,6452.0,12.0,10,1,4,4,2,224000,1,1,1.0,1,551439.2,992890.32,130000.0,-3506.17993,96997.67,37082.0,43.0,3,21309.0,120441.49,12098.0,6,8,52500.0,97869.02,22499.0,3,63,10274.0,Y,290.23,current,M,35,MEDIUM,9.0,2,743.0,0,20.0
7555,12602,18022.0,1515.85,280.0,11425.0,2639.6,41020.0,956.0,1.0,26,2,18,6,62,53000,1,1,1.0,1,225823.8,202560.0,3975.0,26601.0,769919.56,68910.41,11.0,2,83312.0,71430.87,131101.0,1,9,129842.0,29767.75,83452.0,21,52,29277.0,Y,1293.99,current,M,33,LOW,6.5,5,505.0,1,12.0
7556,18784,9414.0,57144.1,632.0,947.84,15598.0,1463.0,25768.0,2.0,11,84,2,60,70,199000,1,1,1.0,1,18861.8,267421.4,130000.0,2819.0,33214.07,127394.0,74.0,3,29907.0,194.25,4796.86,2,12,31553.0,52888.0,118640.0,6,63,25180.0,Y,191.29,current,F,118,MEDIUM,49.0,1,245.0,0,2.0
7557,18678,11630.0,182814.6,6122.0,2754.27,22181.0,20243.71,17167.0,2.0,18,11,22,1,55,319000,1,1,1.0,1,13829.75,38928.0,768.0,553.0,150496.0,55113.0,16.0,1,14786.0,44067.0,63943.0,8,5,7760.0,17749.84,29472.0,58,63,17088.0,Y,2814.93,current,M,33,MEDIUM,6.5,1,608.0,1,18.0
7558,960,13908.0,16036.49,14851.0,7441.0,1532.95,289.5,1045.0,16.0,77,52,8,1,98,467000,1,1,1.0,1,208710.8,257406.7,594.0,0.0,235.0,86141.0,4.0,36,26954.0,11636.0,54670.6,3,13,50005.0,28645.55,8623.0,6,10,117554.0,Y,7691.96,current,M,31,LOW,6.6000000000000005,5,269.0,0,19.0
7559,13265,11504.0,16384.0,1469.18,9028.29,3730.2,5030.04,1012.0,7.0,99,47,15,27,10,147000,1,1,1.0,1,71191.8,54243.0,639.0,7478.0,39917.0,65083.0,63.0,4,33273.0,40115.77,44130.18,3,12,100807.0,18545.88,100903.5,117,11,50699.0,Y,3206.16,current,M,34,MEDIUM,2.8000000000000003,6,969.0,1,8.0
7560,6148,84792.0,4684.0,3349.18,587.0,911.41,9140.5,8056.0,2.0,83,117,60,2,1,494000,1,1,1.0,1,238733.0,82907.34,130000.0,-4664.0,69155.74,89093.0,11.0,1,21730.0,123634.0,17846.0,3,36,93811.0,69043.5,59686.75,22,79,16423.0,Y,4299.8,current,M,40,MEDIUM,12.0,3,723.0,0,19.0
7561,14986,109063.0,5358.5,3201.0,193410.28,13594.0,17759.0,4885.75,32.0,84,2,39,6,6,400000,1,1,1.0,1,54453.8,68663.61,11580.0,-4679.0,106226.0,112720.0,16.0,6,15893.0,42881.39,4148625.0,6,171,17133.0,24472.26,31706.29,21,12,168.29,Y,31983.48,current,M,58,HIGH,7.6000000000000005,7,887.0,1,11.0
7562,4747,17321.0,21441.0,11662.0,21195.56,870.0,15284.87,954.0,5.0,36,44,18,6,7,383000,1,1,1.0,1,238733.0,5350.0,5797.0,4856.0,106786.3,48521.0,29.0,3,27826.0,32436.05,11834.0,3,81,122476.0,31784.32,58487.0,4,124,75000.0,Y,8417.75,current,F,37,LOW,6.800000000000001,8,643.0,1,19.0
7563,14020,12593.0,26552.0,10529.89,3401.06,5141.5,11333.695,1784.3,10.0,4,67,2,4,56,139000,1,1,1.0,1,75240.45,186474.96,1018.0,12415.0,179748.59,91586.0,12.0,17,47964.0,6754.59,12446.0,43,11,34135.0,263755.26,6895.0,18,28,17486.0,Y,39645.85,current,M,62,MEDIUM,16.8,4,506.0,1,15.0
7564,3715,326728.0,2729.62,2294.72,14738.75,25722.37,6207.0,7950.93,7.0,26,52,1,2,18,28000,1,1,1.0,1,9118.35,138475.4,925.0,167.0,72373.0,30332.0,18.0,2,159991.0,49722.0,42050.0,7,44,26036.0,23783.0,29298.59,2,83,82655.0,Y,7984.41,current,M,29,MEDIUM,5.4,6,516.0,1,4.0
7565,16753,210040.0,7750.0,1496.0,39390.98,12489.0,323.0,1109.58,6.0,46,13,1,1,5,86000,1,1,1.0,1,1417886.15,96096.0,130000.0,886.0,28389.87,146411.0,7.0,14,33022.0,16817.0,32271.0,20,77,2412000.0,30749.03,128333.5,40,104,32367.0,Y,1332.19,current,M,44,MEDIUM,16.8,10,588.0,0,6.0
7566,11701,1296.0,6866.5,3569.0,17597.6,1807.0,4926.385,1815.0,6.0,42,16,3,31,13,362000,1,1,1.0,1,7304.75,189246.0,6100.0,6885.0,23519.66,12742.0,67.0,2,75622.0,50751.53,102081.5,1,82,23071.0,49381.85,24190.0,9,13,19704.0,Y,2066.65,current,F,27,LOW,6.300000000000001,9,583.0,1,8.0
7567,18426,166369.0,29784.97,6243.02,5646.59,10036.18,1471.0,200.0,8.0,23,14,42,20,68,100000,1,1,1.0,1,48796.45,143000.0,48950.0,1992.0,504786.69,20486.0,77.0,0,11614.0,10898.38,19323.0,70,7,43604.0,93915.96,11299.0,3,58,6631.4,Y,31681.87,current,M,66,MEDIUM,9.200000000000001,10,269.0,0,17.0
7568,3271,1957.0,9203.73,21265.7,11357.81,5416.4,14989.48,4516.0,10.0,5,50,1,9,98,19000,1,1,1.0,1,1459500.0,330001.0,908.0,-5439.0,62124.39,4270.0,42.0,43,3365.0,8497.0,86159.86,1,59,18730.0,13700.75,25813.0,11,75,31824.0,Y,6070.15,current,F,29,MEDIUM,3.6,3,488.0,1,3.0
7569,18107,110700.0,1676.0,3201.0,173580.0,4182.0,7588.11,3384.37,8.0,23,11,3,7,56,378000,1,1,1.0,1,34635.25,482147.0,96497.0,418.0,63598.34,35548.5,11.0,1,22590.0,59824.57,15094.0,2,171,25371.0,26420.88,136365.0,21,11,22388.0,Y,7900.88,current,M,44,MEDIUM,12.0,10,505.0,1,17.0
7570,12482,343936.0,1894.0,9669.0,58010.66,2243.3,1426.3,4391.97,7.0,8,50,57,1,20,371000,1,1,1.0,1,720551.4,409168.15,49975.0,6885.0,3473.25,50160.0,11.0,1,30035.0,54470.56,39796.13,8,12,79950.0,18271.0,14796.0,5,63,15969.0,Y,2676.81,current,M,29,MEDIUM,2.7,8,249.0,1,7.0
7571,13970,390939.0,6064.0,619.0,17174.01,10739.0,6710.0,2537.74,44.0,15,49,39,2,98,345000,1,1,1.0,1,45463.0,162423.0,1097.0,5340.0,1372.25,21125.0,103.0,3,88792.0,191577.0,59586.0,0,3,29506.0,58208.78,33331.0,5,35,21717.0,Y,998.22,current,F,37,LOW,6.800000000000001,7,270.0,0,16.0
7572,16766,2676.0,34179.0,269.0,1586.9,1111.0,3087.0,1962.0,531.0,10,13,1,55,70,98000,1,1,1.0,1,1910215.0,191000.0,105000.0,-5998.43994,47428.94,79905.41,0.0,1,33221.0,43090.62,30014.0,0,108,435000.0,53578.77,106803.86,36,18,52596.0,Y,13571.69,current,M,37,LOW,8.5,5,269.0,1,15.0
7573,16367,345388.0,12295.4,152026.44,21313.0,9046.02,7724.72,1787.0,57.0,29,6,1,1,98,520000,1,1,1.0,1,18418.85,12971.0,13533.0,3897.0,295229.02,21259.0,23.0,0,26100.0,119052.51,40253.0,19,16,56830.0,165183.0,80880.0,94,25,33801.0,Y,1650.39,current,M,30,MEDIUM,5.0,3,523.0,0,7.0
7574,11579,18472.0,35492.88,57.0,6872.0,5122.0,224638.0,1384.0,1.0,36,50,1,27,1,28000,1,1,1.0,1,9784.1,861640.54,51520.0,1992.0,40938.1,4718.37,4.0,7,12960.0,50662.74,88209.0,0,8,114263.22,36470.86,40719.5,3,80,89755.0,Y,0.46,current,M,35,HIGH,1.5,1,249.0,1,10.0
7575,8752,137443.0,17137.0,5714.0,9259.8,4249.23,2436.3,448.0,7.0,50,10,57,2,12,98000,1,1,1.0,1,19087.6,78744.56,54101.0,6916.0,107409.25,10989.19,55.0,2,140158.0,213244.13,11094.0,3,6,25004.0,14372.75,72040.0,9,52,28814.0,Y,428.3,current,M,66,MEDIUM,46.0,7,355.0,0,18.0
7576,2138,11548.0,8970.5,1105.0,15390.56,353.2,1530.0,3188.5,7.0,9,4,3,1,62,378000,1,1,1.0,1,4614669.901,19721.85,14904.0,7478.0,27541.25,36631.0,147.0,5,39130.0,26752.57,72782.0,2,14,17250.0,38394.38,11162.0,6,100,25007.0,Y,367.6,current,M,32,MEDIUM,1.2000000000000002,1,355.0,1,13.0
7577,12823,10303.0,22235.73,16889.78,4364.12,5821.0,48109.79,745.0,2.0,46,13,7,26,47,371000,1,1,1.0,1,825.0,19.39,1001.0,4856.0,6967.64,160897.0,11.0,2,34.99,41684.31,92650.0,5,16,111336.0,19650.75,20745.0,2,73,421.0,Y,3398.19,current,M,51,LOW,12.4,7,855.0,1,19.0
7578,3332,94124.0,6876.0,3491.0,6599.1,3933.11,1386.55,5441.0,1.0,36,60,25,1,4,447000,1,1,1.0,1,2014.8,1423567.1,230000.0,-5998.43994,50573.0,107308.0,52.0,13,62244.0,76338.0,78555.67,6,46,12003.0,14407.76,15083.0,27,58,22583.0,Y,4176.3,current,F,60,MEDIUM,12.0,10,445.0,1,16.0
7579,2385,8305.0,10331.65,1468.0,3339.7,22304.86,12256.41,2997.52,101.0,10,64,4,17,12,35800,1,1,1.0,1,13659.0,119898.8,10271.0,1245.0,32641.0,56170.91,3.0,14,109701.0,109364.72,156090.0,2,44,21704.0,50139.0,190506.0,49,63,23832.0,Y,7170.74,current,M,31,MEDIUM,8.8,3,123.0,0,17.0
7580,6633,15144.0,9769.07,1138.0,11955.0,4690.33,1463.95,1729.0,1.0,77,23,48,1,44,371000,1,1,1.0,1,126303.7,234459.4,12000.0,167.0,4324.69,24801.0,0.0,3,16787.0,64284.17,415259.0,2,13,25057.0,5502.59,68042.0,40,10,43378.0,Y,1394.66,current,M,66,MEDIUM,9.200000000000001,9,606.0,1,13.0
7581,5771,11286.0,31661.68,4694.0,8742.32,489.72,20132.245,6044.0,531.0,5,3,41,2,4,784000,1,1,1.0,1,12010.0,245000.0,3570.0,-3506.17993,61143.36,94694.82,103.0,1,6875.0,24825.72,61462.0,1,29,581.0,25794.75,15042.29,4,22,25166.0,Y,353.52,current,M,50,MEDIUM,21.0,5,464.0,1,8.0
7582,2206,7532.0,9678.9,3183.72,4396.3,3649.0,12886.0,1634.0,28.0,26,9,4,8,70,429000,1,1,1.0,1,98062.5,230000.0,96558.0,-4679.0,3564.0,26203.0,42.0,36,31908.0,4888.21,194944.0,6,9,20834.0,69165.03,81934.0,3,0,81140.0,Y,880.0,current,M,42,MEDIUM,19.8,9,537.0,1,16.0
7583,5058,31527.0,50853.52,5486.0,23286.0,1545.0,22939.34,10014.0,4.0,128,7,3,60,10,199999,1,1,1.0,1,370776.0,15000.0,100000.0,1500.0,13937.13,143262.0,4.0,1,52392.0,48891.0,321685.0,2,8,55774.0,85710.68,20242.0,7,24,48122.0,Y,13818.69,current,M,47,LOW,8.1,7,575.0,1,12.0
7584,15131,86052.0,1509.0,6866.0,3461.0,7067.0,24317.41,16023.61,57.0,83,60,10,1,20,359000,1,1,1.0,1,13659.0,12971.0,10271.0,1500.0,502.0,90204.0,77.0,0,37123.0,10441.37,40238.0,70,2,25276.0,122328.49,28751.0,16,83,27706.0,Y,8761.23,saving,M,28,MEDIUM,4.0,1,536.0,1,8.0
7585,10428,9247.0,12820.11,7223.0,13836.46,976.0,2188.0,3326.0,4.0,61,16,17,21,13,34000,1,1,1.0,1,68640.0,118976.0,12560.0,7984.0,84701.93,66753.0,95.0,19,28250.0,26775.89,52086.0,4,27,24338.0,202278.11,217151.0,3,18,19040.0,Y,1006.67,current,F,32,LOW,1.2000000000000002,7,269.0,1,2.0
7586,5435,299035.0,28017.0,3358.4,4138.84,3578.0,334.15,847.0,92.0,60,9,42,6,11,340000,1,1,1.0,1,720551.4,30007.0,4812.0,167.0,35947.62,203933.0,62.0,1,20621.0,43717.35,41066.5,0,29,27906.0,182504.51,39291.0,42,12,18953.0,Y,3342.06,current,M,40,LOW,2.0,10,653.0,1,18.0
7587,5104,9920.0,49576.085,8200.0,24627.0,2499.0,19467.88,4703.96,52.0,42,42,11,56,26,34000,1,1,1.0,1,2002.36,36880.0,155205.0,19453.0,7716.25,55298.0,29.0,5,15670.0,95144.6,41941.0,2,84,25296.0,30475.32,17741.0,40,14,169915.0,Y,5522.82,current,M,53,MEDIUM,16.5,6,623.0,1,3.0
7588,7087,8517.0,922.0,6243.02,3675.92,2023.82,2860.295,41199.0,1.0,17,9,2,2,30,395000,1,1,1.0,1,5914.15,100934.0,25000.0,5439.0,94121.86,16915.0,52.0,4,12678.0,35068.58,35553.0,0,5,23014.0,11840.0,32439.0,44,39,53389.0,Y,114.32,current,F,49,MEDIUM,11.600000000000001,10,424.0,1,11.0
7589,8677,12541.0,1917.99,1824.77,14628.0,16358.28,3183.27,1424.0,7.0,4,50,4,3,54,190000,1,1,1.0,1,59703.93,545000.0,15477.0,10210.0,46865.63,43663.0,46.0,78,29329.0,8773.0,98028.0,0,82,130790.0,27766.75,21966.0,40,58,13757.0,Y,16544.16,saving,F,62,MEDIUM,42.0,1,523.0,1,5.0
7590,3222,8445.0,10802.505,3025.04,3636.46,5368.44,2779.305,1146.0,60.0,5,9,2,55,30,139999,1,1,1.0,1,12.19,1372927.14,11580.0,2351.0,86062.75,156648.94,29.0,33,17134.0,21478.81,210993.0,23,108,43589.0,50129.88,45309.5,117,49,57697.0,Y,411.78,saving,M,32,MEDIUM,9.600000000000001,3,799.0,1,14.0
7591,8032,6989.0,875.0,2948.84,33950.31,4161.0,14392.0,587.0,80.0,85,30,2,1,55,100000,1,1,1.0,1,41883.6,27867.3,51520.0,6613.0,35028.36,76582.0,90.0,3,54976.0,70852.25,196484.5,8,87,52141.87,19728.5,86551.0,3,57,60896.0,Y,15242.4,current,M,33,MEDIUM,13.0,10,523.0,1,11.0
7592,14195,8163.0,8896.75,15086.0,11590.69,3346.0,1843.3,1540.0,531.0,85,74,4,2,1,400000,1,1,1.0,1,115.45,31033.0,787.0,1079.0,254.0,36958.5,95.0,3,47789.0,273202.12,88377.0,41,38,62910.06,87262.58,163197.0,7,113,76.0,Y,2660.04,current,M,35,MEDIUM,12.0,5,658.0,1,2.0
7593,18119,3035.0,3542.0,2132.0,3896.0,2017.2,4158.5,337.0,12.0,9,4,57,1,79,393000,1,1,1.0,1,10008.0,222222.0,3975.0,20324.0,12940.25,7726.0,8.0,36,63212.0,21274.5,107754.86,6,13,81117.0,259860.3,45864.0,40,83,27146.0,Y,1789.02,current,M,42,LOW,17.6,10,809.0,0,15.0
7594,6495,215252.0,1758.0,42350.9,10210.57,604.0,1688.0,10137.04,28.0,85,74,7,3,55,402000,1,1,1.0,1,690.0,7194.0,100000.0,5340.0,108046.47,285.41,1.0,4,81210.0,665128.55,74617.86,23,25,42600.0,69857.75,99047.0,94,11,22800.0,Y,470.72,current,M,33,LOW,9.1,5,595.0,1,14.0
7595,16954,40141.0,3585.02,680.0,3140.89,6294.09,5470.73,9388.0,10.0,43,44,8,55,10,595000,1,1,1.0,1,27316.5,152664.0,96497.0,6885.0,56100.43,45871.72,11.0,1,21706.0,34294.28,82.5,20,50,58462.0,21941.6,30397.0,6,12,178274.0,Y,761.26,saving,M,37,LOW,6.800000000000001,9,858.0,1,9.0
7596,5860,13876.0,7308.805,23128.0,17510.0,37437.0,7281.125,1069.0,29.0,23,3,30,3,75,110000,1,1,1.0,1,20728.1,52098.99,1727.0,5773.0,30874.0,66976.76,48.0,1,63611.0,40478.15,49691.0,2,11,42214.0,49398.0,14706.0,39,7,31935.0,Y,981.64,current,M,42,MEDIUM,2.2,5,269.0,1,9.0
7597,4201,11836.0,2257.34,8525.0,19137.69,8127.0,5613.56,5474.0,4.0,29,87,60,25,56,371000,1,1,1.0,1,13668.25,248710.0,15477.0,1992.0,88414.68,54808.0,35.0,3,22105.0,5873.92,25778.19,4,12,26114.0,49702.25,32798.0,94,104,13813.0,Y,3284.42,current,M,53,LOW,33.0,10,737.0,1,18.0
7598,848,392695.0,17319.89,1584.0,16484.07,330.9,92748.18,4544.0,6.0,10,13,50,5,26,232000,1,1,1.0,1,32951.25,211406.19,48950.0,-6885.0,42383.26,72100.0,24.0,26,21242.0,52666.17,24670.0,9,7,58036.0,100738.24,88783.0,12,80,15362.0,Y,5511.79,current,M,33,LOW,11.700000000000001,6,314.0,1,19.0
7599,18521,9786.0,2143.0,14227.05,130013.22,2551.0,3977.0,12134.27,44.0,81,20,5,62,37,114000,1,1,1.0,1,66191.5,17000.0,73217.0,0.0,39217.0,73584.0,46.0,6,3112.0,206064.0,129896.0,30,20,52876.0,97302.81,113890.13,3,6,50227.0,Y,1031.14,saving,M,32,HIGH,3.6,10,385.0,1,7.0
7600,11700,4980.0,3656.0,4844.0,23742.66,12554.18,2864.26,1986.72,1.0,99,32,1,44,58,186000,1,1,1.0,1,115818.74,76157.6,3000.0,5340.0,98553.61,37973.0,147.0,4,212471.0,361198.21,28115.0,6,108,31450.0,92119.0,56859.5,117,79,105461.0,Y,3351.93,current,M,50,MEDIUM,12.0,1,330.0,1,6.0
7601,15673,2268.0,40830.77,916.93,3827.0,4085.0,4014.0,2203.0,4.0,18,50,30,2,64,371000,1,1,1.0,1,6440.0,31033.0,50000.0,-6335.0,159266.81,57540.0,90.0,4,75076.84,40402.09,34977.0,1,81,109146.0,15411.08,46830.0,2,13,18341.0,Y,6925.21,current,M,30,MEDIUM,8.0,5,558.0,1,4.0
7602,6456,6647.0,7117.69,6990.5,9983.74,151.01,11247.54,3225.98,44.0,22,13,47,1,3,16000,1,1,1.0,1,56.0,244483.3,19081.0,3735.0,276064.39,28871.0,1.0,6,10996.0,43820.0,26727.0,0,7,31408.0,29440.84,37392.0,4,11,26886.0,Y,13792.25,current,M,47,MEDIUM,24.3,3,466.0,1,8.0
7603,16862,8309.0,3141.92,11141.0,24687.2,1729.04,2546.155,1103.0,2.0,8,52,4,1,1,483000,1,1,1.0,1,322.02,74599.9,925.0,24326.0,30514.76,15035.0,67.0,1,23394.0,14052.14,65611.0,42,70,69009.0,66942.72,47292.75,9,11,30520.0,Y,14351.85,current,F,35,MEDIUM,4.5,7,268.0,1,17.0
7604,6420,13978.0,16204.32,2618.06,5682.22,4618.0,6257.33,2922.23,56.0,25,85,52,31,4,74100,1,1,1.0,1,123295.4,10701.0,230000.0,-5942.0,35858.53,19889.0,4.0,4,291262.0,15537.46,48083.0,0,82,23948.0,72418.84,61879.0,3,57,35294.0,Y,22289.04,current,M,30,LOW,4.0,2,626.0,1,2.0
7605,15101,5273.0,5329.22,49690.0,13136.0,9046.02,2881.0,4580.0,28.0,99,35,7,2,1,381000,1,1,1.0,1,3413.5,22400.0,155205.0,6441.0,23885.42,363653.0,89.0,3,82114.0,66300.25,33039.0,3,24,78060.0,28003.6,110762.0,94,64,41702.0,Y,1680.63,current,M,62,LOW,4.2,6,867.0,0,14.0
7606,12140,5348.0,28440.5,5759.0,96892.51,1087.39,20775.0,2163.57,3.0,23,20,1,2,3,271000,1,1,1.0,1,58928.67,36000.0,891.0,10210.0,60770.75,80696.0,11.0,23,21528.0,3487.45,29395.0,6,20,15035.0,35948.97,218460.19,11,11,37211.0,Y,2176.83,current,M,28,LOW,3.2,8,505.0,1,2.0
7607,15595,5245.0,70307.73,3920.0,20883.0,7052.27,5941.92,34603.68,6.0,77,87,1,2,17,120000,1,1,1.0,1,319201.67,165000.0,24619.0,1931.0,12149.0,33613.0,20.0,1,24136.0,92976.87,53612.41,47,11,31600.0,132681.72,44709.0,8,83,12243.0,Y,8008.67,saving,M,34,MEDIUM,11.200000000000001,1,595.0,0,16.0
7608,13577,12878.0,5520.0,8882.57,2594.29,3838.0,5681.0,9654.0,92.0,10,7,17,9,1,462000,1,1,1.0,1,31454.1,2436.91,655.0,5773.0,24459.25,28510.0,2.0,26,33022.0,3542.84,31286.0,3,82,26438.0,13957.86,28903.0,18,8,57600.0,Y,2231.46,current,M,39,MEDIUM,19.0,8,796.0,0,20.0
7609,18724,16069.0,4547.56,2854.21,1931.0,11276.0,3681.0,21421.0,29.0,22,30,1,15,4,472000,1,1,1.0,1,117168.65,105000.0,54101.0,5464.0,91366.82,120252.0,46.0,36,15299.0,23247.12,33980.5,6,20,88260.0,86385.0,414858.13,93,24,24934.0,Y,316.04,saving,M,31,MEDIUM,9.9,1,796.0,1,14.0
7610,4788,149.0,44275.0,10544.0,7816.5,11581.0,1331.85,1776.0,7.0,26,4,1,9,1,56000,1,1,1.0,1,3380.0,184514.0,519.0,0.0,70437.55,44305.0,5.0,0,48134.0,219694.0,160017.68,4,63,172300.0,38792.97,44418.0,7,83,27480.0,Y,9732.69,current,M,42,MEDIUM,2.2,8,713.0,1,9.0
7611,2535,18879.0,8345.0,3902.0,7735.0,9508.7,16121.0,3649.0,1.0,67,89,35,2,79,300000,1,1,1.0,1,22086.05,64309.52,25000.0,12174.0,34756.87,52546.0,72.0,3,66994.0,11439.5,168731.0,3,20,24347.76,92078.63,87946.0,3,24,22856.0,Y,8359.12,saving,M,33,HIGH,2.6,2,573.0,0,7.0
7612,1670,8967.0,48180.98,6129.47,24553.2,3167.97,17145.0,11839.32,44.0,19,13,47,14,6,329000,1,1,1.0,1,41883.6,52991.0,5981.0,0.0,57093.25,21565.0,0.0,2,36072.0,17627.4,25597.0,6,5,32847.26,39121.94,73520.0,9,100,8628.0,Y,602.7,saving,M,32,MEDIUM,3.6,6,249.0,1,20.0
7613,19774,5472.0,2948.0,3332.48,3123.98,5991.0,900.36,9934.61,4.0,18,6,3,16,1,124000,1,1,1.0,1,154363.25,30453.0,50000.0,9415.0,15669.2,34455.5,2.0,0,77470.0,6265.0,41721.0,4,20,33120.0,23184.17,64827.0,2,35,12063.46,Y,2582.11,current,M,27,LOW,3.5,2,883.0,1,17.0
7614,8162,7002.0,27483.07,3863.48,33882.35,8132.3,26731.01,2124.19,12.0,10,4,1,1,3,49999,1,1,1.0,1,22086.05,338430.0,1273.0,4856.0,72730.88,14611.0,7.0,3,299000.0,38124.96,59886.0,4,70,9173.0,119001.61,11072.0,3,8,860.0,Y,1232.52,current,M,29,MEDIUM,9.0,3,445.0,1,7.0
7615,9007,1692.0,15608.21,2361.55,60519.0,4384.0,3775.48,442.27,17.0,29,84,1,2,54,114000,1,1,1.0,1,38566.25,221000.0,583.0,-6885.0,23465.56,37571.0,18.0,9,86138.0,28053.0,24788.62,2,25,5681.0,144044.21,36097.0,4,36,810.0,Y,573.04,current,M,33,MEDIUM,2.6,9,249.0,1,2.0
7616,12997,13524.0,67095.85,2096.0,42489.78,2733.35,8789.81,4294.0,10.0,11,117,41,18,8,369000,1,1,1.0,1,41070.0,36359.0,126001.0,4889.0,18250.0,328480.0,46.0,1,29175.0,49565.02,78155.0,2,14,14999.0,30803.76,32883.02,58,58,17890.0,Y,134773.51,current,M,28,LOW,6.4,7,503.0,1,7.0
7617,17503,14224.0,1393.17,8684.66,16465.7,1752.48,1363.52,1264.0,14.0,18,1,2,5,98,232000,1,1,1.0,1,5688.0,25404.0,12560.0,35346.0,22545.35,7078.0,24.0,0,18380.5,56317.68,44636.0,4,50,18397.0,9696.99,10412.86,3,24,24037.0,Y,6894.01,current,M,66,LOW,13.8,1,802.0,1,8.0
7618,18318,16592.0,2034.375,739.91,8730.86,1615.0,14190.5,12888.76,10.0,44,52,1,3,56,575000,1,1,1.0,1,4120.0,45000.0,1611.0,1444.0,21565.88,17283.91,7.0,35,35466.0,32613.47,39120.0,2,171,31000.0,11711.78,40337.0,18,57,16900.0,Y,6559.11,current,M,46,MEDIUM,15.600000000000001,10,801.0,1,2.0
7619,19531,13259.0,12936.0,1591.0,38436.6,6209.0,15686.0,2713.0,26.0,36,14,60,4,18,232000,1,1,1.0,1,8256.6,76365.24,38599.0,10455.0,36898.23,37892.0,46.0,1,96870.0,25428.28,217190.5,1,82,33960.0,8497.32,10259.0,3,18,68192.0,Y,5578.04,saving,M,66,MEDIUM,32.2,7,446.0,1,19.0
7620,16926,297480.0,1167.0,8204.64,42548.0,6090.04,40696.38,954.0,10.0,84,11,3,3,91,300000,1,1,1.0,1,86865.0,280000.0,24619.0,1079.0,37720.39,90203.0,24.0,23,21896.0,201232.73,34750.0,11,23,33717.0,576608.01,66923.0,49,17,62122.0,Y,9970.54,current,M,60,MEDIUM,4.0,9,249.0,0,2.0
7621,5080,15500.0,7216.24,2479.9,9025.48,3010.7,3254.0,6065.0,29.0,2,6,6,2,3,160000,1,1,1.0,1,105453.65,33668.0,8764.0,5464.0,10257.25,11024.0,36.0,0,35267.0,27013.99,43317.0,3,28,17997.95,275923.71,475.0,2,54,28247.0,Y,5864.65,current,M,40,MEDIUM,18.0,3,771.0,1,12.0
7622,2265,14837.0,14399.04,901.73,9591.45,10461.0,6457.0,7458.82,12.0,36,4,60,4,54,461000,1,1,1.0,1,3575.5,91747.0,15000.0,-6281.37987999999,91387.0,43664.0,23.0,3,156942.0,39089.0,24989.0,50,23,27509.0,46142.3,58035.01,58,68,715.0,Y,2621.39,current,M,56,MEDIUM,14.4,10,658.0,1,13.0
7623,12786,9612.0,10223.34,60495.0,4327.6,1684.1,524.38,1361.0,92.0,30,102,30,27,1,34000,1,1,1.0,1,89104.12,145000.0,130000.0,1444.0,42425.78,23114.0,8.0,31,14293.0,18525.28,25926.0,0,63,69579.0,19484.5,135085.76,94,100,41868.5,Y,8482.93,current,F,35,MEDIUM,13.5,1,643.0,1,8.0
7624,14385,89832.0,15525.11,2349.0,53798.97,2368.0,33448.0,2297.45,14.0,6,9,2,18,56,28000,1,1,1.0,1,95.0,2436.91,825.0,4889.0,8778.75,243132.59,29.0,5,33878.0,85773.14,494643.0,6,16,31917.0,256984.21,36803.0,21,42,40565.89,Y,1018.35,current,M,35,MEDIUM,15.0,3,866.0,0,19.0
7625,7123,211794.0,11364.55,1275.0,19435.92,17917.0,14624.19,2207.0,136.0,3,87,1,5,11,395000,1,1,1.0,1,225823.8,278360.16,12000.0,6916.0,45323.2,730252.0,36.0,3,14530.0,22469.23,70092.0,1,108,28115.0,46531.31,15916.27,5,35,34796.0,Y,9636.17,current,F,46,MEDIUM,2.6,1,485.0,1,6.0
7626,1227,3001.0,3890.5,9845.98,9581.84,3148.0,1332.0,3188.5,17.0,2,35,18,1,5,410000,1,1,1.0,1,61761.4,110135.86,1036.0,2351.0,396539.7,120750.0,4.0,31,19070.0,102472.25,11177.0,17,24,34406.0,96804.84,32669.0,47,11,34796.0,Y,304.23,current,M,47,LOW,2.7,7,628.0,0,15.0
7627,7882,7416.0,2797.5,1777.02,13512.8,9357.52,2975.0,4783.79,25.0,23,6,45,18,68,186000,1,1,1.0,1,39851.93,5241.0,678.0,-4679.0,50453.36,277536.0,43.0,7,104545.0,12880.49,55306.0,4,50,2410.76,299973.4,39329.0,4,79,56930.0,Y,2873.41,current,M,33,LOW,13.0,7,324.0,1,9.0
7628,785,6061.0,12472.0,1405.09,4297.925,22344.55,11993.25,465.0,5.0,7,44,1,2,22,369000,1,1,1.0,1,272677.25,128314.74,20887.0,1444.0,134642.05,22106.0,0.0,28,21696.0,24627.0,157501.0,5,108,55149.0,28929.01,21819.92,3,63,173268.0,Y,2305.47,current,M,53,LOW,3.3000000000000003,5,801.0,1,17.0
7629,3437,13394.0,1523.14,3285.0,1025.36,10133.0,3206.96,8393.0,12.0,3,72,60,16,26,337000,1,1,1.0,1,153410.0,100934.0,19400.0,6613.0,25186.21,19978.0,10.0,1,56028.64,122208.79,300351.0,35,108,15146.0,49326.79,268535.0,16,3,62491.0,Y,1853.81,current,F,30,LOW,10.0,5,723.0,1,10.0
7630,584,14281.0,3616.06,8228.16,6678.62,5626.0,3737.0,14611.0,66.0,17,35,18,55,12,16000,1,1,1.0,1,124064.65,82907.34,73501.0,0.0,32029.3,23384.5,12.0,2,101397.0,82936.5,42935.0,2,63,35071.0,54619.78,163030.0,41,52,37413.0,Y,342934.67,current,F,30,HIGH,7.0,3,123.0,0,9.0
7631,15555,9241.0,85494.45,2465.0,11959.44,6154.0,23039.0,7762.6,24.0,23,11,50,21,18,74100,1,1,1.0,1,41883.6,134890.0,1633.0,-3506.17993,32284.71,33868.0,46.0,1,212471.0,31615.31,128857.0,2,8,27231.0,20149.0,2072.0,36,18,88978.0,Y,4213.42,saving,M,62,MEDIUM,4.2,10,658.0,0,13.0
7632,12205,2294.0,5440.6,8243.4,1323.99,6377.0,7432.42,5683.0,8.0,8,5,4,46,81,83000,1,1,1.0,1,13659.0,152391.0,508.0,2337.0,17110.87,31238.51,3.0,3,17900.0,8299.0,15051.0,2,20,20237.0,2154.0,75287.0,6,32,40848.0,Y,4249.48,current,M,223,MEDIUM,203.0,1,249.0,0,17.0
7633,9207,4508.0,3556.0,5430.8,3066.11,11532.99,5613.56,389.0,3.0,42,7,7,62,47,471000,1,1,1.0,1,41070.0,12257.0,16215.0,5439.0,49017.69,4491.0,90.0,7,52543.0,82918.92,35019.0,6,5,21184.0,71014.66,14323.0,12,10,30435.0,Y,4555.0,current,M,35,HIGH,1.5,10,505.0,1,19.0
7634,7827,11795.0,5660.0,2136.0,1649.0,1791.85,6263.44,2559.38,6.0,13,59,35,2,7,520000,1,1,1.0,1,568.8,465000.0,2019.0,167.0,59629.96,22059.02,10.0,2,32915.0,9483.0,34360.74,43,25,10202.0,38362.54,64939.0,12,106,38000.0,Y,1360.05,current,M,28,MEDIUM,5.6000000000000005,1,750.0,1,8.0
7635,10246,2873.0,1382.0,2247.0,28755.05,93849.0,58449.0,8189.0,24.0,10,7,25,6,8,379000,1,1,1.0,1,47.45,12257.0,25524.0,-5439.0,53236.09,11784.8,90.0,6,18502.0,62976.88,27745.0,1,81,70086.0,98566.13,19653.94,3,37,17540.0,Y,16644.56,current,F,55,LOW,21.0,10,355.0,1,20.0
7636,13290,10762.0,1857.74,902.0,406.84,6351.0,356.03,722.74,10.0,30,13,26,9,79,345000,1,1,1.0,1,71020.5,280000.0,1611.0,12965.0,64703.75,58301.0,69.0,1,21290.0,115234.38,2241516.0,6,12,14472.0,209316.81,12149.0,1,18,35228.0,Y,14952.39,saving,M,67,MEDIUM,14.100000000000001,2,363.0,1,14.0
7637,12506,291686.0,121960.0,659.0,24747.18,3172.0,431.92,1474.0,6.0,10,4,10,15,55,84000,1,1,1.0,1,13730.0,399.09,3570.0,-6335.0,201811.0,26433.0,67.0,13,38113.0,40890.7,52604.0,3,6,72111.0,45068.17,51830.38,49,58,23024.0,Y,12198.87,current,M,66,MEDIUM,4.6000000000000005,4,867.0,1,20.0
7638,7795,18236.0,1044.0,4692.66,60802.37,6648.14,6675.47,12815.0,9.0,85,19,2,2,6,423000,1,1,1.0,1,4230125.0,106398.0,11580.0,5773.0,132958.15,16959.0,42.0,4,33777.0,49875.27,35031.36,6,36,190123.0,30019.04,7784.0,2,61,31108.0,Y,34723.41,saving,M,222,MEDIUM,40.400000000000006,7,299.0,1,14.0
7639,6308,12017.0,1578.5,7191.05,2109.03,7831.98,6246.5,6829.18,2.0,4,46,1,6,1,155000,1,1,1.0,1,63073.6,170989.0,13873.0,0.0,27611.29,45224.28,39.0,1,10800.0,16210.04,54062.0,2,82,20500.0,68607.56,31520.0,1,12,39953.0,Y,12312.37,saving,M,66,MEDIUM,27.6,5,445.0,1,14.0
7640,3592,108853.0,11770.7,1579.0,4100.73,1588.41,26831.09,513.75,4.0,1,19,35,2,1,100000,1,1,1.0,1,16317860.0,446457.0,13873.0,167.0,64104.16,94871.0,70.0,5,18790.0,34077.48,29862.12,8,81,27192.0,23186.21,48505.0,5,32,27122.0,Y,79.07,current,F,62,HIGH,4.2,3,698.0,1,5.0
7641,8362,3072.0,1980.0,1606.0,13807.35,4038.0,10918.04,2768.0,19.0,3,135,18,6,53,462000,1,1,1.0,1,45000.0,470000.0,49000.0,-5998.43994,37691.89,18117.0,69.0,0,65382.0,97328.78,300189.0,43,105,63827.0,13477.0,22743.0,7,100,37548.0,Y,1002.95,current,M,34,MEDIUM,2.8000000000000003,7,536.0,1,11.0
7642,11151,20543.0,21175.36,2210.0,6882.0,4167.44,6111.04,6308.88,53.0,18,71,26,55,5,595000,1,1,1.0,1,168.75,52991.0,925.0,0.0,44328.86,53739.0,11.0,1,14874.0,11851.0,201.76,45,8,30987.0,64186.0,157908.6,5,2,40954.0,Y,5341.23,current,M,42,HIGH,17.6,6,537.0,0,20.0
7643,19065,17610.0,13195.61,15261.0,64714.5,3167.97,5563.2,3906.0,6.0,18,67,4,55,16,59000,1,1,1.0,1,26360.0,12000.0,787.0,3897.0,295977.44,24823.68,11.0,5,14454.0,5782.75,60574.0,11,0,31214.0,237457.14,17904.0,1,58,17732.25,Y,1688.11,current,M,27,LOW,4.9,3,658.0,1,18.0
7644,16774,4037.0,2988.76,7223.0,21191.92,29664.0,11418.0,1474.0,14.0,9,49,18,6,44,184000,1,1,1.0,1,127004.3,182359.2,1266.0,5730.0,447259.75,53609.0,16.0,7,25260.0,273202.12,26737.0,1,78,87100.0,9251.75,95492.0,4,58,25255.93,Y,8367.27,current,M,47,MEDIUM,16.2,6,805.0,1,4.0
7645,2478,400240.0,11160.79,7907.0,2678.0,961.0,1933.5,5316.5,44.0,7,49,21,4,54,525000,1,1,1.0,1,526.25,1423567.1,126001.0,886.0,20935.7,90106.24,10.0,3,32126.0,126237.63,578.91,3,14,34327.0,113233.79,121562.0,3,61,32395.89,Y,946.17,current,M,40,MEDIUM,18.0,4,748.0,1,8.0
7646,6157,19260.0,29307.28,10147.0,678.92,656.67,1361.0,3053.62,3.0,23,1,1,2,1,138000,1,1,1.0,1,3938.25,1543.85,12337.0,553.0,17139.59,23248.0,7.0,26,24076.0,52125.05,113029.5,6,171,27167.0,11884.54,48049.0,2,28,19148.0,Y,748.74,current,M,47,MEDIUM,16.2,8,354.0,0,9.0
7647,1993,11893.0,21043.37,9839.0,12007.92,276.0,2279.92,11432.0,2.0,65,44,6,55,5,471000,1,1,1.0,1,13829.75,93.35,254000.0,-5998.43994,61108.06,45207.0,29.0,4,18164.0,18063.2,101666.0,4,87,19119.0,53943.5,29514.0,4,24,24822.0,Y,7997.95,current,M,42,MEDIUM,19.8,5,656.0,1,14.0
7648,1507,170481.0,44566.95,51246.0,2818.98,2952.0,54987.5,51265.0,10.0,77,105,1,2,42,483000,1,1,1.0,1,89908.8,82907.34,2156.0,1500.0,46587.88,46874.0,11.0,4,19047.0,29456.65,67116.0,5,1,72390.0,37071.13,63031.0,58,38,21837.0,Y,26029.19,current,F,30,LOW,1.0,3,355.0,0,17.0
7649,1369,306322.0,1183.52,1784.25,46156.06,3880.89,18351.0,777.0,5.0,37,1,47,2,54,556000,1,1,1.0,1,6100.0,633323.83,33774.0,-6301.0,36138.0,7279.88,147.0,3,1808.0,23051.77,10493.0,11,25,33442.0,7457.0,125470.83,2,103,19111.0,Y,13769.33,current,M,53,MEDIUM,19.8,6,394.0,1,11.0
7650,15319,5174.0,30629.38,4950.77,4126.11,2684.0,5223.85,3328.34,57.0,18,14,3,1,2,68000,1,1,1.0,1,4731234.6,225000.0,527.0,4150.0,13821.34,53088.68,46.0,19,30370.0,32696.43,43582.0,9,81,87926.0,226757.52,90589.0,39,7,15809.0,Y,18440.05,current,M,39,HIGH,9.5,10,748.0,1,7.0
7651,1329,13939.0,5291.68,1711.0,5317.0,17692.0,1042.0,525.0,6.0,4,35,11,8,5,70000,1,1,1.0,1,28844.0,45000.0,1209.0,1444.0,93000.65,41436.0,24.0,43,43893.0,3671.0,135874.4,35,8,25898.0,40802.3,74496.0,62,38,23790.0,Y,9887.32,saving,M,42,MEDIUM,4.4,5,710.0,0,2.0
7652,6967,265.0,9849.0,3362.0,2761.14,2798.82,5713.15,5727.0,3.0,83,47,21,2,44,124000,1,1,1.0,1,259573.3,506383.85,96497.0,6885.0,31711.62,22061.5,77.0,1,29875.0,44281.59,3861481.11,35,59,18316.0,21796.18,76268.88,62,58,29557.0,Y,7013.96,current,M,32,LOW,6.0,5,750.0,1,2.0
7653,15936,11535.0,30137.78,80.0,46153.95,2598.0,43421.0,168.0,6.0,84,2,20,2,34,360000,1,1,1.0,1,750.6,101.24,643.0,1465.0,34774.95,7726.0,20.0,26,24193.0,219294.24,47317.87,4,8,5050.0,51201.25,170454.0,3,65,45418.0,Y,1320.75,current,M,35,MEDIUM,13.5,7,867.0,0,9.0
7654,11250,29525.0,1081.69,4667.0,522.0,3307.0,68256.0,342.0,2.0,99,2,24,1,13,750000,1,1,1.0,1,6100.0,252369.0,248000.0,418.0,438713.25,131822.74,70.0,2,68722.0,51295.13,27195.5,1,8,103368.98,30864.58,2778.0,4,58,29078.0,Y,8597.02,current,M,29,MEDIUM,4.5,2,723.0,0,18.0
7655,15528,10262.0,20813.0,8200.0,26125.0,970.0,5137.16,3745.0,531.0,46,64,3,48,56,304000,1,1,1.0,1,102494.2,1628.0,300500.0,1954.0,48538.67,146562.0,5.0,5,15485.0,29729.69,23336.5,9,9,223640.0,51283.93,18021.0,4,24,36056.0,Y,5935.83,current,M,42,MEDIUM,4.4,6,355.0,1,19.0
7656,4309,5413.0,5362.71,643.85,31278.4,5682.2,18822.575,11923.0,1.0,26,5,18,3,3,290000,1,1,1.0,1,3950.0,230000.0,25000.0,24326.0,18071.3,48854.0,11.0,15,22655.0,11954.0,39065.0,7,50,58758.0,54631.0,105154.0,3,43,38901.0,Y,355.54,current,M,63,MEDIUM,17.2,5,354.0,1,9.0
7657,8214,182569.0,5104.0,7222.0,19103.48,3947.0,14061.0,658.0,7.0,3,3,3,46,98,155000,1,1,1.0,1,3380.0,33668.0,3975.0,5730.0,25388.75,35268.0,55.0,1,9536.0,170978.37,297.0,2,20,71248.18,11949.89,54981.46,3,58,90818.0,Y,825.93,current,F,60,MEDIUM,28.0,10,371.0,1,13.0
7658,5020,19359.0,2925.5,4640.8,8647.85,26074.84,1792.54,1276.91,1.0,10,59,7,1,55,378000,1,1,1.0,1,89908.8,17000.0,4895.0,1465.0,89682.36,21871.0,42.0,17,31591.0,58562.87,52755.1,3,18,41311.33,108484.17,46451.0,14,12,23695.0,Y,10986.56,current,M,33,MEDIUM,2.6,1,653.0,1,10.0
7659,7987,205869.0,2704.0,6852.65,10207.11,63861.83,4134.75,4043.0,17.0,36,87,24,3,56,340000,1,1,1.0,1,115.45,74599.9,2644.0,12174.0,28853.75,71802.0,11.0,1,27845.89,62109.42,7918.95,19,20,73532.0,309461.86,55847.57,7,75,20937.0,Y,8255.71,current,M,56,MEDIUM,7.2,3,758.0,1,2.0
7660,9533,2835.0,11988.4,3552.5,4754.5,1849.09,7753.82,4730.0,44.0,29,135,39,6,4,186000,1,1,1.0,1,5045.13,98110.0,583.0,0.0,459648.55,21871.0,55.0,25,38213.0,22655.44,12348.0,0,29,77764.0,7384.77,115602.0,12,80,29557.0,Y,7613.93,current,M,63,MEDIUM,30.1,9,488.0,0,9.0
7661,7067,12612.0,38993.54,1447.42,18850.52,9817.88,19850.0,321.0,44.0,30,72,42,2,42,17000,1,1,1.0,1,4120.0,202560.0,130000.0,2921.0,72420.99,29577.0,4.0,30,17322.0,41684.31,40670.0,24,50,6996.0,51913.73,55925.84,7,50,130000.0,Y,7961.88,current,M,36,MEDIUM,6.4,3,299.0,1,8.0
7662,4697,10908.0,2536.5,1113.0,10973.46,168.0,20078.03,2191.0,26.0,23,8,7,2,8,0,1,1,1.0,1,5324.49,610000.0,8333.0,-6301.0,15018.35,25574.0,8.0,3,12895.0,19998.15,72925.0,1,84,40826.0,50418.0,23560.53,6,75,12686.0,Y,1521.65,saving,M,63,LOW,30.1,4,244.0,0,7.0
7663,5209,298589.0,6209.05,8525.0,62470.93,1395.0,20963.92,2727.0,28.0,3,9,1,2,39,525000,1,1,1.0,1,160.2,84.32,22000.0,9827.0,24233.81,20195.0,46.0,0,11376.0,43150.45,21913.0,0,25,26919.0,330888.73,51058.0,94,113,25595.0,Y,17599.29,current,M,28,MEDIUM,1.6,5,394.0,0,6.0
7664,192,17886.0,1431.34,35987.0,3555.01,29654.84,15772.0,2486.2,3.0,22,50,1,2,6,298000,1,1,1.0,1,170590.75,60481.0,1209.0,5464.0,49107.0,95448.74,63.0,3,35227.0,60145.71,22274.0,4,23,46922.0,201543.08,51599.0,3,12,15167.0,Y,868.21,current,M,66,MEDIUM,27.6,9,468.0,1,2.0
7665,2457,166626.0,1465.77,812.0,61221.71,4402.39,2783.8,899.4,44.0,66,60,44,12,8,98000,1,1,1.0,1,4039029.9,136466.0,13533.0,20790.0,13798.0,93.5,46.0,3,24840.12,305486.99,38216.0,3,8,49088.0,104276.13,55146.0,8,26,24579.0,Y,349.0,current,M,60,MEDIUM,32.0,7,506.0,1,13.0
7666,7879,11105.0,51095.04,4850.0,8451.38,18804.0,2184.0,4061.0,80.0,10,35,53,25,79,520000,1,1,1.0,1,4720.0,120541.0,48950.0,0.0,21087.25,21612.0,18.0,6,19132.0,32747.64,26342.45,1,14,38303.11,58234.63,66219.0,10,32,16391.0,Y,17498.33,current,M,42,MEDIUM,15.4,9,809.0,0,16.0
7667,12967,141379.0,2888.0,8882.57,3359.5,11653.0,18554.71,646.0,2.0,18,59,1,11,47,402000,1,1,1.0,1,291969.2,24703.0,30071.0,12415.0,19370.15,109318.16,46.0,9,43584.0,10065.0,12683.0,3,7,16604.0,113472.95,76567.0,3,24,61667.0,Y,20.1,current,M,67,MEDIUM,28.200000000000003,10,247.0,1,8.0
7668,16089,8544.0,36584.3,3503.05,12306.0,13997.0,29280.0,12670.16,7.0,44,9,1,25,17,127500,1,1,1.0,1,6440.0,12000.0,4895.0,1465.0,110648.71,34151.0,27.0,5,15874.0,148001.64,194275.0,5,87,824.5,98712.02,51305.54,3,36,14172.0,Y,3743.37,current,M,49,MEDIUM,20.3,5,394.0,1,10.0
7669,17103,168109.0,17262.1,1520.81,6021.18,6090.8,66874.0,500.0,57.0,11,49,18,5,1,47000,1,1,1.0,1,140262.4,64091.0,15654.0,-5715.49022999999,39018.97,19405.0,90.0,15,14909.0,102266.7,87096.0,3,5,24621.0,119157.52,243183.0,3,26,43627.0,Y,1288.12,current,M,36,HIGH,4.800000000000001,5,628.0,1,11.0
7670,6533,10125.0,6691.21,1513.0,73567.0,4813.02,1885.36,105631.0,52.0,77,4,53,2,56,17000,1,1,1.0,1,9649.6,636413.11,1018.0,-5998.43994,16299.73,88439.0,62.0,5,23876.0,82687.35,7918.95,2,82,52260.0,21500.18,200774.0,5,103,73074.3,Y,4026.42,saving,M,34,MEDIUM,1.4000000000000001,6,274.0,0,15.0
7671,19186,12353.0,4502.32,6906.04,25092.6,2544.52,20963.92,2704.8,1.0,13,4,53,1,17,341000,1,1,1.0,1,13279.75,397463.9,148474.0,5464.0,17390.12,5274.0,11.0,1,25186.34,51246.27,150862.0,43,20,1700.0,42857.3,13669.0,4,27,11083.0,Y,35913.65,current,M,47,MEDIUM,10.8,6,536.0,0,16.0
7672,9439,3539.0,14851.0,986.0,12776.11,1921.0,1332.0,48455.25,7.0,3,23,57,46,62,524000,1,1,1.0,1,111.0,1400000.0,6100.0,5340.0,69537.37,47301.0,39.0,7,20050.0,24435.0,268638.0,43,17,2002.0,166140.63,16047.0,21,79,36102.0,Y,10245.38,current,M,51,MEDIUM,27.900000000000002,1,468.0,1,9.0
7673,11132,175372.0,4619.02,5396.0,948.8,1852.7,714.6,3067.36,2.0,8,11,3,1,56,58000,1,1,1.0,1,48624.7,52991.0,100000.0,2206.0,91642.37,47797.0,32.0,31,23593.0,19925.25,13459.0,2,44,33176.0,155937.39,124724.5,6,120,15656.0,Y,1431.6,current,M,34,LOW,11.200000000000001,9,538.0,1,19.0
7674,7932,1312.0,10749.195,3214.0,744.5,2571.0,7044.305,6196.0,531.0,43,20,3,6,16,358000,1,1,1.0,1,166331.66,90829.65,26241.0,6613.0,29987.23,136230.29,10.0,1,77509.0,1064.0,48928.0,47,25,20032.0,34541.47,130199.65,36,15,5835.0,Y,128741.28,current,M,35,MEDIUM,15.0,5,626.0,0,15.0
7675,10924,18211.0,20479.94,3483.0,22717.23,3743.0,1568.56,1991.0,5.0,3,44,1,2,3,255000,1,1,1.0,1,250631.8,385218.7,105000.0,1429.0,2146984.3,29890.82,4.0,1,59186.0,83098.31,30702.0,1,20,25500.0,31419.31,203160.0,1,38,23750.0,Y,3351.93,current,M,38,LOW,12.600000000000001,8,644.0,1,20.0
7676,17988,6869.0,2703.24,133.0,2053.94,11459.38,3564.0,762.0,2.0,1,20,47,31,1,53000,1,1,1.0,1,9118.35,138475.4,1526.0,-5998.43994,61586.25,5108.0,11.0,4,81477.45,12627.0,23074.0,3,8,263400.0,20959.29,27509.0,13,12,122.0,Y,2271.12,saving,M,29,MEDIUM,7.2,8,633.0,1,12.0
7677,2696,8274.0,9282.22,64804.0,500.5,1013.83,4158.5,7153.0,9.0,17,38,8,6,7,170000,1,1,1.0,1,60050.0,1084598.7,28912.0,6260.0,36970.72,26700.0,94.0,0,28466.0,18428.27,367368.13,2,38,15741.0,253.0,11040.87,94,50,18180.0,Y,20.32,current,M,38,MEDIUM,12.600000000000001,5,249.0,1,14.0
7678,11768,6756.0,1106.5,7082.0,8424.25,1859.0,8376.0,2537.74,6.0,85,3,4,26,11,369000,1,1,1.0,1,165907.57,455873.9,1526.0,844.0,23368.09,164871.0,11.0,1,20155.0,106814.01,6207.0,3,5,34039.0,45622.0,746930.0,14,7,68778.0,Y,262.11,saving,M,33,MEDIUM,13.0,8,633.0,1,20.0
7679,19757,30665.0,26781.84,402.0,1520.38,3722.2,21776.91,26325.0,29.0,10,13,50,1,13,20000,1,1,1.0,1,12869465.0,64491.0,130000.0,1245.0,45866.17,93529.0,32.0,35,18837.0,35619.0,155335.0,3,12,97769.0,56624.0,26954.0,2,21,19950.0,Y,27044.55,current,M,64,MEDIUM,26.400000000000002,8,858.0,0,7.0
7680,18018,38164.0,6063.0,805.57,125484.86,342.0,7753.82,9351.0,60.0,128,14,2,2,34,188000,1,1,1.0,1,825.0,201000.0,148474.0,-6885.0,14785.23,50319.0,18.0,1,33759.0,54979.95,85585.0,2,20,2951.0,47466.58,35468.0,3,57,619.42,Y,9723.67,saving,M,33,MEDIUM,5.2,6,269.0,0,18.0
7681,19437,14925.0,22948.85,1673.06,3461.21,10346.0,1896.3,1620.0,19.0,30,64,2,2,79,84000,1,1,1.0,1,209110.5,154121.9,12105.0,0.0,40210.0,84081.02,3.0,5,34208.0,15818.0,16685.0,43,6,3368.0,50741.69,190559.0,2,0,79315.0,Y,5250.53,saving,M,36,MEDIUM,14.4,3,818.0,1,12.0
7682,11163,7101.0,2146.1,4017.0,7719.98,1223.0,9492.48,11816.69,12.0,32,27,4,5,42,47000,1,1,1.0,1,13279.75,162288.3,36114.0,1500.0,84328.51,3846.0,67.0,4,24559.0,193520.98,16212.0,47,82,35694.0,61975.25,51191.0,3,73,28825.0,Y,656.2,current,M,35,MEDIUM,9.0,4,801.0,0,14.0
7683,1506,295153.0,42866.54,23146.0,2596.0,9415.95,21765.565,8697.0,6.0,26,47,3,1,34,302000,1,1,1.0,1,48624.7,52000.0,50000.0,1465.0,134587.0,41083.0,12.0,2,35579.0,19911.31,46213.0,1,171,28595.0,98430.0,21126.0,5,124,57507.0,Y,13582.85,current,M,53,MEDIUM,9.9,9,370.0,1,6.0
7684,6041,9508.0,12642.53,2895.1,4629.89,1934.0,33490.0,5378.0,5.0,8,5,53,37,13,670000,1,1,1.0,1,6440.0,360000.0,49975.0,4314.0,63303.68,7138.0,0.0,26,28005.67,5676.37,115578.0,1,13,37488.0,2700.0,223306.0,13,22,24158.0,Y,230.12,current,M,66,MEDIUM,9.200000000000001,7,746.0,0,16.0
7685,11267,306164.0,7190.63,3295.0,6891.92,360.0,14942.11,770.0,7.0,2,64,50,3,4,184000,1,1,1.0,1,138272.2,29479.0,787.0,553.0,44016.02,2540902.41,43.0,19,49270.0,25869.09,21425.0,2,86,30803.03,179172.75,33304.0,62,10,160000.0,Y,12248.94,current,M,37,MEDIUM,11.9,9,249.0,1,16.0
7686,10967,15841.0,7952.79,2294.72,14205.07,2568.22,15870.82,925.34,32.0,5,19,1,3,8,306000,1,1,1.0,1,70310.6,15300.0,5905.0,0.0,18613.0,121904.75,11.0,30,20245.0,19443.25,86159.86,2,171,9265.0,41874.6,8059.0,4,18,15819.0,Y,4011.83,current,M,120,MEDIUM,70.0,6,743.0,0,12.0
7687,9584,16723.0,18168.65,40718.42,376.0,4906.0,143.0,2454.9,57.0,30,60,11,5,3,141000,1,1,1.0,1,47299.5,356899.37,925.0,3735.0,70007.69,632.0,11.0,3,24828.0,4041.0,182908.0,1,5,12927.51,7257.94,41408.0,2,11,717.0,Y,4677.62,current,F,33,MEDIUM,2.6,10,299.0,0,18.0
7688,4325,12594.0,9339.27,3079.55,15399.87,4410.52,30505.525,1654.5,136.0,7,72,42,4,4,512000,1,1,1.0,1,140262.4,116000.0,2214.0,-5998.43994,123064.19,119761.0,7.0,43,34900.0,11453.0,84289.0,3,5,27624.0,182189.46,19850.21,7,133,28651.0,Y,2605.91,current,M,33,MEDIUM,13.0,7,314.0,0,2.0
7689,18729,16205.0,8218.01,441.06,387.0,3409.0,23670.065,440.0,9.0,10,102,1,3,8,358000,1,1,1.0,1,186189.0,253000.0,798.0,-5998.43994,80764.75,20350.0,5.0,35,39293.0,13708.12,61891.0,3,14,53247.0,27372.79,25387.0,6,76,48957.0,Y,45325.74,current,M,62,LOW,8.4,3,506.0,1,5.0
7690,3943,1963.0,2733.21,680.0,3514.78,1689.28,21064.715,1545.65,26.0,26,5,1,3,31,429000,1,1,1.0,1,2184.0,5241.0,18389.0,-3506.17993,8428.0,37312.0,4.0,3,26511.0,46185.85,88542.0,5,44,40692.0,203746.25,139388.5,11,79,43587.0,Y,5004.84,current,M,32,MEDIUM,1.2000000000000002,10,330.0,0,10.0
7691,3151,319964.0,5896.29,1131.0,168039.62,106.0,22865.85,4355.0,4.0,1,13,1,8,11,156000,1,1,1.0,1,8758.2,100000.0,4198.0,12415.0,56807.86,62592.0,35.0,0,1000000.0,58343.62,3303.0,9,44,54200.0,76343.64,132272.0,14,42,15286.0,Y,4099.05,current,M,33,MEDIUM,11.700000000000001,7,538.0,0,4.0
7692,19528,18811.0,26608.82,1446.0,4938.21,7555.0,1540.0,17167.0,6.0,1,653,1,6,58,190000,1,1,1.0,1,28844.0,200926.0,34550.0,-4679.0,44463.25,83941.0,16.0,5,18357.0,980.0,202653.0,4,81,41559.0,254196.81,56926.0,5,24,34049.0,Y,774.28,current,M,34,MEDIUM,14.0,5,245.0,0,10.0
7693,8232,215753.0,2202.54,26764.29,7347.92,149.0,3130.4,2475.04,8.0,7,16,7,3,42,100000,1,1,1.0,1,4110.0,6.0,11580.0,13135.0,27641.03,47049.0,52.0,2,12075.0,62787.08,19169.0,9,20,25043.0,105491.08,266541.0,43,124,37842.0,Y,4147.4,current,M,34,MEDIUM,7.0,4,945.0,1,20.0
7694,3375,17900.0,44210.15,454.0,2147.93,766.0,3775.48,4784.32,26.0,50,13,1,3,14,574000,1,1,1.0,1,46730.2,380000.0,2214.0,-4612.00977,43922.76,54851.0,16.0,4,18561.0,170088.52,79782.0,6,63,32356.0,32032.42,18224.0,117,58,34567.0,Y,1615.51,current,M,56,LOW,28.8,10,445.0,1,4.0
7695,8133,11329.0,5299.28,9339.02,3750.43,6324.92,22233.75,31440.88,6.0,10,23,8,1,1,263000,1,1,1.0,1,12057.2,3084.5,19081.0,1500.0,248474.77,37020.0,39.0,35,28824.0,7366.5,47770.0,5,11,18548.0,74979.64,44283.0,21,7,80946.0,Y,65.49,saving,M,30,MEDIUM,4.0,4,299.0,1,17.0
7696,19777,341220.0,20543.54,1062.95,2475.0,913.4,1991.495,2878.0,16.0,66,89,8,45,79,124000,1,1,1.0,1,7438.11,182359.2,26241.0,-5998.43994,62634.27,121815.0,10.0,26,99416.0,146011.3,68182.0,2,17,9500.0,25502.05,63288.75,12,12,53946.0,Y,6820.43,current,M,56,MEDIUM,3.6,2,683.0,0,7.0
7697,6790,16471.0,2439.0,2266.0,4809.28,91.0,7756.81,4695.52,1.0,99,1,22,2,47,16000,1,1,1.0,1,154363.25,506383.85,925.0,5439.0,36970.72,298019.0,23.0,7,41250.0,8156.09,701725.63,3,89,32771.0,5633.65,1205.0,8,10,71513.0,Y,28177.66,current,M,35,MEDIUM,9.0,6,249.0,1,18.0
7698,804,125005.0,40920.21,3946.0,8492.94,13482.9,2391.0,1675.0,43.0,18,82,47,4,1,100000,1,1,1.0,1,12328.75,22400.0,50000.0,2000.0,62261.36,234135.4,46.0,26,40886.0,123191.5,72986.5,3,108,16974.0,28126.76,49185.0,12,68,25000.0,Y,1446.07,current,F,32,HIGH,3.6,3,374.0,1,17.0
7699,5735,20331.0,3764.2,7237.0,10397.22,12633.0,13459.965,8706.0,10.0,99,32,1,2,9,375000,1,1,1.0,1,54201.87,83402.0,3570.0,167.0,53353.82,3229.0,11.0,36,45556.0,34069.0,35815.0,7,20,23038.0,158408.65,90916.0,8,18,9721.0,Y,32868.59,current,M,29,MEDIUM,1.8,5,805.0,0,8.0
7700,7840,6589.0,8629.15,994.2,6137.81,4618.0,7206.425,10011.0,10.0,30,59,8,27,25,391000,1,1,1.0,1,368412.25,76365.24,15654.0,1465.0,76699.08,12739.0,10.0,31,275606.54,77243.5,115110.0,0,7,52055.0,77809.28,8815.0,13,73,2730.0,Y,3741.27,current,F,55,MEDIUM,7.0,9,448.0,1,19.0
7701,5400,19312.0,851.0,18197.05,18286.03,1149.84,6035.0,2189.0,32.0,30,87,30,15,1,212500,1,1,1.0,1,137260.8,2436.91,12016.0,6613.0,77820.0,106978.0,10.0,31,40823.0,21492.06,14824.0,17,29,32912.0,2945.0,352021.0,6,106,15352.0,Y,25260.75,current,M,34,LOW,7.0,5,244.0,1,14.0
7702,13526,319232.0,3670.35,6934.44,108522.05,39796.09,3901.0,11233.0,101.0,10,59,18,6,44,44000,1,1,1.0,1,192215.0,7194.0,583.0,1931.0,88703.29,17408.0,77.0,3,18153.0,41684.31,20616.43,1,82,240925.0,89032.25,120858.25,3,80,25780.0,Y,2161.22,current,M,33,MEDIUM,6.5,7,633.0,1,20.0
7703,2903,212651.0,23657.84,883.8,1528.5,3929.5,372.1,379.0,25.0,6,7,1,14,44,104000,1,1,1.0,1,65640.0,12000.0,16114.0,1332.0,27823.5,35477.0,4.0,13,15384.0,23233.5,29556.0,23,171,98957.0,265154.13,64071.64,2,18,108740.0,Y,1557.79,current,M,53,MEDIUM,13.200000000000001,9,805.0,1,16.0
7704,15879,7574.0,33763.66,18077.0,5056.34,2376.6,6122.0,14701.0,3.0,99,50,1,3,8,255000,1,1,1.0,1,165907.57,12971.0,78309.0,5773.0,323353.76,131049.0,6.0,3,234297.0,132285.46,16479.0,4,42,16187.0,38472.47,11867.0,12,18,256626.0,Y,253.59,current,F,60,MEDIUM,8.0,7,937.0,1,14.0
7705,11353,2459.0,1712.0,28035.0,4344.61,1245.85,5830.195,2472.0,24.0,14,86,22,9,5,20000,1,1,1.0,1,960000.0,358480.64,925.0,1954.0,36048.35,84022.5,74.0,26,80685.0,15331.8,71175.36,11,36,54558.0,60132.02,50852.0,9,61,21120.0,Y,7555.83,current,M,55,LOW,28.0,10,394.0,0,18.0
7706,2251,7874.0,16870.67,373.0,13444.22,11744.48,16157.9,29748.06,7.0,23,112,5,23,8,114000,1,1,1.0,1,39851.93,118976.0,925.0,-6301.0,275542.16,1656422.0,87.0,4,17116.0,45046.41,71509.0,43,4,13184.0,62574.04,50958.0,117,73,16682.0,Y,14653.27,current,M,27,MEDIUM,2.8000000000000003,5,123.0,1,5.0
7707,11234,19969.0,35929.0,654.0,8327.55,16311.0,20951.55,11432.0,7.0,6,84,42,9,81,472000,1,1,1.0,1,690.0,197800.0,519.0,-3053.0,150153.76,36559.0,69.0,14,19159.0,12752.0,48127.0,9,25,35818.0,42109.17,70020.0,3,21,17785.0,Y,8603.94,current,M,34,MEDIUM,7.0,4,448.0,1,12.0
7708,6321,9900.0,9918.89,24657.17,9767.23,4641.0,5049.75,23629.3,3.0,18,82,4,2,44,84000,1,1,1.0,1,526.25,163.14,93651.0,-5998.43994,13338.25,75853.0,103.0,7,45994.0,26568.23,86202.0,1,63,14003.0,96763.0,37113.0,9,63,107436.0,Y,1000.89,saving,M,30,HIGH,1.0,10,700.0,1,17.0
7709,12581,12062.0,16996.475,6838.04,3031.89,2935.0,4498.7,816.0,56.0,2,4,1,1,1,199999,1,1,1.0,1,126303.7,64883.0,1611.0,2921.0,41229.0,74536.39,5.0,23,25388.0,32291.94,48786.95,7,11,27906.0,41621.38,34548.0,12,18,30499.0,Y,9351.78,current,M,34,LOW,7.0,4,867.0,1,12.0
7710,3436,339576.0,20672.47,8389.0,22064.5,15533.0,2622.21,2237.2,57.0,23,67,8,12,12,378000,1,1,1.0,1,23221.65,108788.0,1018.0,0.0,22282.9,176913.0,40.0,35,16980.0,15449.69,24551.85,2,40,54405.0,32038.0,65170.88,47,38,32853.0,Y,9226.6,saving,M,66,LOW,41.400000000000006,6,968.0,1,8.0
7711,13580,299176.0,50702.07,4275.53,128008.57,33111.0,5246.99,4772.0,92.0,5,16,1,1,42,263000,1,1,1.0,1,89908.8,15036.0,73217.0,19765.0,140639.71,86388.0,11.0,36,71368.0,28967.43,57079.0,35,6,266416.0,8042.5,49731.83,12,24,26570.0,Y,19817.94,current,F,32,MEDIUM,10.8,8,683.0,1,3.0
7712,8389,746.0,13772.86,18242.72,14751.5,2767.93,28683.0,465.0,17.0,42,64,12,3,2,100000,1,1,1.0,1,46451.38,60040.0,48374.0,2000.0,30180.1,49800.0,11.0,36,51278.0,122905.78,14788.0,70,29,485000.0,108352.3,57167.78,4,18,51530.0,Y,10174.63,current,M,34,MEDIUM,8.4,3,818.0,1,12.0
7713,2359,6682.0,13912.99,14015.4,18600.0,11619.8,913.78,16647.04,1.0,99,35,4,25,1,74100,1,1,1.0,1,148705.0,375000.0,20887.0,6885.0,36007.63,46141.0,147.0,31,11515.0,76255.0,100159.0,4,4,13918.0,541159.41,123423.27,36,58,20274.0,Y,3538.49,current,M,32,MEDIUM,9.600000000000001,5,299.0,0,18.0
7714,12145,11341.0,9509.22,5436.89,23214.0,5607.28,5638.195,1838.0,31.0,10,20,21,15,2,378000,1,1,1.0,1,71191.8,15036.0,23160.0,1500.0,9144.07,98317.02,4.0,14,48509.0,99023.85,18161.0,9,13,80694.0,44678.83,95005.0,47,25,438929.0,Y,468.49,current,F,40,LOW,18.0,10,643.0,0,10.0
7715,2256,15587.0,4194.47,2792.07,5674.92,1332.85,2844.125,3613.42,531.0,61,23,5,21,79,75000,1,1,1.0,1,19146.65,15395.48,4367.0,4512.0,146.5,21361.0,1.0,25,54761.13,121735.63,30271.5,43,67,38883.0,23802.25,290641.5,40,65,22375.0,Y,1559.16,current,M,61,MEDIUM,32.800000000000004,3,743.0,1,4.0
7716,6234,2688.0,18237.26,5611.0,7447.46,16999.17,14359.355,6069.0,57.0,3,7,18,1,98,69000,1,1,1.0,1,604365.0,13299.0,2130.0,6916.0,12672.61,33465.0,94.0,1,21290.0,75841.6,23056.42,5,86,26464.0,67568.26,23347.0,3,13,36132.0,Y,2804.47,current,M,33,LOW,3.9000000000000004,9,249.0,0,16.0
7717,15408,1409.0,19896.0,13220.37,6052.94,4470.32,1552.21,6719.85,10.0,10,61,5,3,9,522000,1,1,1.0,1,3380.0,52000.0,230000.0,0.0,121262.08,134002.0,57.0,43,441907.77,80632.99,33366.0,23,50,28937.0,40259.0,36803.0,117,32,3613.27,Y,4383.96,current,M,37,LOW,3.4000000000000004,3,247.0,1,19.0
7718,8423,9025.0,15110.75,4093.12,90359.74,448.0,8465.485,7156.0,5.0,18,19,30,7,13,84000,1,1,1.0,1,825.0,80489.0,2841.0,3897.0,1331.25,28768.0,0.0,6,2277.89,27871.08,80378.5,3,2,96358.0,82952.32,49641.0,9,1,18775.0,Y,2237.55,current,M,46,MEDIUM,2.6,4,700.0,1,18.0
7719,5655,17039.0,16759.05,16815.5,8604.34,7067.0,64620.0,786.0,10.0,14,82,3,15,98,150000,1,1,1.0,1,684495.7,460000.0,5591.0,6613.0,33595.58,167379.25,52.0,3,22309.0,24435.0,192493.0,3,5,31078.0,10445.36,35509.0,62,52,8348.0,Y,7700.66,saving,M,223,MEDIUM,101.5,1,683.0,1,6.0
7720,10384,20331.0,3596.0,29373.0,1256.84,1886.0,11295.05,16419.0,31.0,1,44,18,5,1,293000,1,1,1.0,1,34443.0,57345.0,25000.0,6916.0,148310.55,25574.0,4.0,35,132018.0,1937.0,98041.0,4,171,29968.0,2598.0,38006.0,7,32,48122.0,Y,79.07,current,M,47,MEDIUM,16.2,8,536.0,1,12.0
7721,7090,10377.0,1232.26,690.96,2758.28,2337.15,1012.0,4999.0,44.0,36,110,30,2,26,390000,1,1,1.0,1,197067.2,88482.8,100000.0,-6301.0,75930.24,71866.88,7.0,5,68722.0,67019.0,12971.5,9,13,26942.0,8635.5,50103.0,16,18,22144.0,Y,5812.9,current,M,29,MEDIUM,0.9,1,799.0,1,19.0
7722,9345,18524.0,9723.81,6931.52,2721.0,13066.52,1685.0,27247.11,43.0,84,5,47,3,1,186000,1,1,1.0,1,48796.45,13299.0,1036.0,9827.0,25530.61,47781.0,11.0,0,16574.0,27299.54,25907.92,70,8,16820.86,21780.79,45479.4,9,52,24799.0,Y,8534.33,saving,M,30,MEDIUM,3.0,9,801.0,1,13.0
7723,14494,126478.0,23551.0,354.0,16836.0,6647.0,30468.41,917.31,2.0,36,46,52,9,6,466000,1,1,1.0,1,166331.66,1155000.0,925.0,6613.0,172571.89,86233.0,11.0,4,16818.0,43427.74,210532.0,50,44,106409.0,26564.24,80370.79,46,113,16120.0,Y,3125.0,current,M,33,MEDIUM,10.4,6,809.0,0,18.0
7724,2761,8934.0,125623.0,6253.73,21514.27,14486.0,8517.0,20418.28,6.0,66,44,8,25,47,479000,1,1,1.0,1,20049.0,63000.0,1515.0,6613.0,307808.87,21306.0,42.0,4,31511.0,33034.52,25211.0,4,81,30880.0,45931.36,41088.87,11,11,17202.0,Y,22925.13,current,M,27,MEDIUM,4.2,6,123.0,1,20.0
7725,13683,8323.0,4194.47,6738.89,4870.0,3924.0,4087.0,40907.0,12.0,83,44,5,3,64,290000,1,1,1.0,1,48624.7,50034.93,2158.0,5439.0,111.25,71800.96,55.0,5,34827.0,47035.8,61959.0,1,171,48649.0,19323.71,12973.0,117,32,47445.0,Y,109931.63,current,M,46,HIGH,13.0,7,506.0,1,15.0
7726,8845,139508.0,6780.81,1113.0,16574.0,226.0,4392.525,4618.0,29.0,23,50,47,28,1,533000,1,1,1.0,1,209110.5,117890.0,4367.0,2921.0,28910.25,64089.38,4.0,3,131499.0,22289.0,20969.37,1,25,102584.22,20613.0,27666.91,117,42,19910.0,Y,34670.95,current,M,53,HIGH,6.6000000000000005,2,860.0,1,19.0
7727,1532,327730.0,7426.95,4818.0,4070.0,474.0,1816.275,449.0,10.0,27,14,47,15,10,306000,1,1,1.0,1,23221.65,17000.0,4699.0,12174.0,27684.41,174698.79,20.0,43,3858.0,127965.81,2995.43,70,29,23500.0,25742.0,14078.0,117,58,90724.0,Y,19364.96,saving,M,28,MEDIUM,8.0,8,700.0,1,7.0
7728,1317,12843.0,5680.77,13136.0,6542.84,1689.28,1994.0,724.42,7.0,38,13,50,20,3,660000,1,1,1.0,1,116122.65,390700.0,78309.0,-5998.43994,35507.77,59652.0,3.0,0,86334.41,9639.0,43640.35,16,30,29538.0,2680.75,69749.0,16,52,17587.0,Y,566.29,saving,M,40,MEDIUM,8.0,3,523.0,1,6.0
7729,18189,107623.0,2600.765,1079.0,18429.0,459.0,1659.5,7054.0,9.0,10,77,1,1,98,112000,1,1,1.0,1,158135.2,31730.49,50000.0,2206.0,384097.0,89869.62,11.0,3,953.0,31471.01,990482.54,43,59,23247.0,20652.99,66819.0,4,3,60594.0,Y,661.11,current,M,60,LOW,4.0,9,245.0,1,8.0
7730,7465,15630.0,12923.0,206.0,13779.85,101.0,32413.61,1012.0,63.0,66,50,1,5,68,218000,1,1,1.0,1,668728.4,429273.4,1515.0,2921.0,54415.0,46708.0,40.0,2,52854.0,62079.0,201472.0,2,2,37376.0,45123.26,42723.0,3,103,46082.0,Y,1257.73,current,M,64,MEDIUM,13.200000000000001,3,710.0,1,4.0
7731,2004,3653.0,18470.32,13511.86,7010.9,4418.24,1936.4,9654.0,28.0,22,49,1,26,1,286000,1,1,1.0,1,291969.2,330001.0,550.0,0.0,72029.81,21898.0,10.0,26,31354.0,408694.21,173519.25,2,8,20011.0,152167.98,17083.0,6,18,31000.0,Y,2826.41,current,M,47,MEDIUM,5.4,2,799.0,1,5.0
7732,5501,19153.0,11925.2,1672.0,1952.5,5430.58,3470.0,5019.55,25.0,23,2,21,3,2,256000,1,1,1.0,1,46451.38,235.17,16068.0,2351.0,33304.57,47516.0,90.0,26,31626.0,57997.0,27184.0,2,70,81500.0,93867.09,95263.0,43,24,66778.0,Y,8141.93,current,M,62,MEDIUM,37.800000000000004,5,355.0,1,10.0
7733,16460,10288.0,5784.61,37268.0,2816.72,1095.4,4412.045,2973.0,4.0,7,44,50,2,98,68000,1,1,1.0,1,3938.25,60481.0,28985.0,1500.0,24716.48,190150.0,103.0,13,27152.0,126362.75,53958.0,3,78,52400.0,72595.75,55622.5,14,63,45140.0,Y,513.57,current,M,54,MEDIUM,10.200000000000001,9,299.0,1,20.0
7734,13605,16146.0,11505.72,32622.9,6452.33,3740.0,5221.0,10078.0,24.0,36,50,4,14,47,155000,1,1,1.0,1,4500.0,482147.0,925.0,5341.0,59659.71,83096.48,39.0,28,24260.5,26767.83,8613.0,45,29,8627.0,47853.36,11477.0,3,104,31292.0,Y,5268.38,saving,F,35,HIGH,3.0,10,653.0,1,6.0
7735,3074,9087.0,12573.79,2328.0,9925.67,7965.0,20876.645,3314.0,17.0,601,64,1,31,18,300000,1,1,1.0,1,1359.3,2436.91,768.0,0.0,98059.63,54821.0,42.0,26,29208.0,3124.0,72234.0,6,63,40285.0,18077.23,40308.0,94,7,15431.0,Y,1775.44,saving,M,33,LOW,2.6,5,805.0,1,4.0
7736,12159,20248.0,27557.83,3602.82,1143.18,36939.0,19476.0,232.0,66.0,26,44,35,1,54,319000,1,1,1.0,1,472.0,2300000.0,787.0,2500.0,28605.38,4754.0,18.0,3,14888.0,9288.87,3968.0,2,2,36398.0,197139.0,204537.25,6,63,21032.0,Y,11131.41,current,M,49,MEDIUM,29.0,2,516.0,1,17.0
7737,6326,12441.0,10885.61,8012.0,4337.87,1125.0,733.19,3922.0,10.0,10,46,39,9,34,243000,1,1,1.0,1,31454.1,111000.0,1727.0,-4664.0,47587.0,41233.0,7.0,13,285.35,29511.71,137144.72,1,82,23557.0,181929.99,12063.0,6,133,13382.0,Y,8494.09,current,M,32,MEDIUM,4.800000000000001,7,823.0,1,11.0
7738,19536,5165.0,15945.0,5191.0,15573.1,1586.16,1590.52,428.52,57.0,1,60,25,38,47,199999,1,1,1.0,1,52209.5,162288.3,3000.0,-5942.0,114157.78,28666.0,16.0,36,17336.0,44033.09,41371.0,4,82,226428.0,32457.33,372302.8,36,7,15356.0,Y,4168.58,current,F,56,LOW,10.8,7,700.0,1,8.0
7739,17599,19239.0,6944.54,11373.0,7064.31,1531.15,2204.0,6843.0,6.0,1,3,8,14,77,300000,1,1,1.0,1,127004.3,27000.0,2019.0,8362.0,37297.02,164871.0,42.0,7,25626.0,44978.78,42419.71,6,82,178243.0,29382.25,21343.0,41,63,45374.0,Y,1925.19,current,M,62,MEDIUM,37.800000000000004,6,647.0,0,16.0
7740,12721,19140.0,66120.54,1245.61,27131.0,26643.0,16142.0,13642.0,44.0,13,50,17,4,54,483000,1,1,1.0,1,9784.1,27000.0,22000.0,-5998.43994,153126.49,48521.0,82.0,1,77000.0,30084.71,238844.0,2,25,198000.0,104279.88,30336.0,4,12,45545.0,Y,17201.73,current,M,47,LOW,10.8,9,259.0,1,6.0
7741,4943,50965.0,37028.46,11245.0,722.93,6121.6,4821.6,6234.8,7.0,11,62,30,1,79,232000,1,1,1.0,1,1859872.2,119831.0,130000.0,6885.0,24751.1,28017.21,18.0,0,148165.0,58976.08,68448.5,1,78,27116.0,299496.84,52168.0,4,104,18571.0,Y,11594.56,current,M,37,LOW,17.0,5,274.0,1,16.0
7742,719,4401.0,20137.29,36916.03,1028.0,69926.0,3696.0,1046.0,64.0,84,27,22,11,98,378000,1,1,1.0,1,18778.85,100934.0,111825.0,167.0,72431.35,193569.88,6.0,4,28704.0,32346.32,24371.0,9,171,24527.0,47417.26,33453.0,4,21,10458.0,Y,2167.27,current,M,30,MEDIUM,10.0,6,372.0,0,14.0
7743,2919,11171.0,18550.67,4735.61,58305.93,1332.0,22935.98,462.0,136.0,39,3,1,63,34,402000,1,1,1.0,1,138272.2,50000.0,100000.0,6916.0,37314.86,25240.0,91.0,3,30513.0,3047.97,78174.88,11,81,55455.0,60396.09,45464.0,7,65,33159.0,Y,9276.1,current,M,28,MEDIUM,1.6,5,698.0,1,3.0
7744,3533,27918.0,31826.1,2157.14,6588.25,11209.0,21343.39,2475.0,92.0,4,87,20,2,47,351000,1,1,1.0,1,4039029.9,40000.0,6100.0,167.0,52064.92,12331.0,90.0,36,27150.0,8824.06,93905.18,35,8,99731.0,30785.25,35220.0,5,18,36521.0,Y,304.23,saving,M,63,MEDIUM,43.0,6,867.0,1,9.0
7745,2889,13859.0,6165.0,6990.5,1421.74,5398.0,11726.0,3188.5,92.0,1,32,57,51,69,16000,1,1,1.0,1,347309.75,117890.0,12000.0,1429.0,82854.25,74849.0,39.0,25,202579.0,5350.0,31289.0,30,42,428.03,24739.89,75360.0,2,36,46457.0,Y,20728.62,current,F,34,LOW,12.600000000000001,2,858.0,1,16.0
7746,4397,10869.0,37079.08,5162.01,5264.5,5079.05,7995.425,2075.52,7.0,84,64,53,6,6,167000,1,1,1.0,1,7089.7,16000.0,2214.0,1931.0,19077.09,37892.0,90.0,7,33061.0,30671.5,1314.0,0,171,76304.0,56362.52,43628.0,7,10,10380.0,Y,555.0,current,M,34,MEDIUM,1.4000000000000001,2,454.0,1,4.0
7747,17931,181357.0,52927.89,25214.0,219152.52,5215.09,1738.905,783.0,9.0,14,23,1,56,68,287000,1,1,1.0,1,413540.0,42723.0,6100.0,6916.0,2832.01,5168.0,12.0,5,52775.0,54312.5,57335.5,9,82,17738.0,39121.94,75362.75,12,12,76587.0,Y,3798.9,current,M,47,MEDIUM,27.0,10,424.0,0,13.0
7748,167,5127.0,6178.5,86584.0,4938.21,8024.72,17260.405,465.0,5.0,46,6,41,25,54,530000,1,1,1.0,1,3380.0,74599.9,50000.0,35346.0,9634.68,29480.0,16.0,35,22309.0,17965.59,82883.25,7,75,200500.0,40219.83,103893.0,7,64,1251.0,Y,3087.19,current,M,44,LOW,9.600000000000001,1,799.0,1,13.0
7749,13617,18849.0,2609.08,9716.0,2141.13,10397.78,48101.35,820.3,531.0,13,74,5,4,4,232000,1,1,1.0,1,48624.7,184514.0,49000.0,-5998.43994,140233.2,30524.0,36.0,1,35242.0,29290.5,19092.0,3,2,11539.0,101766.73,24223.0,6,12,24800.0,Y,10016.12,current,M,33,MEDIUM,10.4,5,867.0,0,2.0
7750,1006,8660.0,22277.04,338.85,7440.87,12715.87,7576.0,3431.0,44.0,13,50,2,26,3,587000,1,1,1.0,1,4322.5,545000.0,768.0,19765.0,53787.0,185955.0,11.0,19,13469.0,33951.5,77705.0,9,6,24744.0,25763.11,20771.0,2,76,14508.0,Y,12427.7,current,M,220,HIGH,140.0,4,593.0,1,7.0
7751,13160,31420.0,3542.0,2030.52,59015.0,1165.0,16363.0,10942.0,8.0,10,50,42,25,1,35800,1,1,1.0,1,185669.2,120000.0,18257.0,5340.0,137720.25,25811.0,20.0,6,38840.0,458.5,127072.84,1,82,20517.0,167086.05,127061.39,5,32,19646.0,Y,15269.61,current,M,61,MEDIUM,12.3,7,743.0,0,2.0
7752,165,7297.0,57604.77,10140.5,15565.63,4255.76,9397.25,1751.0,1.0,20,50,47,2,47,378000,1,1,1.0,1,39851.93,76365.24,56305.0,-6301.0,55317.45,46863.38,18.0,1,19335.0,77803.97,117174.0,9,82,64988.0,235557.06,180013.84,9,83,20229.0,Y,10173.43,saving,M,53,MEDIUM,26.400000000000002,6,516.0,0,18.0
7753,12611,8515.0,19452.0,106.0,9340.25,5245.0,33585.14,1821.0,7.0,30,38,8,2,25,147000,1,1,1.0,1,12010.0,560000.0,925.0,16455.0,52640.8,9571.0,11.0,5,130718.0,16346.84,31470.0,4,6,61725.0,56567.77,69.0,10,104,29348.0,Y,10503.73,saving,M,37,LOW,11.9,2,743.0,0,7.0
7754,1714,5689.0,1913.0,2825.15,15114.89,1182.0,1275.36,5124.0,19.0,61,14,6,1,1,119000,1,1,1.0,1,39851.93,35000.0,583.0,1411.0,102775.72,87556.54,11.0,5,30728.0,95749.42,80368.0,5,20,31551.0,69888.74,34073.0,7,50,56389.0,Y,490.78,current,M,53,LOW,16.5,9,818.0,1,17.0
7755,16997,11786.0,19219.42,462.0,13343.28,5861.0,9561.52,13271.0,1.0,23,23,25,18,8,112000,1,1,1.0,1,199690.5,255000.0,3792.0,2819.0,3116.25,87803.0,11.0,30,29146.0,102170.94,122173.74,50,11,24163.0,119097.75,181392.0,4,58,41752.0,Y,1527.41,current,M,53,HIGH,23.1,2,748.0,1,2.0
7756,2667,18390.0,54923.995,7815.0,2969.335,3335.0,7645.68,6919.0,26.0,30,5,1,2,80,750000,1,1,1.0,1,12869465.0,1024477.47,28913.0,-5998.43994,31512.01,10235.0,5.0,3,62824.0,24265.39,177585.5,7,50,16604.0,66389.0,34345.75,21,35,94334.0,Y,2291.21,current,M,37,MEDIUM,17.0,10,658.0,1,15.0
7757,1076,138165.0,14894.6,19739.44,653.5,20264.0,577.0,7054.0,10.0,93,70,20,3,80,147000,1,1,1.0,1,140291.6,560000.0,13873.0,-4324.0,113794.0,46468.37,29.0,4,37231.0,44314.25,15051.0,3,13,44880.0,41037.0,71619.5,8,18,140329.0,Y,1713.03,current,F,40,MEDIUM,12.0,2,385.0,0,14.0
7758,1732,294913.0,20004.6,4004.76,19901.69,21837.56,23084.88,1999.0,18.0,14,82,1,2,1,100000,1,1,1.0,1,3950.0,1187335.5,130000.0,0.0,160956.21,64259.0,67.0,1,26003.0,45578.67,39606.0,0,4,28456.0,130854.5,135065.0,18,18,31502.0,Y,5135.07,current,M,38,MEDIUM,3.6,8,753.0,1,3.0
7759,3537,12527.0,6672.08,138937.0,780.0,1810.02,6115.0,7038.0,8.0,14,44,47,18,56,152000,1,1,1.0,1,12.19,237365.38,68000.0,24326.0,33844.5,110692.0,91.0,29,78060.0,43963.21,55500.0,1,20,25717.0,30938.5,117892.0,4,32,53211.0,Y,1834.28,current,F,66,MEDIUM,36.800000000000004,1,818.0,0,18.0
7760,5498,17606.0,31883.74,758.0,15580.0,17545.46,7996.0,2486.2,6.0,1,44,4,1,1,232000,1,1,1.0,1,8531560.0,96096.0,768.0,4314.0,31108.88,31304.0,46.0,3,11989.7,12240.0,153241.0,3,7,26605.0,45118.75,44129.0,2,37,9879.0,Y,6204.1,current,M,27,MEDIUM,0.7000000000000001,4,658.0,1,13.0
7761,6623,9029.0,7531.33,226.0,33092.1,405.0,5437.74,6586.0,3.0,23,87,8,18,1,232000,1,1,1.0,1,140291.6,280000.0,49975.0,5439.0,39967.11,24394.0,11.0,2,121429.0,82250.72,43466.0,42,89,63351.0,68752.15,645105.75,47,9,55220.0,Y,1741.78,current,M,64,LOW,22.0,7,274.0,0,11.0
7762,10442,3913.0,4856.94,4884.52,128008.57,795.0,9525.0,1803.0,6.0,18,16,3,60,54,114000,1,1,1.0,1,199690.5,52985.43,50000.0,977.0,70598.51,18095.0,10.0,7,19398.0,22835.77,45724.0,3,89,38678.0,76175.74,156779.0,3,83,16002.0,Y,10917.28,current,M,62,MEDIUM,12.600000000000001,4,924.0,0,16.0
7763,16171,23763.0,20659.31,6495.0,12402.66,2733.22,10131.345,4185.0,66.0,10,71,21,3,98,402000,1,1,1.0,1,72383.25,189246.0,12000.0,12415.0,50189.25,34267.0,91.0,1,100470.0,26801.99,12098.0,45,20,17162.0,73527.07,22118.5,9,11,92482.0,Y,855.57,current,M,40,HIGH,14.0,2,523.0,0,4.0
7764,13633,8227.0,64841.9,1541.0,12384.08,4319.0,18296.905,1400.0,53.0,66,135,5,6,64,59000,1,1,1.0,1,568.8,17000.0,19081.0,12174.0,45799.3,91400.83,38.0,33,81964.0,37599.0,43445.0,3,35,35891.0,44131.07,84160.0,2,42,24076.0,Y,12144.09,current,M,51,MEDIUM,21.700000000000003,10,394.0,1,10.0
7765,12383,18929.0,8073.36,4409.0,2856.93,13125.0,26342.395,6870.0,12.0,5,16,42,1,47,47000,1,1,1.0,1,6100.0,25000.0,3570.0,173.0,33679.21,97667.0,7.0,4,39293.0,14484.5,1941.0,2,108,65332.0,40454.25,27782.0,3,12,151163.0,Y,3717.9,current,M,33,MEDIUM,6.5,6,658.0,1,16.0
7766,5536,3595.0,4515.0,4502.5,6754.63,1458.0,960.1,3684.0,7.0,43,48,48,4,8,393000,1,1,1.0,1,26218.0,64215.6,891.0,-4664.0,94339.25,45293.0,10.0,3,16255.0,177649.66,114412.36,4,25,42641.8,91160.58,188328.23,47,76,43759.0,Y,8697.31,saving,M,51,MEDIUM,21.700000000000003,2,300.0,1,2.0
7767,11542,332528.0,12133.78,9277.44,14838.62,1531.15,10098.5,515.0,26.0,26,50,1,14,3,25000,1,1,1.0,1,166331.66,110135.86,5540.0,12174.0,12796.91,52492.0,6.0,36,29253.0,2051.0,58088.0,5,82,121000.0,129018.17,57421.0,40,11,41578.0,Y,3129.17,current,M,53,MEDIUM,6.6000000000000005,10,243.0,0,4.0
7768,2285,18227.0,3935.26,10816.08,2604.5,4592.62,96825.3,816.0,7.0,99,44,7,25,31,199999,1,1,1.0,1,684495.7,17000.0,36114.0,4150.0,61297.81,51149.0,42.0,2,18164.0,51127.11,207883.0,2,20,25467.0,14131.5,3187.0,2,37,49468.0,Y,428.3,current,M,58,MEDIUM,7.6000000000000005,3,269.0,1,13.0
7769,10842,4053.0,3758.6,14440.0,12129.08,26717.3,6367.0,2346.94,32.0,77,9,1,18,8,402000,1,1,1.0,1,4120.0,38112.0,908.0,10455.0,47035.8,238012.0,5.0,4,24796.01,79203.16,46014.0,9,20,63554.9,220943.0,19850.21,13,10,425.0,Y,2277.64,current,M,34,LOW,8.4,1,508.0,1,18.0
7770,5732,7932.0,9126.89,2544.0,19375.92,9187.0,11923.0,885.0,7.0,2,49,3,2,30,599000,1,1,1.0,1,3950.0,400000.0,1209.0,5464.0,4717.0,40384.75,18.0,19,7120.0,12537.92,209283.0,1,26,28873.0,101424.58,30285.0,3,100,79.0,Y,8614.43,current,F,35,MEDIUM,15.0,2,863.0,0,7.0
7771,1051,18220.0,13187.69,13967.59,10752.0,7502.0,6257.0,7334.29,10.0,22,1,42,5,79,268000,1,1,1.0,1,668728.4,64491.0,230000.0,6885.0,522.0,281190.93,77.0,31,33051.0,48655.0,5701.0,1,20,39552.0,45805.81,99955.0,21,12,14999.0,Y,4749.57,current,M,62,MEDIUM,25.200000000000003,3,700.0,1,16.0
7772,2148,18485.0,2495.8,9186.0,62095.2,2630.0,1896.3,3358.0,1.0,23,6,17,2,30,466000,1,1,1.0,1,158135.2,3.0,130000.0,-6281.37987999999,41223.0,45545.0,16.0,0,85500.0,21233.45,37574.0,8,23,283399.0,90181.79,121350.24,3,38,20107.0,Y,3185.01,saving,M,33,LOW,9.1,8,867.0,1,15.0
7773,16552,12648.0,38328.0,1464.95,12954.0,8603.0,6803.045,1003.26,2.0,65,50,1,1,21,352000,1,1,1.0,1,21511.8,14000.0,6100.0,4795.0,81541.66,42904.0,43.0,36,65.91,23841.13,37221.86,2,14,87753.0,25453.88,33089.0,3,21,35241.0,Y,57.67,current,M,32,MEDIUM,10.8,5,538.0,1,12.0
7774,12535,10073.0,24893.0,16393.0,13770.08,4481.75,15366.67,1634.0,56.0,8,53,1,1,10,579000,1,1,1.0,1,89104.12,356899.37,12016.0,844.0,223.75,47301.0,7.0,0,55928.0,25424.68,139216.0,6,82,39182.0,128446.71,42552.0,7,18,83069.0,Y,3824.3,current,M,25,LOW,0.5,6,883.0,0,17.0
7775,4847,18993.0,5107.825,1129.0,2025.5,13010.69,1748.0,1101.14,43.0,3,52,18,17,54,383000,1,1,1.0,1,9608.3,159415.3,2644.0,13135.0,61465.7,57184.37,11.0,0,2495.0,79304.68,13048.0,2,8,40696.0,41480.01,130401.5,4,32,18827.0,Y,4388.67,current,M,27,MEDIUM,4.2,2,249.0,0,6.0
7776,17480,2615.0,11319.39,5602.0,9879.97,384.58,2525.39,4558.0,24.0,61,73,20,51,41,595000,1,1,1.0,1,720551.4,14000.0,183999.0,12174.0,14869.15,4690.0,42.0,9,16639.0,48506.55,70360.57,11,82,45673.0,11972.88,29651.51,11,50,17277.0,Y,2687.35,current,M,47,LOW,5.4,5,516.0,1,16.0
7777,3232,5727.0,5475.1,10719.76,4223.0,790.16,35812.0,10111.2,3.0,2,89,25,1,1,329000,1,1,1.0,1,47.35,8000.0,2156.0,-6301.0,115455.26,47592.0,43.0,1,109327.0,36419.11,164025.36,6,20,35667.0,45801.49,50373.0,7,124,20905.0,Y,9709.59,current,M,66,MEDIUM,46.0,6,629.0,1,16.0
7778,19209,6972.0,12069.31,1180.0,1588.2,4906.0,3592.0,5150.0,44.0,10,5,24,5,56,150000,1,1,1.0,1,124064.65,225000.0,565.0,10455.0,30079.51,163344.14,36.0,4,21750.0,102140.63,36740.0,4,27,87926.0,19988.67,29807.5,40,104,19610.0,Y,11337.66,current,F,28,MEDIUM,7.2,7,771.0,0,2.0
7779,19519,13000.0,47646.93,3825.0,7329.42,39005.3,4801.0,8123.0,60.0,23,46,57,44,47,164000,1,1,1.0,1,48230.5,64491.0,26241.0,-6301.0,16233.36,31172.2,5.0,15,53202.0,20188.02,42941.85,2,20,20156.0,275666.9,35139.86,4,54,39110.0,Y,7.61,current,M,49,MEDIUM,20.3,9,355.0,0,14.0
7780,17045,13658.0,12118.78,6407.0,6748.46,3508.0,600.31,3877.0,1.0,46,10,57,1,8,150000,1,1,1.0,1,670875.0,26884.0,23032.0,2351.0,75377.67,20568.0,39.0,31,30035.0,16267.15,35261.0,17,81,40892.0,543706.19,29959.0,2,11,65964.0,Y,4675.48,current,F,33,MEDIUM,9.1,3,723.0,1,17.0
7781,238,5613.0,11648.44,10966.59,9639.15,39467.74,20382.7,494.0,6.0,2,1,18,20,47,130000,1,1,1.0,1,73010.0,202560.0,18389.0,977.0,89564.69,41208.0,46.0,5,7223.41,175123.95,35003.0,1,46,36666.0,31784.32,59969.48,12,8,73291.96,Y,4011.83,current,M,50,LOW,12.0,5,863.0,1,7.0
7782,3829,9728.0,24410.73,3964.75,18043.25,2243.3,18080.0,1101.14,66.0,1,47,8,56,75,525000,1,1,1.0,1,81284.7,385218.7,462.0,-3506.17993,22847.0,28666.0,90.0,2,78349.0,48377.0,566676.24,6,13,18705.0,46890.86,100673.0,62,58,73514.0,Y,9277.76,saving,F,29,LOW,4.5,4,700.0,1,10.0
7783,13789,9593.0,1159.8,7370.02,123070.0,2166.5,13058.52,17501.0,104.0,77,74,2,55,6,303000,1,1,1.0,1,98062.5,234459.4,925.0,0.0,225889.75,24689.5,12.0,7,28619.0,17393.62,56955.0,3,6,40841.0,24537.0,40573.0,53,3,75.0,Y,35407.09,current,M,30,MEDIUM,10.0,5,805.0,1,15.0
7784,8670,4825.0,2269.5,3277.5,2713.85,59735.78,3513.0,3459.0,7.0,10,14,2,1,6,172000,1,1,1.0,1,34443.0,54388.23,508.0,2351.0,14544.22,174990.09,5.0,1,49661.0,65261.63,36738.0,43,20,88653.0,152782.21,198910.0,117,35,60273.0,Y,4773.7,saving,M,39,MEDIUM,7.6000000000000005,3,911.0,0,14.0
7785,1754,6775.0,13647.06,14234.07,10662.5,14033.05,1456.0,4514.0,1.0,99,30,18,11,1,44000,1,1,1.0,1,28482.5,70000.0,12000.0,-3053.0,20170.25,6198.0,70.0,7,68513.0,21456.88,17961.0,5,11,27192.0,25296.51,1477.0,47,32,82510.0,Y,9877.12,current,F,47,MEDIUM,13.5,1,799.0,1,5.0
7786,18245,211673.0,10369.64,767.0,1043.04,9723.0,36608.5,325.0,26.0,32,46,1,2,98,579000,1,1,1.0,1,173732.5,7194.0,126001.0,277.0,21866.74,25417.91,1.0,0,38176.0,32557.0,25472.0,2,50,27167.0,78477.76,14783.0,13,13,13475.0,Y,1570.29,current,M,40,LOW,2.0,8,525.0,1,7.0
7787,15523,285.0,16505.5,4686.0,15166.38,523.55,2949.8,546.0,9.0,3,32,30,7,55,160000,1,1,1.0,1,27316.5,78050.0,13873.0,0.0,24482.29,62829.2,95.0,26,722000.0,265755.0,33049.0,3,8,70022.0,487751.19,36737.0,2,83,80946.0,Y,1371.25,saving,M,37,LOW,17.0,5,908.0,1,10.0
7788,17862,12141.0,1485.0,581.64,12987.42,6648.14,8660.0,5623.4,10.0,26,3,2,12,26,408000,1,1,1.0,1,6940.0,152391.0,5981.0,1411.0,19370.15,72208.0,10.0,0,42838.0,17774.43,38086.0,0,20,22908.0,76593.87,51662.0,62,13,10460.0,Y,2441.86,current,M,34,LOW,9.8,7,355.0,1,3.0
7789,13185,3517.0,6246.47,3554.4,6748.46,2803.0,3687.55,9289.55,12.0,10,2,60,2,64,218000,1,1,1.0,1,158135.2,52098.99,68000.0,-4664.0,111817.83,74480.0,11.0,35,195632.0,102421.55,6219.0,4,11,40820.0,60542.0,59770.0,3,113,383928.0,Y,1446.07,current,F,32,MEDIUM,12.0,6,867.0,0,17.0
7790,3951,17482.0,9361.47,2472.15,1524.04,4578.0,2892.21,12888.76,4.0,32,3,3,1,79,353000,1,1,1.0,1,1270086.05,42723.0,2214.0,1014.0,57517.62,37635.0,46.0,1,25365.0,6289.03,77655.0,3,42,33404.0,50561.45,31647.0,8,9,57936.0,Y,642.86,saving,M,28,MEDIUM,3.2,4,805.0,0,2.0
7791,909,10500.0,4067.87,24259.0,11430.08,2499.0,2246.0,1010.0,28.0,13,5,57,23,11,298000,1,1,1.0,1,137553.95,1628.0,787.0,-5715.49022999999,35128.25,10067.0,52.0,25,17160.0,130716.98,38463.0,31,11,49088.0,93572.42,38601.23,11,100,30080.0,Y,4796.27,current,M,53,MEDIUM,16.5,3,525.0,1,2.0
7792,239,9255.0,3238.85,2383.0,482.0,11059.4,14782.06,5446.0,1.0,10,32,3,21,8,330000,1,1,1.0,1,937.0,189246.0,6738.0,1014.0,50419.17,15864.05,40.0,2,30393.0,17422.85,15879.0,1,25,40.24,65530.79,26873.0,2,39,26934.0,Y,9442.11,current,M,35,LOW,4.5,7,574.0,1,17.0
7793,13905,11127.0,8084.0,1421.0,64988.0,2023.82,986.4,11827.46,1.0,18,89,42,3,17,353000,1,1,1.0,1,1053411.2,470000.0,1515.0,-5715.49022999999,28697.0,31117.0,103.0,0,58500.0,51972.88,58895.0,2,25,66.0,20972.88,34875.0,9,80,20797.0,Y,7475.72,current,F,47,MEDIUM,13.5,9,331.0,1,11.0
7794,7114,5936.0,2637.07,8190.92,1738.0,6438.89,745.0,1800.0,92.0,13,82,6,4,1,84000,1,1,1.0,1,54860.05,335948.0,1727.0,5464.0,14177.59,70128.0,10.0,36,40447.0,17061.41,163.59,2,78,16554.0,31588.48,42429.0,2,38,54565.0,Y,10975.65,current,M,62,MEDIUM,12.600000000000001,10,748.0,0,9.0
7795,3450,14777.0,1169.0,2791.0,13086.0,7322.0,14547.0,1105.0,104.0,30,87,1,25,1,79000,1,1,1.0,1,2.13,165970.9,2214.0,3735.0,52333.0,3494.0,4.0,1,25747.0,42892.76,210993.0,8,20,27308.0,18926.0,52688.49,2,73,116529.0,Y,319598.66,current,M,34,HIGH,1.4000000000000001,8,796.0,1,3.0
7796,5646,17569.0,6927.88,7432.05,102802.0,2798.0,1303.77,11604.0,60.0,22,1,57,1,47,367000,1,1,1.0,1,9949.66,184514.0,230000.0,2351.0,18823.25,14051.0,69.0,26,27012.0,33037.92,11432.0,2,108,45989.0,24678.0,13820.5,9,21,43759.0,Y,942.97,current,M,47,HIGH,24.3,10,270.0,1,2.0
7797,12858,131986.0,3798.965,3860.45,6710.0,12112.0,4372.0,5762.0,12.0,71,89,45,2,16,152000,1,1,1.0,1,14574.8,385218.7,25728.0,2351.0,50738.03,29890.82,46.0,14,228750.0,24115.25,128386.0,6,25,23301.0,25511.0,37007.5,6,67,51150.0,Y,7892.08,current,M,35,LOW,15.0,2,631.0,1,17.0
7798,1135,20402.0,3707.5,4017.0,35029.0,7552.0,1966.85,5400.0,531.0,6,30,4,14,8,256000,1,1,1.0,1,115.45,393982.1,30071.0,0.0,161210.24,164246.0,4.0,0,31534.0,15297.88,89471.0,47,8,24527.0,160535.69,85603.81,2,36,22733.0,Y,35696.73,current,M,33,LOW,5.2,6,249.0,1,14.0
7799,12016,2278.0,19385.43,7509.01,6258.0,1871.45,14865.225,3440.53,24.0,7,6,1,21,34,119000,1,1,1.0,1,684495.7,300000.0,8060.0,2351.0,28893.76,21736.0,9.0,23,31875.0,340887.49,68599.0,4,46,30718.0,37110.38,50427.0,6,18,49682.0,Y,958.48,saving,M,44,MEDIUM,12.0,4,299.0,1,11.0
7800,2370,176052.0,19158.0,1469.0,46851.78,2465.92,3805.75,2842.0,12.0,6,72,57,2,81,329000,1,1,1.0,1,5210.85,125090.58,20887.0,6613.0,46481.15,31993.0,4.0,36,121012.0,403040.92,14616.0,4,1,39999.0,55722.0,112179.0,47,35,35697.0,Y,468.49,current,M,40,LOW,8.0,6,762.0,1,17.0
7801,12693,174197.0,32694.9,5849.0,15586.43,1939.0,747.75,7922.0,56.0,4,2,60,18,30,100000,1,1,1.0,1,690.0,109000.0,155205.0,6885.0,84701.93,369031.0,10.0,1,37548.0,348598.75,1238.0,0,11,42620.0,19034.19,96532.0,6,3,19481.0,Y,6973.58,current,F,35,LOW,12.0,4,653.0,1,6.0
7802,1849,10736.0,28601.54,7791.0,4423.42,8709.0,7919.0,1778.0,3.0,2,19,5,8,2,44000,1,1,1.0,1,9717.55,1084598.7,49975.0,3897.0,12085.88,65974.0,20.0,19,39471.0,121721.37,68314.0,0,20,31937.92,6619.0,5264.0,42,18,40460.0,Y,2157.69,current,M,64,MEDIUM,8.8,9,598.0,1,12.0
7803,11186,16761.0,56001.71,2138.0,1407.0,21768.0,5114.5,3323.0,7.0,85,10,4,2,2,371000,1,1,1.0,1,10000.0,5729.0,68000.0,-5998.43994,124647.9,184064.0,95.0,7,37287.0,20353.75,55370.0,35,12,30136.0,96396.05,71279.0,5,75,163.0,Y,5521.08,saving,M,56,HIGH,18.0,10,945.0,1,13.0
7804,1489,7853.0,54121.05,18077.0,4273.31,26242.91,8563.7,2075.57,63.0,26,87,1,2,20,329000,1,1,1.0,1,48624.7,27000.0,3000.0,1444.0,215589.46,14022.0,62.0,3,9109.0,38100.83,32757.0,6,82,101383.0,28190.67,39249.0,2,79,31700.0,Y,462.3,current,M,62,MEDIUM,25.200000000000003,7,445.0,1,9.0
7805,10836,243120.0,2498.02,2773.0,2183.57,8840.2,2047.18,69.0,57.0,7,44,82,18,17,350000,1,1,1.0,1,167.5,100934.0,4699.0,-4612.00977,67173.02,151446.72,67.0,2,21090.0,270171.97,57225.0,5,82,146972.0,31963.0,38508.0,49,18,16594.0,Y,490.78,saving,M,34,MEDIUM,2.8000000000000003,9,860.0,1,16.0
7806,14557,11869.0,4907.0,4099.0,24962.62,3755.0,8142.22,11734.35,8.0,1,23,1,60,79,397000,1,1,1.0,1,5809950.0,1628.0,3570.0,2819.0,62205.75,100577.0,6.0,1,65605.0,72175.95,29605.0,43,11,5350.0,63465.57,27679.0,10,7,2474.0,Y,6433.46,current,M,44,MEDIUM,19.200000000000003,8,445.0,0,19.0
7807,7235,14593.0,34191.93,8012.0,37409.55,2699.77,1348.0,6117.0,2.0,77,35,2,3,1,391000,1,1,1.0,1,360978.37,273221.0,8929.0,8572.0,36007.02,58191.74,16.0,3,23403.0,24005.9,28019.0,17,77,23661.0,49460.33,412878.75,3,42,16002.0,Y,904.34,current,M,30,LOW,5.0,1,867.0,1,18.0
7808,19527,14336.0,118734.83,11208.0,1828.8,2181.94,8506.43,27822.0,7.0,3,50,4,31,98,300000,1,1,1.0,1,684495.7,82907.34,891.0,5439.0,26363.0,174573.0,4.0,4,48850.0,18276.6,54522.0,43,8,105847.0,146632.78,24651.0,9,65,21370.16,Y,559.5,saving,M,28,MEDIUM,6.4,10,269.0,1,13.0
7809,4300,7448.0,4286.86,2335.0,6371.0,3151.0,5351.42,1474.0,24.0,10,47,42,2,74,101250,1,1,1.0,1,225823.8,201000.0,500718.0,6885.0,26931.75,18176.0,4.0,33,23183.0,24555.25,31470.0,9,13,95362.0,63043.86,970.0,4,3,26634.0,Y,5586.93,current,M,55,MEDIUM,7.0,3,914.0,1,3.0
7810,2420,35155.0,25491.71,597.01,65763.17,1578.13,1115.0,11714.0,67.0,6,2,2,51,6,352000,1,1,1.0,1,17402.2,77000.0,2841.0,24326.0,39521.54,107138.0,0.0,26,27007.0,150728.82,22278.0,2,8,69164.0,16993.82,455.0,7,15,241979.0,Y,2574.92,current,M,47,HIGH,5.4,3,385.0,1,2.0
7811,14229,173623.0,18102.66,485.0,10544.0,2700.0,12871.0,3365.37,2.0,13,87,2,11,1,84000,1,1,1.0,1,75000.0,17000.0,30011.0,12174.0,7958.0,35839.0,4.0,1,20905.0,30415.0,8388.0,17,1,38383.0,172934.76,34623.0,4,1,18500.0,Y,2048.14,current,M,33,MEDIUM,2.6,10,860.0,1,9.0
7812,17941,16346.0,30167.27,2024.5,1577.42,24041.13,4738.0,2344.0,8.0,10,16,3,6,4,378000,1,1,1.0,1,42460.6091,1513335.0,908.0,6885.0,72658.83,17958.0,2.0,3,6128.0,194303.51,83241.0,8,70,52122.0,23510.89,25433.0,5,12,41570.0,Y,7207.85,saving,M,62,MEDIUM,29.400000000000002,4,249.0,1,20.0
7813,3675,7013.0,4822.28,974.0,5608.5,122.0,26051.085,3400.79,101.0,77,27,2,2,30,147000,1,1,1.0,1,36368.7,95000.0,2644.0,2921.0,26598.57,34087.0,6.0,31,42644.0,80447.45,225172.0,31,9,43264.0,65974.5,155.0,94,80,102309.0,Y,2468.82,current,M,221,MEDIUM,120.60000000000001,7,700.0,1,16.0
7814,3395,5224.0,3578.0,1100.3,249.0,306.7,1367.04,3384.37,3.0,22,30,54,2,1,472000,1,1,1.0,1,690.0,105000.0,57899.0,6885.0,67059.61,10712.0,42.0,3,39236.0,75959.95,16212.0,35,8,49880.32,43730.75,43345.0,3,103,62398.0,Y,4810.1,current,F,118,MEDIUM,68.60000000000001,3,805.0,0,20.0
7815,9647,14844.0,3827.35,598.0,4257.38,2371.0,2681.0,79043.0,66.0,30,4,20,26,5,59000,1,1,1.0,1,156875.0,119831.0,583.0,2819.0,179836.81,66190.0,6.0,36,31000.0,13728.25,79761.52,3,82,56865.0,275666.9,48877.0,6,80,68048.0,Y,16220.84,current,M,33,LOW,13.0,4,485.0,1,3.0
7816,2179,13963.0,4515.0,2134.0,6938.52,2590.0,731.89,1247.43,80.0,99,7,2,15,3,255000,1,1,1.0,1,89908.8,159415.3,19176.0,7478.0,104048.0,31901.0,12.0,6,18906.0,33961.63,125650.0,0,13,40932.0,39869.22,80686.0,6,14,170616.84,Y,2994.01,saving,M,27,MEDIUM,3.5,6,748.0,1,10.0
7817,18884,1065.0,98384.47,1321.0,27255.25,1341.0,13530.0,15959.0,2.0,2,72,42,7,16,518000,1,1,1.0,1,6014.12,145000.0,24619.0,6409.0,47293.39,70316.5,46.0,31,15334.0,19711.69,230841.0,3,20,37422.0,71585.95,40280.0,3,22,21870.0,Y,1174.41,saving,M,37,MEDIUM,1.7000000000000002,10,355.0,1,19.0
7818,4816,7892.0,1119.96,1308.0,12600.0,1391.0,800.0,715.0,14.0,1,4,35,12,1,369000,1,1,1.0,1,6440.0,95081.0,130000.0,7478.0,275149.36,34777.0,6.0,4,43720.0,147401.98,93905.18,6,82,42940.0,36476.0,56680.0,6,103,197101.0,Y,1922.56,current,M,28,MEDIUM,0.8,5,268.0,1,4.0
7819,7349,4694.0,7921.05,255.0,70258.54,1444.0,15368.0,866.0,6.0,77,10,1,36,25,145000,1,1,1.0,1,65977430.0,54388.23,183999.0,1014.0,15665.0,19739.0,89.0,9,13636.0,61579.0,290516.74,11,20,31578.0,23673.1,118640.0,18,13,21128.0,Y,3220.7,current,M,60,LOW,40.0,10,324.0,1,20.0
7820,5370,329949.0,2782.69,3546.98,2582.17,477.92,21851.0,20130.0,104.0,10,49,22,51,44,371000,1,1,1.0,1,13849.4,63000.0,787.0,886.0,29292.56,113885.0,62.0,2,33033.0,33442.5,34662.0,70,8,17117.0,4783.5,21752.0,4,32,23789.0,Y,1100.16,current,M,63,LOW,38.7,4,330.0,1,17.0
7821,3665,18436.0,2491.26,6023.0,9526.22,1569.0,6142.0,2510.0,6.0,4,67,1,11,1,523000,1,1,1.0,1,33664.3,197800.0,25524.0,5773.0,33178.01,18952.0,55.0,1,12517.0,29179.13,33483.13,6,63,53203.0,26007.63,372302.8,8,11,66.0,Y,8546.04,current,F,34,MEDIUM,9.8,2,684.0,1,5.0
7822,7878,2035.0,3984.78,478.0,816.0,1939.0,4335.0,8703.0,3.0,56,50,3,2,98,199999,1,1,1.0,1,2014.8,149403.0,33774.0,3735.0,83.25,11813.0,39.0,1,110360.0,24463.28,53243.0,4,11,47309.0,59657.28,130232.9,58,28,17978.0,Y,17964.91,current,M,33,MEDIUM,6.5,9,249.0,1,8.0
7823,16672,17307.0,4744.22,997.7,7725.0,1204.0,8877.0,525.0,4.0,1,23,48,6,41,448000,1,1,1.0,1,11878.6,91747.0,13873.0,-5715.49022999999,28204.38,45241.0,69.0,3,33891.0,34704.38,21327.0,1,171,15803.0,43027.49,48049.0,4,12,36576.0,Y,1634.09,current,M,33,LOW,13.0,1,582.0,1,7.0
7824,16418,16248.0,2015.5,362.0,6195.23,2024.76,4947.9,1247.43,6.0,23,20,1,5,11,47000,1,1,1.0,1,2216.0,429273.4,25000.0,20324.0,351697.15,119355.0,147.0,36,24552.0,166962.21,47665.5,2,59,1810.0,472.0,44316.75,2,83,28078.0,Y,19726.26,saving,F,47,LOW,13.5,8,536.0,0,5.0
7825,16630,15751.0,3577.16,12643.0,14060.45,2716.01,2581.75,4461.0,16.0,10,82,1,2,5,11000,1,1,1.0,1,54860.05,184514.0,1052.0,4512.0,35964.77,53841.0,62.0,31,91381.0,28378.06,52489.16,2,20,50835.0,33349.59,81133.0,2,13,59859.0,Y,12920.71,current,F,53,HIGH,33.0,4,385.0,0,19.0
7826,5273,10154.0,16945.98,3908.94,1513.0,5733.0,5102.0,1061.0,26.0,46,50,4,2,18,25000,1,1,1.0,1,173732.5,182359.2,768.0,14509.0,24937.31,26293.0,11.0,3,22080.0,31458.28,79232.61,3,82,54614.0,68570.39,23631.0,2,10,18683.0,Y,872.75,current,M,29,LOW,2.7,2,629.0,0,13.0
7827,18881,944.0,1566.8,13353.83,21840.2,5925.0,66874.0,1120.94,26.0,3,50,82,2,39,49999,1,1,1.0,1,48624.7,680956.4,33774.0,886.0,145585.41,13645.0,55.0,35,90572.0,42566.26,33121.0,1,21,20200.0,25162.13,37642.0,5,104,14715.0,Y,3683.82,current,M,60,LOW,20.0,1,867.0,1,20.0
7828,3859,336409.0,17245.1,7912.0,2024.76,1088.0,7154.3,4217.7,531.0,5,44,3,1,8,199999,1,1,1.0,1,1497586.08,187788.1,48950.0,2921.0,102902.94,24317.0,42.0,26,27592.0,20095.72,124261.0,9,5,26463.0,19859.5,38943.0,8,36,18560.0,Y,5169.95,saving,M,58,LOW,7.6000000000000005,5,653.0,0,8.0
7829,18105,16509.0,4635.32,11044.0,28091.71,1332.85,11441.5,5269.47,1.0,14,1,22,15,55,472000,1,1,1.0,1,6440.0,385218.7,48950.0,8572.0,52403.52,135919.0,11.0,26,18750.0,271566.82,48616.4,4,7,53508.0,162191.78,36354.25,13,100,31108.0,Y,6164.32,current,M,46,LOW,7.800000000000001,2,385.0,0,4.0
7830,4891,400181.0,11673.12,7925.0,17518.61,364.0,8313.5,3488.1,4.0,43,4,2,6,64,345000,1,1,1.0,1,65640.0,77965.0,51520.0,12415.0,20581.36,88768.0,42.0,0,218500.0,86644.76,169785.68,6,171,146250.0,108484.17,30039.0,7,10,173252.0,Y,15734.17,current,M,27,HIGH,1.4000000000000001,5,372.0,0,9.0
7831,11506,9089.0,21420.82,914.4,20325.1,5432.0,27132.0,4409.0,8.0,7,26,3,18,3,367000,1,1,1.0,1,1349.1,57345.0,68000.0,6916.0,100948.24,14846.34,23.0,1,49655.0,248209.69,70831.0,0,12,124950.0,1077.0,34923.25,5,61,167888.0,Y,1281.23,current,M,36,MEDIUM,12.8,4,247.0,1,7.0
7832,18595,10739.0,3321.72,3527.97,19053.4,3843.0,6518.085,2326.0,32.0,77,74,2,2,9,402000,1,1,1.0,1,871.5,35421.67,1036.0,-5715.49022999999,22317.72,39366.5,2.0,35,49693.0,44463.25,31699.0,3,44,13029.0,38338.0,63672.88,8,65,18410.0,Y,1202.27,current,M,53,MEDIUM,6.6000000000000005,9,887.0,1,9.0
7833,633,395795.0,6243.68,933.2,3748.0,2520.0,16398.0,254.88,63.0,31,60,26,6,47,293000,1,1,1.0,1,600650.0,1628.0,5797.0,0.0,185767.25,72056.0,18.0,2,84469.0,16683.0,102521.47,17,63,18922.0,38883.5,211123.25,94,58,19775.0,Y,2481.04,current,F,27,MEDIUM,5.6000000000000005,6,372.0,1,17.0
7834,12621,8993.0,6796.35,10318.0,37052.81,4871.55,11275.885,1538.5,17.0,30,49,50,7,1,139000,1,1,1.0,1,4731234.6,100934.0,22000.0,-5998.43994,402204.96,12535.0,16.0,3,22612.0,39100.95,43217.0,4,82,23559.0,22985.27,105919.0,36,38,33875.0,Y,9887.32,current,M,53,MEDIUM,19.8,10,883.0,1,15.0
7835,17158,13050.0,2619.0,1517.95,1233.0,4833.6,9058.0,1144.44,531.0,66,50,1,15,17,329000,1,1,1.0,1,158135.2,116533.0,36000.0,5773.0,12421.68,60431.0,6.0,6,38336.0,60370.13,64381.04,5,82,11376.0,60590.56,58991.0,4,61,38642.0,Y,5625.0,saving,M,32,MEDIUM,10.8,3,914.0,0,14.0
7836,261,401278.0,14965.0,1454.0,23350.0,2467.99,5148.0,13808.0,100.0,128,14,26,18,54,402000,1,1,1.0,1,5383.25,27000.0,2156.0,-5998.43994,1053.25,21476.62,12.0,3,42376.0,24161.07,138292.0,50,81,23030.0,19527.94,73712.5,5,83,45932.0,Y,8388.56,current,F,47,MEDIUM,21.6,8,799.0,1,3.0
7837,7381,5398.0,57310.37,10039.61,3092.0,22344.55,770.5,5400.0,5.0,65,29,50,15,34,327000,1,1,1.0,1,102.95,429273.4,49900.0,5340.0,26732.33,60427.8,11.0,4,23923.0,34848.04,27942.0,31,82,101174.0,9749.64,114954.0,47,32,42381.0,Y,3063.69,current,F,67,LOW,32.9,3,911.0,1,6.0
7838,17851,35132.0,232478.6,5653.07,8164.0,4640.0,5599.0,5330.0,3.0,26,64,47,25,81,124000,1,1,1.0,1,5383.25,49298.99,908.0,20324.0,137748.5,139102.73,29.0,7,20985.0,202182.13,34569.0,1,12,49994.25,22018.06,35839.0,44,6,23561.0,Y,3125.0,saving,M,35,MEDIUM,10.5,8,805.0,1,17.0
7839,13256,15546.0,17471.75,14482.0,2852.44,5984.0,1900.5,22520.0,6.0,8,72,2,1,37,524000,1,1,1.0,1,9649.6,210651.4,4000.0,1500.0,74375.51,49888.5,35.0,35,28301.0,15076.6,25679.5,9,50,23658.0,32615.21,68635.75,21,22,73067.0,Y,26885.77,current,M,27,MEDIUM,0.7000000000000001,5,957.0,1,13.0
7840,15861,123239.0,2513.23,607.01,5093.98,31754.5,21542.0,786.0,2.0,5,50,1,4,39,59000,1,1,1.0,1,48675.31,372815.4,462.0,-6301.0,31606.0,1749.0,70.0,25,36721.0,49364.45,19755.5,7,35,56547.0,42525.09,116082.0,3,58,45418.0,Y,2891.23,current,M,44,MEDIUM,14.4,5,536.0,1,18.0
7841,9700,13867.0,7248.25,7223.0,4703.4,24041.13,8802.0,623.0,2.0,18,49,2,2,98,218000,1,1,1.0,1,13929.95,36359.0,155205.0,-7652.0,78224.0,23444.0,55.0,3,40696.0,42503.3,54353.86,9,5,69502.0,10118.15,201792.0,4,120,61056.0,Y,10486.46,saving,M,56,LOW,21.6,2,867.0,1,9.0
7842,10080,15897.0,140702.29,997.7,849.0,14612.63,2392.0,1751.0,2.0,5,59,25,1,5,199999,1,1,1.0,1,46056.7,1194405.5,57899.0,5464.0,16956.43,30853.0,16.0,5,34144.0,22295.62,60801.0,6,82,57350.0,19682.0,15520.0,2,103,23685.0,Y,104.4,current,M,35,LOW,9.0,2,858.0,1,14.0
7843,5916,7809.0,11339.8,569.0,2999.78,7457.67,11406.0,3906.0,56.0,43,64,1,1,11,329000,1,1,1.0,1,51291.45,222222.0,610000.0,6885.0,27117.89,50205.0,43.0,2,54831.0,7814.83,40081.0,0,12,86294.0,37854.3,46950.0,2,103,19487.0,Y,5888.22,current,F,222,LOW,60.6,8,626.0,0,3.0
7844,9442,13209.0,5387.0,2031.0,23324.0,2109.0,3838.0,7054.0,57.0,10,7,3,2,42,17000,1,1,1.0,1,101891.25,30707.78,5797.0,553.0,72079.19,115116.0,79.0,6,215429.0,14954.06,35413.0,3,8,86707.0,20485.12,66716.0,8,12,285.0,Y,8398.3,current,M,47,HIGH,27.0,9,863.0,1,3.0
7845,7712,6766.0,14872.69,18197.05,3748.0,9447.93,9920.0,4275.0,124.0,10,44,2,2,56,381000,1,1,1.0,1,17402.2,25404.0,48950.0,-4679.0,64772.22,30510.0,23.0,1,51061.0,48069.76,24668.5,2,82,94473.0,95756.66,95463.0,4,15,12063.46,Y,354.78,current,M,66,MEDIUM,32.2,7,354.0,0,8.0
7846,3966,4990.0,1874.84,1807.0,5996.0,894.8,8157.0,3492.0,32.0,10,29,25,4,4,296000,1,1,1.0,1,13732.93,278360.16,49975.0,553.0,19878.63,37711.41,55.0,6,107228.0,159276.73,10734.76,2,20,37181.0,41480.01,31722.0,22,49,94927.0,Y,2345.38,current,M,40,MEDIUM,10.0,3,653.0,1,5.0
7847,825,8082.0,20562.0,4754.99,39567.06,2512.18,10449.0,15173.75,10.0,10,653,5,6,3,136000,1,1,1.0,1,98062.5,1400000.0,130000.0,2921.0,33456.95,2307.0,79.0,1,50357.0,21424.47,28082.0,4,49,29218.0,39457.98,77878.0,36,7,16288.0,Y,2119.4,saving,F,33,HIGH,5.2,5,866.0,1,13.0
7848,11868,344352.0,11093.92,6756.5,4771.41,989.44,11525.0,546.0,19.0,83,14,2,2,8,84000,1,1,1.0,1,39851.93,1475000.0,4367.0,5340.0,46788.81,90857.86,18.0,3,31018.0,12588.88,23498.0,4,20,16885.0,62899.94,962.82,12,10,51342.0,Y,349.0,current,M,28,MEDIUM,4.0,8,485.0,1,18.0
7849,2358,9000.0,20562.0,9372.37,13353.0,5027.5,7094.43,9503.0,7.0,30,50,22,6,13,375000,1,1,1.0,1,3101.3,3.0,1630.0,5439.0,236599.86,59201.37,46.0,35,70887.0,36589.87,86391.77,0,70,125303.0,71434.38,20110.0,12,76,31525.0,Y,4297.86,current,F,69,MEDIUM,44.1,3,614.0,1,13.0
7850,17887,166072.0,14620.0,1957.0,27578.6,1175.02,126754.17,17167.0,4.0,7,7,3,1,5,393000,1,1,1.0,1,173732.5,15000.0,925.0,1992.0,44154.6,30903.02,18.0,5,56667.0,111455.9,28054.0,1,42,65224.0,46193.52,80217.0,5,36,35243.0,Y,5567.28,current,M,62,MEDIUM,8.4,8,537.0,1,19.0
7851,18194,14556.0,9210.0,3867.0,2943.15,9914.92,21123.91,2204.0,19.0,1,59,2,1,1,19000,1,1,1.0,1,126303.7,21698.0,798.0,691.0,56418.89,210711.77,89.0,35,296080.0,35731.6,180424.0,3,5,41854.0,83073.88,128226.15,3,25,24387.0,Y,9075.47,current,M,50,MEDIUM,24.0,10,424.0,0,16.0
7852,16575,19083.0,13717.16,1869.0,12357.13,182.0,17438.0,2163.57,1.0,3,49,47,2,98,167000,1,1,1.0,1,21511.8,25404.0,2156.0,10210.0,41680.88,314957.0,4.0,1,20140.0,42865.74,7295.0,2,24,55482.0,14160.32,29246.0,5,22,18269.0,Y,547.8,saving,M,27,LOW,7.0,2,866.0,1,13.0
7853,13192,6360.0,19031.31,15184.55,14649.85,9366.0,13463.1,7834.0,5.0,10,2,48,31,47,293000,1,1,1.0,1,2666.4,25404.0,5905.0,-3506.17993,22789.43,239.82,11.0,7,55623.0,49565.02,5617.0,11,13,200000.0,17831.0,46953.0,6,80,24811.0,Y,8206.22,current,M,42,MEDIUM,11.0,8,249.0,0,20.0
7854,18560,13012.0,2714.39,8256.05,28387.92,5560.0,17977.01,5279.61,2.0,36,50,2,20,4,525000,1,1,1.0,1,319201.67,12971.0,148474.0,903.0,43565.92,49262.0,95.0,5,47364.0,31826.78,66087.22,1,50,26828.0,29138.74,72822.0,94,75,99677.0,Y,9432.9,current,M,35,MEDIUM,15.0,7,638.0,0,18.0
7855,17561,168311.0,57060.84,2086.1,52083.85,3876.0,3414.0,2125.53,19.0,11,13,24,4,81,565000,1,1,1.0,1,199690.5,39833.19,6100.0,-5439.0,17442.25,90792.0,15.0,3,46242.58,76013.5,113947.0,30,8,20504.0,12240.39,25548.5,4,18,25000.0,Y,10633.85,current,M,33,MEDIUM,11.700000000000001,1,369.0,1,17.0
7856,2830,6623.0,15643.52,7776.84,1588.2,5027.5,7115.52,1698.0,531.0,81,7,1,6,16,49999,1,1,1.0,1,123134.77,111000.0,25524.0,0.0,107245.53,92584.0,11.0,3,84469.0,8364.64,73522.0,20,20,115.0,7794.76,605341.19,3,68,24559.0,Y,0.0,current,M,56,MEDIUM,25.200000000000003,2,883.0,1,16.0
7857,2832,11168.0,6780.81,8168.26,31278.4,1069.02,14141.0,5171.01,4.0,10,59,44,6,1,98000,1,1,1.0,1,98062.5,1034285.63,5905.0,-5942.0,47570.7,30541.0,4.0,0,71555.0,29639.0,63179.5,6,25,242.0,78441.25,29973.0,16,21,65983.0,Y,122.55,current,M,118,LOW,78.4,7,867.0,0,7.0
7858,9496,1530.0,16252.65,38221.57,24854.71,588.0,426.0,1361.1,1.0,18,13,42,3,3,518000,1,1,1.0,1,14781.5,38173.0,22000.0,-5998.43994,61016.0,15142.0,46.0,4,19571.04,602782.05,408330.08,11,82,12032.0,60084.48,27307.0,21,68,26642.0,Y,1849.37,current,M,44,LOW,12.0,1,248.0,0,8.0
7859,13197,14704.0,37411.82,3897.72,31903.2,5619.66,7669.85,70.0,5.0,9,7,60,55,79,79000,1,1,1.0,1,216500.0,51445.0,1097.0,553.0,42356.66,567741.0,6.0,2,103334.0,78261.0,464456.0,43,20,65332.0,53869.4,121940.0,4,13,103500.0,Y,46499.14,current,M,66,MEDIUM,46.0,8,633.0,1,15.0
7860,14765,134003.0,3327.0,64804.0,186004.32,37483.84,3678.0,11432.0,8.0,36,16,1,6,16,391000,1,1,1.0,1,544500.0,358480.64,96558.0,9827.0,39240.28,15054.3,42.0,36,52393.0,25152.25,25544.5,6,82,21232.0,53165.0,58696.0,12,54,87706.0,Y,2700.33,current,M,38,LOW,10.8,5,331.0,1,4.0
7861,8918,1221.0,21783.62,2871.0,3465.85,14799.97,5451.0,1068.0,12.0,10,29,1,25,70,240000,1,1,1.0,1,3101.3,27000.0,130000.0,-402.0,21848.08,91400.83,32.0,5,38317.0,68281.97,63972.0,4,82,257899.0,145511.35,73072.0,3,80,54321.0,Y,2445.98,current,F,33,MEDIUM,9.1,10,818.0,0,13.0
7862,113,11725.0,3450.0,14654.2,17125.54,13234.0,4829.0,681.0,43.0,77,59,30,27,11,68000,1,1,1.0,1,272677.25,119451.0,678.0,5464.0,9782.92,165457.0,77.0,36,9400.0,10892.75,100078.0,9,13,72951.0,47837.32,67353.0,12,8,17.0,Y,9020.87,current,M,62,MEDIUM,16.8,5,958.0,1,9.0
7863,1233,319236.0,1413.0,14674.0,4246.0,8785.92,443.74,6205.0,7.0,5,5,48,1,79,143000,1,1,1.0,1,13849.4,1543.85,711.0,35346.0,526.0,44957.0,11.0,5,26369.0,46615.32,77732.0,3,69,97168.0,35193.5,3327.0,21,32,241771.0,Y,3277.82,current,M,62,MEDIUM,33.6,4,866.0,1,17.0
7864,7147,4139.0,2126.76,251.0,21563.85,3821.0,30096.0,4327.0,2.0,46,1,4,31,1,156000,1,1,1.0,1,825.0,24000.0,90525.0,1444.0,179819.25,477990.41,23.0,2,5464.0,33445.0,19990.0,2,13,19735.0,30133.64,345244.48,22,96,148304.0,Y,69370.76,saving,M,62,LOW,25.200000000000003,7,814.0,0,9.0
7865,11665,10668.0,1109.27,1945.28,6866.44,4161.0,1884.0,7262.0,1.0,23,13,1,3,3,391000,1,1,1.0,1,8209320.0,143000.0,130000.0,6613.0,22307.52,202757.27,42.0,31,22538.0,29088.0,47385.0,2,20,38373.0,70186.12,17487.0,2,73,1050.0,Y,4141.87,current,M,47,MEDIUM,16.2,2,968.0,1,6.0
7866,9002,3525.0,19290.56,2307.67,3945.0,13035.0,20961.0,2136.0,3.0,9,50,10,15,91,408000,1,1,1.0,1,5215.0,300000.0,5797.0,4795.0,22765.0,10155.0,18.0,2,108370.82,156305.06,46729.0,2,14,21050.0,101111.24,11256.0,9,50,66758.0,Y,24911.14,current,M,64,MEDIUM,17.6,4,911.0,1,6.0
7867,6466,16868.0,3876.48,11663.0,5876.57,11035.24,5533.74,29748.06,1.0,9,5,8,6,4,650000,1,1,1.0,1,1112.4,150000.0,48374.0,-4679.0,13678.82,12061.88,4.0,2,39471.0,40488.29,4174.0,9,35,38441.0,69483.89,42901.0,3,124,35999.0,Y,18822.3,current,M,35,MEDIUM,15.0,6,966.0,1,10.0
7868,13566,18721.0,31508.54,2440.85,22496.0,10317.0,3544.7,758.0,17.0,19,49,57,2,10,199999,1,1,1.0,1,1359.3,96096.0,33774.0,6916.0,110356.67,14265.0,10.0,36,69348.0,99008.15,56212.0,3,171,25326.0,111981.0,19764.29,2,7,9784.0,Y,15485.18,current,F,58,LOW,30.400000000000002,2,863.0,0,15.0
7869,10429,4783.0,2704.0,121.0,9315.71,878.65,1485.6,28044.0,92.0,23,89,42,4,17,28000,1,1,1.0,1,3638.25,5350.0,24250.0,3897.0,50536.48,52652.9,20.0,7,17668.0,5019.75,22216.47,4,89,8481.0,111960.28,48135.0,6,11,103300.0,Y,1325.2,saving,M,37,LOW,1.7000000000000002,4,683.0,1,6.0
7870,14730,5435.0,1998.68,4239.0,3599.62,35512.0,5164.25,1144.44,46.0,71,7,5,9,9,720000,1,1,1.0,1,75240.45,202560.0,6966.0,-5439.0,85087.0,45138.0,2.0,3,91381.0,47912.5,215067.0,4,5,34818.0,27323.27,18277.0,21,11,108060.0,Y,6941.16,current,M,62,MEDIUM,4.2,2,683.0,1,17.0
7871,13598,4438.0,5882.0,8000.5,18579.2,1538.0,2139.46,8498.38,1.0,61,16,1,8,30,481000,1,1,1.0,1,259573.3,208652.0,25524.0,7478.0,35248.0,21937.0,42.0,5,22313.0,21322.17,9161.0,3,82,10048.0,30201.82,53260.0,2,38,13706.0,Y,3693.64,current,M,40,LOW,14.0,10,505.0,1,20.0
7872,15193,124696.0,18793.125,9615.0,1649.0,79802.0,13395.5,1540.0,67.0,5,52,7,1,5,246000,1,1,1.0,1,76.0,25404.0,2158.0,-4664.0,120728.31,32251.81,80.0,23,20214.0,22061.78,26247.0,2,70,22739.0,23537.0,110441.0,3,38,9837.0,Y,5541.9,current,M,38,LOW,14.4,4,908.0,1,10.0
7873,5065,17575.0,3217.32,285.0,569.72,7066.0,2448.92,1486.0,18.0,39,32,82,4,20,581000,1,1,1.0,1,156875.0,25404.0,24094.0,1500.0,38319.12,123381.4,9.0,4,22622.0,20658.0,68985.86,2,7,65332.0,28190.67,36001.51,3,50,45384.0,Y,2603.27,current,M,32,LOW,9.600000000000001,5,385.0,0,4.0
7874,19854,4530.0,691.66,916.93,11143.0,2094.22,4732.03,378.0,14.0,3,1,10,3,5,232000,1,1,1.0,1,31324.0,373824.0,12016.0,-4664.0,17409.79,59569.0,4.0,3,28020.0,29316.83,81469.0,3,23,40689.0,31103.73,20166.0,62,24,38718.0,Y,7602.27,current,M,60,MEDIUM,8.0,2,805.0,1,7.0
7875,684,18601.0,7124.27,975.0,36383.79,20498.0,2638.0,57987.79,4.0,81,61,1,6,6,125000,1,1,1.0,1,33145.5,50000.0,23160.0,2500.0,118985.25,118419.38,4.0,5,13600.0,4160.0,66037.4,10,14,15836.0,20124.0,40883.0,27,18,15468.05,Y,19485.85,current,F,55,LOW,28.0,7,314.0,1,8.0
7876,17173,13823.0,7068.56,3143.0,4572.01,13885.0,7256.0,792.0,531.0,99,32,30,1,77,167000,1,1,1.0,1,196885.0,143000.0,583.0,2000.0,36245.6,8113.0,36.0,4,176819.0,10459.91,94317.0,2,75,20343.0,43452.73,172587.09,49,0,28200.0,Y,3687.65,current,M,66,MEDIUM,4.6000000000000005,3,424.0,1,3.0
7877,10765,327557.0,3017.54,11078.0,77910.3,9625.0,16627.845,7029.64,2.0,39,4,42,12,2,134000,1,1,1.0,1,20747.5,74599.9,3975.0,12415.0,91094.0,43204.16,62.0,1,218407.61,133507.29,38211.38,30,1,35002.0,28190.67,2941.0,4,14,19910.0,Y,2795.55,current,M,38,MEDIUM,1.8,5,424.0,1,7.0
7878,19453,122855.0,17423.9,2878.0,2648.0,1121.28,11497.29,31854.92,63.0,8,10,2,3,14,581000,1,1,1.0,1,33111020.0,88482.8,6000.0,2921.0,108040.46,85224.0,5.0,5,26350.0,17012.57,87375.0,1,38,48621.0,47846.16,436.0,7,9,16723.0,Y,2744.49,current,M,60,MEDIUM,36.0,2,243.0,0,8.0
7879,856,5295.0,554.5,12404.0,14533.48,1015.0,9621.3,574.59,1.0,18,44,11,31,39,290000,1,1,1.0,1,115818.74,992890.32,550.0,-4324.0,53901.75,59461.0,42.0,13,17700.0,38287.0,44816.74,1,8,107000.0,216698.26,53690.33,3,83,17835.0,Y,3024.38,current,M,60,MEDIUM,4.0,2,743.0,1,12.0
7880,13822,12441.0,10129.6,6615.0,4075.5,1334.03,33900.0,5411.77,4.0,99,50,44,3,54,225000,1,1,1.0,1,3101.3,70164.0,4699.0,4795.0,55292.27,54195.0,35.0,5,132160.0,12510.32,69768.0,6,29,26878.0,67470.75,57115.0,49,1,207.0,Y,601.19,saving,M,34,MEDIUM,2.8000000000000003,1,503.0,1,6.0
7881,10283,139893.0,1627.755,15469.0,10554.87,1440.25,28371.5,294.2,6.0,47,50,3,21,81,369000,1,1,1.0,1,9832490.0,30453.0,1633.0,173.0,32890.75,13116.0,55.0,5,35200.0,68610.45,27083.24,43,5,24446.0,37717.17,568.0,4,50,18650.0,Y,15602.27,current,M,33,MEDIUM,2.6,2,809.0,1,17.0
7882,7444,10790.0,17269.88,1289.0,47983.0,3880.89,32570.27,2216.0,8.0,9,64,20,45,6,68000,1,1,1.0,1,89908.8,96096.0,130000.0,12174.0,33263.39,24574.69,3.0,3,50226.0,226060.13,67777.0,2,20,43604.0,54446.55,5587.0,2,3,21837.0,Y,9064.39,current,M,58,MEDIUM,30.400000000000002,2,233.0,1,13.0
7883,12396,15290.0,17162.16,1385.0,12842.9,2150.0,44959.74,21927.62,44.0,1,60,1,36,3,326000,1,1,1.0,1,4230125.0,33668.0,230000.0,10210.0,27165.8,52292.0,36.0,17,33019.0,25739.36,1138.0,0,59,19247.0,46886.0,85100.0,10,35,27718.0,Y,1726.0,current,M,33,HIGH,5.2,10,243.0,1,18.0
7884,3270,7482.0,6004.0,27848.0,258.0,2223.6,40095.335,1955.52,10.0,26,44,24,4,77,31000,1,1,1.0,1,16317860.0,165916.18,500718.0,-4612.00977,41067.0,1497.0,36.0,2,28325.0,16060.13,79658.84,1,82,29506.0,32106.58,169339.0,1,10,169915.0,Y,2783.46,current,M,34,LOW,5.6000000000000005,9,448.0,0,20.0
7885,4285,7776.0,29019.81,37711.69,21065.13,1655.21,2038.0,8241.0,531.0,77,44,1,4,2,199999,1,1,1.0,1,4230125.0,1425000.0,25000.0,2000.0,25777.96,36028.0,11.0,26,17000.0,84794.17,36224.0,70,6,26693.42,29530.37,39292.0,13,11,43580.0,Y,2690.86,current,M,38,MEDIUM,1.8,5,966.0,1,9.0
7886,15717,15722.0,20160.0,7717.0,1636.4,824.67,16189.0,378.0,1.0,6,102,50,9,31,287000,1,1,1.0,1,1146.0,390700.0,38599.0,26601.0,56922.65,88690.61,7.0,3,10722.0,352240.82,93247.33,43,78,23873.0,18672.95,119075.7,3,42,38718.0,Y,47948.51,current,M,32,MEDIUM,2.4000000000000004,7,372.0,1,15.0
7887,4358,130292.0,7245.0,331.0,9134.42,1577.0,8209.0,821.0,24.0,32,59,3,5,5,59000,1,1,1.0,1,250631.8,202560.0,12337.0,0.0,66854.0,42831.0,16.0,1,38176.0,34519.84,305261.0,5,8,44126.0,12484.78,22699.0,6,106,17125.0,Y,1520.33,current,M,49,HIGH,8.700000000000001,3,799.0,1,17.0
7888,769,1576.0,7199.3,729.7,3841.8,1450.0,559.0,7697.0,136.0,23,87,17,16,34,58000,1,1,1.0,1,199690.5,182359.2,13873.0,-3625.0,30643.5,205608.5,62.0,31,21047.72,34952.75,134896.0,6,13,41059.44,69868.25,126900.93,4,11,32666.0,Y,31129.87,current,M,35,MEDIUM,6.0,7,867.0,1,19.0
7889,18087,327748.0,24644.0,2414.0,30463.0,3121.8,16538.47,680.0,67.0,23,29,8,3,2,59000,1,1,1.0,1,105453.65,54388.23,13873.0,-4679.0,31609.95,29235.88,32.0,7,33759.0,18895.0,162734.0,7,14,17509.0,189954.35,31314.0,11,106,19940.0,Y,4279.84,saving,M,60,HIGH,8.0,3,538.0,1,12.0
7890,9259,316075.0,922.01,5617.0,23367.0,7965.0,934.29,7837.0,8.0,66,5,24,2,4,350000,1,1,1.0,1,5809950.0,6574.31,1052.0,14509.0,49437.8,14111.0,63.0,36,20674.0,150263.75,28911.58,0,8,99440.0,35236.13,45540.0,6,35,23253.0,Y,12583.22,current,M,32,MEDIUM,8.4,7,314.0,1,19.0
7891,7222,13516.0,2874.14,38221.57,5615.8,2916.91,11059.5,275.0,15.0,2,89,8,27,8,520000,1,1,1.0,1,18778.85,53750.0,2644.0,-4679.0,18250.12,33562.0,5.0,7,30370.0,79971.0,40199.0,23,75,79864.0,78561.59,19866.0,7,83,40565.89,Y,399.88,current,M,33,LOW,13.0,3,256.0,1,6.0
7892,8645,17583.0,1045.97,3473.0,4170.53,2859.84,11678.415,12743.0,531.0,99,50,30,1,56,556000,1,1,1.0,1,55458.53,20000.0,56184.0,2921.0,93611.78,47301.0,16.0,6,14083.0,39821.25,42748.0,23,50,46648.0,28154.68,29196.0,14,65,37772.0,Y,4780.64,current,M,61,MEDIUM,4.1000000000000005,7,725.0,1,13.0
7893,7984,6874.0,5344.7,3999.0,2714.5,467.49,1411.9,1522.0,6.0,26,89,4,17,4,272000,1,1,1.0,1,47.45,13299.0,3570.0,6885.0,99956.18,26444.63,63.0,17,21488.0,9585.4,146667.0,24,77,26828.0,26185.5,13265.5,2,104,12313.0,Y,276.99,current,M,30,LOW,3.0,2,566.0,0,16.0
7894,15905,319235.0,4282.2,1541.0,18296.64,4505.0,5610.0,2217.0,53.0,36,1,52,2,5,267000,1,1,1.0,1,47024.8,267421.4,155205.0,-402.0,6019.0,7196.0,11.0,1,14310.0,75419.53,51602.91,1,78,38246.46,21686.05,94137.0,2,13,28841.0,Y,4709.12,current,M,44,MEDIUM,12.0,9,656.0,1,17.0
7895,12851,207948.0,2001.69,11314.39,17162.3,12666.76,8701.95,2067.0,53.0,10,7,18,1,41,34000,1,1,1.0,1,7455797.87,134890.0,2019.0,2921.0,4640.0,194651.0,42.0,1,74852.0,78121.58,34322.0,2,59,14176.0,60060.65,24898.0,4,39,551.0,Y,7555.83,current,M,32,LOW,6.0,1,866.0,1,19.0
7896,8050,19641.0,30429.14,2294.72,1332.5,7316.1,1931.34,326.0,1.0,29,70,1,3,8,17000,1,1,1.0,1,8556.25,36880.0,694.0,691.0,121876.84,16612.34,68.0,2,43797.0,66121.02,179040.0,20,82,73532.0,26007.63,72294.0,6,11,35241.0,Y,3310.21,current,F,47,LOW,13.5,2,525.0,1,20.0
7897,8725,17531.0,5291.68,715.0,4100.73,897.59,8839.0,1299.0,6.0,7,13,7,1,79,352000,1,1,1.0,1,83688.0,157624.24,13533.0,2351.0,54349.83,39158.05,0.0,17,17713.0,73282.0,129101.0,1,11,46004.0,63448.64,11299.0,40,80,14798.0,Y,10830.37,current,M,33,MEDIUM,13.0,5,618.0,1,8.0
7898,14937,22734.0,32518.61,3117.0,3195.0,4906.0,1309.0,2776.0,66.0,2,5,41,3,54,359000,1,1,1.0,1,52209.5,392.0,25849.0,1500.0,26412.48,63645.0,18.0,0,22103.0,21307.09,37441.0,6,7,26588.0,38669.25,142541.0,3,42,123997.0,Y,3356.76,current,M,35,LOW,7.5,6,966.0,0,11.0
7899,12046,1891.0,3068.3,1756.59,1148.0,16064.0,10098.5,2883.66,8.0,27,10,11,37,80,150000,1,1,1.0,1,4500.0,674291.83,11580.0,1444.0,48555.97,44240.0,7.0,3,60114.0,11543.0,175258.08,1,23,26032.0,41708.36,67919.0,4,49,32666.0,Y,36630.43,current,M,28,MEDIUM,1.6,1,700.0,1,9.0
7900,17693,13162.0,16713.79,104.0,4627.0,1072.84,2262.0,688.0,2.0,4,87,3,3,4,232000,1,1,1.0,1,10725.8,51445.0,16114.0,-3506.17993,58793.69,66750.0,20.0,2,170000.0,68281.97,19721.0,2,29,35067.0,8855.88,99127.0,14,76,2154.0,Y,1544.12,current,M,39,MEDIUM,19.0,10,233.0,0,19.0
7901,2437,15103.0,35002.31,14277.0,9531.0,8398.0,6081.76,30385.0,6.0,93,135,3,3,34,102000,1,1,1.0,1,516.8,158000.0,73217.0,12415.0,155872.54,5148.0,1.0,1,32978.0,46216.56,165400.0,6,20,15156.0,36384.57,72394.36,10,63,40201.0,Y,2193.41,current,M,40,MEDIUM,4.0,1,883.0,1,6.0
7902,992,20176.0,8078.0,4978.0,1536.5,1637.92,2935.495,3143.36,19.0,85,87,25,56,17,620000,1,1,1.0,1,8531560.0,121927.8,73217.0,-4679.0,45455.0,72412.5,46.0,0,17994.0,305486.99,31660.5,7,70,30192.0,48556.77,55798.79,9,9,28738.0,Y,1713.03,current,M,62,HIGH,29.400000000000002,7,503.0,1,16.0
7903,19421,10026.0,2778.41,147.0,18854.04,1212.0,11272.815,1729.0,2.0,10,89,44,27,6,150000,1,1,1.0,1,417.0,142608.5,610000.0,5439.0,26982.76,27838.38,32.0,15,25626.0,18720.0,131949.38,1,70,1650.0,74791.17,45236.0,4,11,31300.0,Y,1815.67,current,M,66,MEDIUM,27.6,8,748.0,1,10.0
7904,14865,4397.0,85405.6,2843.0,13477.49,10045.0,6965.0,4514.0,7.0,32,135,52,3,11,11000,1,1,1.0,1,526.25,150000.0,73217.0,-4324.0,39967.11,74014.0,16.0,3,198931.0,32758.71,115217.0,43,42,19723.0,178112.59,363.0,12,8,42065.0,Y,10422.34,current,M,33,MEDIUM,7.800000000000001,3,708.0,0,18.0
7905,19642,6733.0,15833.0,10755.76,10145.87,1858.0,19977.0,466.0,18.0,66,5,1,25,47,373000,1,1,1.0,1,33664.3,385218.7,5540.0,418.0,46740.0,512276.0,42.0,30,18720.0,35830.77,8078.0,1,9,21933.0,118193.72,21126.0,8,18,17845.0,Y,7541.2,saving,M,47,MEDIUM,18.900000000000002,2,643.0,0,8.0
7906,15783,3210.0,18049.0,2805.37,3399.0,2576.0,5257.0,3568.0,8.0,18,9,45,12,1,324000,1,1,1.0,1,2184.0,232235.65,25524.0,553.0,47005.99,54372.0,63.0,1,53241.0,86665.21,22557.0,6,26,107990.0,88323.02,27379.0,14,24,16757.0,Y,1494.18,current,M,33,MEDIUM,5.2,8,647.0,1,12.0
7907,1731,496.0,3555.08,876.32,4300.29,399.24,1460.945,6767.2,100.0,6,4,50,1,79,114000,1,1,1.0,1,1112.4,1400000.0,655.0,1332.0,41710.83,78165.88,4.0,9,241254.0,21335.26,45735.0,6,11,21095.0,22544.7,153125.0,6,78,31677.0,Y,2874.82,current,M,50,LOW,30.0,1,508.0,1,15.0
7908,12329,5415.0,38463.25,35250.0,1578.28,10061.34,1151.0,23197.0,44.0,8,74,2,31,54,371000,1,1,1.0,1,6440.0,17000.0,24094.0,2351.0,141770.1,90481.0,4.0,36,24000.0,11699.0,239180.0,5,81,37026.0,165555.47,10973.79,21,14,20229.0,Y,905.84,current,M,42,MEDIUM,11.0,3,505.0,0,14.0
7909,13676,739.0,49188.22,21265.7,11850.0,1204.0,11418.0,105631.0,9.0,43,59,18,5,81,300000,1,1,1.0,1,5383.25,409168.15,505.0,20324.0,4108.81,90720.0,18.0,31,39705.0,15903.0,72429.09,2,29,26828.0,25188.75,7681.0,4,28,6138.0,Y,103.94,current,M,53,MEDIUM,26.400000000000002,2,855.0,1,6.0
7910,12384,14304.0,6513.06,10544.0,4082.3,1726.0,9524.1,1361.1,1.0,10,16,2,21,54,650000,1,1,1.0,1,1665.0,400000.0,19400.0,-3506.17993,51316.75,90339.0,42.0,17,1071967.0,48506.55,26823.0,0,24,27959.0,72260.25,68698.0,3,58,27670.0,Y,7612.57,current,M,66,MEDIUM,13.8,1,685.0,1,13.0
7911,18704,39456.0,32566.15,4667.0,1528.0,21614.8,9689.38,3121.04,2.0,10,9,22,1,2,0,1,1,1.0,1,111.0,22400.0,33330.0,20513.0,81713.61,36464.0,5.0,3,10875.0,36039.55,65234.0,9,1,13675.0,270371.1,74496.0,2,42,15362.0,Y,29186.63,current,F,39,LOW,19.0,5,802.0,1,13.0
7912,6740,12785.0,5858.0,1741.0,7720.0,110.0,23512.0,677.0,6.0,22,82,2,14,79,170000,1,1,1.0,1,158135.2,6574.31,694.0,20324.0,5677.01,45570.2,11.0,4,54868.0,242704.47,933406.87,2,12,45778.0,53421.0,20898.0,5,79,59732.32,Y,18895.06,current,M,32,MEDIUM,6.0,3,448.0,1,13.0
7913,3296,88743.0,17225.68,6135.0,1594.105,5430.58,9957.755,5096.0,52.0,2,4,48,4,34,461000,1,1,1.0,1,127004.3,148150.33,19176.0,1332.0,33149.03,27071.0,42.0,7,36739.0,128659.25,56406.55,2,8,89847.0,26693.45,69756.58,58,26,580.0,Y,15643.03,current,M,29,MEDIUM,4.5,3,536.0,1,11.0
7914,7061,19482.0,45432.25,2791.19,2025.5,315.0,651.3,3053.0,8.0,14,84,8,31,6,16000,1,1,1.0,1,31454.1,106398.0,73217.0,5464.0,1656.0,82254.0,11.0,26,37860.0,30613.0,31171.0,6,5,35848.0,10054.94,32503.59,40,36,489.0,Y,1726.0,current,M,25,MEDIUM,0.5,5,615.0,0,17.0
7915,7978,17104.0,4300.51,24.0,20146.26,2011.0,11340.5,1969.0,60.0,17,1,20,2,56,87000,1,1,1.0,1,27316.5,35000.0,8333.0,977.0,10505.05,31497.0,11.0,7,119022.0,97409.0,23106.0,2,44,51874.0,11307.76,30714.0,49,15,53671.0,Y,17671.11,current,M,30,LOW,3.0,10,233.0,0,9.0
7916,4880,8155.0,33632.04,3036.0,31304.0,69114.0,43697.15,5229.0,7.0,23,60,15,8,56,510000,1,1,1.0,1,299294.61,267421.4,126001.0,6916.0,120318.14,15125.0,3.0,23,28020.0,21997.0,12574.0,3,30,33356.0,21585.92,18111.0,7,7,29050.0,Y,373.04,current,M,37,MEDIUM,10.200000000000001,1,269.0,1,7.0
7917,1351,15035.0,29191.21,1200.9,7545.8,21837.56,8692.0,3188.5,8.0,23,50,1,9,1,47000,1,1,1.0,1,526491.3,205000.0,20000.0,0.0,77863.94,44587.0,18.0,3,2277.89,52516.0,82735.0,6,11,15167.0,86135.0,31340.0,6,6,16573.0,Y,3208.09,current,F,46,LOW,10.4,3,539.0,0,9.0
7918,8071,290782.0,1526.52,3892.0,13038.11,3196.0,4654.33,1010.0,4.0,29,5,3,2,5,83000,1,1,1.0,1,1895.04,31033.0,100000.0,6916.0,16832.25,17635.0,77.0,1,12713.0,15202.0,290260.5,43,14,39978.0,11532.73,29714.0,2,13,70235.0,Y,1269.4,current,M,46,MEDIUM,7.800000000000001,8,539.0,1,16.0
7919,5903,128943.0,14351.79,3869.1,8839.24,15178.92,3526.67,863.0,2.0,29,20,3,3,30,114000,1,1,1.0,1,229435.05,244483.3,11580.0,0.0,124948.17,80357.0,46.0,2,16496.0,82998.11,57225.0,3,171,63853.0,21442.15,196078.8,49,1,70770.0,Y,26590.59,current,M,27,MEDIUM,2.1,1,710.0,0,13.0
7920,4995,19986.0,2038.24,14246.0,26218.24,3031.04,20775.0,6544.0,26.0,36,4,7,2,13,378000,1,1,1.0,1,48675.31,221000.0,1727.0,1500.0,39816.51,130303.0,23.0,25,10564.0,37596.36,445737.57,43,28,43972.0,63228.33,287921.0,4,2,74223.0,Y,8487.76,current,M,30,MEDIUM,3.0,2,799.0,1,20.0
7921,3043,13431.0,1312.92,1952.0,5970.01,2365.0,7893.0,1758.42,7.0,47,1,1,1,80,186000,1,1,1.0,1,12869465.0,96096.0,90525.0,6885.0,60578.68,2123631.89,24.0,35,980000.0,99786.27,37599.0,4,7,15200.0,22836.24,39005.0,4,11,421.0,Y,470.72,current,M,62,MEDIUM,4.2,6,921.0,1,14.0
7922,86,343487.0,8584.78,3332.48,7298.66,13329.11,1626.0,251.57,4.0,4,48,53,2,8,267000,1,1,1.0,1,4322.5,191000.0,1266.0,0.0,46630.81,684819.95,16.0,1,21826.0,74493.24,17396.5,3,7,21874.0,47698.0,13260.0,19,10,20602.0,Y,3515.05,current,M,53,MEDIUM,33.0,10,683.0,1,20.0
7923,17288,10107.0,20260.07,14851.0,17515.48,3777.3,13792.52,1355.05,531.0,26,14,2,38,16,522000,1,1,1.0,1,51291.45,25404.0,51520.0,6613.0,111479.75,49858.0,42.0,2,11099.0,34952.75,165166.0,31,20,5603.0,74791.17,92443.0,1,58,808.0,Y,3919.44,current,M,33,LOW,13.0,8,270.0,0,15.0
7924,6725,16071.0,14003.0,1954.0,8162.16,22738.64,35898.56,4514.0,44.0,6,29,12,4,4,293000,1,1,1.0,1,249060.0,680956.4,298472.0,4314.0,44950.68,13795.0,82.0,7,33918.0,61034.09,103488.0,4,59,417491.0,4065.25,54358.0,12,100,14109.0,Y,25967.47,current,F,35,LOW,4.5,9,866.0,0,17.0
7925,8969,8993.0,4650.34,2602.0,42370.36,7230.4,16406.0,5441.0,57.0,13,16,18,1,64,114000,1,1,1.0,1,322.02,1971236.9,925.0,-3506.17993,45883.72,70919.0,42.0,2,30863.0,7327.02,77180.36,28,38,73.29,35796.0,66671.72,49,22,178885.0,Y,9565.78,current,M,58,MEDIUM,11.4,5,505.0,1,12.0
7926,12825,10214.0,15069.0,1547.0,2570.54,3187.8,15880.14,4691.49,17.0,29,13,2,55,9,104000,1,1,1.0,1,7089.7,189246.0,527.0,10210.0,50604.15,27532.37,16.0,1,27522.0,21161.82,15051.0,1,20,396556.0,52157.63,197909.0,36,58,20602.0,Y,5308.95,current,M,37,MEDIUM,10.200000000000001,8,243.0,1,15.0
7927,9301,46.0,1741.0,4780.0,6455.0,4833.6,18275.885,1772.0,100.0,23,4,48,1,4,173000,1,1,1.0,1,1892440.0,118856.1,30000.0,-3506.17993,74859.67,35360.0,12.0,5,38489.0,13964.5,74447.0,4,82,21253.0,92747.74,38468.0,11,113,37737.0,Y,2366.8,current,M,58,MEDIUM,34.2,5,233.0,0,4.0
7928,12685,10667.0,5843.57,139422.6,1952.0,14156.41,30621.04,3176.0,2.0,34,13,7,1,12,199999,1,1,1.0,1,21511.8,93.35,25524.0,2351.0,58778.14,1899.0,32.0,9,45218.0,64450.56,42027.32,70,20,17025.0,32053.76,472779.03,2,21,13127.0,Y,22621.56,current,M,60,LOW,32.0,1,614.0,1,15.0
7929,12904,17662.0,6632.92,900.0,2568.28,5623.0,775.0,88.0,9.0,30,50,48,16,1,273000,1,1,1.0,1,270.0,19000.0,2644.0,5464.0,30636.25,60790.81,32.0,36,47964.0,185183.44,29271.5,47,12,37453.0,48586.54,36354.25,47,103,1912.0,Y,51.57,current,M,35,MEDIUM,7.5,4,464.0,0,19.0
7930,6161,7368.0,7862.43,3117.0,45261.0,6509.0,2690.0,20133.12,12.0,23,47,22,9,34,378000,1,1,1.0,1,99984.83,300000.0,787.0,5773.0,215117.32,44166.0,36.0,5,84618.0,14828.51,127882.0,31,25,62396.0,19788.0,60914.67,46,24,31700.0,Y,2121.13,current,M,32,MEDIUM,8.4,5,486.0,1,5.0
7931,6007,18199.0,10057.13,11709.44,34733.33,1471.05,506.0,759.0,100.0,10,82,7,37,1,313000,1,1,1.0,1,4110.0,6.0,3850.0,12415.0,43797.52,45089.0,84.0,4,64192.0,50307.97,377772.36,43,30,9571.0,48387.27,11312.0,5,104,34779.0,Y,7346.07,current,M,60,MEDIUM,16.0,3,708.0,1,19.0
7932,12401,19453.0,18470.32,1912.66,25458.88,3819.0,17838.49,157.0,2.0,99,50,48,18,64,13000,1,1,1.0,1,154363.25,15375.23,28985.0,6260.0,45501.0,58072.0,37.0,36,74787.0,48581.83,37595.0,3,12,30136.0,123732.81,21025.0,5,12,94.0,Y,995.73,current,M,65,MEDIUM,31.5,3,448.0,1,8.0
7933,2878,19743.0,7382.6,709.0,10821.3,8954.26,20963.92,5393.0,7.0,99,32,1,31,18,155000,1,1,1.0,1,127004.3,70164.0,13533.0,24326.0,53153.9,19606.0,10.0,2,40992.0,61845.5,101343.0,5,50,64429.0,4567.28,91056.0,10,24,29188.52,Y,2851.79,current,F,47,MEDIUM,21.6,2,684.0,1,8.0
7934,2272,6761.0,2091.505,2602.0,1025.36,2376.6,7632.0,2727.0,5.0,5,30,47,2,4,124000,1,1,1.0,1,55700.0,93.53,2019.0,6916.0,25465.43,438278.03,4.0,3,19771.0,16040.88,78169.06,1,2,45485.0,91266.2,90434.63,46,8,39321.09,Y,14468.87,saving,M,58,MEDIUM,30.400000000000002,10,814.0,1,8.0
7935,12407,18088.0,1695.0,2289.0,7038.0,986.68,2211.8,5120.0,100.0,47,11,5,4,98,150000,1,1,1.0,1,68908.5,157624.24,105000.0,4314.0,19878.0,36538.0,42.0,3,43865.0,113108.0,58093.0,12,86,16951.2,12961.88,105262.0,7,6,32187.0,Y,26172.65,current,M,120,MEDIUM,30.0,10,233.0,0,15.0
7936,17685,8768.0,16529.735,1545.0,13143.0,6092.0,10278.05,7963.0,6.0,99,7,24,46,3,199999,1,1,1.0,1,45463.0,186474.96,3570.0,-5998.43994,79946.19,6087.0,42.0,1,464.0,2091.0,16712.0,2,82,151726.0,42217.39,24129.51,49,10,477.0,Y,170978.53,current,M,60,HIGH,28.0,5,883.0,0,13.0
7937,9910,19074.0,19031.31,8615.96,2994.5,4161.0,7475.0,11233.0,26.0,1,60,1,1,54,383000,1,1,1.0,1,4731.1,76365.24,100000.0,5439.0,81511.09,40575.0,16.0,3,24552.0,24871.75,40071.0,6,20,25195.0,42025.39,62463.0,43,39,74780.0,Y,90.52,current,M,30,LOW,9.0,3,355.0,0,14.0
7938,2630,17094.0,7232.5,10802.0,23348.87,44305.59,8536.21,12776.89,531.0,36,1,2,26,16,307000,1,1,1.0,1,3575.5,87578.0,73501.0,0.0,14033.0,54849.0,42.0,1,19672.0,41973.4,107147.0,70,25,41101.0,52111.39,47251.0,40,50,30426.0,Y,47.52,saving,M,49,MEDIUM,2.9000000000000004,6,233.0,1,17.0
7939,6958,293032.0,23573.0,4613.0,7432.83,4320.18,7120.12,3188.5,2.0,1,49,3,60,10,110000,1,1,1.0,1,5809950.0,7194.0,25524.0,12965.0,91503.0,10190.0,70.0,3,22958.0,205567.81,35364.0,31,12,102124.0,244752.15,50634.75,9,104,34566.0,Y,1109.2,current,M,35,MEDIUM,6.0,8,631.0,0,3.0
7940,17921,7686.0,26252.1,406.0,4769.09,13439.0,388.26,822.0,24.0,36,4,48,1,54,300000,1,1,1.0,1,8758.2,158000.0,4458.0,-4664.0,52663.5,333114.0,4.0,35,95899.0,106288.0,89941.5,11,25,27034.09,28381.25,254223.0,5,18,30957.0,Y,864.24,current,M,32,LOW,8.4,9,370.0,0,4.0
7941,16033,203.0,824.0,6220.29,3291.5,8130.0,8012.5,4368.74,67.0,66,16,6,25,6,87000,1,1,1.0,1,223000.0,280000.0,768.0,-5998.43994,30637.51,505114.0,55.0,6,51372.0,745435.24,114880.18,30,27,49511.0,70628.44,15705.0,7,28,18775.0,Y,8398.3,saving,F,32,MEDIUM,1.2000000000000002,5,536.0,1,14.0
7942,2294,331522.0,52714.92,727.0,6745.84,1439.22,2439.68,3684.0,14.0,47,1,39,16,6,272000,1,1,1.0,1,1035.0,1372927.14,155205.0,9827.0,58047.0,90170.0,69.0,1,17258.0,22206.11,72782.0,2,23,26321.12,17264.08,30735.0,117,12,99894.74,Y,1544.69,current,M,42,MEDIUM,4.4,3,799.0,0,6.0
7943,5671,13874.0,7308.805,7349.61,2162.0,858.0,8692.0,2486.2,2.0,18,35,53,4,25,243000,1,1,1.0,1,148705.0,48087.25,583.0,5464.0,699.15,14295.52,11.0,6,33441.4,4543.0,135492.0,70,21,18783.0,164724.46,333557.0,1,8,20508.0,Y,10174.63,current,M,32,MEDIUM,10.8,4,536.0,0,12.0
7944,19772,2629.0,18693.0,659.0,5387.0,5416.4,5799.095,4086.52,3.0,10,52,2,60,58,110000,1,1,1.0,1,293418.75,52991.0,183999.0,5464.0,22153.0,41599.0,3.0,3,25158.0,18436.38,102344.5,6,12,52869.0,152000.75,45479.4,5,83,41427.0,Y,4104.74,current,M,46,MEDIUM,18.2,1,864.0,0,3.0
7945,11142,6836.0,33917.05,24377.49,13488.0,15568.0,35619.53,1715.23,5.0,46,50,8,1,47,402000,1,1,1.0,1,75000.0,482147.0,4895.0,20513.0,3369.25,8196.0,72.0,4,14610.0,14930.0,22946.0,45,8,20709.0,39497.67,259232.0,9,22,2510.0,Y,4060.67,current,M,25,MEDIUM,1.0,5,259.0,1,13.0
7946,11888,7300.0,1122.5,21070.0,15479.0,14261.2,20811.375,3035.65,4.0,37,1,8,2,6,1000000,1,1,1.0,1,70310.6,280000.0,96497.0,-4664.0,30165.26,71431.0,94.0,23,61900.0,22416.89,287376.0,50,5,7452.0,44545.21,19675.0,3,79,15054.1,Y,889.05,current,M,27,MEDIUM,7.0,8,386.0,1,15.0
7947,161,8375.0,1267.25,1250.0,1869.0,2401.0,23795.34,1925.0,32.0,10,27,2,6,47,212500,1,1,1.0,1,148705.0,186474.96,19176.0,277.0,11441.75,205608.5,46.0,33,35150.0,20624.64,59718.5,1,8,15481.0,31784.32,27687.5,1,18,21508.0,Y,161.23,current,F,33,MEDIUM,1.3,10,867.0,0,15.0
7948,11230,295356.0,3922.9,5466.0,25516.95,4336.0,14016.43,1068.0,6.0,18,67,3,2,4,116000,1,1,1.0,1,115818.74,110000.0,1630.0,10455.0,47051.78,62592.0,46.0,26,54125.0,63059.37,18960.0,2,6,110128.0,40444.33,9839.72,38,17,28676.0,Y,5299.43,saving,M,51,LOW,6.2,3,737.0,1,6.0
7949,5778,296124.0,6220.31,2390.0,20007.0,4062.5,16004.53,246.0,1.0,2,1,45,3,4,353000,1,1,1.0,1,871.5,64491.0,583.0,1332.0,36423.92,10199.0,6.0,3,50757.0,82005.69,56112.38,1,11,14278.0,51390.76,63902.0,4,39,31300.0,Y,16271.35,saving,M,34,MEDIUM,5.6000000000000005,6,372.0,1,20.0
7950,14030,1147.0,56621.6,1703.0,1713.0,10045.0,12379.45,2520.0,59.0,71,50,1,1,12,17000,1,1,1.0,1,154363.25,88482.8,2644.0,20324.0,14862.52,187746.0,39.0,2,45134.0,88005.43,20983.25,3,108,12922.0,51191.54,14787.0,14,32,689.0,Y,2687.87,current,M,47,MEDIUM,2.7,5,746.0,1,17.0
7951,18205,7988.0,79337.95,8243.4,645.0,9914.92,6725.75,5296.0,24.0,3,50,2,56,3,13000,1,1,1.0,1,811.0,370000.0,8417.0,3897.0,30350.0,30673.16,46.0,5,31450.0,143627.65,75083.0,3,7,24177.0,12621.0,168.0,5,65,22800.0,Y,5252.76,current,M,30,MEDIUM,1.0,8,723.0,0,5.0
7952,6239,3363.0,36794.84,1022.0,34996.87,4326.96,10376.0,3035.65,8.0,2,11,1,1,4,461000,1,1,1.0,1,51291.45,90829.65,2156.0,35346.0,2832.01,32458.0,12.0,3,88931.0,160408.6,38758.0,70,1,38910.0,19954.37,66158.0,16,58,29765.0,Y,10900.95,current,M,28,MEDIUM,1.6,8,296.0,1,2.0
7953,11919,170319.0,46217.26,534.7,12624.18,23172.0,5223.85,1882.0,14.0,10,11,23,2,47,366000,1,1,1.0,1,348533.0,308615.5,49000.0,2921.0,23496.72,38758.0,32.0,2,30605.0,97153.3,158029.62,0,81,24734.0,179142.25,9740.0,9,18,14334.0,Y,28177.66,current,M,63,MEDIUM,38.7,1,814.0,1,17.0
7954,18576,16486.0,1785.0,1677.0,1222.0,1861.0,2748.21,4620.0,12.0,23,5,4,2,67,599000,1,1,1.0,1,48422.7,117890.0,11580.0,35346.0,43990.44,55817.0,52.0,43,14523.0,18561.0,2347.0,31,44,31437.0,30387.5,73905.0,8,24,160.0,Y,13761.97,current,F,29,LOW,8.1,6,937.0,1,17.0
7955,73,13417.0,84343.96,2340.23,15729.68,5468.23,9064.78,2475.04,26.0,29,5,42,2,26,69000,1,1,1.0,1,1539496.64,200926.0,2214.0,20324.0,12886.85,160897.0,52.0,4,34582.0,51204.75,131736.26,11,20,54792.0,43913.72,33097.5,1,113,21971.0,Y,2903.23,current,M,35,MEDIUM,1.5,2,858.0,1,6.0
7956,8255,7099.0,7023.01,2841.0,1471.5,1357.61,24728.03,2295.0,92.0,65,16,57,1,1,466000,1,1,1.0,1,360978.37,191000.0,2214.0,1500.0,68710.88,459.0,3.0,2,6820.0,82132.46,90426.76,1,108,12603.0,14055.0,90273.88,4,73,73012.0,Y,340.91,current,M,31,MEDIUM,7.7,6,355.0,0,12.0
7957,13333,1258.0,788.09,9699.0,1508.65,65912.0,4649.15,1109.58,10.0,29,2,24,1,17,481000,1,1,1.0,1,10535967.5,12000.0,23500.0,-4664.0,41667.88,8592.0,46.0,1,49300.0,115167.75,39701.0,6,8,143859.0,50463.49,20823.0,3,65,55879.0,Y,75478.4,current,M,40,MEDIUM,6.0,7,536.0,1,4.0
7958,11889,18658.0,48272.15,31600.47,11416.06,11379.94,6263.44,1876.0,3.0,10,87,5,44,6,47000,1,1,1.0,1,45463.0,119831.0,230000.0,4795.0,72590.14,81539.0,42.0,26,19288.0,38025.05,73094.36,1,11,97825.0,86130.89,441044.54,22,22,11189.25,Y,5410.96,current,F,58,MEDIUM,38.0,9,485.0,1,7.0
7959,16130,339252.0,10164.0,4982.0,7568.74,1023.15,8692.0,403.52,531.0,1,6,1,3,1,400000,1,1,1.0,1,116122.65,71256.0,3570.0,8723.0,35399.57,62287.79,11.0,2,76517.0,70774.69,35889.0,2,7,28118.0,50196.18,52510.0,13,120,197514.0,Y,1717.97,current,M,35,LOW,9.0,8,254.0,1,16.0
7960,7452,4412.0,3856.05,3016.0,4153.63,11459.38,26672.51,1439.7,53.0,3,10,60,51,4,125000,1,1,1.0,1,233727.15,409168.15,25728.0,691.0,44747.85,60995.5,90.0,3,52205.0,10318.57,18389.0,7,104,26848.0,56954.9,51031.0,4,73,65256.0,Y,786.55,current,M,30,MEDIUM,2.0,1,710.0,1,20.0
7961,15492,18402.0,7459.46,5232.45,34703.12,15533.0,500.65,2435.04,3.0,2,17,11,1,98,293000,1,1,1.0,1,83688.0,253000.0,130000.0,-4679.0,60540.15,74992.0,5.0,33,13479.0,360245.26,57535.0,1,8,20696.0,23509.0,89361.0,2,58,21976.0,Y,18715.54,current,M,32,MEDIUM,7.2,6,927.0,1,10.0
7962,873,313753.0,64985.29,3139.34,9704.1,4600.0,690.51,7780.0,46.0,23,74,42,4,1,302000,1,1,1.0,1,39851.93,63173.17,56305.0,-6885.0,84143.07,33042.0,11.0,2,55623.0,32649.75,27069.0,43,20,25389.0,98430.0,39067.78,47,15,20479.0,Y,16271.35,current,F,32,MEDIUM,1.2000000000000002,10,864.0,1,6.0
7963,3319,17257.0,8737.96,31504.0,12673.06,3037.88,6142.0,1004.0,60.0,13,3,5,71,62,156000,1,1,1.0,1,551439.2,12257.0,126001.0,5464.0,53877.07,31135.0,12.0,2,30383.0,48626.06,1138.0,3,49,27820.0,19374.4,29210.0,47,49,49300.0,Y,5196.34,current,M,29,MEDIUM,0.9,3,536.0,1,3.0
7964,4717,6398.0,10740.87,64470.75,17963.62,54538.0,35164.34,828.04,15.0,61,3,35,2,8,290000,1,1,1.0,1,72383.25,70000.0,2156.0,2819.0,62205.75,278195.0,46.0,7,55815.0,58198.24,36423.0,5,6,28765.0,157376.1,21823.0,21,100,54409.5,Y,1339.92,current,M,35,MEDIUM,1.5,7,796.0,1,9.0
7965,19725,1008.0,1463.76,6359.0,39869.0,6578.5,3369.275,3789.0,57.0,30,38,8,1,1,350000,1,1,1.0,1,8556.25,114.74,2644.0,167.0,26827.0,17283.91,55.0,13,23616.0,360927.87,29605.0,9,59,46221.0,14160.32,164423.95,4,104,7100.0,Y,1452.66,current,M,53,LOW,16.5,10,370.0,1,7.0
7966,6090,15020.0,3153.34,25546.8,37409.55,921.0,289.5,1110.05,44.0,8,27,4,60,16,352000,1,1,1.0,1,47936.43,1475000.0,8333.0,1992.0,134024.02,96709.91,11.0,1,47362.0,410022.25,192887.0,9,8,39423.0,136484.77,19844.66,1,63,12686.0,Y,2169.18,current,M,63,MEDIUM,4.3,7,594.0,1,6.0
7967,16673,125898.0,7017.0,6526.0,8320.0,3821.0,2359.79,1999.0,2.0,7,44,24,1,6,124000,1,1,1.0,1,67833.35,1038364.76,768.0,1500.0,13711.25,77243.0,69.0,13,21047.72,48761.34,27550.0,47,49,19968.0,26763.21,18532.0,3,10,12193.0,Y,11891.73,saving,M,56,MEDIUM,10.8,2,866.0,0,14.0
7968,3885,615.0,9449.06,10430.45,5403.0,3333.0,1684.0,579.0,92.0,10,17,4,55,9,345000,1,1,1.0,1,4323.0,3342.51,6000.0,-5942.0,5192.86,100393.42,18.0,25,60815.0,7603.05,158029.62,47,30,95733.0,13939.0,170799.29,5,9,60765.84,Y,18862.4,current,M,32,LOW,6.0,6,454.0,0,16.0
7969,1078,15844.0,3615.5,3082.0,11180.31,5448.0,19280.0,14129.05,4.0,5,35,52,21,7,371000,1,1,1.0,1,249060.0,194099.3,13873.0,0.0,52023.11,100235.95,16.0,1,33651.0,23615.25,3964.0,2,21,20004.0,52365.83,81741.0,4,12,19554.0,Y,661.11,current,F,62,MEDIUM,25.200000000000003,4,743.0,0,15.0
7970,3538,404125.0,18126.52,2336.0,5536.63,4920.0,3131.5,16010.0,8.0,1,32,2,1,54,50900,1,1,1.0,1,123134.77,240000.0,50000.0,2921.0,80883.0,14907.0,52.0,3,40722.0,29384.31,24600.0,6,108,33465.87,39721.71,52595.0,10,12,81202.0,Y,18261.92,current,M,58,MEDIUM,19.0,2,537.0,1,14.0
7971,16543,141552.0,4941.89,632.46,2677.62,20225.0,8657.0,5682.0,26.0,23,29,1,60,4,298000,1,1,1.0,1,40440.4,71944.5,4367.0,2337.0,50305.34,35089.0,46.0,6,30876.0,50068.4,22636.0,43,8,21028.0,9200.89,5736.0,6,7,46082.0,Y,5658.92,saving,M,34,MEDIUM,9.8,7,867.0,1,4.0
7972,7319,97097.0,6717.0,10427.61,3238.67,2483.0,5731.515,7581.0,6.0,99,50,57,16,26,461000,1,1,1.0,1,4140.0,87578.0,96558.0,6885.0,561698.22,42067.0,11.0,6,88930.0,13554.05,176015.04,4,26,17246.0,40591.5,80546.29,4,12,13360.0,Y,783.94,current,M,42,LOW,13.200000000000001,5,882.0,1,20.0
7973,3695,18670.0,37382.0,6308.0,16246.9,4678.5,3196.0,7334.29,6.0,25,59,48,2,1,170000,1,1,1.0,1,233727.15,93.35,8417.0,35346.0,43373.62,75013.0,6.0,13,22541.0,107686.79,25103.0,7,24,23242.0,183604.24,21934.66,4,73,74383.0,Y,18043.25,current,F,47,MEDIUM,8.1,7,269.0,1,2.0
7974,3955,16276.0,7675.76,3538.0,13427.59,7610.0,1130.475,1397.0,1.0,29,10,3,2,98,124000,1,1,1.0,1,1674.4,245000.0,155205.0,9415.0,104695.15,88773.0,2.0,36,2300.0,44766.6,15296.0,9,82,29053.0,17210.03,38593.0,6,49,32242.0,Y,3045.41,current,M,32,MEDIUM,9.600000000000001,5,908.0,1,19.0
7975,14103,304674.0,6665.6,5440.2,42450.02,558.01,4245.3,9294.0,5.0,1,135,3,2,5,510000,1,1,1.0,1,4140.0,257406.7,655.0,1500.0,12201.26,5584.0,29.0,17,74631.0,82005.69,103148.0,2,1,34360.0,48284.0,100658.0,21,22,109349.0,Y,905.18,current,M,33,MEDIUM,5.2,7,488.0,0,2.0
7976,6053,212325.0,142081.0,1978.0,3419.56,6521.05,18216.0,4101.0,57.0,85,3,41,6,55,125000,1,1,1.0,1,96218.53,15036.0,639.0,553.0,19347.15,33923.0,46.0,1,49887.0,60931.98,32723.0,31,82,29976.0,10212.17,63192.0,42,80,19106.0,Y,10533.37,current,M,222,LOW,202.0,4,574.0,1,5.0
7977,18641,5875.0,4302.0,8202.86,3398.845,2160.0,2714.0,171.0,53.0,9,4,25,1,47,167000,1,1,1.0,1,3950.0,234459.4,49900.0,-5998.43994,130368.15,32018.0,42.0,1,32845.0,56270.0,211939.0,2,81,77595.0,11861.91,33860.0,4,38,34130.0,Y,2180.35,saving,M,53,LOW,26.400000000000002,8,737.0,1,6.0
7978,963,5921.0,37189.01,10190.9,1348.0,2323.0,83669.0,1980.0,7.0,1,60,8,3,17,84000,1,1,1.0,1,1534.0,17000.0,25524.0,5340.0,52419.0,56780.0,90.0,2,26518.0,23025.95,24404.0,45,4,35071.0,35184.73,37854.0,5,104,325294.0,Y,288.78,current,M,33,LOW,1.3,4,249.0,0,11.0
7979,13756,319.0,25256.68,4164.0,18821.54,2010.0,541.0,8296.13,26.0,2,67,4,4,10,450000,1,1,1.0,1,4614669.901,222222.0,25000.0,3897.0,15346.03,8739.0,18.0,43,24434.0,98378.41,33081.0,2,20,17886.0,26998.12,19125.29,7,58,10662.0,Y,7350.14,current,M,33,MEDIUM,6.5,4,269.0,1,17.0
7980,15299,7399.0,32785.94,8646.42,3204.9,4628.47,7970.0,4363.0,4.0,32,82,5,26,4,100000,1,1,1.0,1,22086.05,278904.9,6100.0,1500.0,73704.37,125346.0,9.0,1,27487.0,32042.07,68377.0,11,8,63665.0,11611.0,46909.0,7,40,15082.0,Y,9834.73,current,M,32,MEDIUM,1.2000000000000002,3,923.0,1,14.0
7981,9329,16551.0,12869.9,736.0,1736.0,538.0,11971.34,10931.0,1.0,84,50,57,6,18,222000,1,1,1.0,1,21511.8,54388.23,80000.0,1992.0,34214.25,73.36,3.0,2,27767.0,47324.12,30602.1,4,81,30629.0,96870.94,41661.0,2,11,25343.0,Y,864.24,current,M,50,HIGH,3.0,9,386.0,0,14.0
7982,16509,8973.0,9760.72,5283.0,6248.47,20677.0,14220.19,3320.0,57.0,23,59,3,25,1,35000,1,1,1.0,1,291969.2,68663.61,49000.0,19765.0,12886.85,31122.0,10.0,33,21551.0,51494.3,17068.0,7,23,19735.0,114857.77,228105.64,47,103,50687.39,Y,3683.82,current,F,66,MEDIUM,46.0,7,503.0,1,9.0
7983,2513,1198.0,19891.73,477.41,29653.89,25722.37,190.0,36786.03,1.0,6,10,50,2,16,390000,1,1,1.0,1,8370.8,429273.4,50000.0,19453.0,32058.1,14312.91,32.0,19,16818.0,3683.0,50116.0,0,20,26463.0,21585.92,33422.65,21,11,194887.0,Y,3301.18,saving,M,51,MEDIUM,9.3,7,454.0,1,11.0
7984,12185,12727.0,35560.0,16031.0,17130.0,7113.77,3326.0,511.0,29.0,43,67,19,25,4,58000,1,1,1.0,1,47299.5,560000.0,500718.0,-5998.43994,15154.75,58560.0,39.0,5,13138.0,219157.4,290260.5,4,8,32015.0,182237.72,104789.0,7,32,250526.0,Y,1262.12,current,M,53,MEDIUM,6.6000000000000005,4,623.0,1,4.0
7985,19112,8952.0,4287.36,8267.65,78777.86,253.0,15866.5,1572.0,10.0,61,4,1,26,6,27000,1,1,1.0,1,60800.0,5241.0,48950.0,1931.0,14317.85,116360.0,11.0,1,73601.0,58604.75,76794.0,3,5,24192.0,24678.0,141030.0,4,13,16990.0,Y,1500.01,current,M,34,MEDIUM,2.8000000000000003,10,713.0,1,11.0
7986,11595,322162.0,120474.96,8525.0,16098.17,2186.14,3915.0,3253.0,10.0,61,2,8,20,81,579000,1,1,1.0,1,825.0,280000.0,4198.0,977.0,181881.77,24060.0,55.0,3,30211.0,4486.0,82635.07,2,81,243528.0,15090.96,17528.0,13,11,41121.0,Y,4714.75,current,M,29,MEDIUM,0.9,3,748.0,1,12.0
7987,7853,219415.0,648.86,7284.16,21451.72,329.0,4983.17,967.0,531.0,47,82,48,16,6,599000,1,1,1.0,1,71020.5,154121.9,48500.0,5439.0,30942.0,211905.01,18.0,2,51171.0,32236.57,72647.39,4,24,23518.82,90022.47,52294.0,12,38,51211.0,Y,1494.18,current,M,33,MEDIUM,10.4,10,683.0,0,2.0
7988,16597,11590.0,6143.14,4426.0,6787.91,7347.0,5972.92,5400.0,7.0,20,7,1,18,2,184000,1,1,1.0,1,204585.76,119831.0,34550.0,0.0,79347.98,144266.5,3.0,36,56557.0,275.0,84730.0,1,34,18405.0,158984.91,50212.09,3,100,36238.0,Y,3045.41,current,F,32,MEDIUM,4.800000000000001,7,523.0,1,7.0
7989,1416,14468.0,13078.99,4095.0,14247.08,9867.0,31681.865,4369.0,4.0,6,13,30,6,3,326000,1,1,1.0,1,48796.45,24703.0,49975.0,6916.0,105411.88,88773.0,11.0,1,406532.0,28203.5,42708.0,11,171,26944.73,18895.03,44259.79,3,0,19474.0,Y,24140.92,current,M,40,MEDIUM,10.0,1,658.0,0,10.0
7990,11429,18783.0,6439.59,11955.0,28755.05,4181.0,1440.135,1168.0,531.0,23,13,42,11,8,525000,1,1,1.0,1,24129.0,3.0,1526.0,5439.0,157438.73,6097.0,1.0,14,12714.0,100987.85,83685.0,43,171,74397.0,52222.98,111828.0,2,6,45680.0,Y,29888.42,current,M,37,LOW,3.4000000000000004,1,928.0,0,15.0
7991,17462,206799.0,7989.0,512.49,4782.85,9447.93,28020.0,3098.0,8.0,1,59,57,4,3,129000,1,1,1.0,1,685580.0,12971.0,20000.0,-5998.43994,15729.65,82551.0,46.0,3,44238.0,15903.0,29595.0,9,8,58660.0,186773.76,14866.0,21,57,1120.0,Y,40397.37,current,M,33,MEDIUM,13.0,1,743.0,0,5.0
7992,5730,206115.0,16270.14,3853.75,35835.26,999.0,3402.26,2229.0,17.0,3,72,18,1,5,378000,1,1,1.0,1,48422.7,95081.0,1727.0,10455.0,8443.76,36074.5,89.0,7,20832.19,54367.0,225099.5,2,1,21992.0,77664.83,40216.5,12,12,43255.0,Y,1040.65,current,M,30,MEDIUM,1.0,7,937.0,1,14.0
7993,16161,20300.0,5184.0,446.04,2648.65,65235.0,18705.5,2452.0,19.0,36,46,4,1,2,290000,1,1,1.0,1,58121.25,120154.1,678.0,1992.0,83119.26,162016.0,36.0,1,17731.0,23733.83,27200.0,0,12,35241.0,184521.37,75287.0,40,65,49934.0,Y,593.11,current,F,35,MEDIUM,3.0,3,269.0,1,6.0
7994,12624,39851.0,3359.5,3009.8,31621.33,17735.75,6731.93,1148.0,19.0,3,82,21,4,2,393000,1,1,1.0,1,161704.0,86666.06,2158.0,3897.0,45697.49,56320.84,11.0,19,36336.0,83803.65,21031.0,7,21,26324.0,58210.71,179354.5,3,73,49994.0,Y,12163.45,current,F,35,MEDIUM,12.0,7,743.0,0,19.0
7995,11137,13696.0,5516.0,6201.17,2547.5,6166.0,1229.0,11432.0,10.0,1,44,1,1,10,86000,1,1,1.0,1,18451.05,10947.0,130000.0,173.0,45313.25,24738.5,11.0,26,102.0,21630.09,8717.0,4,9,21468.0,139556.97,6403.0,3,1,12416.0,Y,1123.12,current,M,28,LOW,7.2,2,723.0,1,14.0
7996,17345,5463.0,454.32,2145.14,12841.92,1926.4,3974.49,7480.0,8.0,25,110,52,3,3,290000,1,1,1.0,1,640.0,25404.0,50000.0,12174.0,71841.5,50025.0,20.0,30,49803.0,83238.69,165400.0,3,59,100000.0,33469.36,175179.0,3,12,29482.0,Y,960685.57,saving,M,33,LOW,6.5,1,796.0,1,3.0
7997,12036,3968.0,5920.7,10049.82,8734.08,2132.86,39518.825,2442.07,100.0,3,64,8,7,47,267000,1,1,1.0,1,7089.7,385218.7,678.0,3735.0,23228.77,30009.0,8.0,26,145994.0,154316.4,17433.5,50,20,79.0,33423.75,6170.0,2,24,46848.0,Y,9797.91,current,M,42,MEDIUM,2.2,10,243.0,0,4.0
7998,19408,16144.0,6599.23,15885.41,648.34,1031.6,2402.5,899.4,17.0,11,10,48,51,11,134000,1,1,1.0,1,4765000.0,14000.0,45000.0,7478.0,10449.17,8996.56,42.0,4,99015.0,42248.5,13930.37,11,8,45115.0,30993.14,120386.0,3,32,79000.0,Y,984.17,current,F,55,MEDIUM,10.5,3,314.0,0,6.0
7999,10553,328.0,26813.65,3746.0,6797.0,4107.91,15286.965,589.0,2.0,43,50,60,31,26,462000,1,1,1.0,1,115.45,337000.0,3570.0,6916.0,59770.11,54279.0,4.0,1,99999.0,81904.88,309297.9,5,8,38903.0,7155.0,17672.0,3,21,88017.0,Y,3085.64,current,M,47,MEDIUM,24.3,3,858.0,1,19.0
8000,1025,20229.0,26986.5,7944.0,3643.0,3923.85,3809.0,8007.0,2.0,2,32,15,1,11,206000,1,1,1.0,1,5809950.0,63173.17,68000.0,-4679.0,553.57,31021.0,1.0,3,55746.0,8129.92,75113.25,9,171,22169.0,91327.88,68847.29,22,6,80853.0,Y,7703.7,saving,M,49,MEDIUM,5.800000000000001,3,685.0,1,3.0
8001,10062,4594.0,60148.82,643.85,18768.06,2512.0,6872.0,2924.52,2.0,10,112,30,1,53,53000,1,1,1.0,1,77855.0,295150.9,33774.0,1522.0,85316.12,99851.0,11.0,1,15428.0,113370.0,51126.0,35,86,49516.0,2179.19,48860.48,2,101,23700.0,Y,6805.5,saving,M,32,LOW,1.2000000000000002,5,254.0,1,19.0
8002,15035,1326.0,7434.92,4420.96,1403.93,235.0,5535.15,908.0,2.0,32,27,3,16,6,375000,1,1,1.0,1,50550.5,46500.0,12000.0,553.0,280295.39,47121.0,42.0,1,15786.0,26836.11,8061.0,2,25,65887.0,11378.5,39825.15,4,11,31896.0,Y,2967.11,current,M,32,LOW,8.4,4,324.0,1,9.0
8003,9922,125793.0,3857.25,1093.2,3712.12,4376.0,1118.6,4461.0,2.0,65,105,39,1,56,523000,1,1,1.0,1,55458.53,39833.19,3975.0,5340.0,19747.25,32635.0,43.0,1,27070.0,74584.0,17311.0,6,13,56712.0,1325.0,39292.0,40,38,30499.0,Y,7316.45,current,M,32,MEDIUM,10.8,1,249.0,0,8.0
8004,11886,108528.0,5134.0,4475.99,11312.06,4246.6,4250.225,4463.41,26.0,18,27,8,2,3,298000,1,1,1.0,1,22086.05,101.24,639.0,-2819.0,15474.75,151960.0,39.0,3,59103.0,142739.77,35413.0,2,6,20642.0,10025.75,84714.0,94,9,7582.5,Y,19127.27,current,M,69,MEDIUM,29.400000000000002,9,686.0,0,2.0
8005,4234,8415.0,6306.12,171.0,5391.0,690.48,4418.85,5019.55,4.0,18,87,53,62,91,110000,1,1,1.0,1,192478.0,274285.17,51520.0,13135.0,94121.86,22061.0,2.0,1,28180.0,54257.88,47107.0,0,24,24320.0,1435.11,12959.0,4,13,74832.0,Y,1537.42,current,M,44,HIGH,19.200000000000003,8,445.0,1,16.0
8006,3647,19820.0,10105.0,2448.0,11967.47,7109.45,1702.5,4804.0,1.0,18,10,1,36,4,315000,1,1,1.0,1,168.75,77965.0,13533.0,14509.0,45867.15,32474.0,42.0,3,66830.0,170238.52,52842.0,42,50,47546.0,40490.38,9420.0,117,103,19910.0,Y,8759.92,current,M,36,MEDIUM,8.0,4,863.0,1,5.0
8007,13234,12784.0,12803.35,34325.0,21735.8,3929.5,7328.14,3373.82,100.0,2,27,44,4,6,245000,1,1,1.0,1,86865.0,462011.1,30011.0,3897.0,22789.43,39752.0,24.0,1,60364.0,67228.96,198877.0,6,13,92603.0,297477.3,20608.0,5,12,108697.0,Y,417.75,current,M,38,MEDIUM,9.0,10,314.0,1,18.0
8008,8968,298340.0,18584.0,966.0,1279.34,2447.0,2267.94,5246.0,16.0,99,47,39,15,98,298000,1,1,1.0,1,3101.3,1400000.0,925.0,5773.0,81511.84,33544.0,10.0,35,28751.0,10157.0,40407.0,50,171,31492.0,147313.62,116369.0,22,7,34803.0,Y,2256.15,current,M,35,MEDIUM,7.5,2,614.0,1,2.0
8009,6164,5932.0,508.17,3999.0,1077.11,1988.0,3771.515,612.4,64.0,26,49,2,1,1,232000,1,1,1.0,1,28482.5,24703.0,2019.0,6409.0,6348.0,368957.72,2.0,3,37300.0,39623.79,38514.86,1,42,28033.0,58725.14,40630.0,2,10,197514.0,Y,111.02,current,M,49,MEDIUM,14.5,10,385.0,0,12.0
8010,716,11870.0,4219.47,177.0,69812.0,4154.03,5835.0,19658.0,6.0,6,1,30,38,22,98000,1,1,1.0,1,690.0,470000.0,954.0,5773.0,73630.25,141046.0,8.0,2,52559.0,18340.0,173395.38,2,84,29218.0,13417.79,11216.0,3,6,74595.0,Y,24504.69,current,M,42,LOW,8.8,4,448.0,0,6.0
8011,14351,7921.0,7699.0,736.0,9579.0,339.0,9948.0,7616.3,26.0,26,50,3,7,54,199999,1,1,1.0,1,130319.0,52991.0,798.0,5340.0,77488.59,26960.0,4.0,1,54137.0,70083.52,63441.87,2,20,29336.0,108519.9,14057.0,22,58,36023.0,Y,31129.87,current,M,34,HIGH,11.200000000000001,9,710.0,1,14.0
8012,10162,10832.0,40164.1,650.24,27734.97,774.0,16869.625,18518.52,60.0,10,3,24,7,9,225000,1,1,1.0,1,10006.2,31871.49,54101.0,3481.0,47549.92,50393.0,16.0,2,37542.0,44084.84,4237.0,2,50,21551.0,38326.87,118037.17,6,50,156000.0,Y,24742.72,saving,M,118,MEDIUM,88.2,9,863.0,1,4.0
8013,13042,138594.0,16443.61,6768.77,23565.32,6457.62,4844.0,4343.0,44.0,128,10,8,4,12,568000,1,1,1.0,1,489773.55,200926.0,610000.0,277.0,6207.5,18479.0,11.0,6,119062.0,53687.0,248362.36,5,81,26000.25,47978.9,65236.0,5,18,47934.0,Y,169.0,current,M,33,MEDIUM,1.3,4,505.0,0,17.0
8014,17788,2980.0,30675.0,2825.28,1759.09,5054.0,17708.0,45262.0,56.0,36,47,1,5,3,198000,1,1,1.0,1,10006.2,240000.0,583.0,6613.0,9929.0,34518.0,4.0,0,28344.0,1803.47,34216.0,1,2,207000.0,633728.77,38057.0,3,10,34730.0,Y,2885.68,current,M,25,HIGH,2.0,7,123.0,1,4.0
8015,4380,12279.0,14129.77,57262.0,3158.28,899.0,3775.48,3606.0,6.0,1,50,3,44,17,595000,1,1,1.0,1,800.8,70000.0,96497.0,2921.0,161994.0,15061.0,8.0,2,14530.0,59101.0,34114.0,43,4,33120.0,158148.84,75030.0,6,120,19487.0,Y,2406306.66,current,M,44,MEDIUM,21.6,7,516.0,1,15.0
8016,19509,14036.0,6598.66,5873.0,19383.99,293.0,17654.195,3528.0,4.0,9,7,60,2,3,670000,1,1,1.0,1,199690.5,53750.0,230000.0,8572.0,45175.08,65497.95,8.0,6,13410.0,20253.32,82390.42,10,5,30672.0,53902.13,19372.0,47,24,26721.0,Y,348.95,saving,M,47,MEDIUM,2.7,8,523.0,0,13.0
8017,5654,322795.0,39216.0,8684.66,910.16,5331.24,22828.0,12743.0,1.0,8,27,4,31,1,252000,1,1,1.0,1,185669.2,95000.0,5540.0,-5715.49022999999,55459.76,30676.41,23.0,19,42296.0,11099.63,35532.86,2,69,31630.0,68316.01,64792.38,6,13,25679.0,Y,749.68,current,M,27,LOW,7.0,9,523.0,1,13.0
8018,294,7021.0,14598.3,2155.0,20448.2,3821.0,6110.0,1574.0,7.0,10,3,1,7,6,240000,1,1,1.0,1,4765000.0,100000.0,50000.0,26601.0,16038.5,67142.52,4.0,3,14685.0,44460.51,43801.37,1,5,22815.0,81850.22,619815.5,21,50,28437.0,Y,1749.35,current,M,63,LOW,25.8,10,743.0,1,4.0
8019,12664,8575.0,4850.01,225.0,6812.5,2959.0,13915.25,4284.0,44.0,23,38,1,3,3,467000,1,1,1.0,1,9624.6,172678.56,3975.0,1465.0,73186.06,24234.0,18.0,4,84386.0,59990.87,17564.0,3,8,71.37,85151.95,26346.0,7,11,16808.0,Y,5792.62,saving,M,47,LOW,18.900000000000002,9,923.0,1,20.0
8020,1800,10475.0,17968.84,242.0,120737.05,7813.0,388.45,5124.0,10.0,26,6,44,18,64,402000,1,1,1.0,1,384550.05,385000.0,105000.0,1079.0,65927.75,859688.0,11.0,2,24716.0,32618.0,57030.0,2,6,12646.0,278112.23,23559.0,117,1,33325.0,Y,6500.9,current,M,28,LOW,1.6,9,799.0,1,16.0
8021,1014,16277.0,2897.0,2801.0,13737.29,8195.11,8449.0,236.0,7.0,10,44,30,1,8,315000,1,1,1.0,1,568.8,77000.0,936.0,1429.0,25979.0,38779.0,8.0,7,24270.27,12052.74,68162.0,3,84,65353.0,22977.62,116703.19,5,50,59680.56,Y,411.06,current,M,33,LOW,1.3,4,750.0,1,5.0
8022,19809,4109.0,1676.84,1259.34,3690.01,899.0,11023.0,3457.0,1.0,6,17,3,1,30,390000,1,1,1.0,1,61186.36,470000.0,8333.0,2337.0,51197.36,34267.0,77.0,7,39730.0,35708.88,102220.0,1,44,25736.0,43081.0,23693.7,47,32,41868.5,Y,4271.29,current,M,47,MEDIUM,24.3,7,799.0,0,4.0
8023,18184,19606.0,29407.74,4839.4,8065.0,4644.0,10907.12,87.0,8.0,1,135,11,6,44,87000,1,1,1.0,1,36697150.0,202560.0,43798.0,-4679.0,102090.1,36420.0,35.0,5,42007.0,125356.93,2254.0,1,11,42075.0,107906.26,96301.0,2,58,1575.0,Y,5548.45,current,M,33,MEDIUM,11.700000000000001,1,713.0,1,20.0
8024,15073,30963.0,25457.03,1767.0,7679.95,1440.01,22375.21,3287.0,6.0,99,4,4,2,2,371000,1,1,1.0,1,1534.0,399.09,3570.0,-4679.0,11469.74,116481.5,11.0,3,24153.0,34115.17,233452.0,2,82,37492.0,25471.45,42271.0,5,83,23862.0,Y,81153.22,current,M,37,LOW,1.7000000000000002,5,249.0,1,19.0
8025,16815,3666.0,3615.5,10993.0,15073.26,4586.13,5686.92,3782.0,7.0,39,8,18,1,6,169000,1,1,1.0,1,506688.65,446457.0,550.0,-5942.0,48699.86,72754.14,35.0,26,66569.0,13129.0,61724.52,5,11,17541.0,17673.36,30486.0,9,58,4714.0,Y,6603.9,saving,F,66,LOW,18.400000000000002,2,506.0,1,7.0
8026,6827,856.0,78259.03,1799.04,481.0,15724.72,3416.08,1533.0,46.0,128,2,18,18,81,378000,1,1,1.0,1,124929.75,462011.1,33774.0,12415.0,31551.23,9225.0,5.0,4,25181.0,6193.0,57130.0,2,20,21874.0,11971.19,71659.0,11,57,49545.0,Y,1634.17,saving,M,62,MEDIUM,12.600000000000001,2,748.0,0,8.0
8027,13106,6357.0,24848.0,8243.4,8187.0,10739.0,6666.44,28135.0,6.0,10,2,3,7,5,110000,1,1,1.0,1,39851.93,10465.48,28912.0,19765.0,25796.06,123034.0,43.0,2,51101.22,38153.75,68240.0,4,171,109045.0,15759.54,46186.95,5,11,20612.0,Y,205.87,current,F,46,HIGH,23.400000000000002,10,485.0,0,7.0
8028,14936,15392.0,10782.0,15886.0,44992.24,39796.09,2122.01,2075.52,1.0,9,10,11,9,4,199999,1,1,1.0,1,365855.6,278904.9,126001.0,-3506.17993,3868.0,115875.0,63.0,6,101768.0,51775.08,20728.0,2,13,3915.0,77826.25,749252.0,3,11,67787.0,Y,4625.45,current,M,55,MEDIUM,3.5,7,465.0,1,9.0
8029,9769,18631.0,5475.1,480.0,10207.12,4635.85,482.0,3150.8,19.0,5,14,35,20,21,289000,1,1,1.0,1,102494.2,190887.4,68000.0,0.0,6582.0,33891.0,11.0,2,68292.0,47574.6,34380.24,6,70,33472.0,39416.78,4422.0,2,11,39320.0,Y,3917.78,saving,M,66,MEDIUM,27.6,4,914.0,0,13.0
8030,18152,7972.0,39602.2,19656.0,4966.5,52669.95,4007.135,4516.0,1.0,9,30,8,1,9,54000,1,1,1.0,1,41441.27,3342.51,2214.0,173.0,105423.49,21905.0,6.0,2,23627.0,538041.23,131585.0,5,108,6573.0,28953.66,70671.0,13,17,24698.0,Y,454.8,current,M,33,MEDIUM,7.800000000000001,9,123.0,0,8.0
8031,12063,16709.0,51710.54,878.0,4586.9,14896.0,17584.75,823.0,1.0,10,14,1,2,11,35000,1,1,1.0,1,127004.3,16000.0,1727.0,5730.0,30020.52,47468.5,69.0,4,59465.0,16192.52,56753.0,31,81,38910.0,183956.07,49924.0,5,65,22224.0,Y,38345.69,current,M,66,LOW,23.0,6,503.0,1,8.0
8032,14776,16233.0,16683.0,3250.0,12096.12,2332.0,62791.0,1247.43,53.0,8,49,42,60,34,74100,1,1,1.0,1,2533020.0,80489.0,54101.0,12965.0,6073.0,31185.91,42.0,30,19417.0,30749.1,151083.0,1,20,14478.0,16762.0,24842.0,36,57,116950.0,Y,16635.19,current,M,40,HIGH,6.0,8,259.0,1,9.0
8033,4149,2210.0,8443.13,8231.19,46926.02,362.59,2259.95,6196.0,8.0,3,4,50,51,81,306000,1,1,1.0,1,471.05,105000.0,1266.0,20790.0,68485.5,18171.0,84.0,0,49385.0,25325.79,176129.41,1,44,44617.17,44197.49,80068.95,5,13,33194.0,Y,1032.51,current,M,42,HIGH,22.0,7,314.0,1,8.0
8034,18185,217006.0,19040.0,2306.5,37652.05,394.0,10878.0,1618.72,53.0,37,27,4,1,17,520000,1,1,1.0,1,41883.6,12971.0,300500.0,5439.0,164020.55,40484.0,18.0,28,35977.0,2617.0,41617.58,17,82,35516.0,61755.1,25366.0,4,103,50140.0,Y,731.26,current,M,34,MEDIUM,8.4,5,867.0,1,5.0
8035,18247,339631.0,1362.0,2291.22,21713.5,1521.0,7145.0,21189.3,66.0,10,27,6,46,4,443000,1,1,1.0,1,747610.0,195088.0,825.0,3897.0,538261.91,62925.1,69.0,1,32317.0,56537.84,8640.0,47,44,41776.0,22346.5,43228.5,46,18,50553.0,Y,1817.17,saving,M,47,HIGH,2.7,4,799.0,0,12.0
8036,9005,14917.0,3780.47,1978.0,2776.8,16915.0,26283.335,1401.0,10.0,1,50,35,21,14,59000,1,1,1.0,1,138129.4,257406.7,5797.0,553.0,46465.72,801391.67,6.0,26,21289.0,8504.0,60293.0,2,20,115384.0,45588.25,26873.0,8,79,19238.0,Y,11391.81,saving,M,32,LOW,9.600000000000001,3,269.0,1,15.0
8037,15401,176275.0,7074.735,3685.0,17357.77,961.0,4189.825,12108.0,92.0,3,13,2,3,1,16000,1,1,1.0,1,41441.27,253000.0,69493.0,2921.0,202646.75,20050.0,11.0,1,50200.0,102140.63,25127.0,3,81,72951.0,177.0,37989.33,6,13,11330.0,Y,6798.69,current,M,50,LOW,12.0,7,809.0,0,8.0
8038,5211,204972.0,11635.0,4111.0,21935.22,10304.0,4308.535,525.0,10.0,99,38,6,2,5,371000,1,1,1.0,1,148705.0,100934.0,78309.0,4856.0,16088.37,99779.0,11.0,3,17463.0,41998.99,50092.0,2,6,23948.0,135345.61,490.0,117,38,15054.1,Y,9432.9,current,M,27,MEDIUM,0.7000000000000001,1,324.0,1,15.0
8039,2340,142388.0,1274.5,7063.0,904.45,483.0,101869.07,10377.0,60.0,10,60,44,18,17,147000,1,1,1.0,1,6014.12,17000.0,8764.0,844.0,73509.99,41615.0,10.0,7,34504.0,56192.1,36743.0,6,59,93811.0,35922.0,90972.0,2,8,72795.0,Y,3320.04,current,M,30,MEDIUM,3.0,10,958.0,1,19.0
8040,12359,13824.0,25063.42,4771.0,1737.64,9547.0,1333.44,3789.0,1.0,56,13,44,17,2,11000,1,1,1.0,1,167.5,1024477.47,5540.0,-5942.0,36380.54,113885.0,16.0,3,16161.0,20396.45,116164.0,31,18,20767.0,49381.85,112213.0,4,100,144100.0,Y,243141.04,current,M,32,MEDIUM,7.2,7,748.0,0,6.0
8041,10680,10484.0,3963.43,2887.89,10998.72,79802.0,2796.0,5727.0,6.0,5,50,52,2,6,379000,1,1,1.0,1,250631.8,201000.0,130000.0,5730.0,110356.67,31100.0,90.0,26,31333.0,48646.14,160511.36,16,69,24869.0,34860.0,45468.55,7,24,27821.0,Y,1962.53,current,M,60,MEDIUM,24.0,3,867.0,1,15.0
8042,9299,17423.0,19696.83,1915.0,26406.98,14935.22,17574.63,1704.52,6.0,77,84,52,1,47,525000,1,1,1.0,1,168265.55,560000.0,12000.0,-12179.0,90811.52,42310.0,35.0,36,15224.0,16300.65,38815.97,45,171,71340.0,106669.22,43533.0,10,38,832.0,Y,9037.46,current,M,46,LOW,5.2,10,274.0,1,19.0
8043,16783,17311.0,3423.85,31684.0,14261.5,10246.0,7357.0,10279.0,10.0,84,67,10,3,17,102000,1,1,1.0,1,59703.93,91747.0,8060.0,1500.0,72718.8,28463.02,5.0,6,31200.0,92691.6,51752.0,1,11,27875.0,9125.0,19924.26,62,106,5743.0,Y,4061.12,saving,M,39,MEDIUM,7.6000000000000005,5,249.0,0,18.0
8044,3625,15849.0,20252.0,1541.0,3214.96,5430.58,5892.08,3247.0,14.0,18,30,1,17,2,329000,1,1,1.0,1,71020.5,330001.0,610000.0,2351.0,226887.2,24624.0,42.0,4,253734.0,86844.8,70890.0,9,108,8125.0,11087.65,25001.0,4,8,27654.0,Y,4915.97,current,M,223,LOW,203.0,3,683.0,1,4.0
8045,3915,11191.0,29723.0,262.31,11095.0,20118.0,10369.0,1654.5,50.0,8,16,39,4,4,70000,1,1,1.0,1,80163.75,409168.15,25524.0,-6335.0,25482.0,41038.0,147.0,13,22541.0,179727.01,76584.45,6,17,23093.0,18144.53,111708.0,12,1,19671.0,Y,6652.99,current,M,60,MEDIUM,32.0,9,908.0,0,2.0
8046,4986,19899.0,19618.0,1763.22,1917.18,248.9,7199.0,3176.0,2.0,77,1,42,36,37,579000,1,1,1.0,1,41883.6,12971.0,768.0,0.0,55231.59,75237.0,42.0,2,26501.0,24491.58,2290.0,9,20,74900.0,4880.0,176402.82,3,32,17270.0,Y,3665.45,current,M,29,MEDIUM,8.1,3,454.0,1,6.0
8047,8831,17234.0,25197.0,718.0,2008.235,2101.0,7669.85,10389.0,2.0,10,7,48,25,54,480000,1,1,1.0,1,9717.55,1400000.0,130000.0,2008.0,157438.73,35252.21,43.0,26,36190.0,125356.93,101191.0,2,0,142795.77,35467.75,36208.55,8,75,60227.0,Y,15497.13,current,M,35,MEDIUM,4.5,6,595.0,0,2.0
8048,10736,19151.0,61121.46,4314.88,3012.28,9272.15,3485.355,2088.0,19.0,2,13,7,5,3,19000,1,1,1.0,1,544500.0,97000.0,4812.0,2351.0,22774.64,26308.0,103.0,26,54761.13,31928.89,27883.0,7,89,100041.83,50024.76,19595.0,3,6,59480.0,Y,4508.69,current,M,58,MEDIUM,34.2,1,626.0,0,7.0
8049,4643,3786.0,5703.6,253.0,33237.83,16174.0,15624.0,1424.0,44.0,32,49,5,23,3,326000,1,1,1.0,1,1215.0,158000.0,78309.0,2000.0,135173.75,42932.41,16.0,3,10500.0,44901.79,21119.0,2,29,24900.0,66942.72,48756.0,47,1,23027.0,Y,102537.55,current,M,63,LOW,17.2,6,750.0,0,16.0
8050,9090,4091.0,6025.37,14990.0,4064.91,4719.0,15818.22,4642.3,53.0,3,9,1,3,47,350000,1,1,1.0,1,120781.35,784499.0,30011.0,-3625.0,130083.91,60920.0,103.0,25,113136.09,17826.58,130605.0,23,50,30166.0,56362.52,577.0,3,83,28432.0,Y,1679.6,current,M,46,LOW,7.800000000000001,9,796.0,0,4.0
8051,7924,17768.0,8496.5,7716.0,2376.97,79802.0,32691.0,8214.0,28.0,39,112,1,31,1,16000,1,1,1.0,1,123295.4,159308.0,2500.0,2351.0,51752.67,212897.41,46.0,15,53.0,9485.84,14003.0,6,40,28620.45,143301.66,71477.0,21,76,34531.0,Y,8445.94,current,M,55,MEDIUM,3.5,6,466.0,1,14.0
8052,4420,293272.0,19159.64,18558.6,27733.5,6841.3,1057.0,5762.0,1.0,1,3,1,1,98,44000,1,1,1.0,1,140262.4,6574.31,20887.0,12299.0,19573.32,11148.0,74.0,4,15208.0,41994.63,102869.0,24,20,1644.59,141593.19,185715.0,47,32,32473.0,Y,10529.38,current,F,37,MEDIUM,3.4000000000000004,10,863.0,1,9.0
8053,16799,96713.0,149055.97,4086.0,34271.78,6090.8,21303.7,10377.0,44.0,65,50,1,21,56,524000,1,1,1.0,1,71191.8,76365.24,126001.0,20513.0,41395.0,35041.0,7.0,3,205235.0,51765.12,10734.76,5,4,208500.0,41772.0,19310.0,18,80,13301.0,Y,4617.41,current,M,35,MEDIUM,3.0,7,771.0,1,14.0
8054,5938,14997.0,34457.4,3033.6,6519.01,1364.05,5984.75,3771.34,5.0,30,44,3,4,3,371000,1,1,1.0,1,291969.2,222222.0,130000.0,7478.0,100631.21,29608.0,4.0,1,67144.0,14857.33,41755.0,3,40,4003.0,88629.13,24456.41,5,3,20488.0,Y,129.81,current,M,33,MEDIUM,10.4,9,945.0,1,20.0
8055,17930,17806.0,55502.53,9009.42,2850.0,2593.0,8647.0,3922.0,7.0,84,60,48,5,12,599000,1,1,1.0,1,81872.65,54388.23,768.0,3897.0,51072.84,49736.0,35.0,43,18720.0,5687.59,44597.34,3,16,43589.0,85518.2,25935.75,3,25,22349.0,Y,6461.21,current,M,42,MEDIUM,15.4,7,710.0,1,6.0
8056,17614,109593.0,36637.79,736.0,2423.9,1788.52,3670.5,603.64,24.0,10,7,15,17,17,510000,1,1,1.0,1,1831780.84,376600.5,38599.0,6916.0,47613.28,145969.0,42.0,0,43628.0,21816.71,25597.0,1,8,66800.0,120612.01,70135.0,14,11,20802.0,Y,7023.02,current,M,28,MEDIUM,6.4,5,354.0,1,4.0
8057,11541,5006.0,13210.0,10147.0,4615.1,782.85,43421.0,9812.0,66.0,65,50,48,15,4,290000,1,1,1.0,1,11878.6,1034285.63,3975.0,6916.0,32187.25,65999.68,147.0,5,58504.0,108895.12,26110.0,3,7,5050.0,88649.21,110488.0,12,79,34929.0,Y,5765.43,saving,M,32,MEDIUM,9.600000000000001,4,355.0,1,4.0
8058,11399,16142.0,27944.93,25597.08,12596.14,629.1,9089.6,1474.0,6.0,23,35,1,2,79,47000,1,1,1.0,1,754075.0,31033.0,59414.0,167.0,112014.64,20217.11,7.0,3,26065.0,19911.31,82942.0,9,11,36999.33,237326.01,70610.0,62,24,25905.0,Y,1786.49,current,F,42,LOW,17.6,6,748.0,1,19.0
8059,8309,2372.0,3820.54,4531.0,17931.48,6841.3,3796.0,3096.0,5.0,4,9,1,3,44,466000,1,1,1.0,1,166331.66,159308.0,90525.0,6916.0,61465.7,25611.0,52.0,3,82.91,30826.13,211025.0,2,70,27591.0,77069.96,64840.0,21,75,21144.0,Y,6859.77,current,M,33,MEDIUM,2.6,8,799.0,1,3.0
8060,600,2469.0,11877.63,6042.01,3355.85,4659.5,4983.17,263.0,7.0,34,5,1,2,80,138000,1,1,1.0,1,34443.0,15300.0,25524.0,9827.0,18986.95,300222.61,11.0,36,22309.0,26756.5,14669.0,4,69,42568.0,57048.23,40396.0,15,24,31896.0,Y,3716.55,current,M,53,LOW,6.6000000000000005,1,424.0,1,19.0
8061,16100,635.0,4353.0,3557.02,12855.71,1775.58,22711.62,413.0,1.0,2,5,10,2,56,738000,1,1,1.0,1,370776.0,110135.86,639.0,-5998.43994,93998.66,23667.18,42.0,19,53202.0,515800.74,94695.0,2,171,38848.0,37717.17,178944.47,19,12,34979.0,Y,3258.21,current,F,223,MEDIUM,40.6,9,713.0,1,18.0
8062,13615,12517.0,5299.28,2587.53,20672.0,713.84,4009.0,511.0,9.0,34,5,1,12,98,550000,1,1,1.0,1,9220.2,46500.0,1273.0,-6301.0,9782.92,9901.0,4.0,28,39543.16,282764.89,10530.0,4,20,25938.0,19788.0,418506.0,11,68,25389.0,Y,2874.77,current,F,58,MEDIUM,26.6,4,708.0,0,19.0
8063,15345,8068.0,6927.85,581.0,13444.22,4172.23,747.6,2212.0,66.0,71,4,53,6,47,147000,1,1,1.0,1,89908.8,241529.77,1143.0,2921.0,58947.72,71265.0,18.0,4,94000.0,37894.1,38384.36,2,5,127744.0,52953.49,34579.0,11,65,317800.0,Y,4966.96,current,M,222,MEDIUM,121.2,5,748.0,1,13.0
8064,8087,243849.0,5603.96,3041.0,44326.78,24356.64,16867.7,2372.0,44.0,8,2,5,4,44,483000,1,1,1.0,1,1581000.0,2400000.0,30011.0,5773.0,11368.11,31616.0,32.0,7,23556.0,36121.28,15219.0,1,8,11374.0,37956.45,58831.0,3,54,2245.7,Y,2605.36,current,M,30,LOW,10.0,5,748.0,1,3.0
8065,11067,301732.0,13876.0,34325.0,4423.58,79802.0,2184.0,1101.14,5.0,46,82,25,25,54,138000,1,1,1.0,1,2184.0,177795.8,550.0,12415.0,31863.46,43618.0,40.0,23,50884.0,59297.82,52887.0,2,63,25610.0,17402.01,34031.72,11,50,12778.0,Y,9956.75,current,M,34,LOW,14.0,3,708.0,0,18.0
8066,6670,5596.0,17550.37,2157.14,4840.06,15342.0,1369.555,1986.72,6.0,1,74,1,21,34,461000,1,1,1.0,1,123295.4,429273.4,678.0,6409.0,40936.0,26955.0,43.0,1,27826.0,196290.19,17323.0,9,108,60740.0,131879.89,31573.0,11,11,25231.0,Y,6128.02,current,M,46,MEDIUM,10.4,1,233.0,0,6.0
8067,7328,442.0,1032.0,1822.24,5402.0,2430.77,1253.0,8123.0,66.0,66,87,3,6,1,556000,1,1,1.0,1,13849.4,96096.0,519.0,8723.0,231393.88,21792.0,20.0,31,66456.0,35950.11,518583.0,1,20,20227.0,25383.25,7164.0,6,25,53215.0,Y,559.23,current,M,33,LOW,6.5,1,867.0,1,8.0
8068,3854,129218.0,25357.17,3092.14,24627.0,10285.0,42283.855,5507.1,1.0,66,49,8,27,58,97000,1,1,1.0,1,41883.6,6.0,248000.0,6885.0,45459.48,14145.0,1.0,4,24888.0,24353.1,18073.0,8,20,19566.0,57102.91,23896.0,21,11,18911.7,Y,10959.16,current,M,34,MEDIUM,5.6000000000000005,3,614.0,1,8.0
8069,16456,10325.0,3896.72,35250.0,10260.69,4803.47,7970.0,25436.0,57.0,34,20,1,5,91,42000,1,1,1.0,1,19265.4,150000.0,6100.0,6441.0,42725.88,34268.0,4.0,3,12932.14,44322.75,27209.0,45,63,25578.31,42147.66,135193.0,19,49,166000.0,Y,128741.28,current,M,28,LOW,4.0,6,855.0,1,3.0
8070,2237,219248.0,9592.0,2289.0,5626.5,9561.0,7431.84,6308.88,2.0,25,50,2,1,3,110000,1,1,1.0,1,5045.13,138475.4,18389.0,5340.0,34289.96,450244.0,77.0,1,72186.0,107686.79,136271.0,1,20,107835.0,48082.78,65961.5,62,68,57315.0,Y,6952.62,current,M,120,LOW,80.0,8,640.0,0,13.0
8071,1241,3474.0,18724.5,1012.0,2070.0,4644.0,4676.0,18793.0,44.0,11,14,25,9,56,276000,1,1,1.0,1,72383.25,130000.0,12000.0,3735.0,46913.86,53262.0,12.0,1,9722.0,37623.22,15085.74,20,7,41166.19,34782.0,18400.0,58,49,24324.0,Y,3125.05,current,F,66,LOW,32.2,1,802.0,0,12.0
8072,6634,14393.0,12502.56,5489.44,258.0,2991.0,21360.52,494.0,60.0,29,50,24,14,70,52000,1,1,1.0,1,3380.0,24703.0,25524.0,9415.0,46788.81,50192.0,91.0,4,29786.0,33577.63,112784.27,9,9,10527.0,13263.29,14562.0,14,12,11117.0,Y,2165.93,current,M,58,MEDIUM,22.8,3,927.0,0,3.0
8073,16444,7447.0,11809.86,4302.0,31787.0,5047.0,1547.25,806.0,10.0,23,7,17,3,8,555000,1,1,1.0,1,825.0,784499.0,16215.0,-5942.0,46765.0,30873.97,84.0,13,45750.0,50321.38,10558.0,5,20,60866.0,26437.0,484.0,11,24,22849.0,Y,6734.41,current,M,53,MEDIUM,3.3000000000000003,5,536.0,1,14.0
8074,12725,16125.0,11358.93,5611.0,16529.54,7984.89,1820.5,1061.0,44.0,19,14,11,4,44,581000,1,1,1.0,1,1831780.84,585268.17,5591.0,6885.0,22153.0,63137.0,42.0,11,19513.0,378007.0,54227.0,1,59,11555.0,434899.05,110438.0,2,3,152000.0,Y,18101.41,saving,M,66,MEDIUM,46.0,1,626.0,1,9.0
8075,4284,5966.0,2448.1,5258.0,6256.37,2376.6,6710.0,1467.0,1.0,10,84,4,6,47,252000,1,1,1.0,1,61761.4,399.09,8943.86,4856.0,14544.22,210671.69,36.0,0,69242.0,74107.66,637.0,1,82,11562.0,113018.03,65384.0,58,22,39696.0,Y,9538.04,current,M,27,HIGH,0.7000000000000001,4,864.0,0,11.0
8076,3167,3555.0,51051.65,1469.18,16715.7,4550.86,5529.865,9693.51,3.0,7,84,53,15,56,0,1,1,1.0,1,4.5,470000.0,891.0,1089.0,46572.35,105466.0,20.0,4,82857.0,199749.82,31662.0,2,82,27511.0,34369.69,21892.0,22,13,13757.0,Y,2791.94,saving,M,60,LOW,28.0,9,258.0,0,17.0
8077,2156,10468.0,12744.57,13353.83,4449.7,1179.0,16801.225,1016.0,43.0,5,10,4,1,3,581000,1,1,1.0,1,47651495.0,376694.91,11379.0,5464.0,28691.43,114290.0,77.0,11,66433.0,36243.3,149122.0,4,20,63853.0,22881.87,6390.0,12,11,37337.0,Y,1626.1,current,F,42,MEDIUM,8.8,5,631.0,1,14.0
8078,2676,137488.0,16621.0,4226.6,49359.04,18005.76,2650.675,13343.34,1.0,18,7,1,4,12,199999,1,1,1.0,1,42460.6091,64491.0,766.0,-6301.0,19326.0,73418.0,77.0,36,30393.0,27858.64,92489.0,6,20,47625.0,26434.0,39331.0,21,21,30425.0,Y,9801.9,saving,M,31,LOW,9.9,9,539.0,1,8.0
8079,9118,2531.0,86609.15,4934.0,10064.0,16831.5,4184.0,16186.0,56.0,23,135,39,3,98,371000,1,1,1.0,1,1895.04,1475000.0,33774.0,5340.0,30874.0,115958.2,7.0,2,27735.0,78855.93,57176.0,1,8,41800.0,36962.83,68099.25,19,18,3500.0,Y,1557.79,current,M,30,LOW,1.0,5,737.0,1,14.0
8080,15308,10558.0,12919.61,5677.0,30826.5,3703.0,1456.0,8697.0,1.0,23,13,42,14,34,408000,1,1,1.0,1,3299447.136,119445.0,24094.0,903.0,93602.03,202757.27,43.0,35,19744.0,26139.68,38825.0,5,70,19464.0,8449.0,56337.0,6,24,456.0,Y,169.0,current,M,32,MEDIUM,10.8,7,766.0,1,8.0
8081,16704,19696.0,10768.71,4250.0,34944.83,1412.89,24741.0,1511.3,24.0,39,53,3,21,6,402000,1,1,1.0,1,670875.0,822659.0,565.0,6916.0,68759.51,52872.0,4.0,2,10870.0,14693.02,27414.86,43,27,27394.6,69089.68,108056.09,7,120,16510.0,Y,1315.36,current,M,50,LOW,3.0,9,743.0,0,16.0
8082,6016,13707.0,16697.0,3612.68,111653.01,359.86,48109.79,103639.0,531.0,23,3,18,60,41,256000,1,1,1.0,1,19146.65,35421.67,130000.0,-6301.0,36160.0,51746.0,42.0,19,100944.0,27195.0,261517.0,2,81,22802.0,77809.28,10293.0,38,36,45556.0,Y,940.72,current,M,51,LOW,27.900000000000002,8,574.0,1,6.0
8083,18209,9654.0,9564.75,16839.45,28058.0,417.0,15668.555,4006.0,6.0,61,87,2,1,39,225000,1,1,1.0,1,811110.0,52000.0,550.0,173.0,44778.59,144107.0,87.0,1,158627.0,53078.33,62101.0,2,50,23708.0,88729.34,61074.0,9,120,49550.0,Y,2442.51,current,M,28,MEDIUM,7.2,6,536.0,1,20.0
8084,13236,10342.0,1138.0,11208.0,3296.76,949.0,19691.0,9503.0,53.0,10,1,45,4,1,313000,1,1,1.0,1,104980.25,536874.6,508.0,553.0,226812.08,1012271.0,32.0,1,20214.0,34881.5,29167.0,5,21,19684.0,45801.49,30256.59,12,87,94927.0,Y,5942.16,current,M,46,MEDIUM,13.0,6,796.0,1,2.0
8085,3889,402814.0,24425.03,25924.03,58628.11,7170.0,2302.455,1999.0,7.0,5,110,1,25,1,393000,1,1,1.0,1,10535967.5,32000.0,539.0,3735.0,64355.49,33818.0,46.0,0,21738.0,266682.76,88798.0,0,5,23483.0,92296.98,57636.0,4,3,6086.0,Y,934.28,current,M,28,MEDIUM,3.2,8,123.0,1,4.0
8086,7100,1536.0,11499.49,1425.0,57562.7,5209.75,8134.0,3184.0,9.0,9,30,82,1,1,26000,1,1,1.0,1,216500.0,218670.0,49975.0,8723.0,18829.9,17808.57,5.0,2,82.91,107812.75,111328.0,4,46,34610.0,172934.76,31240.0,3,14,44627.0,Y,1766.96,current,M,62,LOW,25.200000000000003,5,330.0,1,4.0
8087,14146,18156.0,10669.0,162.0,3619.0,2901.0,1265.0,5378.0,7.0,7,10,42,2,3,345000,1,1,1.0,1,54453.8,35421.67,8333.0,-5998.43994,16159.0,26242.0,79.0,36,162300.0,47919.75,26832.0,1,11,24117.0,117836.55,24241.0,58,32,20736.0,Y,2161.21,current,M,58,MEDIUM,19.0,2,684.0,0,11.0
8088,10219,557.0,2095.0,277.0,31533.76,908.0,5788.8,1776.0,17.0,18,64,11,1,16,58000,1,1,1.0,1,4230125.0,165970.9,2156.0,1500.0,35582.1,210529.0,69.0,13,45266.0,88275.73,8032.0,30,11,31610.97,52458.46,16694.0,5,7,42703.0,Y,440.41,current,M,28,MEDIUM,0.8,7,606.0,1,2.0
8089,19028,191.0,2105.93,1766.77,6021.18,12560.0,4033.065,9530.01,124.0,71,50,4,7,12,403000,1,1,1.0,1,259573.3,385218.7,1526.0,12174.0,75215.65,15241.0,18.0,26,7293.4,15519.78,70098.0,9,63,12239.0,35467.75,171754.0,43,79,20065.0,Y,5755.95,current,F,55,LOW,14.0,7,638.0,1,17.0
8090,4489,10299.0,14736.27,1010.08,1713.0,989.44,3513.0,1359.0,1.0,11,35,22,4,1,160000,1,1,1.0,1,72383.25,191000.0,49975.0,1245.0,25154.94,45574.0,5.0,2,24546.0,24577.23,683.42,3,1,1529.0,76832.56,25596.0,3,104,357952.0,Y,1572.83,current,M,53,MEDIUM,23.1,9,658.0,0,5.0
8091,15015,8086.0,1616.2,3082.0,29702.0,1156.9,2127.3,17736.0,56.0,5,52,82,3,11,249000,1,1,1.0,1,237823.88,191000.0,610000.0,20513.0,19675.25,5060.0,29.0,35,2277.89,10026.45,42710.0,45,82,28895.0,34633.5,53293.0,62,79,51527.0,Y,9921.56,current,M,27,MEDIUM,0.7000000000000001,10,928.0,1,7.0
8092,11738,10751.0,10355.12,229255.0,8671.96,2239.0,15291.0,3487.61,5.0,32,30,1,6,1,395000,1,1,1.0,1,299294.61,93.35,768.0,-6335.0,33634.97,63548.0,11.0,2,10989.0,5870.46,111271.0,6,8,23858.0,21128.29,37405.42,9,24,23795.0,Y,296.11,current,M,28,MEDIUM,3.2,10,958.0,0,20.0
8093,5246,14145.0,48938.0,28166.0,7189.87,4167.44,1991.495,3111.0,1.0,9,10,1,25,56,212500,1,1,1.0,1,19087.6,186474.96,73501.0,173.0,49493.56,7196.0,52.0,13,74850.0,17930.5,2469.0,24,171,62643.0,67891.35,148056.87,3,32,25529.88,Y,13170.34,current,M,46,LOW,15.600000000000001,2,523.0,1,8.0
8094,5479,314387.0,4794.0,3112.75,49060.56,1530.2,18487.0,2356.0,7.0,1,50,51,7,1,225000,1,1,1.0,1,2008232.55,45000.0,825.0,3897.0,23681.5,27122.0,10.0,3,165407.0,176623.66,30293.0,1,20,17117.0,8635.5,91.73,22,1,31727.0,Y,13.98,current,M,32,MEDIUM,9.600000000000001,1,270.0,0,18.0
8095,14964,130756.0,20387.22,3962.0,4060.0,6815.0,11347.75,525.0,2.0,18,6,24,12,11,143000,1,1,1.0,1,73010.0,16500.0,3975.0,19765.0,29948.98,72341.0,20.0,6,27128.0,27269.69,75098.0,45,104,14085.0,188399.5,36198.0,11,18,45295.0,Y,3441.38,current,M,53,MEDIUM,9.9,1,249.0,1,3.0
8096,382,18411.0,4968.99,390.0,22919.93,3694.0,25920.56,4859.0,31.0,30,27,1,3,36,520000,1,1,1.0,1,41883.6,6773.96,12000.0,2000.0,38595.05,14098.0,42.0,36,23881.0,40024.0,19553.0,17,23,249900.0,118193.72,78866.9,3,24,28590.0,Y,20272.89,saving,M,33,MEDIUM,13.0,8,799.0,1,17.0
8097,9487,8880.0,2476.21,17106.94,20033.49,9617.15,913.78,322.21,2.0,17,47,24,71,3,518000,1,1,1.0,1,1417886.15,545000.0,11580.0,5340.0,403931.45,18069.0,16.0,4,38339.0,21322.17,29862.12,7,43,38593.0,36095.86,114029.0,94,11,513622.0,Y,7703.7,current,F,66,MEDIUM,27.6,2,233.0,0,9.0
8098,9028,10564.0,16154.02,24988.34,3576.76,23627.0,13122.25,4328.0,63.0,84,47,57,7,2,303000,1,1,1.0,1,111.4,134890.0,936.0,14509.0,25607.48,20297.0,18.0,7,7000.0,37308.06,12977.0,19,78,66258.0,134131.4,33642.0,8,15,27048.0,Y,3189.03,current,F,29,HIGH,6.300000000000001,5,266.0,1,19.0
8099,18585,17507.0,18890.92,1605.0,5092.88,2060.84,2652.41,777.0,2.0,1,71,2,1,47,400000,1,1,1.0,1,3405.0,400000.0,4699.0,6885.0,83710.75,223167.0,11.0,9,15559.0,37607.76,28118.0,2,14,24621.0,50935.34,55847.57,6,87,66943.0,Y,1028.71,saving,M,38,MEDIUM,7.2,8,737.0,1,11.0
8100,512,147.0,2727.91,11903.55,587.0,1731.0,4648.3,1029.0,7.0,43,50,1,9,17,138000,1,1,1.0,1,1038501.78,186474.96,49975.0,7478.0,83864.48,14201.0,10.0,2,13695.0,55189.0,59776.0,2,7,11902.0,17810.1,36366.0,2,83,81936.44,Y,10379.77,current,M,53,MEDIUM,6.6000000000000005,1,743.0,1,16.0
8101,13380,14572.0,19014.18,27848.0,163748.23,17953.82,1377.2,276.0,8.0,99,60,1,4,79,530000,1,1,1.0,1,8209320.0,105000.0,610000.0,2337.0,62372.88,5202.0,16.0,4,69995.0,22507.0,187741.0,7,20,19165.0,105499.84,522.79,58,11,29329.0,Y,3351.93,current,M,25,MEDIUM,5.0,6,823.0,1,6.0
8102,10359,14357.0,6135.0,25858.41,15397.0,1653.0,7692.0,11767.49,4.0,8,70,2,8,80,466000,1,1,1.0,1,73010.0,121927.8,5540.0,-5715.49022999999,59174.76,858761.92,72.0,0,44173.0,43977.0,9209.0,1,11,10454.08,19133.72,20569.51,5,18,9784.0,Y,6812.18,current,F,37,LOW,10.200000000000001,3,233.0,1,13.0
8103,13386,16593.0,73040.4,383.0,16033.4,13210.76,3739.56,3028.44,44.0,23,16,4,44,42,100000,1,1,1.0,1,3638.25,861640.54,1526.0,0.0,46926.0,47014.0,70.0,13,22848.0,72005.25,16639.0,50,44,5100.0,67987.08,15747.0,3,65,3177897.0,Y,31931.36,current,M,33,HIGH,1.3,1,623.0,1,10.0
8104,16964,11036.0,10790.57,614.0,47220.69,72.0,31648.29,15631.0,531.0,23,38,45,2,1,170000,1,1,1.0,1,8758.2,10465.48,768.0,0.0,115455.26,64259.0,11.0,7,34307.0,14111.75,28465.0,31,81,32081.0,30387.5,20656.92,21,73,32230.0,Y,7613.93,current,M,37,HIGH,15.3,2,809.0,1,18.0
8105,6811,13448.0,20743.54,362.0,16028.0,15250.81,7371.68,8713.0,10.0,9,20,2,2,30,74100,1,1,1.0,1,89908.8,86000.0,694.0,5773.0,38762.36,107806.0,90.0,4,24968.0,23106.78,210195.0,0,8,34440.0,31670.88,24178.0,6,13,58881.0,Y,346.33,current,M,47,MEDIUM,13.5,2,446.0,1,17.0
8106,4690,16328.0,9459.23,4653.0,2441.5,34127.04,8563.7,574.59,3.0,3,64,3,9,98,300000,1,1,1.0,1,1859872.2,52985.43,891.0,-5439.0,33691.67,1748.0,18.0,1,13025.0,32469.0,86927.0,8,81,79301.0,72048.15,46868.0,3,42,24756.0,Y,7856.84,current,F,47,LOW,5.4,8,867.0,0,17.0
8107,17004,7801.0,10265.42,4934.0,5369.0,1055.76,75189.0,6084.0,19.0,1,117,44,18,56,738000,1,1,1.0,1,41.4,506383.85,33774.0,-5998.43994,151635.0,59214.0,87.0,26,29171.0,12108.99,82942.0,3,13,15225.0,27609.69,63881.48,3,11,575.0,Y,8825.79,current,M,58,MEDIUM,26.6,9,683.0,1,5.0
8108,16107,13560.0,17008.945,2232.0,17662.0,10488.0,21363.25,5300.0,100.0,77,10,30,2,80,326000,1,1,1.0,1,75240.45,1628.0,16068.0,2351.0,146983.34,30129.0,82.0,4,7700.0,34630.29,77451.0,2,89,46349.0,17990.55,67689.5,2,11,15736.0,Y,8846.88,current,M,35,LOW,13.5,10,465.0,1,13.0
8109,8005,299685.0,5687.78,415.0,25736.89,1997.0,20078.03,9900.72,136.0,46,9,4,21,74,467000,1,1,1.0,1,8209320.0,191000.0,16215.0,3897.0,74676.55,40597.37,29.0,7,23937.0,24452.0,59569.5,0,30,66.0,92440.32,15392.0,21,73,132149.0,Y,5453.95,current,M,44,LOW,24.0,3,314.0,1,2.0
8110,3145,2034.0,1296.84,10190.9,8839.24,2802.0,5594.0,945.97,10.0,36,87,7,8,62,579000,1,1,1.0,1,55458.53,202560.0,100000.0,2500.0,6719.75,18069.0,4.0,3,12258.0,78434.91,55409.7,70,1,21480.0,31103.73,399031.29,14,120,38028.05,Y,6399.75,saving,F,62,MEDIUM,42.0,10,488.0,1,14.0
8111,9473,1564.0,4599.71,183.0,19620.98,1637.92,3751.31,6219.79,4.0,93,2,1,45,56,150000,1,1,1.0,1,39853.9,77000.0,13873.0,5340.0,115230.08,37646.41,11.0,2,24184.0,34295.61,38536.0,2,13,30754.0,90639.6,128340.0,14,39,32600.0,Y,3384.15,current,M,60,MEDIUM,40.0,7,454.0,1,13.0
8112,14943,19245.0,94758.81,18730.92,15940.66,3904.0,5590.0,811.0,80.0,13,61,24,2,8,303000,1,1,1.0,1,165907.57,71944.5,15477.0,5773.0,54956.08,43250.0,11.0,26,26179.0,29074.17,20917.0,4,81,58462.0,55420.0,12432.0,36,63,58747.0,Y,807.95,current,M,31,MEDIUM,5.5,9,748.0,1,18.0
8113,16488,11876.0,32551.54,6855.0,180336.83,8915.8,4878.875,12743.0,43.0,50,87,1,1,42,670000,1,1,1.0,1,101891.25,114.74,4367.0,9827.0,34517.54,16157.0,18.0,0,27066.0,99040.2,119671.0,2,104,14726.0,76328.34,94317.0,4,18,30588.0,Y,53660.69,current,F,33,HIGH,9.1,6,488.0,1,9.0
8114,3291,14516.0,39216.0,5339.44,3335.0,772.0,363.66,715.0,92.0,39,50,7,3,47,429000,1,1,1.0,1,47024.8,470000.0,5797.0,12415.0,158850.54,19606.0,11.0,1,54917.62,23988.67,201904.0,6,27,20807.0,7699.0,43579.75,9,106,22886.0,Y,10923.95,current,M,37,LOW,8.5,5,737.0,1,2.0
8115,5403,14346.0,3103.54,1344.92,799.0,777.57,31394.0,2235.3,14.0,13,4,1,44,39,136000,1,1,1.0,1,325024.6,2300000.0,49000.0,5730.0,121505.25,49370.0,70.0,5,19341.0,29791.0,316264.72,1,20,24038.0,208804.67,94863.0,4,7,163201.0,Y,2393.33,current,M,30,MEDIUM,6.0,8,805.0,1,20.0
8116,9399,87580.0,37349.83,10190.9,2216.5,2971.0,2883.925,5246.0,1.0,26,29,22,1,1,329000,1,1,1.0,1,60050.0,650000.0,4458.0,5773.0,2519022.37,19655.0,18.0,3,99999.0,22343.03,50020.0,1,4,86790.0,32653.62,24016.0,3,21,117988.0,Y,1260.58,current,M,30,MEDIUM,3.0,6,799.0,0,5.0
8117,19851,13523.0,30287.51,775.0,3059.44,6225.0,7259.0,6324.0,24.0,30,52,1,5,47,505000,1,1,1.0,1,2173459.0,278904.9,49975.0,167.0,35326.16,102216.0,10.0,31,7588.0,147503.6,36315.0,2,50,11500.0,104822.45,10464.02,36,12,15656.0,Y,389.68,saving,M,60,MEDIUM,24.0,5,633.0,1,9.0
8118,9168,3699.0,7073.51,9251.59,1925.84,7426.48,709.34,10044.0,7.0,10,7,3,6,4,650000,1,1,1.0,1,39851.93,87578.0,80000.0,1245.0,25953.06,19147.0,4.0,4,135156.0,45606.44,59056.0,1,20,63585.0,63581.0,11789.0,12,54,9513.0,Y,371.78,current,M,56,MEDIUM,28.8,9,445.0,0,9.0
8119,15038,3328.0,7952.29,5693.23,26505.0,2061.68,6771.64,4032.0,12.0,84,67,20,18,42,256000,1,1,1.0,1,23221.65,470000.0,8333.0,5773.0,18720.41,25057.0,42.0,1,401274.0,46533.3,157500.0,31,7,18337.0,255860.4,1830.77,21,14,37413.0,Y,20489.62,current,M,34,MEDIUM,11.200000000000001,6,299.0,1,5.0
8120,3984,8687.0,12027.56,1110.0,9354.0,3439.22,8393.81,3613.42,7.0,18,69,1,2,42,370000,1,1,1.0,1,115.45,917881.54,1266.0,5340.0,39240.28,164940.0,7.0,2,25046.0,288657.0,40689.0,50,82,33782.0,35996.0,30958.98,14,24,28805.0,Y,15454.55,current,M,40,MEDIUM,16.0,6,748.0,0,7.0
8121,5992,1948.0,8143.0,14134.39,1515.13,600.0,6689.1,8038.0,1.0,10,67,18,4,58,100000,1,1,1.0,1,51291.45,50000.0,3570.0,7478.0,30364.63,30536.0,32.0,26,35953.0,37277.53,32659.5,45,11,142795.77,30507.5,78619.09,3,11,11752.0,Y,816.4,current,M,66,LOW,9.200000000000001,9,488.0,1,3.0
8122,18309,36307.0,1676.85,4802.15,1923.6,6438.89,4853.0,5762.0,3.0,39,7,10,56,58,290000,1,1,1.0,1,1581000.0,25404.0,787.0,0.0,90196.0,15970.0,4.0,4,30099.0,192482.51,88056.0,2,82,21468.0,88342.7,77393.61,19,38,30576.0,Y,749.25,current,M,44,LOW,21.6,8,748.0,1,20.0
8123,3331,6733.0,1057.5,8920.0,1976.5,9817.88,977.68,15231.63,29.0,8,49,1,2,1,467000,1,1,1.0,1,13732.93,221000.0,12611.0,9415.0,15609.19,51628.0,18.0,0,45404.0,13253.75,15671.0,11,20,34820.0,61326.0,166164.5,7,39,26964.78,Y,10975.65,saving,M,31,MEDIUM,2.2,10,615.0,1,13.0
8124,17510,19486.0,17655.59,2489.86,4331.61,5338.0,833.0,11716.0,16.0,30,62,1,6,25,255000,1,1,1.0,1,4140.0,273221.0,678.0,6885.0,43848.91,41468.0,5.0,26,28765.0,176336.18,75658.68,5,70,25336.0,34151.0,26470.0,58,73,14957.0,Y,9727.24,current,F,58,HIGH,19.0,3,269.0,1,16.0
8125,9822,10295.0,10380.0,2964.0,12609.49,14868.76,9130.6,2994.76,531.0,8,32,5,11,2,845000,1,1,1.0,1,9649.6,244483.3,51520.0,5340.0,32.87,131954.0,79.0,1,21474.0,41010.17,22681.0,31,12,134252.0,16405.77,75279.0,5,39,81936.44,Y,1432.85,current,M,42,MEDIUM,8.8,5,748.0,1,4.0
8126,19921,9376.0,22964.01,18558.6,7173.92,1977.0,3206.0,423.73,2.0,5,89,1,1,47,25000,1,1,1.0,1,197067.2,15300.0,49975.0,167.0,13033.15,3011.0,11.0,3,33308.0,24500.16,23074.0,9,7,34135.0,23713.0,412.0,3,39,62367.0,Y,38210.02,current,M,62,MEDIUM,21.0,4,911.0,1,12.0
8127,12296,308688.0,9339.0,5146.0,25889.03,818.0,1223.94,4041.0,80.0,5,4,3,25,13,519000,1,1,1.0,1,1665.0,2436.91,2214.0,-3506.17993,28204.38,37035.0,46.0,1,44898.0,33997.5,129146.0,23,23,17960.0,4563.66,17215.13,1,50,29482.0,Y,7574.08,current,M,38,MEDIUM,7.2,9,424.0,0,14.0
8128,11984,123179.0,18284.0,10117.0,26022.5,6797.98,21417.0,3771.34,17.0,26,6,41,48,13,47000,1,1,1.0,1,192428.25,397463.9,768.0,12415.0,573.5,97039.0,4.0,7,23166.0,20449.8,14232.0,3,20,88260.0,35401.91,22434.0,10,63,46457.0,Y,35712.78,current,M,47,HIGH,27.0,4,867.0,1,8.0
8129,16973,7410.0,37395.76,17900.0,36559.22,14033.05,10024.5,1290.06,2.0,1,3,1,36,17,489000,1,1,1.0,1,593.2,3.0,43798.0,20513.0,3997.0,39752.0,46.0,5,17663.0,72846.85,658385.53,2,29,48669.0,36134.59,4390.33,5,3,19939.0,Y,68.31,current,M,30,LOW,8.0,10,771.0,1,7.0
8130,6203,15217.0,11579.67,2136.51,3488.0,9415.95,6340.0,2973.0,24.0,32,4,1,3,11,232000,1,1,1.0,1,396036.49,88482.8,3975.0,-4664.0,55317.45,49972.24,46.0,3,26340.0,83120.38,14047.0,4,6,78876.82,24800.5,67167.0,2,58,31216.0,Y,2293.31,current,M,30,LOW,5.0,3,700.0,1,19.0
8131,14681,300898.0,9109.99,2549.9,849.0,2024.76,11823.965,901.25,44.0,30,87,2,21,3,64000,1,1,1.0,1,9624.6,187788.1,15477.0,-4679.0,48658.63,45004.99,29.0,2,69562.0,49270.0,117676.0,3,8,17832.0,23521.76,42267.0,2,12,94927.0,Y,2391.74,current,M,49,MEDIUM,17.400000000000002,8,366.0,0,10.0
8132,19517,837.0,2145.46,5468.0,5266.28,13035.0,2980.72,1841.35,10.0,10,50,1,25,5,315000,1,1,1.0,1,55700.0,446457.0,50000.0,26601.0,178986.08,36510.0,16.0,17,27875.0,28487.0,135256.0,3,29,20007.0,117852.04,39519.0,8,12,11478.0,Y,19139.28,saving,M,33,MEDIUM,11.700000000000001,9,620.0,0,20.0
8133,12528,18573.0,19507.19,3473.0,6166.85,1906.52,8601.42,11893.0,1.0,71,74,3,3,4,17000,1,1,1.0,1,9646.5,170989.0,130000.0,6916.0,45594.36,45194.0,67.0,4,33233.0,85804.76,116713.0,8,108,17450.0,95844.0,17672.0,3,32,17202.0,Y,1870.17,current,M,63,MEDIUM,30.1,5,324.0,1,14.0
8134,19544,12322.0,13138.18,12557.48,6486.0,4291.4,625.21,254.88,5.0,19,47,60,1,75,390000,1,1,1.0,1,3101.3,100934.0,130000.0,1411.0,30490.53,29548.0,77.0,1,56939.0,92531.51,68862.5,43,63,89759.0,56047.39,63126.0,3,18,61694.0,Y,2528.73,current,M,29,MEDIUM,9.0,2,809.0,1,6.0
8135,6264,88223.0,2862.0,4023.0,602.16,6593.0,7632.0,4985.0,17.0,1,27,1,25,80,109000,1,1,1.0,1,66191.5,93.35,5797.0,1444.0,31577.0,54179.0,103.0,3,158627.0,110326.15,71322.5,70,0,155072.0,2874.0,7648.0,7,79,84789.0,Y,2927.61,current,M,33,MEDIUM,6.5,5,653.0,1,3.0
8136,6724,17848.0,31827.69,3422.0,2892.56,25779.0,1936.4,9167.0,56.0,65,51,1,1,16,58000,1,1,1.0,1,6440.0,19000.0,1762.0,5730.0,72032.24,30674.0,11.0,29,42443.0,28140.0,145992.0,2,13,46096.0,76124.94,32449.0,2,103,52194.0,Y,1820.38,current,M,35,MEDIUM,7.5,3,655.0,1,2.0
8137,6152,17344.0,3686.3,8851.0,10789.81,4658.0,36566.0,210.14,56.0,1,2,25,51,4,345000,1,1,1.0,1,12057.2,65174.0,90525.0,12415.0,34871.51,17991.0,3.0,19,111759.0,11109.64,21881.0,3,8,69056.0,63331.5,112237.0,3,58,292089.0,Y,41805.09,current,M,42,MEDIUM,11.0,7,270.0,1,14.0
8138,1680,11045.0,14322.25,29373.0,66713.92,4892.95,2518.2,8175.0,136.0,2,4,1,2,11,255000,1,1,1.0,1,1665.0,5350.0,2644.0,-6301.0,5323.25,3449.0,90.0,5,40657.0,156395.93,38540.0,3,6,31578.0,55832.33,115817.0,41,32,55374.0,Y,3280.84,current,M,25,MEDIUM,1.5,3,923.0,1,14.0
8139,14453,2113.0,4762.92,7747.91,27355.93,11417.6,1932.5,1430.0,17.0,10,4,57,3,4,104000,1,1,1.0,1,167.5,43545.0,57899.0,977.0,130265.16,1383.0,4.0,7,10000.0,79695.25,72925.0,30,11,28832.0,21214.62,9298.0,5,79,31442.0,Y,618.33,current,M,34,LOW,9.8,5,737.0,1,12.0
8140,15310,300335.0,12564.5,4856.0,1474.59,12075.0,6038.52,1287.0,1.0,128,71,2,27,2,232000,1,1,1.0,1,181073.75,90829.65,938.0,1332.0,57169.05,60012.0,6.0,2,25608.0,9327.28,74825.0,9,13,25484.0,51292.1,203931.17,40,28,100535.0,Y,3439.01,current,M,32,LOW,1.2000000000000002,9,945.0,1,7.0
8141,5576,3307.0,23055.0,2116.68,9728.0,1729.04,5584.0,423.02,44.0,1,112,4,1,1,44000,1,1,1.0,1,472.0,76365.24,1515.0,167.0,17736.25,4558.0,103.0,6,37005.0,163745.5,79755.38,3,70,84144.0,165153.14,1744.0,4,7,2154.0,Y,4383.96,current,M,36,MEDIUM,16.0,4,771.0,1,20.0
8142,13975,11838.0,57060.84,15514.0,18406.84,6196.35,7729.0,6857.0,6.0,6,6,2,4,68,267000,1,1,1.0,1,7455797.87,680956.4,51520.0,-4679.0,69375.22,20028.0,17.0,31,19730.0,51127.11,36884.8,3,50,21574.0,74584.39,194110.0,19,18,152743.0,Y,14359.02,saving,F,66,LOW,36.800000000000004,8,628.0,1,3.0
8143,3094,14568.0,21546.74,6997.0,137887.7,7687.0,142675.38,1904.0,2.0,2,59,24,5,4,393000,1,1,1.0,1,173732.5,52000.0,33774.0,5730.0,154727.07,108866.0,2.0,3,9801.95,90429.92,21715.5,9,20,34971.0,11334.0,76742.5,7,24,50000.0,Y,10019.66,current,M,60,LOW,40.0,2,245.0,1,20.0
8144,11496,5732.0,2791.85,20105.2,10287.57,6078.7,6272.0,910.0,2.0,77,47,52,2,56,461000,1,1,1.0,1,250631.8,159308.0,15000.0,4795.0,120640.5,51288.0,11.0,3,75595.59,26543.67,83903.5,17,63,49088.0,94824.29,51354.0,4,1,1000000.0,Y,3943.97,current,M,60,LOW,4.0,3,354.0,1,16.0
8145,18983,6011.0,63264.045,38477.0,12891.72,12366.0,1918.865,6288.0,17.0,26,135,2,5,6,97000,1,1,1.0,1,12510.0,16000.0,18257.0,1411.0,22861.76,16323.0,147.0,0,25774.0,294673.03,19970.0,4,18,22025.0,674996.52,10977.0,18,113,21318.0,Y,22219.32,saving,M,58,HIGH,34.2,2,867.0,0,6.0
8146,1983,337.0,50485.08,4827.0,10501.29,12554.18,11335.56,2075.57,19.0,18,50,1,3,56,255000,1,1,1.0,1,158135.2,900000.0,49975.0,4795.0,10673.5,16901.0,16.0,2,52512.0,130035.5,36589.0,2,8,22050.0,37799.13,33861.0,4,37,31292.0,Y,6048.93,current,M,31,MEDIUM,5.5,9,582.0,0,8.0
8147,817,5860.0,18687.0,7608.0,903.0,68297.8,13350.5,7010.0,25.0,9,5,1,3,98,35000,1,1,1.0,1,298492.0,633323.83,230000.0,5439.0,39927.75,165527.0,46.0,5,18763.0,16331.19,290516.74,2,67,18767.0,11180.0,62104.0,1,103,20582.0,Y,5481.84,current,M,47,LOW,10.8,4,594.0,1,3.0
8148,11821,210295.0,7729.01,1154.0,13257.81,277.1,4398.0,523.0,2.0,6,50,1,1,70,286000,1,1,1.0,1,497317.93,93.35,24000.0,5730.0,46775.21,50538.0,89.0,31,27540.0,30138.93,305.0,6,171,12383.0,23184.17,49801.0,3,63,55411.36,Y,2874.82,current,M,28,MEDIUM,8.0,4,626.0,1,16.0
8149,8813,16415.0,10525.77,246.0,16733.77,1284.0,3034.78,79043.0,2.0,2,3,2,44,13,164000,1,1,1.0,1,5215.0,200926.0,24619.0,-6281.37987999999,15946.28,34839.0,77.0,2,30192.0,78049.5,20162.0,3,8,40834.0,75408.75,36803.0,94,57,123639.0,Y,1161.6,current,M,38,LOW,14.4,2,801.0,0,18.0
8150,13507,5488.0,5291.68,1837.0,4592.045,6582.14,10289.0,3793.0,1.0,19,29,18,17,8,112000,1,1,1.0,1,38428.6,25404.0,678.0,6409.0,84701.93,8592.0,90.0,2,18919.0,74635.11,163.86,6,14,30525.0,18699.0,34183.81,58,0,19283.0,Y,8028.07,current,M,32,LOW,2.4000000000000004,10,614.0,0,4.0
8151,4276,6106.0,2090.78,17053.25,1429.0,12447.72,17537.21,1533.0,8.0,29,20,10,9,47,402000,1,1,1.0,1,13849.4,93.35,2130.0,26601.0,25079.97,369074.15,35.0,1,195000.0,36839.0,37091.0,30,8,36592.0,133176.64,72388.0,3,12,256626.0,Y,91.76,current,M,27,HIGH,2.1,2,330.0,1,19.0
8152,191,212051.0,14676.0,11791.0,19323.53,4726.96,1796.04,4619.0,15.0,77,112,57,3,17,293000,1,1,1.0,1,10006.2,134890.0,2644.0,-6281.37987999999,13825.97,98324.1,36.0,13,41652.0,268374.67,18436.0,5,81,13487.0,152731.36,53456.0,94,12,16276.0,Y,5708.13,current,M,34,MEDIUM,4.2,8,805.0,1,7.0
8153,17102,2217.0,16126.12,901.73,4200.0,3880.89,2872.3,3184.0,10.0,10,87,24,12,1,472000,1,1,1.0,1,1234298.9,2625.16,73217.0,4512.0,3255.25,45177.31,11.0,25,37500.0,47179.94,469193.0,70,108,61446.0,148781.55,4453.0,2,65,41241.0,Y,310.49,current,M,63,MEDIUM,25.8,10,866.0,0,3.0
8154,13591,19996.0,3220.12,3422.0,45620.1,2629.2,4578.0,3192.0,56.0,2,89,53,51,5,17000,1,1,1.0,1,89908.8,39833.19,954.0,6885.0,92621.62,77893.08,77.0,35,132755.0,32619.27,209092.0,1,44,310000.0,42525.09,85140.95,4,63,24986.0,Y,3515.05,current,F,27,LOW,3.5,1,505.0,1,10.0
8155,4872,17444.0,7350.28,529.08,12042.76,7104.55,5921.945,1798.19,6.0,71,105,25,1,79,186000,1,1,1.0,1,83400.3,120154.1,90525.0,20513.0,21420.12,116876.97,18.0,26,44341.0,1862.0,32612.0,20,82,53035.0,76789.56,120681.0,62,83,22912.0,Y,1158.44,current,M,34,MEDIUM,1.4000000000000001,1,374.0,0,7.0
8156,13639,19241.0,15054.0,12041.0,4620.0,1733.86,1620.45,874.58,2.0,77,6,4,1,5,524000,1,1,1.0,1,1234298.9,74599.9,10973.0,1992.0,648.25,38655.0,69.0,19,50312.0,12868.3,166879.0,9,13,55220.0,133757.81,8178.0,43,21,31901.0,Y,4575.39,current,M,28,LOW,7.2,8,963.0,0,5.0
8157,9242,3792.0,38265.19,9010.56,2008.235,3366.0,9555.0,702.95,8.0,66,49,5,55,20,375000,1,1,1.0,1,7304.75,46500.0,50000.0,10455.0,42999.25,18291.0,82.0,28,8350.0,33855.65,25410.27,3,8,43073.0,6292.75,21008.5,21,12,23157.0,Y,1767.58,current,M,42,MEDIUM,17.6,3,369.0,1,4.0
8158,5348,8258.0,95432.85,14249.21,2107.56,38311.33,1142.0,779.0,8.0,60,11,44,31,47,98000,1,1,1.0,1,685580.0,240000.0,13873.0,173.0,88703.29,72568.87,11.0,5,27875.0,48431.5,14726.68,6,81,14473.0,15998.0,35328.0,1,0,19418.0,Y,78966.76,current,M,25,MEDIUM,2.5,7,801.0,1,13.0
8159,16729,11613.0,19059.0,19747.65,13341.12,8297.25,40095.335,3667.0,6.0,13,60,5,7,54,369000,1,1,1.0,1,9784.1,64491.0,4458.0,-4679.0,22196.28,19794.0,12.0,36,12196.0,37224.25,45611.0,43,1,1333.0,67107.49,58272.0,6,24,15036.0,Y,3860.77,current,M,32,MEDIUM,8.4,5,466.0,1,2.0
8160,8724,6774.0,16045.86,7856.28,12395.35,1837.0,8325.0,13067.02,63.0,1,46,48,12,3,84000,1,1,1.0,1,42460.6091,184514.0,130000.0,4314.0,65359.33,108248.76,43.0,2,38269.0,16652.84,923.0,43,8,21850.0,114857.77,85210.75,6,15,24917.0,Y,47.75,current,M,46,MEDIUM,15.600000000000001,1,723.0,1,7.0
8161,15261,90799.0,2323.86,14521.33,1406.56,19091.01,28020.0,591.52,46.0,23,4,7,15,26,28000,1,1,1.0,1,8043.25,43394.0,300500.0,9415.0,93550.74,10701.5,38.0,6,20043.0,16602.0,49073.0,0,171,26280.0,15351.35,180906.06,22,9,41870.0,Y,1359.75,current,F,28,MEDIUM,3.2,7,755.0,1,16.0
8162,7290,16301.0,9006.0,4439.5,4052.05,5204.0,26744.02,7659.0,136.0,18,38,42,1,11,256000,1,1,1.0,1,3950.0,308615.5,519.0,10210.0,33456.95,52492.0,35.0,30,38037.0,181851.26,33094.0,2,171,232563.0,22431.9,703491.0,117,21,189.29,Y,5560.17,current,M,29,MEDIUM,0.9,8,638.0,0,18.0
8163,4882,15510.0,7725.71,469.42,11088.46,11070.0,15359.15,2537.74,53.0,23,79,2,31,42,218000,1,1,1.0,1,1892440.0,105000.0,50000.0,1332.0,75050.81,96431.25,46.0,33,32035.61,37503.4,376.35,5,20,22309.0,47334.0,2394802.73,8,63,27786.0,Y,27000.0,current,M,42,MEDIUM,6.6000000000000005,2,395.0,0,9.0
8164,15785,15509.0,10790.57,1138.0,728.5,3045.53,34942.585,6364.0,7.0,18,50,24,6,2,13000,1,1,1.0,1,1349.1,43545.0,33330.0,-3506.17993,21915.66,53795.0,1.0,36,28470.0,37623.22,45174.5,8,25,59046.16,78312.97,35750.5,117,26,24794.0,Y,1202.53,current,F,37,LOW,13.600000000000001,4,864.0,1,19.0
8165,1793,305454.0,25025.5,1132.0,6285.0,4133.0,3599.115,7262.0,6.0,26,4,24,2,1,371000,1,1,1.0,1,250631.8,227697.61,300500.0,-4664.0,39902.73,26784.0,7.0,3,44061.0,10523.04,48616.4,1,49,39920.0,15286.5,138851.0,47,38,69892.0,Y,217.78,current,M,40,MEDIUM,4.0,10,743.0,1,17.0
8166,13228,17635.0,14941.0,1541.0,4992.68,3451.62,12742.105,3896.0,1.0,9,64,2,3,11,75000,1,1,1.0,1,368412.25,13299.0,15654.0,-5998.43994,41957.82,61693.41,24.0,4,16502.0,86726.92,87824.3,7,82,19480.0,47180.08,45911.0,4,7,11629.0,Y,4714.75,current,M,47,MEDIUM,24.3,1,908.0,0,15.0
8167,8915,137660.0,3798.965,1279.0,27436.5,2563.2,9742.0,2997.44,44.0,66,67,57,2,1,28000,1,1,1.0,1,20049.0,12257.0,4895.0,977.0,267007.84,59683.0,94.0,7,106366.0,79390.48,128281.0,47,12,33881.0,41600.0,5459.0,4,42,11428.0,Y,2826.41,current,M,62,MEDIUM,4.2,5,748.0,0,5.0
8168,5710,99364.0,15781.46,1994.0,9657.0,3182.0,1968.0,1080.0,8.0,85,10,6,1,79,72000,1,1,1.0,1,70310.6,53750.0,48950.0,7478.0,26033.22,4690.0,46.0,19,45933.0,175647.11,59585.2,70,2,77628.0,115628.54,613.0,5,32,69849.62,Y,8388.56,current,M,39,LOW,5.7,3,686.0,1,13.0
8169,16873,2094.0,6009.52,18393.0,24696.46,642.0,23970.7,3751.0,52.0,25,110,1,8,77,575000,1,1,1.0,1,101891.25,157000.0,155205.0,0.0,238940.0,35756.0,87.0,0,22584.0,30765.85,88768.35,5,82,37467.0,64425.22,25812.0,19,11,21283.81,Y,20802.91,current,F,32,MEDIUM,1.2000000000000002,6,737.0,1,10.0
8170,1863,23400.0,18693.5,2465.0,30007.92,21837.56,6366.0,4514.0,6.0,128,44,18,1,39,44000,1,1,1.0,1,47.45,446457.0,3570.0,553.0,26010.5,47049.0,42.0,1,32527.0,76013.5,41962.03,5,7,1333.0,374.0,30476.0,6,50,24810.0,Y,9124.94,current,M,28,LOW,4.0,9,503.0,1,5.0
8171,10730,94369.0,2202.59,1533.68,16480.95,9436.5,8534.0,806.0,6.0,1,53,60,3,3,225000,1,1,1.0,1,65640.0,150159.0,16114.0,6613.0,55653.24,22528.0,46.0,1,50915.0,88936.67,138852.93,43,8,60747.0,60942.74,42005.0,94,3,13301.0,Y,642.86,current,M,53,MEDIUM,23.1,3,598.0,1,11.0
8172,7933,8469.0,14869.51,12764.0,9805.95,4608.0,12957.5,1247.43,4.0,50,11,8,1,79,225000,1,1,1.0,1,15961.9,152391.0,6100.0,-6301.0,447259.75,46928.0,147.0,4,25522.0,19076.45,51687.0,7,63,11346.0,2025.02,38160.0,4,21,103950.0,Y,4594.35,current,M,36,MEDIUM,12.8,8,686.0,1,8.0
8173,5995,236161.0,30347.75,3201.0,5724.46,913.4,3807.65,4086.52,6.0,6,32,1,55,34,215000,1,1,1.0,1,1910215.0,88482.8,16114.0,5464.0,43419.11,51149.0,42.0,3,481.93,67166.7,23668.0,31,28,34556.0,120035.54,43067.0,5,11,15776.0,Y,12343.5,current,M,27,LOW,4.9,2,430.0,1,4.0
8174,4861,8927.0,3838.82,1991.0,19309.88,14064.5,14594.0,10014.0,66.0,93,4,2,7,79,232000,1,1,1.0,1,5688.0,385218.7,798.0,6916.0,27861.68,33357.0,24.0,31,18837.0,44190.48,24082.0,1,13,41101.0,44128.0,15566.0,13,113,24195.0,Y,683.79,current,M,63,MEDIUM,34.4,1,299.0,1,5.0
8175,4341,6162.0,253.0,5440.2,2640.25,12486.47,5618.75,2994.76,1.0,13,7,1,31,1,340000,1,1,1.0,1,13849.4,280000.0,57899.0,-4679.0,70466.27,285.28,4.0,1,18765.0,56270.0,36815.0,70,82,94500.0,72850.64,38310.0,47,13,35625.0,Y,10967.4,saving,M,27,MEDIUM,1.4000000000000001,5,536.0,1,8.0
8176,13663,12867.0,31304.14,1606.0,15316.7,2980.59,40138.0,4066.0,124.0,3,69,1,62,1,576000,1,1,1.0,1,2184.0,14000.0,68000.0,1444.0,29597.61,218.88,10.0,9,96640.0,11500.61,83903.5,4,4,29506.0,126400.13,151886.96,1,100,15428.0,Y,544.31,current,M,37,MEDIUM,15.3,4,805.0,1,13.0
8177,15089,1935.0,8770.64,35250.0,9799.99,2243.3,1351.5,15856.0,2.0,10,17,1,6,70,579000,1,1,1.0,1,7455797.87,470000.0,15477.0,0.0,30544.27,68716.0,11.0,3,34313.0,29951.15,70844.0,3,8,23661.0,72766.62,923136.0,3,39,21116.0,Y,4034.41,current,M,28,HIGH,4.0,6,802.0,1,2.0
8178,4258,16595.0,5516.45,8714.0,8026.56,9210.51,2841.0,2555.3,26.0,7,49,57,18,39,202500,1,1,1.0,1,871.5,93.35,230000.0,-3506.17993,21165.99,36811.0,55.0,2,15257.0,10256.69,29696.0,2,104,19464.0,69791.27,34845.0,94,32,2015.97,Y,1908.13,current,M,30,MEDIUM,6.0,4,653.0,1,4.0
8179,7706,3777.0,22592.85,8332.0,25958.84,26607.0,12295.0,5610.0,4.0,23,29,25,4,3,555000,1,1,1.0,1,21220.0,93.35,5905.0,10455.0,18823.25,245607.81,69.0,35,20450.0,41010.17,56077.0,9,23,58840.0,25197.23,38593.0,41,103,1224.39,Y,2477.48,current,F,44,LOW,9.600000000000001,3,867.0,1,18.0
8180,698,3816.0,18686.74,5113.0,2650.08,2681.03,2304.0,1248.0,2.0,46,44,1,2,3,423000,1,1,1.0,1,213557.15,194099.3,641.0,0.0,96997.67,18865.0,9.0,7,34680.0,91850.24,45439.0,23,82,20007.0,29878.51,104186.0,3,21,50252.0,Y,875.19,current,F,33,MEDIUM,11.700000000000001,5,867.0,0,7.0
8181,8401,17054.0,3560.0,12141.05,9034.82,11035.24,5321.12,463.73,8.0,2,84,30,2,2,72000,1,1,1.0,1,811.0,36880.0,155205.0,-6301.0,23789.6,42717.0,91.0,0,16129.0,202721.12,54091.87,4,108,37765.0,60720.0,14520.0,2,32,255500.0,Y,25375.27,current,M,223,MEDIUM,81.2,4,516.0,1,18.0
8182,14617,20057.0,1133.55,9803.0,24528.34,284.0,5593.915,4048.2,10.0,85,35,24,4,16,518000,1,1,1.0,1,720551.4,36880.0,2214.0,35346.0,22064.67,10077.0,5.0,35,48600.0,21130.37,100040.0,9,6,26605.0,44589.76,103427.0,5,18,50415.22,Y,3812.69,current,M,60,HIGH,16.0,4,748.0,1,20.0
8183,3584,19210.0,2498.02,4264.0,7473.15,4536.0,15357.0,10970.04,6.0,5,27,1,6,1,307000,1,1,1.0,1,146931.8,16500.0,768.0,6613.0,45290.81,28174.0,55.0,5,15183.0,36121.28,25205.0,4,63,36777.0,117681.13,30271.0,47,73,28870.0,Y,547.8,current,M,33,MEDIUM,10.4,2,799.0,0,12.0
8184,17073,4380.0,2138.12,8646.42,3134.8,3390.0,514.88,1776.0,1.0,10,11,24,9,8,510000,1,1,1.0,1,7089.7,393982.1,508.0,-5715.49022999999,90919.11,66274.0,5.0,7,38094.0,81033.41,45360.5,1,82,76600.0,70815.13,45599.0,3,39,8689.5,Y,971.98,current,F,58,MEDIUM,19.0,1,233.0,1,7.0
8185,3844,37.0,20260.07,8292.8,1942.0,4118.0,1889.0,1385.0,1.0,10,61,1,17,4,240000,1,1,1.0,1,10008.0,1425000.0,1633.0,12415.0,72645.63,43714.0,29.0,26,20074.0,32650.6,47158.62,2,20,46050.0,29923.22,61223.0,21,80,22573.0,Y,8060.65,current,F,27,MEDIUM,6.300000000000001,3,558.0,1,14.0
8186,7016,21947.0,12821.2,2825.28,24978.85,18653.0,3850.2,6234.8,9.0,5,50,15,1,37,466000,1,1,1.0,1,9118.35,30453.0,16114.0,0.0,33304.57,19655.0,22.0,1,176819.0,6784.0,5569.0,6,4,35822.0,17820.39,17898.0,3,1,295867.0,Y,1820.4,current,M,33,MEDIUM,5.2,3,485.0,1,8.0
8187,5689,321092.0,9920.85,3604.0,21148.8,3326.45,14248.1,2742.0,2.0,99,13,2,3,5,471000,1,1,1.0,1,360978.37,225000.0,24094.0,-6335.0,52037.63,19747.0,27.0,15,88890.0,48936.53,9730.0,5,11,485000.0,60454.05,25472.0,40,73,9370.0,Y,1477.55,current,M,30,MEDIUM,3.0,5,801.0,1,12.0
8188,12803,12936.0,13184.0,8882.57,14509.22,16009.73,12913.715,7316.0,26.0,10,50,25,25,98,301000,1,1,1.0,1,60800.0,136000.0,3000.0,12174.0,79066.51,329668.0,32.0,26,46800.0,18647.18,52715.0,2,13,59459.0,19652.66,30954.0,5,38,15473.0,Y,946.17,current,M,47,LOW,16.2,2,710.0,1,17.0
8189,6332,1266.0,16126.12,142905.29,14353.0,8297.25,577.15,1815.0,60.0,8,7,3,4,1,202500,1,1,1.0,1,1238.65,95081.0,230000.0,5773.0,23519.66,41555.0,11.0,28,63812.05,98378.41,566996.76,35,11,60000.0,25453.45,42955.0,21,14,55959.0,Y,644.03,current,M,223,LOW,81.2,10,574.0,1,12.0
8190,571,172568.0,10799.85,1939.0,1149.63,8802.0,267.0,13187.5,6.0,29,27,1,2,70,53000,1,1,1.0,1,123295.4,169779.0,12337.0,-4679.0,100460.0,12462.0,37.0,9,20908.0,132326.0,25577.0,50,108,48496.0,76620.5,19893.0,41,12,60932.12,Y,16394.89,current,M,66,HIGH,23.0,9,485.0,1,5.0
8191,11125,6446.0,15569.0,6463.95,9463.67,1691.3,6053.0,2007.0,44.0,18,82,1,18,58,125000,1,1,1.0,1,4834.55,1244.14,130000.0,3421.0,201772.0,85141.0,46.0,23,27592.0,22249.76,163855.0,30,20,25389.0,533.0,61002.0,4,12,88017.0,Y,2003.68,current,M,66,MEDIUM,9.200000000000001,3,956.0,0,9.0
8192,19407,11877.0,419.0,906.81,73629.66,2248.0,3708.5,381.0,101.0,10,7,1,1,1,130000,1,1,1.0,1,13849.4,157000.0,2644.0,-6885.0,100522.84,75963.0,77.0,2,18396.0,49064.0,42909.74,17,46,20807.0,300716.95,94436.58,3,1,13705.0,Y,1560.97,current,M,69,LOW,44.1,9,710.0,1,19.0
8193,10657,9551.0,40778.48,388.0,16653.57,7610.0,3211.0,592.0,32.0,77,60,48,2,2,400000,1,1,1.0,1,6440.0,202560.0,50000.0,5730.0,17651.75,15970.0,40.0,2,59992.0,50021.0,43640.35,7,171,92810.0,48718.19,15449.0,94,2,44009.0,Y,2165.93,current,M,63,LOW,17.2,6,855.0,1,8.0
8194,12003,15605.0,9766.25,10292.0,78441.11,974.56,6575.98,11800.26,2.0,43,5,57,6,98,104000,1,1,1.0,1,42460.6091,46500.0,643.0,2351.0,16955.0,23294.5,5.0,1,9643.34,93574.16,130195.0,5,8,16055.0,37093.69,61203.8,21,54,35982.0,Y,194.46,current,M,55,LOW,10.5,5,485.0,1,4.0
8195,12818,700.0,8718.0,3948.0,9292.0,1067.0,7479.91,5300.0,8.0,2,5,1,6,4,191000,1,1,1.0,1,2002.36,51000.0,51520.0,-5998.43994,37349.39,27001.0,55.0,7,11660.0,32825.36,27200.0,0,171,13210.0,20972.88,27203.0,2,18,9666.0,Y,6646.77,current,M,35,MEDIUM,15.0,6,958.0,0,9.0
8196,18332,395477.0,67234.0,2270.0,20434.59,3451.62,406.0,755.31,531.0,29,59,25,3,3,461000,1,1,1.0,1,685580.0,165970.9,51520.0,12174.0,228500.72,550061.0,24.0,36,69995.0,173082.13,45632.19,2,9,15382.0,41041.08,3517.0,7,18,12299.0,Y,906.87,current,M,33,MEDIUM,7.800000000000001,3,743.0,1,10.0
8197,7627,10790.0,22941.17,355.0,5073.84,2369.5,16140.0,2043.3,10.0,5,59,5,2,98,1000000,1,1,1.0,1,2014.8,380000.0,3570.0,20790.0,191705.9,63714.0,103.0,3,953.0,62037.98,2000.0,3,8,18922.0,32122.83,29645.0,14,58,19086.0,Y,2718.2,saving,M,35,MEDIUM,10.5,6,296.0,0,3.0
8198,4597,286994.0,2704.0,2651.33,6718.45,7885.25,2245.0,6306.0,6.0,47,44,3,24,55,366000,1,1,1.0,1,233727.15,330001.0,12016.0,8723.0,18727.0,54005.0,18.0,2,56051.0,78484.05,73392.28,1,8,125137.0,125910.51,50325.0,21,8,40201.0,Y,1528.28,current,M,50,HIGH,9.0,9,626.0,1,10.0
8199,13016,14984.0,17971.0,1829.01,8839.5,1034.0,29063.97,441.0,17.0,56,71,8,56,9,400000,1,1,1.0,1,9220.2,169779.0,641.0,-12179.0,10807.0,88532.0,10.0,36,50322.0,49353.87,47476.0,8,70,349900.0,5875.0,189980.0,4,63,24821.0,Y,4472.69,current,M,27,LOW,7.0,1,300.0,0,4.0
8200,3309,11449.0,24948.0,178.0,7006.5,4942.05,2085.675,30830.69,50.0,38,50,1,2,34,341000,1,1,1.0,1,937.0,75925.0,908.0,1411.0,30519.54,39410.0,42.0,13,65728.0,17965.59,25845.0,2,2,8252.0,23630.01,79034.59,5,3,26900.0,Y,3339.84,current,M,29,LOW,7.2,4,638.0,1,5.0
8201,829,97357.0,37990.91,3925.02,5209.0,5017.0,4190.29,32432.0,7.0,8,82,47,44,81,100000,1,1,1.0,1,8209320.0,223379.4,23160.0,20513.0,19128.08,48519.0,40.0,1,231156.0,67294.0,67521.0,5,1,41559.0,87596.79,38154.14,6,106,59977.0,Y,40397.37,current,M,33,LOW,5.2,1,505.0,0,17.0
8202,17233,10467.0,8997.54,2994.98,5229.94,10346.0,7034.63,1050.27,5.0,34,4,4,4,42,15000,1,1,1.0,1,116.0,117890.0,33774.0,1507.0,15234.25,58191.74,10.0,13,50211.0,63904.01,12098.0,7,28,9428.0,172073.12,235662.0,8,32,29482.0,Y,656.71,current,F,37,LOW,11.9,7,970.0,0,19.0
8203,8425,13885.0,2214.0,10060.05,73041.76,1724.8,10342.12,6059.0,2.0,23,135,1,1,3,340000,1,1,1.0,1,12.19,152391.0,126001.0,-3625.0,161179.54,49819.0,7.0,7,179287.0,18047.5,90053.0,4,20,77619.0,42025.39,253919.0,14,50,59732.32,Y,6773.57,current,M,30,MEDIUM,9.0,1,249.0,1,7.0
8204,8172,134773.0,40018.01,1829.01,1221.56,180.0,4766.5,4203.0,3.0,30,50,60,18,55,199999,1,1,1.0,1,68908.5,64491.0,2214.0,-5715.49022999999,57093.25,30253.0,15.0,3,12102.7,30980.0,33366.0,23,44,26605.0,179298.0,76565.0,3,65,48616.0,Y,4384.97,current,M,63,LOW,38.7,6,464.0,1,7.0
8205,1073,616.0,4086.05,2280.0,30569.31,2717.0,4061.61,1616.0,9.0,11,50,8,3,54,302000,1,1,1.0,1,4500.0,19000.0,4000.0,903.0,25953.06,31617.0,20.0,15,27845.89,40180.75,39972.0,2,8,6573.0,59574.81,92402.0,58,103,38358.0,Y,609.34,current,M,66,MEDIUM,18.400000000000002,1,505.0,1,15.0
8206,14283,99081.0,15244.78,2915.0,9037.62,6533.13,19143.78,831.88,19.0,3,4,18,1,1,315000,1,1,1.0,1,472.0,267421.4,49975.0,-4641.77979,45697.49,49836.93,17.0,18,31403.0,113969.92,57518.5,1,7,64429.0,53971.0,70697.29,3,32,6066.0,Y,2447.19,saving,F,33,LOW,3.9000000000000004,2,254.0,1,9.0
8207,1710,10474.0,17262.1,2317.14,10926.61,978.77,1317.52,524.76,3.0,18,53,8,1,3,134000,1,1,1.0,1,2008232.55,64491.0,33774.0,1444.0,179764.8,261547.44,46.0,18,21086.0,16058.91,123983.0,2,108,13004.5,242018.45,35780.0,21,3,33875.0,Y,13093.41,current,M,38,LOW,10.8,4,743.0,1,3.0
8208,16018,136483.0,1061.5,9657.13,1733.5,4759.0,1012.0,1826.0,1.0,8,10,2,6,11,300000,1,1,1.0,1,3486840.0,380000.0,694.0,5439.0,12089.5,69149.0,70.0,31,19538.0,8773.0,51091.0,31,77,23269.0,244352.22,1070512.08,1,26,20197.0,Y,602746.37,current,M,32,LOW,12.0,7,519.0,1,19.0
8209,16592,10922.0,554.0,740.5,1693.76,2629.2,8325.0,36698.0,1.0,29,9,18,1,16,112000,1,1,1.0,1,33784.35,165916.18,248000.0,-6885.0,88015.5,51154.5,20.0,5,21826.0,33652.0,57358.0,2,5,30919.0,23043.73,90755.5,6,83,37550.0,Y,3882.64,current,M,55,LOW,14.0,10,566.0,1,13.0
8210,5169,193.0,7416.5,3994.8,20448.0,23172.0,51162.53,2890.0,24.0,36,3,4,25,1,315000,1,1,1.0,1,46451.38,506383.85,12337.0,0.0,163671.5,42157.0,16.0,3,34496.0,42321.23,17627.22,2,23,29756.0,45439.13,33006.0,1,12,47269.0,Y,2578.6,current,M,40,MEDIUM,10.0,2,683.0,0,18.0
8211,14472,18587.0,16311.11,436.0,9586.06,3578.0,1647.0,4817.0,18.0,5,110,18,18,25,564000,1,1,1.0,1,173.8,96096.0,768.0,0.0,85621.2,18575.0,18.0,6,34812.0,10350.85,66338.0,2,104,28127.16,25072.14,110441.0,14,11,41933.0,Y,6437.48,current,M,47,LOW,18.900000000000002,1,620.0,1,7.0
8212,6106,304892.0,1055.0,1140.0,5986.48,16862.0,21821.5,8189.0,24.0,34,5,7,12,2,524000,1,1,1.0,1,71020.5,150000.0,36000.0,-3625.0,72064.77,48211.0,39.0,7,39730.0,235324.01,88108.0,0,25,11781.0,54104.22,123052.0,4,68,101443.0,Y,165048.34,saving,M,66,LOW,4.6000000000000005,8,658.0,1,6.0
8213,16070,493.0,40164.1,665.18,2691.0,10282.57,2418.1,3821.0,6.0,128,5,1,27,81,525000,1,1,1.0,1,94493.75,10767.53,183999.0,-4679.0,28309.55,252789.0,5.0,1,74731.0,58638.13,121634.0,1,81,42027.0,337.5,53683.0,3,52,10525.0,Y,617.5,current,M,53,LOW,19.8,7,445.0,1,8.0
8214,16802,300942.0,27374.5,2998.9,19606.5,23627.0,61988.59,1061.0,3.0,2,50,60,6,2,375000,1,1,1.0,1,692000.0,440000.0,14904.0,4314.0,142342.0,41822.42,79.0,2,18922.0,19563.0,6772.0,10,78,84830.0,8884.84,46105.0,16,8,105042.0,Y,5792.62,current,M,32,MEDIUM,3.6,10,451.0,1,7.0
8215,7183,13029.0,7489.0,1950.0,9553.0,4325.05,7394.0,772.0,6.0,66,13,2,37,8,520000,1,1,1.0,1,42460.6091,50000.0,4000.0,0.0,3564.0,48257.0,16.0,2,47307.0,24651.4,151166.0,1,20,107835.0,5055.01,80304.99,21,6,26095.0,Y,3262.09,saving,M,34,MEDIUM,7.0,8,486.0,1,4.0
8216,6855,2916.0,3163.77,1166.42,10079.5,3936.0,9018.71,3789.0,531.0,23,50,1,1,2,16000,1,1,1.0,1,36697150.0,12971.0,49975.0,-5998.43994,48112.75,34452.0,46.0,33,23368.0,317.32,407045.0,1,5,37683.0,75780.18,46187.25,3,50,61071.0,Y,2715.34,current,M,42,MEDIUM,11.0,2,708.0,1,9.0
8217,8742,15665.0,6681.5,72167.0,40068.17,249.0,15352.0,325.0,8.0,32,64,47,2,79,369000,1,1,1.0,1,6030.65,242827.0,48950.0,20513.0,57362.35,77386.0,18.0,13,54532.0,41228.0,165400.0,6,5,23483.0,126535.46,98348.0,7,26,4103.0,Y,8255.71,current,M,35,MEDIUM,12.0,2,245.0,1,18.0
8218,7947,74.0,5182.21,2909.34,5355.0,502.5,169.0,2696.0,7.0,7,74,3,18,1,222000,1,1,1.0,1,1309500.9,39833.19,130000.0,0.0,38459.98,34498.37,4.0,3,149590.0,18563.0,16611.5,43,7,66506.0,97302.81,138690.01,49,7,53742.0,Y,2605.91,saving,M,35,LOW,10.5,7,799.0,1,11.0
8219,16448,6548.0,11971.93,29926.25,2025.5,396.0,2457.75,4544.0,10.0,99,87,2,11,1,302000,1,1,1.0,1,1104223.35,54388.23,5797.0,1014.0,55595.25,204492.0,90.0,4,37808.0,21706.42,12513.0,3,77,25484.0,26323.63,92799.0,44,12,24131.0,Y,7475.72,current,M,38,MEDIUM,3.6,9,424.0,0,10.0
8220,7997,6303.0,1404.36,625.0,3411.0,188.0,12964.0,12803.75,10.0,8,87,2,55,13,87000,1,1,1.0,1,33664.3,3.0,48950.0,24326.0,19347.15,97149.03,42.0,4,23147.6,26975.29,116144.0,6,20,58428.0,110373.07,78866.9,49,39,15626.0,Y,1537.42,current,M,44,MEDIUM,2.4000000000000004,5,860.0,1,13.0
8221,10606,18301.0,36468.53,5886.0,1755.72,3259.0,2116.0,2158.0,1.0,22,71,3,3,98,307000,1,1,1.0,1,2.13,399.09,519.0,0.0,127.36,16227.0,24.0,31,44898.0,69742.63,40662.0,2,24,37372.0,22630.09,117149.0,8,8,20287.0,Y,425540.1,current,M,39,MEDIUM,7.6000000000000005,7,354.0,0,17.0
8222,8474,11967.0,3040.665,2651.33,4036.43,52669.95,7575.0,14523.33,29.0,34,3,5,14,98,525000,1,1,1.0,1,161704.0,165970.9,8060.0,3897.0,483177.96,4690.0,4.0,26,34327.0,123112.03,42718.0,2,5,25694.0,515986.0,13335.0,94,113,25925.0,Y,143.75,current,M,64,MEDIUM,26.400000000000002,4,615.0,1,5.0
8223,7457,16679.0,24084.32,3362.0,13629.85,4264.0,6518.085,15428.54,4.0,128,9,1,1,4,199999,1,1,1.0,1,55700.0,27000.0,5540.0,8362.0,125204.9,192227.0,11.0,35,15198.0,18505.07,38828.0,6,25,60029.0,48590.55,64870.77,21,42,21690.0,Y,2337.63,current,M,44,LOW,21.6,2,247.0,0,20.0
8224,8480,6768.0,17423.9,321.23,6775.64,5660.44,2627.34,14101.71,26.0,32,87,52,6,3,380000,1,1,1.0,1,24832.0,15395.48,300500.0,5773.0,11798.19,358658.0,70.0,36,9368.0,165322.45,30213.0,4,12,60448.0,38094.04,95908.88,7,72,1144.0,Y,866.93,current,F,35,MEDIUM,7.5,2,710.0,1,7.0
8225,18727,11808.0,32120.62,4237.0,18600.0,16077.96,3865.0,2692.94,6.0,85,117,3,4,41,28000,1,1,1.0,1,148705.0,31000.0,519.0,977.0,167111.01,18522.0,55.0,3,21496.11,52938.58,69858.52,2,20,132082.0,57856.36,7648.0,43,12,25988.0,Y,11127.21,current,M,37,HIGH,5.1000000000000005,7,324.0,1,10.0
8226,5029,20176.0,24415.48,5058.0,4966.5,856.0,2303.0,624.0,18.0,3,6,4,2,1,390000,1,1,1.0,1,7713.51,39833.19,130000.0,20324.0,60501.76,39556.0,59.0,28,26072.0,88004.39,45060.0,43,40,56665.0,36168.88,17471.0,62,38,17494.0,Y,12575.63,current,M,40,LOW,10.0,6,809.0,1,19.0
8227,7343,5214.0,8390.58,1034.0,5546.75,34689.0,192.0,4446.0,4.0,23,7,15,31,4,282000,1,1,1.0,1,48796.45,1543.85,2214.0,903.0,68966.06,16213.0,16.0,1,21600.0,1295728.62,28597.0,2,8,118210.47,86241.05,2124.0,11,79,169.0,Y,4271.29,current,M,32,MEDIUM,9.600000000000001,7,330.0,0,16.0
8228,11296,57226.0,24556.0,1219.0,4245.84,11209.0,1357.52,6170.0,14.0,22,67,60,62,9,1000000,1,1,1.0,1,5045.13,10701.0,678.0,-7652.0,19988.56,83593.0,147.0,1,40206.0,46145.56,43416.0,70,46,14730.0,66925.43,36403.42,47,58,15898.0,Y,1529.96,current,M,33,MEDIUM,3.9000000000000004,1,426.0,1,8.0
8229,16122,19920.0,8241.0,3258.0,14896.0,581.07,20127.25,2084.0,43.0,10,5,1,51,13,20000,1,1,1.0,1,9542.5,152664.0,1633.0,-4679.0,29042.17,27019.0,55.0,19,30445.0,38398.55,100448.0,3,5,65283.0,10019.76,41637.25,117,3,35418.0,Y,10373.84,saving,M,33,MEDIUM,5.2,2,508.0,0,16.0
8230,12367,10820.0,16307.22,1360.77,17794.53,7052.27,438.0,379.0,19.0,10,6,53,23,4,84000,1,1,1.0,1,331.2,1475000.0,6000.0,2008.0,27924.96,12225.0,4.0,2,51194.0,35142.54,39104.6,2,171,144960.0,171451.81,25673.49,36,75,30218.0,Y,12683.16,current,M,47,MEDIUM,8.1,6,485.0,1,7.0
8231,4224,13567.0,303505.75,1955.0,5573.23,4411.4,15330.58,1821.0,4.0,601,4,2,1,98,670000,1,1,1.0,1,48624.7,335948.0,25524.0,26601.0,34122.32,52399.0,82.0,2,50112.0,62597.21,27883.0,3,70,39112.0,35823.52,71488.03,42,24,39696.0,Y,4031.45,current,M,38,MEDIUM,7.2,1,860.0,1,8.0
8232,14322,3746.0,10885.61,7484.0,2118.0,4481.75,6266.225,1897.0,6.0,5,50,49,2,39,172000,1,1,1.0,1,16317860.0,43545.0,24251.0,12174.0,59766.13,48462.0,69.0,7,24300.0,12126.17,382738.0,2,1,242297.0,133949.81,45236.49,47,113,593.0,Y,10906.5,current,M,53,MEDIUM,19.8,5,537.0,0,15.0
8233,15628,14824.0,9402.0,7856.28,14061.0,22344.55,14594.0,5135.0,4.0,8,30,11,18,42,59000,1,1,1.0,1,9751.5,68663.61,25000.0,844.0,50220.5,81104.0,69.0,2,30368.0,4486.0,106096.99,2,5,32356.0,166599.4,24751.0,2,73,33762.0,Y,876.58,current,M,35,MEDIUM,3.0,6,683.0,1,4.0
8234,4541,1636.0,5681.53,2489.86,4996.38,1670.25,4361.545,5762.0,8.0,7,85,50,4,55,124000,1,1,1.0,1,6030.65,730000.0,5981.0,6613.0,62205.75,37892.0,42.0,2,23721.0,33037.92,59759.0,3,8,12451.0,42274.0,38883.0,6,24,43459.0,Y,761.26,current,M,37,LOW,10.200000000000001,3,823.0,1,7.0
8235,6839,10670.0,2786.0,7222.0,82264.3,14963.37,8653.0,2160.0,3.0,20,2,50,25,3,267000,1,1,1.0,1,1349.1,280000.0,768.0,-6885.0,36350.89,100869.5,6.0,23,32596.0,127767.0,59762.0,2,63,42250.0,81885.75,41170.0,94,50,62085.0,Y,4823.54,current,F,63,LOW,4.3,8,259.0,1,9.0
8236,18360,16500.0,4778.82,20337.08,11803.24,9608.59,7908.08,4772.0,8.0,3,16,2,4,16,127500,1,1,1.0,1,298492.0,11000.0,20887.0,6916.0,42177.31,30622.0,16.0,1,26954.0,38455.0,27834.0,5,171,33101.0,140385.75,58696.0,58,24,45969.0,Y,1395.31,saving,M,28,MEDIUM,5.6000000000000005,8,911.0,1,6.0
8237,13305,2021.0,3192.91,11335.3,1650.19,9292.0,3025.15,4179.0,2.0,5,117,1,5,4,97000,1,1,1.0,1,216500.0,397463.9,33774.0,903.0,44953.41,10102.0,72.0,0,45620.0,269368.62,47842.24,4,20,34589.0,45882.0,54230.0,1,101,19940.0,Y,8624.38,current,F,29,LOW,2.7,3,805.0,1,17.0
8238,1843,6299.0,6077.68,42400.0,3441.63,4313.14,5372.0,554.0,12.0,71,14,7,38,4,427000,1,1,1.0,1,670875.0,19000.0,68000.0,1014.0,108050.18,32848.0,0.0,3,35138.0,26797.45,64489.0,4,1,162156.0,19283.48,54210.36,21,65,6138.0,Y,1453.86,current,M,34,LOW,4.2,3,505.0,1,6.0
8239,16248,7449.0,40606.49,993.56,2796.26,8135.9,2374.0,3926.0,67.0,23,50,4,36,5,391000,1,1,1.0,1,17402.2,617203.09,5797.0,1931.0,55287.5,102134.0,11.0,7,78860.0,14314.9,9134.58,24,5,29046.0,233073.0,36252.09,8,15,1450.0,Y,2204.48,current,M,44,MEDIUM,9.600000000000001,7,685.0,1,6.0
8240,6836,6247.0,7849.85,330.78,15326.91,1903.6,2461.0,651.0,1.0,2,19,24,21,1,100000,1,1,1.0,1,57395.5,30453.0,49975.0,3897.0,61855.47,3592.61,2.0,7,195603.0,117828.87,86405.0,31,8,156535.0,37720.23,77469.0,42,79,13689.0,Y,13643.37,current,M,50,MEDIUM,15.0,3,647.0,1,7.0
8241,1228,167020.0,12125.99,2361.55,13434.52,16133.0,24524.195,2088.0,37.0,26,10,1,1,81,27000,1,1,1.0,1,15079.5,18300.0,16114.0,8572.0,78356.6,32102.0,5.0,5,62609.0,16261.64,92879.0,2,82,67060.0,23591.69,70020.0,4,65,126650.0,Y,52536.43,current,M,53,LOW,13.200000000000001,9,867.0,1,12.0
8242,10419,15977.0,26552.0,3349.78,879.92,8650.56,468.4,4886.19,14.0,3,87,1,1,20,447000,1,1,1.0,1,137553.95,95000.0,90525.0,-3506.17993,45291.9,98924.0,77.0,31,14385.0,43826.93,156304.51,5,13,29756.0,49717.32,36134.0,4,63,29446.0,Y,4103.0,current,F,56,MEDIUM,18.0,2,445.0,1,3.0
8243,3132,13457.0,52927.89,615.0,35874.0,9673.36,960.1,1252.22,32.0,1,4,2,25,54,97000,1,1,1.0,1,4230125.0,356899.37,25728.0,-12179.0,31577.0,36767.0,4.0,29,36866.0,434662.7,11475.0,1,13,9537.0,40217.93,72923.98,3,6,18514.0,Y,2245.2,current,M,47,HIGH,16.2,4,554.0,1,4.0
8244,5452,224677.0,9247.27,2782.94,53443.0,496.0,4335.0,15647.48,14.0,99,60,1,45,12,581000,1,1,1.0,1,89908.8,52991.0,13533.0,2000.0,51744.69,101190.0,4.0,4,33417.0,16913.51,62016.0,5,23,153534.0,3114.8,38883.0,49,83,38499.0,Y,13462.75,current,M,58,LOW,7.6000000000000005,5,639.0,1,5.0
8245,705,398662.0,4977.0,1140.0,7818.505,27039.0,1711.0,8648.0,531.0,56,13,1,9,1,402000,1,1,1.0,1,74899.55,895000.0,11379.0,1411.0,62211.25,49491.0,4.0,19,17336.0,15221.88,45291.49,3,82,53710.0,131158.25,186.0,11,3,20975.0,Y,975.28,current,M,66,MEDIUM,27.6,5,945.0,1,16.0
8246,3574,8626.0,10347.6,21449.81,46510.92,2699.77,3536.895,5217.0,1.0,22,71,2,21,17,173000,1,1,1.0,1,510.6,60040.0,711.0,1014.0,72420.99,57895.0,11.0,3,34739.0,15884.27,27098.0,6,2,36400.0,44635.0,187921.0,3,32,40787.0,Y,21127.13,current,F,34,MEDIUM,11.200000000000001,5,924.0,1,14.0
8247,11603,549.0,47268.55,18730.92,12189.79,1880.8,4093.66,200.0,53.0,2,70,17,9,79,45000,1,1,1.0,1,5467.3,241529.77,130000.0,12965.0,60761.95,36958.0,41.0,4,96954.0,28950.5,60146.0,5,8,23569.0,115205.0,96273.0,3,103,57343.0,Y,8339.15,current,F,33,MEDIUM,3.9000000000000004,7,743.0,0,10.0
8248,13997,127522.0,31737.28,1414.5,12600.96,1423.58,22684.0,3487.0,10.0,10,50,39,1,26,429000,1,1,1.0,1,82.4,35421.67,4699.0,2921.0,62124.39,21412.0,46.0,19,22612.0,36981.25,4045.73,45,108,24857.0,51501.02,217731.0,7,79,29734.0,Y,1464.8,saving,M,46,LOW,15.600000000000001,4,245.0,1,13.0
8249,17063,3768.0,4366.0,1051.0,7242.0,17605.0,16940.535,11506.0,44.0,18,72,2,2,2,155000,1,1,1.0,1,6100.0,11000.0,93651.0,10210.0,36395.39,41147.14,147.0,35,19026.0,14198.0,32833.27,3,82,17360.0,69087.82,18646.0,11,18,14715.0,Y,27649.94,current,M,34,LOW,5.6000000000000005,1,966.0,0,16.0
8250,18370,101345.0,10773.79,5575.0,14862.19,3994.58,28343.0,3671.0,4.0,46,4,57,45,37,300000,1,1,1.0,1,690.0,49000.0,14904.0,20324.0,20756.5,2460.0,36.0,5,44342.0,14314.9,42025.0,31,20,19959.0,343698.95,12393.0,4,7,30296.0,Y,8255.71,saving,M,66,LOW,23.0,10,268.0,1,4.0
8251,10041,7677.0,6306.12,4299.0,6486.0,6177.5,16632.7,641.0,6.0,34,20,15,55,8,206000,1,1,1.0,1,9624.6,1372927.14,50000.0,1931.0,67531.03,38394.0,18.0,35,11948.0,21893.5,72291.0,4,18,62816.0,97643.11,44857.75,4,25,44865.0,Y,5378.33,current,M,58,MEDIUM,11.4,4,370.0,1,4.0
8252,6850,6778.0,23354.88,25448.84,15210.01,38.0,1072.0,6430.65,44.0,1,50,2,25,34,84000,1,1,1.0,1,690.0,1187335.5,50000.0,12415.0,23195.88,19135.0,91.0,14,47403.0,7603.05,107233.5,43,34,20611.77,34790.24,24198.0,5,67,35053.0,Y,6554.99,saving,M,34,MEDIUM,12.600000000000001,6,536.0,0,8.0
8253,7854,20415.0,2348.16,1085.0,31036.8,364.0,13117.9,4216.0,44.0,36,5,30,44,21,326250,1,1,1.0,1,140291.6,385218.7,3570.0,4795.0,43675.14,53847.0,18.0,2,16480.0,113340.99,52728.75,0,82,21729.0,10183.56,13782.0,39,52,15410.0,Y,10959.16,current,M,33,LOW,2.6,9,886.0,1,13.0
8254,2386,99860.0,5928.46,5020.48,14105.82,6548.0,5374.0,2260.0,67.0,65,9,2,1,13,19000,1,1,1.0,1,1146.0,191000.0,49975.0,1500.0,2112.0,31410.0,29.0,3,28679.0,58280.2,44974.0,2,82,43134.0,55138.79,320536.84,6,79,40096.0,Y,11883.49,current,F,66,MEDIUM,41.400000000000006,6,801.0,1,6.0
8255,5692,17485.0,29448.85,9052.0,6558.21,5720.43,47608.35,1581.0,100.0,42,29,1,2,25,186000,1,1,1.0,1,331.2,1024477.47,2156.0,3983.0,38623.45,85488.02,69.0,3,11980.0,20090.0,115075.0,2,75,31214.0,397.57,811.0,40,65,33913.0,Y,2256.5,current,F,47,LOW,8.1,8,883.0,0,20.0
8256,14314,11128.0,17085.74,5207.0,10284.01,5199.76,10190.0,3717.0,4.0,7,50,3,31,3,581000,1,1,1.0,1,1664.4,343342.9,1727.0,1992.0,8530.75,14105.0,9.0,13,102695.25,97334.41,16335.0,7,13,14350.0,92997.39,58631.0,7,8,24281.0,Y,3203.2,current,M,32,MEDIUM,4.800000000000001,2,626.0,1,7.0
8257,4315,6806.0,82700.93,982.0,68212.37,20056.0,4234.66,2672.0,2.0,128,102,3,2,79,300000,1,1,1.0,1,9624.6,134000.0,15477.0,20513.0,37454.62,80495.21,52.0,4,30735.0,29835.17,597.36,4,44,31450.0,16601.73,30293.0,93,11,16554.0,Y,2729.89,current,M,223,LOW,101.5,9,516.0,1,15.0
8258,6388,335109.0,9227.75,2255.0,13751.24,6038.72,5226.2,21126.0,8.0,85,3,4,6,7,296000,1,1,1.0,1,173732.5,93.35,230000.0,173.0,22382.5,21144.0,29.0,1,17840.0,24291.75,13175.75,9,17,83688.0,90022.47,23212.06,2,50,78899.0,Y,15089.21,saving,M,37,LOW,3.4000000000000004,3,723.0,1,5.0
8259,8233,7950.0,37752.41,4839.4,52656.48,2110.0,1695.39,11816.69,6.0,5,10,2,1,68,47000,1,1,1.0,1,4140.0,242827.0,130000.0,14509.0,5264.58,91513.5,9.0,36,110692.68,12614.52,25679.22,1,2,51929.0,157376.1,123525.0,58,50,30588.0,Y,3137.31,current,M,38,LOW,10.8,3,488.0,1,16.0
8260,16749,228219.0,36777.09,103419.65,780.0,2064.0,14232.4,455.0,2.0,30,10,1,9,42,326250,1,1,1.0,1,84446.0,79828.0,2644.0,-4679.0,36237.43,63926.01,48.0,1,28480.0,3683.0,44111.0,3,70,21896.0,19894.66,33202.0,47,3,50884.0,Y,4751.85,current,M,58,MEDIUM,26.6,3,963.0,1,16.0
8261,8225,14700.0,6878.61,2316.0,6119.02,605.0,12295.0,80603.0,17.0,26,17,21,71,25,479000,1,1,1.0,1,1895.04,184514.0,1209.0,-6885.0,92954.13,63091.02,55.0,36,17539.0,31251.55,9180.0,6,77,183109.0,87578.31,30864.0,94,133,173252.0,Y,15503.23,saving,M,44,LOW,7.2,2,374.0,1,7.0
8262,14884,15530.0,12642.53,5845.0,11287.94,2167.0,2641.85,23197.0,6.0,99,135,1,4,58,522000,1,1,1.0,1,5383.25,369448.8,68000.0,2000.0,12844.46,109483.0,62.0,0,66300.0,82980.05,161345.0,5,50,4501.0,43727.48,132341.0,47,100,15356.0,Y,5792.62,current,F,37,LOW,6.800000000000001,1,864.0,0,20.0
8263,16970,130335.0,36314.45,1056.0,7692.0,3311.14,6110.0,1890.0,4.0,19,72,1,1,56,304000,1,1,1.0,1,140291.6,390700.0,4000.0,4795.0,39086.25,40155.0,46.0,2,52612.0,21424.73,247626.86,2,26,29096.0,55968.67,40416.0,58,96,24899.0,Y,7997.95,current,M,64,MEDIUM,17.6,10,974.0,1,7.0
8264,14838,3671.0,2511.0,549.88,4658.52,10397.78,2779.305,2732.0,6.0,77,59,1,9,56,845000,1,1,1.0,1,1105487.1,385218.7,11580.0,0.0,42654.0,32039.0,5.0,36,74616.0,51783.94,23498.0,6,84,36682.0,799282.62,21025.0,13,10,4690.0,Y,1304.11,current,M,33,MEDIUM,9.1,7,233.0,1,5.0
8265,12372,3444.0,14587.84,4931.6,13341.12,3100.0,1401.92,3365.37,1.0,83,4,4,6,55,98000,1,1,1.0,1,55700.0,38173.0,28912.0,8572.0,76597.31,202476.0,36.0,4,47540.0,41385.0,30321.0,2,20,22682.0,32864.98,76268.88,2,113,14150.0,Y,350.35,current,M,60,MEDIUM,8.0,1,511.0,1,4.0
8266,5191,12038.0,23413.6,15974.0,42243.8,986.68,52544.25,2875.0,26.0,84,44,1,11,2,252000,1,1,1.0,1,208710.8,157624.24,49975.0,5340.0,8913.0,63642.5,52.0,3,398897.0,190114.93,181137.72,2,6,104784.0,10815.66,79305.0,12,79,14833.0,Y,454.56,current,M,36,MEDIUM,4.800000000000001,4,486.0,1,16.0
8267,15343,207620.0,6168.68,8345.0,9781.59,1538.0,3474.755,574.59,15.0,36,50,54,2,1,124000,1,1,1.0,1,42460.6091,14000.0,12337.0,-5998.43994,60618.57,90339.0,32.0,3,34567.0,19998.15,48914.36,2,36,10752.0,205610.29,148977.0,9,1,45110.0,Y,4555.69,current,M,35,MEDIUM,15.0,7,801.0,1,16.0
8268,565,407614.0,3670.35,4008.51,43711.0,1403.0,14779.32,5296.0,2.0,30,67,1,38,1,0,1,1,1.0,1,68640.0,22130.0,891.0,5464.0,67493.66,282259.77,42.0,35,24106.0,51482.66,299.36,2,81,42568.0,107872.9,55130.0,13,67,149.0,Y,135606.3,saving,M,42,MEDIUM,22.0,8,658.0,1,2.0
8269,13777,806.0,20133.0,960.0,9387.5,12423.0,8802.0,9684.0,44.0,85,7,39,25,6,234000,1,1,1.0,1,12869465.0,172131.0,8943.86,17397.0,55833.91,22853.0,89.0,5,73000.0,7194.96,30146.0,2,1,23800.0,47946.08,23647.0,19,11,28143.0,Y,4473.56,current,M,35,MEDIUM,13.5,3,355.0,1,7.0
8270,4468,249408.0,20126.2,7776.84,1917.0,2223.05,3460.5,868.5,4.0,5,50,35,2,2,141000,1,1,1.0,1,105453.65,52985.43,2214.0,6885.0,88138.0,239978.68,11.0,1,48519.0,45046.41,69653.0,4,20,28683.0,158731.4,238755.16,19,6,22740.0,Y,4844.03,current,M,66,MEDIUM,41.400000000000006,10,623.0,1,8.0
8271,3825,1165.0,25439.0,6738.89,9291.92,1513.0,5186.2,1101.14,66.0,9,13,5,36,16,67000,1,1,1.0,1,306.4,165970.9,25508.0,1500.0,48699.86,44305.0,42.0,1,3000000.0,111364.09,45474.08,10,171,45839.94,181184.37,114782.0,4,73,42934.0,Y,2724.55,current,M,55,MEDIUM,28.0,5,805.0,1,11.0
8272,6837,7974.0,30658.55,13761.43,2025.5,777.57,9799.52,1359.84,1.0,9,11,25,25,31,400000,1,1,1.0,1,1482778.95,32000.0,28913.0,2557.0,46017.42,38230.0,11.0,1,70150.0,23205.0,86138.0,4,18,18088.0,45955.27,346966.47,11,83,34567.0,Y,1816.45,saving,M,25,HIGH,1.5,2,488.0,1,9.0
8273,6598,10170.0,54406.015,62721.0,40289.5,3354.5,14758.87,3122.0,80.0,22,82,57,1,16,378000,1,1,1.0,1,127004.3,5350.0,508.0,-4679.0,42156.86,44765.67,2.0,7,30786.0,30532.55,683.42,43,24,48500.0,26627.21,116967.0,9,80,26351.0,Y,3679.49,current,M,33,MEDIUM,13.0,4,325.0,1,13.0
8274,1310,8399.0,996.5,2552.0,10269.51,7579.5,6553.77,2921.0,4.0,39,32,10,18,4,198000,1,1,1.0,1,115.45,170989.0,3000.0,6916.0,1576.07,41629.0,10.0,2,10273.0,30792.79,1764.0,47,26,17586.0,47511.09,92385.0,7,12,40700.0,Y,1692.32,current,M,34,MEDIUM,9.8,6,928.0,0,6.0
8275,304,19912.0,45452.8,5271.0,84901.38,882.0,14311.0,1634.91,25.0,23,60,2,27,30,845000,1,1,1.0,1,89908.8,186474.96,4458.0,2500.0,130321.41,20476.85,91.0,3,291262.0,71777.14,93042.0,6,50,16741.0,22644.0,11066.0,2,103,69322.0,Y,830.71,current,M,34,LOW,12.600000000000001,10,269.0,1,14.0
8276,1846,183072.0,13962.79,17622.75,234679.55,5759.51,1443.0,3175.93,4.0,46,4,3,4,34,329000,1,1,1.0,1,26335.7,7576.0,610000.0,1931.0,3117.0,42683.86,68.0,4,92088.0,129024.7,106800.0,5,20,45527.0,39199.0,287921.0,11,14,20331.0,Y,4959.54,current,F,58,MEDIUM,11.4,7,723.0,0,11.0
8277,10947,7888.0,2617.8,5234.05,20499.76,2243.3,23441.625,522.0,1.0,56,4,10,1,80,199999,1,1,1.0,1,568.8,462000.0,4367.0,2351.0,41349.2,21306.0,2.0,1,43797.0,50188.19,20353.0,9,20,18027.0,168373.78,23459.0,16,120,57122.0,Y,11610.59,current,M,42,HIGH,19.8,2,505.0,1,12.0
8278,14100,13488.0,4705.56,1132.0,25600.8,961.0,1367.5,10250.0,7.0,25,2,1,3,39,232000,1,1,1.0,1,7455797.87,143624.74,11379.0,-4679.0,74023.01,51049.0,42.0,2,168332.85,22139.32,219522.0,70,13,24338.0,515986.0,38460.0,3,6,44239.0,Y,42.79,current,M,36,HIGH,6.4,10,628.0,1,12.0
8279,17282,17574.0,3759.5,43191.12,10260.69,8029.0,5439.0,8418.5,104.0,37,72,44,55,68,141000,1,1,1.0,1,186189.0,330001.0,13873.0,19765.0,65359.33,30153.84,87.0,2,30360.0,23926.75,6023.5,0,11,18105.0,78725.03,10973.79,2,12,34181.0,Y,16084.47,current,M,60,MEDIUM,40.0,2,324.0,1,19.0
8280,11414,9833.0,5079.985,13098.21,3822.0,6100.0,4334.0,623.0,4.0,2,32,47,15,58,371000,1,1,1.0,1,806.25,680956.4,583.0,1444.0,5752.08,54518.75,20.0,9,162535.0,31588.52,21349.0,3,171,40121.0,92747.74,138312.0,2,124,13757.0,Y,8359.12,current,M,220,MEDIUM,200.0,10,743.0,1,2.0
8281,1576,7742.0,11064.75,7172.0,8013.12,2598.0,4007.135,1574.0,3.0,29,6,41,9,98,402000,1,1,1.0,1,48796.45,46500.0,1526.0,2500.0,18107.95,56859.0,11.0,26,90207.0,23001.0,24487.0,17,5,32109.0,58766.0,121439.33,38,32,197514.0,Y,78966.76,current,M,27,MEDIUM,4.2,6,753.0,1,16.0
8282,10961,8590.0,41061.0,1839.01,7232.67,1644.0,3846.0,6234.8,9.0,84,61,47,17,2,75000,1,1,1.0,1,497317.93,85300.0,230000.0,1500.0,28629.88,20476.85,16.0,3,85430.0,107441.44,76139.0,4,82,29046.0,139409.53,1205.0,6,18,35661.0,Y,19784.13,current,M,63,MEDIUM,21.5,5,683.0,1,2.0
8283,15499,4105.0,4611.0,8168.26,118047.0,1331.0,11340.0,9407.0,7.0,9,50,30,62,37,494000,1,1,1.0,1,568.8,280000.0,15477.0,-3625.0,32883.45,38554.0,46.0,3,25024.25,121250.4,68269.0,6,70,57123.0,89368.57,48058.59,2,104,33993.0,Y,4505.7,current,F,34,MEDIUM,2.8000000000000003,8,385.0,1,11.0
8284,19260,12119.0,44721.01,1642.12,49037.13,17069.0,39321.0,2433.0,2.0,3,74,50,7,1,411000,1,1,1.0,1,825.0,77000.0,536.0,-6281.37987999999,14387.25,51632.0,46.0,36,33840.0,56206.37,18746.0,4,1,20942.0,6998.0,68643.0,3,42,40940.0,Y,34167.43,current,M,222,MEDIUM,181.8,10,653.0,1,17.0
8285,16603,337618.0,5040.36,2407.6,30007.92,6657.97,26036.59,6297.0,92.0,47,87,48,2,34,467000,1,1,1.0,1,117168.65,169779.0,2644.0,6613.0,27367.5,81671.5,20.0,1,30676.0,39783.18,31582.13,1,5,34248.0,2394.0,96733.0,40,26,6708.81,Y,2248.06,current,M,42,MEDIUM,4.4,7,268.0,0,2.0
8286,6683,13691.0,30373.03,31377.18,10783.82,38.0,2803.47,8695.17,6.0,19,74,2,5,37,25000,1,1,1.0,1,12510.0,107692.0,90525.0,5340.0,15767.0,73647.5,4.0,4,59190.0,21003.33,54821.0,6,81,63200.0,59186.88,39491.0,58,1,41870.0,Y,98.72,current,M,33,MEDIUM,7.800000000000001,9,620.0,1,19.0
8287,9300,19149.0,6108.13,3073.0,1454.5,892.0,1906.8,2678.0,92.0,39,3,57,51,79,47000,1,1,1.0,1,13929.95,10767.53,30071.0,5464.0,16755.18,45919.64,11.0,7,19513.0,34555.75,26602.0,3,24,24222.0,32265.21,43759.84,2,67,29983.0,Y,14191.09,current,M,53,LOW,33.0,7,658.0,1,4.0
8288,13204,8386.0,6165.0,7433.0,3579.56,5816.0,2324.0,6728.0,2.0,2,52,30,18,56,290000,1,1,1.0,1,270.0,3342.51,583.0,35346.0,41500.07,30533.0,50.0,36,74787.0,50506.86,38687.0,9,82,31930.0,119710.95,59869.0,14,50,12614.0,Y,5302.86,current,M,29,LOW,2.7,7,860.0,1,5.0
8289,18040,19140.0,5464.87,2689.0,27858.0,44371.4,15672.02,3324.09,1.0,10,59,8,26,1,481000,1,1,1.0,1,13659.0,14000.0,57899.0,0.0,19827.5,29052.0,46.0,31,69562.0,101324.45,53029.0,3,21,31465.0,38525.12,29710.43,14,124,11388.0,Y,4026.42,current,F,32,LOW,8.4,8,771.0,1,8.0
8290,10096,3932.0,3835.58,35632.2,10809.83,53018.0,2258.96,7680.89,1.0,10,27,2,6,75,401000,1,1,1.0,1,58928.67,67555.67,96497.0,12415.0,15986.48,92053.93,4.0,5,53258.0,63167.27,14191.0,4,5,45678.0,80855.97,11162.0,5,39,24459.0,Y,102216.02,current,M,221,MEDIUM,20.1,10,708.0,1,11.0
8291,9514,8239.0,58293.35,355.0,4482.52,13030.0,8071.5,828.04,6.0,22,64,3,3,3,0,1,1,1.0,1,4720.0,54388.23,15756.0,-6301.0,32662.75,98064.91,35.0,7,198650.0,15236.0,71128.36,4,63,153980.0,51268.44,11312.0,6,12,23900.0,Y,242.07,current,M,46,HIGH,18.2,8,766.0,1,10.0
8292,4411,13142.0,53325.0,36486.56,6482.34,9085.0,22245.0,21189.3,56.0,3,29,1,2,30,195000,1,1,1.0,1,111.4,46500.0,130000.0,1411.0,11922.5,21946.0,103.0,14,26366.0,201232.73,14305.88,0,25,65590.0,31130.97,286.0,6,50,51360.14,Y,25559.27,current,M,30,LOW,6.0,6,818.0,1,12.0
8293,15712,7368.0,8682.6,15859.08,76872.86,11847.0,8377.035,1820.0,26.0,77,6,82,5,54,599000,1,1,1.0,1,568.8,111000.0,5540.0,553.0,34967.01,3030.0,46.0,1,34505.0,22865.0,30533.0,31,59,50495.0,35309.0,195.0,8,7,22849.0,Y,23024.49,current,M,33,MEDIUM,9.1,9,805.0,1,16.0
8294,11592,4296.0,21687.97,10101.0,48294.09,3795.8,13262.005,2229.5,63.0,99,13,57,11,1,447000,1,1,1.0,1,136000.0,136000.0,67696.0,2921.0,199479.63,293.8,62.0,3,18360.0,16977.45,24451.0,4,108,656531.0,131929.42,52680.0,5,14,31397.0,Y,20428.72,current,M,32,LOW,3.6,2,867.0,1,6.0
8295,8978,14461.0,3984.78,750.26,12642.1,10182.91,11188.0,1209.0,53.0,7,53,24,1,39,303000,1,1,1.0,1,7304.75,138732.3,3975.0,10770.0,59143.48,25302.0,4.0,0,53732.0,22813.0,30325.0,6,59,18736.0,67068.97,94629.0,4,57,24862.19,Y,2459.15,current,M,33,MEDIUM,10.4,6,454.0,1,11.0
8296,2810,8843.0,26405.84,10811.15,14601.0,1544.75,5958.985,1800.0,1.0,30,23,8,63,54,212500,1,1,1.0,1,825.0,184514.0,583.0,886.0,49023.89,38479.0,4.0,4,47380.0,30125.41,12103.0,0,11,37498.0,13688.0,33642.0,58,3,32718.0,Y,4249.48,current,M,37,MEDIUM,17.0,1,466.0,1,19.0
8297,9425,322829.0,10456.0,21747.0,4100.84,1149.53,28971.64,12842.45,531.0,10,23,8,56,64,306000,1,1,1.0,1,173732.5,232524.0,4367.0,5340.0,84984.17,345.37,11.0,2,384000.0,19020.3,49789.0,4,29,128981.0,53841.24,19588.0,40,11,18571.0,Y,3194.58,current,M,56,MEDIUM,18.0,10,656.0,1,19.0
8298,19701,12517.0,1535.95,9898.0,14983.38,5468.23,3374.01,3487.0,25.0,2,35,48,1,56,448000,1,1,1.0,1,28482.5,111000.0,28912.0,7478.0,26219.96,123192.0,11.0,0,35267.0,46316.0,39809.0,2,0,19792.0,36003.14,38943.0,2,13,14798.0,Y,400.29,current,M,34,LOW,9.8,5,448.0,1,2.0
8299,5471,7621.0,11010.81,3884.65,14159.0,44615.69,3303.0,47151.25,7.0,6,29,3,4,11,453000,1,1,1.0,1,1665.0,170989.0,610000.0,-4679.0,19747.25,64279.0,32.0,1,18978.0,25252.46,2213.0,8,12,21184.0,28600.64,58881.25,2,27,27701.0,Y,4069.67,current,F,60,MEDIUM,12.0,10,535.0,1,7.0
8300,5064,19966.0,6573.8,2202.0,9097.43,16144.76,53764.0,11991.75,1.0,19,48,2,15,16,620000,1,1,1.0,1,67833.35,64491.0,15477.0,553.0,36698.47,115958.2,3.0,2,30099.0,26886.27,95124.86,11,20,115384.0,152000.75,97242.79,21,73,87934.0,Y,3048.84,current,M,49,MEDIUM,11.600000000000001,8,314.0,0,20.0
8301,19830,16382.0,120702.4,1720.5,22398.88,800.12,1659.5,17737.5,10.0,32,9,24,44,7,383000,1,1,1.0,1,89294.6,117890.0,16114.0,2921.0,37624.13,88679.0,62.0,31,24136.0,244411.96,41602.87,3,63,30472.0,34776.35,2450.0,53,1,17302.0,Y,15697.89,current,M,33,LOW,6.5,3,628.0,0,14.0
8302,9697,5099.0,7043.92,3717.0,40420.0,15678.0,11407.56,2678.0,6.0,5,89,48,25,34,472000,1,1,1.0,1,298492.0,31033.0,908.0,-4679.0,74673.25,15209.0,4.0,19,12665.0,4549.0,38661.0,9,63,33717.0,45914.01,22842.31,3,13,15497.0,Y,192.98,current,M,62,LOW,29.400000000000002,5,924.0,1,9.0
8303,8007,14097.0,66076.81,5947.0,5167.71,1341.0,4708.5,524.76,92.0,43,7,3,2,1,337000,1,1,1.0,1,568.8,150000.0,610000.0,5340.0,59374.88,786.0,35.0,26,11620.0,190114.93,7204.0,10,20,25954.0,32125.06,27523.0,21,8,12794.0,Y,60009.15,current,M,60,LOW,32.0,3,314.0,0,4.0
8304,13699,2259.0,9313.98,3897.72,4989.0,25032.0,2567.775,7001.0,7.0,10,5,3,4,79,533000,1,1,1.0,1,87526.1,17000.0,768.0,-5942.0,44855.08,9158.0,32.0,26,16446.0,49839.0,49153.0,43,8,63585.0,81093.75,2077.42,62,50,31108.0,Y,1374.98,current,M,33,LOW,2.6,10,503.0,1,15.0
8305,5487,11020.0,21819.59,3385.0,3038.0,5670.0,5190.87,3667.0,26.0,13,23,30,1,18,255000,1,1,1.0,1,2002.36,71256.0,2214.0,6441.0,87144.34,216395.0,11.0,5,121396.0,173225.51,35152.0,19,171,16993.0,39586.75,23209.0,16,113,44627.0,Y,12030.62,current,M,35,LOW,15.0,10,796.0,1,13.0
8306,33,16448.0,2503.0,15524.19,23922.0,332937.94,3360.11,368.0,12.0,66,2,1,1,47,313000,1,1,1.0,1,39851.93,46500.0,10973.0,7478.0,120950.76,40333.0,4.0,2,2475.0,44190.48,75658.68,10,171,27786.0,15643.0,20887.0,2,63,41634.0,Y,13511.62,current,M,47,MEDIUM,16.2,2,658.0,1,5.0
8307,2105,210.0,990.0,60495.0,4796.15,1169.2,24289.14,3926.0,19.0,23,6,2,2,47,34000,1,1,1.0,1,86865.0,470000.0,500.0,-4324.0,4880.39,48242.0,147.0,1,34104.0,50030.52,55870.05,2,20,21898.0,7355.45,25564.0,4,12,78179.0,Y,10238.21,current,M,29,MEDIUM,0.9,8,233.0,0,17.0
8308,1686,11962.0,6289.3,1980.0,2831.0,3871.0,10160.5,3332.0,44.0,23,27,8,51,37,351000,1,1,1.0,1,16250.2,184514.0,25728.0,1411.0,37329.4,75871.0,20.0,1,108647.0,10444.37,33533.0,9,18,72661.0,239433.92,56923.55,62,13,13120.0,Y,202.52,current,M,53,LOW,6.6000000000000005,1,485.0,1,11.0
8309,8293,19422.0,1515.85,3524.0,2978.83,9085.0,3581.6,717.52,14.0,26,60,44,7,2,17000,1,1,1.0,1,1104223.35,15036.0,2214.0,418.0,42441.47,32372.0,69.0,36,26065.0,427532.95,208950.52,6,7,27308.0,89797.27,970.0,21,83,23268.0,Y,19784.13,current,M,40,MEDIUM,14.0,3,537.0,1,6.0
8310,3622,15157.0,28558.25,9192.0,15395.89,1599.0,775.0,2414.08,531.0,3,47,15,38,68,359000,1,1,1.0,1,124929.75,152664.0,230000.0,6885.0,121746.82,761687.0,18.0,6,48949.0,18647.18,27175.0,31,8,74885.16,94145.0,240065.0,3,12,64254.0,Y,5718.26,current,M,46,MEDIUM,5.2,7,802.0,1,19.0
8311,11842,13889.0,40640.63,2263.0,21766.0,4591.62,3763.0,728.75,3.0,30,117,53,14,11,556000,1,1,1.0,1,298492.0,253000.0,938.0,5464.0,55775.52,99913.0,79.0,1,44007.0,34162.82,83241.0,5,1,24527.0,32057.56,54037.85,7,13,32336.0,Y,9943.04,current,M,44,MEDIUM,19.200000000000003,7,123.0,1,14.0
8312,17811,15264.0,3966.0,4484.27,20018.52,10090.0,2076.85,607.0,3.0,2,30,1,1,6,595000,1,1,1.0,1,9542.5,189246.0,78309.0,10210.0,22425.77,73921.0,16.0,26,34887.0,53459.55,53637.26,31,24,23195.0,60720.0,30256.59,117,65,84910.0,Y,2603.27,current,M,33,MEDIUM,7.800000000000001,10,799.0,1,15.0
8313,3649,13962.0,11887.04,10078.0,9452.64,951.0,73653.2,246.0,32.0,20,1,1,25,9,256000,1,1,1.0,1,496065.0,462011.1,12000.0,4795.0,20499.03,23441.0,42.0,29,55412.0,45046.41,77424.0,45,25,19180.0,21816.49,27467.52,6,32,164848.0,Y,6146.75,current,M,42,MEDIUM,4.4,10,595.0,1,7.0
8314,4675,8649.0,7068.56,3422.0,33092.1,10765.46,3874.5,14302.0,8.0,2,11,52,37,8,75000,1,1,1.0,1,5809950.0,10767.53,23500.0,7478.0,26659.25,56561.55,77.0,19,21312.0,4643.82,198519.0,2,24,22666.0,32142.67,41510.0,2,80,61791.0,Y,757.43,current,F,55,MEDIUM,35.0,8,631.0,1,2.0
8315,4283,8874.0,18158.92,5529.0,7969.84,31742.01,1245.0,6843.0,1.0,18,1,44,9,31,199000,1,1,1.0,1,81872.65,143000.0,508.0,-6885.0,23654.09,95151.79,82.0,4,18904.0,13091.79,37707.0,1,7,87712.0,78165.05,41371.0,4,17,28549.0,Y,4794.0,current,M,37,MEDIUM,15.3,7,658.0,1,13.0
8316,12261,10373.0,1057.5,6782.0,20321.72,1662.76,2983.5,354.99,4.0,16,35,7,1,18,104000,1,1,1.0,1,54860.05,992890.32,8060.0,977.0,22765.0,95417.0,7.0,13,57097.0,57165.99,79275.0,4,82,18650.5,136305.88,5459.0,47,58,13574.0,Y,9458.22,current,M,33,MEDIUM,10.4,1,684.0,1,12.0
8317,15951,84624.0,2861.52,2484.83,8919.82,5207.04,23970.7,4342.0,2.0,7,52,1,55,31,184000,1,1,1.0,1,89294.6,138732.3,1633.0,6409.0,20756.5,8131.0,10.0,13,15370.0,109364.72,26069.0,9,49,40411.0,38188.72,100841.87,21,106,24921.0,Y,2689.1,saving,M,53,MEDIUM,23.1,4,508.0,1,2.0
8318,3365,7687.0,24423.51,97164.0,25062.85,2115.05,5681.0,7973.0,12.0,83,87,2,4,17,169000,1,1,1.0,1,1895.04,41.26,536.0,6916.0,43362.64,100256.0,67.0,4,28700.0,94532.81,101644.0,3,171,31403.0,55882.3,24290.0,62,65,1361.0,Y,8265.28,current,M,36,LOW,4.800000000000001,8,653.0,0,11.0
8319,215,20420.0,42227.6,28897.74,29954.0,12917.35,4715.665,3440.53,43.0,42,105,18,9,1,100000,1,1,1.0,1,241.65,158000.0,583.0,-4664.0,38022.9,20361.0,20.0,26,46363.0,22714.75,36484.0,0,7,31823.0,60992.0,20997.0,3,113,19627.0,Y,3857.32,current,M,42,LOW,22.0,6,507.0,1,17.0
8320,18779,9300.0,6635.0,2868.09,1328.66,2191.0,3185.0,4299.3,26.0,1,1,3,15,34,47000,1,1,1.0,1,89104.12,82907.34,50000.0,1014.0,139931.87,39735.5,18.0,5,96352.0,85430.23,10232.51,31,20,38610.0,14134.5,211475.0,13,58,87651.0,Y,11980.64,current,M,47,MEDIUM,16.2,5,424.0,1,6.0
8321,7562,304157.0,454.32,28063.86,31448.02,11242.0,3955.09,637.0,25.0,99,60,1,4,56,383000,1,1,1.0,1,32951.25,54388.23,16215.0,6885.0,14293.41,46946.0,16.0,26,27050.0,47665.75,14938.0,7,20,21762.0,85957.2,27320.0,4,11,37595.0,Y,9351.78,current,M,37,MEDIUM,11.9,10,511.0,1,14.0
8322,16994,313008.0,83537.5,2291.22,32601.0,5642.0,11741.225,3191.6,44.0,1,82,4,2,56,427000,1,1,1.0,1,293418.75,680956.4,500718.0,6885.0,63760.0,154757.0,11.0,17,15963.0,136899.75,18310.0,4,82,29375.0,177183.8,7667.0,14,50,184500.0,Y,2658.15,saving,M,46,MEDIUM,2.6,10,523.0,0,8.0
8323,14554,16075.0,995.5,318.0,46156.06,7610.0,2484.0,3960.0,5.0,17,49,15,16,13,272000,1,1,1.0,1,720551.4,38173.0,126001.0,5464.0,40399.1,70100.0,2.0,0,11790.0,5313.31,19065.0,70,82,270.0,25419.6,65198.5,6,10,20105.0,Y,191.1,current,M,60,MEDIUM,8.0,8,801.0,1,19.0
8324,6315,4789.0,3588.5,2461.0,35983.89,6284.0,887.0,224.0,8.0,1,9,4,6,8,408000,1,1,1.0,1,48675.31,110000.0,3792.0,6916.0,47992.24,25486.0,55.0,1,18859.0,41146.27,44472.5,0,35,239000.0,112919.69,53767.39,4,106,3887.0,Y,27094.98,current,M,33,MEDIUM,1.3,3,710.0,0,14.0
8325,18768,16056.0,33097.84,9647.57,4245.5,1524.0,11582.0,16023.61,124.0,66,30,1,14,3,378000,1,1,1.0,1,825.0,429273.4,694.0,-6281.37987999999,82184.42,16227.0,16.0,2,37000.0,14601.75,27750.0,3,6,75452.0,27081.2,7037.0,14,39,60337.18,Y,1100.8,current,M,222,MEDIUM,20.200000000000003,5,623.0,1,6.0
8326,5603,3675.0,8217.92,665.18,8685.59,13234.0,1393.52,3891.73,7.0,2,13,22,17,1,350000,1,1,1.0,1,5215.0,1034285.63,694.0,5350.0,60244.17,154032.0,69.0,2,91193.0,56490.02,27209.0,4,70,111955.31,42807.35,157981.0,6,1,33303.0,Y,10859.44,current,M,29,LOW,9.0,1,814.0,1,10.0
8327,16735,12894.0,1896.32,2489.86,12609.88,11209.0,12777.6,568.0,8.0,3,35,4,1,79,98000,1,1,1.0,1,94493.75,223379.4,550.0,8572.0,85876.65,39190.5,11.0,3,36342.0,30510.25,29044.0,0,20,74989.0,112738.92,65425.0,5,12,20923.0,Y,7034.35,current,M,32,MEDIUM,12.0,5,428.0,1,2.0
8328,5747,390109.0,9566.0,2255.0,2118.0,2739.34,2109.75,2647.0,7.0,66,52,8,25,98,27000,1,1,1.0,1,34635.25,36880.0,610000.0,3735.0,80634.98,58763.0,23.0,0,20214.0,17110.49,19653.0,4,30,36000.0,5390.63,32107.0,2,68,23283.0,Y,9170.41,current,M,47,MEDIUM,2.7,10,805.0,1,8.0
8329,4208,11205.0,104456.75,5489.44,14963.0,324.86,2990.01,7597.0,25.0,10,4,52,6,1,567000,1,1,1.0,1,63073.6,10903.0,20887.0,977.0,96932.5,212717.0,77.0,0,40685.0,111372.46,12511.0,4,63,80533.0,59757.09,24249.0,7,57,18085.0,Y,685.88,current,M,25,MEDIUM,2.5,6,448.0,1,8.0
8330,10312,16473.0,34644.88,25141.0,2386.72,6515.64,7977.25,294.0,46.0,128,19,42,2,67,461000,1,1,1.0,1,270.0,217074.0,49975.0,4795.0,49023.89,319268.0,18.0,1,15628.0,8364.64,106172.33,6,63,18922.0,25204.25,55676.5,13,107,38980.0,Y,10258.18,current,M,58,LOW,7.6000000000000005,7,385.0,1,14.0
8331,2407,4207.0,4822.4,6243.02,15151.27,22262.63,4021.0,7963.0,6.0,36,47,12,26,8,102000,1,1,1.0,1,5457.0,201000.0,130000.0,5464.0,1955.18,105823.53,27.0,11,3365.0,40460.81,45174.5,0,1,52664.0,93818.0,61092.1,43,75,55970.0,Y,8878.73,current,M,30,MEDIUM,3.0,5,249.0,1,18.0
8332,6023,2613.0,60725.03,1242.0,2688.77,2557.5,910.25,857.0,57.0,2,16,1,2,70,400000,1,1,1.0,1,28.5,57479.0,5797.0,12415.0,1139.5,43909.0,46.0,1,59800.0,31517.63,60081.0,0,40,17997.95,121485.37,32033.0,62,106,46389.0,Y,525.26,saving,M,39,LOW,17.1,7,268.0,1,11.0
8333,17329,302602.0,22326.5,402.0,7125.7,2699.77,23058.54,2875.0,6.0,2,74,25,25,1,75000,1,1,1.0,1,27747.0,35421.67,100000.0,0.0,1139923.67,48329.0,16.0,26,100891.0,22585.94,24163.0,2,78,30900.0,41652.54,26163.01,47,80,112956.0,Y,8387.2,saving,M,34,MEDIUM,11.200000000000001,6,486.0,0,14.0
8334,504,16734.0,7479.55,190.0,2172.4,2599.85,1758.25,4043.0,531.0,42,1,1,1,47,410000,1,1,1.0,1,55700.0,360000.0,230000.0,1411.0,52279.19,21971.0,42.0,3,78842.2,25958.66,117648.0,1,20,11806.0,259883.7,291322.0,3,65,213456.0,Y,1909.01,current,M,33,MEDIUM,3.9000000000000004,2,748.0,0,5.0
8335,2564,10163.0,6448.675,193.0,66158.31,918.0,2491.0,9468.0,7.0,18,62,18,4,64,390000,1,1,1.0,1,67833.35,63173.17,3975.0,-6335.0,155455.19,78937.0,90.0,2,19159.0,48945.04,281407.0,17,69,77595.0,88063.14,21752.0,3,73,41601.0,Y,5371.53,current,M,53,MEDIUM,19.8,6,464.0,1,16.0
8336,8128,564.0,14585.0,7663.85,21165.0,1667.0,1862.38,1050.27,15.0,56,4,12,31,20,52000,1,1,1.0,1,10006.2,96096.0,15477.0,-6301.0,26480.25,24040.0,94.0,35,64250.0,100685.59,12400.0,6,5,44401.0,38391.67,43040.5,11,50,517.0,Y,9126.91,current,M,34,MEDIUM,7.0,8,700.0,1,20.0
8337,14784,17394.0,14744.59,34254.0,9944.51,3264.1,24920.0,3345.3,4.0,42,35,1,2,1,53000,1,1,1.0,1,27078.09,237365.38,5797.0,2351.0,15017.0,52772.0,63.0,0,27627.68,13963.13,111230.36,0,13,46078.0,696129.37,41037.04,49,7,78899.0,Y,564.71,current,M,35,LOW,3.0,6,743.0,1,7.0
8338,19256,91841.0,2094.0,6526.0,8374.06,6196.35,15866.5,1655.0,56.0,50,48,45,51,1,198000,1,1,1.0,1,322.02,50000.0,1266.0,-6281.37987999999,43838.68,20400.0,16.0,4,40892.0,11759.0,10103.0,4,81,25503.0,42203.64,40440.0,94,15,38288.0,Y,2403.13,current,M,33,LOW,13.0,3,723.0,1,5.0
8339,5310,8222.0,5374.37,5706.24,6971.82,9366.0,7283.385,5643.0,14.0,7,9,5,18,8,199999,1,1,1.0,1,89908.8,60040.0,80000.0,12415.0,64355.49,127394.0,11.0,2,109701.0,28309.0,100947.0,6,63,106700.0,48324.37,102666.0,1,36,81162.0,Y,3696.16,current,M,35,MEDIUM,13.5,6,823.0,1,19.0
8340,12442,6309.0,3800.67,767.0,9411.0,1744.4,48405.58,1004.0,26.0,6,135,4,14,11,550000,1,1,1.0,1,28844.0,55000.0,492.0,1500.0,38022.9,28371.0,20.0,2,12048.0,39100.95,24068.0,3,20,90579.0,35929.43,72693.0,47,11,19754.0,Y,42293.23,current,F,220,LOW,40.0,2,700.0,1,12.0
8341,10225,287039.0,50969.39,2812.0,21012.21,13229.38,10409.0,1426.0,29.0,22,5,8,1,11,340000,1,1,1.0,1,331.2,8000.0,20887.0,6885.0,33652.44,76502.0,43.0,19,42523.0,16993.8,36335.0,2,31,22280.0,4050.0,127908.75,2,13,28016.0,Y,9213.4,current,M,33,MEDIUM,10.4,5,508.0,1,6.0
8342,6501,332508.0,23944.38,3862.0,4557.04,3760.0,21368.875,210.14,26.0,10,23,8,1,37,49999,1,1,1.0,1,8370.8,159415.3,49000.0,-5439.0,27813.0,5293.0,8.0,4,14240.0,19911.31,168669.0,42,1,2748.0,29883.0,31408.0,7,79,42301.0,Y,14717.84,saving,M,33,LOW,3.9000000000000004,3,737.0,1,11.0
8343,13868,8364.0,6246.47,321.3,82558.21,23993.92,4197.0,2500.0,10.0,38,29,24,2,10,120000,1,1,1.0,1,10535967.5,84.32,6100.0,19765.0,67173.02,47410.75,69.0,7,2340.0,42111.09,83.3,4,75,1600.0,48553.09,26373.47,36,58,24386.0,Y,1562.35,saving,M,47,MEDIUM,2.7,3,686.0,0,10.0
8344,4904,4810.0,4492.19,1673.06,3890.0,3981.0,4814.0,1955.52,8.0,3,4,30,1,1,565000,1,1,1.0,1,84446.0,157624.24,1097.0,6885.0,6007.0,25387.5,20.0,9,41575.0,192482.51,137508.0,4,12,107644.0,18093.5,6590.0,12,12,27500.0,Y,459.56,current,M,53,LOW,29.700000000000003,4,631.0,1,3.0
8345,11107,6098.0,17897.92,2126.0,53425.62,8168.73,2723.0,6790.0,4.0,22,29,3,44,1,85000,1,1,1.0,1,39851.93,117890.0,6738.0,12415.0,110407.3,64874.0,7.0,19,20342.0,27269.69,460041.0,11,42,1260.0,61708.76,217490.77,3,12,20892.0,Y,42678.97,current,M,35,LOW,10.5,8,269.0,1,11.0
8346,8600,4795.0,75966.65,2031.0,11114.86,3167.97,1117.0,1134.0,15.0,66,50,3,44,1,300000,1,1,1.0,1,566914.0,64491.0,4895.0,1522.0,90919.15,241463.96,67.0,26,77582.0,16013.71,26727.0,2,6,14269.0,81682.71,70078.79,6,76,6517.12,Y,602.7,current,M,42,MEDIUM,6.6000000000000005,2,974.0,1,6.0
8347,5035,17466.0,13912.99,3043.0,8451.38,10976.0,16801.225,360.0,531.0,3,32,20,36,1,293000,1,1,1.0,1,123134.77,17000.0,26241.0,2337.0,72373.0,45998.0,36.0,13,52393.0,13809.94,42419.71,1,82,49994.25,52195.36,41228.0,62,11,65092.0,Y,5625.0,current,M,46,MEDIUM,13.0,8,314.0,1,11.0
8348,18136,8067.0,14894.6,608.2,175773.37,656.67,2516.81,5246.0,6.0,65,4,6,44,16,100000,1,1,1.0,1,41883.6,87578.0,925.0,-6281.37987999999,24226.27,52878.0,5.0,2,55354.0,195114.56,721703.0,2,25,26831.0,44678.83,43460.0,13,11,37102.0,Y,2223.1,current,F,47,MEDIUM,16.2,8,748.0,1,18.0
8349,16904,15266.0,6915.15,8272.19,3359.5,5287.3,6151.52,381.0,1.0,23,44,22,15,81,16000,1,1,1.0,1,937.0,6.0,2156.0,-5942.0,89373.7,83057.26,147.0,6,121000.0,31853.67,321685.0,4,81,56623.0,394689.4,133831.0,4,40,76500.0,Y,367.6,current,M,28,MEDIUM,0.8,3,683.0,0,7.0
8350,13809,15655.0,5837.43,1285.0,2480.08,2919.0,2927.0,2027.0,8.0,9,35,1,38,64,87000,1,1,1.0,1,58928.67,330001.0,130000.0,20513.0,45261.68,37498.2,11.0,2,34589.0,191122.16,86829.2,8,8,23833.0,1557.5,18423.0,3,39,78119.0,Y,12224.82,current,M,64,MEDIUM,26.400000000000002,1,277.0,0,11.0
8351,12950,20085.0,49623.77,3139.34,2958.44,3464.0,88965.97,3098.0,3.0,77,29,1,2,75,313000,1,1,1.0,1,360978.37,2300000.0,12560.0,5439.0,35127.09,23659.5,29.0,33,15400.0,166224.63,23133.0,11,20,53350.0,21711.0,56860.0,40,11,20900.0,Y,2390.4,current,M,42,LOW,8.8,6,958.0,1,19.0
8352,4813,9738.0,6061.0,2948.84,3377.78,2903.75,4981.7,11432.0,16.0,5,20,3,4,41,184000,1,1,1.0,1,9118.35,180000.0,927.0,2921.0,85477.43,92801.0,89.0,2,21706.0,88411.81,64342.0,3,82,44421.0,320.5,30286.78,117,9,21179.0,Y,3266.02,current,M,53,LOW,9.9,4,448.0,1,10.0
8353,4280,19674.0,911.0,11063.0,6345.09,16915.0,16605.0,167.0,26.0,10,16,8,1,67,371000,1,1,1.0,1,8256.6,257406.7,300500.0,3735.0,92298.91,49156.0,15.0,25,33710.0,35464.33,16194.0,6,11,113882.0,165724.45,2218.0,4,104,39520.0,Y,43.07,current,M,34,MEDIUM,9.8,1,805.0,1,20.0
8354,13742,15456.0,146396.99,1804.0,6166.85,16242.0,5439.0,34860.0,57.0,3,2,53,45,1,272000,1,1,1.0,1,225823.8,446457.0,16114.0,5439.0,22237.6,72188.0,42.0,13,88930.0,67393.25,60162.0,4,108,22888.0,16062.76,55893.0,2,8,48262.0,Y,6238.19,current,M,32,MEDIUM,6.0,6,506.0,1,15.0
8355,8334,2403.0,24716.63,2289.0,3758.4,370.0,19217.89,21605.0,100.0,29,49,24,25,47,479000,1,1,1.0,1,88.0,245000.0,19400.0,1954.0,30301.27,43173.38,49.0,6,12862.0,12310.76,37082.25,5,82,260000.0,47586.5,38340.0,21,3,42806.0,Y,11883.49,current,M,62,LOW,37.800000000000004,9,508.0,1,6.0
8356,19627,3219.0,2822.0,21631.6,8782.5,2681.03,9555.455,4351.0,6.0,13,44,48,3,8,378000,1,1,1.0,1,245964.0,83402.0,5905.0,4856.0,32378.2,203146.88,39.0,17,70473.0,158566.63,32255.5,1,25,19316.0,35929.43,120016.0,117,12,306.0,Y,22377.39,current,M,222,MEDIUM,181.8,10,324.0,0,18.0
8357,14778,8201.0,5090.37,960.0,6946.89,22628.3,7087.0,4127.0,6.0,36,1,3,44,1,330000,1,1,1.0,1,3101.3,134000.0,2644.0,1332.0,20731.57,118613.0,103.0,3,21722.0,49455.99,41041.0,5,14,16685.0,146632.78,65210.0,21,103,44167.0,Y,6677.84,saving,M,32,MEDIUM,1.2000000000000002,8,766.0,1,2.0
8358,13759,11256.0,1163.0,624.0,7297.72,2320.4,4744.855,3098.0,1.0,128,9,1,18,79,124000,1,1,1.0,1,471.05,65174.0,25728.0,4512.0,51617.04,29342.0,63.0,13,16972.0,71349.0,63493.0,1,20,59584.0,24198.1,100298.0,12,24,44816.0,Y,2337.91,current,F,66,MEDIUM,41.400000000000006,9,914.0,1,17.0
8359,18431,3975.0,10471.65,10750.0,6125.5,1726.0,5226.2,3322.0,7.0,66,84,53,7,47,44000,1,1,1.0,1,166331.66,1372927.14,4699.0,6613.0,29917.0,21270.0,69.0,1,18840.0,142739.77,13877.5,3,50,59265.0,57338.0,25079.0,16,52,174901.0,Y,2879.22,current,M,27,LOW,4.2,3,448.0,1,15.0
8360,2287,18844.0,6919.5,3332.48,22301.77,2223.05,8099.84,4087.0,12.0,26,74,20,1,47,505000,1,1,1.0,1,270.0,88482.8,28912.0,3983.0,57510.95,26882.0,16.0,9,30459.0,19287.0,107133.0,2,20,40121.0,534850.74,63515.0,3,12,31573.0,Y,261.01,saving,M,33,MEDIUM,11.700000000000001,5,554.0,0,15.0
8361,18046,471.0,43947.19,439.0,4872.94,363.0,7254.8,4343.0,1.0,66,10,18,27,10,370000,1,1,1.0,1,55700.0,267421.4,6100.0,14509.0,36963.01,37654.0,16.0,26,22754.0,43666.0,115110.0,2,4,101.36,76563.58,4019.0,7,80,91219.0,Y,461.06,current,M,66,MEDIUM,46.0,8,836.0,0,7.0
8362,15323,1548.0,12942.0,13139.0,9618.46,5519.0,23011.0,2638.0,100.0,4,4,1,4,80,390000,1,1,1.0,1,15772650.74,19000.0,1526.0,5341.0,159266.81,109423.0,15.0,35,36184.43,25801.04,29142.0,23,8,33477.0,140330.54,24773.0,36,1,52200.0,Y,1625.28,current,M,32,LOW,7.2,7,269.0,0,11.0
8363,6849,7891.0,3577.16,8591.0,2424.29,1177.01,8476.0,16092.6,3.0,30,17,2,6,36,581000,1,1,1.0,1,3380.0,162288.3,891.0,5439.0,34818.97,71114.5,42.0,2,67355.0,29891.75,85602.0,2,12,21910.0,51118.72,75951.52,2,106,11740.0,Y,3834.04,current,M,53,MEDIUM,16.5,9,614.0,0,20.0
8364,4143,20378.0,4443.37,6243.02,9922.84,777.57,3040.0,6109.0,24.0,18,50,18,3,1,232000,1,1,1.0,1,26335.7,633323.83,56305.0,-3506.17993,16583.6,36554.0,42.0,19,55412.0,13331.5,72483.0,5,44,16282.0,40479.42,97105.76,94,50,23346.0,Y,16073.39,saving,M,37,MEDIUM,3.4000000000000004,1,863.0,1,17.0
8365,7109,219131.0,7350.28,8762.0,3005.18,2921.92,10278.05,11714.0,7.0,9,4,1,25,8,30000,1,1,1.0,1,48422.7,16363.0,50000.0,-5715.49022999999,15555.0,50391.96,16.0,19,30380.0,166224.63,113029.5,2,36,25717.0,23231.23,194110.0,8,21,45787.0,Y,5481.77,current,M,58,MEDIUM,38.0,1,883.0,1,5.0
8366,13775,16386.0,2094.0,42350.9,6505.72,354.0,1313.56,10279.0,19.0,9,1,15,6,77,70000,1,1,1.0,1,960000.0,42000.0,11379.0,977.0,35829.0,56956.76,70.0,1,24783.0,67166.8,3449.0,1,82,24828.0,56047.39,44224.09,7,79,16590.0,Y,58788.88,current,M,63,MEDIUM,17.2,10,628.0,1,5.0
8367,14872,9711.0,5849.95,4950.77,1626.86,2210.0,16548.87,940.0,4.0,99,27,44,1,1,152000,1,1,1.0,1,568.8,460000.0,5981.0,173.0,114265.53,37906.0,20.0,0,40250.0,4147.0,121290.42,50,7,108709.0,172216.56,203916.04,13,24,50511.0,Y,1674.09,current,M,64,MEDIUM,17.6,7,700.0,0,9.0
8368,7636,18339.0,3814.38,8851.0,2928.1,12319.81,15335.27,1222.0,17.0,10,6,1,9,54,252000,1,1,1.0,1,87526.1,182359.2,33774.0,-4664.0,43562.63,23115.0,2.0,9,10766.0,39021.18,80368.0,5,87,38960.0,57733.08,40928.0,3,18,762.0,Y,284.05,current,F,55,HIGH,21.0,8,656.0,1,20.0
8369,5658,18289.0,2448.1,6944.5,19304.7,7087.0,12281.14,688.0,2.0,18,50,50,4,39,98000,1,1,1.0,1,11073.0,1475000.0,8417.0,1079.0,38963.2,144593.0,4.0,36,12119.0,36683.39,44947.0,0,12,19684.0,35869.63,43268.0,1,12,15300.0,Y,6230.66,current,F,62,LOW,4.2,6,249.0,1,3.0
8370,9738,8070.0,1376.62,2530.0,14418.0,2024.76,9145.97,2191.9,7.0,56,7,1,1,3,16000,1,1,1.0,1,45463.0,79828.0,10973.0,0.0,58443.17,104311.0,52.0,4,52600.0,175123.95,20182.0,43,12,29046.0,30527.88,35074.0,2,80,15545.0,Y,383.43,saving,M,42,MEDIUM,8.8,2,653.0,1,20.0
8371,18730,4379.0,21644.28,5928.0,6016.02,5896.0,11257.725,1144.44,25.0,11,7,1,3,2,17000,1,1,1.0,1,506688.65,375000.0,4367.0,1500.0,17352.75,27665.0,40.0,7,35566.43,13806.15,92879.0,4,14,17471.0,24855.17,6723.0,14,11,96000.0,Y,9992.55,current,F,34,MEDIUM,4.2,1,683.0,1,16.0
8372,10191,297562.0,28800.41,40994.0,14933.61,8220.07,13771.0,677.0,26.0,11,69,15,1,54,233000,1,1,1.0,1,720551.4,589.39,98472.0,0.0,263316.52,153687.0,11.0,1,24166.0,44092.75,27823.0,4,5,536.01,128464.7,46080.0,12,35,21538.0,Y,104.86,current,M,33,MEDIUM,3.9000000000000004,2,314.0,1,14.0
8373,13047,9334.0,11237.3,2299.0,19514.97,173.0,23916.0,3771.34,531.0,61,9,60,7,1,304000,1,1,1.0,1,331.2,1543.85,536.0,4314.0,663.25,62829.2,5.0,4,28870.0,156176.25,307736.0,5,27,58488.0,27127.0,222910.0,9,79,17095.0,Y,1018.35,saving,M,44,LOW,2.4000000000000004,4,354.0,1,3.0
8374,7412,14934.0,32528.0,3138.6,965.5,6755.0,15137.98,9812.0,2.0,65,49,42,1,3,518000,1,1,1.0,1,42892.75,54395.0,43798.0,8572.0,8139.04,36554.0,49.0,36,1071967.0,122864.97,25077.0,31,20,65521.0,39870.0,21326.0,5,0,106539.0,Y,520.15,current,F,55,LOW,28.0,9,330.0,0,14.0
8375,18769,13579.0,18302.16,2536.0,16224.74,1137.0,17357.75,6234.8,4.0,1,7,2,6,79,375000,1,1,1.0,1,72383.25,157000.0,2214.0,0.0,109.5,69847.0,147.0,5,24090.0,15422.85,41041.0,6,171,93811.0,45421.2,21933.0,3,63,92018.0,Y,5563.64,saving,M,30,LOW,2.0,2,908.0,1,6.0
8376,7702,11820.0,14124.96,8229.02,5477.04,44305.59,11066.0,9472.0,10.0,10,61,8,14,2,263000,1,1,1.0,1,13180.0,77965.0,298472.0,-4679.0,21194.25,69732.91,79.0,35,24262.0,15763.1,42291.0,3,171,18264.0,18428.55,19231.0,21,32,16219.0,Y,843.3,current,M,63,MEDIUM,12.9,3,628.0,0,19.0
8377,4769,6650.0,7511.0,7791.0,2374.095,7905.83,24939.85,6512.0,44.0,39,9,53,44,98,400000,1,1,1.0,1,76122.87,169779.0,3975.0,5773.0,11241.0,37652.0,69.0,1,19360.0,2208.31,338101.0,6,20,14010.0,154017.0,90755.5,117,57,2659.0,Y,1316.38,current,M,28,MEDIUM,4.800000000000001,10,300.0,0,8.0
8378,12568,7559.0,12231.61,7845.0,5342.39,2971.0,6278.1,13662.0,12.0,26,30,2,3,2,256000,1,1,1.0,1,225823.8,25404.0,10000.0,1411.0,174551.44,65078.0,16.0,6,31829.0,16790.07,33102.0,6,6,143000.0,29985.0,103893.0,3,35,71305.0,Y,3213.21,saving,F,55,MEDIUM,17.5,4,958.0,0,4.0
8379,5792,15207.0,8017.56,4494.0,7044.5,12486.47,9370.0,4171.04,63.0,36,72,5,62,2,371000,1,1,1.0,1,59703.93,125000.0,67696.0,6885.0,61004.14,3735.0,11.0,2,37877.87,14930.0,61542.5,5,27,0.25,280062.78,95458.0,21,8,15374.0,Y,9888.95,current,M,58,LOW,7.6000000000000005,10,866.0,0,3.0
8380,17401,295621.0,5532.46,1764.56,614.0,3572.1,33795.0,83247.0,7.0,2,35,3,1,81,467000,1,1,1.0,1,76780.0,470000.0,5905.0,173.0,6595.0,30684.58,23.0,1,23136.0,474362.25,145775.0,47,81,25753.0,86194.18,66641.0,16,83,45418.0,Y,25967.47,saving,F,62,MEDIUM,8.4,1,708.0,1,11.0
8381,8416,179937.0,5484.49,3549.0,16653.57,2418.0,13615.845,3789.0,3.0,6,16,8,55,47,510000,1,1,1.0,1,8758.2,234459.4,4367.0,13135.0,36273.01,62925.1,59.0,26,87332.0,6666.0,44035.0,1,12,99383.0,29914.87,331.0,7,57,40225.0,Y,1048.63,current,M,63,HIGH,4.3,1,299.0,0,15.0
8382,1589,8504.0,10948.0,5726.0,5387.0,26290.0,5531.505,26325.0,1.0,77,4,4,38,1,510000,1,1,1.0,1,3247.5,484729.69,300500.0,1500.0,106435.88,18248.0,20.0,5,80750.0,28930.82,22338.5,9,81,15544.0,116740.9,241274.0,3,7,235480.0,Y,3820.27,current,M,36,MEDIUM,4.800000000000001,7,801.0,0,14.0
8383,10754,4205.0,7797.42,14015.4,10808.0,18804.0,6255.525,8703.0,19.0,65,35,53,21,4,530000,1,1,1.0,1,309795.13,1749.29,908.0,886.0,7163.25,125797.0,87.0,3,38913.0,28675.1,11148.0,0,26,25155.0,23246.12,9203.0,6,52,33258.0,Y,3109.22,current,M,38,MEDIUM,16.2,9,505.0,1,13.0
8384,18407,216968.0,7436.0,8882.57,2831.0,6046.0,12905.495,3075.52,2.0,30,82,24,1,55,581000,1,1,1.0,1,960000.0,76365.24,6100.0,-6885.0,28702.56,12581.5,69.0,1,71377.0,23433.88,15032.4,3,8,251.25,55586.01,130243.41,3,103,29981.0,Y,843.3,current,M,35,MEDIUM,9.0,10,454.0,1,6.0
8385,7970,4017.0,3545.84,11805.26,76479.15,3892.52,35689.81,1888.0,14.0,10,13,24,4,77,236000,1,1,1.0,1,10535967.5,152664.0,768.0,977.0,30314.75,24808.0,11.0,3,18750.0,18504.01,100159.0,1,108,28738.0,71541.0,37854.0,42,24,28676.0,Y,2687.4,current,M,30,MEDIUM,2.0,6,685.0,1,18.0
8386,3699,4953.0,31405.0,10557.0,3865.48,1177.01,7150.0,2561.8,4.0,10,29,4,11,1,75000,1,1,1.0,1,140291.6,110135.86,12000.0,6885.0,5056.25,31759.0,7.0,1,18257.17,30084.71,44624.0,6,24,17445.0,54419.76,23584.0,22,73,28842.0,Y,5790.92,current,M,29,LOW,6.300000000000001,2,643.0,1,4.0
8387,11734,12617.0,40341.27,7082.0,9083.5,1159.96,5504.0,2912.0,2.0,3,50,11,2,55,97000,1,1,1.0,1,5457.0,6.0,5797.0,6885.0,97429.87,35439.0,42.0,7,15183.0,166641.35,258688.0,43,25,19040.0,6707.78,65522.0,7,12,42301.0,Y,9348.46,current,M,33,MEDIUM,11.700000000000001,1,686.0,1,8.0
8388,12463,11391.0,80071.78,2508.0,6371.0,73591.63,1927.3,17219.0,10.0,10,61,3,36,17,480000,1,1,1.0,1,20747.5,375000.0,27809.0,1465.0,51229.0,61055.05,16.0,7,67144.0,14535.75,18993.0,2,81,175098.0,18526.34,39540.0,8,8,33761.0,Y,3097.38,saving,M,53,MEDIUM,29.700000000000003,6,355.0,0,7.0
8389,11078,13074.0,59001.19,9089.0,21497.82,2162.0,3025.175,6836.0,531.0,3,13,5,2,34,302000,1,1,1.0,1,568.8,46500.0,126001.0,977.0,54160.93,147693.0,29.0,0,50835.0,24255.32,32444.62,50,11,9428.0,80287.0,24796.5,43,73,18522.0,Y,1584.63,saving,M,34,HIGH,11.200000000000001,6,355.0,1,5.0
8390,14864,9760.0,6581.24,6416.0,1708.0,13439.0,1581.19,1014.0,2.0,26,29,57,12,16,373000,1,1,1.0,1,165907.57,165970.9,3792.0,-5998.43994,20128.64,80405.0,32.0,5,72879.6,82356.0,39978.0,1,12,41100.0,45805.81,84298.0,40,18,101702.0,Y,10970.78,current,M,37,LOW,17.0,7,743.0,1,5.0
8391,12130,5587.0,2526.07,16462.0,20463.67,6176.52,23970.7,11821.0,531.0,99,3,3,9,55,155000,1,1,1.0,1,65640.0,152664.0,12000.0,6409.0,63925.51,10294.5,9.0,27,43490.0,69742.63,20247.0,23,5,15231.0,35992.25,82123.94,47,63,18370.0,Y,1007.28,current,M,220,MEDIUM,60.0,10,796.0,0,15.0
8392,2745,4633.0,42916.26,4978.0,17417.64,934.22,3586.91,2212.0,1.0,7,48,1,2,2,199999,1,1,1.0,1,24832.0,122000.0,583.0,4063.0,91298.86,123052.05,43.0,0,29329.0,79008.01,1673.79,9,81,6035.63,96423.79,30056.0,21,80,43127.0,Y,991.53,current,M,33,MEDIUM,7.800000000000001,8,683.0,1,13.0
8393,14111,578.0,63924.54,1514.0,5452.28,1403.0,1485.26,1766.0,50.0,9,16,6,11,3,371000,1,1,1.0,1,96218.53,100934.0,24094.0,1500.0,159583.03,43644.0,70.0,0,15458.0,25382.55,68862.5,2,81,19703.0,69904.49,13711.0,3,68,107174.0,Y,0.0,current,M,30,MEDIUM,9.0,2,485.0,0,8.0
8394,2828,18314.0,14189.58,1087.0,14593.21,1572.0,6156.0,2696.0,5.0,7,1,4,4,1,27000,1,1,1.0,1,38362.5,617203.09,48950.0,9415.0,14319.58,935161.0,18.0,29,2027.72,242485.4,30325.0,2,8,28683.0,12214.82,558.0,12,13,93448.0,Y,5271.01,saving,M,58,LOW,3.8000000000000003,4,713.0,0,13.0
8395,1891,173528.0,26348.85,19924.0,666.52,14963.37,9122.28,20418.28,1.0,36,7,24,8,39,136000,1,1,1.0,1,1665.0,917881.54,11580.0,2921.0,23623.83,515.0,5.0,23,16650.0,66379.81,66983.02,31,59,14350.0,87089.94,75287.0,6,83,48688.0,Y,114.96,current,M,60,LOW,16.0,4,488.0,1,4.0
8396,15874,13163.0,4038.0,6189.05,258.0,4426.95,11340.0,10505.0,3.0,37,82,1,2,1,360000,1,1,1.0,1,168265.55,3.0,50000.0,6916.0,333929.89,262395.0,46.0,2,59423.0,61041.5,52485.0,11,11,3900.0,158148.84,42192.0,14,83,25600.0,Y,22219.32,current,M,53,MEDIUM,26.400000000000002,5,710.0,1,10.0
8397,1149,213686.0,15609.0,10994.14,63573.94,10397.78,25403.0,772.88,7.0,77,82,24,5,2,74100,1,1,1.0,1,185669.2,992890.32,2644.0,-5715.49022999999,55925.25,37312.0,24.0,1,74616.0,4106.0,11682.0,4,12,23833.0,242016.6,58825.25,62,7,590000.0,Y,25263.16,current,M,30,MEDIUM,7.0,2,428.0,1,13.0
8398,19958,3910.0,11506.0,1781.9,10998.72,1426.0,28953.295,1885.0,25.0,3,17,2,8,64,371000,1,1,1.0,1,153410.0,169779.0,8060.0,8723.0,112342.2,46446.0,4.0,36,49470.0,13145.41,43627.0,3,2,29096.0,11182.14,51770.0,5,18,46560.0,Y,1006.67,current,M,46,MEDIUM,23.400000000000002,8,454.0,1,13.0
8399,11341,361.0,14752.68,1724.0,3067.0,8871.46,2738.275,1533.0,531.0,85,4,17,12,10,127500,1,1,1.0,1,5045.13,97000.0,68000.0,1500.0,89551.71,1054.0,18.0,1,170000.0,32594.16,187288.0,7,11,249900.0,110183.56,118910.0,40,0,53524.0,Y,1339.92,current,M,66,MEDIUM,32.2,10,801.0,1,17.0
8400,12394,4293.0,10713.07,7665.17,6350.25,13768.0,2145.0,11737.0,1.0,36,82,44,5,17,87000,1,1,1.0,1,384550.05,6.0,69493.0,-6885.0,2832.01,42128.0,4.0,1,25158.0,13809.94,27209.0,70,5,51622.0,138085.5,10218.0,6,7,30957.0,Y,1256.38,current,M,56,LOW,25.200000000000003,9,249.0,1,8.0
8401,8942,10733.0,3843.5,35227.0,3896.0,10575.06,23037.0,792.32,531.0,3,3,1,46,2,378000,1,1,1.0,1,1665.0,35000.0,51520.0,5730.0,81839.25,56988.0,10.0,11,25181.0,31135.82,73773.0,6,50,27646.1,27795.48,99477.5,93,27,107.0,Y,1210.4,current,M,27,MEDIUM,2.1,2,123.0,1,14.0
8402,15596,132128.0,12184.6,196.0,42489.78,263.0,2324.0,7868.0,4.0,10,46,50,15,42,25000,1,1,1.0,1,111.0,117890.0,3570.0,12299.0,50486.96,37095.0,35.0,19,90328.0,26537.26,34385.0,2,8,15370.0,39224.41,121940.0,2,100,633.0,Y,103340.59,current,M,120,LOW,40.0,8,626.0,1,10.0
8403,17365,21443.0,21081.0,276.25,2511.0,7986.4,6455.85,3154.1,24.0,3,38,2,36,98,195000,1,1,1.0,1,2014.8,267421.4,851.0,3897.0,66820.52,257.0,18.0,5,370.0,75841.6,192294.0,2,0,55000.0,55645.5,49530.0,22,38,3642.0,Y,942.21,current,M,29,LOW,9.0,7,858.0,1,4.0
8404,18446,342776.0,10371.81,2050.1,1677.0,2563.2,5563.2,12335.3,7.0,26,3,1,6,4,199999,1,1,1.0,1,604365.0,470000.0,300500.0,5340.0,40795.66,93244.0,7.0,13,20940.0,45667.35,88598.0,1,82,13535.0,62868.66,15548.0,7,103,21633.0,Y,4866.36,saving,M,46,MEDIUM,15.600000000000001,9,614.0,1,14.0
8405,7432,4386.0,5620.31,1916.9,897.92,2165.5,14327.0,411.0,2.0,77,27,4,15,80,483000,1,1,1.0,1,2002.36,143000.0,90525.0,2500.0,28696.77,40117.0,40.0,19,20027.0,23577.56,30510.0,3,2,43336.0,70615.83,25143.28,3,65,31281.0,Y,5567.28,current,M,28,MEDIUM,2.4000000000000004,8,516.0,0,12.0
8406,6911,2209.0,12678.4,1872.5,31402.35,713.84,20502.0,2366.1,12.0,77,19,3,1,2,191000,1,1,1.0,1,13849.4,280000.0,508.0,844.0,19494.39,61114.04,11.0,35,337.0,26986.63,73522.0,43,20,19013.0,162667.0,181399.05,9,8,101702.0,Y,5521.08,current,M,60,MEDIUM,12.0,4,647.0,1,7.0
8407,12462,6721.0,13187.69,3277.5,10446.0,329.0,5840.495,2826.13,26.0,10,6,4,9,34,98000,1,1,1.0,1,3638.25,251131.79,38599.0,2921.0,67444.88,23197.5,24.0,19,40615.0,108390.92,114129.0,70,29,27761.0,49398.0,91.73,3,18,3724.0,Y,1202.25,current,M,35,MEDIUM,12.0,10,614.0,1,7.0
8408,19439,1935.0,18879.96,297.0,6612.45,1726.0,5712.56,21605.0,44.0,128,47,15,25,17,575000,1,1,1.0,1,102.95,69370.0,5101.0,-4679.0,22022.24,59113.0,42.0,36,53549.0,74032.11,58559.0,2,14,66666.0,45522.0,133410.16,1,32,11214.0,Y,1987.97,current,M,30,MEDIUM,7.0,3,748.0,1,4.0
8409,11898,19365.0,2823.35,961.14,13382.52,8033.84,1277.0,3487.61,1.0,13,19,42,2,47,326000,1,1,1.0,1,144555.95,10767.53,14754.0,5464.0,572078.99,33267.0,69.0,19,17155.0,41727.98,100269.0,3,35,96243.0,32868.46,21288.0,5,24,9837.0,Y,1548.24,current,M,29,LOW,7.2,3,485.0,1,5.0
8410,15482,15275.0,53886.58,6942.0,104152.0,5287.3,21349.855,911.68,2.0,3,64,12,1,8,302000,1,1,1.0,1,12869465.0,184514.0,908.0,3735.0,10449.17,8818.0,4.0,36,35700.0,80676.01,68391.76,9,28,28656.0,49711.24,16964.0,11,10,28295.0,Y,4141.87,current,M,49,MEDIUM,11.600000000000001,3,965.0,0,19.0
8411,3474,3497.0,11927.36,1334.0,11123.03,1412.0,3051.75,7820.0,5.0,23,7,3,1,31,53000,1,1,1.0,1,81284.7,111000.0,54101.0,-5439.0,70663.31,37053.0,35.0,15,69308.0,25768.85,18198.0,2,82,22055.0,83930.75,365914.15,5,63,14676.0,Y,296.29,current,M,53,HIGH,26.400000000000002,9,511.0,1,4.0
8412,7611,17647.0,8395.53,29373.0,1354.0,9954.0,62888.77,1483.0,1.0,39,87,22,2,70,326250,1,1,1.0,1,825.0,43200.0,11379.0,-6885.0,17801.5,553352.69,57.0,19,38113.0,23236.0,52784.0,23,1,15483.0,58811.63,201495.0,7,32,22576.48,Y,255.62,current,M,37,HIGH,17.0,2,950.0,1,17.0
8413,18643,16208.0,1121.0,822.0,3314.0,14868.76,3799.0,35503.0,1.0,10,2,22,6,3,187000,1,1,1.0,1,31454.1,95658.0,678.0,2921.0,21941.6,37571.0,69.0,30,398897.0,49064.0,38646.96,2,50,38900.0,75000.66,17746.0,2,50,13281.0,Y,20728.05,current,M,33,LOW,1.3,3,883.0,1,7.0
8414,2426,10141.0,2612.1,9214.0,17198.3,3148.0,4769.0,2683.35,8.0,19,6,30,17,8,371000,1,1,1.0,1,510.6,28000.0,4458.0,-6281.37987999999,45030.85,54266.0,55.0,1,37297.0,12306.0,5870.0,2,75,68235.0,44042.38,54981.0,38,12,109400.0,Y,5864.65,current,M,66,HIGH,46.0,1,244.0,1,14.0
8415,15458,218436.0,10588.86,21997.5,28357.37,1139.0,5042.0,23629.3,44.0,26,70,4,1,1,350000,1,1,1.0,1,65977430.0,128314.74,24094.0,173.0,117864.02,42361.0,10.0,26,43046.0,89905.84,52609.0,2,171,22240.0,64601.36,32899.0,43,61,326.0,Y,11642.51,current,M,37,MEDIUM,15.3,4,269.0,0,6.0
8416,15290,813.0,18992.0,1055.28,4709.78,272.0,42184.64,434.4,7.0,9,67,24,9,1,232000,1,1,1.0,1,684495.7,1194405.5,16215.0,0.0,67683.35,111361.91,10.0,1,39133.0,258009.12,11203.25,2,20,35321.0,35378.79,122620.0,94,13,36974.0,Y,9748.37,saving,M,27,MEDIUM,1.4000000000000001,6,683.0,1,5.0
8417,19322,8178.0,7390.9,2724.8,42756.18,21614.8,5764.0,3593.8,10.0,128,11,48,1,2,411000,1,1,1.0,1,29424.37,6.0,49975.0,-4324.0,124312.0,54195.0,4.0,7,7700.0,20012.0,60210.17,2,81,16483.0,3629.88,31192.0,44,18,30218.0,Y,5084.65,current,M,33,MEDIUM,3.9000000000000004,8,554.0,0,3.0
8418,17352,34518.0,1796.44,11955.0,6132.03,686.0,19843.0,4207.0,8.0,1,50,8,16,54,100000,1,1,1.0,1,130319.0,1372927.14,639.0,5773.0,121427.65,20025.0,3.0,0,74499.0,19458.93,71831.0,2,21,16187.0,2122.0,84169.0,21,75,63642.0,Y,1040.5,current,M,60,LOW,20.0,10,799.0,1,10.0
8419,13277,14977.0,1751.0,1308.0,584.13,16205.74,1522.49,945.97,6.0,3,7,22,2,56,400000,1,1,1.0,1,5468.0,82907.34,51520.0,3735.0,116353.89,53757.0,52.0,0,25460.0,211231.0,128281.0,1,59,7760.0,121549.0,37553.79,43,11,729.0,Y,3683.82,current,F,27,MEDIUM,4.9,2,923.0,0,14.0
8420,5754,3644.0,10622.88,1288.25,1745.0,487.0,4009.0,492.0,53.0,9,30,2,1,54,293000,1,1,1.0,1,168265.55,82907.34,183999.0,2500.0,99829.58,17808.57,42.0,4,13451.0,102472.25,327787.56,1,108,38119.0,56415.91,105963.47,1,39,24800.0,Y,275809.92,current,M,56,MEDIUM,10.8,3,355.0,1,19.0
8421,5048,88998.0,25235.63,2817.8,1670.0,359.86,48587.135,1400.0,9.0,61,47,1,3,3,524000,1,1,1.0,1,76122.87,385218.7,73217.0,8362.0,21872.56,369074.15,29.0,2,83907.0,37084.4,15941.0,2,44,18544.0,202383.85,29864.0,7,7,61717.0,Y,1337.65,current,M,32,LOW,9.600000000000001,1,867.0,1,13.0
8422,15256,3092.0,43225.5,1532.06,5864.92,420.0,4165.52,1987.0,1.0,77,2,5,1,16,330000,1,1,1.0,1,78472.48,1475000.0,183999.0,19765.0,25122.21,46670.0,46.0,0,27592.0,44767.27,16099.0,5,81,56211.78,56260.1,40355.0,4,63,20472.0,Y,10328.79,current,F,58,MEDIUM,30.400000000000002,3,233.0,1,12.0
8423,19930,291978.0,3861.91,4630.01,1296.22,3947.0,1510.0,5150.0,2.0,601,67,20,6,80,49999,1,1,1.0,1,38362.5,64309.52,51520.0,12174.0,33207.0,83753.0,42.0,35,24733.0,92531.51,55778.0,2,29,62775.0,10916.62,24069.29,10,22,15377.0,Y,7060.08,current,M,33,LOW,10.4,2,708.0,1,20.0
8424,2409,19915.0,5138.97,6661.0,32034.97,5028.67,3199.0,5019.55,1.0,6,23,50,6,16,255000,1,1,1.0,1,328504.5,107692.0,3850.0,-4679.0,33652.44,37654.0,40.0,1,50368.94,29482.0,168219.0,6,29,11705.0,25677.52,91970.0,39,75,69892.0,Y,3348.67,current,M,37,MEDIUM,3.4000000000000004,1,974.0,1,3.0
8425,10360,15716.0,18284.0,231.0,5282.95,3717.0,1170.6,2555.3,15.0,71,60,39,4,79,375000,1,1,1.0,1,6494.4,229809.2,24094.0,0.0,15192.65,174573.0,52.0,1,15541.0,15381.0,35808.62,3,14,18257.0,70239.48,39673.0,18,63,16429.0,Y,273.48,current,M,42,LOW,15.4,2,464.0,0,4.0
8426,15600,14509.0,1098.31,16315.58,13403.72,44305.59,14008.695,27985.1,25.0,43,17,23,3,3,45000,1,1,1.0,1,41883.6,74599.9,6100.0,6885.0,272349.58,14145.0,16.0,9,25.0,84585.62,220503.0,2,12,151473.0,48822.22,126652.89,3,22,23359.0,Y,81.61,current,M,30,MEDIUM,5.0,5,274.0,1,12.0
8427,9186,8417.0,14312.37,795.56,11342.9,6781.03,5677.5,631.0,44.0,9,3,1,1,68,102000,1,1,1.0,1,9608.3,201000.0,14904.0,3897.0,73186.06,409.0,11.0,1,37076.0,16300.65,121269.0,2,20,5086.0,500196.0,113806.0,4,1,148304.0,Y,1749.29,current,F,35,LOW,4.5,1,945.0,0,5.0
8428,14651,19976.0,17115.1,80.0,3051.0,4796.85,1463.0,72627.0,26.0,77,30,48,36,6,472000,1,1,1.0,1,41361.3,159415.3,4699.0,8723.0,18135.34,85740.0,4.0,13,50093.0,24577.23,65904.0,4,25,7760.0,14185.0,56790.0,2,1,6138.0,Y,2674.92,current,M,35,MEDIUM,1.5,4,488.0,1,16.0
8429,10103,8602.0,11807.0,1078.0,522.0,9143.0,11188.0,1841.35,7.0,1,5,5,3,17,198000,1,1,1.0,1,977377.25,119898.8,73217.0,-3625.0,24475.38,33715.0,42.0,5,25732.0,51350.95,46037.66,3,12,41491.0,29648.86,127296.6,36,79,88095.3,Y,6518.53,current,M,32,MEDIUM,10.8,9,799.0,1,16.0
8430,17728,3277.0,60429.16,9277.44,4036.43,5519.0,5036.5,29897.32,26.0,16,4,1,16,1,232000,1,1,1.0,1,8043.25,210651.4,49975.0,3897.0,48881.4,136839.0,24.0,13,43743.0,87436.75,99718.0,1,46,52121.0,56509.19,19694.0,40,58,20133.0,Y,10238.21,current,M,28,MEDIUM,3.2,8,248.0,1,10.0
8431,4299,10681.0,95563.97,32402.0,1929.0,253.0,5145.62,7458.82,12.0,32,82,24,1,2,369000,1,1,1.0,1,168265.55,1187335.5,254000.0,1014.0,6762.25,3229.0,18.0,36,25024.25,25585.0,42708.0,2,12,18736.0,90288.8,17062.1,5,80,38369.0,Y,1.99,current,F,32,LOW,9.600000000000001,4,445.0,1,18.0
8432,15933,8721.0,1597.5,4882.5,137887.7,3876.0,963.0,6710.0,5.0,34,4,1,51,79,300000,1,1,1.0,1,15079.5,57479.0,3975.0,20513.0,161210.24,18983.0,11.0,0,11989.7,51577.9,85214.0,9,14,38848.0,44829.12,25726.0,6,12,75622.0,Y,9758.48,current,M,40,MEDIUM,6.0,4,755.0,1,17.0
8433,6628,288213.0,14836.0,33761.8,35191.72,1927.92,4752.29,3446.0,26.0,2,61,1,12,3,287000,1,1,1.0,1,18861.8,11982.0,5905.0,20513.0,34268.16,50536.0,11.0,30,34801.0,22858.53,17862.0,3,69,23948.0,39654.79,146021.0,8,50,57441.0,Y,164.13,current,M,64,LOW,8.8,2,325.0,1,3.0
8434,12769,11493.0,6133.0,11663.0,1493.85,3154.0,6519.34,17167.0,7.0,66,50,10,1,56,75000,1,1,1.0,1,5383.25,165000.0,711.0,9827.0,22064.67,23564.0,7.0,0,74953.0,28789.12,45611.0,17,29,22746.0,272286.65,14733.0,3,22,26970.27,Y,348.95,current,M,35,HIGH,1.5,5,354.0,0,12.0
8435,16224,9703.0,7390.02,17900.0,2630.0,897.59,5419.675,3384.41,9.0,1,135,1,2,3,199999,1,1,1.0,1,331.2,190887.4,5797.0,-6281.37987999999,59760.31,62525.0,79.0,3,308999.0,13378.0,40961.0,4,84,25555.0,122594.25,26868.0,47,15,20994.0,Y,4388.67,current,M,55,LOW,10.5,10,254.0,1,2.0
8436,13697,17908.0,83537.5,6661.0,4496.3,1149.93,2495.7,1164.0,19.0,37,67,1,1,4,225000,1,1,1.0,1,15079.5,84.32,25524.0,20324.0,15963.82,19405.0,35.0,3,65144.0,3333.74,15072.0,6,11,171370.0,111386.79,24254.0,19,63,31069.0,Y,13037.5,saving,M,37,MEDIUM,17.0,5,958.0,1,4.0
8437,5560,2790.0,3540.7,16839.45,5155.79,29664.0,5961.0,1275.0,6.0,9,72,24,51,98,27000,1,1,1.0,1,4120.0,308615.5,30011.0,12174.0,95044.0,116782.0,55.0,3,17116.0,43747.5,192493.0,5,9,11707.0,59315.9,47586.0,38,6,25571.0,Y,3569.45,current,M,53,MEDIUM,6.6000000000000005,5,355.0,0,19.0
8438,10893,137648.0,28184.66,3250.0,33382.0,3478.36,8157.0,525.0,12.0,11,7,10,48,17,44000,1,1,1.0,1,146931.8,992890.32,68000.0,0.0,20080.12,13157.75,20.0,1,33033.0,90551.02,61959.0,9,11,106409.0,51413.33,63644.18,8,24,22790.0,Y,8557.82,saving,M,33,MEDIUM,2.6,1,485.0,1,15.0
8439,16747,209055.0,18686.92,276.25,840.0,498.0,3678.0,25269.0,8.0,77,72,42,36,1,127500,1,1,1.0,1,3080625.0,19000.0,2644.0,3897.0,30059.25,22472.0,12.0,1,51518.0,66706.0,13459.0,11,20,18972.0,43638.33,121439.33,6,43,41508.0,Y,1.99,current,M,32,MEDIUM,1.2000000000000002,6,713.0,1,18.0
8440,19470,131566.0,9363.69,3822.0,3696.06,947.0,22455.905,936.0,67.0,46,3,60,31,9,240000,1,1,1.0,1,120781.35,200926.0,639.0,0.0,15213.92,149202.09,16.0,2,47468.0,39173.76,68607.17,3,8,25228.0,27940.77,7681.0,2,79,23619.0,Y,1442.54,current,M,36,LOW,9.600000000000001,6,867.0,1,10.0
8441,1803,8471.0,3423.85,14249.21,9147.97,1165.0,14016.43,981.0,4.0,42,32,11,23,67,293000,1,1,1.0,1,204.0,446457.0,19400.0,12965.0,29465.5,26019.0,10.0,4,49050.0,29003.08,81614.46,9,20,29096.0,37224.09,172761.0,5,27,37842.0,Y,5572.09,current,M,35,MEDIUM,10.5,4,957.0,1,7.0
8442,6830,10249.0,12295.4,3091.6,6345.0,2070.0,11458.5,11821.0,17.0,66,5,20,7,3,112000,1,1,1.0,1,298492.0,39833.19,14550.0,-5998.43994,30454.13,62637.0,68.0,3,30445.0,48991.52,56409.5,23,82,64733.0,136727.9,53154.51,6,107,21756.0,Y,17489.19,current,F,35,HIGH,10.5,9,233.0,0,5.0
8443,19781,10202.0,787.0,8670.65,1425.29,8925.0,1243.0,14433.0,8.0,39,89,1,2,34,256000,1,1,1.0,1,54860.05,1400000.0,96497.0,-5439.0,70345.25,65415.5,42.0,2,722000.0,36683.39,73823.0,9,5,16866.0,70238.65,112540.0,7,63,11903.0,Y,14191.09,current,M,30,MEDIUM,1.0,2,593.0,0,7.0
8444,17211,3411.0,14063.68,321.23,1023.0,2056.8,9547.0,2696.0,8.0,2,29,53,31,39,302000,1,1,1.0,1,34635.25,785115.94,2644.0,5730.0,67059.61,49571.5,18.0,4,24193.0,23463.56,100126.0,1,81,7103.0,41068.39,31471.65,7,80,34747.0,Y,5858.2,saving,M,33,MEDIUM,10.4,6,867.0,0,7.0
8445,5707,217429.0,18302.16,19348.0,20091.23,6090.8,5106.8,3472.0,6.0,77,67,1,3,39,395000,1,1,1.0,1,137260.8,96096.0,4198.0,8723.0,17835.19,31084.0,52.0,5,3112.0,24005.9,61985.0,12,8,25495.0,80461.34,109258.6,1,12,38898.0,Y,32868.59,current,M,27,MEDIUM,3.5,6,914.0,1,3.0
8446,16920,14166.0,18941.62,11709.44,3710.0,1297.84,1530.0,21927.62,44.0,16,59,3,37,11,556000,1,1,1.0,1,165907.57,470000.0,49975.0,1332.0,37896.13,15606.0,70.0,3,96267.0,12499.69,32255.5,3,8,77595.0,108519.9,16195.38,10,13,24635.0,Y,4580.27,current,M,66,LOW,13.8,5,647.0,1,15.0
8447,16842,342885.0,888.92,3690.13,7440.87,1803.0,777.4,1493.0,7.0,56,67,47,1,4,352000,1,1,1.0,1,5045.13,1382889.0,5540.0,12965.0,44463.25,377950.07,24.0,0,49801.0,4643.82,112641.14,5,7,77628.0,43783.27,10316.0,4,9,40447.0,Y,2251.39,current,M,53,MEDIUM,9.9,3,684.0,0,14.0
8448,2960,5243.0,4071.0,40718.42,58628.11,1295.0,3185.0,6166.0,7.0,1,13,3,51,34,574000,1,1,1.0,1,78472.48,14000.0,16004.0,3481.0,80229.29,112604.0,2.0,3,41324.0,16184.0,102218.0,3,81,13221.0,36161.0,269333.59,3,11,112450.0,Y,688.07,current,M,30,MEDIUM,7.0,9,802.0,1,4.0
8449,13306,48533.0,21826.77,5466.0,2066.79,5816.0,651.3,743.0,531.0,4,5,2,2,47,191000,1,1,1.0,1,2.13,6574.31,539.0,6885.0,18405.01,34689.0,46.0,7,77278.0,13057.55,24671.0,2,104,8879.0,84783.79,56857.0,3,76,15473.0,Y,1650.3,current,M,31,MEDIUM,4.4,9,445.0,1,14.0
8450,3163,85725.0,5551.0,1194.57,16830.65,4407.06,2779.305,139.0,7.0,9,7,47,3,10,326000,1,1,1.0,1,291969.2,470000.0,48950.0,-4679.0,4120.39,42539.0,11.0,0,36407.0,191577.0,30711.0,0,59,181071.0,121048.46,43269.0,5,39,197825.0,Y,11339.03,current,M,32,MEDIUM,7.2,3,537.0,1,4.0
8451,9146,216816.0,3105.165,5648.0,75545.65,3167.97,5106.8,2629.84,24.0,7,27,1,15,10,190000,1,1,1.0,1,46451.38,105000.0,57899.0,19765.0,46305.87,36983.0,11.0,11,45750.0,18529.0,294715.0,0,69,13416.0,402888.19,5131.0,47,67,20540.0,Y,8967.07,current,M,30,MEDIUM,4.0,4,723.0,0,2.0
8452,17936,8116.0,5225.0,4622.03,26285.66,33281.0,7176.26,842.0,10.0,83,117,48,3,5,523000,1,1,1.0,1,48624.7,93.35,30011.0,2921.0,94534.46,79136.0,11.0,2,18720.0,35911.6,30731.0,70,13,23107.0,153905.05,99955.0,9,13,30112.0,Y,25559.27,current,M,64,LOW,4.4,10,243.0,1,12.0
8453,10516,16270.0,48272.15,32616.39,7828.0,4906.0,4727.28,7779.0,57.0,66,50,7,7,56,17000,1,1,1.0,1,825.0,111000.0,20000.0,5773.0,61883.75,125308.0,5.0,0,78748.0,28950.5,94902.6,2,78,6573.0,184897.95,297.78,22,9,30837.0,Y,15141.26,current,M,34,LOW,7.0,2,799.0,1,6.0
8454,689,314431.0,12763.48,3602.82,78441.11,2354.25,32571.31,377.0,14.0,22,67,1,56,91,272000,1,1,1.0,1,4614669.901,93.35,16114.0,-5439.0,760611.45,27666.91,18.0,3,74485.0,39087.26,20628.0,6,1,207044.0,54059.05,20704.79,40,28,82438.0,Y,11710.23,current,M,34,MEDIUM,14.0,7,523.0,1,18.0
8455,12966,4588.0,11920.0,3892.0,19595.49,1808.0,4345.52,2741.0,8.0,10,19,2,1,26,59000,1,1,1.0,1,23669.0,382191.0,15654.0,173.0,65463.59,225115.91,9.0,1,25968.0,16097.11,46117.43,35,63,22017.0,24585.06,73762.25,13,13,130000.0,Y,5792.62,saving,M,30,MEDIUM,10.0,4,503.0,1,18.0
8456,13531,122756.0,9738.0,972.0,12433.5,288.0,31908.5,171.0,12.0,84,19,15,6,8,300000,1,1,1.0,1,83400.3,170989.0,8417.0,6916.0,5528.25,57328.0,16.0,3,35200.0,12572.6,535407.0,0,82,46688.0,167048.15,172091.29,94,38,39049.0,Y,350.32,current,F,30,LOW,3.0,1,823.0,1,18.0
8457,2689,11587.0,15076.0,9862.01,1733.5,13671.36,732.0,499.4,531.0,34,653,1,18,79,233000,1,1,1.0,1,127004.3,16000.0,4198.0,19453.0,24246.85,49163.0,62.0,7,51101.22,81555.77,54633.0,50,78,126063.0,123595.85,58825.25,21,24,28970.0,Y,1143.0,current,M,36,MEDIUM,16.0,7,575.0,1,4.0
8458,16430,110449.0,7042.81,9760.0,4427.63,12957.0,8876.5,925.34,19.0,34,1,53,25,1,28000,1,1,1.0,1,8758.2,355000.0,68000.0,2921.0,31454.36,120598.0,67.0,3,24889.0,142739.77,250.75,3,5,31408.0,3039.0,140014.0,3,58,265571.0,Y,4932.09,current,M,37,MEDIUM,17.0,2,299.0,0,3.0
8459,6278,10808.0,1526.52,1290.0,20788.83,6931.14,3139.0,1054.0,67.0,5,5,47,2,6,466000,1,1,1.0,1,1238.65,96096.0,15654.0,3897.0,372202.38,29228.0,68.0,2,38913.0,138064.81,44597.34,50,59,39652.0,304871.68,22638.0,4,37,14675.0,Y,6554.99,saving,F,53,LOW,29.700000000000003,10,684.0,0,14.0
8460,3413,15788.0,341866.0,1132.0,3511.62,1934.0,2630.08,10517.0,1.0,23,20,3,3,54,784000,1,1,1.0,1,233727.15,267421.4,925.0,6885.0,21969.43,44341.0,11.0,13,38419.0,63850.31,21534.37,3,21,12383.0,61737.12,129241.58,49,1,76031.0,Y,618.33,current,M,47,LOW,10.8,4,965.0,1,13.0
8461,819,16544.0,17452.52,1113.0,28387.92,249.0,3852.0,3060.0,1.0,84,23,3,1,1,125000,1,1,1.0,1,417.0,86000.0,13873.0,4795.0,69316.08,40854.71,4.0,3,36002.0,10378.0,11177.0,11,12,48141.0,6972.0,27052.0,2,79,22583.0,Y,1555.48,current,F,55,LOW,10.5,5,683.0,1,10.0
8462,16284,302011.0,7117.69,1224.0,45199.21,1332.85,805.3,3568.0,17.0,9,32,1,2,64,337000,1,1,1.0,1,5045.13,19000.0,5822.0,35346.0,325625.37,18025.0,18.0,3,53025.0,26158.89,21969.0,6,30,35818.0,8525.11,56790.0,1,38,30700.0,Y,3820.31,current,M,47,HIGH,8.1,1,737.0,1,4.0
8463,12162,2016.0,2262.01,580.0,22445.85,30673.12,16267.0,23629.3,10.0,23,16,1,2,17,401000,1,1,1.0,1,1539496.64,1030000.0,43798.0,12174.0,242696.77,65999.68,52.0,3,13464.0,41732.7,50578.0,10,14,1029.92,30107.0,439.0,58,12,550000.0,Y,19282.63,current,M,38,MEDIUM,5.4,10,247.0,1,18.0
8464,15023,17781.0,24688.52,3201.0,16178.0,6682.49,3772.42,1676.0,25.0,23,49,52,2,25,39000,1,1,1.0,1,9608.3,308615.5,1727.0,10210.0,82.25,15259.0,69.0,29,9390.0,78645.77,86138.0,1,171,202236.98,957751.27,20912.0,21,104,19794.0,Y,3851.03,current,M,46,MEDIUM,5.2,5,623.0,1,4.0
8465,11860,17682.0,16681.83,1712.14,912.0,2109.0,710.0,4982.0,8.0,22,4,1,5,34,124000,1,1,1.0,1,5467.3,385218.7,24619.0,7478.0,26943.0,35897.0,55.0,1,19110.0,53550.0,46154.0,1,20,1199.0,11861.91,47970.07,47,49,185979.0,Y,1711.53,current,F,222,LOW,80.80000000000001,10,684.0,1,4.0
8466,16984,15095.0,12700.0,758.0,10328.93,15838.92,100116.0,9294.0,2.0,71,35,1,2,55,371000,1,1,1.0,1,36122.87,165970.9,48500.0,-4664.0,19405.31,391310.0,52.0,4,49.0,22516.75,45831.0,7,59,21551.0,25383.25,21941.25,58,79,630.67,Y,43.07,current,M,33,LOW,5.2,6,355.0,0,7.0
8467,783,11055.0,36584.3,14851.0,15753.58,1243.0,27134.0,411.0,10.0,66,87,5,16,30,97000,1,1,1.0,1,5210.85,165970.9,1266.0,2921.0,168897.8,48007.0,94.0,2,34663.0,48470.06,27745.0,11,63,19703.0,91297.09,53010.0,8,124,53589.0,Y,3888.42,current,F,33,LOW,6.5,3,486.0,0,12.0
8468,7488,19664.0,1316.22,11955.0,2647.9,1836.65,28953.295,2304.0,18.0,29,71,8,2,47,199999,1,1,1.0,1,546565.5,680956.4,13873.0,6885.0,13236.85,3222.0,55.0,15,27825.0,104680.09,11186.0,43,82,35048.0,2633.19,4828.0,36,37,729.0,Y,1048.27,current,M,66,MEDIUM,13.8,1,485.0,0,6.0
8469,11648,4022.0,10635.7,24657.17,7453.91,3346.0,818.65,6117.0,59.0,10,5,47,17,5,403000,1,1,1.0,1,233727.15,5000000.0,2156.0,-5998.43994,35147.25,169754.8,2.0,26,20934.0,12669.0,235234.97,4,25,40552.0,10536.18,642.0,21,58,37234.0,Y,171.63,current,M,33,MEDIUM,7.800000000000001,3,887.0,0,2.0
8470,18073,300605.0,6944.54,2562.0,3760.75,3914.66,6729.84,6857.0,9.0,71,6,18,3,12,147000,1,1,1.0,1,825.0,119831.0,30000.0,8362.0,411.25,34816.0,11.0,1,35522.28,98489.0,45174.5,8,26,34786.0,38619.44,9581.0,43,40,17953.0,Y,7337.4,current,M,38,LOW,14.4,9,445.0,1,14.0
8471,9778,8921.0,12903.96,7184.0,1104.89,3671.16,372.1,29798.0,1.0,34,61,1,1,2,143000,1,1,1.0,1,9751.5,172131.0,5591.0,10210.0,39573.58,207971.0,0.0,1,36261.0,33457.01,74706.25,4,20,87106.0,11334.0,171.0,4,63,73291.96,Y,1202.59,current,M,31,LOW,7.7,3,684.0,0,6.0
8472,4734,93154.0,9251.0,8190.92,11140.0,12238.6,32213.495,937.95,1.0,23,46,1,38,47,138000,1,1,1.0,1,137260.8,1631.11,57899.0,553.0,22999.55,81631.91,42.0,5,16636.0,3978.0,30130.0,30,70,34589.0,25376.75,377141.0,3,79,17320.0,Y,143.75,saving,M,51,MEDIUM,18.6,6,450.0,1,10.0
8473,3315,15009.0,1140.0,12152.84,25767.38,436.0,76645.52,11432.0,4.0,16,87,2,1,13,130000,1,1,1.0,1,13668.25,32714.0,3570.0,5439.0,16233.36,2777.77,11.0,2,46454.54,60897.0,54182.0,5,5,35002.0,1597.26,5459.0,4,63,51280.0,Y,5250.53,current,M,51,MEDIUM,3.1,10,647.0,0,15.0
8474,11486,302.0,8867.5,13353.4,18768.06,6662.0,2743.0,3771.34,16.0,2,1,6,14,8,191000,1,1,1.0,1,4400.0,24703.0,5591.0,-4679.0,61477.48,22808.0,46.0,13,288663.0,33141.5,50014.0,1,27,20354.0,90588.9,74656.0,8,65,377905.0,Y,23029.76,current,M,53,MEDIUM,33.0,8,314.0,1,3.0
8475,5717,18914.0,8203.28,1533.68,3828.92,487.0,2759.0,2189.0,10.0,65,10,1,9,79,524000,1,1,1.0,1,1895.04,39833.19,51520.0,4856.0,44792.63,57895.0,22.0,26,16853.0,107775.19,74197.1,43,20,11288.0,37496.69,60443.0,12,65,109665.61,Y,9197.61,current,M,33,MEDIUM,10.4,8,823.0,1,11.0
8476,142,2062.0,15693.5,18434.63,11740.92,17378.0,2912.28,12825.4,26.0,128,4,2,62,11,505000,1,1,1.0,1,180615.02,172131.0,48374.0,0.0,136170.96,61544.0,90.0,4,39728.0,30728.42,73378.0,6,14,27132.0,55499.28,70602.0,10,38,3200.0,Y,4022.59,current,M,42,MEDIUM,8.8,10,658.0,0,8.0
8477,2154,19966.0,20733.0,10150.0,6599.1,20588.92,3742.0,2684.5,26.0,25,14,1,1,47,366000,1,1,1.0,1,61186.36,358480.64,787.0,-4664.0,2449.0,66116.0,46.0,2,36588.0,57701.13,19801.0,4,108,10931.0,10311.72,29959.0,4,49,336894.0,Y,1870.17,current,M,66,HIGH,9.200000000000001,6,911.0,1,10.0
8478,2328,4495.0,1362.0,937.15,7101.89,5934.98,20727.0,1982.0,3.0,5,653,3,51,79,480000,1,1,1.0,1,5215.0,3084.5,13873.0,6613.0,86877.73,36979.0,10.0,15,13600.0,75841.6,33869.0,2,13,41065.0,90601.74,6322.0,2,10,20331.0,Y,9887.32,saving,M,32,MEDIUM,9.600000000000001,1,486.0,0,9.0
8479,15215,11045.0,18912.02,3036.0,16937.48,5102.0,1486.52,2864.0,7.0,7,49,47,56,56,167000,1,1,1.0,1,76294.6,5350.0,2841.0,1992.0,25361.6,46795.0,16.0,5,15315.0,12098.11,65427.72,0,82,101174.0,26642.06,30313.0,36,52,27181.0,Y,141479.73,saving,M,64,MEDIUM,26.400000000000002,4,270.0,0,15.0
8480,3745,216909.0,13300.49,758.42,25200.89,1232.6,6002.85,52104.09,92.0,93,44,1,7,3,329000,1,1,1.0,1,961924.8,655638.0,48500.0,6916.0,556.0,24603.0,7.0,4,1049.0,7720.66,4216.0,0,49,28456.0,34502.03,144186.0,4,106,55571.63,Y,22282.3,current,M,33,MEDIUM,6.5,1,394.0,1,5.0
8481,19899,8697.0,3163.6,6062.0,10558.0,9519.88,17859.0,5346.72,1.0,9,74,25,8,11,408000,1,1,1.0,1,138129.4,26001.0,25000.0,1500.0,12124.0,60754.0,7.0,0,24970.0,80085.23,166411.0,23,20,17145.0,119078.28,47734.0,6,22,50913.0,Y,1262.12,current,M,37,LOW,3.4000000000000004,10,588.0,0,17.0
8482,11295,396627.0,27567.17,134.0,40498.45,2236.8,15941.665,1004.0,57.0,77,47,1,31,4,139999,1,1,1.0,1,1831780.84,470000.0,27809.0,7478.0,1235568.45,17808.57,16.0,2,23939.0,20328.52,7724.0,6,13,4816.0,7195.0,50515.69,4,12,35300.0,Y,609.61,current,M,47,MEDIUM,13.5,10,372.0,1,9.0
8483,874,11023.0,2963.19,6594.0,4270.0,1160.06,6943.0,11238.1,44.0,56,19,3,26,17,276000,1,1,1.0,1,39851.93,100934.0,25002.0,10210.0,17538.42,91893.0,32.0,5,54125.0,25868.55,102238.0,43,35,26200.0,2057.88,109429.75,13,14,31400.0,Y,2445.98,current,F,30,MEDIUM,5.0,8,269.0,1,7.0
8484,1625,13848.0,17165.0,3602.82,3488.81,2568.22,1452.0,11215.0,43.0,7,38,26,6,4,301000,1,1,1.0,1,165907.57,41.26,230000.0,10210.0,76792.02,34941.0,6.0,7,30512.0,26640.47,33095.0,45,5,67994.0,24356.0,74824.27,4,83,108060.0,Y,7644.63,saving,M,64,LOW,17.6,6,864.0,1,18.0
8485,4605,5138.0,22542.36,858.0,946.5,11800.54,3510.5,47644.0,44.0,26,72,57,36,81,358000,1,1,1.0,1,130319.0,545000.0,13533.0,1992.0,8500.0,26192.0,11.0,17,20056.0,27170.63,119654.59,3,14,163500.0,156104.28,17795.0,6,50,166970.0,Y,4598.38,current,M,28,MEDIUM,0.8,3,882.0,0,7.0
8486,10422,13110.0,61050.0,3253.0,35512.33,5435.92,4682.82,23315.26,46.0,46,29,3,1,1,44000,1,1,1.0,1,39853.9,470000.0,30071.0,886.0,72333.29,31462.0,22.0,2,16900.0,44128.82,60443.51,9,6,97033.0,139035.12,22503.0,13,38,34812.0,Y,7449.8,current,M,49,LOW,5.800000000000001,1,537.0,1,5.0
8487,4658,13472.0,1665.0,1010.08,4572.01,1174.0,4049.0,4505.0,4.0,36,6,48,60,44,519000,1,1,1.0,1,291969.2,167870.79,12016.0,17397.0,123135.25,76126.0,10.0,5,45875.0,17131.0,100126.0,2,16,1333.0,180418.51,2204.0,1,73,52519.0,Y,1343.75,current,F,27,MEDIUM,7.0,6,508.0,1,9.0
8488,5869,17831.0,45432.25,3461.59,4511.42,2113.85,735.94,4985.0,7.0,43,74,60,36,5,87000,1,1,1.0,1,39851.93,41.26,925.0,6916.0,65263.49,50048.0,29.0,7,65498.0,22049.39,43863.66,70,20,27231.0,15287.0,54983.0,2,6,13873.0,Y,5929.08,current,M,37,MEDIUM,8.5,10,945.0,1,5.0
8489,18348,10884.0,14566.75,6253.73,23284.88,1204.0,1518.63,21126.0,63.0,2,67,18,55,39,660000,1,1,1.0,1,168.75,96096.0,13533.0,5464.0,54396.5,153943.75,103.0,2,18960.0,28894.95,127736.0,23,82,29471.0,31417.36,35204.0,14,12,20554.0,Y,2355.35,current,M,32,MEDIUM,4.800000000000001,7,538.0,1,7.0
8490,2625,18160.0,12426.91,3753.0,46482.0,13856.24,6593.12,5378.0,3.0,601,6,8,2,4,100000,1,1,1.0,1,13279.75,110135.86,14754.0,6885.0,61592.85,411198.0,42.0,4,13317.0,204073.0,4404.0,0,20,97123.0,31766.33,176130.0,2,3,35591.0,Y,1505.11,saving,M,29,LOW,8.1,6,644.0,1,12.0
8491,17794,305409.0,7934.61,268.0,5003.48,29760.0,20681.5,4086.0,57.0,18,16,21,17,16,190000,1,1,1.0,1,474401.25,160498.0,300500.0,5341.0,49493.56,56011.5,52.0,3,44485.0,67045.88,218108.0,17,11,38323.0,86385.0,65416.0,4,63,38642.0,Y,1632.04,current,M,33,MEDIUM,2.6,9,249.0,1,7.0
8492,19957,5973.0,19896.0,11662.0,4026.86,10215.0,5594.62,2684.5,63.0,26,27,3,51,70,59000,1,1,1.0,1,4230125.0,278904.9,3975.0,20324.0,100015.25,56332.0,67.0,13,36370.0,324641.0,26062.0,2,59,14295.0,320600.25,46314.5,3,106,102309.0,Y,3161.02,current,M,44,MEDIUM,2.4000000000000004,2,249.0,1,12.0
8493,16572,288.0,2030.0,2929.29,28033.04,10105.72,4821.6,26595.0,6.0,4,18,2,21,3,256000,1,1,1.0,1,5004.0,93.35,8060.0,-5439.0,19504.75,62033.0,11.0,23,28550.0,9539.5,9730.0,6,20,93001.0,55843.0,19125.0,6,11,45280.0,Y,2335.07,saving,M,60,LOW,36.0,10,558.0,0,3.0
8494,9965,11452.0,5404.22,3892.0,43512.5,1412.89,13857.0,27335.12,4.0,8,74,3,36,6,50900,1,1,1.0,1,370776.0,390700.0,300500.0,-6281.37987999999,165986.22,427421.0,79.0,3,77803.5,32996.68,72986.5,2,20,15820.0,39781.82,29783.0,5,36,123.09,Y,12370.12,current,M,37,LOW,17.0,9,595.0,0,7.0
8495,13846,15252.0,2308.15,7717.0,3699.31,26607.0,951.3,25768.0,44.0,1,23,1,4,4,17000,1,1,1.0,1,67833.35,87578.0,5000.0,2921.0,151604.3,142220.0,18.0,35,61899.0,29839.75,29605.0,1,82,30214.0,37356.07,26268.93,11,103,122782.0,Y,3215.66,current,M,38,MEDIUM,14.4,5,486.0,1,3.0
8496,8959,139757.0,1583.92,5926.42,7756.48,3929.5,1437.0,4544.0,4.0,30,1,53,11,8,350000,1,1,1.0,1,2002.36,784499.0,4367.0,0.0,38625.75,19649.0,4.0,19,43117.0,9508.43,35817.0,3,77,83908.0,124359.13,61413.09,1,80,58242.0,Y,6096.08,current,F,36,MEDIUM,8.0,5,537.0,0,8.0
8497,12400,8746.0,48113.72,7223.0,20946.0,467.49,16617.915,9787.0,19.0,43,84,82,63,56,114000,1,1,1.0,1,101891.25,11772.76,130000.0,20324.0,10800.25,15868.0,29.0,1,201000.0,63070.78,37160.85,1,11,129500.0,30158.0,19032.0,42,35,24445.0,Y,20531.66,current,M,38,MEDIUM,9.0,7,633.0,1,2.0
8498,7634,14177.0,2246.54,8985.2,2212.0,6509.0,1530.0,5400.0,92.0,4,49,4,8,55,533000,1,1,1.0,1,89104.12,38928.0,583.0,1500.0,42553.27,56225.0,42.0,36,38330.0,80400.48,88768.35,43,13,65781.0,48354.85,8877.98,43,24,30430.0,Y,32868.59,current,M,36,MEDIUM,16.0,5,683.0,1,12.0
8499,17970,18146.0,2611.77,1974.0,7040.86,1310.59,2999.075,681.0,56.0,4,5,2,2,56,44000,1,1,1.0,1,42460.6091,633323.83,583.0,6885.0,33133.51,801391.67,29.0,0,68000.0,32014.25,41434.26,12,8,84402.0,231377.34,85194.0,5,1,63300.0,Y,351.35,current,M,33,MEDIUM,9.1,9,447.0,1,11.0
8500,9742,12263.0,6991.52,2288.87,7073.79,3471.0,18416.905,2282.0,7.0,10,50,39,3,47,35000,1,1,1.0,1,28482.5,90829.65,24619.0,4795.0,103736.01,43204.16,3.0,7,35514.0,46420.17,100972.0,16,108,20216.2,83512.24,43037.9,6,11,26645.0,Y,16302.29,current,M,47,MEDIUM,5.4,2,700.0,1,11.0
8501,2677,16724.0,2794.88,2817.8,23716.9,1016.0,29901.515,3877.0,10.0,84,50,24,31,62,150000,1,1,1.0,1,33784.35,108788.0,33330.0,1079.0,61883.75,15403.86,11.0,0,49248.0,33150.87,112331.24,8,81,31416.0,109739.82,53760.0,40,12,23862.0,Y,10005.1,current,M,42,MEDIUM,11.0,3,855.0,1,14.0
8502,7620,17218.0,3423.85,1128.0,4070.0,10154.0,9267.0,1402.0,8.0,77,135,3,11,16,172000,1,1,1.0,1,4731.1,19000.0,492.0,14509.0,51259.7,44714.49,46.0,2,28502.0,22449.59,17734.0,4,25,20689.0,20125.22,10974.0,11,133,67720.0,Y,360.81,saving,M,61,LOW,32.800000000000004,6,647.0,1,2.0
8503,18080,736.0,11306.0,2344.0,5190.5,1882.44,17561.81,52104.09,1.0,23,23,7,5,1,400000,1,1,1.0,1,14781.5,85058.0,54101.0,-12179.0,82071.0,396435.0,46.0,7,312000.0,61152.21,17894.0,1,81,82857.0,53869.4,22649.0,3,36,47261.0,Y,9160.41,current,F,42,LOW,2.2,7,454.0,0,7.0
8504,18051,6613.0,12502.56,4236.85,28604.09,124.31,21030.71,1961.32,12.0,99,50,2,1,42,300000,1,1,1.0,1,1581000.0,295150.9,25524.0,3323.0,50241.0,45271.0,46.0,3,169472.0,20874.54,88636.0,4,8,86253.0,29522.6,150479.0,1,104,16859.0,Y,826653.89,current,M,38,LOW,18.0,6,969.0,1,6.0
8505,11502,140027.0,23371.55,89.0,7359.0,3671.7,15335.27,5300.0,26.0,6,49,4,25,8,255000,1,1,1.0,1,270.0,879134.4,579.0,1954.0,1008.0,77071.0,50.0,1,26179.0,80095.35,17160.0,6,46,121989.0,9377.0,334876.0,8,80,28842.0,Y,1009.65,current,M,47,LOW,24.3,10,394.0,0,7.0
8506,16657,11937.0,16029.64,6129.78,8635.23,5961.0,28301.0,9928.8,8.0,30,44,8,55,37,423000,1,1,1.0,1,1910215.0,189246.0,30011.0,0.0,18090.16,122277.0,3.0,7,99318.0,136301.61,70094.0,31,13,129450.69,21497.77,66178.0,3,0,14715.0,Y,9095.71,current,M,47,MEDIUM,10.8,9,123.0,1,6.0
8507,19840,210590.0,22424.23,2453.0,4044.0,12978.38,3089.0,197.0,8.0,10,82,1,25,81,273000,1,1,1.0,1,167.5,2625.16,15756.0,24326.0,20756.5,16422.12,90.0,36,19624.0,103102.85,108601.0,5,21,10742.0,94266.58,113146.0,5,49,56800.0,Y,0.46,current,M,47,MEDIUM,8.1,4,355.0,1,14.0
8508,1703,6376.0,50126.0,4060.0,2829.95,1204.0,52409.0,492.0,63.0,36,105,1,2,17,34000,1,1,1.0,1,7636.41,16375.0,550.0,5464.0,89961.06,31956.6,4.0,11,28216.5,1109.41,227839.97,4,82,17454.0,297444.0,59969.48,5,50,35675.0,Y,1059.14,current,M,53,HIGH,33.0,6,249.0,1,6.0
8509,11695,307124.0,10206.55,1194.57,2182.07,9684.76,7977.25,4635.0,136.0,5,50,2,2,70,481000,1,1,1.0,1,15939.83,278360.16,5591.0,5340.0,18905.5,41704.5,18.0,2,23188.0,283542.0,36725.0,11,50,20151.0,96289.94,742.0,6,11,28427.0,Y,8759.92,current,M,37,MEDIUM,5.1000000000000005,3,575.0,0,5.0
8510,4936,19633.0,22183.25,1957.0,72253.47,8772.63,4498.7,3067.36,2.0,99,84,3,23,8,139999,1,1,1.0,1,328504.5,33668.0,610000.0,-3506.17993,14020.43,223963.0,1.0,1,137902.61,20328.52,37561.31,4,81,47866.0,38849.48,38219.05,16,15,34566.0,Y,1376.83,current,F,44,MEDIUM,16.8,4,883.0,1,7.0
8511,7630,397388.0,19433.64,18730.92,39175.48,1794.0,4143.82,10529.0,6.0,37,17,57,6,34,330000,1,1,1.0,1,345.6,8000.0,25524.0,12415.0,32053.13,23092.0,55.0,9,49801.0,80238.09,10028.06,42,12,18783.0,20588.22,30958.98,94,12,25142.0,Y,7248.76,saving,M,58,MEDIUM,3.8000000000000003,6,371.0,0,8.0
8512,2563,2711.0,3631.98,7370.02,9868.0,1585.0,36772.99,2784.7,1.0,43,67,1,37,13,187000,1,1,1.0,1,526.25,6574.31,3570.0,553.0,33096.48,37737.0,147.0,7,35711.0,15075.0,41959.37,9,11,13217.0,14180.5,19219.65,10,65,112.0,Y,6699.39,current,M,47,LOW,2.7,10,914.0,1,7.0
8513,15647,11258.0,2513.23,5489.44,1934.77,4286.0,76393.2,2240.0,57.0,2,7,39,1,2,127500,1,1,1.0,1,13180.0,77000.0,6100.0,-402.0,593299.76,43203.0,11.0,19,16593.0,40006.59,61250.0,2,23,10454.08,7285.06,41915.5,94,104,536.0,Y,9432.43,current,M,47,LOW,8.1,5,859.0,0,2.0
8514,10164,5244.0,13138.84,582.0,2450.0,574.0,4782.0,1172.0,56.0,10,53,24,5,54,524000,1,1,1.0,1,977377.25,184514.0,12000.0,-6335.0,168993.42,86960.0,90.0,5,21739.0,7327.02,48537.0,1,25,73710.0,39802.77,1001.0,3,32,37524.0,Y,1527.41,current,M,64,MEDIUM,17.6,5,713.0,0,9.0
8515,292,17180.0,6513.0,937.15,7762.67,2801.36,1860.63,17621.0,16.0,36,9,5,18,3,16000,1,1,1.0,1,41883.6,138475.4,68000.0,5350.0,54413.51,29548.0,5.0,2,34313.0,86715.09,101066.0,2,11,325128.0,60415.0,18794.44,16,50,3777.0,Y,13582.85,current,M,47,HIGH,2.7,1,809.0,1,19.0
8516,12297,8398.0,1388.5,33118.35,983.0,4783.08,12175.0,2826.13,9.0,13,50,1,3,44,397000,1,1,1.0,1,27078.09,12971.0,33774.0,12174.0,301746.09,95321.91,20.0,4,23278.0,130839.96,28786.0,8,31,136729.0,2489.0,160490.0,5,21,83658.0,Y,31.3,current,M,29,MEDIUM,8.1,6,958.0,1,18.0
8517,9813,2953.0,19595.17,10147.0,1283.5,5739.87,16157.9,786.0,2.0,66,53,50,1,9,510000,1,1,1.0,1,2533020.0,237365.38,22000.0,10455.0,3000.07,120569.38,55.0,2,20015.0,126706.75,61887.5,0,36,63344.0,162490.0,42484.54,7,0,21316.0,Y,1692.32,saving,F,36,MEDIUM,8.0,9,710.0,1,18.0
8518,1298,38363.0,6598.0,719.01,17857.83,5346.0,8876.5,462.0,136.0,83,87,1,25,47,192000,1,1,1.0,1,30895.44,202560.0,300500.0,5439.0,58407.9,100428.0,8.0,14,35000.0,51249.83,287376.0,3,5,6575.0,24239.88,202601.38,62,79,45863.0,Y,809610.48,saving,M,35,LOW,1.5,4,614.0,1,20.0
8519,5298,859.0,8994.92,1548.37,11312.06,2447.0,10376.0,2912.0,29.0,77,89,1,48,3,199999,1,1,1.0,1,94127.1,376694.91,1018.0,-4664.0,66820.52,64252.37,37.0,3,19421.0,25535.75,21734.0,3,20,131735.0,423.5,59014.75,36,32,8554.0,Y,15871.44,current,M,37,LOW,3.4000000000000004,9,809.0,0,13.0
8520,19850,395548.0,38391.75,189.0,44448.83,5463.0,18275.885,8150.0,4.0,77,35,4,62,1,379000,1,1,1.0,1,293418.75,375000.0,14904.0,-6301.0,21493.55,47230.78,69.0,0,21972.0,18315.83,10530.0,3,20,4981.0,11309.76,93746.25,12,52,24454.0,Y,16544.16,saving,M,50,MEDIUM,21.0,1,325.0,0,16.0
8521,18331,15131.0,6243.68,10102.08,21766.0,911223.49,7023.0,10792.56,4.0,10,67,3,12,1,75000,1,1,1.0,1,99984.83,200015.58,50000.0,0.0,260923.2,117378.0,52.0,1,32805.0,10478.28,44874.0,6,6,49511.0,63415.95,30470.0,11,21,75902.0,Y,4383.73,saving,M,37,LOW,17.0,2,574.0,1,5.0
8522,8373,15773.0,2878.67,12561.4,49359.04,118.0,5590.0,169.0,6.0,22,71,8,2,30,466000,1,1,1.0,1,137260.8,118976.0,6146.0,-4679.0,38545.86,24167.0,11.0,3,48719.0,106192.5,18471.0,3,12,20920.0,88136.0,1297.58,4,18,32342.0,Y,1070.35,current,M,30,LOW,7.0,8,855.0,1,11.0
8523,12323,1602.0,25797.08,10671.5,13718.62,15155.02,29819.59,4618.0,1.0,128,70,1,15,6,18000,1,1,1.0,1,9255.43,63173.17,130000.0,10210.0,54417.0,32664.0,46.0,36,64923.0,10132.0,65116.0,47,70,45713.0,84335.72,26330.07,12,49,10998.0,Y,5646.55,current,M,35,MEDIUM,7.5,8,686.0,0,13.0
8524,9191,289852.0,7158.0,6348.7,20507.62,5507.0,732.0,492.0,44.0,7,16,24,5,6,494000,1,1,1.0,1,11878.6,500358.79,891.0,1411.0,54904.43,96403.37,67.0,36,40544.0,35614.49,110897.0,2,20,17250.0,107523.73,27927.0,6,8,182542.0,Y,15417.36,current,M,53,MEDIUM,29.700000000000003,8,638.0,1,4.0
8525,249,831.0,11335.52,1306.0,36654.68,28373.0,30997.0,236.0,4.0,71,50,1,6,67,378000,1,1,1.0,1,4322.5,51000.0,54101.0,0.0,25784.35,91432.0,69.0,2,21006.0,97060.29,67555.0,43,84,21808.0,3514.79,19578.0,4,7,63282.0,Y,157.42,current,M,33,MEDIUM,7.800000000000001,8,505.0,1,10.0
8526,19426,138937.0,4672.61,6200.23,8327.55,11296.0,1689.0,696.0,10.0,99,13,2,15,42,352000,1,1,1.0,1,158135.2,229809.2,4699.0,-12179.0,38257.25,76126.0,11.0,3,50836.0,17413.26,93905.18,43,69,26.25,48088.92,37682.29,6,83,43316.0,Y,1514.08,current,M,47,MEDIUM,8.1,9,928.0,1,8.0
8527,17025,10763.0,4674.92,2250.0,13883.06,12109.0,10068.15,1618.72,24.0,14,10,22,38,44,164000,1,1,1.0,1,41883.6,143000.0,768.0,903.0,25043.5,46225.0,2.0,2,51816.0,24777.87,115175.0,10,108,98592.0,13763.0,5070.0,5,79,88090.0,Y,16545.28,current,M,64,LOW,17.6,8,331.0,1,17.0
8528,5416,1457.0,1247.02,2349.0,4682.93,8840.2,9561.52,4893.0,24.0,25,5,48,4,4,34000,1,1,1.0,1,684495.7,160498.0,3792.0,-4664.0,38249.56,35374.5,4.0,0,128278.7,42127.15,113354.97,1,25,87332.0,12190.7,66602.49,21,124,51867.0,Y,18043.25,current,M,32,MEDIUM,4.800000000000001,1,269.0,1,15.0
8529,9963,10975.0,10829.79,29373.0,20584.29,550.32,31908.5,2505.0,6.0,10,27,57,4,8,443000,1,1,1.0,1,140262.4,1244.14,12000.0,-4612.00977,1110.25,146817.0,32.0,15,15786.0,90409.36,191458.26,3,31,345438.78,19990.75,19690.5,21,49,11428.0,Y,3197.91,current,M,36,MEDIUM,12.8,8,656.0,1,6.0
8530,225,48.0,1860.86,4004.76,14088.0,690.48,26730.56,55623.0,7.0,23,16,5,5,81,255000,1,1,1.0,1,34249.0,429273.4,51520.0,1411.0,35124.0,34455.5,18.0,9,45874.0,12752.0,57225.0,35,2,16866.0,30357.34,223306.0,4,10,446.0,Y,1529.96,saving,M,32,MEDIUM,6.0,8,748.0,1,19.0
8531,17695,16859.0,2595.0,10913.0,3693.07,518.21,5718.09,1694.0,44.0,10,10,19,4,3,110000,1,1,1.0,1,2008232.55,784499.0,2019.0,-4679.0,38456.71,85935.0,24.0,4,40446.0,127190.75,29550.0,0,20,1352.0,3179.74,24505.78,36,61,15374.0,Y,2248.06,current,M,32,LOW,6.0,2,713.0,1,13.0
8532,19355,17504.0,83243.03,1111.08,55464.99,1491.0,5984.75,28845.23,44.0,9,35,22,60,70,326000,1,1,1.0,1,1831780.84,156215.3,4367.0,12965.0,19553.77,24016.0,77.0,23,27768.0,29805.2,378381.0,4,36,63450.0,60371.94,32572.0,6,79,31020.0,Y,4292.75,current,M,51,MEDIUM,21.700000000000003,5,614.0,1,18.0
8533,9231,7719.0,18183.22,2472.15,3191.56,8641.35,4225.375,4203.0,57.0,67,13,22,18,13,0,1,1,1.0,1,2216.0,165970.9,5797.0,20790.0,22283.25,74909.95,20.0,4,50639.8,29029.75,136536.57,6,63,52122.0,58560.78,113887.6,40,65,18280.5,Y,5216.0,current,M,34,MEDIUM,2.8000000000000003,5,299.0,1,16.0
8534,19775,18531.0,1542.0,6295.96,13888.1,6090.32,2026.64,11008.99,1.0,8,30,30,2,1,599000,1,1,1.0,1,47936.43,11000.0,230000.0,6916.0,124409.51,44643.77,90.0,4,79337.09,77829.98,85602.0,5,82,32851.0,26693.45,48469.0,117,83,22443.0,Y,946.22,current,M,32,LOW,6.0,2,448.0,1,6.0
8535,3598,296393.0,68098.79,6243.02,5270.8,453.6,70074.15,3531.0,10.0,10,59,5,1,47,518000,1,1,1.0,1,186189.0,2436.91,33774.0,1444.0,243291.91,499709.0,70.0,5,8019.0,54435.29,48619.05,45,20,41697.0,43452.73,19924.26,12,32,25449.0,Y,10018.72,saving,M,37,MEDIUM,8.5,10,394.0,1,4.0
8536,5031,10933.0,5823.99,106.0,3955.4,989.44,32959.115,11767.49,9.0,10,52,1,2,10,256000,1,1,1.0,1,20728.1,484729.69,300500.0,-4664.0,9271.25,74536.37,22.0,1,21686.0,30112.28,286788.0,9,2,74081.0,137912.22,4235.0,7,11,24739.0,Y,61361.22,current,M,28,LOW,4.800000000000001,5,245.0,1,7.0
8537,2998,333194.0,2819.04,8934.0,6886.89,3493.0,2721.55,1675.0,15.0,2,27,3,1,79,340000,1,1,1.0,1,253302.0,470000.0,130000.0,5340.0,84984.17,39905.17,62.0,30,115083.0,98391.3,114363.0,2,171,50565.0,12846.5,58764.26,12,14,24768.0,Y,1903.71,current,M,38,MEDIUM,5.4,10,351.0,0,14.0
8538,424,3093.0,9348.0,4046.85,25586.83,932.41,3581.6,2500.0,15.0,36,50,26,2,1,525000,1,1,1.0,1,4500.0,3084.5,711.0,-6281.37987999999,81046.79,96431.25,63.0,28,63581.73,10655.97,64438.79,3,8,9627.0,26728.0,142167.0,6,10,108060.0,Y,1262.12,current,M,37,LOW,13.600000000000001,1,233.0,1,14.0
8539,14242,1971.0,10525.57,3311.0,20883.14,11835.0,6562.0,6767.2,44.0,11,82,53,55,47,579000,1,1,1.0,1,1859872.2,470000.0,4895.0,173.0,30783.53,56011.5,55.0,4,17345.0,31715.5,70100.0,1,82,18922.0,32601.0,47551.0,5,68,56359.0,Y,0.0,current,M,40,LOW,4.0,3,464.0,1,9.0
8540,5761,11661.0,2440.685,11305.0,156472.17,1897.0,6876.75,828.04,4.0,9,49,7,1,3,16000,1,1,1.0,1,123295.4,93000.0,3975.0,171.0,128768.25,18745.0,103.0,4,65498.0,48185.16,12243.0,10,20,116645.0,97574.11,26451.0,3,18,36525.0,Y,19971.71,current,M,66,MEDIUM,9.200000000000001,9,805.0,1,6.0
8541,7113,6930.0,31883.74,5109.0,2471.75,1139.0,3526.67,4610.61,531.0,32,50,50,3,25,147000,1,1,1.0,1,668728.4,6.0,30011.0,691.0,150372.6,63588.0,4.0,3,18844.0,71598.32,14654.0,4,82,3125.0,139133.36,12767.59,3,113,37798.0,Y,4134.91,current,M,33,MEDIUM,2.6,8,866.0,1,6.0
8542,3238,8756.0,68054.0,1297.13,1238.28,6154.0,1117.5,1381.0,531.0,66,61,1,1,11,461000,1,1,1.0,1,593.2,110000.0,925.0,7478.0,33989.0,14666.0,50.0,5,31219.0,59796.6,15944.0,43,69,102500.0,25846.0,190969.35,62,18,60019.0,Y,204.98,current,M,220,MEDIUM,180.0,4,866.0,0,3.0
8543,5595,343071.0,9746.83,2173.0,839.0,9508.7,2759.0,5606.52,4.0,99,27,10,7,34,272000,1,1,1.0,1,120781.35,278360.16,1018.0,1444.0,46312.16,76698.0,42.0,31,77627.0,35477.38,201750.0,50,69,9447.0,22138.0,7321.0,2,42,580.0,Y,5503.63,current,F,40,LOW,14.0,3,684.0,1,16.0
8544,6794,18476.0,12821.2,9836.0,39344.03,5617.0,15181.735,1176.0,101.0,42,67,3,24,1,340000,1,1,1.0,1,1865892.0,201000.0,925.0,-3506.17993,21090.0,37448.0,35.0,1,26070.0,23466.42,132339.0,3,25,251364.0,107871.25,2965.0,12,18,37078.0,Y,918.15,current,M,33,LOW,1.3,8,299.0,1,14.0
8545,5027,2231.0,10782.0,3892.0,4402.0,3257.22,9146.1,9812.0,5.0,18,87,4,55,47,202500,1,1,1.0,1,98062.5,11897.0,500000.0,553.0,165363.2,44998.0,5.0,5,46476.0,24103.38,239180.0,0,24,50172.95,9580.87,20898.0,3,54,16436.0,Y,3164.34,current,M,37,HIGH,15.3,4,535.0,1,8.0
8546,18675,319065.0,23248.25,3552.5,7121.735,484.0,14923.05,1061.0,24.0,13,47,15,2,1,272000,1,1,1.0,1,51291.45,10701.0,13533.0,-5998.43994,45027.25,37150.0,4.0,7,20214.0,42860.32,5263.0,4,12,68170.0,106623.5,115749.0,5,38,50511.0,Y,776.91,current,M,28,MEDIUM,1.6,5,683.0,1,3.0
8547,14055,12283.0,1656.0,17761.0,3231.44,22946.87,518.0,501.0,6.0,46,3,5,1,79,448000,1,1,1.0,1,229435.05,253000.0,13873.0,5464.0,21675.5,13524.0,4.0,3,14609.0,36991.0,26895.85,6,50,132241.0,34355.91,57997.0,14,9,49545.0,Y,4224.93,current,M,55,MEDIUM,3.5,3,805.0,0,4.0
8548,5894,217311.0,15588.37,17273.26,4257.38,3043.73,16285.0,2647.42,531.0,44,7,1,2,55,287000,1,1,1.0,1,33784.35,53749.0,23032.0,2337.0,69813.2,130707.0,42.0,36,24153.0,82356.0,153808.0,2,11,172.14,119079.36,16774.0,10,9,12115.0,Y,2295.55,current,M,34,LOW,12.600000000000001,7,863.0,1,20.0
8549,19486,6297.0,3532.0,6200.23,86756.4,8682.0,895.0,947.0,531.0,85,6,5,1,30,87000,1,1,1.0,1,1539496.64,234459.4,639.0,3421.0,204001.0,31282.0,94.0,36,47117.0,315799.0,52029.86,7,20,43986.0,30800.0,104379.0,10,40,611762.0,Y,1019.34,current,F,47,HIGH,18.900000000000002,9,799.0,0,8.0
8550,2357,21830.0,44664.0,5444.54,8379.0,1800.1,7492.695,492.0,44.0,23,110,50,1,70,408000,1,1,1.0,1,21745.0,71256.0,33330.0,-4679.0,29661.0,33074.0,95.0,3,33273.0,41904.76,71146.0,11,49,33030.08,29206.17,32503.59,21,14,27325.0,Y,31318.49,saving,M,47,MEDIUM,27.0,10,269.0,0,11.0
8551,6080,4873.0,12020.07,2164.94,7847.85,690.48,16980.415,2125.53,10.0,18,50,18,55,3,453000,1,1,1.0,1,21745.0,157624.24,25524.0,173.0,42638.22,18902.0,39.0,36,2235.0,41594.09,218187.0,5,31,36800.0,115196.17,37341.0,117,1,22635.0,Y,7023.02,current,M,39,MEDIUM,11.4,2,799.0,1,18.0
8552,7192,18740.0,7852.0,12880.0,4786.0,364.0,6455.965,2229.5,50.0,83,23,5,4,56,523000,1,1,1.0,1,9624.6,399.09,1526.0,4856.0,37588.48,14383.0,18.0,0,51708.75,159132.91,110143.0,1,12,11397.0,161751.41,302925.16,41,26,27482.0,Y,8060.65,current,M,50,MEDIUM,30.0,2,261.0,1,5.0
8553,19662,19734.0,1891.58,4754.99,2479.19,3649.0,10362.0,3253.0,104.0,1,5,25,2,58,52000,1,1,1.0,1,50040.0,237365.38,24619.0,5464.0,29466.25,43132.92,18.0,2,40270.0,33826.83,338101.0,6,14,44838.0,1756749.09,23705.0,4,7,140817.1,Y,157951.88,current,M,27,LOW,6.300000000000001,7,883.0,1,18.0
8554,16177,17009.0,8279.0,2224.0,57206.28,213.26,902.28,1247.43,44.0,18,69,11,4,62,403000,1,1,1.0,1,4110.0,370000.0,30071.0,35346.0,30792.0,97561.89,18.0,19,13025.0,71473.0,6952.0,4,20,33952.0,58428.68,40897.5,47,42,49989.96,Y,25326.33,current,M,33,MEDIUM,7.800000000000001,10,686.0,1,12.0
8555,6342,9737.0,11792.0,701.0,453.5,2165.7,3519.405,15066.0,6.0,4,46,2,1,1,341000,1,1,1.0,1,1539496.64,8000.0,1526.0,1500.0,30020.52,44058.0,103.0,5,393490.0,24463.28,57075.0,1,40,14722.0,24678.0,217167.0,6,11,27967.0,Y,2437.43,current,M,37,MEDIUM,8.5,8,372.0,1,20.0
8556,6601,12076.0,9833.65,36242.82,23144.0,1384.98,3179.955,3899.0,92.0,43,72,15,2,54,329000,1,1,1.0,1,7089.7,66.0,925.0,2337.0,95961.18,125045.0,4.0,4,13493.0,67390.73,36884.8,45,5,163384.0,28634.0,28159.0,3,63,26179.0,Y,15275.08,current,M,32,MEDIUM,2.4000000000000004,6,855.0,0,7.0
8557,17274,1167.0,4785.0,3986.0,2326.78,8980.91,2964.5,2475.04,136.0,34,67,2,25,2,199999,1,1,1.0,1,4039029.9,200926.0,18389.0,-4664.0,79503.0,49413.0,42.0,3,26438.0,26797.45,14938.0,5,171,74448.0,8892.2,11203.0,4,83,14065.0,Y,3059.32,current,M,33,MEDIUM,9.1,5,516.0,1,7.0
8558,6499,15984.0,6363.65,12152.84,587.0,3050.9,7399.0,20169.3,6.0,10,72,6,1,4,157000,1,1,1.0,1,1234298.9,234459.4,12611.0,20513.0,68911.86,30486.0,8.0,1,17527.0,58051.83,85619.0,3,14,24897.0,28097.45,247064.0,5,63,116529.0,Y,5200.29,current,M,35,LOW,9.0,9,643.0,1,4.0
8559,4379,183011.0,94758.81,1070.84,2020.2,2162.76,1526.445,8703.0,44.0,67,4,42,31,7,480000,1,1,1.0,1,47024.8,52991.0,639.0,2351.0,22631.0,181608.0,11.0,4,89303.0,4158.75,456626.0,2,12,65538.0,33090.79,118284.0,3,38,28437.0,Y,6441.44,saving,M,28,MEDIUM,3.2,8,508.0,1,7.0
8560,6759,126258.0,2689.2,10720.0,3429.92,2162.76,28437.15,3028.44,10.0,3,4,24,2,12,68250,1,1,1.0,1,1215.0,22400.0,12016.0,-12179.0,7228.53,53614.0,63.0,23,79029.0,19991.76,2715.0,2,27,47709.0,22404.95,51713.0,3,50,60164.0,Y,3931.86,current,M,34,MEDIUM,2.8000000000000003,3,686.0,0,3.0
8561,5709,12664.0,3596.0,1673.06,4582.0,4062.6,6959.0,1715.23,12.0,1,29,3,4,42,391000,1,1,1.0,1,3299447.136,201000.0,1727.0,2000.0,603266.23,12101.0,42.0,2,181272.0,44479.01,37129.0,0,50,34383.0,30131.79,74335.0,22,24,21579.98,Y,727.33,current,M,223,LOW,182.70000000000002,3,268.0,1,6.0
8562,8189,7455.0,17045.0,1446.01,5795.35,2313.17,8990.62,1176.0,12.0,47,9,15,2,4,50900,1,1,1.0,1,18418.85,180000.0,3792.0,-4679.0,19254.34,48172.0,103.0,4,30941.0,22422.49,63695.0,31,20,19600.0,29413.78,30733.0,6,65,16444.0,Y,54.38,current,M,37,LOW,5.1000000000000005,4,464.0,1,5.0
8563,12756,321477.0,6484.98,950.0,15290.52,1243.0,7892.0,7779.0,2.0,9,64,7,14,47,136000,1,1,1.0,1,593.2,15000.0,655.0,-6301.0,123635.24,54179.0,11.0,7,34183.0,53695.62,52480.0,42,50,20949.0,45155.68,58408.0,2,7,27193.0,Y,1760.78,current,M,30,HIGH,8.0,4,123.0,1,2.0
8564,9567,1832.0,13400.0,9277.44,2089.28,2053.0,14478.0,2756.02,1.0,7,53,3,1,70,518000,1,1,1.0,1,140291.6,152391.0,33774.0,5773.0,38635.06,116876.97,36.0,7,27416.0,10892.75,112404.5,31,29,124950.0,32428.0,42984.72,3,6,23454.0,Y,4444.83,current,M,55,HIGH,35.0,10,945.0,1,2.0
8565,2853,19733.0,18422.99,16339.0,21397.88,3666.67,4758.625,1361.1,2.0,10,2,3,38,79,326000,1,1,1.0,1,12057.2,82907.34,4198.0,-5715.49022999999,18253.65,28256.0,2.0,2,72879.6,143105.74,275.74,3,14,33898.0,27297.75,27353.5,4,63,162271.0,Y,2605.91,current,M,33,MEDIUM,10.4,6,799.0,1,3.0
8566,13808,142286.0,3800.67,865.0,14153.57,6648.14,24384.465,7597.0,4.0,18,5,25,1,7,406000,1,1,1.0,1,871.5,110135.86,69493.0,-5998.43994,76784.77,63187.0,7.0,19,32116.0,45046.41,12886.0,1,6,19792.0,41708.36,82915.0,22,58,497000.0,Y,1861.83,saving,M,47,MEDIUM,5.4,5,658.0,1,6.0
8567,11175,9449.0,5736.04,4735.61,1808.5,5478.56,8979.5,7854.0,8.0,2,23,30,25,47,426000,1,1,1.0,1,10562.45,350000.0,30000.0,-4664.0,30874.0,68781.06,9.0,35,41078.0,66706.0,11777.0,2,12,64663.0,40331.0,50269.25,3,79,30172.0,Y,3756.67,current,F,60,LOW,36.0,10,525.0,1,16.0
8568,124,744.0,57144.1,11805.26,3712.12,974.0,1995.03,284.0,7.0,43,60,1,9,54,568000,1,1,1.0,1,158135.2,35000.0,43908.0,26601.0,177148.98,63069.0,4.0,36,14908.0,47736.73,58558.0,2,5,24906.0,911.0,1415.0,7,83,50000.0,Y,1112.62,current,M,33,MEDIUM,9.1,8,516.0,0,14.0
8569,2188,7872.0,316.0,2998.9,5731.06,1871.0,11022.58,223.0,5.0,9,38,60,5,42,395000,1,1,1.0,1,0.35,16583.84,230000.0,6885.0,27684.41,419055.81,10.0,2,14675.0,45606.44,33105.57,1,82,1333.0,180418.51,238755.16,58,15,34375.0,Y,185.53,current,M,29,LOW,3.6,5,508.0,1,15.0
8570,12104,5548.0,34407.85,6170.82,1885.92,15250.81,15383.135,31666.54,136.0,10,5,82,14,8,120500,1,1,1.0,1,8256.6,895000.0,33774.0,5464.0,18467.12,103680.15,52.0,7,170000.0,34630.29,227839.97,4,171,50611.0,57379.62,1213796.0,4,12,38313.0,Y,1360.05,saving,M,42,HIGH,2.2,6,516.0,1,6.0
8571,15244,315228.0,31492.04,2163.6,26975.19,11847.0,14478.0,17570.22,9.0,1,20,50,2,8,147000,1,1,1.0,1,6440.0,330001.0,1526.0,1465.0,30999.0,29877.0,35.0,3,22103.0,38072.25,44375.5,6,23,18864.0,146953.3,66262.0,2,11,17075.0,Y,64612.41,saving,M,32,LOW,10.8,5,866.0,0,11.0
8572,8705,17384.0,6138.19,12152.84,67928.56,4477.18,22865.85,4514.0,44.0,10,47,45,6,4,408000,1,1,1.0,1,6440.0,66.0,798.0,3735.0,43674.25,24752.0,39.0,19,30118.0,42321.23,22700.97,2,5,4750.0,113915.03,187468.0,21,38,23907.0,Y,13145.4,current,M,33,LOW,6.5,6,296.0,1,20.0
8573,15106,136345.0,25167.54,929.0,5366.4,23568.58,21417.0,4776.42,6.0,9,20,1,1,4,53000,1,1,1.0,1,4140.0,75000.0,16215.0,3735.0,118780.72,41736.1,4.0,7,34378.0,18110.12,21181.0,1,34,83255.0,270593.65,107756.76,1,12,13215.0,Y,23386.33,current,M,47,MEDIUM,16.2,2,708.0,0,18.0
8574,3807,7866.0,50853.52,6359.0,13395.22,2225.0,5877.2,3092.0,12.0,43,3,18,25,11,190000,1,1,1.0,1,298492.0,267421.4,8417.0,8723.0,19638.0,30034.0,91.0,26,81119.75,34952.75,119671.0,2,6,34650.0,96637.62,33363.0,4,18,45418.0,Y,409278.34,current,F,221,LOW,100.5,6,863.0,1,5.0
8575,5240,8957.0,8802.5,6698.01,13888.1,13488.85,7766.9,2136.89,17.0,10,4,22,14,9,68000,1,1,1.0,1,160.2,992890.32,492.0,6409.0,22334.66,17049.0,11.0,33,20346.0,11463.1,15491.0,50,42,656636.0,36411.39,140550.0,3,58,135412.0,Y,3163.88,saving,M,27,MEDIUM,6.300000000000001,7,710.0,0,6.0
8576,15241,138713.0,1806.0,1543.5,12609.49,2039.44,1500.0,3455.5,124.0,29,19,2,3,39,319000,1,1,1.0,1,27316.5,64491.0,25508.0,5773.0,105667.43,23335.0,4.0,17,21258.0,53660.21,106780.0,4,171,32847.26,53360.43,162805.0,6,63,30139.0,Y,1244.37,saving,F,35,MEDIUM,6.0,8,233.0,1,12.0
8577,671,15357.0,997.0,21449.81,17188.18,570.66,5226.2,15729.0,14.0,3,10,1,55,39,575000,1,1,1.0,1,115.45,409168.15,30011.0,-5998.43994,31903.88,150823.0,42.0,13,38368.0,314516.32,30285.5,5,20,81500.0,82501.26,42190.0,2,1,37514.0,Y,460.87,current,M,55,MEDIUM,3.5,8,270.0,0,17.0
8578,16245,28398.0,1965.0,28063.86,1713.0,1434.0,56737.07,1548.67,7.0,71,10,42,56,2,252000,1,1,1.0,1,1831780.84,257406.7,583.0,1992.0,8787.0,534550.0,35.0,4,21846.0,15041.5,66087.22,0,25,29375.0,53991.49,998.0,2,133,21434.0,Y,2529.39,current,M,29,MEDIUM,3.6,1,647.0,1,4.0
8579,18306,10920.0,39298.0,4345.52,16980.39,6438.89,10866.275,29748.06,6.0,10,5,18,5,75,400000,1,1,1.0,1,99984.83,116533.0,25639.0,1014.0,29142.16,22376.58,63.0,1,40018.0,15297.88,44700.5,6,7,30900.0,41628.56,16563.0,2,50,13641.0,Y,6208.01,current,F,66,MEDIUM,32.2,3,445.0,1,15.0
8580,18104,9352.0,3527.54,9086.56,15573.1,5706.0,302751.41,2738.0,136.0,66,72,4,2,13,232000,1,1,1.0,1,39851.93,22400.0,33950.0,-5942.0,45072.86,28651.0,39.0,31,29583.0,28306.32,148611.0,1,59,870.0,37498.0,66331.0,117,68,88095.3,Y,16626.28,current,M,34,LOW,14.0,10,385.0,0,7.0
8581,19364,8003.0,1919.21,25924.03,3394.49,13265.7,4014.0,6504.0,67.0,23,44,3,16,3,650000,1,1,1.0,1,199690.5,110175.0,583.0,14509.0,75212.9,13624.5,147.0,29,106368.0,15858.5,10999.0,9,7,19404.0,31530.7,73903.14,2,106,20428.0,Y,47916.07,current,M,47,MEDIUM,10.8,10,866.0,1,9.0
8582,6673,176853.0,8620.345,17590.0,14352.0,1594.0,379.48,3067.36,2.0,77,59,10,56,2,255000,1,1,1.0,1,213557.15,138732.3,183999.0,12174.0,123391.75,22445.0,8.0,0,36029.0,91592.0,50207.0,3,89,22628.0,33307.0,65075.0,36,0,22425.0,Y,1054.42,current,M,27,MEDIUM,5.6000000000000005,10,743.0,1,15.0
8583,14114,6522.0,5538.39,5232.45,2666.54,2561.0,8624.0,1939.0,20.0,18,59,2,21,12,67000,1,1,1.0,1,1727970.9,117890.0,26241.0,1500.0,31340.25,1074612.0,46.0,23,44100.0,29640.58,58118.0,0,12,29988.0,40012.75,131734.0,21,63,41121.0,Y,3045.41,current,M,27,LOW,0.7000000000000001,6,685.0,1,18.0
8584,854,6414.0,3159.62,15086.0,3550.17,4592.62,993.04,12134.27,24.0,1,23,1,31,47,167000,1,1,1.0,1,309795.13,7216.53,2644.0,8572.0,31869.25,37832.0,42.0,43,14978.0,59379.05,15052.0,3,5,12412.0,37831.85,90973.38,14,3,30298.0,Y,5642.53,saving,F,66,MEDIUM,46.0,7,623.0,0,10.0
8585,3995,309042.0,5474.0,15524.19,8844.0,1914.74,5298.49,197.0,124.0,16,9,2,44,3,167000,1,1,1.0,1,10008.0,138475.4,28985.0,6916.0,24170.75,90759.0,62.0,1,23937.0,36733.75,106800.0,31,21,18017.0,37442.7,148383.16,3,79,156363.0,Y,29939.65,current,M,34,MEDIUM,4.2,5,488.0,0,12.0
8586,12820,17389.0,43310.0,13494.0,481.0,2131.0,9818.33,3184.0,43.0,1,13,2,3,79,350000,1,1,1.0,1,116.0,150000.0,3975.0,-6301.0,31823.12,108028.0,90.0,1,19317.0,43172.27,171192.0,2,63,18528.0,41960.75,34348.0,5,32,65996.0,Y,4585.52,current,M,64,HIGH,30.8,4,331.0,1,10.0
8587,12974,8596.0,40362.0,2277.79,15310.76,211.73,9920.0,1248.0,20.0,81,38,1,2,13,329000,1,1,1.0,1,33784.35,482147.0,1209.0,5340.0,84597.92,74242.68,11.0,36,52472.0,306402.27,9591.34,9,24,35037.0,29659.68,30733.0,7,24,46116.0,Y,2263.83,saving,M,35,LOW,10.5,1,638.0,0,12.0
8588,6339,12402.0,36337.33,736.0,7817.2,3167.97,3435.655,722.74,92.0,50,64,42,4,6,67000,1,1,1.0,1,21220.0,138475.4,105000.0,3481.0,221642.56,336094.0,11.0,2,36349.29,61041.5,42213.0,0,20,11900.0,126995.79,132696.83,3,24,34801.0,Y,940.72,current,M,53,MEDIUM,16.5,5,248.0,1,18.0
8589,6267,17853.0,1041.96,261.0,12817.84,1538.4,6217.0,14238.43,52.0,99,13,4,1,9,147000,1,1,1.0,1,153410.0,82907.34,492.0,35346.0,81035.43,33492.4,8.0,6,94312.0,77701.82,18537.0,3,13,76085.0,227858.69,13381.0,7,50,68000.0,Y,9367.03,current,M,34,LOW,11.200000000000001,5,448.0,1,6.0
8590,3926,20152.0,10837.5,665.18,7482.68,897.59,38125.135,4684.13,43.0,10,49,48,5,1,466000,1,1,1.0,1,1641785.0,267421.4,1727.0,20324.0,93668.15,135771.0,42.0,1,20078.0,474292.08,2773.0,2,108,40012.0,44857.9,26010.29,36,58,55995.16,Y,13908.12,current,F,34,MEDIUM,8.4,6,254.0,1,17.0
8591,13871,8792.0,3903.76,941.72,2782.0,4031.0,5561.125,11008.99,9.0,1,3,8,21,10,298000,1,1,1.0,1,153935.02,12971.0,68000.0,2921.0,59374.88,23117.0,7.0,1,30876.0,56514.0,43850.0,3,81,24301.0,662186.48,179195.0,6,18,25592.0,Y,3059.32,current,M,58,MEDIUM,3.8000000000000003,3,886.0,1,3.0
8592,14350,101214.0,10860.7,1784.25,10037.67,3187.8,13721.0,11432.0,9.0,22,50,4,12,1,366000,1,1,1.0,1,45463.0,22400.0,24094.0,-5998.43994,31596.0,35439.0,63.0,30,38311.0,52482.52,34724.0,9,17,33724.0,12886.97,31307.5,9,49,169712.95,Y,6059.42,current,M,42,LOW,15.4,1,966.0,1,19.0
8593,19318,19044.0,12193.0,2197.7,9294.86,278.44,4087.0,1247.43,6.0,1,16,41,2,6,28000,1,1,1.0,1,39851.93,68663.61,1727.0,-12179.0,36579.75,22421.0,10.0,3,140250.0,107345.09,88287.0,43,12,55032.0,771.0,45285.18,3,18,30946.0,Y,5322.11,current,M,66,LOW,32.2,2,626.0,0,2.0
8594,11395,9135.0,13912.99,152099.0,6226.69,3366.0,7657.0,4919.0,1.0,3,64,20,1,8,87000,1,1,1.0,1,39851.93,88482.8,11580.0,1332.0,5584.77,471767.49,5.0,4,47964.0,24577.23,151701.74,43,7,195281.0,8662.9,133410.16,3,100,79464.0,Y,1717.97,current,M,50,LOW,27.0,9,245.0,1,11.0
8595,16951,16965.0,19308.2,24657.17,204.0,3100.0,993.04,2761.0,2.0,20,2,11,5,42,533000,1,1,1.0,1,196885.0,76157.6,30011.0,1500.0,38435.0,90204.0,36.0,30,41596.25,15144.0,30208.0,1,13,33989.0,40049.53,26120.0,21,22,32157.0,Y,13940.55,saving,F,40,MEDIUM,6.0,1,708.0,0,19.0
8596,19911,18132.0,33257.84,12330.0,4416.0,8980.91,37477.825,755.31,1.0,10,82,30,26,47,579000,1,1,1.0,1,41883.6,150000.0,4198.0,-4324.0,16507.0,45271.0,1.0,7,28313.0,83098.31,23387.0,2,8,4420.0,55371.83,65340.0,9,76,13324.0,Y,515.15,current,M,29,MEDIUM,8.1,8,372.0,1,13.0
8597,2324,2598.0,977.0,941.72,48294.09,2304.0,35771.0,329.0,8.0,46,27,3,55,6,125000,1,1,1.0,1,115818.74,15300.0,6000.0,173.0,29486.33,6579.0,69.0,9,9776.0,111794.4,30060.0,43,25,43775.0,56624.0,59968.0,6,50,17983.0,Y,170.28,current,M,34,MEDIUM,7.0,7,880.0,1,18.0
8598,14688,7869.0,3109.96,2137.0,3517.84,15678.0,2755.04,2683.35,7.0,23,82,24,1,42,477000,1,1,1.0,1,19265.4,31730.49,15654.0,6260.0,17490.63,93327.0,91.0,5,24160.0,94226.35,177550.0,4,5,29842.0,47942.24,24842.0,19,39,31033.0,Y,5874.26,current,M,34,MEDIUM,14.0,6,330.0,0,13.0
8599,11381,212641.0,30584.88,3159.0,6428.19,277.1,24846.0,7616.3,6.0,3,50,41,9,34,477000,1,1,1.0,1,291969.2,11982.0,72000.0,0.0,25681.5,37226.0,29.0,13,24269.0,6265.0,24485.5,1,2,32550.0,58277.65,92548.0,19,50,18553.0,Y,5935.83,current,M,53,MEDIUM,13.200000000000001,10,748.0,0,14.0
8600,2733,338881.0,1891.58,482.0,2349.0,7662.0,8313.5,1617.0,104.0,65,35,4,2,10,520000,1,1,1.0,1,154363.25,380000.0,3792.0,9415.0,166247.49,42542.0,24.0,2,23654.0,32602.34,61065.74,1,108,22702.0,57434.56,68589.5,5,11,33523.0,Y,1841.3,current,M,44,MEDIUM,4.800000000000001,9,269.0,1,8.0
8601,6607,17364.0,3828.55,3092.14,1624.09,1213.0,4751.5,1700.0,124.0,61,653,1,5,13,28000,1,1,1.0,1,63073.6,19000.0,2214.0,2921.0,50121.5,14278.0,18.0,5,35694.0,107664.25,9954.0,20,5,16839.0,97856.13,29648.0,1,17,12064.0,Y,1733.28,current,M,42,LOW,6.6000000000000005,8,683.0,1,5.0
8602,12780,6628.0,10355.12,2537.0,14896.37,600.0,2436.25,8498.96,3.0,128,2,1,31,56,153000,1,1,1.0,1,15961.9,95000.0,49000.0,7478.0,26774.24,174052.0,20.0,7,39424.0,77292.83,38448.0,2,108,300801.0,238046.0,39721.0,4,8,27181.0,Y,5449.51,current,M,33,MEDIUM,6.5,7,623.0,1,10.0
8603,12319,512.0,6201.84,10189.76,12297.0,3483.0,262.0,2075.57,8.0,30,4,5,1,4,53000,1,1,1.0,1,34249.0,145000.0,25524.0,-4679.0,13821.34,120569.38,62.0,4,79699.0,82665.73,31342.0,31,171,53180.0,18530.65,5084.5,5,38,25337.0,Y,3928.34,current,M,34,MEDIUM,12.600000000000001,5,355.0,1,12.0
8604,7602,5218.0,67550.6,5222.41,23324.0,3864.0,19844.195,6047.92,32.0,2,61,8,1,5,408000,1,1,1.0,1,13643.8,18000.0,33330.0,6885.0,42383.26,27292.0,32.0,26,91812.0,34000.37,42536.0,2,25,25790.0,17780.0,44170.0,94,38,18370.0,Y,429.79,current,F,35,MEDIUM,4.5,2,863.0,1,15.0
8605,7257,8350.0,9214.92,11287.0,6352.0,439.9,1932.5,1238.0,1.0,27,26,3,1,54,393000,1,1,1.0,1,9717.55,409168.15,16114.0,1500.0,40334.25,42333.44,46.0,23,25.88,35067.0,67064.0,2,82,102825.0,93465.72,106076.22,94,80,16433.0,Y,16860.93,current,M,35,LOW,6.0,3,385.0,1,18.0
8606,8339,9626.0,40358.0,6661.0,20306.04,441.0,2959.0,722.74,57.0,26,4,42,1,4,378000,1,1,1.0,1,568.8,186474.96,98472.0,7478.0,26169.25,98164.57,77.0,6,22663.0,30138.93,153808.0,2,84,37463.0,62605.68,17891.0,6,73,1017.0,Y,1333.46,current,M,28,LOW,0.8,1,464.0,1,20.0
8607,4141,18012.0,33099.98,11287.0,13651.0,6454.0,14824.405,7291.0,60.0,9,49,1,6,39,371000,1,1,1.0,1,71020.5,82907.34,1526.0,1411.0,32328.75,69853.42,11.0,5,20263.0,31135.82,218275.27,2,14,37498.0,25957.7,57081.0,4,24,22863.0,Y,5522.7,saving,M,32,MEDIUM,10.8,4,355.0,0,5.0
8608,13864,751.0,29913.5,20586.0,14261.5,8701.0,5168.635,24070.5,67.0,99,20,3,3,34,300000,1,1,1.0,1,1910215.0,110135.86,6100.0,9827.0,21878.0,60111.0,79.0,7,82312.0,60866.63,68653.0,1,27,2838.0,191714.53,84642.5,94,104,10494.0,Y,5483.24,current,M,42,LOW,19.8,7,700.0,1,18.0
8609,11462,12822.0,4049.65,15068.0,6416.0,803.0,902.52,6504.0,67.0,5,13,8,3,47,359000,1,1,1.0,1,130319.0,186474.96,16114.0,20513.0,83521.38,798.0,67.0,0,63539.0,106794.13,34996.36,2,171,29199.0,75780.15,79228.0,94,50,15167.0,Y,7755.56,saving,F,53,LOW,6.6000000000000005,9,631.0,1,3.0
8610,19294,28326.0,2773.27,11327.9,139589.34,24804.75,443.0,3926.0,4.0,4,59,8,15,1,307000,1,1,1.0,1,551439.2,385218.7,33774.0,14509.0,39509.71,177816.0,11.0,36,20343.68,11099.63,43966.5,7,59,79576.0,41936.16,18992.75,36,7,69557.0,Y,2883.12,current,M,53,MEDIUM,3.3000000000000003,7,488.0,0,2.0
8611,876,207405.0,111484.64,10430.45,15380.34,3589.95,3180.4,757.0,7.0,8,5,10,17,62,84000,1,1,1.0,1,10562.45,109000.0,230000.0,3735.0,24102.15,2307.0,20.0,35,24004.0,34376.79,106861.19,6,82,25762.0,31530.7,59507.56,2,57,12610.0,Y,2877.95,current,M,27,MEDIUM,2.8000000000000003,1,737.0,1,10.0
8612,7430,8030.0,900.54,152.0,1348.0,6081.04,12711.62,7881.0,52.0,18,86,5,20,1,18000,1,1,1.0,1,46451.38,101.24,19400.0,1954.0,15473.24,97149.03,1.0,7,28506.0,182202.54,54823.13,47,9,15339.0,207161.0,23094.0,19,38,35788.26,Y,346.8,current,M,33,LOW,13.0,10,631.0,1,19.0
8613,3158,311988.0,5449.0,15159.78,2526.18,15025.0,1320.71,54416.0,19.0,42,49,1,1,8,326000,1,1,1.0,1,5215.0,399.09,936.0,6916.0,12046.25,43322.0,22.0,26,44826.0,9278.0,20984.0,4,18,33661.0,41292.36,56017.0,14,7,191296.73,Y,1820.4,current,M,62,MEDIUM,33.6,8,620.0,1,10.0
8614,16933,11759.0,4271.04,1547.0,12607.95,11800.54,28001.78,8806.0,2.0,81,7,1,18,70,35000,1,1,1.0,1,120285.0,10465.48,6100.0,2351.0,19851.92,47631.0,42.0,36,27623.0,161894.31,36180.0,3,8,52915.0,37555.0,325.0,42,63,26106.0,Y,31.54,current,M,28,MEDIUM,4.800000000000001,3,658.0,1,5.0
8615,11022,3923.0,53552.13,64470.75,74434.0,494.04,20174.03,5206.0,2.0,66,59,8,51,47,293000,1,1,1.0,1,8209320.0,64491.0,50000.0,1332.0,67683.35,9110.0,11.0,30,18763.0,15221.88,213315.0,47,63,40752.0,41293.5,21000.0,40,104,24076.0,Y,661.11,current,M,55,MEDIUM,14.0,9,640.0,0,11.0
8616,5620,18762.0,1902.0,1420.76,4760.5,528.76,23611.605,7597.0,2.0,18,112,23,2,41,87000,1,1,1.0,1,47.35,205000.0,1515.0,20790.0,36007.63,73921.0,11.0,3,20187.0,72580.55,92624.68,6,8,49404.96,24239.88,57034.0,5,107,15036.0,Y,11391.81,current,M,221,LOW,160.8,4,653.0,1,17.0
8617,11877,123170.0,26037.0,6838.04,61120.0,4381.0,12930.0,23669.0,44.0,36,35,20,1,3,293000,1,1,1.0,1,386666.75,730000.0,565.0,-4664.0,68247.0,257.0,24.0,2,25187.0,217130.1,109760.0,4,50,41532.0,37106.97,102833.0,14,80,139.0,Y,1717.55,current,M,30,LOW,5.0,10,374.0,0,17.0
8618,4827,132990.0,61944.72,162.0,91394.0,3873.0,4718.57,545.28,2.0,23,16,42,6,4,172000,1,1,1.0,1,4140.0,267421.4,56305.0,8572.0,71310.0,7786.99,42.0,1,45841.0,64149.0,92052.0,2,81,90329.0,50111.64,366653.1,9,21,541355.0,Y,613.27,current,M,28,MEDIUM,6.4,8,485.0,1,18.0
8619,9747,102454.0,6812.92,9882.0,12475.09,2681.03,892.52,2227.0,4.0,36,48,47,9,68,222000,1,1,1.0,1,20049.0,257406.7,43908.0,1992.0,94825.52,88709.0,87.0,18,81964.0,28642.77,3094.0,3,8,19786.0,27566.2,54613.0,21,61,29303.0,Y,5558.14,current,M,55,MEDIUM,10.5,9,684.0,0,6.0
8620,5056,9603.0,22472.67,72167.0,3231.5,15243.0,2038.0,542.14,8.0,37,5,47,2,47,581000,1,1,1.0,1,871.5,77000.0,130000.0,10210.0,75377.67,43277.37,52.0,30,18295.0,7552.26,21771.0,43,108,31769.0,36566.19,50682.29,2,9,45178.89,Y,2346.71,current,M,56,MEDIUM,21.6,8,867.0,1,14.0
8621,12765,23754.0,12008.0,826.9,50841.93,15342.0,10052.0,4005.0,7.0,71,3,8,2,37,199999,1,1,1.0,1,4834.55,1024477.47,2644.0,-4679.0,29042.17,38554.0,67.0,3,34287.0,166641.35,55005.0,3,29,107000.0,78312.97,48724.0,47,42,118.0,Y,2569.94,current,M,32,LOW,8.4,10,958.0,0,20.0
8622,4356,30834.0,21508.0,6162.0,3755.99,411.0,11599.49,936.06,14.0,50,23,5,7,8,173000,1,1,1.0,1,510.6,93.35,6000.0,-5942.0,54010.2,27433.0,6.0,31,165041.0,27615.81,230284.86,3,25,575.0,80.88,94765.5,39,11,49533.0,Y,1893.93,current,M,55,MEDIUM,35.0,1,536.0,0,16.0
8623,5618,328413.0,12362.83,3538.0,5232.06,5478.56,1929.38,11233.0,60.0,2,3,17,16,3,130000,1,1,1.0,1,59703.93,19000.0,38599.0,3897.0,37386.39,26618.41,42.0,4,20613.0,22572.13,29731.0,7,29,24734.0,37790.68,70482.79,47,73,24514.0,Y,2571.43,saving,M,44,MEDIUM,24.0,8,886.0,1,3.0
8624,14378,18376.0,23030.61,1399.0,30870.0,5999.8,6271.0,8560.56,7.0,13,49,50,9,1,480000,1,1,1.0,1,9717.55,7051.99,1001.0,-6335.0,32330.83,59918.0,91.0,2,13600.0,88158.88,23124.0,23,81,51026.0,48042.35,141030.0,94,106,56930.0,Y,4981.26,current,F,42,MEDIUM,6.6000000000000005,5,516.0,1,6.0
8625,7844,316574.0,11800.0,3461.59,106853.39,2133.79,13663.0,3111.0,14.0,20,67,20,2,47,599000,1,1,1.0,1,19.95,10947.0,49975.0,-6885.0,80010.35,18620.91,11.0,15,313439.0,40321.16,1314.0,4,108,80694.0,16828.87,405768.1,8,106,34662.0,Y,43172.66,current,M,62,LOW,25.200000000000003,2,538.0,1,12.0
8626,18352,7432.0,57668.48,6990.5,26009.1,12251.19,6067.47,3395.0,44.0,5,69,3,31,81,156000,1,1,1.0,1,32951.25,106398.0,13873.0,10210.0,68610.27,28450.37,18.0,2,15987.0,4633.16,373972.0,3,4,37388.0,122736.25,96334.0,7,79,21623.0,Y,1615.51,current,M,30,LOW,7.0,5,355.0,0,20.0
8627,7292,10079.0,6635.0,3869.1,1502.0,317.78,6005.0,525.0,44.0,3,85,26,1,70,289000,1,1,1.0,1,87526.1,390700.0,2156.0,3323.0,35984.1,33829.27,32.0,9,56500.0,89559.68,232000.0,3,63,30098.0,61734.82,25133.0,4,18,350442.0,Y,8950.75,current,M,60,MEDIUM,12.0,5,945.0,1,18.0
8628,3543,3947.0,7277.08,11709.44,4997.75,53198.05,406.0,1017.0,4.0,5,47,60,2,1,10000,1,1,1.0,1,2008232.55,25404.0,678.0,3421.0,21936.21,33317.63,32.0,3,69995.0,152111.35,26662.0,2,8,51709.0,70687.94,40245.0,6,1,16552.0,Y,4045.65,current,M,62,MEDIUM,25.200000000000003,2,653.0,1,12.0
8629,13486,1087.0,17172.92,60495.0,8144.5,2286.45,12333.0,627.0,25.0,11,50,1,2,67,28000,1,1,1.0,1,5809950.0,369448.8,15477.0,10770.0,33322.63,28744.39,29.0,55,122228.0,5313.31,441940.0,45,70,34500.0,35111.51,30066.0,9,7,9679.0,Y,4975.84,current,M,40,MEDIUM,4.0,3,866.0,0,13.0
8630,19411,13260.0,1539.73,14320.02,1594.04,8358.36,5252.655,29748.06,1.0,23,61,1,1,3,74100,1,1,1.0,1,130319.0,177795.8,126001.0,7478.0,40981.18,149959.0,18.0,4,18285.0,14471.84,42794.0,1,20,76920.0,208110.4,77749.0,3,1,32449.0,Y,2001.73,current,M,32,MEDIUM,3.6,9,370.0,0,13.0
8631,5904,6203.0,3891.93,13353.4,9060.42,1108.0,4219.055,1534.0,8.0,99,3,2,36,9,28000,1,1,1.0,1,127004.3,482147.0,550.0,5773.0,9634.68,30633.0,10.0,9,19360.0,84711.32,71473.0,9,26,28110.0,40152.61,124180.0,12,87,26452.0,Y,24112.99,current,M,64,LOW,17.6,2,710.0,1,4.0
8632,3494,6741.0,16363.94,7559.0,11403.33,13131.0,11358.0,12824.0,44.0,36,117,4,1,1,555000,1,1,1.0,1,39851.93,150000.0,73217.0,4314.0,243738.0,49722.0,9.0,30,31018.0,89715.95,37676.0,2,20,28.74,65514.25,1522749.68,16,65,19671.0,Y,10384.21,current,M,222,LOW,80.80000000000001,5,575.0,1,4.0
8633,12213,3043.0,3745.03,621.0,6252.93,56390.5,1482.5,18793.0,44.0,99,3,2,1,3,477000,1,1,1.0,1,15079.5,470000.0,57899.0,12299.0,421.14,5193.0,24.0,7,11020.0,17995.27,9180.0,3,20,27822.0,32468.36,44815.5,94,83,19325.0,Y,6089.41,saving,M,223,MEDIUM,162.4,1,802.0,1,11.0
8634,17278,168411.0,3394.44,13780.0,4396.0,20838.01,5596.0,2530.0,44.0,128,16,2,4,56,350000,1,1,1.0,1,102494.2,172131.0,3975.0,1444.0,19075.16,50784.0,94.0,31,30676.0,23233.5,38824.5,17,20,15489.0,5735.0,75510.0,7,18,19418.0,Y,3756.67,current,F,47,LOW,10.8,6,633.0,1,6.0
8635,17156,17559.0,4549.0,64470.75,11638.78,4942.05,7797.5,2277.0,32.0,8,17,1,26,13,47000,1,1,1.0,1,10725.8,237365.38,50000.0,10455.0,770042.76,15088.0,55.0,3,2150.0,75207.0,37238.0,9,1,105.84,26998.12,60183.0,7,24,24799.0,Y,1210.4,current,M,46,MEDIUM,23.400000000000002,3,369.0,1,14.0
8636,491,9127.0,18590.3,919.0,6787.91,7366.41,3268.905,8650.0,8.0,11,4,5,28,5,225000,1,1,1.0,1,8209320.0,38928.0,1052.0,-6301.0,18347.04,58259.65,46.0,15,18720.0,21199.99,114068.0,7,82,30672.0,53181.59,360718.87,12,104,25255.93,Y,2145.0,current,M,32,MEDIUM,9.600000000000001,4,801.0,1,5.0
8637,48,127464.0,3318.5,20734.3,66764.33,1538.0,14312.0,3877.0,16.0,5,64,1,3,1,19000,1,1,1.0,1,670875.0,32714.0,24619.0,1500.0,27125.0,99863.0,91.0,0,85769.0,16460.0,174142.5,17,14,53376.0,927.0,99914.61,12,21,16768.61,Y,9397.28,current,M,30,LOW,10.0,5,836.0,0,7.0
8638,17389,20396.0,1174.0,6331.49,7385.0,10133.0,632.0,12625.0,5.0,9,35,4,2,8,16000,1,1,1.0,1,2984.1,1034285.63,550.0,12415.0,12819.92,73233.85,42.0,3,23183.0,439.0,25564.0,45,8,117.97,22716.56,65913.13,2,11,30172.0,Y,2670.77,current,M,47,MEDIUM,13.5,3,698.0,1,15.0
8639,515,12358.0,7375.67,9923.99,3562.2,14004.19,7743.6,205.0,15.0,56,50,3,44,1,245000,1,1,1.0,1,5383.25,52000.0,1097.0,14509.0,160028.33,54169.0,4.0,4,21991.0,100473.09,75408.0,5,81,10333.0,18464.5,486.0,7,83,47.41,Y,9351.78,current,M,33,MEDIUM,9.1,6,503.0,1,12.0
8640,16096,6013.0,23999.59,8243.4,5682.22,2593.0,9938.44,863.0,18.0,5,44,60,71,10,139000,1,1,1.0,1,51291.45,48087.25,49975.0,14509.0,16424.0,15690.76,35.0,0,38572.0,18100.23,30026.0,45,13,25997.0,49974.68,60617.0,3,49,105122.0,Y,164.13,saving,M,47,MEDIUM,8.1,10,683.0,0,14.0
8641,11159,208175.0,40596.45,407.0,21177.17,911.41,9934.435,12803.75,16.0,23,44,62,2,41,25000,1,1,1.0,1,154363.25,375000.0,519.0,12174.0,23489.68,73776.0,39.0,36,23719.0,13251.5,27858.0,45,11,16389.0,10367.97,59073.0,9,76,6138.0,Y,10959.16,current,M,40,MEDIUM,2.0,10,606.0,0,7.0
8642,12873,28141.0,40132.0,4844.0,6062.6,18421.84,4738.0,5671.29,124.0,23,30,44,2,75,371000,1,1,1.0,1,45463.0,40000.0,3570.0,20513.0,4406.06,14666.0,11.0,7,21215.0,5554.74,337091.0,5,29,26668.0,105499.84,349524.25,14,63,20841.0,Y,33467.88,current,M,42,LOW,17.6,1,743.0,1,15.0
8643,3896,13801.0,5803.05,4391.71,15210.01,2068.8,5019.75,8806.0,101.0,5,10,45,9,3,16000,1,1,1.0,1,4720.0,895000.0,550.0,-6301.0,46628.39,3011.0,8.0,1,18396.0,69742.63,111419.0,1,11,14410.0,110183.56,29339.0,1,7,36395.0,Y,2565.27,current,M,62,MEDIUM,29.400000000000002,5,858.0,1,20.0
8644,9741,392066.0,36507.92,819.0,53909.92,2706.77,26434.0,628.0,136.0,26,10,18,45,53,44000,1,1,1.0,1,89104.12,376694.91,2644.0,-5439.0,8428.0,1561.0,72.0,15,102495.0,96374.86,157500.0,2,59,11511.72,107871.25,43491.0,5,42,113862.0,Y,24584.63,saving,F,29,MEDIUM,4.5,2,966.0,0,13.0
8645,995,103048.0,4069.85,946.0,61805.28,17318.47,2632.59,801.0,25.0,10,38,7,21,1,430000,1,1,1.0,1,690.0,20000.0,49975.0,19453.0,73509.99,54673.0,91.0,36,52559.0,27793.89,18862.73,9,104,23441.0,131036.55,157516.0,117,1,5184.0,Y,116.08,current,M,30,MEDIUM,4.0,1,638.0,1,4.0
8646,16702,181822.0,72380.17,8525.0,4612.13,6455.0,12679.5,501.24,14.0,26,82,1,51,1,170000,1,1,1.0,1,105453.65,1475000.0,12000.0,1500.0,3868.0,70359.97,62.0,1,32534.0,15956.5,88656.0,4,7,14786.0,52717.12,35071.0,4,25,53489.0,Y,826653.89,current,M,53,LOW,23.1,3,448.0,0,11.0
8647,16236,207680.0,4276.0,2024.0,9015.28,9719.0,7315.52,8703.0,5.0,5,7,1,4,4,100000,1,1,1.0,1,36368.7,242827.0,56305.0,1444.0,26773.97,54063.04,62.0,7,55679.0,3542.84,55449.0,43,82,18919.68,11070.57,64958.14,9,113,19111.0,Y,1164.39,saving,M,53,LOW,16.5,5,623.0,0,11.0
8648,14263,3624.0,9093.0,2533.13,59916.04,8701.0,21987.7,10970.04,10.0,3,47,5,2,47,44000,1,1,1.0,1,39851.93,165970.9,2841.0,173.0,93.25,269601.0,90.0,1,61167.0,34020.0,18800.0,45,17,23093.0,37857.73,43011.0,8,63,19017.0,Y,3185.01,current,M,37,MEDIUM,13.600000000000001,1,623.0,0,2.0
8649,18307,7599.0,20603.84,4253.0,24256.08,2699.77,16286.7,3328.34,67.0,66,16,2,4,80,139000,1,1,1.0,1,60800.0,91747.0,13873.0,1500.0,50778.83,317237.0,11.0,4,22476.0,128085.62,86479.18,6,0,6745.99,77877.39,32024.0,3,124,34593.0,Y,1632.6,saving,M,33,LOW,5.2,5,883.0,1,2.0
8650,4025,305555.0,5269.92,1165.3,9018.22,15582.0,3478.5,1929.0,8.0,99,9,24,14,8,300000,1,1,1.0,1,66191.5,54243.0,155205.0,20513.0,42284.24,319431.0,46.0,13,9321.0,32236.57,10089.0,2,50,107532.57,327888.38,53613.0,3,58,16860.0,Y,1489.53,current,M,53,LOW,19.8,8,748.0,0,7.0
8651,9465,35308.0,1078.29,1446.01,9866.14,7575.45,13626.685,869.65,7.0,32,32,50,21,47,232000,1,1,1.0,1,124064.65,119451.0,54101.0,6916.0,43999.56,41822.42,62.0,6,74733.0,25874.5,30559.37,3,5,65521.0,54287.75,70625.0,36,42,271257.0,Y,204.98,current,M,35,LOW,13.5,2,725.0,1,16.0
8652,8735,17453.0,9286.0,3358.0,2768.5,1325.0,12051.6,1576.99,26.0,5,87,1,6,4,556000,1,1,1.0,1,825.0,30453.0,13533.0,2921.0,24684.45,31462.0,16.0,3,101397.0,49700.22,321517.0,8,69,32137.0,48625.59,864947.0,7,104,15989.0,Y,4906.97,current,F,62,MEDIUM,16.8,1,802.0,1,20.0
8653,19643,14382.0,4979.0,325.0,5010.0,3929.5,25067.75,9092.0,10.0,36,7,5,31,1,326000,1,1,1.0,1,825.0,273221.0,28985.0,-3506.17993,61954.94,35256.0,46.0,2,31360.0,39196.97,166910.6,2,5,75058.0,46781.12,66609.0,2,65,31300.0,Y,4436.89,current,M,33,MEDIUM,11.700000000000001,9,247.0,1,15.0
8654,15198,13957.0,5774.85,1192.0,6936.715,2064.0,16790.42,6991.0,16.0,46,79,8,16,2,481000,1,1,1.0,1,4120.0,100934.0,96497.0,-3625.0,6407.0,106276.0,35.0,2,45139.0,3541.42,51584.0,6,20,40704.0,63910.34,147684.92,14,21,87934.0,Y,238.75,current,M,49,MEDIUM,14.5,5,737.0,1,19.0
8655,9890,223763.0,11836.56,10811.15,13953.2,992.0,12017.5,2683.35,2.0,20,11,1,6,47,282000,1,1,1.0,1,58928.67,177795.8,2214.0,6885.0,47434.79,88229.31,147.0,3,2495.0,69708.19,63695.0,2,108,19766.0,19743.19,5180.0,7,7,48440.0,Y,21946.12,current,M,47,MEDIUM,24.3,3,372.0,1,3.0
8656,560,14878.0,10420.08,23589.66,16518.57,9604.5,9726.46,2555.3,3.0,2,38,10,5,12,17000,1,1,1.0,1,53374.97,48087.25,105000.0,-5439.0,46216.0,159999.02,7.0,19,26100.0,29820.62,22212.0,23,44,178033.0,119374.68,16188.0,19,96,28676.0,Y,276.34,current,F,47,MEDIUM,18.900000000000002,5,370.0,1,5.0
8657,13937,13121.0,31071.97,8194.0,1693.66,19192.6,2478.22,15631.0,136.0,84,7,4,62,1,302000,1,1,1.0,1,170590.75,278360.16,48950.0,5730.0,38642.36,53106.0,55.0,0,27256.0,70138.22,72242.0,17,13,11145.0,24590.0,19073.0,36,124,1410.0,Y,6825.51,current,M,47,MEDIUM,8.1,6,858.0,0,7.0
8658,17620,16390.0,4148.98,16883.84,554.0,12241.55,6835.0,2032.0,7.0,84,10,50,5,47,518000,1,1,1.0,1,3070.5,150000.0,908.0,5439.0,13425.65,27950.0,10.0,0,170000.0,68934.17,100045.0,3,2,22575.0,35098.52,5267.0,6,79,37240.0,Y,2973.02,saving,M,34,HIGH,14.0,7,867.0,0,14.0
8659,16024,6538.0,1531.92,5494.48,2217.46,10705.61,9442.0,3331.0,6.0,5,35,4,3,56,272000,1,1,1.0,1,443.36,152.87,1266.0,5464.0,76373.25,99885.0,16.0,36,35442.0,89055.44,151701.74,4,17,31845.0,84822.27,23896.0,117,7,43511.0,Y,12914.51,saving,F,32,MEDIUM,3.6,1,511.0,1,10.0
8660,11554,297571.0,65310.9,12801.29,24335.7,1744.4,14594.0,779.0,1.0,22,3,2,3,9,327000,1,1,1.0,1,213557.15,376694.91,954.0,2337.0,3696.27,364889.74,24.0,35,22580.0,131605.45,17433.5,3,2,21262.0,38742.99,12241.0,8,10,38369.0,Y,1062.02,current,M,58,MEDIUM,15.200000000000001,7,802.0,0,7.0
8661,5872,19675.0,21545.48,449.0,2836.3,949.0,5892.08,5688.0,26.0,71,59,5,60,64,315000,1,1,1.0,1,24832.0,160498.0,583.0,13135.0,114931.6,12331.0,11.0,1,28750.0,300292.57,59121.14,4,7,30080.0,47941.0,43561.0,3,0,150006.83,Y,11840.42,current,M,33,LOW,1.3,4,249.0,1,4.0
8662,2093,4236.0,2103.13,352.0,1296.22,14707.76,7389.38,7820.0,100.0,7,16,30,6,80,204000,1,1,1.0,1,27078.09,3084.5,39389.0,5350.0,163985.39,30553.0,67.0,2,22230.0,9185.57,45171.0,1,8,59491.0,82142.71,16988.0,13,58,30201.0,Y,262.41,saving,M,30,MEDIUM,10.0,7,743.0,1,7.0
8663,14515,31291.0,3835.58,1730.0,13064.48,12535.0,19002.0,224.0,10.0,128,6,3,6,1,338000,1,1,1.0,1,2666.4,187788.1,768.0,1931.0,36898.23,53841.0,42.0,30,80000.0,103211.5,115019.0,1,82,35494.42,11517.94,105740.0,12,11,26901.0,Y,543.56,saving,F,30,MEDIUM,3.0,6,233.0,0,7.0
8664,3453,16719.0,1918.535,2054.0,20293.74,5107.0,3554.47,6288.0,44.0,46,5,2,55,81,340000,1,1,1.0,1,766011.5,63000.0,14550.0,20513.0,168897.8,30108.0,16.0,5,7785.0,62743.19,305164.0,0,63,21141.45,93662.39,10879.0,6,106,25925.0,Y,12406.9,current,M,53,LOW,23.1,9,370.0,1,10.0
8665,9676,4808.0,1726.045,5263.0,179390.69,1945.92,10825.445,847.0,29.0,36,71,53,1,98,225000,1,1,1.0,1,158135.2,22400.0,500718.0,553.0,208323.42,129672.0,70.0,1,47540.0,12120.51,41582.0,2,8,47454.0,234164.64,210511.0,21,65,64368.0,Y,4074.53,current,M,30,LOW,2.0,2,653.0,1,16.0
8666,10137,3354.0,27567.17,2597.0,898.47,17735.75,951.56,10044.0,29.0,47,52,1,18,53,104000,1,1,1.0,1,9220.2,201000.0,61903.0,2351.0,9278.0,15323.0,11.0,7,14616.49,97883.08,13595.0,31,82,29622.0,35817.75,68746.29,12,9,32248.0,Y,1861.36,saving,M,64,MEDIUM,22.0,6,771.0,1,2.0
8667,7995,5659.0,22184.07,10671.5,7489.32,4004.14,6935.3,700.0,43.0,85,44,8,3,58,403000,1,1,1.0,1,124064.65,24000.0,925.0,1522.0,22237.6,91400.83,7.0,28,26073.0,23865.5,10153.0,0,63,22361.0,13474.0,10116.0,1,3,848.0,Y,1715.31,saving,M,47,MEDIUM,10.8,9,314.0,1,3.0
8668,16387,216600.0,20230.75,305.0,2943.15,467.49,4242.57,15428.54,7.0,47,49,53,3,12,127500,1,1,1.0,1,73010.0,184514.0,3000.0,0.0,300931.63,235.77,22.0,36,77582.0,17677.6,203634.9,6,8,7.0,121474.09,22102.0,2,67,26729.0,Y,91.76,current,M,32,HIGH,9.600000000000001,4,710.0,1,19.0
8669,5362,20127.0,3042.0,1515.0,17795.0,655.4,35723.0,6653.0,16.0,1,38,3,3,16,352000,1,1,1.0,1,166331.66,5350.0,68000.0,20513.0,48335.31,113133.23,6.0,4,27954.0,36589.87,138133.68,4,104,35083.0,22939.18,49262.0,21,8,12193.0,Y,1552.29,current,M,35,MEDIUM,3.0,9,713.0,1,9.0
8670,14566,13331.0,12585.11,21302.02,32641.0,439.9,8400.44,11070.0,10.0,30,20,1,36,81,670000,1,1,1.0,1,45463.0,267421.4,130000.0,2337.0,59646.26,44604.0,18.0,3,68695.0,4871.38,23306.0,1,11,34792.0,439370.02,40969.0,40,12,60896.0,Y,1528.76,current,M,28,MEDIUM,0.8,9,244.0,1,15.0
8671,15031,10353.0,1863.5,588.01,431.0,1297.84,3796.68,804.0,5.0,4,44,26,1,4,139000,1,1,1.0,1,165907.57,63000.0,25524.0,-5998.43994,39301.57,155577.91,59.0,7,15334.0,39708.12,246590.2,31,81,27001.0,96493.15,128226.15,13,79,84866.0,Y,22925.13,current,M,38,MEDIUM,7.2,4,823.0,1,10.0
8672,2336,3856.0,11621.24,4239.0,3932.96,1660.0,4427.76,1299.0,12.0,5,67,57,1,3,143000,1,1,1.0,1,77855.0,186474.96,8333.0,173.0,58407.9,72485.0,6.0,13,48943.0,9700.13,38661.0,10,8,15990.0,103686.17,219.0,49,124,132162.0,Y,1644.98,current,F,34,MEDIUM,9.8,5,249.0,1,8.0
8673,14526,27533.0,12898.0,6615.0,5003.48,989.44,1022.0,6728.0,24.0,23,4,4,3,5,327000,1,1,1.0,1,7089.7,152.87,23500.0,5730.0,81409.3,4630.0,6.0,1,16022.0,31482.46,486576.0,9,82,22911.0,29917.75,144132.0,4,12,16541.0,Y,1521.65,saving,M,37,LOW,3.4000000000000004,2,966.0,1,19.0
8674,2473,2064.0,25167.54,229255.0,7383.3,7996.0,5535.15,18766.0,6.0,30,64,5,18,1,35800,1,1,1.0,1,101891.25,117890.0,28985.0,1444.0,16114.41,38295.0,4.0,15,19771.0,56253.78,209663.46,3,8,25150.0,29320.51,20271.75,2,32,13401.0,Y,42678.97,current,F,40,LOW,12.0,4,536.0,1,20.0
8675,1141,13108.0,12534.5,14320.02,6117.92,9278.3,9732.155,6288.0,101.0,60,5,4,18,4,362000,1,1,1.0,1,259573.3,64491.0,130000.0,5439.0,39117.3,54773.77,1.0,33,20674.0,22068.48,50121.0,5,82,25276.0,13319.2,461.79,13,11,43685.0,Y,11736.5,current,F,32,LOW,1.2000000000000002,3,505.0,1,19.0
8676,12405,293327.0,6516.0,1105.0,7070.4,886.0,28986.2,7458.82,1.0,4,13,3,2,47,218000,1,1,1.0,1,1359.3,25404.0,5540.0,3421.0,93163.11,31347.84,11.0,2,26750.0,97827.01,7046.0,5,13,47866.0,38742.99,72800.75,3,18,24603.0,Y,13254.01,current,M,66,MEDIUM,46.0,3,866.0,1,9.0
8677,4871,13813.0,648.0,2800.7,3743.54,3160.8,986.4,54416.0,44.0,47,9,2,9,13,402000,1,1,1.0,1,21220.0,42723.0,50000.0,5340.0,34871.0,22456.7,67.0,3,27768.0,7053.98,25597.0,70,20,13548.0,117295.53,42492.0,3,83,92771.0,Y,10332.0,current,M,33,LOW,11.700000000000001,3,653.0,0,13.0
8678,9691,8207.0,4109.93,5209.0,22558.86,1439.0,5832.04,1698.0,63.0,47,46,3,3,9,100000,1,1,1.0,1,185669.2,76365.24,96558.0,12965.0,5044.25,66587.0,9.0,17,21847.86,21055.29,30030.0,6,11,12187.0,104486.16,49447.29,4,52,15233.0,Y,6981.55,current,F,66,MEDIUM,23.0,2,860.0,1,11.0
8679,2238,885.0,14393.15,6406.0,13322.5,16814.9,2386.0,3253.0,1.0,10,59,52,1,67,49999,1,1,1.0,1,1309500.9,69370.0,300500.0,7478.0,23807.99,105466.0,7.0,4,34545.0,21339.72,150366.0,5,11,54399.0,323348.45,5581.0,9,25,29685.0,Y,13482.82,current,M,221,LOW,100.5,2,244.0,1,20.0
8680,14397,17019.0,7952.79,454.0,3140.89,6294.0,7433.82,3053.62,5.0,36,135,3,21,5,448000,1,1,1.0,1,9255.43,446457.0,26241.0,5439.0,74474.93,15013.0,62.0,35,32193.0,95398.98,178239.0,5,20,31078.0,56763.53,123189.0,21,8,97062.0,Y,39.49,current,M,38,HIGH,3.6,10,249.0,1,5.0
8681,11464,3985.0,4199.43,521.73,15073.26,4576.0,12032.6,465.2,92.0,47,110,2,4,6,53000,1,1,1.0,1,8209320.0,11772.76,14754.0,5730.0,56029.97,48537.48,38.0,3,14056.0,86688.5,51953.0,3,20,202058.0,382506.76,30160.0,42,50,29303.0,Y,17498.33,current,M,32,LOW,12.0,6,958.0,1,4.0
8682,8881,16363.0,39630.82,2157.14,16350.755,3182.0,7632.46,2488.0,4.0,37,47,2,2,47,50900,1,1,1.0,1,27324.0,3084.5,25000.0,1500.0,41534.53,70065.0,27.0,1,14375.0,32291.94,17725.0,24,20,19912.0,16132.46,18196.25,21,73,10413.0,Y,2119.86,current,M,44,MEDIUM,16.8,10,750.0,1,9.0
8683,16888,18966.0,21583.17,4299.0,4977.0,1643.5,8676.07,4933.0,2.0,36,10,1,18,1,301000,1,1,1.0,1,12.19,278904.9,13873.0,1992.0,812864.25,35756.0,11.0,3,2150.0,142437.8,135492.0,7,87,88260.0,51442.39,30582.0,3,100,4690.0,Y,1292.82,saving,F,35,HIGH,4.5,10,299.0,0,19.0
8684,16455,9928.0,3946.0,22558.0,522.0,16729.0,13783.0,568.0,56.0,6,7,24,7,1,408000,1,1,1.0,1,21745.0,14000.0,183999.0,20513.0,40070.0,83339.0,77.0,0,55763.0,3509.0,295738.0,50,8,42259.0,30824.11,34787.0,7,83,10137.0,Y,4521.67,saving,M,33,MEDIUM,2.6,6,454.0,1,11.0
8685,17600,300436.0,27109.0,189.0,30692.495,24041.13,3715.0,2590.79,2.0,9,60,24,2,4,466000,1,1,1.0,1,2014.8,142608.5,96497.0,5340.0,362701.81,113.0,42.0,6,34623.0,10122.0,42745.0,3,4,27217.0,114358.87,74372.0,6,61,200000.0,Y,15417.36,saving,M,35,MEDIUM,4.5,10,653.0,1,16.0
8686,1011,3216.0,3658.15,5374.35,28707.12,27352.0,3930.13,2084.0,136.0,46,50,3,3,81,293000,1,1,1.0,1,347309.75,589.39,13873.0,20790.0,178155.52,48736.0,4.0,7,82312.0,40390.58,164524.4,3,70,42377.0,302963.32,73939.0,3,73,82510.0,Y,20404.26,current,M,220,MEDIUM,120.0,3,639.0,1,2.0
8687,15710,11347.0,35002.31,6890.42,5666.85,359.86,12053.6,3320.0,10.0,36,653,2,2,80,187000,1,1,1.0,1,1053411.2,195506.79,25728.0,5340.0,44609.5,39854.0,67.0,2,510.0,28537.02,321685.0,9,20,29941.0,76903.1,31522.48,9,7,140329.0,Y,2522.87,current,F,30,MEDIUM,4.0,3,268.0,1,18.0
8688,3777,40779.0,18287.0,3049.0,2182.07,7151.0,3771.515,3203.34,57.0,1,35,60,6,3,400000,1,1,1.0,1,24832.0,52000.0,13873.0,-3625.0,26705.73,9469.0,5.0,3,91812.0,36733.74,135492.0,6,67,700000.0,220622.75,47997.81,117,57,41933.0,Y,18101.41,current,M,34,MEDIUM,7.0,8,614.0,0,5.0
8689,6417,18922.0,98211.31,1132.0,1582.48,4578.0,12270.0,1359.0,44.0,23,35,25,8,68,28000,1,1,1.0,1,1053411.2,24000.0,3570.0,167.0,112819.66,41573.0,3.0,4,59423.0,78214.71,75078.09,4,82,111792.0,14934.93,727.0,8,73,58491.0,Y,3094.29,current,M,34,LOW,4.2,6,464.0,0,4.0
8690,3183,15087.0,28188.96,2033.0,5374.26,29089.7,3158.0,23865.0,1.0,20,74,15,1,6,599000,1,1,1.0,1,73010.0,1475000.0,12000.0,-5942.0,41327.75,35220.0,10.0,2,23469.0,46505.5,103757.0,3,0,31779.0,21735.0,66923.0,6,39,62966.0,Y,174.66,current,M,53,LOW,16.5,7,506.0,1,11.0
8691,12940,289114.0,2208.255,8044.0,1892.54,1182.0,52990.82,11275.0,66.0,23,27,30,11,4,330000,1,1,1.0,1,4614669.901,232235.65,230000.0,2819.0,23873.5,115191.0,91.0,3,30333.0,14292.0,30751.0,5,108,8470.0,41037.0,40176.5,3,103,691984.71,Y,6505.4,current,F,60,MEDIUM,20.0,6,958.0,0,6.0
8692,17748,11016.0,1975.5,13230.0,11598.6,1284.0,3871.0,5246.0,531.0,3,38,4,2,8,510000,1,1,1.0,1,1910215.0,462011.1,15477.0,0.0,77375.62,500066.0,18.0,5,16639.0,51839.0,70944.0,2,8,25578.31,257736.61,134148.0,8,22,260.0,Y,2223.1,current,M,27,MEDIUM,4.2,3,447.0,1,19.0
8693,18267,299920.0,42209.8,8165.0,8832.51,644.2,16121.57,20956.0,1.0,71,1,2,2,41,410000,1,1,1.0,1,1208.25,43021.0,36114.0,5773.0,18373.5,40243.0,55.0,29,30044.0,4737.82,78924.0,6,20,30097.0,115313.06,53010.0,6,12,37800.0,Y,11809.67,current,M,38,LOW,9.0,9,914.0,0,11.0
8694,18836,334612.0,7295.53,4999.01,42936.0,6600.0,3129.37,745.0,2.0,10,48,1,55,91,267000,1,1,1.0,1,98062.5,42000.0,33774.0,5730.0,11463.99,53003.0,35.0,4,44061.0,22816.0,120241.86,45,28,30543.0,99306.18,28255.47,2,38,17463.0,Y,2356.75,current,M,47,MEDIUM,16.2,8,299.0,1,13.0
8695,19896,322851.0,26552.09,2232.0,3683.06,1256.25,6735.0,3070.0,56.0,60,44,2,2,1,236000,1,1,1.0,1,60800.0,3651922.3,2130.0,0.0,25004.92,16155.0,89.0,1,26072.0,61155.84,32028.0,9,8,20325.0,50883.29,60820.0,6,79,31153.0,Y,799.96,current,M,53,MEDIUM,9.9,3,394.0,1,7.0
8696,2185,10745.0,16197.94,662.0,37687.0,8290.5,60620.0,891.0,12.0,18,6,8,21,42,402000,1,1,1.0,1,55700.0,12257.0,27809.0,3323.0,26421.27,354576.0,77.0,3,41686.0,57371.89,145237.0,0,25,64820.0,599348.98,10697.82,36,49,40417.0,Y,2229.73,current,M,35,MEDIUM,7.5,8,233.0,1,2.0
8697,9960,323829.0,3449.97,645.4,843.5,4904.0,3771.515,7808.85,6.0,23,23,54,2,64,59000,1,1,1.0,1,55700.0,822659.0,3792.0,8723.0,87598.75,66057.0,18.0,3,131400.0,15903.0,71102.0,3,12,48168.0,23928.75,64148.0,16,80,29838.0,Y,7066.56,saving,M,35,LOW,10.5,4,523.0,1,12.0
8698,2189,26311.0,4291.06,2299.0,12178.0,766.0,3644.7,940.0,5.0,43,50,1,3,81,298000,1,1,1.0,1,684495.7,64491.0,49975.0,-5998.43994,6202.58,39646.0,46.0,26,24556.0,34797.11,25185.0,7,50,33881.0,105250.39,95263.0,4,104,16615.0,Y,3768.9,current,M,47,LOW,16.2,1,743.0,1,20.0
8699,5532,134795.0,57604.77,5301.3,10007.43,2463.92,13775.6,2878.0,4.0,23,59,2,4,47,84000,1,1,1.0,1,39853.9,674291.83,5905.0,3897.0,47507.21,197230.0,43.0,26,27935.0,12120.51,30416.84,1,7,18948.0,4617.0,106456.0,5,83,46644.0,Y,4684.63,current,M,35,MEDIUM,6.0,8,638.0,1,5.0
8700,10286,305682.0,4117.03,1995.43,1564.42,2031.0,949.0,4179.0,6.0,26,30,18,4,79,19000,1,1,1.0,1,36122.87,117890.0,4458.0,20513.0,51974.25,54773.77,69.0,2,45556.0,2950.69,17883.0,9,20,27479.0,71359.11,52711.89,14,18,15002.0,Y,11243.52,saving,M,35,LOW,13.5,6,805.0,1,9.0
8701,14291,287695.0,4455.45,10381.0,29736.15,1048.0,60223.0,177.0,44.0,27,16,1,2,1,575000,1,1,1.0,1,89294.6,1187335.5,8417.0,3735.0,64904.66,32914.21,46.0,33,14394.0,59491.62,34815.0,43,78,89353.0,31543.99,35725.0,12,104,2154.0,Y,5576.25,current,M,219,MEDIUM,119.4,6,633.0,1,7.0
8702,9437,3893.0,4587.2,552.0,9991.79,9954.0,334.0,227.0,92.0,5,5,1,6,1,287000,1,1,1.0,1,75240.45,358480.64,22000.0,-6301.0,43482.05,80769.13,18.0,7,26259.0,76617.3,307736.0,0,2,18650.5,39558.75,46709.5,3,10,60765.84,Y,26879.7,current,M,47,LOW,2.7,7,655.0,1,20.0
8703,6113,20348.0,10749.195,190.0,11546.61,2660.2,71597.36,2486.2,2.0,56,6,42,3,98,104000,1,1,1.0,1,22086.05,760470.3,711.0,886.0,43909.01,129046.0,7.0,13,20667.0,57494.44,30156.0,12,70,35604.0,2003.0,39960.81,21,113,34531.0,Y,296.29,current,M,30,MEDIUM,8.0,9,370.0,0,6.0
8704,15931,141741.0,17269.88,1673.06,1999.54,3167.97,16487.0,2237.2,4.0,10,10,42,21,9,271000,1,1,1.0,1,31454.1,46500.0,2019.0,4512.0,106786.3,27448.0,16.0,1,50677.0,35068.58,35948.0,2,20,85423.0,17990.55,127099.0,9,65,38085.0,Y,64469.3,current,F,39,MEDIUM,11.4,5,708.0,1,18.0
8705,16724,15137.0,3995.03,2079.78,678.32,17117.0,3193.0,804.0,19.0,10,47,2,7,34,510000,1,1,1.0,1,53374.97,142608.5,800.0,19453.0,40129.75,109955.0,90.0,36,15452.0,25208.29,533828.5,10,59,40324.0,10493.0,30799.0,3,58,24082.0,Y,55161.6,current,F,53,MEDIUM,29.700000000000003,7,254.0,1,4.0
8706,16139,3274.0,15205.48,2465.0,1325.0,22181.0,3750.82,2150.0,17.0,14,19,5,2,3,273000,1,1,1.0,1,170590.75,409168.15,13873.0,5464.0,34507.9,103680.15,39.0,36,39422.0,20298.14,21092.0,4,171,9768.0,19614.45,136081.0,6,11,38288.0,Y,7568.3,current,F,33,MEDIUM,11.700000000000001,10,614.0,0,7.0
8707,7876,9996.0,44721.01,2060.5,7107.83,4574.0,2133.0,16335.0,8.0,66,13,18,5,2,326250,1,1,1.0,1,811000.0,165970.9,631.0,-4679.0,71357.08,29921.0,90.0,26,19575.0,53992.56,113910.0,5,81,29370.0,89075.64,1384.0,2,63,27531.0,Y,2292.22,current,M,32,MEDIUM,3.6,1,486.0,0,15.0
8708,12368,14914.0,15670.995,9089.0,11007.06,4374.0,3149.0,1627.41,32.0,3,52,2,6,54,352000,1,1,1.0,1,22086.05,87578.0,3570.0,5464.0,214178.0,11179.0,23.0,2,20288.0,37927.92,495206.0,3,50,47546.0,27660.48,263177.0,117,75,32040.0,Y,1745.15,current,M,33,MEDIUM,7.800000000000001,7,261.0,1,16.0
8709,10276,176408.0,7869.76,24862.14,45028.0,2930.68,16453.46,17531.72,15.0,23,10,7,3,17,375000,1,1,1.0,1,68640.0,187788.1,3792.0,17397.0,27191.25,35129.77,70.0,5,12876.0,63212.72,36116.5,7,49,61.4,47891.0,20980.0,9,83,20892.0,Y,13298.25,current,M,42,LOW,11.0,6,445.0,1,8.0
8710,3178,6760.0,10351.55,6137.6,10821.95,13329.11,2341.0,2075.57,44.0,2,47,12,6,26,301000,1,1,1.0,1,48624.7,54388.23,1446.0,20324.0,82184.42,77386.0,91.0,1,53118.0,43861.25,38661.0,7,171,34820.0,18664.09,159446.5,2,80,388145.0,Y,16100.18,current,M,35,MEDIUM,15.0,4,243.0,1,7.0
8711,12285,13484.0,6736.61,3834.0,596.0,4274.84,2652.41,37001.45,19.0,3,35,22,5,3,19000,1,1,1.0,1,1488748.8,332000.0,68000.0,3897.0,145692.51,16157.0,16.0,1,40685.0,117116.0,9762.0,4,23,46575.0,43081.25,9302.0,14,50,33761.0,Y,2697.8,current,M,27,MEDIUM,1.4000000000000001,2,330.0,1,2.0
8712,10602,1161.0,32248.46,3584.0,18514.0,4190.0,558.42,11215.0,3.0,10,9,30,1,68,147000,1,1,1.0,1,41883.6,35000.0,126001.0,10210.0,6663.25,43594.0,55.0,0,40757.0,42344.33,22291.42,9,5,278302.0,170251.16,64862.0,62,42,52846.0,Y,10731.63,current,M,29,MEDIUM,5.4,4,488.0,0,18.0
8713,2117,123867.0,4223.24,780.46,81439.29,36222.87,954.0,2479.0,2.0,84,44,48,44,3,170000,1,1,1.0,1,83400.3,16000.0,536.0,6613.0,170633.18,590257.13,40.0,3,93656.0,17840.13,48789.0,6,86,19050.0,27335.1,32960.0,7,8,64305.0,Y,15322.87,current,M,55,LOW,17.5,2,864.0,1,19.0
8714,17113,5593.0,39661.0,4821.54,4817.87,1962.08,34736.435,5417.0,6.0,5,59,53,6,17,402000,1,1,1.0,1,41883.6,25000.0,25508.0,-5439.0,125694.02,37635.0,16.0,13,85216.0,33793.28,64959.62,50,82,130.0,35419.4,21186.0,14,32,20836.0,Y,4452.44,saving,M,32,MEDIUM,2.4000000000000004,7,315.0,1,12.0
8715,12770,1514.0,64167.38,3549.0,16617.96,26643.0,14782.06,1172.0,4.0,10,4,1,1,64,170000,1,1,1.0,1,1892440.0,26000.0,6100.0,-4324.0,17409.79,92103.0,11.0,4,26438.0,8640.02,66739.08,0,4,19107.0,411.5,32989.0,7,18,83578.0,Y,1836.75,saving,M,50,MEDIUM,12.0,2,950.0,1,4.0
8716,11834,9965.0,16859.1,5283.0,50918.5,232.88,4477.05,2826.13,2.0,99,50,2,4,67,298000,1,1,1.0,1,99984.83,2436.91,462.0,5773.0,10985.46,386245.0,77.0,3,21738.0,30155.66,149898.0,1,18,18374.0,10325.19,27751.0,6,10,108740.0,Y,1838.41,current,M,29,LOW,6.300000000000001,10,653.0,1,7.0
8717,749,17571.0,8800.0,5529.96,5566.0,17099.0,10342.67,956.0,6.0,66,6,4,17,70,153000,1,1,1.0,1,825.0,83402.0,68000.0,-4679.0,41862.67,61948.0,4.0,0,48427.0,19864.75,15832.0,2,24,91796.0,63844.14,30039.0,21,9,41933.0,Y,2431.75,current,M,38,MEDIUM,3.6,2,638.0,1,6.0
8718,8155,2302.0,18912.02,5653.07,1906.74,2133.79,14977.0,854.8,18.0,2,35,15,7,3,26000,1,1,1.0,1,526.25,234459.4,1052.0,2921.0,31253.75,14088.0,11.0,36,70980.0,22345.16,117174.0,1,70,75619.0,96493.15,37113.0,36,50,88095.3,Y,1644.59,current,M,63,MEDIUM,17.2,9,801.0,1,8.0
8719,19955,19410.0,4225.0,4750.0,7720.0,1409.05,2869.0,3671.0,26.0,56,67,4,2,1,34000,1,1,1.0,1,33664.3,50000.0,24619.0,-5998.43994,71906.91,72648.32,90.0,7,15263.0,14818.94,31057.0,6,5,49847.0,52512.27,33479.0,2,40,11145.0,Y,6835.51,current,M,38,MEDIUM,14.4,4,818.0,1,8.0
8720,1082,286826.0,68055.39,4290.0,3698.73,17306.0,2227.51,1248.0,66.0,19,72,22,36,1,98000,1,1,1.0,1,9624.6,101.24,1266.0,-5942.0,128328.6,11179.0,43.0,6,51171.0,2323.0,100200.76,4,12,136000.0,16928.91,251356.0,13,0,37575.0,Y,2528.73,current,M,33,MEDIUM,11.700000000000001,4,928.0,1,15.0
8721,667,17840.0,3205.25,3805.86,16484.07,2045.0,601.0,2683.35,9.0,10,50,2,60,68,150000,1,1,1.0,1,526.25,262178.09,16215.0,-4679.0,28352.38,26846.0,11.0,7,120500.0,175025.54,70191.0,47,46,23559.0,75553.52,18004.0,117,73,38066.0,Y,9957.08,current,M,55,MEDIUM,17.5,7,653.0,1,7.0
8722,3086,17654.0,2456.88,2987.75,5402.0,1025.0,15354.135,701.0,531.0,22,9,3,4,1,272000,1,1,1.0,1,684495.7,83402.0,4198.0,-4324.0,13835.52,210671.69,52.0,3,28570.0,99.0,102521.47,9,14,140000.0,62794.5,33006.0,4,11,26367.0,Y,1632.6,current,M,32,MEDIUM,2.4000000000000004,4,355.0,0,12.0
8723,406,1341.0,50979.91,12643.0,5139.0,2903.75,9040.0,2346.94,7.0,6,47,1,51,1,17000,1,1,1.0,1,12850544.36,24703.0,54101.0,-4664.0,82727.0,25486.0,62.0,1,21982.0,13552.63,60086.0,4,171,87.23,44849.83,88872.0,49,68,27893.0,Y,594.59,current,M,62,MEDIUM,37.800000000000004,3,330.0,1,3.0
8724,15406,16100.0,763.0,9277.44,17607.09,1513.5,13138.5,9091.02,5.0,23,3,3,1,4,186000,1,1,1.0,1,137553.95,145000.0,519.0,2351.0,49598.0,888.0,32.0,5,25158.0,515800.74,70100.0,5,20,210350.0,25488.65,17730.5,4,38,140640.0,Y,941.67,current,M,30,MEDIUM,2.0,8,628.0,1,14.0
8725,7829,15924.0,574.66,5468.0,36679.77,8390.0,7925.345,1172.0,9.0,18,10,1,2,9,520000,1,1,1.0,1,70310.6,186474.96,15756.0,6916.0,163547.99,50888.0,55.0,26,33491.0,23288.23,10518.0,7,87,15780.0,7895.97,327746.0,12,49,116905.0,Y,59.7,current,M,37,MEDIUM,5.1000000000000005,9,968.0,1,2.0
8726,19472,13369.0,4761.845,2706.0,663.0,1149.53,4615.97,1422.0,6.0,19,87,18,36,8,403000,1,1,1.0,1,456.1,5350.0,1209.0,6885.0,35393.68,5129.0,43.0,5,17354.0,28732.75,22725.0,1,70,57415.0,48054.13,31.0,18,7,49442.0,Y,23857.24,current,F,37,LOW,17.0,2,802.0,1,15.0
8727,16540,9908.0,12821.2,2032.0,346.0,9640.95,3059.0,13780.0,67.0,84,13,1,2,54,466000,1,1,1.0,1,9717.55,55000.0,2019.0,-4664.0,40070.0,16094.0,11.0,3,20654.0,42316.22,12007.0,6,11,10700.0,94280.88,15469.85,3,18,125241.0,Y,2861.2,current,M,60,MEDIUM,20.0,2,748.0,0,16.0
8728,1580,10379.0,28212.65,3863.48,6588.25,236.76,7405.0,630.0,6.0,18,59,53,3,54,49999,1,1,1.0,1,160.2,267421.4,20887.0,5464.0,8937.0,54181.99,22.0,4,34313.0,31467.0,147607.0,6,13,25610.0,1088.1,65522.0,40,103,4714.0,Y,7522.08,current,M,35,LOW,15.0,8,631.0,0,15.0
8729,7144,4097.0,3545.84,1468.0,5724.46,10204.52,5169.0,1632.0,25.0,22,67,47,51,26,340000,1,1,1.0,1,668728.4,154121.9,925.0,3897.0,51238.92,68332.3,63.0,2,60350.0,183022.3,33877.0,3,21,31898.0,38117.38,60373.36,12,32,47364.0,Y,18894.02,current,M,40,MEDIUM,4.0,7,685.0,1,11.0
8730,11602,12837.0,8192.58,5431.86,9204.1,6581.0,897.95,4937.0,14.0,5,6,39,1,4,16000,1,1,1.0,1,568.8,18300.0,93651.0,-5715.49022999999,56032.66,158870.0,46.0,1,72241.0,54364.14,200378.0,7,81,108966.0,2003.0,55509.85,2,32,20645.0,Y,3665.45,current,F,35,MEDIUM,6.0,6,466.0,1,7.0
8731,19375,11221.0,8867.5,3033.6,19785.0,1332.85,8236.0,25391.0,44.0,65,35,3,25,37,232000,1,1,1.0,1,34648.75,15036.0,15756.0,16455.0,81839.25,49119.0,2.0,0,17922.0,224687.02,147363.0,45,25,77140.0,39635.78,6160.0,117,2,12299.0,Y,25364.25,current,M,32,MEDIUM,9.600000000000001,2,748.0,0,14.0
8732,11926,305807.0,11019.99,3276.0,19514.97,5563.0,5147.84,831.88,60.0,3,10,2,2,98,406000,1,1,1.0,1,1417886.15,24703.0,10635.0,1954.0,12381.75,18522.0,72.0,2,48186.0,146649.44,49461.0,0,7,47131.0,18149.54,20607.0,94,9,15410.0,Y,316.04,current,M,29,LOW,7.2,1,535.0,1,6.0
8733,4589,18401.0,1950.0,5283.0,5387.0,4783.53,25403.0,7199.0,15.0,3,44,1,51,3,720000,1,1,1.0,1,942327.7,375000.0,72000.0,-6301.0,24305.3,32593.9,7.0,7,41100.0,61974.97,19718.0,3,11,83123.0,29635.12,74656.0,21,50,15630.0,Y,1557.5,current,M,38,LOW,10.8,8,799.0,0,10.0
8734,10957,288646.0,7929.62,3853.75,9870.04,3037.6,3067.0,6059.0,44.0,84,61,1,6,26,453000,1,1,1.0,1,42460.6091,1024477.47,30011.0,5730.0,5768.27,290009.13,4.0,2,36643.0,85554.29,38636.0,43,70,145317.0,118084.54,36803.0,8,18,44485.0,Y,429.36,current,F,118,MEDIUM,49.0,5,966.0,1,19.0
8735,13863,167264.0,31053.59,248.69,3222.77,941.68,7043.25,3218.0,44.0,14,50,1,2,47,17000,1,1,1.0,1,28827.73,16000.0,610000.0,-5942.0,33778.82,49960.0,1.0,1,39282.0,129732.79,26038.0,31,82,12728.0,43296.77,11923.0,2,3,44627.0,Y,64372.37,current,M,34,MEDIUM,9.8,9,974.0,0,11.0
8736,2521,400305.0,7327.0,40718.42,31928.38,2747.82,1170.26,12206.08,43.0,6,61,7,25,1,300000,1,1,1.0,1,47651495.0,255000.0,3850.0,-4664.0,56936.25,57805.0,5.0,13,46951.0,19355.0,17223.0,43,50,35443.0,35236.13,41675.0,11,21,22729.0,Y,4297.86,current,M,56,MEDIUM,3.6,7,374.0,1,9.0
8737,27,12481.0,1530.37,456.0,4685.23,932.41,7178.5,464.73,1.0,2,46,5,4,98,167000,1,1,1.0,1,19265.4,100000.0,565.0,5464.0,3246.56,144898.0,11.0,11,16258.0,16702.78,2746.13,1,8,94771.0,1052233.69,31413.0,93,67,64254.0,Y,1158.44,saving,M,62,MEDIUM,4.2,7,799.0,0,2.0
8738,2373,90223.0,21729.0,408.0,2381.08,5099.0,2304.5,71638.0,44.0,36,61,1,5,8,116000,1,1,1.0,1,17377.25,280000.0,155205.0,1500.0,17789.18,10244.0,2.0,9,24690.0,81477.49,4748.0,24,6,41777.0,9798.0,55537.67,40,83,27458.0,Y,1052.45,saving,M,29,MEDIUM,5.4,3,683.0,1,17.0
8739,3302,9842.0,17423.9,1090.0,1442.53,359.86,16453.4,1630.0,8.0,30,13,4,2,54,232000,1,1,1.0,1,39851.93,152664.0,694.0,6916.0,35984.1,15749.0,90.0,9,24625.0,32594.16,174145.23,7,7,18316.0,7506.4,15024.0,2,32,41523.0,Y,7171.04,current,M,28,LOW,4.800000000000001,10,508.0,1,19.0
8740,14356,94300.0,11975.32,355.0,3969.45,13567.45,2878.2,2639.0,2.0,10,35,7,46,70,423000,1,1,1.0,1,117680.0,30453.0,3975.0,-4679.0,7248.25,15611.0,10.0,36,52559.0,62381.04,61236.0,11,50,145185.0,53578.77,233290.0,6,12,196.94,Y,13429.7,current,M,29,MEDIUM,8.1,9,638.0,1,2.0
8741,19824,103779.0,3614.65,5614.0,4153.63,886.5,3996.0,10377.0,1.0,3,72,1,1,4,461000,1,1,1.0,1,23221.65,107692.0,33330.0,1411.0,34289.96,23506.0,18.0,3,37833.0,57969.65,35261.0,20,108,27658.0,42847.19,36631.75,40,11,76895.8,Y,422.46,saving,M,27,LOW,0.7000000000000001,9,956.0,1,5.0
8742,9316,15574.0,6309.91,20378.0,11922.84,1014.0,5863.25,9488.52,1.0,85,74,22,1,53,232000,1,1,1.0,1,1359.3,74599.9,2644.0,20324.0,30979.0,29505.0,42.0,1,15299.0,52417.98,26341.0,2,14,80045.0,32915.02,112242.0,8,12,32429.0,Y,1674.09,saving,F,30,LOW,3.0,10,957.0,1,19.0
8743,12884,17115.0,15054.0,1215.0,26897.5,1036.0,20914.0,3291.0,8.0,26,23,60,7,47,170000,1,1,1.0,1,937.0,760470.3,24619.0,0.0,100342.24,34899.0,55.0,2,22856.0,11927.0,55025.0,1,23,24566.0,289476.34,668.0,3,3,776.0,Y,18449.14,saving,M,66,LOW,46.0,6,330.0,1,4.0
8744,8707,2084.0,3017.54,5058.0,34941.11,2485.0,1885.36,426.81,10.0,27,87,4,1,39,27000,1,1,1.0,1,161704.0,382191.0,14754.0,1500.0,35440.75,26152.88,62.0,3,38407.0,58847.98,18255.0,43,20,28656.0,44993.47,418546.0,93,103,31901.0,Y,2121.76,current,M,30,MEDIUM,9.0,9,928.0,1,13.0
8745,19134,111.0,2448.575,6751.0,6132.03,3806.0,1720.425,3800.79,24.0,2,30,2,55,10,461000,1,1,1.0,1,225823.8,66.0,20887.0,1079.0,26433.0,11480.0,18.0,1,19937.0,26537.26,47349.72,4,108,175098.0,19870.76,32915.0,58,18,84910.0,Y,4069.67,saving,M,34,HIGH,12.600000000000001,7,614.0,0,5.0
8746,19232,11644.0,9265.98,5225.26,186004.32,3346.56,1377.2,603.64,44.0,30,13,1,1,39,510000,1,1,1.0,1,1581000.0,6574.31,20000.0,0.0,14320.05,48855.34,39.0,1,17922.0,3487.45,69110.87,5,42,4035.0,41037.88,88783.0,2,64,3540.0,Y,3934.66,current,M,44,MEDIUM,21.6,7,245.0,1,18.0
8747,15203,304159.0,14676.0,38339.5,1210.04,48890.0,1792.54,258.0,24.0,28,4,1,1,68,120000,1,1,1.0,1,66191.5,6574.31,12000.0,20513.0,51380.91,33173.0,42.0,4,18011.0,24150.04,34761.0,43,63,98219.0,5272.54,39399.58,4,14,10754.0,Y,7475.72,current,M,47,MEDIUM,8.1,2,836.0,0,11.0
8748,11679,34550.0,39117.33,1074.0,9387.5,5825.28,5929.0,88567.97,26.0,93,11,24,4,12,75000,1,1,1.0,1,26360.0,290000.0,3975.0,1522.0,84275.64,8178.0,3.0,1,272830.0,280417.16,24683.57,5,8,33477.0,38951.46,58825.25,21,80,39878.0,Y,68508.13,current,M,35,LOW,10.5,5,638.0,1,12.0
8749,16227,8367.0,35617.53,5442.0,15868.07,3363.35,3996.0,15647.48,4.0,4,59,7,2,26,120000,1,1,1.0,1,50550.5,119831.0,80000.0,5340.0,63548.5,111554.0,95.0,1,18539.0,22939.0,21013.0,2,20,65358.0,38371.04,17592.74,2,50,27230.18,Y,3076.25,current,M,29,MEDIUM,9.0,9,631.0,1,19.0
8750,14487,13846.0,59291.53,3778.55,10339.67,2837.84,334.0,2773.0,44.0,93,38,3,55,58,124000,1,1,1.0,1,1399.9,145000.0,230000.0,20790.0,6073.0,44675.0,46.0,13,21257.0,43830.07,206376.29,2,29,40869.0,31269.5,10311.59,3,32,270.0,Y,5189.54,current,F,27,MEDIUM,1.4000000000000001,1,748.0,1,11.0
8751,17171,13944.0,3612.19,1999.37,29957.86,332.0,17547.59,5135.0,16.0,10,19,4,16,3,371000,1,1,1.0,1,48675.31,650000.0,28913.0,-6885.0,51805.0,115572.77,18.0,1,19873.0,30621.4,20712.56,1,36,23768.0,371269.44,12432.0,18,12,90026.0,Y,2873.84,current,M,62,MEDIUM,33.6,9,314.0,1,5.0
8752,6792,12597.0,7809.0,9086.56,10861.98,7610.0,12377.69,3493.29,56.0,1,4,57,2,12,313000,1,1,1.0,1,63590.4,77965.0,1633.0,3897.0,252286.33,20501.0,5.0,33,2110.0,49362.45,29595.0,1,27,71180.0,44847.45,28187.0,21,32,24990.0,Y,4883.31,current,M,38,HIGH,3.6,1,535.0,1,17.0
8753,3080,218889.0,15525.11,6068.0,24082.54,4376.0,10348.065,2059.0,5.0,9,35,1,31,80,510000,1,1,1.0,1,42892.75,11982.0,641.0,-12179.0,430162.46,93777.0,77.0,5,16210.0,11954.0,51799.0,11,25,43073.0,24255.0,94493.0,2,50,16421.0,Y,1048.63,current,M,40,MEDIUM,6.0,10,684.0,1,16.0
8754,765,301680.0,8455.35,47895.69,60236.0,14459.15,5667.88,891.0,531.0,37,29,8,5,81,39000,1,1,1.0,1,37916.0,19000.0,583.0,4889.0,64109.89,12751.0,10.0,30,137140.0,34018.83,43779.89,45,50,33224.0,11688.81,16386.0,4,8,29734.0,Y,8700.66,saving,M,42,MEDIUM,17.6,8,882.0,1,16.0
8755,14173,21328.0,7487.46,2171.0,1983.0,126.0,2687.245,8250.0,92.0,30,6,3,21,20,520000,1,1,1.0,1,1500.0,43.0,6100.0,173.0,22022.24,227.0,39.0,1,27934.0,14074.73,37127.76,8,23,21717.0,44284.63,16644.31,9,100,15589.0,Y,9124.94,saving,M,46,MEDIUM,13.0,6,614.0,1,10.0
8756,6532,10381.0,1675.0,3049.0,12783.0,3936.0,10056.0,3636.0,67.0,6,12,4,21,1,147000,1,1,1.0,1,213557.15,399.09,155205.0,12415.0,27225.27,85369.0,42.0,1,38094.0,12753.38,36863.0,70,20,25720.0,56390.22,48061.0,10,24,35412.0,Y,1470.98,current,M,63,MEDIUM,12.9,10,566.0,1,17.0
8757,18158,13068.0,18538.0,1385.32,20349.0,1256.25,8434.0,13662.0,136.0,5,47,10,25,8,28000,1,1,1.0,1,111.0,194099.3,15477.0,8572.0,33803.73,6800.4,4.0,43,48.91,19946.66,42794.0,43,46,53086.0,135345.61,15616.0,2,38,13382.0,Y,1867.86,current,M,27,LOW,4.2,2,299.0,1,9.0
8758,15626,17816.0,27797.27,14034.0,11156.89,12604.99,3978.015,1841.35,1.0,4,20,50,38,55,28000,1,1,1.0,1,213557.15,191000.0,300500.0,-5715.49022999999,49437.8,152525.0,5.0,0,12615.0,26975.29,169247.87,9,171,19592.0,110735.54,31408.0,2,63,23326.0,Y,1391.56,saving,M,55,MEDIUM,14.0,1,446.0,1,16.0
8759,3907,231491.0,23293.73,823.0,14183.42,16831.5,62665.0,2685.0,17.0,36,653,48,1,56,34000,1,1,1.0,1,10725.8,400000.0,8060.0,6916.0,10313.0,152525.0,5.0,26,121000.0,18422.5,21830.0,2,20,73500.0,31571.26,68287.0,9,24,26324.0,Y,1116.15,current,M,37,LOW,1.7000000000000002,4,249.0,1,11.0
8760,13266,95029.0,10300.5,10966.59,2143.8,3447.0,2999.075,5356.52,531.0,601,49,3,60,80,408000,1,1,1.0,1,6100.0,25404.0,3975.0,9415.0,55780.05,64252.37,46.0,9,3112.0,2626.0,122681.0,4,28,10816.0,122017.59,20725.46,21,11,117554.0,Y,2054.15,current,M,55,MEDIUM,14.0,7,394.0,0,20.0
8761,1406,1592.0,29439.1,474.0,707.93,538.0,2871.0,444.0,10.0,5,30,48,2,98,124000,1,1,1.0,1,52209.5,18000.0,908.0,-4679.0,15260.14,46631.76,32.0,36,1500000.0,89066.72,27892.0,11,29,1700.0,17405.54,16123.0,9,72,24723.0,Y,4540.43,current,M,34,MEDIUM,2.8000000000000003,1,366.0,1,7.0
8762,5433,13578.0,11616.0,562.0,5038.16,17010.0,1461.25,1068.0,7.0,9,30,53,14,80,350000,1,1,1.0,1,140291.6,14000.0,78309.0,14509.0,63275.0,69489.0,18.0,1,24716.0,54972.45,19862.0,5,29,30784.0,28126.76,60960.0,3,80,17978.0,Y,123918.2,current,M,30,MEDIUM,4.0,1,647.0,0,13.0
8763,4469,6015.0,1703.09,976.01,1354.0,3662.0,8566.0,1385.0,24.0,3,9,1,1,1,116000,1,1,1.0,1,117680.0,35000.0,68000.0,-5998.43994,53316.96,27009.0,11.0,7,18372.0,19782.57,118291.0,42,14,67363.54,45143.06,56094.0,2,96,63358.48,Y,7937.05,current,M,60,MEDIUM,36.0,5,511.0,0,5.0
8764,2487,134463.0,53325.0,1642.12,4399.91,402.0,14012.25,2782.0,44.0,5,20,21,3,11,67000,1,1,1.0,1,365855.6,35421.67,3975.0,1465.0,4975.75,57184.37,3.0,1,38330.0,70948.93,25610.0,2,46,22547.0,44449.63,12316.0,2,106,15868.0,Y,1888.11,saving,M,55,LOW,14.0,5,958.0,1,2.0
8765,6933,18102.0,603.86,1279.0,1329.09,5538.5,9655.25,3485.0,14.0,30,8,3,1,2,199999,1,1,1.0,1,419327.23,1187335.5,5797.0,1500.0,137994.74,25313.0,3.0,17,18071.0,256842.0,74145.0,5,70,143859.0,524.0,90855.0,2,73,42198.0,Y,335.87,current,M,39,LOW,3.8000000000000003,10,454.0,0,19.0
8766,19916,134999.0,1373.69,1151.5,2778.42,301.99,42425.055,16682.93,531.0,17,32,82,71,1,47000,1,1,1.0,1,1892440.0,100934.0,14904.0,-5942.0,128768.25,35552.0,42.0,31,19718.0,72104.3,54570.0,2,8,85359.2,104879.4,40019.79,16,50,49232.0,Y,5069.27,current,M,222,MEDIUM,80.80000000000001,6,256.0,0,2.0
8767,8934,18710.0,7252.19,5129.93,2958.44,69114.0,2077.94,4171.04,32.0,43,79,10,3,10,263000,1,1,1.0,1,181073.75,1372927.14,73217.0,12174.0,3797.0,12413.0,11.0,1,40139.0,1650.0,252200.37,6,14,1000.0,83154.0,31554.0,4,11,63651.62,Y,3241.26,current,M,66,MEDIUM,46.0,8,261.0,0,18.0
8768,6780,3974.0,31607.04,2372.0,11716.39,700.0,749.0,276.96,26.0,3,13,12,18,8,263000,1,1,1.0,1,7300.0,397463.9,78309.0,24326.0,10403.09,39794.0,32.0,7,5950.0,72045.09,22823.11,5,5,19220.0,60428.39,46249.0,1,103,24698.0,Y,8649.64,saving,F,47,MEDIUM,27.0,1,270.0,1,20.0
8769,6370,4537.0,12643.16,11382.0,12853.48,5538.5,2359.0,2864.0,4.0,29,17,8,25,1,100000,1,1,1.0,1,298492.0,132324.01,6000.0,-3506.17993,19381.25,102457.0,39.0,26,21538.0,141804.25,66906.0,17,81,6032.0,5118.0,194857.0,3,22,35714.0,Y,620.84,current,M,47,MEDIUM,10.8,10,516.0,1,6.0
8770,18138,2901.0,5378.0,286.0,22822.99,9159.0,3980.94,2951.0,1.0,5,2,26,3,17,528000,1,1,1.0,1,365855.6,400000.0,12016.0,5439.0,247597.51,165.18,4.0,1,63082.35,86726.92,29964.0,7,1,33000.0,38894.19,126454.0,22,2,153828.0,Y,6335.95,current,M,32,LOW,12.0,5,267.0,0,15.0
8771,19203,7721.0,2965.0,2403.84,17339.25,574.0,951.56,3891.73,24.0,1,7,3,16,42,47000,1,1,1.0,1,53374.97,308615.5,597.0,418.0,74375.51,178340.0,7.0,4,40206.0,30968.4,35413.0,6,171,59767.0,49169.55,17552.38,94,18,23795.0,Y,2789.89,saving,M,49,HIGH,26.1,2,269.0,1,18.0
8772,8432,4857.0,1490.07,57262.0,10326.83,2553.28,10257.155,1418.0,4.0,29,72,50,3,64,352000,1,1,1.0,1,10725.8,119831.0,90525.0,844.0,21285.15,13162.0,12.0,13,102124.0,166641.35,63726.0,1,82,6573.0,946721.56,51804.23,8,18,27033.0,Y,4046.51,saving,M,29,MEDIUM,7.2,10,686.0,1,2.0
8773,7648,170941.0,5139.86,3994.8,9531.0,4244.68,9145.97,2942.22,15.0,10,27,2,1,81,67000,1,1,1.0,1,42460.6091,33668.0,68000.0,3897.0,246.25,56859.0,32.0,4,131615.0,42626.14,15373.8,5,81,20083.0,27594.17,14769.0,62,12,16020.0,Y,30.0,current,M,47,LOW,8.1,2,516.0,1,2.0
8774,3283,141058.0,81876.0,3393.0,49748.8,6564.0,6304.805,1188.0,26.0,1,47,52,23,1,595000,1,1,1.0,1,60800.0,51850.0,3000.0,4314.0,68261.4,30923.0,69.0,19,46533.0,11453.0,165293.17,2,4,74020.42,47846.16,149724.0,3,64,21617.0,Y,1112.62,current,F,34,MEDIUM,9.8,6,743.0,1,15.0
8775,19014,10269.0,10062.86,242.0,23477.64,7322.0,105628.0,6029.0,26.0,6,11,8,6,6,216000,1,1,1.0,1,4839.6,160498.0,24125.0,5340.0,38457.59,244717.65,46.0,2,42168.01,41087.92,37422.74,6,14,65967.0,36858.81,527733.0,13,58,36915.0,Y,55059.89,current,M,33,MEDIUM,1.3,7,801.0,0,11.0
8776,16432,7134.0,1769.0,354.0,5310.0,23542.0,9953.0,901.25,3.0,3,47,18,16,6,352000,1,1,1.0,1,5215.0,172131.0,3975.0,6885.0,66113.98,90534.36,6.0,2,68714.0,4755.54,41427.0,5,36,12559.0,38371.81,36030.23,6,83,88907.0,Y,3849.24,current,F,38,HIGH,16.2,5,268.0,1,4.0
8777,1583,18614.0,2304.57,6852.0,3500.84,2464.56,690.51,819.0,26.0,5,7,24,21,2,480000,1,1,1.0,1,120285.0,191000.0,39389.0,1500.0,38403.5,45175.0,24.0,19,48098.0,30728.42,37589.0,5,7,24869.0,6111.75,12376.36,5,79,21976.0,Y,99671.73,saving,M,30,MEDIUM,5.0,7,269.0,0,18.0
8778,5147,17317.0,31405.0,3925.02,2793.96,2483.0,4818.0,26595.0,4.0,23,82,3,18,47,26000,1,1,1.0,1,20177.4,118976.0,28985.0,167.0,66426.29,365.6,7.0,3,12815.0,53331.5,249541.0,43,20,25918.0,25695.36,21434.0,6,80,52127.0,Y,11284.18,current,M,32,LOW,1.2000000000000002,3,801.0,1,20.0
8779,7893,20335.0,10428.37,10091.23,39780.1,1643.5,1670.52,6041.0,19.0,36,20,1,27,9,304000,1,1,1.0,1,690.0,42723.0,1036.0,-5715.49022999999,12381.75,31282.0,22.0,36,21687.0,138802.38,231578.0,9,81,17025.0,73813.5,20618.0,4,79,24810.0,Y,4684.63,current,M,38,MEDIUM,12.600000000000001,2,512.0,1,8.0
8780,3277,12202.0,4145.56,16020.0,3240.0,1823.84,28656.72,236.0,29.0,34,74,4,1,30,218000,1,1,1.0,1,2173459.0,71944.5,48950.0,3897.0,24174.65,129470.0,86.0,5,26345.29,3830.32,683.42,42,14,24438.0,57048.23,68754.78,47,24,46142.58,Y,5505.44,current,M,34,MEDIUM,2.8000000000000003,2,374.0,1,15.0
8781,17353,3431.0,9304.07,1425.0,7040.23,15243.0,29711.02,2158.0,6.0,2,13,2,27,47,391000,1,1,1.0,1,70310.6,93.35,4812.0,0.0,38529.35,98627.0,3.0,35,44528.0,420881.28,37464.27,0,12,27193.0,114465.5,163390.21,21,80,36974.0,Y,3044.03,current,M,50,MEDIUM,27.0,6,639.0,1,16.0
8782,16526,19619.0,32142.0,2258.31,11008.91,4622.23,9267.0,2555.3,7.0,99,13,1,2,30,369000,1,1,1.0,1,0.35,60481.0,1630.0,17080.0,22961.0,5202.0,3.0,2,25626.0,42065.02,102238.0,1,1,11111.0,3331.5,17432.0,5,58,21116.0,Y,9626.63,current,M,30,MEDIUM,4.0,2,270.0,1,17.0
8783,2077,18789.0,14028.49,5803.0,1474.59,6581.0,10063.0,298.0,18.0,65,9,4,11,3,378000,1,1,1.0,1,2216.0,5241.0,51520.0,4512.0,71369.39,16073.0,77.0,7,32683.0,31640.47,40061.0,5,82,7940.0,99691.25,44085.0,6,79,50415.22,Y,123.79,current,F,66,MEDIUM,23.0,5,394.0,1,3.0
8784,8209,19538.0,4869.24,1686.0,181849.14,382.0,5210.385,4139.0,24.0,34,44,52,2,47,371000,1,1,1.0,1,29424.37,63000.0,1633.0,-6885.0,336285.39,130010.0,55.0,17,38419.0,42300.43,164524.4,2,8,46064.0,10196.0,38169.0,12,12,63170.0,Y,1713.03,current,M,66,HIGH,41.400000000000006,9,710.0,1,13.0
8785,12722,15215.0,63190.34,5781.42,24164.1,3929.5,4303.0,5299.0,2.0,16,6,1,62,47,476000,1,1,1.0,1,4230125.0,356899.37,731.0,-5439.0,236132.08,9566.91,11.0,7,21764.0,63509.0,25687.4,11,5,17971.0,18114.75,76011.93,5,63,110.0,Y,1998.76,current,F,28,MEDIUM,3.2,1,574.0,1,14.0
8786,2466,19142.0,45335.97,1703.0,4201.29,549.0,4096.98,15292.85,1.0,18,2,24,1,10,156000,1,1,1.0,1,17377.25,20500.0,230000.0,12174.0,238745.43,245240.91,11.0,5,24160.0,20631.25,161255.0,6,17,18626.0,111476.66,41723.0,14,83,36026.0,Y,15722.87,current,M,29,MEDIUM,9.0,4,723.0,1,9.0
8787,10061,6985.0,13300.49,2091.13,7141.46,4337.6,2344.5,2486.2,15.0,5,50,1,5,1,319000,1,1,1.0,1,58928.67,11772.76,925.0,0.0,168799.5,46795.0,4.0,3,24738.0,73308.71,23897.0,2,20,27536.0,118499.09,40445.0,8,8,51332.0,Y,727.33,saving,F,30,MEDIUM,8.0,3,805.0,0,8.0
8788,2193,14449.0,6582.55,38698.09,5100.01,2557.5,4718.57,2921.0,63.0,99,74,30,15,18,256000,1,1,1.0,1,489773.55,992890.32,500.0,-4324.0,913124.69,29084.0,43.0,35,19110.0,43321.31,24383.0,0,82,28697.91,31414.09,45052.0,7,58,285.0,Y,3384.07,saving,F,44,LOW,4.800000000000001,3,748.0,1,14.0
8789,7884,23712.0,3451.55,559.0,1027.31,1523.0,25951.0,8849.34,2.0,22,50,3,26,2,293000,1,1,1.0,1,4614669.901,107692.0,678.0,1014.0,30636.25,102480.0,1.0,4,23760.0,49875.27,33320.63,5,81,86134.0,47356.52,100111.79,94,25,82438.0,Y,107.98,current,M,32,MEDIUM,3.6,5,950.0,1,8.0
8790,927,289107.0,12704.67,2225.49,9003.15,17477.0,2022.0,2075.52,7.0,18,46,53,2,79,375000,1,1,1.0,1,20747.5,253000.0,28912.0,1411.0,95044.0,154598.0,90.0,2,48299.0,38116.0,35671.0,30,82,24922.0,315576.28,13850.0,5,101,44167.0,Y,6142.08,current,M,37,MEDIUM,13.600000000000001,6,864.0,0,10.0
8791,1566,13836.0,7504.0,619.0,5525.47,1210.0,6850.5,4597.0,531.0,7,112,8,4,8,290000,1,1,1.0,1,36122.87,128314.74,4895.0,-5439.0,48005.28,76502.0,77.0,31,37331.0,28759.0,15164.0,50,8,44972.0,18771.07,67558.17,10,21,12614.0,Y,25375.27,current,M,34,MEDIUM,4.2,3,299.0,0,17.0
8792,6062,16561.0,57144.1,354.0,19514.97,10246.0,5217.91,1729.0,63.0,46,6,60,14,2,184000,1,1,1.0,1,9784.1,446457.0,2214.0,3735.0,24740.98,52400.99,59.0,3,65498.0,133436.86,621.0,1,63,30150.0,33444.0,37613.0,47,15,131989.0,Y,7034.35,current,F,27,LOW,6.300000000000001,3,801.0,1,2.0
8793,7197,11254.0,2269.25,3994.8,13444.22,2816.8,5042.0,4424.0,26.0,6,1,1,2,1,327000,1,1,1.0,1,8209320.0,14000.0,519.0,1444.0,77820.0,18416.0,63.0,4,52288.0,26103.0,41699.0,43,0,133932.0,8636.83,161034.0,7,79,14741.0,Y,771.6,current,M,32,MEDIUM,1.2000000000000002,6,355.0,1,10.0
8794,590,11139.0,15461.84,997.7,3878.11,94243.29,43421.0,11149.98,1.0,84,47,3,2,42,345000,1,1,1.0,1,825.0,142608.5,2156.0,6916.0,139852.04,48744.0,4.0,3,21496.11,24385.31,65116.0,31,20,122301.0,51061.98,34162.0,3,49,73263.0,Y,273.48,current,M,38,LOW,3.6,9,684.0,0,18.0
8795,14384,12135.0,4845.19,407.0,41483.13,20221.0,9287.58,367.0,92.0,6,27,47,55,6,520000,1,1,1.0,1,2184.0,64491.0,536.0,0.0,398.25,26815.0,2.0,26,45947.0,36368.96,56161.8,11,8,18842.0,75765.33,50777.0,43,18,16762.0,Y,16626.28,current,M,33,MEDIUM,13.0,2,656.0,1,13.0
8796,9370,5441.0,9671.0,306.8,12381.55,5282.0,12215.95,1127.0,1.0,7,35,8,7,64,138000,1,1,1.0,1,291969.2,71000.0,48950.0,-3053.0,96641.86,31172.2,4.0,4,33990.0,75780.87,26821.0,70,86,19301.0,32352.21,1179066.6,7,3,16762.0,Y,19712.5,current,M,35,HIGH,10.5,2,866.0,1,12.0
8797,7486,414.0,2901.48,4202.0,1454.34,13847.0,18554.71,758.0,6.0,77,5,12,3,79,296000,1,1,1.0,1,32877.41,68663.61,14771.0,3897.0,84623.13,58765.0,16.0,3,400.0,173134.15,33748.0,1,9,13501.0,20770.12,48937.0,12,83,152988.0,Y,1877.42,current,M,42,MEDIUM,15.4,3,755.0,1,14.0
8798,19929,400234.0,63924.54,2621.0,6990.69,2057.0,24418.77,863.0,3.0,36,60,42,1,80,525000,1,1,1.0,1,3950.0,1084598.7,16215.0,8572.0,47958.58,67699.0,6.0,36,31560.0,119470.04,294701.0,1,27,79950.0,3514.79,38005.0,4,58,60117.0,Y,689.83,current,M,34,MEDIUM,9.8,8,812.0,1,20.0
8799,15505,5718.0,12295.4,492.0,57935.12,7328.95,7354.74,5300.0,31.0,9,82,8,2,4,16000,1,1,1.0,1,825.0,117890.0,50000.0,3735.0,17049.28,14566.0,4.0,6,213400.0,24472.0,35276.0,5,8,188115.0,477521.38,40149.0,3,12,34404.0,Y,12326.36,current,M,35,MEDIUM,3.0,5,299.0,1,7.0
8800,16776,28.0,10536.17,5562.0,14283.38,3712.0,262.0,764.0,44.0,1,67,1,44,67,306000,1,1,1.0,1,13279.75,376600.5,43798.0,20324.0,9979.07,31959.0,39.0,36,37451.0,15637.08,64022.0,3,8,26497.0,44584.63,98248.28,2,38,11913.0,Y,3796.29,current,M,38,LOW,16.2,6,626.0,1,2.0
8801,12168,2984.0,18333.0,496.72,1589.0,1585.0,7178.5,1680.36,4.0,99,3,50,3,47,84000,1,1,1.0,1,13279.75,446457.0,12016.0,173.0,150182.23,35194.0,18.0,1,469.0,111030.51,38527.0,2,20,3496.0,44531.06,26037.0,2,65,122.0,Y,7801.21,current,M,25,MEDIUM,4.0,8,606.0,1,10.0
8802,14349,6810.0,24262.8,10540.2,34113.89,10474.0,11474.0,2727.0,12.0,3,85,1,15,3,448000,1,1,1.0,1,89908.8,110135.86,49975.0,35346.0,41018.05,10066.0,89.0,0,43628.0,7678.0,100244.38,45,78,900000.0,51390.76,18652.0,3,26,22167.0,Y,3860.77,current,M,53,LOW,19.8,8,882.0,1,5.0
8803,13624,16254.0,14155.27,5617.0,915.37,6324.19,27912.35,4893.0,6.0,128,9,1,3,56,39000,1,1,1.0,1,9649.6,184514.0,643.0,977.0,159232.0,110976.0,82.0,3,16455.0,31907.9,41789.0,5,18,121289.0,37436.74,49053.5,4,38,24054.0,Y,4367.25,saving,F,58,MEDIUM,38.0,2,258.0,0,6.0
8804,15736,310449.0,9402.0,4045.0,28724.4,5538.5,6422.5,742.88,5.0,99,9,4,2,11,373000,1,1,1.0,1,153410.0,234459.4,519.0,6885.0,37624.13,14225.0,11.0,0,13410.0,6171.76,82868.0,0,6,8052.0,46296.17,78188.0,47,18,86035.0,Y,3654.34,current,F,46,LOW,15.600000000000001,10,588.0,0,17.0
8805,15560,5683.0,5490.68,10966.59,3393.5,1644.0,42362.7,11432.0,8.0,56,50,6,62,31,46000,1,1,1.0,1,1674.4,10947.0,1727.0,1332.0,32641.0,91535.77,69.0,43,30118.0,33442.5,41564.5,11,42,19072.0,38991.28,33422.65,11,63,25805.0,Y,685.88,saving,M,56,LOW,28.8,9,588.0,0,8.0
8806,334,182820.0,21633.05,7303.92,18599.0,2220.0,5451.0,8713.0,2.0,47,87,42,55,1,393000,1,1,1.0,1,384550.05,46500.0,925.0,6613.0,31299.0,144898.0,5.0,1,142500.0,17147.89,257563.0,2,18,27063.8,30685.5,25461.0,6,42,25845.0,Y,3750.0,current,M,27,LOW,4.9,8,448.0,1,13.0
8807,5812,225705.0,3489.215,152099.0,3676.45,7687.0,2879.0,318.87,56.0,17,71,2,15,14,39000,1,1,1.0,1,229435.05,537476.4,25639.0,8362.0,98658.81,26917.0,36.0,0,48427.0,23076.88,115238.93,20,82,242217.0,36729.0,22289.21,8,18,39170.0,Y,12822.26,current,M,223,LOW,20.3,6,628.0,0,16.0
8808,2921,135238.0,26439.82,3285.8,9603.1,1975.84,4637.525,2463.0,25.0,1,6,82,1,26,256000,1,1,1.0,1,306961.5,385218.7,1018.0,-4664.0,66254.5,9418.0,4.0,2,4075.0,41170.15,32492.86,43,42,39070.0,33338.0,32609.0,6,11,19627.0,Y,9447.27,saving,M,53,MEDIUM,33.0,4,247.0,0,17.0
8809,3775,16537.0,37935.635,3731.0,4817.87,1125.0,2662.0,8132.0,63.0,56,16,30,25,12,276000,1,1,1.0,1,166331.66,232235.65,731.0,1500.0,213.25,87842.0,37.0,1,24260.0,5685.9,260085.0,1,46,458.92,137772.83,45272.0,3,50,31196.0,Y,1814.39,current,F,66,MEDIUM,23.0,3,860.0,1,5.0
8810,7442,163755.0,8143.0,9748.7,1030.0,4197.0,12599.0,1127.0,6.0,99,4,3,2,80,358000,1,1,1.0,1,1955.6,589.39,4458.0,691.0,477866.23,67600.81,12.0,35,35675.0,26072.72,24090.0,3,77,58036.0,97244.5,110181.0,40,0,28175.0,Y,1059.14,current,M,42,LOW,8.8,9,710.0,1,9.0
8811,3621,8260.0,4713.74,10427.61,4860.0,13383.72,38590.5,38753.0,531.0,23,4,2,46,34,520000,1,1,1.0,1,1665.0,25404.0,155205.0,0.0,69646.95,39896.0,69.0,4,21623.0,88254.0,84185.0,2,20,29143.0,121549.0,483296.06,13,8,23589.0,Y,10526.97,current,M,30,LOW,10.0,5,799.0,1,16.0
8812,5839,5308.0,8778.86,10544.0,12605.76,11988.89,5638.195,1798.19,6.0,10,13,4,3,2,28000,1,1,1.0,1,5210.85,48087.25,54101.0,35346.0,126861.88,10291.0,7.0,4,14956.0,118380.51,154503.4,70,0,560.0,120438.5,189206.19,12,57,78.0,Y,1514.08,current,M,27,MEDIUM,7.0,10,394.0,1,7.0
8813,11612,1171.0,3390.69,9089.0,4651.0,1492.11,779.48,6329.95,26.0,5,27,5,1,9,293000,1,1,1.0,1,322.02,232235.65,34550.0,1992.0,65806.03,41735.19,55.0,4,16897.0,23288.23,152.5,1,81,30543.0,44159.55,33416.14,39,39,28351.0,Y,1283.11,current,M,55,MEDIUM,24.5,4,249.0,1,10.0
8814,13062,14010.0,18584.0,6452.0,12570.0,9817.88,6867.0,2629.84,531.0,23,90,1,38,3,170000,1,1,1.0,1,568.8,655638.0,37274.0,-5439.0,13027.57,127139.0,10.0,4,56464.0,351288.99,112784.27,3,86,99969.0,201410.96,26861.0,4,76,151163.0,Y,10533.87,current,M,38,MEDIUM,14.4,4,269.0,1,3.0
8815,3586,11012.0,12174.73,54611.24,34552.56,3187.12,22122.225,1010.0,6.0,2,16,2,5,30,345000,1,1,1.0,1,33784.35,110000.0,3975.0,553.0,77439.24,134059.0,46.0,1,15240.0,45007.11,15241.0,0,16,71847.0,22242.62,65142.01,19,80,39373.0,Y,3578.17,current,M,30,LOW,4.0,2,534.0,0,13.0
8816,5319,6224.0,24342.65,5706.24,142097.0,354.0,1486.52,1132.04,1.0,5,7,4,2,14,345000,1,1,1.0,1,6100.0,225000.0,49975.0,5340.0,41707.0,55392.0,42.0,2,18470.0,3071.0,15593.0,3,108,19287.0,176372.75,25469.0,38,14,32192.09,Y,3847.15,saving,M,30,HIGH,6.0,1,538.0,0,16.0
8817,8406,11829.0,3414.0,4176.0,4777.0,963.24,990.0,925.34,9.0,5,10,2,12,6,505000,1,1,1.0,1,17377.25,135552.85,12500.0,3735.0,6760.25,60709.01,29.0,2,38598.0,38258.13,22758.19,3,21,19545.0,72850.64,228767.69,12,42,70000.0,Y,33874.7,current,F,27,LOW,0.7000000000000001,5,725.0,1,13.0
8818,14264,128230.0,59412.0,1533.68,1860.27,3516.0,13231.25,1729.0,24.0,13,74,15,1,1,423000,1,1,1.0,1,15250.79,50000.0,1036.0,1014.0,31225.36,53759.0,5.0,26,10014.0,13645.0,23881.0,2,50,24893.0,32160.33,2941.0,12,57,87706.0,Y,5646.55,saving,M,53,LOW,3.3000000000000003,9,799.0,0,13.0
8819,1853,8259.0,22740.08,40718.42,4481.0,12112.0,2279.92,4772.0,25.0,36,16,20,62,4,155000,1,1,1.0,1,825.0,43545.0,4699.0,5350.0,14912.0,131954.0,63.0,3,87127.0,17869.19,172.86,2,81,108000.0,15134.28,21135.0,47,79,135317.0,Y,198.99,current,F,66,LOW,41.400000000000006,4,633.0,1,17.0
8820,5823,164.0,4672.36,2027.0,6350.25,3443.0,10546.0,1706.32,15.0,10,50,41,12,4,402000,1,1,1.0,1,293418.75,240000.0,30040.0,-5998.43994,24171.31,62999.0,91.0,7,22360.0,31882.66,12098.0,47,29,4360.0,24103.75,62230.0,36,42,123940.0,Y,1288.3,current,M,32,MEDIUM,12.0,8,945.0,1,10.0
8821,3019,10933.0,5336.0,2994.98,8674.83,152.1,11145.0,7754.0,6.0,10,6,21,18,41,114000,1,1,1.0,1,52209.5,429273.4,5797.0,1954.0,28033.25,131822.74,24.0,1,19873.0,97883.08,27499.0,2,18,71847.0,29200.57,18091.75,14,9,35053.0,Y,161.23,current,M,30,MEDIUM,6.0,10,485.0,1,4.0
8822,1700,286353.0,2668.92,8934.0,33843.22,2120.47,14372.555,23865.0,16.0,56,5,20,15,1,25000,1,1,1.0,1,165907.57,385218.7,230000.0,6885.0,13006.47,66722.0,90.0,3,33300.0,33185.26,51119.0,0,108,234584.0,65123.82,41510.0,10,22,54868.0,Y,19646.49,saving,M,30,LOW,5.0,7,395.0,0,12.0
8823,3560,3451.0,6117.0,3840.0,16447.18,448.0,17178.03,3338.0,17.0,26,44,62,25,79,267000,1,1,1.0,1,2216.0,232524.0,11379.0,2921.0,56524.0,145110.38,20.0,6,32317.0,29276.19,180123.0,1,23,14269.0,12028.43,84175.16,93,58,32556.28,Y,4.74,current,F,44,LOW,16.8,7,503.0,1,13.0
8824,13095,7031.0,17253.0,3358.4,11166.66,12112.0,3427.0,1140.0,60.0,128,44,10,2,3,256000,1,1,1.0,1,27316.5,340000.0,130000.0,6885.0,244972.0,67890.0,29.0,13,77896.0,23942.51,24582.0,0,50,142795.77,36605.22,88939.76,8,1,32648.0,Y,1814.73,current,M,50,LOW,24.0,9,966.0,0,16.0
8825,70,3870.0,4786.17,12587.0,3125.78,2456.29,5191.5,1195.0,8.0,3,5,18,4,41,167000,1,1,1.0,1,168265.55,376694.91,67696.0,6885.0,36423.92,70251.0,4.0,19,15253.0,87979.9,34753.07,1,82,21447.0,135456.75,63515.0,2,18,1999.22,Y,102216.02,saving,M,47,LOW,21.6,2,395.0,1,4.0
8826,10660,115764.0,1242.0,2030.52,9531.0,1389.0,4580.0,3667.0,15.0,1,64,5,6,79,186000,1,1,1.0,1,5809950.0,1372927.14,4458.0,1500.0,51936.19,60060.0,40.0,28,41719.0,202441.75,7782.0,5,5,21263.0,32458.62,40247.79,93,63,37485.0,Y,18449.14,current,M,37,MEDIUM,6.800000000000001,9,614.0,1,19.0
8827,6451,11010.0,6251.0,10802.0,7097.9,4512.85,1378.86,559.0,6.0,1,50,15,51,58,225000,1,1,1.0,1,175200.0,156215.3,4367.0,7478.0,43256.43,1183759.0,6.0,35,35030.0,20449.8,2213.0,3,171,14136.0,63125.5,49235.0,3,65,25122.0,Y,3933.62,current,M,47,MEDIUM,24.3,3,658.0,1,12.0
8828,4422,15113.0,3658.0,518.0,3349.07,7329.0,2028.5,568.0,12.0,18,84,1,45,8,579000,1,1,1.0,1,47.45,730000.0,1727.0,167.0,56897.5,48318.51,11.0,4,20614.0,26302.0,128857.0,8,11,16145.0,168414.65,23683.0,18,83,14334.0,Y,3323.63,current,M,27,HIGH,2.8000000000000003,8,488.0,0,6.0
8829,6402,11893.0,7862.43,1087.0,9130.98,1204.0,2759.0,1483.0,6.0,84,7,48,36,47,287000,1,1,1.0,1,3101.3,202560.0,96558.0,1992.0,60761.95,71031.0,42.0,30,74953.0,48591.54,9790.78,3,6,32520.0,13960.08,61331.0,117,124,44378.0,Y,17.07,current,M,44,MEDIUM,19.200000000000003,10,864.0,1,3.0
8830,10207,206769.0,15192.55,6972.0,11533.5,13847.0,7666.06,15428.54,17.0,99,6,47,6,11,136000,1,1,1.0,1,168.75,3084.5,462.0,14509.0,18623.01,55305.58,32.0,15,36753.0,12657.0,52742.0,6,82,26.25,18974.01,26745.0,94,6,28970.0,Y,5559.52,current,M,28,LOW,0.8,1,737.0,1,20.0
8831,8358,19465.0,123820.61,16453.77,36797.14,3759.0,707.52,3328.34,26.0,3,3,1,9,4,720000,1,1,1.0,1,185669.2,730000.0,43798.0,-5439.0,152005.74,60247.0,72.0,7,31377.0,16673.75,50123.0,24,46,13387.0,91013.0,23987.5,1,73,39000.0,Y,2334.34,current,F,33,MEDIUM,7.800000000000001,8,796.0,0,8.0
8832,695,7935.0,9815.1,7944.0,36541.04,5920.84,7055.0,8288.0,18.0,43,60,1,23,47,400000,1,1,1.0,1,55458.53,10701.0,4198.0,20513.0,152306.5,12581.5,16.0,3,36500.0,18422.5,71737.42,12,27,13069.0,30744.0,46118.0,4,79,47428.0,Y,13032.57,current,M,42,MEDIUM,2.2,6,424.0,0,6.0
8833,3749,14369.0,2653.0,9089.0,15968.0,1396.12,1759.745,1470.53,101.0,47,47,4,2,14,272000,1,1,1.0,1,46451.38,114.74,16068.0,6441.0,33083.74,54673.0,7.0,26,330465.0,25111.5,88276.0,2,8,13069.0,90504.0,4390.33,5,120,20245.0,Y,2945.28,current,F,56,LOW,32.4,1,921.0,1,4.0
8834,702,12479.0,2956.04,1735.4,22741.97,10550.82,2930.0,1376.0,16.0,1,18,2,4,8,520000,1,1,1.0,1,107686.46,1475000.0,25728.0,14509.0,21090.0,24408.0,69.0,4,52612.0,24928.73,12055.0,9,40,16946.0,113362.78,72600.0,47,50,28313.0,Y,10333.72,current,M,60,HIGH,12.0,9,693.0,1,15.0
8835,270,35112.0,44365.9,6838.04,11846.0,1485.59,1443.0,464.73,6.0,14,44,1,3,10,58000,1,1,1.0,1,138272.2,1244.14,8060.0,3897.0,99153.76,64506.0,16.0,36,142500.0,21003.33,33081.0,2,46,45449.0,39547.23,14728.0,6,83,350442.0,Y,2895.71,saving,M,27,LOW,7.0,3,686.0,0,11.0
8836,18199,10230.0,4741.15,1027.43,12109.82,411.0,12871.0,589.0,2.0,29,84,4,25,42,524000,1,1,1.0,1,127004.3,248710.0,3570.0,-4679.0,27204.18,47010.0,11.0,2,64800.0,27038.0,198877.0,4,20,41101.0,63426.5,90594.0,12,0,24071.0,Y,9555.63,current,M,53,LOW,26.400000000000002,1,623.0,1,7.0
8837,9948,32956.0,37752.41,6042.01,21758.0,284.0,3849.0,1058.0,24.0,23,3,1,14,25,59000,1,1,1.0,1,1359.3,1475000.0,5540.0,553.0,147406.25,47673.53,39.0,7,21730.0,5130.0,38661.0,2,24,16360.0,194034.55,163574.75,11,113,8769.0,Y,1332.18,saving,F,37,LOW,6.800000000000001,10,485.0,1,7.0
8838,2013,18335.0,5344.7,10544.0,16555.14,1481.0,675.0,9351.0,63.0,85,5,60,9,81,15000,1,1,1.0,1,65640.0,40000.0,519.0,553.0,42135.97,67838.0,10.0,3,44789.0,5375.0,55778.0,6,81,61498.26,39005.0,72832.24,4,21,33606.0,Y,103692.09,current,M,37,LOW,1.7000000000000002,10,330.0,1,4.0
8839,15867,8124.0,59611.71,4225.08,9926.9,104123.06,2351.0,1238.0,2.0,6,3,10,4,55,139000,1,1,1.0,1,53530.07,159308.0,24619.0,-3506.17993,117707.42,22466.0,29.0,4,19804.0,9061.88,21766.0,2,20,33645.0,4844.0,35142.0,2,32,60525.0,Y,2058.3,current,M,42,LOW,17.6,4,464.0,1,9.0
8840,1808,20364.0,28795.0,6101.9,1661.9,2935.0,22342.8,1069.0,12.0,39,64,1,3,70,378000,1,1,1.0,1,28844.0,194099.3,33774.0,20513.0,16992.7,127563.0,2.0,4,23923.0,146402.98,1956054.61,2,49,90579.0,87077.85,99887.0,10,22,61661.0,Y,4751.85,current,M,47,MEDIUM,21.6,1,805.0,1,16.0
8841,10032,18063.0,8404.11,5714.0,9106.0,24356.64,3517.455,8626.22,44.0,10,59,1,16,47,298000,1,1,1.0,1,98062.5,120154.1,230000.0,0.0,33917.75,121970.0,42.0,2,19323.0,36010.11,113947.0,23,78,50634.0,109018.09,233525.94,3,0,15739.0,Y,1962.53,current,M,33,LOW,5.2,4,123.0,0,20.0
8842,8360,4785.0,57505.0,1757.0,10420.35,1005.0,9035.78,8467.62,3.0,20,84,25,18,5,170000,1,1,1.0,1,40440.4,6574.31,126001.0,8572.0,8879.25,76617.0,46.0,36,97328.0,118619.29,41819.0,4,11,27415.0,91589.86,25385.0,2,58,113727.0,Y,61.59,current,M,33,HIGH,5.2,3,836.0,1,3.0
8843,19578,2233.0,679.5,1555.0,18282.23,3162.0,3530.1,8238.0,3.0,16,38,19,1,18,302000,1,1,1.0,1,2.13,400000.0,100000.0,-5998.43994,32882.64,352100.0,4.0,4,21519.0,4106.0,48253.63,23,63,28106.0,18501.0,81803.75,7,11,245000.0,Y,3218.53,current,M,220,MEDIUM,140.0,9,683.0,0,3.0
8844,11689,11593.0,22853.49,4850.0,12793.76,7914.0,33448.0,23332.5,6.0,6,67,1,31,81,345000,1,1,1.0,1,1895.04,172131.0,30011.0,-5998.43994,42383.6,46462.0,5.0,19,22534.0,24971.75,16619.0,70,11,611.0,110181.08,31122.0,117,67,33810.0,Y,25012.47,current,M,53,LOW,16.5,3,866.0,1,17.0
8845,3765,19674.0,1172.0,1730.0,12397.19,14210.0,5679.0,2404.82,66.0,99,16,1,15,1,330000,1,1,1.0,1,196885.0,187788.1,1515.0,8362.0,60374.0,27764.0,16.0,3,38368.0,219694.0,23037.0,2,23,17354.0,44847.45,27785.0,7,83,58464.0,Y,2853.1,saving,M,29,MEDIUM,5.4,8,554.0,1,13.0
8846,18049,228453.0,6204.15,5693.23,532.0,249.0,11803.035,859.0,4.0,23,5,1,3,3,400000,1,1,1.0,1,168265.55,79828.0,33774.0,13135.0,12791.76,81605.0,3.0,15,46196.0,32557.0,145970.36,9,12,31930.0,54224.71,23209.0,7,18,36837.0,Y,9283.21,current,M,42,MEDIUM,8.8,10,867.0,1,11.0
8847,18095,14036.0,80071.78,5296.0,16969.0,5517.0,15359.15,236.0,80.0,43,7,41,21,98,408000,1,1,1.0,1,250631.8,19000.0,13873.0,4314.0,16070.84,169812.0,43.0,1,11033.0,48858.24,7724.0,70,42,87330.0,171303.67,29673.0,3,12,21432.0,Y,3218.98,current,M,55,MEDIUM,31.5,1,506.0,1,17.0
8848,13002,12489.0,11405.0,36193.86,2338.5,1834.0,13849.0,4441.0,136.0,16,50,7,15,16,199999,1,1,1.0,1,60050.0,134000.0,2644.0,-3053.0,41067.0,226151.0,11.0,3,15930.0,143732.77,303620.0,2,42,23948.0,26289.67,17746.0,5,100,38578.0,Y,27091.76,current,M,69,MEDIUM,44.1,1,723.0,0,7.0
8849,6879,855.0,2933.34,4164.0,15022.79,1117.61,7921.49,1124.0,57.0,18,84,15,11,1,426000,1,1,1.0,1,89908.8,429273.4,8333.0,1500.0,21687.0,66317.0,1.0,1,48501.0,108115.18,14579.0,4,7,75155.0,100256.27,10673.58,4,2,53489.0,Y,7541.2,current,M,30,MEDIUM,4.0,1,855.0,1,10.0
8850,642,9657.0,11792.0,15214.0,42941.84,2131.0,2227.51,4080.0,19.0,66,72,3,2,98,256000,1,1,1.0,1,115.45,120000.0,4000.0,2500.0,29465.5,93327.0,3.0,0,23281.0,183690.44,56266.5,2,14,24357.0,82836.98,94137.0,4,32,15122.0,Y,4257.96,saving,M,30,MEDIUM,8.0,10,640.0,0,6.0
8851,18831,300036.0,4946.5,3257.0,65605.0,11687.0,9590.13,1491.0,57.0,23,46,5,5,41,329000,1,1,1.0,1,124064.65,185097.6,12016.0,-4664.0,33699.38,42714.0,3.0,1,11433.0,57920.36,31594.0,3,20,2412000.0,173582.95,26713.0,3,12,27462.0,Y,948.98,current,M,46,MEDIUM,10.4,6,536.0,0,8.0
8852,19598,209532.0,36606.0,2302.34,7284.98,5528.0,84225.88,576.73,531.0,83,117,5,1,1,358000,1,1,1.0,1,39851.93,170989.0,13873.0,-6335.0,20603.18,34118.5,103.0,43,28783.0,4314.42,168219.0,19,81,21482.0,26271.25,20362.25,21,79,56846.0,Y,7824.86,current,M,40,MEDIUM,10.0,8,574.0,1,11.0
8853,577,19146.0,29782.59,1757.0,8730.86,2513.0,3137.345,589.52,10.0,22,23,5,5,17,518000,1,1,1.0,1,568.8,146793.0,505.0,8723.0,6524.06,32251.81,2.0,3,92466.0,30480.3,6689.0,2,2,20381.0,99847.46,130318.0,3,107,16419.0,Y,886.36,saving,M,60,LOW,16.0,2,254.0,0,15.0
8854,17382,5776.0,568.0,5918.0,53334.0,3084.5,9229.0,11781.0,5.0,18,23,48,4,3,19000,1,1,1.0,1,48422.7,95000.0,3850.0,-5439.0,33353.0,345.37,8.0,0,62331.0,17634.87,119258.0,1,11,13521.0,40347.0,57783.69,36,9,19818.0,Y,3375.8,current,M,29,MEDIUM,8.1,8,258.0,1,18.0
8855,11776,6458.0,4674.92,7223.0,9510.0,33111.0,1996.53,15292.85,5.0,4,46,1,31,64,198000,1,1,1.0,1,825.0,132324.01,6100.0,173.0,55186.62,200341.0,3.0,0,63861.44,25958.66,104930.57,4,82,26919.0,24068.35,21057.0,3,42,42534.0,Y,801.95,current,M,40,MEDIUM,6.0,9,818.0,1,19.0
8856,5203,13603.0,13147.85,18991.0,19304.7,3845.0,2141.34,11238.1,19.0,3,72,1,25,8,252000,1,1,1.0,1,253302.0,1187335.5,155205.0,7478.0,16431.0,27864.0,16.0,26,15555.0,12669.0,377772.36,3,44,39054.0,108771.25,49758.0,58,106,425.0,Y,1664.61,current,M,62,MEDIUM,4.2,1,506.0,0,14.0
8857,7116,68.0,2508.11,5561.33,3085.35,8263.59,4646.31,7639.0,32.0,23,89,5,4,1,58000,1,1,1.0,1,38362.5,184514.0,5591.0,-5439.0,51603.89,47486.0,46.0,2,85999.0,13378.0,36815.0,2,86,107644.0,13854.15,26596.5,3,63,357528.95,Y,2407.48,current,F,32,HIGH,8.4,3,653.0,1,13.0
8858,7763,92991.0,16430.03,469.42,1998.0,401.2,3782.79,2962.0,28.0,1,2,35,2,1,66000,1,1,1.0,1,137260.8,680956.4,2841.0,12163.0,46374.49,48257.0,46.0,3,58698.0,142739.77,62910.0,43,82,1324439.0,29878.51,53358.0,62,38,24768.0,Y,940.3,current,M,53,LOW,9.9,5,464.0,1,15.0
8859,19865,309761.0,32818.0,4821.54,7534.5,11847.0,3049.48,950.0,26.0,9,16,2,62,11,272000,1,1,1.0,1,386666.75,267421.4,891.0,-5998.43994,79212.27,83878.0,94.0,5,79777.0,36172.89,4148625.0,1,63,29080.0,68522.31,213.0,3,124,51038.0,Y,4862.86,current,M,55,LOW,35.0,1,866.0,1,6.0
8860,13942,5707.0,44339.83,2258.31,73552.2,5820.0,62560.61,15173.75,53.0,37,61,18,3,53,400000,1,1,1.0,1,4720.0,5241.0,105000.0,-4324.0,52276.59,24385.37,36.0,3,158627.0,13713.97,15336.0,0,13,5595.0,699184.38,6611953.0,13,54,29981.0,Y,2420.92,current,M,31,MEDIUM,5.5,4,123.0,0,15.0
8861,881,331517.0,12761.5,3422.0,3372.39,38463.0,5567.01,395.0,17.0,99,10,8,1,4,528000,1,1,1.0,1,384550.05,119831.0,15477.0,12299.0,27253.45,58651.91,18.0,4,42500.0,47352.56,798838.0,2,17,7760.0,15172.68,53908.0,117,7,226905.0,Y,8042.22,current,F,37,MEDIUM,17.0,10,506.0,1,3.0
8862,3904,19344.0,8073.36,1119.0,3045.0,10826.0,3815.0,5762.0,7.0,2,50,10,3,10,480000,1,1,1.0,1,18778.85,87578.0,1515.0,-4679.0,9943.02,68826.0,84.0,13,15070.0,97639.0,153808.0,1,108,52586.0,49326.79,1522749.68,2,18,41785.0,Y,417.75,current,M,27,LOW,4.9,1,921.0,1,2.0
8863,6507,18413.0,20126.12,68240.0,1598.64,56390.5,60544.535,428.52,6.0,26,82,2,5,4,341000,1,1,1.0,1,9649.6,152664.0,24619.0,12174.0,59867.85,34434.0,4.0,4,35088.0,22187.75,229072.5,3,63,24897.0,14434.63,437063.0,6,65,22385.0,Y,8679.71,saving,M,38,HIGH,1.8,4,503.0,0,11.0
8864,18715,17790.0,11679.84,83.0,4344.61,26496.07,5508.495,1146.0,6.0,16,50,5,37,3,28000,1,1,1.0,1,1910215.0,202560.0,925.0,-5998.43994,43362.64,18429.09,24.0,3,73394.0,263711.06,19192.0,2,8,38646.0,41413.0,21980.5,21,76,10919.0,Y,33797.53,current,M,40,LOW,4.0,4,448.0,1,20.0
8865,18907,15794.0,54511.53,1730.0,8773.63,2421.18,14964.0,40728.0,2.0,2,74,2,62,5,378000,1,1,1.0,1,9255.43,11897.0,25111.0,2500.0,82.25,87476.0,63.0,4,20667.0,794702.51,24305.0,3,20,24338.0,46213.16,74702.25,7,17,12064.0,Y,1054.42,saving,M,28,LOW,5.6000000000000005,7,454.0,1,10.0
8866,19499,11596.0,21189.0,2407.6,26713.0,645.03,24091.0,551.02,5.0,30,20,2,21,58,139999,1,1,1.0,1,13762.5,5000000.0,2214.0,7478.0,75377.67,258355.0,69.0,33,35000.0,40145.59,175771.0,3,63,18666.0,29670.13,44535.0,21,83,41797.0,Y,599.52,current,M,33,MEDIUM,13.0,9,594.0,1,18.0
8867,550,2907.0,36584.3,3867.0,28369.91,8379.0,76706.0,5258.0,60.0,128,7,62,25,42,429000,1,1,1.0,1,684495.7,134000.0,12000.0,20513.0,56564.0,50784.0,82.0,0,31815.0,42393.2,104195.36,0,8,33356.0,8497.32,140466.0,3,106,20209.0,Y,2749.26,current,M,27,MEDIUM,2.1,4,882.0,1,15.0
8868,1263,136351.0,7706.76,2489.86,1767.0,3637.0,5272.555,2638.0,3.0,5,59,21,4,42,575000,1,1,1.0,1,825.0,30453.0,14754.0,5439.0,24581.9,32845.0,46.0,1,9200.0,266.5,138176.52,2,6,13672.55,34402.87,22684.0,4,27,31068.0,Y,1262.12,current,F,40,MEDIUM,12.0,2,254.0,1,9.0
8869,4773,12569.0,11068.48,879.0,10624.64,15708.96,4947.9,1724.0,6.0,5,3,15,1,68,480000,1,1,1.0,1,12.19,157624.24,25728.0,4314.0,37142.52,44509.0,74.0,5,19399.0,53080.74,13787.0,9,24,47340.0,133949.36,39246.0,94,124,72317.0,Y,5084.65,current,M,47,MEDIUM,18.900000000000002,3,937.0,1,14.0
8870,16135,340809.0,3545.66,4245.0,16807.54,15250.81,7193.0,27928.67,5.0,10,4,18,1,47,520000,1,1,1.0,1,530797.35,7576.0,1630.0,-6301.0,36719.7,27669.0,12.0,7,68489.0,171936.93,85087.4,6,38,11346.0,159282.19,29051.0,2,103,38349.0,Y,1360.05,current,M,27,MEDIUM,7.0,1,269.0,1,9.0
8871,8332,14044.0,4160.9,804.46,13985.52,2572.0,26907.16,2356.0,63.0,1,46,42,2,98,350000,1,1,1.0,1,48675.31,105000.0,49975.0,2351.0,27367.5,66672.06,42.0,15,15794.0,4824.03,75098.0,5,4,25931.0,117681.13,77935.86,7,83,24191.0,Y,2326.29,current,M,38,MEDIUM,9.0,4,539.0,1,8.0
8872,10337,175119.0,5184.0,2116.0,5149.59,3774.0,3725.0,2175.0,26.0,77,14,8,3,3,101250,1,1,1.0,1,127004.3,11000.0,15756.0,903.0,90536.54,41020.0,29.0,35,22541.0,92675.48,16611.5,6,14,42075.0,21579.0,23559.0,14,73,3822.0,Y,4141.87,current,M,222,MEDIUM,20.200000000000003,4,523.0,1,14.0
8873,9055,100527.0,14063.68,314.88,31965.81,34987.0,7727.0,3492.0,44.0,7,74,3,9,22,381000,1,1,1.0,1,67833.35,385218.7,13873.0,167.0,21941.6,19689.91,7.0,1,17668.0,29290.5,130497.0,1,18,45547.0,81514.17,39938.0,7,96,82851.0,Y,24460.2,current,M,34,LOW,1.4000000000000001,8,623.0,1,8.0
8874,15212,15931.0,2943.0,11356.0,127982.41,649.0,905.4,38753.0,10.0,66,6,18,55,68,425000,1,1,1.0,1,5688.0,992890.32,300500.0,1931.0,54317.0,31403.37,35.0,36,44439.0,9037.0,7235.0,10,31,53710.0,130330.39,20412.0,43,12,24626.0,Y,12030.33,current,M,66,MEDIUM,46.0,9,867.0,1,4.0
8875,10522,4269.0,18390.51,8292.8,33092.1,324.5,9653.48,7354.0,12.0,10,10,1,12,6,302000,1,1,1.0,1,1539496.64,19000.0,5905.0,19765.0,14630.71,148585.0,11.0,33,6469.0,61100.05,15515.0,3,171,33420.0,22381.23,26546.0,4,12,8950.0,Y,1912.96,current,M,66,LOW,27.6,8,737.0,1,8.0
8876,8412,13250.0,37752.41,1414.0,27994.17,5002.28,9345.0,15502.0,50.0,9,16,1,2,12,379000,1,1,1.0,1,6440.0,900000.0,8929.0,4314.0,194323.25,379308.0,5.0,33,65619.66,2085.75,92372.0,4,82,27624.0,1597.26,20412.0,9,8,8727.0,Y,207.9,current,M,34,MEDIUM,11.200000000000001,10,512.0,1,5.0
8877,19584,12035.0,15664.33,7018.45,2715.0,5054.0,22684.0,891.0,29.0,128,9,1,2,8,313000,1,1,1.0,1,48675.31,6574.31,130000.0,12415.0,91155.74,113694.8,36.0,0,28518.0,9877.25,18154.0,43,81,41600.0,55235.8,454490.0,42,10,132307.0,Y,4790.72,current,M,47,MEDIUM,10.8,1,771.0,1,15.0
8878,1029,17259.0,568.0,3197.85,30112.34,4561.9,1846.67,15273.0,9.0,27,64,47,56,2,263000,1,1,1.0,1,125811.0,50000.0,3975.0,-5998.43994,6407.0,4252.38,41.0,2,18683.0,14344.38,24261.0,3,24,113882.0,60495.25,1101886.0,7,8,35717.0,Y,35354.94,current,M,51,MEDIUM,31.0,8,249.0,1,11.0
8879,2598,33448.0,17891.0,1557.0,10904.59,6886.38,33640.0,6770.1,80.0,4,4,10,55,1,240000,1,1,1.0,1,205595.43,482147.0,68000.0,-7652.0,243291.91,54260.0,35.0,4,469.0,11500.61,41962.03,43,20,143859.0,31769.26,27827.0,6,38,70707.0,Y,7200.87,current,M,58,MEDIUM,22.8,9,855.0,1,20.0
8880,12523,16871.0,10812.39,456.0,17241.0,3767.72,33657.0,942.2,100.0,66,50,8,51,31,98000,1,1,1.0,1,747610.0,110135.86,72000.0,17080.0,57190.25,23357.0,35.0,1,25388.0,34245.5,50638.0,2,11,89323.0,32445.45,9481.0,9,50,26800.0,Y,6618.19,current,M,53,MEDIUM,16.5,8,628.0,1,17.0
8881,1438,3260.0,18970.76,29373.0,3715.845,1168.0,4188.9,8849.34,6.0,6,4,41,15,12,152000,1,1,1.0,1,293418.75,24703.0,936.0,20513.0,6967.64,308581.51,69.0,36,17713.0,7327.02,67064.0,7,18,29240.0,58239.43,111655.66,93,12,79682.0,Y,124619.07,saving,M,35,MEDIUM,13.5,9,880.0,0,6.0
8882,12653,84385.0,35929.0,331.0,4327.6,1165.38,2359.0,2890.0,10.0,1,3,4,27,47,27000,1,1,1.0,1,1910215.0,218670.0,15477.0,3897.0,45382.38,165093.91,15.0,3,100470.0,23433.88,61867.0,1,108,100331.0,49697.36,70550.0,117,73,26568.0,Y,4388.67,current,M,35,MEDIUM,10.5,6,805.0,1,15.0
8883,4818,296896.0,11788.8,190.0,1482.23,574.0,3155.0,9530.01,1.0,66,74,5,2,56,410000,1,1,1.0,1,8043.25,76157.6,583.0,5439.0,46626.0,37114.0,46.0,55,2.0,29684.06,37006.0,4,8,202500.0,42547.13,22785.0,3,50,9586.0,Y,247.28,current,M,118,MEDIUM,98.0,3,656.0,1,17.0
8884,12710,87010.0,1530.0,15602.31,9846.0,6612.4,5321.0,8123.0,10.0,2,9,12,36,47,240000,1,1,1.0,1,6440.0,278360.16,4699.0,17080.0,28123.65,51355.88,38.0,4,106527.0,22639.0,25084.0,9,7,34623.0,4953.7,323551.0,3,104,30781.27,Y,4829.91,current,M,35,MEDIUM,3.0,10,315.0,1,19.0
8885,17513,18666.0,1358.0,21265.7,29653.89,487.0,6223.98,4086.52,10.0,22,23,8,9,1,44000,1,1,1.0,1,3575.5,1475000.0,15756.0,7478.0,85531.23,280290.0,18.0,1,26073.0,47443.0,59251.0,0,20,24495.0,126535.46,30066.0,2,6,20582.0,Y,6170.93,current,M,55,LOW,3.5,6,686.0,0,6.0
8886,9178,16868.0,13065.67,4536.0,3565.56,454.0,2394.805,7156.0,2.0,1,3,2,71,18,46000,1,1,1.0,1,6558.8,142608.5,936.0,4795.0,29546.2,276896.0,87.0,1,20536.0,68170.61,29142.0,6,7,25538.0,81801.68,40176.5,8,106,17622.0,Y,419.51,saving,M,32,MEDIUM,6.0,2,259.0,0,15.0
8887,6425,4555.0,2311.0,5644.09,8939.24,5165.4,60544.535,10111.2,531.0,1,11,52,2,34,378000,1,1,1.0,1,115.45,82907.34,13873.0,8572.0,48142.39,83593.0,12.0,30,30900.0,27413.63,155972.0,1,18,88907.0,69162.77,33968.0,4,58,13401.0,Y,6127.0,current,M,47,MEDIUM,27.0,6,583.0,1,6.0
8888,13763,10701.0,15104.0,1469.18,1640.0,2320.4,4734.0,8656.0,2.0,42,4,25,1,30,461000,1,1,1.0,1,720551.4,70164.0,12000.0,173.0,23693.68,76490.5,57.0,13,13128.0,49839.0,66983.02,45,35,2412000.0,40763.0,17893.09,11,73,18713.0,Y,162.74,current,M,33,MEDIUM,3.9000000000000004,7,454.0,1,10.0
8889,3034,1654.0,18490.31,875.0,2267.5,17692.0,4001.745,15856.0,52.0,10,5,1,1,2,650000,1,1,1.0,1,593.2,560000.0,8417.0,2819.0,49023.89,151655.0,11.0,19,27205.0,22611.05,76732.0,2,13,24878.0,55396.25,60706.0,93,38,17861.0,Y,3136.48,current,M,37,MEDIUM,1.7000000000000002,7,713.0,1,13.0
8890,2183,893.0,3985.07,760.36,3980.3,2191.92,2181.79,2189.0,7.0,128,79,4,3,47,104000,1,1,1.0,1,52209.5,330001.0,126001.0,-5715.49022999999,20675.69,76195.0,11.0,11,39174.0,143627.65,30888.37,10,75,31345.0,20912.13,14696.09,117,113,95208.0,Y,9264.76,current,M,53,MEDIUM,33.0,5,799.0,0,19.0
8891,8079,5983.0,12585.5,1007.2,14607.97,3346.56,1430.0,15861.0,10.0,9,67,2,2,1,44000,1,1,1.0,1,51291.45,393201.39,4699.0,-12179.0,13836.0,17417.0,46.0,35,34812.0,36087.0,100.38,7,8,15847.0,45882.75,83337.5,8,11,108927.0,Y,82111.83,current,M,66,LOW,32.2,2,385.0,1,2.0
8892,656,81933.0,32177.69,816.0,38642.2,10533.4,870.5,5130.3,1.0,10,6,1,4,3,125000,1,1,1.0,1,105453.65,15957.0,583.0,3735.0,172567.63,420064.0,18.0,7,30.0,46798.39,292174.0,1,81,107532.57,46142.54,874.0,4,35,18017.0,Y,6798.69,current,M,60,LOW,36.0,6,805.0,1,12.0
8893,14818,16870.0,11075.82,3327.8,3690.01,234.28,19843.0,17570.22,2.0,18,5,1,2,6,326250,1,1,1.0,1,1220.0,360000.0,33330.0,5439.0,24439.5,21435.75,69.0,19,38166.0,55838.75,77038.0,43,5,21574.0,11334.0,161082.03,3,68,31901.0,Y,6075.04,current,M,44,MEDIUM,19.200000000000003,5,299.0,1,10.0
8894,12402,12639.0,4265.04,34251.0,8443.18,2181.0,918.5,2125.53,28.0,6,6,3,21,2,461000,1,1,1.0,1,94127.1,100934.0,908.0,3897.0,208.87,76502.0,94.0,1,17163.0,35977.57,54186.0,5,44,18626.0,144686.93,42474.0,2,124,41674.0,Y,6990.29,saving,M,62,MEDIUM,33.6,5,485.0,0,12.0
8895,16936,10226.0,17169.47,190.0,1250.0,3306.0,24987.25,20418.28,1.0,43,23,60,23,20,340000,1,1,1.0,1,111.0,51000.0,29542.0,-5998.43994,254.0,55215.0,5.0,7,34042.0,102197.09,259635.0,4,1,45527.0,95302.04,12187.0,21,25,30218.0,Y,27583.22,current,M,32,MEDIUM,1.2000000000000002,6,867.0,1,5.0
8896,7560,13804.0,6606.89,2839.0,5816.0,870.42,7115.52,17729.22,2.0,1,4,1,12,54,20000,1,1,1.0,1,97043.6,12257.0,57899.0,0.0,69140.1,44782.0,23.0,1,26014.0,8269.22,140042.0,31,50,67296.0,105784.55,35725.0,8,76,70485.0,Y,8972.56,current,M,60,MEDIUM,28.0,10,771.0,0,9.0
8897,6654,808.0,8652.72,1141.0,74441.13,4381.0,24728.03,4373.0,1.0,34,44,10,1,1,375000,1,1,1.0,1,9542.5,148150.33,51520.0,7478.0,104936.57,147758.0,90.0,17,23041.0,130530.41,16368.0,4,75,260000.0,28929.01,4652.75,47,18,6200.0,Y,8599.9,current,M,40,MEDIUM,6.0,8,945.0,1,8.0
8898,11368,15814.0,4832.58,219.0,11905.51,4724.0,4092.63,4709.0,57.0,61,19,4,2,16,519000,1,1,1.0,1,1112.4,32714.0,23500.0,2351.0,97437.04,173089.0,89.0,14,27652.0,33126.0,39978.0,0,59,106700.0,172934.76,92922.83,6,28,41975.0,Y,1570.29,current,M,69,MEDIUM,44.1,10,945.0,0,11.0
8899,9500,303962.0,5552.0,5489.44,4630.775,15754.0,6661.05,3007.0,8.0,37,7,1,3,56,326000,1,1,1.0,1,99984.83,202560.0,16114.0,6916.0,42038.5,53757.0,24.0,1,35188.0,192.64,17647.0,45,25,575.0,185368.86,16266.0,39,8,20160.0,Y,3564.1,current,M,39,HIGH,1.9000000000000001,4,864.0,1,10.0
8900,17395,2470.0,34662.58,5311.0,7481.58,1412.0,16527.0,949.0,6.0,46,110,3,1,62,138000,1,1,1.0,1,216500.0,355000.0,15477.0,0.0,35451.41,427895.0,36.0,1,125303.0,7633.29,32694.37,31,12,11372.0,57856.36,43026.0,11,7,36529.0,Y,15199.51,current,M,55,MEDIUM,35.0,6,516.0,0,10.0
8901,14334,7000.0,2935.5,379.42,26025.66,3363.35,4510.0,4610.61,4.0,1,87,53,1,1,202500,1,1,1.0,1,41441.27,1382889.0,28912.0,6916.0,81839.25,102026.91,6.0,5,39458.0,115695.0,17049.0,3,20,84694.82,10687.75,16601.0,117,3,41471.0,Y,2051.88,current,M,58,HIGH,26.6,10,736.0,1,15.0
8902,460,15980.0,24600.43,171.0,7088.5,3344.26,4765.0,9812.0,2.0,23,89,39,3,1,480000,1,1,1.0,1,73010.0,86666.06,6100.0,5730.0,143663.07,24119.0,67.0,36,26072.0,35534.01,93987.13,3,50,19096.0,67140.45,126842.0,2,1,15514.0,Y,755.17,current,M,67,MEDIUM,28.200000000000003,3,296.0,0,10.0
8903,7408,10293.0,4469.5,5283.0,1291.02,9962.0,4267.35,5762.0,52.0,7,9,1,1,3,576000,1,1,1.0,1,20659.75,633323.83,96497.0,5340.0,43131.26,35076.0,52.0,19,33954.0,20752.0,48966.0,10,44,64988.0,31121.48,93037.0,2,104,40216.0,Y,1311.11,current,M,53,MEDIUM,9.9,7,486.0,1,9.0
8904,18864,7310.0,4390.54,1076.5,55394.75,26607.0,16190.0,71638.0,16.0,3,5,1,1,6,58000,1,1,1.0,1,526.25,633323.83,16114.0,4856.0,31798.96,32437.0,23.0,26,256084.66,16285.04,39294.0,1,50,15897.0,79741.0,121174.75,2,78,26234.0,Y,4957.79,current,M,33,HIGH,11.700000000000001,5,858.0,0,5.0
8905,8714,7571.0,56741.37,6495.12,1693.66,2770.86,25537.74,3150.8,19.0,18,4,57,18,98,84000,1,1,1.0,1,115818.74,545000.0,16114.0,418.0,57358.43,49836.93,11.0,3,24552.0,34519.84,166912.0,9,86,91796.0,161904.17,100511.0,21,35,13013.0,Y,2003.87,current,M,42,LOW,8.8,3,884.0,1,14.0
8906,363,16022.0,1681.06,1720.5,17221.42,808.0,12191.99,7481.22,10.0,43,44,1,31,25,330000,1,1,1.0,1,2014.8,500358.79,43798.0,-4324.0,81447.84,41573.0,4.0,33,14441.0,36309.22,53823.67,4,6,43046.0,58682.6,5264.0,40,83,28175.0,Y,773.57,current,M,47,HIGH,5.4,4,536.0,0,10.0
8907,14376,345362.0,5447.01,4941.84,19009.65,13229.38,8236.0,9091.02,1.0,2,44,8,25,4,191000,1,1,1.0,1,9751.5,992890.32,1374.0,5464.0,35091.16,49548.01,18.0,1,26161.0,1292.23,76732.0,3,20,39978.0,172218.26,48816.0,2,12,84197.0,Y,4847.51,current,M,47,MEDIUM,5.4,1,809.0,1,11.0
8908,4685,16108.0,6473.9,11638.0,13418.71,652.0,29881.0,22096.0,7.0,77,89,6,15,3,300000,1,1,1.0,1,766011.5,120000.0,505.0,6916.0,121071.15,34402.0,5.0,7,69995.0,20267.21,37903.5,9,108,10752.0,8442.5,22089.12,2,40,108740.0,Y,4925.97,current,M,53,MEDIUM,26.400000000000002,8,523.0,1,9.0
8909,18143,1195.0,64620.83,1818.0,36244.17,8668.0,21524.0,43473.0,4.0,50,60,60,5,1,293000,1,1,1.0,1,5215.0,257406.7,28912.0,12299.0,77381.16,33723.38,42.0,26,16773.0,71777.14,79232.61,3,12,145317.0,50650.83,44824.0,40,1,32813.0,Y,4892.51,current,M,58,LOW,19.0,10,958.0,0,10.0
8910,16886,13254.0,23531.32,5750.0,4634.0,6294.0,3053.0,587.0,10.0,10,23,1,1,1,402000,1,1,1.0,1,291969.2,52000.0,38599.0,1089.0,91187.0,39143.0,77.0,35,51801.0,112019.72,103148.0,2,50,30192.0,175332.84,22361.0,4,12,22155.0,Y,9513.07,current,F,33,LOW,9.1,4,485.0,0,20.0
8911,19716,3889.0,89229.84,512.49,997.25,6564.0,29989.22,3795.0,12.0,84,82,2,2,42,98000,1,1,1.0,1,117680.0,373824.0,4895.0,1411.0,46819.92,252149.0,42.0,4,41254.0,25520.74,30167.0,45,171,51710.0,11334.18,250806.0,36,113,26304.0,Y,3196.44,current,M,47,LOW,18.900000000000002,7,594.0,1,6.0
8912,1630,220698.0,1122.5,4770.0,27715.87,12642.41,5030.04,62973.2,24.0,5,82,60,16,64,164000,1,1,1.0,1,58834.74,77965.0,6000.0,-12179.0,63327.0,60527.81,10.0,29,92000.0,16977.45,3861.0,45,6,44571.0,19169.75,9203.0,3,73,47523.42,Y,168.83,current,M,35,MEDIUM,10.5,10,867.0,1,20.0
8913,3990,2490.0,1949.0,23322.52,3158.4,5920.84,133.0,4204.0,19.0,36,44,50,31,3,50900,1,1,1.0,1,59703.93,222222.0,5905.0,5340.0,23786.76,20048.0,40.0,9,60137.0,16500.09,26015.0,0,14,144947.0,13957.86,50219.0,3,103,107669.0,Y,29587.56,current,M,33,MEDIUM,5.2,1,805.0,1,12.0
8914,2666,17960.0,6888.99,9362.0,17812.55,5113.5,22744.03,22520.0,26.0,10,50,2,1,79,300000,1,1,1.0,1,970271.35,189246.0,39389.0,2351.0,30279.25,56404.0,32.0,13,24492.0,170347.14,415099.0,7,8,23948.0,20916.54,41637.25,1,10,34170.0,Y,10019.66,current,M,40,LOW,18.0,4,743.0,0,7.0
8915,8657,19982.0,16841.04,244.0,6508.0,394.0,3158.0,1841.35,44.0,29,13,5,6,68,102000,1,1,1.0,1,42460.6091,105000.0,25849.0,6916.0,71834.94,57184.37,48.0,17,34478.0,6303.75,2486.61,11,108,39143.0,62462.0,70988.0,5,106,106079.0,Y,2724.55,current,M,56,MEDIUM,36.0,2,863.0,0,13.0
8916,6020,9500.0,23371.55,10352.0,3667.84,5995.68,37566.65,682.0,1.0,66,82,47,51,2,402000,1,1,1.0,1,11027.5,225000.0,90525.0,8572.0,225114.57,40659.0,46.0,4,34.38,24346.93,98035.0,3,69,47168.0,30327.98,21326.0,49,83,39968.0,Y,12503.11,current,M,30,MEDIUM,4.0,1,370.0,1,8.0
8917,14396,7956.0,1908.0,4291.0,4845.47,1897.0,1069.0,5278.0,19.0,5,7,48,2,22,345000,1,1,1.0,1,413540.0,180000.0,3850.0,12415.0,46972.18,36344.0,7.0,1,66000.0,11084.88,13672.5,19,8,19705.0,120035.54,18277.0,6,96,47468.0,Y,3375.8,current,M,34,MEDIUM,7.0,2,713.0,1,2.0
8918,10195,130680.0,11925.2,18558.6,2681.36,2109.0,7715.4,755.31,1.0,66,7,48,6,47,525000,1,1,1.0,1,111.0,87578.0,48950.0,-5942.0,50514.37,32050.41,35.0,5,32596.0,116939.2,38365.0,6,8,26032.0,18101.77,19028.5,43,8,12.0,Y,24650.28,current,M,64,MEDIUM,26.400000000000002,7,957.0,1,4.0
8919,14910,1061.0,7232.5,703.0,5477.04,295.0,1708.0,20908.0,44.0,3,72,1,21,53,477000,1,1,1.0,1,76122.87,992890.32,2214.0,0.0,63169.0,27279.66,35.0,2,104545.0,74297.03,39030.0,2,20,129565.0,56491.75,34222.37,4,65,32784.0,Y,18101.41,current,M,31,MEDIUM,6.6000000000000005,3,330.0,1,16.0
8920,10308,11830.0,12717.46,8665.5,41205.71,6745.0,6690.0,448.0,24.0,23,117,11,18,9,472000,1,1,1.0,1,71191.8,172678.56,462.0,1522.0,18007.0,13648.0,42.0,1,34761.0,146011.3,25114.0,17,50,20966.0,45519.84,58057.0,62,54,16687.0,Y,597.88,current,F,58,LOW,38.0,4,799.0,0,9.0
8921,7527,322517.0,8712.0,4345.52,44034.86,2223.6,2624.0,197.0,31.0,22,6,10,16,5,48000,1,1,1.0,1,2008232.55,3.59,16114.0,6885.0,172571.89,51901.0,11.0,5,24422.0,77684.81,81230.0,43,81,67798.0,16627.0,19604.0,8,104,15641.0,Y,1674.09,saving,M,33,MEDIUM,5.2,1,653.0,0,17.0
8922,4552,13650.0,1833.5,3069.0,1217.85,4647.0,63493.26,9563.03,50.0,23,50,52,31,98,358000,1,1,1.0,1,32951.25,429273.4,643.0,12415.0,109872.86,43612.0,0.0,36,23183.0,8036.51,48140.0,23,20,28923.0,91488.69,92731.0,49,72,35662.0,Y,2809.96,current,M,58,MEDIUM,19.0,6,812.0,1,16.0
8923,18243,15093.0,7453.0,9882.0,2496.0,1263.0,7119.1,804.0,10.0,26,87,1,3,2,595000,1,1,1.0,1,8209320.0,40000.0,50000.0,2337.0,53021.42,29627.0,46.0,18,40692.0,33335.89,30180.0,2,7,47226.0,23938.38,114954.0,47,103,43559.0,Y,1218.35,current,M,60,HIGH,40.0,8,454.0,1,19.0
8924,15703,310114.0,11576.35,6348.7,34114.25,2166.5,40961.29,14776.0,63.0,30,64,18,12,4,147000,1,1,1.0,1,4731234.6,375000.0,519.0,553.0,11689.25,42808.0,46.0,7,30275.0,17326.5,1898.55,3,20,21220.0,77877.39,155260.38,10,96,33846.0,Y,3750.0,current,M,44,LOW,19.200000000000003,7,507.0,1,6.0
8925,14675,4249.0,42159.53,435.0,68802.2,547.0,15885.335,5441.0,44.0,36,64,44,1,3,381000,1,1,1.0,1,63450.0,13299.0,6000.0,6613.0,29372.59,7550.0,8.0,7,25012.0,15846.07,345221.54,2,108,15932.0,252718.29,41819.0,4,22,36157.0,Y,69512.02,saving,F,66,HIGH,36.800000000000004,2,685.0,1,13.0
8926,10144,6150.0,11681.36,16783.18,10254.0,8645.0,3404.09,221.0,57.0,36,48,18,1,56,34000,1,1,1.0,1,137260.8,31033.0,6100.0,0.0,319994.22,202329.0,46.0,2,29758.0,219565.69,16910.0,24,59,17613.0,174225.0,20783.0,62,103,13301.0,Y,5250.53,current,M,66,LOW,46.0,10,911.0,1,17.0
8927,18928,16202.0,3262.145,3250.0,3293.78,3106.25,1608.0,622.59,44.0,84,7,1,6,53,650000,1,1,1.0,1,5809950.0,24703.0,15477.0,12965.0,5716.0,15142.0,39.0,5,280861.0,33755.76,39230.5,35,1,63691.0,8251.34,7084.0,7,12,39049.0,Y,429.65,current,M,223,LOW,101.5,2,737.0,1,8.0
8928,18280,16492.0,26364.2,896.0,7735.0,16064.0,524.38,2043.21,2.0,23,44,48,18,10,17000,1,1,1.0,1,6100.0,64491.0,73217.0,12174.0,116447.63,340555.0,12.0,2,52472.0,239746.11,117156.0,3,82,87712.0,40853.93,75279.0,5,1,150736.0,Y,1040.05,current,M,32,LOW,1.2000000000000002,9,595.0,1,4.0
8929,15830,346097.0,12922.75,3964.75,3292.28,2802.0,1685.0,10044.0,19.0,34,35,3,18,4,350000,1,1,1.0,1,684495.7,29479.0,908.0,0.0,23885.42,45826.0,42.0,43,59990.0,30246.87,57176.0,23,7,249900.0,45489.73,52294.0,2,106,18500.0,Y,622.82,current,M,118,LOW,58.800000000000004,5,814.0,1,15.0
8930,25,2057.0,3678.84,469.0,19748.5,8132.3,15951.57,16874.0,17.0,5,4,5,1,53,350000,1,1,1.0,1,23221.65,202560.0,155205.0,-4324.0,78623.38,51117.5,5.0,36,69407.0,25253.69,23875.0,3,44,118935.0,20184.0,43978.0,47,104,35207.0,Y,1476.19,current,M,33,MEDIUM,7.800000000000001,5,799.0,1,14.0
8931,16446,13891.0,31828.52,719.01,40088.03,168.0,5179.0,79043.0,8.0,85,84,3,11,29,512000,1,1,1.0,1,98543.96,330001.0,36114.0,3897.0,73682.0,36318.0,52.0,1,19392.0,15319.91,176979.0,5,12,44641.0,58934.75,33554.41,13,76,77900.0,Y,5836.27,current,M,66,MEDIUM,46.0,5,743.0,1,15.0
8932,3301,6706.0,21038.0,12258.7,17357.77,5670.0,8023.0,1841.35,14.0,30,110,10,31,11,232000,1,1,1.0,1,68640.0,3084.5,49975.0,-4664.0,43373.35,62146.41,63.0,3,52695.0,13400.0,20353.0,3,8,28118.0,87568.38,66178.0,6,9,37413.0,Y,5755.95,current,M,35,MEDIUM,12.0,5,863.0,1,5.0
8933,6361,16746.0,19591.08,3622.59,2294.0,27631.41,4039.31,4258.76,6.0,5,4,2,2,2,150000,1,1,1.0,1,166331.66,93.53,1526.0,5350.0,102087.59,21343.0,147.0,6,44791.0,18045.0,98435.0,3,20,54.0,106404.48,145462.3,4,9,22418.0,Y,13486.59,current,M,47,MEDIUM,10.8,10,653.0,0,20.0
8934,13332,20166.0,1833.0,15858.0,16052.77,15155.02,12208.0,3331.0,5.0,81,44,2,15,42,49999,1,1,1.0,1,4323.0,794000.0,126001.0,5439.0,26685.91,68537.0,48.0,3,32217.0,21949.0,152837.0,1,25,8125.0,15022.27,7165.0,4,96,44997.0,Y,18822.15,current,M,60,HIGH,36.0,3,683.0,0,10.0
8935,13575,175308.0,3589.21,2247.0,15310.76,1705.0,5839.67,21126.0,5.0,1,84,20,2,39,345000,1,1,1.0,1,13730.0,165000.0,16004.0,3897.0,140851.45,54058.0,42.0,1,71555.0,44189.0,4292.0,4,23,29790.0,146300.94,44255.0,6,75,19034.0,Y,3656.18,current,M,40,MEDIUM,8.0,6,351.0,1,19.0
8936,8901,7784.0,7934.61,8659.12,11646.17,3493.4,650.5,13343.34,60.0,17,7,8,36,2,48000,1,1,1.0,1,3540.55,161648.0,1097.0,0.0,12247.28,87972.0,46.0,1,64969.0,42903.65,52842.0,1,5,21567.0,31006.79,40718.0,9,3,589.0,Y,18980.21,current,M,34,HIGH,9.8,9,539.0,1,20.0
8937,5961,311129.0,12266.68,573.0,49773.0,3550.0,3233.0,13421.77,63.0,601,3,3,9,80,461000,1,1,1.0,1,196885.0,253000.0,28985.0,-5439.0,48272.0,18629.0,35.0,6,22552.0,190445.0,10187.0,3,36,50140.0,96637.62,21295.45,2,26,28254.0,Y,1029.04,saving,F,62,MEDIUM,16.8,10,805.0,1,20.0
8938,19841,7199.0,23551.0,5339.9,2994.5,496.87,19734.67,10210.0,10.0,20,44,1,1,7,337000,1,1,1.0,1,107686.46,186474.96,28912.0,5730.0,15394.0,29259.0,18.0,5,27884.0,89814.49,46079.0,3,26,23606.0,74751.02,33626.0,22,104,60932.12,Y,17.07,current,M,56,HIGH,28.8,10,723.0,1,18.0
8939,411,98276.0,4508.27,6593.68,10280.15,1149.84,17006.7,5168.0,56.0,25,6,1,14,34,125000,1,1,1.0,1,89294.6,152664.0,1630.0,886.0,28033.25,2146.92,4.0,26,16860.0,45496.2,252204.0,5,1,24363.0,32927.25,19064.0,22,24,55333.0,Y,3471.68,current,M,33,MEDIUM,5.2,1,233.0,1,12.0
8940,3008,3157.0,59001.19,1807.0,3031.0,621.0,13132.0,682.0,6.0,99,59,3,38,79,371000,1,1,1.0,1,13730.0,98110.0,20887.0,553.0,31990.33,46765.0,62.0,36,39728.0,16097.11,17170.0,10,23,39334.09,67914.63,43460.0,3,38,51287.0,Y,1404.5,current,M,27,LOW,4.2,7,233.0,1,12.0
8941,16709,7807.0,16252.65,717.6,6993.74,5017.0,10343.28,5515.0,4.0,6,27,24,18,98,581000,1,1,1.0,1,8556.25,142608.5,936.0,20513.0,74561.3,75297.0,11.0,2,31573.0,38287.0,66592.0,2,70,25000.0,173804.39,57606.0,19,10,28633.0,Y,4947.92,current,M,28,MEDIUM,5.6000000000000005,1,537.0,1,4.0
8942,5476,18367.0,15827.08,7727.0,6132.65,4080.04,1204.0,444.0,5.0,18,9,30,3,67,466000,1,1,1.0,1,13849.4,41813.0,11580.0,5773.0,7800.92,60551.74,55.0,1,52120.0,47253.4,48183.0,2,25,38223.0,72009.82,29807.5,21,79,49325.0,Y,61361.22,current,M,44,MEDIUM,14.4,4,394.0,1,11.0
8943,6025,131709.0,86311.96,2509.0,4426.0,1791.85,9366.0,5115.98,7.0,99,44,35,17,3,272000,1,1,1.0,1,39851.93,3.0,610000.0,8572.0,127879.22,15907.0,52.0,36,35443.0,83135.94,25649.0,1,7,69714.0,37815.55,37052.0,19,104,18766.0,Y,12163.45,current,M,53,MEDIUM,23.1,10,922.0,1,12.0
8944,13898,831.0,4060.13,1629.96,21611.75,14628.34,4382.0,105631.0,4.0,3,47,4,71,70,59000,1,1,1.0,1,12010.0,145000.0,12000.0,8723.0,40585.31,21878.0,11.0,7,24313.0,98699.99,14554.86,45,8,14270.0,57984.49,32222.0,12,100,25406.0,Y,8020.85,current,M,35,MEDIUM,7.5,9,299.0,1,8.0
8945,3201,317305.0,10917.0,24183.32,2661.38,2815.3,2872.225,11199.28,92.0,10,49,2,6,2,27000,1,1,1.0,1,1359.3,98110.0,500718.0,5464.0,25607.48,244278.0,7.0,36,20705.0,61457.29,50930.0,43,2,44555.0,303656.02,78625.0,36,67,8548.0,Y,4047.45,current,M,62,LOW,37.800000000000004,9,958.0,0,12.0
8946,7727,404160.0,15339.35,3069.71,16140.02,29664.0,4388.0,1229.87,15.0,36,7,60,60,3,300000,1,1,1.0,1,68640.0,76157.6,565.0,-5715.49022999999,44960.0,32760.0,29.0,19,19471.0,26804.84,11037.0,24,20,79864.0,13844.76,133946.0,94,6,56558.0,Y,6801.4,saving,F,28,LOW,5.6000000000000005,8,725.0,1,20.0
8947,14450,2469.0,17223.48,2153.84,5913.0,5502.0,2501.38,3575.0,8.0,61,87,5,2,55,28000,1,1,1.0,1,1859872.2,82907.34,728.0,1500.0,21701.6,85100.0,42.0,7,33332.0,39567.58,73094.36,2,11,41140.0,330745.44,65340.0,5,65,208849.0,Y,978.43,current,M,56,LOW,7.2,1,536.0,1,10.0
8948,19142,46475.0,6606.89,854.0,73567.0,9447.93,2436.25,354.0,9.0,3,10,35,1,4,383000,1,1,1.0,1,120781.35,992890.32,3850.0,13135.0,21576.35,253388.0,18.0,1,20074.0,68003.59,42579.4,11,34,33783.0,13919.88,36317.0,6,83,15922.0,Y,17747.41,current,M,47,LOW,5.4,8,508.0,1,11.0
8949,19440,100040.0,9258.0,11044.0,4306.01,3043.73,3876.0,5246.0,8.0,2,52,24,44,56,453000,1,1,1.0,1,4720.0,356899.37,954.0,5439.0,42330.05,70819.0,1.0,4,12340.0,112417.07,31992.0,4,5,69579.0,56260.1,44530.0,4,8,61951.0,Y,3379.67,current,M,34,LOW,2.8000000000000003,4,516.0,1,13.0
8950,14246,11249.0,81673.42,1950.0,5167.71,28274.0,2091.0,3154.1,531.0,42,47,8,3,1,198000,1,1,1.0,1,81142.25,39833.19,6100.0,-4679.0,33679.21,100076.71,89.0,4,35130.0,42344.33,58093.0,50,82,50634.0,41670.1,76738.0,21,3,690.0,Y,17747.41,current,M,58,MEDIUM,30.400000000000002,3,324.0,0,4.0
8951,13982,14514.0,93552.79,3944.0,1999.0,1711.0,17708.24,672.77,44.0,11,1,25,5,17,119000,1,1,1.0,1,39758.95,376600.5,583.0,1500.0,34749.0,37283.0,8.0,3,53665.0,33531.11,13300.0,45,11,775.0,68585.74,30164.0,2,103,256626.0,Y,6004.43,current,M,30,MEDIUM,6.0,7,268.0,1,8.0
8952,2010,17596.0,269320.52,1279.0,19193.13,817.0,36289.0,4351.0,26.0,15,72,2,5,3,84000,1,1,1.0,1,168.75,7051.99,16114.0,1245.0,39949.94,53739.0,7.0,1,19454.0,96120.76,35083.0,1,104,15483.0,7329.82,23365.0,3,12,27100.0,Y,878.64,current,M,29,MEDIUM,5.4,1,256.0,1,10.0
8953,736,6598.0,993.0,3332.48,43711.0,8682.0,12017.5,11886.0,26.0,10,64,10,1,4,39000,1,1,1.0,1,10008.0,74599.9,3000.0,3983.0,20798.67,22105.0,62.0,4,27413.0,131238.84,63695.0,1,20,21687.0,55843.0,35678.0,16,22,71328.0,Y,7755.56,current,M,29,MEDIUM,1.8,9,685.0,1,7.0
8954,12534,17287.0,11379.74,6838.59,8310.64,35847.0,21898.84,4776.42,4.0,20,29,48,14,26,391000,1,1,1.0,1,747610.0,93.35,4895.0,24326.0,22676.85,49054.0,11.0,1,50368.94,3416.0,236837.0,4,171,344356.0,75055.44,54295.0,7,58,800000.0,Y,1098.47,current,M,58,MEDIUM,15.200000000000001,7,911.0,0,16.0
8955,11938,16780.0,1413.0,7212.0,59015.0,12111.84,9861.145,4938.0,531.0,31,16,25,1,41,147000,1,1,1.0,1,9220.2,24703.0,54101.0,-5715.49022999999,51614.1,49746.0,11.0,7,32790.74,34652.07,150018.0,1,8,103368.98,33280.34,130260.0,117,12,38300.0,Y,5196.34,current,F,46,MEDIUM,18.2,3,914.0,1,14.0
8956,4118,8412.0,125791.56,445.0,16160.18,1160.06,1883.75,1544.0,5.0,10,48,2,3,47,204000,1,1,1.0,1,725446.38,48087.25,583.0,1465.0,42061.15,32458.0,24.0,19,34887.0,72810.42,16132.0,4,28,85989.0,279293.0,127099.0,58,38,39170.0,Y,26029.19,current,F,28,MEDIUM,7.2,2,653.0,1,10.0
8957,13050,5648.0,16614.315,1242.0,47038.1,3497.0,15543.105,2951.0,9.0,3,30,26,1,3,461000,1,1,1.0,1,123295.4,197800.0,925.0,20513.0,22715.08,15232.0,3.0,36,34042.0,5300.0,17193.05,7,171,16000.0,7834.98,70657.0,5,42,60151.0,Y,8877.71,current,M,35,MEDIUM,10.5,9,369.0,1,10.0
8958,6296,1034.0,12226.24,6526.0,1577.42,403.24,8526.0,2420.0,2.0,128,82,15,51,1,579000,1,1,1.0,1,13279.75,385218.7,33774.0,173.0,7117.25,19431.0,2.0,36,34050.0,55146.45,58508.45,6,36,25997.0,26723.96,1960.25,4,22,21538.0,Y,7207.11,current,F,40,LOW,6.0,9,268.0,0,3.0
8959,1894,238.0,9418.0,7845.0,7125.7,3952.94,2243.775,6480.0,6.0,99,5,41,1,4,256000,1,1,1.0,1,39851.93,242827.0,12016.0,-6301.0,41320.72,132721.0,55.0,4,84469.0,53470.0,10096.0,2,75,20083.0,384202.76,27197.37,13,24,49545.0,Y,4162.96,current,F,39,MEDIUM,17.1,6,245.0,1,16.0
8960,17548,13949.0,12820.11,602.01,9531.0,1332.85,2864.26,57987.79,14.0,23,87,1,26,1,494000,1,1,1.0,1,674356.31,15036.0,925.0,167.0,28709.15,78707.56,90.0,30,31413.0,43362.5,24028.75,1,11,17426.0,21816.49,523031.56,2,3,60035.0,Y,26471.36,current,F,66,LOW,13.8,10,809.0,1,13.0
8961,16580,307781.0,41161.12,2960.13,7287.49,974.56,5334.42,4005.0,92.0,56,49,1,14,91,119000,1,1,1.0,1,6264.25,187788.1,68000.0,-4664.0,48380.26,60911.88,16.0,0,56051.0,47507.56,233967.0,2,8,61491.0,37674.1,250382.0,47,9,33324.0,Y,6943.72,saving,M,60,MEDIUM,4.0,1,299.0,1,5.0
8962,7558,7126.0,15827.42,3087.9,15053.35,3182.0,5998.0,198.0,124.0,46,82,1,14,70,520000,1,1,1.0,1,33664.3,12257.0,33330.0,1500.0,19605.25,10884.0,91.0,14,44709.0,20271.77,170298.0,2,69,57356.0,32500.85,21564.8,21,12,34220.0,Y,8255.71,saving,M,32,LOW,12.0,2,268.0,1,15.0
8963,17122,6415.0,50308.75,48138.0,44103.0,1790.0,35310.74,1848.83,2.0,83,2,11,31,4,471000,1,1,1.0,1,12.19,33668.0,519.0,-6281.37987999999,8926.92,13188.0,18.0,7,46446.0,16470.76,81198.0,3,25,43808.0,65781.25,39101.0,4,6,13706.0,Y,73133.11,current,M,37,LOW,1.7000000000000002,1,485.0,1,8.0
8964,17923,331204.0,17594.5,1051.0,16937.63,2474.0,5584.0,918.93,50.0,26,3,48,15,31,533000,1,1,1.0,1,102.95,372815.4,33774.0,6885.0,73194.89,19889.0,4.0,26,34648.0,144480.39,50252.0,3,27,56387.0,27082.05,20239.0,3,11,37026.0,Y,4640.92,current,M,28,MEDIUM,1.6,4,683.0,0,5.0
8965,7966,13557.0,3828.55,2834.04,11592.3,14081.12,2303.0,6943.16,63.0,23,5,20,7,81,212500,1,1,1.0,1,5383.25,52098.99,1515.0,0.0,249619.34,65188.0,70.0,2,60712.0,55428.09,316264.72,0,31,23341.0,10950.4,22488.0,58,3,37255.0,Y,7824.86,saving,M,37,MEDIUM,3.4000000000000004,4,268.0,1,2.0
8966,14177,5453.0,4331.11,11217.0,34113.2,2210.0,12626.0,7881.0,8.0,23,47,8,1,80,16000,1,1,1.0,1,1359.3,7194.0,49975.0,6885.0,47924.9,22375.0,7.0,9,21488.0,63115.0,2298.8,1,81,60985.0,110768.04,33645.0,21,11,27043.05,Y,6781.79,saving,M,69,MEDIUM,49.0,4,686.0,1,5.0
8967,11802,288504.0,2324.69,1513.0,9636.5,3155.0,3240.0,9563.15,100.0,99,74,8,18,4,371000,1,1,1.0,1,26360.0,143000.0,925.0,3897.0,18343.95,24385.0,46.0,3,38163.0,30354.57,60992.3,6,8,52866.0,4294.0,60955.81,10,38,90742.0,Y,3471.72,saving,M,42,HIGH,15.4,6,485.0,1,17.0
8968,10214,1636.0,1490.07,1256.0,4123.93,5122.0,4077.0,19810.0,4.0,26,17,10,23,68,27000,1,1,1.0,1,41883.6,19000.0,23032.0,-4664.0,98689.1,13162.0,20.0,2,8711.0,31882.66,67025.0,4,82,125137.0,66415.57,138403.0,12,104,71305.0,Y,3511.95,current,M,28,LOW,2.4000000000000004,2,355.0,0,8.0
8969,12131,18257.0,1591.97,5977.0,1209.0,1980.61,2421.49,14226.23,12.0,3,48,30,2,1,581000,1,1,1.0,1,7713.51,201000.0,130000.0,-5998.43994,54817.52,68789.0,20.0,2,22929.0,16637.21,16099.0,0,8,20689.0,48190.61,33462.0,13,54,52560.0,Y,47519.12,current,M,27,MEDIUM,4.9,1,299.0,1,15.0
8970,15789,3300.0,13309.26,15838.0,41997.23,950.0,1918.13,2100.51,100.0,46,1,2,51,47,30000,1,1,1.0,1,1104223.35,96096.0,100000.0,3323.0,22425.77,775707.68,62.0,1,54230.0,55795.59,76882.68,0,25,20011.0,66686.65,96662.0,8,24,73514.0,Y,2809.96,current,M,31,MEDIUM,3.3000000000000003,7,254.0,0,13.0
8971,4499,1601.0,21400.59,2405.0,6833.36,5647.0,43421.0,1047.0,2.0,26,13,10,3,34,75000,1,1,1.0,1,61186.36,446457.0,300500.0,5730.0,19843.1,166531.28,46.0,23,40910.0,29984.84,73088.0,23,14,27837.0,67508.91,163621.79,39,83,38015.0,Y,4607.37,current,M,37,MEDIUM,1.7000000000000002,1,249.0,1,14.0
8972,14673,19275.0,14003.0,5382.99,1294.54,2651.58,4344.505,2270.0,57.0,71,10,6,51,6,138000,1,1,1.0,1,1112.4,64491.0,12016.0,5773.0,3158.25,90807.0,48.0,13,142200.0,57913.57,21427.36,3,20,54654.0,128446.71,75624.0,43,0,24800.0,Y,646.61,current,M,30,LOW,6.0,1,535.0,0,18.0
8973,5228,4977.0,1712.0,8464.1,16382.59,3929.5,6491.175,2403.9,50.0,39,60,1,4,8,109000,1,1,1.0,1,161704.0,280000.0,49000.0,1444.0,4093.0,35662.69,4.0,2,39025.0,27812.0,48339.26,43,78,70.36,62581.44,89980.0,4,3,22704.0,Y,5736.43,current,M,32,MEDIUM,1.2000000000000002,9,330.0,1,20.0
8974,17654,11001.0,2421.5,9009.42,5757.39,6865.0,29819.59,3067.36,29.0,18,16,52,1,3,581000,1,1,1.0,1,58928.67,26001.0,2184.0,-6301.0,60335.89,23404.0,29.0,3,55043.91,51989.13,110299.0,8,82,34926.0,49663.78,145521.0,4,0,19417.0,Y,2003.87,current,M,27,LOW,4.9,3,249.0,1,16.0
8975,1842,4873.0,19641.38,183.0,25585.0,2150.3,1567.0,9368.0,3.0,26,1,4,3,91,213000,1,1,1.0,1,223000.0,119831.0,11379.0,2921.0,176060.05,115746.0,147.0,1,43130.0,110239.0,28874.0,2,11,71698.0,7857.25,152159.3,93,10,54485.0,Y,168.83,current,M,38,MEDIUM,9.0,3,708.0,1,17.0
8976,2839,7444.0,1616.0,2347.0,990.78,1897.0,34738.06,12468.2,18.0,9,27,19,1,2,300000,1,1,1.0,1,48422.7,25000.0,30040.0,-5715.49022999999,103752.46,16860.0,46.0,26,56900.0,20167.69,25386.0,1,7,30325.51,29944.58,965.0,40,68,93750.0,Y,8759.92,current,M,28,MEDIUM,4.0,5,259.0,1,12.0
8977,16794,14572.0,24071.0,7737.25,2976.84,4118.0,7576.0,10529.0,57.0,10,19,8,7,1,170000,1,1,1.0,1,23221.65,3342.51,925.0,6260.0,28352.38,60118.0,2.0,31,38139.0,63045.19,35063.0,17,11,12271.0,49697.36,113579.0,21,80,36242.0,Y,807.95,current,M,34,MEDIUM,1.4000000000000001,4,354.0,1,5.0
8978,1256,16837.0,20659.31,1030.0,5646.58,993.0,877.52,5023.0,2.0,4,72,3,6,1,375000,1,1,1.0,1,2412.4,182359.2,519.0,6885.0,43206.05,26648.0,11.0,1,138000.0,57127.49,116955.17,3,30,37846.0,4050.0,20364.0,3,80,11478.0,Y,9542.83,current,M,219,MEDIUM,159.20000000000002,2,554.0,1,17.0
8979,15247,9664.0,419.0,29926.25,12776.11,2249.73,1851.995,971.02,1.0,23,59,57,3,70,48000,1,1,1.0,1,291969.2,54388.23,610000.0,3735.0,89605.39,56524.0,20.0,0,9722.0,5982.6,67651.0,3,81,66666.0,3860.0,57191.0,2,104,75902.0,Y,3215.83,current,M,27,LOW,4.2,6,771.0,1,8.0
8980,14593,1781.0,3026.745,448.3,8566.95,6377.0,2774.45,37911.0,12.0,2,59,4,1,26,402000,1,1,1.0,1,41883.6,200926.0,50000.0,1500.0,235430.34,2168.06,10.0,35,15950.0,282693.12,274755.0,2,171,4508.41,81551.93,99758.0,6,35,24685.0,Y,12195.25,current,M,66,MEDIUM,46.0,5,424.0,1,12.0
8981,16826,138427.0,12376.64,20586.0,10296.09,3182.0,12627.13,2825.0,6.0,3,10,10,9,2,252000,1,1,1.0,1,99984.83,674291.83,12337.0,1500.0,24386.0,47842.0,91.0,15,16991.0,19332.5,37873.0,1,20,20378.0,96842.56,30483.5,5,24,39772.0,Y,12490.82,current,F,33,MEDIUM,13.0,6,447.0,1,5.0
8982,16449,99024.0,2796.96,2493.1,4412.59,7687.0,15365.23,1525.0,63.0,50,5,11,6,4,307000,1,1,1.0,1,123295.4,295150.9,25639.0,1332.0,260060.91,154070.5,70.0,4,45702.0,101020.87,12433.0,1,4,17250.0,49416.79,644.0,21,7,123000.0,Y,10591.93,current,M,34,HIGH,9.8,10,855.0,1,6.0
8983,3764,19904.0,26552.0,518.0,584.13,6455.0,21111.5,1176.0,100.0,23,13,3,6,6,522000,1,1,1.0,1,33111020.0,15036.0,28912.0,418.0,27323.9,44240.0,38.0,0,69995.0,96155.21,42994.0,2,108,27836.0,119075.73,12575.0,7,80,112000.0,Y,762.99,saving,F,30,MEDIUM,5.0,4,805.0,1,10.0
8984,6618,16134.0,40026.43,767.0,39698.92,6315.81,13955.98,11923.0,6.0,31,38,2,51,1,326000,1,1,1.0,1,1360.0,17000.0,610000.0,173.0,20500.66,100583.0,11.0,0,61236.0,35939.5,73522.0,43,8,70086.0,2598.0,54677.53,5,0,40662.0,Y,41961.68,current,F,53,MEDIUM,9.9,6,259.0,0,12.0
8985,5006,3956.0,22403.52,4891.0,33382.0,2061.0,33868.445,2270.0,6.0,77,50,1,1,3,212500,1,1,1.0,1,2184.0,50034.93,711.0,6613.0,45436.02,16190.44,3.0,2,30383.0,20874.54,61790.5,47,18,560.0,233676.65,185269.51,62,0,59403.0,Y,3024.35,current,M,35,MEDIUM,1.5,3,614.0,1,7.0
8986,1041,4665.0,2331.01,9657.13,4438.94,22304.86,3035.325,10250.0,1.0,83,87,1,18,3,378000,1,1,1.0,1,58834.74,12971.0,28912.0,1465.0,71436.17,37646.41,46.0,30,28825.0,22599.0,25299.0,3,7,86294.0,50862.01,40573.0,4,83,55076.0,Y,3764.41,current,M,47,HIGH,10.8,2,488.0,0,15.0
8987,2070,343654.0,86744.95,4345.52,56219.64,1530.0,733.0,7048.0,4.0,50,14,2,4,42,25000,1,1,1.0,1,120781.35,101.24,1018.0,-6885.0,46054.25,36526.0,79.0,3,71368.0,4848.0,5011.0,1,8,36991.0,29630.71,28538.59,2,9,28718.0,Y,3414.21,current,M,37,MEDIUM,1.7000000000000002,7,508.0,0,16.0
8988,11111,85482.0,1661.38,285.0,28033.04,1585.0,5786.27,1155.0,19.0,26,13,47,2,54,301000,1,1,1.0,1,124064.65,165970.9,19400.0,-5998.43994,61358.41,103018.0,11.0,0,9973.34,42248.5,41063.0,0,75,60985.0,73315.67,48156.97,5,12,22850.0,Y,2905.26,current,M,47,MEDIUM,16.2,6,486.0,1,3.0
8989,8986,15780.0,6888.99,12880.0,7283.5,23116.0,4019.375,2351.0,531.0,11,5,1,2,47,75000,1,1,1.0,1,4323.0,134000.0,36114.0,-5998.43994,11504.0,10190.0,55.0,7,17363.0,16969.03,42999.0,1,7,11376.0,48609.39,11574.0,13,21,22733.0,Y,78896.45,current,M,28,MEDIUM,6.4,6,465.0,0,8.0
8990,9417,5776.0,1534.8,9487.4,6717.42,980.13,374.2,1405.02,6.0,9,64,1,2,13,576000,1,1,1.0,1,115818.74,86868.0,11379.0,0.0,126830.5,47960.0,90.0,2,26604.0,16818.0,100040.0,2,25,34717.0,125470.92,60538.0,3,63,150006.83,Y,4864.86,current,M,30,MEDIUM,5.0,2,809.0,1,10.0
8991,7685,10159.0,15287.98,2504.0,1347.0,1535.5,3013.965,3891.73,14.0,99,74,4,2,30,530000,1,1,1.0,1,213557.15,201000.0,583.0,2500.0,119637.66,58903.65,4.0,36,16568.0,49724.4,68061.89,1,11,96358.0,198778.13,1662969.0,4,103,50140.0,Y,1215.0,saving,F,66,LOW,32.2,2,372.0,1,4.0
8992,19568,388889.0,19747.0,49725.0,20672.0,4722.72,11578.0,9488.52,8.0,20,2,15,8,16,479000,1,1,1.0,1,48624.7,14000.0,24619.0,5340.0,112481.86,43625.0,70.0,1,530.0,20461.0,51352.0,23,44,37517.0,32482.76,82907.51,21,83,9390.0,Y,2641.25,current,M,30,LOW,7.0,4,574.0,1,13.0
8993,19328,181575.0,51051.65,18225.0,15919.84,2512.0,3088.475,722.74,52.0,39,67,24,2,56,350000,1,1,1.0,1,516.8,76157.6,130000.0,5464.0,45291.9,39854.0,16.0,13,18082.0,42903.65,20728.0,4,108,25571.0,48556.77,87292.04,3,68,48727.0,Y,3036.13,current,M,35,MEDIUM,9.0,7,743.0,1,20.0
8994,1753,17632.0,33446.44,505.0,16232.38,14081.12,1163.0,25078.55,4.0,85,59,4,7,98,510000,1,1,1.0,1,5215.0,252369.0,655.0,3897.0,92621.62,36923.0,79.0,26,18687.0,216190.03,34234.0,1,8,23284.0,12076.0,200924.0,36,100,57343.0,Y,7016.93,current,M,56,LOW,7.2,8,924.0,1,18.0
8995,14019,4948.0,55402.34,10657.93,6501.0,3339.25,5130.645,1290.06,1.0,8,19,57,2,67,510000,1,1,1.0,1,668728.4,194099.3,73501.0,-5942.0,51909.25,56223.97,42.0,36,9402.0,29074.17,231085.0,12,44,49164.0,40204.21,68974.0,22,83,28379.0,Y,11907.27,saving,M,53,MEDIUM,26.400000000000002,8,628.0,0,4.0
8996,17872,3790.0,4672.61,18458.91,2504.735,5398.0,2003.0,191.0,7.0,65,74,1,2,80,232000,1,1,1.0,1,961924.8,1034285.63,300500.0,2921.0,55232.88,33040.61,35.0,3,15248.0,29240.72,385.25,17,21,3859.0,15626.5,60923.0,2,61,38718.0,Y,31714.56,current,M,39,MEDIUM,11.4,9,331.0,1,17.0
8997,16837,11712.0,8923.0,8504.12,16791.5,3471.0,52058.41,2900.0,44.0,84,52,1,60,1,74100,1,1,1.0,1,3638.25,278360.16,10271.0,4889.0,8356.44,32865.5,69.0,14,15367.0,61023.83,123099.0,6,82,32270.0,70944.02,131734.0,3,38,23592.0,Y,61361.22,current,M,62,LOW,16.8,10,805.0,1,17.0
8998,19202,1767.0,13733.08,3834.0,9922.84,4556.23,5669.0,4446.0,531.0,84,44,26,3,1,150000,1,1,1.0,1,213557.15,46500.0,100000.0,6613.0,38624.25,7251.0,11.0,0,24907.0,43321.31,160511.36,3,59,129509.0,44197.49,33531.0,3,58,24459.0,Y,18895.06,current,M,61,LOW,4.1000000000000005,8,269.0,1,7.0
8999,9204,95763.0,721.0,703.0,37910.81,118.0,16106.0,737.0,19.0,10,6,17,11,67,359000,1,1,1.0,1,720551.4,409168.15,694.0,1429.0,98231.34,55292.0,46.0,7,104000.0,32619.27,125651.0,47,28,13210.0,59581.4,472219.6,47,3,65470.0,Y,85671.46,current,M,47,LOW,2.7,9,863.0,1,16.0
9000,17228,634.0,9688.86,9201.0,13330.65,2344.0,57184.0,11923.0,44.0,3,13,3,4,54,232000,1,1,1.0,1,124064.65,205000.0,49975.0,0.0,52722.12,34714.0,42.0,4,132160.0,83675.0,21734.0,42,70,20832.0,25371.65,113563.29,2,12,720000.0,Y,10745.66,current,M,38,LOW,3.6,5,855.0,1,4.0
9001,12885,85285.0,7574.04,8810.0,2697.92,812.0,2374.0,3040.0,1.0,3,72,1,18,98,184000,1,1,1.0,1,0.35,25404.0,100000.0,553.0,23334.73,63182.0,42.0,9,17530.0,67831.28,90076.0,43,20,40692.0,44847.45,40344.0,9,39,20232.0,Y,4286.13,current,M,33,LOW,3.9000000000000004,6,818.0,1,10.0
9002,469,18410.0,72686.75,3428.0,7565.44,15678.0,2367.8,1140.0,44.0,3,87,2,18,17,477000,1,1,1.0,1,117680.0,172131.0,694.0,-6301.0,32109.04,59689.0,7.0,26,69973.0,7187.91,98427.0,7,171,13736.0,77752.25,152609.0,2,87,52290.0,Y,2687.35,current,M,33,HIGH,2.6,10,743.0,1,15.0
9003,3545,14187.0,1133.0,573.0,14973.98,3806.0,9288.64,2088.0,124.0,34,59,5,28,69,579000,1,1,1.0,1,684495.7,186474.96,3000.0,6613.0,20870.0,7763.0,24.0,35,738874.0,79545.41,72466.0,3,13,35516.0,535233.77,26376.0,21,22,16859.0,Y,3000.41,current,M,66,MEDIUM,41.400000000000006,1,698.0,0,2.0
9004,1327,5948.0,34792.0,3546.98,3037.0,1309.0,2393.46,18215.0,531.0,128,1,48,4,98,80000,1,1,1.0,1,2533020.0,589.39,230000.0,9415.0,44653.74,4149.0,16.0,9,19255.0,8951.8,294602.0,4,8,53079.0,31685.59,32570.0,42,7,16650.0,Y,2502.69,current,F,29,MEDIUM,6.300000000000001,9,355.0,0,10.0
9005,11846,14092.0,16557.11,7487.0,28874.94,2787.0,2860.81,4463.41,12.0,3,9,48,14,17,595000,1,1,1.0,1,58928.67,234459.4,105000.0,6916.0,88108.8,118966.0,3.0,4,1035431.79,171947.75,50985.13,5,44,28832.0,79741.0,78705.82,8,83,14275.0,Y,5148.42,current,M,223,MEDIUM,40.6,5,710.0,0,5.0
9006,10169,3635.0,6327.82,8273.0,2782.0,10945.09,1096.22,619.52,10.0,2,44,44,1,56,75000,1,1,1.0,1,101891.25,120000.0,15756.0,1444.0,71311.24,5202.0,7.0,36,8662.0,21003.33,34569.0,31,20,84650.0,2394.0,35465.0,2,18,9640.0,Y,9458.22,current,M,27,LOW,7.0,1,658.0,1,13.0
9007,16375,11769.0,16249.79,1290.0,2715.4,17524.11,10212.0,13642.0,6.0,56,13,1,1,20,75000,1,1,1.0,1,811.0,43394.0,36114.0,12415.0,29695.78,37955.0,11.0,19,53537.0,98558.13,112405.0,4,86,77619.0,31333.32,27400.0,7,65,189.29,Y,4843.28,current,M,35,MEDIUM,1.5,5,249.0,1,15.0
9008,999,9816.0,17240.5,719.01,3743.54,1009.0,11021.095,609.2,531.0,10,5,1,37,6,366000,1,1,1.0,1,11878.6,440000.0,100000.0,2921.0,36481.55,51783.32,35.0,4,2277.89,17645.12,33533.0,70,86,38436.0,8635.5,38631.0,36,24,21385.0,Y,8078.91,current,M,33,MEDIUM,9.1,3,248.0,0,5.0
9009,9312,5341.0,1026.16,883.6,6952.0,9617.15,11898.0,7992.47,1.0,5,87,8,21,98,393000,1,1,1.0,1,1940.45,39833.19,12000.0,6885.0,19052.25,76785.0,62.0,19,50322.0,10899.42,83031.0,2,78,71944.0,24452.27,40076.0,2,25,30425.0,Y,518.85,current,M,47,MEDIUM,16.2,4,394.0,1,5.0
9010,13372,16811.0,16488.88,1055.28,17794.53,11056.0,4666.22,1903.0,124.0,9,35,30,2,47,550000,1,1,1.0,1,27324.0,182359.2,908.0,167.0,46765.0,35076.0,1.0,7,41698.0,20353.75,25103.0,2,5,17960.0,114100.76,106709.0,8,22,80688.0,Y,1893.46,current,F,53,LOW,19.8,7,254.0,1,17.0
9011,8345,8380.0,9449.06,3818.0,51169.8,1204.0,5417.85,29897.32,50.0,50,117,35,2,81,150000,1,1,1.0,1,204585.76,200926.0,10271.0,6916.0,26450.09,86214.74,2.0,3,37814.0,30190.17,28503.5,6,13,57000.0,12484.78,56431.0,62,11,13313.0,Y,31345.8,current,M,37,MEDIUM,1.7000000000000002,10,748.0,1,17.0
9012,8555,4699.0,28349.32,9201.0,27555.5,1653.0,735.0,10542.0,124.0,66,3,7,2,56,581000,1,1,1.0,1,12057.2,194099.3,527.0,26601.0,29782.68,369031.0,69.0,6,52572.0,860677.02,23252.0,45,30,8850.0,182257.51,128776.1,8,12,36529.0,Y,5247.31,current,M,32,MEDIUM,1.2000000000000002,8,424.0,1,20.0
9013,4927,6613.0,3770.86,3604.0,1315.85,7155.0,8538.0,4043.0,25.0,99,84,2,2,8,378000,1,1,1.0,1,34443.0,100934.0,565.0,173.0,726157.32,15178.0,35.0,7,26496.0,6634.0,89062.0,2,30,28738.0,144018.94,53284.0,3,18,20535.0,Y,8603.94,current,M,60,MEDIUM,28.0,2,370.0,0,20.0
9014,4493,138558.0,39430.64,4299.0,4641.0,4652.0,4512.5,7697.0,29.0,71,67,48,31,9,512000,1,1,1.0,1,497317.93,10701.0,183999.0,1500.0,1893.25,58699.0,35.0,1,65470.0,52612.61,92814.0,1,29,13675.0,14715.56,40176.5,9,9,3571.38,Y,4580.12,current,M,58,MEDIUM,30.400000000000002,9,683.0,1,16.0
9015,3181,15072.0,20059.01,2724.8,17818.89,46531.0,26380.0,14249.71,4.0,23,20,1,45,2,188000,1,1,1.0,1,5809950.0,232235.65,4699.0,2337.0,24729.6,37092.0,11.0,43,24262.0,29891.75,26727.0,43,6,42197.0,97053.68,110438.0,3,38,33324.0,Y,28.08,current,M,35,LOW,6.0,1,889.0,1,17.0
9016,9162,3171.0,5729.15,9201.0,1082.0,459.0,34328.2,758.0,63.0,5,35,7,3,80,17000,1,1,1.0,1,684495.7,730000.0,49000.0,2000.0,53210.95,69455.87,89.0,4,167612.0,102366.67,95130.47,1,24,140441.82,64708.33,18677.0,5,120,17471.0,Y,145.71,current,M,32,MEDIUM,7.2,6,755.0,0,17.0
9017,19362,617.0,22928.5,284.0,5134.82,3154.0,43110.0,5441.0,6.0,3,49,1,1,2,369000,1,1,1.0,1,28844.0,76365.24,68000.0,1411.0,32482.04,54686.5,90.0,3,33300.0,29346.75,95502.57,6,86,34605.0,397525.73,23262.0,4,38,16450.0,Y,166.79,current,M,27,MEDIUM,4.9,2,488.0,1,15.0
9018,2877,8052.0,69372.95,7665.17,35893.3,4088.02,10342.12,2883.0,15.0,8,50,3,14,2,483000,1,1,1.0,1,48422.7,15957.0,25508.0,9415.0,54505.75,76890.0,16.0,33,21750.0,21657.0,33210.0,45,12,20011.0,11149.54,98228.88,16,76,12103.0,Y,11226.55,current,M,60,HIGH,20.0,7,538.0,1,19.0
9019,7492,2925.0,26787.18,23715.76,4507.31,1052.0,23520.0,1614.28,5.0,5,87,5,3,1,47000,1,1,1.0,1,13732.93,5241.0,73501.0,6885.0,47443.1,130726.0,16.0,36,78860.0,13195.51,15237.0,3,25,116000.0,40476.47,43757.0,5,113,17308.0,Y,427.57,current,M,58,MEDIUM,38.0,10,537.0,1,14.0
9020,10296,31928.0,4460.87,9089.0,20968.25,36030.0,1929.38,1428.0,43.0,29,16,1,2,4,20000,1,1,1.0,1,3380.0,3342.51,298472.0,5340.0,375133.82,90339.0,62.0,5,13952.0,45875.76,17293.0,2,171,16392.0,77125.58,66355.83,4,75,78256.0,Y,18223.5,current,M,40,MEDIUM,14.0,4,355.0,1,6.0
9021,8696,14675.0,10920.38,701.0,5901.45,2839.99,2064.02,3906.0,2.0,10,13,1,2,36,461000,1,1,1.0,1,83400.3,19129.94,248000.0,12163.0,44745.19,39158.05,42.0,2,22166.0,74493.24,42191.0,1,87,13487.0,22343.6,80682.27,2,11,46763.0,Y,2218.19,saving,M,38,MEDIUM,16.2,9,268.0,1,20.0
9022,15656,17194.0,52663.88,8087.0,9274.84,1590.0,13038.25,724.0,7.0,50,47,48,1,81,143000,1,1,1.0,1,1892440.0,500358.79,565.0,0.0,39170.29,111203.0,11.0,1,11670.0,95637.73,85067.36,3,20,245433.0,115693.0,128378.0,6,6,13860.0,Y,2781.82,saving,F,60,MEDIUM,16.0,8,908.0,0,14.0
9023,8528,14953.0,5736.04,6296.03,6195.23,887.33,4981.7,2033.0,56.0,23,4,3,60,79,199999,1,1,1.0,1,84446.0,160498.0,300500.0,10455.0,20398.25,10287.0,36.0,1,35227.0,69713.59,60033.0,24,20,54681.0,36040.23,49979.0,94,12,22828.0,Y,3241.26,current,M,35,MEDIUM,7.5,8,355.0,0,16.0
9024,15545,3974.0,26323.16,6615.0,41483.13,2486.05,8313.5,232.0,4.0,10,7,3,1,10,579000,1,1,1.0,1,21511.8,68663.61,694.0,6613.0,15483.38,30965.38,55.0,4,105069.0,54161.46,29666.0,2,36,7672.0,122044.11,50158.29,3,65,2474.0,Y,7870.88,saving,M,66,MEDIUM,13.8,8,614.0,1,4.0
9025,9441,347.0,19352.0,422.0,10130.0,1160.06,8660.0,672.77,26.0,3,50,3,4,3,378000,1,1,1.0,1,201133.0,134000.0,5797.0,-5942.0,38707.0,83001.0,52.0,2,159991.0,43276.77,92414.0,1,82,19096.0,48453.75,59507.56,42,42,21800.0,Y,212.53,current,M,29,LOW,7.2,1,516.0,0,19.0
9026,9200,732.0,7374.01,32789.08,23773.23,6509.0,22935.98,16482.0,531.0,23,35,1,3,79,505000,1,1,1.0,1,102.95,370000.0,8060.0,1089.0,104087.76,22675.0,4.0,36,35085.0,8579.85,13799.0,5,11,65332.0,26149.25,158527.0,8,68,55974.0,Y,262.11,current,M,47,LOW,24.3,4,249.0,0,12.0
9027,2815,18143.0,1032.0,9734.5,1063.52,7885.25,6026.49,246.0,5.0,1,47,2,1,98,289000,1,1,1.0,1,72383.25,1372927.14,3792.0,6885.0,87240.0,250383.0,24.0,35,23120.0,26412.16,114582.41,1,20,25762.0,210664.65,67155.0,2,113,15293.0,Y,110.91,current,M,53,MEDIUM,19.8,10,385.0,0,16.0
9028,2475,873.0,8232.33,18197.05,8809.5,1749.0,10097.5,4080.0,6.0,1,27,1,31,98,272000,1,1,1.0,1,84446.0,470000.0,766.0,553.0,35346.27,17328.0,147.0,1,119022.0,47410.0,31092.17,2,171,325000.0,30648.64,160409.0,1,104,1009.8,Y,1333.6,current,M,55,MEDIUM,21.0,8,503.0,1,11.0
9029,4715,109339.0,11993.86,39739.0,72443.35,8763.0,3468.0,3081.0,5.0,2,102,7,17,1,27000,1,1,1.0,1,47936.43,42723.0,33950.0,19453.0,19767.88,34000.4,90.0,2,39859.0,12736.4,162958.0,1,171,7128.0,6044.05,194853.01,11,10,40255.0,Y,4268.48,saving,M,67,MEDIUM,4.7,8,593.0,0,5.0
9030,7354,20230.0,2476.5,23561.21,887.15,1075.92,1235.0,7881.0,29.0,10,4,8,31,47,369000,1,1,1.0,1,8370.8,71944.5,183999.0,1500.0,142649.94,12025.74,84.0,0,22929.0,123191.5,47682.0,3,87,31106.0,24068.35,94470.0,9,79,90961.0,Y,15722.87,current,F,53,LOW,16.5,6,614.0,0,18.0
9031,10729,18259.0,116369.3,38221.57,5452.28,3344.26,2973.75,5378.0,3.0,56,47,5,9,55,44000,1,1,1.0,1,98543.96,210651.4,462.0,1500.0,34983.2,26463.52,11.0,0,29173.0,57920.36,19801.0,1,171,17356.18,242018.45,76742.5,5,42,139.0,Y,1920.57,current,M,25,MEDIUM,0.5,10,535.0,1,19.0
9032,4275,17211.0,935.0,1042.0,2825.43,8024.72,7954.505,1264.0,6.0,29,1,2,36,98,337000,1,1,1.0,1,95.0,38928.0,5540.0,2351.0,16233.36,37711.41,22.0,3,28478.0,13163.5,32659.0,1,46,17971.0,68204.31,466925.0,4,104,13786.81,Y,23986.88,saving,M,40,MEDIUM,6.0,1,866.0,0,8.0
9033,17511,19176.0,35449.8,3828.52,14418.0,48381.0,5349.0,16186.0,1.0,1,19,50,15,1,100000,1,1,1.0,1,58834.74,10903.0,768.0,19765.0,81713.61,87942.0,103.0,6,9126.97,135087.59,54603.0,6,108,33661.0,19661.45,131191.0,47,35,18555.0,Y,4004.23,current,M,28,LOW,6.4,9,448.0,1,6.0
9034,19145,4794.0,5104.69,5357.0,722.93,1005.0,8625.0,29111.0,17.0,34,50,4,2,1,1000000,1,1,1.0,1,84446.0,30453.0,2158.0,-4612.00977,46788.81,50706.0,37.0,23,5730.0,80717.69,13565.0,3,4,85.55,3624.43,13201.0,11,32,32251.0,Y,5282.94,current,M,60,MEDIUM,28.0,3,867.0,1,19.0
9035,10023,7983.0,9671.0,11327.9,17174.01,1468.33,673.2,2304.0,5.0,4,13,1,2,56,329000,1,1,1.0,1,76122.87,90829.65,49975.0,-4324.0,99551.35,6834.0,18.0,6,29688.0,17326.5,42405.98,42,59,24357.0,69942.25,26949.77,4,38,23592.0,Y,3067.72,saving,M,40,LOW,4.0,8,969.0,1,13.0
9036,3762,16778.0,1302.0,1829.01,9912.08,10455.88,2657.0,10942.0,44.0,11,1,6,12,4,170000,1,1,1.0,1,6558.8,12000.0,230000.0,13135.0,43440.37,136839.0,67.0,2,38183.0,21951.48,88766.0,9,4,53086.0,54348.75,53005.0,93,65,138887.0,Y,834.32,current,M,34,MEDIUM,7.0,3,355.0,0,15.0
9037,5457,738.0,782.58,206.0,7272.0,9292.0,8071.5,7945.2,52.0,99,74,7,2,3,395000,1,1,1.0,1,83400.3,117890.0,72000.0,-5715.49022999999,283366.0,19239.0,70.0,13,111804.0,132867.64,2439.0,3,108,350000.0,39041.48,112287.58,42,50,24606.0,Y,5590.91,current,M,34,MEDIUM,8.4,6,268.0,1,8.0
9038,14094,307670.0,3595.25,14674.0,17464.98,2113.85,2629.735,7153.0,92.0,13,117,25,2,9,199999,1,1,1.0,1,5809950.0,6574.31,3975.0,1500.0,100015.25,70961.0,62.0,3,36794.0,5255.0,127653.0,6,86,7128.0,75596.94,1110.79,6,50,250526.0,Y,991.42,current,M,33,LOW,10.4,2,448.0,1,17.0
9039,3429,11746.0,1436.0,10936.0,67905.32,2447.0,9186.55,3519.0,66.0,71,61,5,12,1,595000,1,1,1.0,1,111.0,617203.09,500.0,4512.0,83616.59,39069.41,90.0,3,52784.0,36795.59,21811.63,3,44,29647.0,80872.43,138403.0,6,3,202432.5,Y,1666.15,current,M,29,MEDIUM,0.9,9,626.0,1,19.0
9040,8931,15896.0,42622.0,3925.02,11827.83,733.0,7016.28,1074.94,66.0,3,19,42,2,34,173000,1,1,1.0,1,4900.4,46500.0,8943.86,12415.0,15452.75,73921.0,11.0,36,66494.0,10880.0,90618.89,2,50,26468.0,39346.89,137679.0,3,35,12647.0,Y,30863.57,current,M,30,MEDIUM,9.0,7,233.0,1,12.0
9041,17230,19685.0,16486.84,1661.0,11510.67,1184.0,19972.1,4696.12,29.0,6,89,48,2,1,650000,1,1,1.0,1,2984.1,446457.0,16114.0,-3506.17993,37001.4,48019.0,35.0,36,34199.0,45875.76,16047.55,2,26,25578.31,31110.05,84959.0,43,7,26179.0,Y,5175.29,saving,M,46,MEDIUM,15.600000000000001,2,554.0,1,19.0
9042,9135,7859.0,3716.74,1143.52,1219.0,8182.63,7121.75,93094.0,50.0,11,46,15,4,56,256000,1,1,1.0,1,9118.35,11000.0,579.0,14509.0,20289.27,37772.0,20.0,35,10766.0,40180.75,32418.0,9,50,53203.0,583516.0,19422.0,3,106,19086.0,Y,9962.59,saving,M,37,MEDIUM,5.1000000000000005,5,908.0,1,4.0
9043,9390,314279.0,17308.03,1113.0,4607.12,8220.07,15870.82,2696.0,124.0,85,67,24,1,1,400000,1,1,1.0,1,1486500.0,2400000.0,54101.0,10210.0,156838.11,26541.0,1.0,1,27800.0,59167.71,21051.0,2,108,25175.0,32237.75,61074.0,2,42,47357.0,Y,9667.32,current,M,66,MEDIUM,36.800000000000004,2,394.0,1,5.0
9044,3164,11205.0,4402.4,4653.0,6558.07,1295.0,4169.5,21126.0,6.0,3,19,1,5,64,293000,1,1,1.0,1,720551.4,121927.8,4000.0,7478.0,32111.25,40466.5,10.0,19,65364.0,63510.64,60908.0,7,20,49500.0,42935.69,6068.0,58,11,23346.0,Y,8501.5,current,M,37,LOW,8.5,10,270.0,1,19.0
9045,5988,2010.0,33680.0,1597.54,1935.03,9261.3,16870.92,4516.0,5.0,99,50,25,4,2,670000,1,1,1.0,1,747610.0,24703.0,1266.0,-12179.0,148615.97,99779.0,147.0,26,8039.0,163658.7,68697.0,23,171,41760.0,1325.0,116308.0,2,58,39772.0,Y,59699.94,current,F,53,LOW,9.9,9,354.0,0,15.0
9046,13036,9505.0,12700.0,2481.0,6520.59,14556.0,29410.74,7199.0,92.0,14,19,2,1,3,255000,1,1,1.0,1,39851.93,393982.1,15756.0,3735.0,111479.75,77936.0,18.0,26,64471.0,41607.73,2715.0,2,44,21443.0,28123.05,50441.0,117,63,1275.0,Y,5765.43,current,M,118,LOW,49.0,5,503.0,1,14.0
9047,11988,4871.0,1226.64,14614.0,12830.03,1811.92,56737.07,321.52,2.0,99,32,24,4,3,232000,1,1,1.0,1,34443.0,20098.0,30011.0,-5942.0,50496.17,29228.0,18.0,31,31176.0,61355.29,52024.37,2,84,43140.0,4404.73,21566.0,7,83,60117.0,Y,43.07,current,M,31,HIGH,11.0,3,801.0,0,6.0
9048,12059,16017.0,6117.3,7175.93,5282.95,18437.0,6277.99,6707.91,8.0,10,82,45,1,56,100000,1,1,1.0,1,1665.0,15036.0,50000.0,-4679.0,3134.25,157920.0,11.0,6,49222.25,51127.11,48303.0,0,20,55250.0,39586.75,58825.25,3,103,26224.0,Y,14604.36,current,M,29,MEDIUM,0.9,4,737.0,1,9.0
9049,19991,1514.0,18720.73,7890.8,973.0,364.0,35708.5,13580.0,59.0,37,74,4,3,79,391000,1,1,1.0,1,1235.85,225000.0,105000.0,-5942.0,68128.43,89339.0,90.0,13,46136.0,54364.14,39531.0,3,70,3496.0,21362.33,59.0,3,79,21209.0,Y,906.87,current,M,60,MEDIUM,24.0,10,516.0,1,2.0
9050,5815,19674.0,11635.63,4818.0,14738.75,2500.25,1251.38,9563.03,23.0,9,85,47,12,68,286000,1,1,1.0,1,20747.5,43397.0,2158.0,2351.0,67510.68,15936.0,11.0,1,32729.0,18204.5,103966.21,5,108,11404.82,76810.77,46782.0,11,3,5820.0,Y,2868.82,current,M,66,MEDIUM,9.200000000000001,1,454.0,0,14.0
9051,5459,5974.0,7921.99,2183.0,12372.79,1342.0,13979.78,6719.58,1.0,23,3,5,14,74,290000,1,1,1.0,1,55700.0,31000.0,73217.0,167.0,31495.04,10543.0,11.0,1,14293.0,55757.0,107472.0,2,20,45065.0,80656.99,33179.0,5,11,28501.0,Y,3450.83,saving,M,35,MEDIUM,9.0,9,748.0,0,10.0
9052,15324,9570.0,3153.34,1007.2,1652.0,7399.2,2624.0,2652.0,124.0,26,1,17,6,47,170000,1,1,1.0,1,47299.5,194099.3,3850.0,2921.0,42010.91,33805.0,12.0,35,34313.0,358114.75,71473.0,3,59,21350.0,338899.0,25671.0,2,76,19038.0,Y,1007.28,current,M,38,MEDIUM,18.0,10,248.0,1,7.0
9053,13714,9759.0,89147.32,10544.0,13433.0,2456.29,1582.0,3906.69,52.0,8,47,1,56,10,74100,1,1,1.0,1,5215.0,633323.83,19400.0,8572.0,70777.88,132223.0,69.0,25,24044.0,69760.0,189300.0,0,84,24653.0,178035.38,80413.0,6,27,68552.0,Y,5302.1,current,M,42,MEDIUM,15.4,3,428.0,1,10.0
9054,12744,18741.0,6046.54,6495.0,11203.84,26802.72,5984.75,4505.0,14.0,3,19,47,1,22,240000,1,1,1.0,1,270.0,375000.0,25002.0,6916.0,30181.11,109400.0,91.0,13,15286.0,99786.27,66712.0,3,78,23966.0,3730.17,41037.04,9,58,53671.0,Y,15468.83,current,F,28,MEDIUM,0.8,10,771.0,0,7.0
9055,1639,12146.0,7324.3,634.0,3392.26,464.0,1107.0,804.0,44.0,71,3,2,2,34,507000,1,1,1.0,1,48675.31,117890.0,130000.0,-4664.0,70083.06,20542.5,67.0,26,34617.0,59467.9,64994.0,70,82,23406.0,80787.26,80686.0,8,103,20411.0,Y,1618.99,current,M,53,MEDIUM,3.3000000000000003,9,606.0,1,3.0
9056,6867,19699.0,1539.73,3459.52,35451.06,15533.0,8325.0,2684.5,7.0,11,38,2,44,2,371000,1,1,1.0,1,24832.0,82907.34,67696.0,1931.0,16334.13,208588.0,52.0,7,31802.0,16551.17,5298.0,2,12,7128.0,11434.75,6153.0,8,80,28966.0,Y,8125.5,current,M,38,MEDIUM,5.4,2,615.0,1,10.0
9057,9501,15026.0,6019.0,9190.0,6780.95,6755.0,1305.14,5309.09,531.0,3,4,7,9,42,19000,1,1,1.0,1,8043.25,65480.0,6100.0,5350.0,36838.18,2369.13,5.0,3,20477.0,35534.01,62628.25,9,4,116000.0,33064.0,43869.0,117,83,13070.0,Y,4843.28,saving,M,40,MEDIUM,8.0,3,536.0,0,20.0
9058,12212,339562.0,7305.22,9067.0,31735.81,3112.37,20031.02,12562.0,7.0,66,82,3,6,56,303000,1,1,1.0,1,22712.85,356899.37,28913.0,3897.0,49460.33,57701.0,87.0,0,29329.0,20779.14,72624.0,45,82,56458.0,4880.0,86559.0,3,7,46305.0,Y,1634.17,current,M,27,MEDIUM,2.1,3,623.0,1,5.0
9059,16624,12020.0,11068.0,8230.0,12465.3,13883.84,41574.0,949.0,29.0,10,3,20,3,2,326000,1,1,1.0,1,26360.0,100934.0,68000.0,-5715.49022999999,51355.7,48746.0,36.0,1,19613.0,36223.02,1059.0,8,6,41101.0,24686.88,26706.0,12,65,101.0,Y,4518.44,saving,M,58,LOW,38.0,3,606.0,1,5.0
9060,2545,7893.0,21155.0,8345.0,99252.7,6670.0,3554.47,6843.0,24.0,10,60,48,1,77,47000,1,1,1.0,1,291969.2,3084.5,24619.0,7478.0,185692.42,426904.0,52.0,35,34043.0,1519.0,93078.0,47,29,65362.0,80855.97,85603.81,4,54,23743.0,Y,1689.47,current,F,53,MEDIUM,16.5,6,247.0,1,19.0
9061,5528,1026.0,3087.7,3277.5,5391.0,3158.47,12078.23,10389.0,7.0,13,67,2,2,2,204000,1,1,1.0,1,249060.0,106398.0,954.0,12415.0,11976.13,18972.0,59.0,7,27453.0,219565.69,66181.0,2,20,34064.0,25470.66,24043.5,22,104,19999.0,Y,4726.83,current,M,118,MEDIUM,68.60000000000001,1,488.0,0,20.0
9062,13511,14429.0,21735.3,659.0,39498.0,4641.0,9030.105,14611.0,4.0,60,29,2,62,1,35800,1,1,1.0,1,9832490.0,1425000.0,11580.0,0.0,84250.25,24040.0,10.0,1,147388.0,75438.75,24156.0,2,44,27375.0,64333.13,63771.0,4,21,46846.0,Y,11020.81,saving,M,62,MEDIUM,37.800000000000004,10,247.0,1,10.0
9063,18556,289549.0,30553.0,1554.0,2651.0,1634.26,3739.56,2696.0,1.0,84,8,44,25,79,272000,1,1,1.0,1,95.0,95081.0,6000.0,3897.0,3308.38,32708.0,3.0,1,31176.0,70186.41,59274.0,3,28,153500.0,50477.06,176402.82,12,58,8999.0,Y,2252.44,current,M,53,MEDIUM,6.6000000000000005,3,448.0,1,11.0
9064,5257,18853.0,14723.85,562.0,623.0,9210.51,745.0,2537.74,44.0,85,19,20,2,2,199999,1,1,1.0,1,41441.27,370000.0,16114.0,903.0,21969.46,28668.0,11.0,0,49801.0,34089.19,129773.0,9,12,21729.0,129991.0,18232.0,2,104,3177897.0,Y,2114.89,current,M,35,LOW,10.5,10,511.0,0,2.0
9065,5225,677.0,5649.19,13353.83,43428.59,128068.22,5925.895,1676.0,44.0,71,5,42,38,4,84000,1,1,1.0,1,30382.2,111000.0,6100.0,903.0,39240.28,76582.0,16.0,7,32741.0,35731.1,32591.0,11,108,14590.0,19418.6,25548.5,2,83,468114.0,Y,13707.29,saving,M,64,MEDIUM,4.4,6,750.0,1,7.0
9066,12673,13730.0,28832.62,10002.02,9961.0,2038.3,10686.45,3575.0,136.0,23,61,53,5,47,167000,1,1,1.0,1,8209320.0,440000.0,50000.0,-5715.49022999999,83825.91,21871.0,43.0,4,43012.0,29640.58,33039.0,50,14,49404.96,135966.72,156419.06,16,11,37189.0,Y,1476.19,current,M,38,LOW,12.600000000000001,1,801.0,0,10.0
9067,10570,317663.0,23120.0,6661.0,7383.3,467.49,11891.105,2185.0,1.0,22,49,3,25,3,525000,1,1,1.0,1,9717.55,372815.4,51520.0,-6301.0,28702.56,339712.9,69.0,0,52137.0,14689.5,171491.12,35,59,20000.0,19526.96,80140.0,11,100,27468.0,Y,2421.87,current,M,47,HIGH,8.1,4,623.0,1,6.0
9068,12376,18800.0,14447.34,354.72,10328.93,5963.95,3141.0,4179.0,3.0,22,29,48,1,1,301000,1,1,1.0,1,8256.6,149933.89,34550.0,12163.0,35147.25,18255.0,46.0,1,56500.0,104136.75,12017.0,1,25,18767.0,25776.38,10163.0,58,54,46343.0,Y,421.64,current,M,49,LOW,29.0,7,737.0,1,5.0
9069,10208,303947.0,3780.47,4810.0,8794.65,7580.0,1927.3,5610.0,5.0,85,50,3,6,77,345000,1,1,1.0,1,12869465.0,376600.5,23160.0,-6281.37987999999,32957.36,22421.0,89.0,3,36444.0,20220.0,2279.0,3,87,23569.0,94401.6,34966.0,7,12,12466.0,Y,1288.3,current,M,33,LOW,9.1,4,766.0,1,6.0
9070,10020,124410.0,17267.77,5648.0,10130.0,3791.72,21476.535,3278.0,19.0,11,82,30,1,47,152000,1,1,1.0,1,151606.65,20000.0,492.0,35346.0,73026.0,33562.0,11.0,13,58500.0,46695.7,67219.36,6,5,26959.0,5315.25,15104.0,9,65,164848.0,Y,5865.71,current,F,62,MEDIUM,12.600000000000001,6,723.0,1,2.0
9071,18092,10775.0,4453.9,5512.0,6717.52,2337.0,1938.04,15066.0,6.0,18,6,2,12,2,293000,1,1,1.0,1,3101.3,48087.25,90525.0,10210.0,303391.0,100139.52,18.0,26,22919.0,190609.7,113438.82,1,25,43140.0,151816.7,2536782.5,10,38,105702.0,Y,19439.66,current,M,32,MEDIUM,3.6,3,446.0,1,5.0
9072,7724,5843.0,3775.2,231.0,10554.87,14628.34,1377.2,9270.0,9.0,26,1,1,1,8,378000,1,1,1.0,1,690.0,202560.0,8417.0,5773.0,12331.16,90338.0,11.0,3,7700.0,4147.0,20207.0,6,23,136798.0,10689.0,410848.0,8,50,29838.0,Y,727.33,current,M,47,HIGH,16.2,7,249.0,0,2.0
9073,19656,17092.0,17524.12,1936.0,6052.5,2174.0,6305.0,3431.0,6.0,3,89,5,25,13,400000,1,1,1.0,1,568.8,9866.9,678.0,6260.0,41211.07,36284.0,11.0,5,28790.0,91651.0,61959.0,45,82,66800.0,51988.74,17301.0,36,80,20271.0,Y,35712.78,current,M,47,MEDIUM,24.3,9,927.0,1,18.0
9074,9870,123436.0,14351.79,19747.65,6724.58,4980.0,3782.79,1140.0,7.0,4,44,2,18,34,49999,1,1,1.0,1,64410.0,19000.0,49975.0,-5439.0,62726.53,168945.0,5.0,2,8039.0,12049.18,125650.0,11,42,28697.91,97472.88,56755.94,2,22,82500.3,Y,3021.45,saving,M,29,LOW,7.2,6,374.0,0,15.0
9075,17858,8823.0,34000.0,4950.77,33739.18,1764.31,37042.0,2785.0,24.0,29,38,2,2,34,510000,1,1,1.0,1,75240.45,85300.0,891.0,4512.0,22115.25,29925.0,9.0,5,400000.0,66751.96,14863.0,31,20,12603.0,49965.36,25461.0,7,83,15377.0,Y,9667.32,current,M,56,HIGH,25.200000000000003,9,631.0,1,2.0
9076,15289,15179.0,11169.31,9273.03,15729.68,317.78,3317.06,1606.0,5.0,84,7,54,3,30,429000,1,1,1.0,1,8554.5,53749.0,2841.0,5439.0,127969.38,66351.25,4.0,23,32288.0,39188.11,26110.0,71,23,23850.0,81486.64,95463.0,11,38,46512.0,Y,5620.51,current,M,29,HIGH,5.4,4,508.0,0,3.0
9077,12398,10082.0,5447.01,2724.8,38168.17,15724.72,8377.035,3203.34,28.0,83,70,1,15,2,263000,1,1,1.0,1,17750.0,52098.99,565.0,6916.0,23880.77,95374.5,35.0,15,27816.0,1571.6,78415.0,1,44,20696.0,77237.33,26154.0,14,32,100724.0,Y,103565.55,current,M,66,MEDIUM,18.400000000000002,10,710.0,0,15.0
9078,17982,8681.0,9626.0,7349.61,43982.93,1572.0,9861.145,1820.0,6.0,19,38,52,2,39,525000,1,1,1.0,1,328504.5,38928.0,2841.0,16455.0,27372.61,100739.0,69.0,33,40886.0,61259.0,78620.0,2,27,25500.0,13844.76,156825.0,47,50,34101.0,Y,774.28,current,M,28,MEDIUM,7.2,6,814.0,0,10.0
9079,12555,3003.0,7210.91,35227.0,47442.52,2266.0,16393.6,4938.0,7.0,2,48,57,55,6,17000,1,1,1.0,1,197067.2,560000.0,68000.0,8572.0,43093.49,531093.0,46.0,3,29735.0,71246.17,5119.0,0,5,11461.0,108486.02,29381.0,5,1,64626.0,Y,786.61,current,M,66,MEDIUM,18.400000000000002,5,259.0,1,7.0
9080,17701,2785.0,16195.97,937.0,11966.92,1387.0,5044.89,944.0,6.0,3,89,24,6,1,114000,1,1,1.0,1,23221.65,8407.46,1633.0,1931.0,1573.0,59633.0,11.0,1,63887.0,73513.08,19379.07,43,59,23490.0,23553.0,61572.0,40,18,77470.0,Y,33797.53,current,M,30,MEDIUM,10.0,3,385.0,1,19.0
9081,14014,16945.0,7622.5,458.0,17546.0,723.17,50463.0,500.0,23.0,23,20,7,62,10,232000,1,1,1.0,1,82587.0,52000.0,3570.0,7478.0,109260.24,20195.0,18.0,9,21017.0,36172.89,55904.0,3,49,72970.0,156104.28,95575.9,40,79,68409.0,Y,9058.04,current,M,49,LOW,17.400000000000002,6,446.0,1,3.0
9082,15356,407693.0,1355.0,23902.24,6613.28,441.0,3500.025,6322.1,124.0,2,59,2,18,47,524000,1,1,1.0,1,10562.45,1372927.14,925.0,3983.0,54121.22,212717.0,55.0,30,33833.0,41497.07,109842.0,4,8,27375.0,67511.55,47386.0,5,83,30753.0,Y,47948.51,current,M,46,LOW,10.4,10,249.0,0,4.0
9083,6674,17291.0,6923.0,816.0,8764.81,4891.0,23956.25,8179.0,10.0,18,47,1,18,70,199000,1,1,1.0,1,11878.6,470000.0,68000.0,8723.0,39547.1,28676.0,16.0,6,51270.0,202735.18,48215.0,7,20,35667.0,68293.5,58714.0,4,79,98716.0,Y,599.32,current,M,64,MEDIUM,22.0,6,488.0,1,7.0
9084,14004,32250.0,5678.87,15068.0,25516.95,16052.21,4734.0,12888.76,20.0,46,27,4,31,1,42000,1,1,1.0,1,101891.25,64491.0,16215.0,-12179.0,123873.44,31195.0,74.0,1,78681.0,13552.63,60801.0,3,78,22682.0,59757.09,11829.5,11,12,52525.0,Y,12601.41,current,M,27,LOW,3.5,4,809.0,0,10.0
9085,13175,7195.0,4117.03,373.0,93327.5,14298.0,2926.0,2240.0,10.0,71,653,17,2,16,423000,1,1,1.0,1,22086.05,201000.0,908.0,35346.0,75610.4,143262.0,42.0,3,52695.0,25091.13,72659.0,23,13,20460.19,30974.7,35062.74,2,21,51782.0,Y,1925.19,current,M,29,MEDIUM,5.4,9,684.0,1,16.0
9086,12452,19554.0,21149.0,26644.53,9513.0,141.0,3033.52,4552.0,57.0,5,10,5,15,70,306000,1,1,1.0,1,48675.31,470000.0,2214.0,0.0,36053.14,4754.0,55.0,23,83569.0,6635.69,44976.0,2,4,199000.0,18699.0,11096.0,4,14,68350.0,Y,2437.71,current,M,29,MEDIUM,2.7,3,623.0,0,4.0
9087,17285,8252.0,10507.22,421.0,37748.85,7914.0,18141.75,4850.0,8.0,5,5,11,2,3,378000,1,1,1.0,1,3380.0,191000.0,67696.0,12415.0,25708.0,120750.0,52.0,5,22604.0,37235.38,169247.87,2,63,41100.0,49967.91,42372.5,3,8,21302.0,Y,2256.5,saving,M,42,MEDIUM,6.6000000000000005,4,503.0,1,10.0
9088,3738,11434.0,4905.3,7162.0,65419.04,1717.0,5767.0,2141.0,44.0,26,3,45,1,2,167000,1,1,1.0,1,13180.0,68663.61,13873.0,-5439.0,28733.41,322317.0,11.0,13,40519.0,49839.0,65146.0,3,1,14269.0,16994.38,39032.5,5,18,23226.0,Y,34723.1,current,M,62,MEDIUM,16.8,2,486.0,1,20.0
9089,7234,10151.0,14825.76,28897.74,628.0,22378.0,7991.01,10529.0,12.0,10,82,1,3,10,479000,1,1,1.0,1,117168.65,970000.0,33774.0,-6885.0,7843.86,90158.0,4.0,1,42466.0,29539.42,90314.0,0,8,13210.0,19868.39,1760.0,2,8,46848.0,Y,126.58,current,F,34,MEDIUM,11.200000000000001,8,653.0,1,11.0
9090,14474,19275.0,2432.385,4253.0,6249.0,2520.0,9128.0,3331.0,2.0,20,7,5,3,54,147000,1,1,1.0,1,18861.8,16000.0,57899.0,1500.0,68227.0,1122.0,12.0,36,96870.0,23699.66,110428.0,2,13,4420.0,98275.28,295054.89,62,120,59790.0,Y,6004.43,current,M,55,LOW,14.0,5,623.0,1,4.0
9091,16390,18712.0,39605.52,152026.44,17029.4,8366.74,747.75,500.0,5.0,85,89,48,5,3,429000,1,1,1.0,1,41883.6,69370.0,8417.0,35346.0,10386.41,64675.1,12.0,26,40800.0,44629.61,15336.0,5,21,19015.0,48314.15,180007.0,5,18,57004.61,Y,62.75,current,M,32,MEDIUM,7.2,9,245.0,1,19.0
9092,9325,5040.0,10860.7,2080.0,8732.99,9410.15,17953.83,887.0,12.0,23,64,24,31,91,670000,1,1,1.0,1,13180.0,1423567.1,51520.0,5773.0,47153.14,81628.0,11.0,1,79144.0,51542.86,47100.0,5,8,32714.0,39536.94,38057.0,2,72,26665.0,Y,3784.02,current,M,37,LOW,1.7000000000000002,2,887.0,1,4.0
9093,7722,15777.0,3800.67,12071.25,3997.5,37827.0,9644.0,658.0,8.0,18,7,4,27,2,68250,1,1,1.0,1,39851.93,70164.0,36114.0,1014.0,29120.22,59246.0,46.0,3,19970.0,116441.0,38828.0,3,18,45933.0,83060.75,26643.75,62,0,27908.0,Y,1404.5,current,M,29,HIGH,0.9,2,511.0,1,20.0
9094,12670,5103.0,16623.62,15261.0,15210.01,1232.6,7704.325,4450.5,92.0,37,38,50,38,5,410000,1,1,1.0,1,76780.0,71944.5,28912.0,1500.0,17337.0,62033.0,4.0,13,11242.0,94332.23,192281.0,4,35,13747.0,72850.64,90076.0,2,14,70575.0,Y,10019.66,current,F,53,MEDIUM,6.6000000000000005,3,538.0,0,18.0
9095,17105,8409.0,43332.37,2275.0,3690.5,11988.89,12400.25,4543.0,4.0,23,52,3,2,7,359000,1,1,1.0,1,167.5,197800.0,5905.0,6613.0,47938.91,176514.0,69.0,4,28097.0,48945.91,8078.0,1,82,27878.93,30824.11,10925.0,4,106,20892.0,Y,3265.32,current,M,53,MEDIUM,19.8,7,583.0,1,11.0
9096,9206,14729.0,1977.0,54611.24,4953.5,4313.0,37005.55,3457.55,19.0,85,59,2,27,37,447000,1,1,1.0,1,36122.87,5350.0,2644.0,20513.0,21482.29,91586.0,40.0,1,33868.07,57127.49,53712.0,1,40,30079.0,6998.0,4422.0,14,103,20782.0,Y,1786.49,current,M,27,MEDIUM,4.9,3,488.0,1,3.0
9097,19419,113035.0,1085.12,37365.92,198508.0,2067.5,3990.225,15631.0,28.0,99,82,8,17,6,297000,1,1,1.0,1,5045.13,861640.54,126001.0,-4679.0,58196.25,35418.0,4.0,36,26087.0,46344.0,36116.5,1,6,428.03,2618.8,26732.5,16,8,79993.0,Y,1334.42,current,M,51,MEDIUM,24.8,6,628.0,1,18.0
9098,4264,15152.0,9317.53,21631.6,4228.69,2913.65,21304.285,16597.0,80.0,29,52,52,62,30,378000,1,1,1.0,1,5688.0,26884.0,825.0,0.0,25796.06,36179.0,20.0,33,35442.0,46086.9,112331.24,6,35,81117.0,26589.0,60681.0,2,104,23223.0,Y,5071.32,saving,M,34,MEDIUM,14.0,1,958.0,0,3.0
9099,19323,9093.0,9796.65,35250.0,6264.5,11974.77,3554.47,2296.0,2.0,2,38,42,15,68,104000,1,1,1.0,1,1482778.95,397463.9,6100.0,10210.0,24937.31,423568.4,46.0,35,22895.0,35068.58,29676.37,31,14,4816.0,219607.75,930.0,14,40,13842.0,Y,4141.87,current,M,35,HIGH,10.5,4,269.0,1,12.0
9100,19560,18908.0,31611.86,3112.75,1976.63,1386.0,3595.455,24252.88,136.0,23,71,2,14,1,345000,1,1,1.0,1,13732.93,51000.0,798.0,20324.0,38403.5,89265.0,11.0,36,34931.0,255884.19,27614.0,4,63,23017.0,94752.72,24048.0,4,11,20479.0,Y,1845.56,current,M,29,HIGH,1.8,8,796.0,1,6.0
9101,2023,14597.0,1341.0,5830.88,7366.73,1217.39,10227.0,14038.0,29.0,4,50,48,44,42,595000,1,1,1.0,1,46451.38,142608.5,33774.0,1992.0,45291.9,33409.0,42.0,3,17530.0,20721.43,80299.6,20,81,93931.0,76954.53,101350.33,14,36,21300.0,Y,5453.95,current,F,60,LOW,4.0,8,593.0,1,16.0
9102,13443,18397.0,2789.16,10816.08,52798.0,2430.77,5303.125,355.24,10.0,23,117,5,6,2,518000,1,1,1.0,1,871.5,191000.0,130000.0,6441.0,8533.46,33981.0,87.0,26,32344.0,61744.82,128388.0,2,82,41860.0,48233.47,255522.0,7,96,16890.0,Y,4823.54,saving,M,222,HIGH,20.200000000000003,1,934.0,1,4.0
9103,18931,14491.0,875.0,2275.0,1476.04,26918.0,3735.245,13662.0,2.0,85,84,5,1,67,447000,1,1,1.0,1,60800.0,1475000.0,155205.0,12163.0,71673.44,11120.0,67.0,2,19107.0,35979.44,165166.0,0,171,27395.0,30750.5,85210.75,21,104,21837.0,Y,2783.46,current,M,47,MEDIUM,2.7,9,274.0,1,16.0
9104,808,14373.0,1918.535,10816.08,28143.69,2572.0,2197.5,330.0,44.0,3,32,2,44,56,335000,1,1,1.0,1,138272.2,1024477.47,925.0,9415.0,27223.83,151397.0,62.0,9,56464.0,32527.0,23106.0,12,81,45600.0,26652.89,59686.75,9,17,32157.0,Y,1077.58,saving,F,37,MEDIUM,8.5,4,638.0,1,11.0
9105,2144,14851.0,5104.69,104.0,27852.0,2365.0,20811.375,4252.0,15.0,47,49,30,2,11,27000,1,1,1.0,1,89908.8,93.35,18389.0,7478.0,31411.63,17444.27,63.0,2,313439.0,37647.44,14995.0,6,6,23483.0,25776.38,70602.0,4,1,11740.0,Y,354.78,current,M,30,MEDIUM,5.0,5,631.0,1,12.0
9106,3942,33207.0,10669.0,2703.0,14215.26,93849.0,10591.72,1397.0,2.0,36,27,26,1,47,402000,1,1,1.0,1,115818.74,64491.0,643.0,-4324.0,47507.21,125202.5,11.0,9,36029.0,26226.75,6290.0,2,26,23693.0,97643.11,24062.0,8,73,63000.0,Y,8417.75,current,M,32,MEDIUM,2.4000000000000004,9,394.0,1,12.0
9107,14459,15022.0,22183.25,1720.5,17376.3,4906.0,5669.0,8238.0,8.0,8,44,19,1,30,298000,1,1,1.0,1,1038501.78,861640.54,925.0,0.0,5628.37,41521.71,43.0,26,96566.46,128451.15,38661.0,0,44,78339.0,107498.0,40831.25,94,10,61651.0,Y,5325.87,current,M,37,MEDIUM,1.7000000000000002,5,537.0,0,19.0
9108,19567,90087.0,25167.54,4389.0,10966.26,8772.63,2302.455,2040.0,2.0,99,44,7,3,54,119000,1,1,1.0,1,825.0,429273.4,300500.0,5464.0,15175.0,53019.5,46.0,31,39031.0,29102.91,42718.0,9,20,24280.0,31834.75,77827.0,21,8,94229.06,Y,3356.76,current,M,30,MEDIUM,10.0,2,623.0,1,16.0
9109,19692,81825.0,4729.14,20562.68,11008.91,12423.0,1122.45,1061.0,4.0,13,67,42,1,2,127500,1,1,1.0,1,2008232.55,10701.0,300500.0,12299.0,28301.78,575051.0,18.0,2,64160.0,46338.09,16212.0,2,14,19600.0,48743.5,1118.0,58,83,171000.0,Y,6096.08,current,F,56,LOW,36.0,8,638.0,1,15.0
9110,12156,11093.0,56862.0,8920.3,3038.15,26607.0,74803.3,4947.95,4.0,18,49,82,5,98,483000,1,1,1.0,1,1146.0,655638.0,49975.0,-4679.0,33844.5,54916.7,12.0,36,43016.0,199662.0,49530.0,2,81,61230.0,10053.75,27585.0,2,3,446.0,Y,64.44,current,M,27,MEDIUM,6.300000000000001,2,249.0,0,17.0
9111,4044,19343.0,12361.16,2185.6,6350.25,2700.0,11137.74,4558.0,136.0,4,135,50,2,31,383000,1,1,1.0,1,2242.35,105000.0,508.0,-5942.0,44372.25,49933.0,42.0,0,57608.0,36634.89,265162.0,3,12,40.24,26000.5,46826.43,21,80,25668.0,Y,61649.29,current,M,32,MEDIUM,1.2000000000000002,5,863.0,1,4.0
9112,4680,340816.0,3751.13,10348.0,3474.5,3904.0,22579.0,4858.0,44.0,2,16,10,1,79,191000,1,1,1.0,1,21745.0,440000.0,519.0,2351.0,94620.0,58403.0,42.0,5,86605.0,61542.0,29798.0,35,27,37498.0,17941.06,40630.0,19,25,36242.0,Y,5449.51,current,F,32,MEDIUM,10.8,1,628.0,1,20.0
9113,10731,9769.0,6003.0,2792.07,23211.54,1594.0,26812.4,4185.0,92.0,93,1,21,55,62,400000,1,1,1.0,1,166331.66,1400000.0,6000.0,4795.0,72483.0,41840.0,15.0,13,22331.0,27299.54,76497.0,2,27,16964.0,11041.0,27459.88,3,38,16903.0,Y,1240.26,current,M,40,LOW,4.0,9,267.0,0,17.0
9114,16887,126105.0,26639.65,4704.0,9098.1,1429.11,2142.2,987.89,2.0,77,79,21,18,2,480000,1,1,1.0,1,3247.5,100000.0,20000.0,0.0,81409.3,23857.0,35.0,3,23160.0,11310.99,41941.0,43,104,56712.0,63296.0,149724.0,16,13,39677.0,Y,5556.44,current,M,30,MEDIUM,7.0,2,259.0,1,3.0
9115,4177,4125.0,8994.62,1262.74,41368.0,25572.0,3062.235,525.0,5.0,36,19,44,2,5,129000,1,1,1.0,1,197067.2,2400000.0,25508.0,5340.0,15745.25,46608.0,4.0,3,23073.0,26885.88,45724.0,70,108,40446.0,128206.62,326367.66,40,15,18677.0,Y,32852.62,current,M,28,LOW,8.0,3,245.0,1,11.0
9116,12932,7936.0,11621.24,11025.66,1929.0,39796.09,9167.0,227.0,43.0,1,67,5,6,8,199999,1,1,1.0,1,28482.5,120541.0,11545.0,5773.0,20637.25,197.42,42.0,15,62662.0,130519.0,44700.5,35,82,56421.0,92095.1,20796.0,7,11,25144.0,Y,7170.74,saving,M,40,MEDIUM,16.0,7,771.0,1,13.0
9117,10696,101680.0,20040.85,1555.0,46153.95,7813.0,1186.235,3587.0,10.0,23,5,1,2,54,467000,1,1,1.0,1,9751.5,1300000.0,2644.0,-6885.0,55615.92,218534.0,16.0,1,100925.0,110626.42,14393.5,31,36,243528.0,5192.0,35977.0,4,50,50282.0,Y,14717.84,current,M,25,MEDIUM,1.0,10,536.0,1,15.0
9118,4453,9082.0,13645.0,1591.0,550.64,2133.79,11722.4,852.9,136.0,23,6,1,3,39,523000,1,1,1.0,1,1488748.8,202560.0,50000.0,1465.0,4717.0,4109.0,77.0,3,102327.0,32291.78,78997.0,0,8,20205.0,11840.0,60923.0,2,18,36518.0,Y,1893.93,current,F,32,HIGH,7.2,8,518.0,0,14.0
9119,7286,11995.0,8251.49,1829.01,30125.23,9366.0,13156.0,7992.47,1.0,30,90,24,2,6,298000,1,1,1.0,1,31454.1,138475.4,18389.0,3735.0,46740.0,104311.0,20.0,2,25127.0,12321.85,8769.0,3,50,14294.0,36260.01,152696.0,12,0,37420.0,Y,157.42,saving,F,62,MEDIUM,42.0,6,864.0,0,16.0
9120,5019,7136.0,16196.0,38477.0,19386.82,3819.0,18351.0,1401.0,9.0,23,47,4,2,5,109000,1,1,1.0,1,1112.4,16363.0,130000.0,-5439.0,27016.0,59034.03,46.0,6,23566.0,84273.75,8769.0,43,9,14159.0,53862.19,148411.18,62,1,21155.0,Y,525.77,saving,M,60,MEDIUM,4.0,8,805.0,0,13.0
9121,2846,14155.0,6292.0,1545.0,3208.93,600.0,4978.24,8691.87,531.0,10,50,39,25,79,74100,1,1,1.0,1,20659.75,482147.0,11580.0,5439.0,21281.45,25242.5,35.0,3,32369.0,6998.79,162049.0,6,11,43270.0,13182.71,193743.05,6,0,22028.0,Y,4947.92,saving,F,53,LOW,19.8,10,623.0,1,6.0
9122,9050,3726.0,45690.0,2096.75,105986.0,11234.0,8793.0,22068.77,26.0,1,16,25,2,70,528000,1,1,1.0,1,48796.45,3084.5,12337.0,4856.0,43301.95,68478.0,35.0,3,43127.0,140510.85,29175.96,3,31,410852.0,46193.52,642.0,3,24,16000.0,Y,198398.87,current,M,223,MEDIUM,142.1,3,503.0,0,3.0
9123,789,168784.0,2058.0,3517.0,18342.66,4019.0,3065.75,22520.0,6.0,9,5,3,6,12,579000,1,1,1.0,1,48796.45,50034.93,50000.0,12174.0,49089.17,116901.88,10.0,30,16242.0,31634.75,16750.0,31,2,61491.0,76869.0,32197.75,6,0,20107.0,Y,4709.12,current,M,29,MEDIUM,6.300000000000001,3,748.0,0,13.0
9124,3175,6487.0,3391.18,4299.0,6008.61,5365.87,3183.27,13889.0,6.0,23,74,7,46,2,524000,1,1,1.0,1,2666.4,1400000.0,126001.0,1444.0,156493.98,10077.0,36.0,35,26604.0,33127.75,86479.18,1,2,40116.0,13353.76,50538.32,12,65,45073.0,Y,2247.14,current,M,47,MEDIUM,2.7,2,535.0,1,9.0
9125,14961,39754.0,23724.0,1994.0,17941.96,8458.0,7894.4,2346.94,531.0,3,42,48,55,47,293000,1,1,1.0,1,3938.25,6574.31,6000.0,1444.0,11319.88,12413.0,55.0,6,15335.0,184163.32,135492.0,9,82,50553.0,61057.47,19707.0,3,52,16463.0,Y,6356.68,current,M,50,HIGH,27.0,5,588.0,1,8.0
9126,6316,16357.0,15069.0,7145.0,3296.76,3703.0,977.68,1773.0,92.0,22,7,1,25,2,232000,1,1,1.0,1,1982892.29,42723.0,12000.0,6916.0,68610.27,24531.0,17.0,2,195632.0,73093.98,25207.0,2,21,63197.0,110034.37,445.64,5,2,144000.0,Y,9075.47,current,F,223,MEDIUM,203.0,8,623.0,1,14.0
9127,18751,5176.0,4168.8,1285.0,11518.64,7304.0,17752.72,36829.94,19.0,56,14,19,3,81,120000,1,1,1.0,1,168265.55,560000.0,11580.0,0.0,38394.88,45177.31,11.0,2,63425.0,153501.88,17546.0,3,20,23448.0,146953.3,29695.0,40,8,28390.0,Y,8511.88,current,M,29,MEDIUM,1.8,5,799.0,1,6.0
9128,19412,5434.0,16640.59,38932.03,25335.48,8263.59,1956.2,14864.17,4.0,93,61,24,3,47,371000,1,1,1.0,1,204585.76,33700.0,4367.0,-5998.43994,74233.12,53951.02,55.0,30,28750.0,27059.87,60204.0,4,35,17997.95,51032.0,58597.38,21,38,39518.0,Y,262.41,current,M,66,MEDIUM,27.6,7,249.0,1,8.0
9129,18856,15406.0,1975.5,27167.0,1030.0,13856.24,6562.9,1016.0,1.0,84,89,2,15,68,232000,1,1,1.0,1,39851.93,64491.0,33330.0,1411.0,30570.32,61713.0,2.0,3,43578.0,36618.71,141602.42,4,13,64154.0,23440.55,21820.0,21,38,18654.0,Y,2697.8,current,M,27,MEDIUM,7.0,2,355.0,1,20.0
9130,5149,289380.0,1460.1,7717.0,2456.5,756.0,2356.635,8123.0,1.0,5,82,8,56,68,393000,1,1,1.0,1,3070.5,50000.0,11580.0,-5715.49022999999,64616.03,79098.0,63.0,11,108300.0,12049.18,70780.0,2,7,562.2,113788.09,204981.99,47,103,24191.0,Y,1819.91,current,M,29,MEDIUM,7.2,1,723.0,0,11.0
9131,4819,11710.0,12963.67,36242.82,31621.33,9580.0,6781.72,5130.3,44.0,36,4,11,2,80,427000,1,1,1.0,1,3502.8,470000.0,13533.0,2351.0,45633.99,286.77,42.0,5,79375.0,31539.12,66881.27,4,8,50150.0,16994.0,103028.0,4,113,82150.0,Y,14954.01,current,M,66,LOW,41.400000000000006,10,746.0,1,6.0
9132,13180,12988.0,5241.76,2583.0,5841.25,22039.96,10623.255,710.7,44.0,10,13,7,3,36,267000,1,1,1.0,1,54860.05,176487.6,105000.0,277.0,1247.0,327334.0,11.0,7,22541.0,7720.66,114412.36,6,12,24190.0,41328.96,51600.6,22,10,13152.0,Y,1016.51,current,M,27,MEDIUM,3.5,10,554.0,0,20.0
9133,5906,286097.0,6855.31,4359.35,5355.5,1613.0,4511.54,8176.0,9.0,18,59,1,2,67,19000,1,1,1.0,1,125811.0,184514.0,4699.0,0.0,169801.36,71356.0,46.0,4,9567.0,5860.96,100163.9,2,2,31260.0,26564.24,43345.0,3,83,43388.0,Y,9337.06,current,M,47,MEDIUM,27.0,8,631.0,1,14.0
9134,15963,11743.0,1946.5,18340.0,4400.63,4481.75,2984.95,3501.5,19.0,1,102,1,1,79,187000,1,1,1.0,1,165907.57,13299.0,48950.0,2500.0,162.0,132721.0,16.0,26,15668.0,31084.13,154366.0,47,11,31042.0,26170.57,35023.99,2,65,6492.04,Y,3486.1,current,M,34,MEDIUM,4.2,7,324.0,0,16.0
9135,7716,11124.0,41269.28,5529.0,6115.89,8772.63,1530.0,2726.0,18.0,66,60,1,11,1,167000,1,1,1.0,1,216500.0,19129.94,16004.0,16455.0,49737.01,128116.0,8.0,1,19532.0,18776.0,119476.5,2,82,17388.0,40067.39,10040.0,3,58,19815.0,Y,609.61,current,M,46,MEDIUM,26.0,10,445.0,1,3.0
9136,11298,315865.0,7801.125,5666.0,43940.77,913.4,951.3,3854.0,531.0,66,4,8,44,3,345000,1,1,1.0,1,2173459.0,1187335.5,48500.0,12163.0,49107.0,67745.0,2.0,36,9400.0,137879.48,90100.0,7,13,10625.0,25051.8,114954.0,3,133,16900.0,Y,587.22,saving,M,62,MEDIUM,4.2,4,269.0,1,15.0
9137,15842,7496.0,15645.48,16031.0,30847.01,4336.0,49472.99,2946.0,25.0,84,50,3,4,1,58000,1,1,1.0,1,9717.55,184514.0,100000.0,1079.0,10523.84,11773.0,62.0,5,23666.0,15075.0,57176.0,1,20,97123.0,134131.4,49509.88,9,8,6087.0,Y,9060.09,current,F,33,LOW,6.5,4,454.0,1,2.0
9138,14646,241653.0,7767.33,448.3,12297.0,4640.0,28407.995,2078.0,124.0,18,87,5,62,3,494000,1,1,1.0,1,937.0,61022.63,15477.0,-3506.17993,9695.22,40252.0,11.0,26,67601.0,97739.65,78371.0,43,4,83821.0,28274.85,568.0,5,103,75902.0,Y,1548.24,current,M,56,MEDIUM,28.8,7,969.0,0,8.0
9139,19797,14287.0,402.0,11044.0,21191.92,4235.0,9849.0,2075.52,1.0,4,67,1,18,54,127500,1,1,1.0,1,668728.4,25404.0,25000.0,5464.0,45093.76,34515.0,40.0,14,56210.0,34563.46,72925.0,3,69,17876.0,11434.75,52680.0,4,120,35656.0,Y,7958.53,current,M,60,LOW,24.0,5,511.0,1,2.0
9140,11245,11594.0,14735.0,1988.0,157.0,1257.0,10442.0,1825.0,136.0,3,653,25,4,26,75000,1,1,1.0,1,71191.8,15036.0,768.0,5773.0,76103.86,14647.0,42.0,3,37377.0,15821.31,96232.88,30,171,281169.0,112657.96,33789.0,6,38,49300.0,Y,1953.73,current,M,66,LOW,13.8,1,269.0,1,11.0
9141,15741,311671.0,68490.09,5283.0,4966.5,8120.0,47598.0,6482.0,8.0,10,49,2,31,34,329000,1,1,1.0,1,41883.6,251131.79,54101.0,5439.0,64703.75,121918.0,11.0,2,74954.0,74356.78,187741.0,6,82,21643.0,5882.0,10116.0,3,32,18560.0,Y,6697.19,current,M,28,MEDIUM,6.4,6,748.0,1,19.0
9142,8802,1613.0,6832.8,4494.0,12512.11,7914.0,3544.7,1112.0,1.0,71,7,1,37,8,581000,1,1,1.0,1,98543.96,376694.91,25508.0,1332.0,6212.75,76582.0,52.0,0,26653.0,43427.74,33538.0,6,13,66288.0,19365.64,50088.0,21,103,19947.0,Y,3439.01,current,M,33,LOW,13.0,8,656.0,1,2.0
9143,3165,17024.0,15127.28,10190.9,3326.58,11069.0,17297.0,3922.0,25.0,3,52,39,45,4,352000,1,1,1.0,1,57701.5,280000.0,30000.0,167.0,176.2,63842.0,84.0,26,51024.0,24756.84,36928.0,4,14,84209.0,17065.82,10234.0,42,38,28153.0,Y,1614.11,current,M,30,LOW,4.0,10,516.0,1,4.0
9144,16883,16853.0,6489.75,2512.52,3733.89,318.0,7431.36,74.0,44.0,601,10,3,18,58,199999,1,1,1.0,1,413540.0,464261.6,694.0,8572.0,43894.52,33818.0,50.0,13,167127.0,50912.0,35203.0,6,25,78889.0,41697.0,2018.0,6,80,202664.0,Y,6678.35,current,M,31,LOW,3.3000000000000003,1,867.0,1,7.0
9145,13841,13722.0,26472.01,2994.98,32181.0,1036.0,1996.0,2962.0,6.0,36,53,8,26,77,567000,1,1,1.0,1,13732.93,278360.16,230000.0,3421.0,139685.29,57895.0,55.0,6,27444.67,47352.56,58558.0,0,50,3480000.0,12492.7,46817.0,3,100,1265.0,Y,2148.87,current,M,34,MEDIUM,4.2,5,647.0,1,5.0
9146,10004,317983.0,27727.28,2675.0,8463.79,5739.87,9071.0,4185.0,4.0,77,72,44,12,11,59000,1,1,1.0,1,12850544.36,50000.0,15654.0,20513.0,30776.17,59214.0,4.0,3,28876.0,1862.0,100655.0,0,12,17405.0,124099.75,88226.0,5,107,60627.0,Y,6881.56,current,M,55,LOW,10.5,8,771.0,0,7.0
9147,11171,10235.0,6032.925,11654.12,9845.52,8114.87,25593.05,659.0,4.0,3,7,1,2,79,192000,1,1,1.0,1,4421274.0,93.35,19400.0,-4679.0,41575.42,21113.0,46.0,3,25398.0,256854.22,10869.0,10,12,20780.0,24537.0,113887.6,10,32,44415.0,Y,103692.09,current,M,60,MEDIUM,16.0,5,638.0,1,8.0
9148,6071,19789.0,21825.61,6634.0,78777.86,2286.45,3010.5,4950.0,1.0,9,112,2,3,13,340000,1,1,1.0,1,825.0,143000.0,2214.0,0.0,69082.24,49822.99,42.0,9,89.0,121909.22,30158.0,0,20,147788.0,55413.72,28059.0,42,106,49232.0,Y,14628.47,current,M,53,MEDIUM,29.700000000000003,6,762.0,1,3.0
9149,2246,8577.0,46578.5,7278.27,2582.9,12642.41,49302.0,10137.04,9.0,6,5,10,1,1,518000,1,1,1.0,1,30895.44,64491.0,50000.0,553.0,39227.64,73584.0,5.0,2,48943.0,34004.46,26835.0,5,82,20597.0,145511.35,6477.88,2,12,26179.0,Y,165048.34,current,M,27,LOW,4.9,3,249.0,0,4.0
9150,9860,176906.0,23795.96,219.0,84901.38,1897.0,7139.74,8243.0,7.0,9,60,1,1,91,320000,1,1,1.0,1,20141240.0,280000.0,300500.0,-12179.0,30273.0,25104.0,42.0,2,117591.0,30042.04,20191.5,2,81,12100.0,187056.55,75874.0,58,107,55974.0,Y,2861.5,current,M,34,MEDIUM,14.0,4,268.0,1,5.0
9151,8971,324380.0,9352.035,11739.0,14154.58,188.0,8580.51,24070.5,18.0,71,74,10,4,5,522000,1,1,1.0,1,124064.65,93.35,5797.0,977.0,162960.34,43824.0,147.0,2,178068.0,19864.75,25432.0,31,20,67208.0,24686.88,65015.0,4,103,29112.0,Y,1016.51,saving,M,34,HIGH,12.600000000000001,10,685.0,1,3.0
9152,5787,8850.0,36311.01,4941.84,3915.36,3037.88,5844.0,1222.0,4.0,7,74,8,18,10,39000,1,1,1.0,1,12869465.0,52098.99,38599.0,-4679.0,44075.52,17058.6,48.0,26,96303.0,3280.0,33765.0,4,8,52158.0,48429.23,111828.0,21,11,43784.0,Y,53660.69,current,M,30,MEDIUM,4.0,9,882.0,0,16.0
9153,15490,13811.0,7509.0,1425.0,12211.63,4151.6,15953.46,574.59,6.0,36,13,44,2,98,234000,1,1,1.0,1,22086.05,3651922.3,130000.0,-5942.0,100381.0,97647.0,67.0,2,14150.0,22707.77,56112.38,1,2,55806.0,320600.25,39682.0,2,18,29246.0,Y,3579.33,current,M,55,MEDIUM,31.5,1,685.0,1,10.0
9154,6362,12566.0,7804.67,9839.0,4665.8,2480.0,11170.5,335.0,4.0,4,2,4,36,47,67000,1,1,1.0,1,7300.0,2400000.0,5797.0,5340.0,39368.83,10155.5,103.0,1,31360.0,90890.01,24435.0,2,67,42075.0,83657.18,57801.0,62,38,11712.0,Y,1562.35,saving,M,35,LOW,9.0,9,748.0,1,17.0
9155,18948,7952.0,1275.315,306.8,3296.95,2913.65,1333.0,3563.0,29.0,47,50,8,9,2,53000,1,1,1.0,1,684495.7,45000.0,925.0,6916.0,51013.22,58056.5,42.0,1,27016.0,55235.96,301116.04,2,108,92810.0,50455.75,35418.0,5,0,3649.0,Y,12450.07,current,M,44,MEDIUM,7.2,9,448.0,1,18.0
9156,3316,306470.0,30429.14,19656.0,154911.5,2374.16,1766.095,2297.45,26.0,2,72,2,3,20,293000,1,1,1.0,1,2.13,369448.8,2500.0,12299.0,34701.64,36208.0,2.0,1,17197.0,31992.5,49149.61,2,1,43134.0,42463.42,50435.0,117,11,16250.0,Y,10245.38,current,F,53,MEDIUM,33.0,10,945.0,1,13.0
9157,13378,18909.0,53325.0,8684.66,4367.5,4088.0,1044.0,17621.0,44.0,22,4,18,18,3,338000,1,1,1.0,1,322.02,52000.0,183999.0,5464.0,205289.91,95699.0,42.0,6,60677.0,24928.73,199854.36,31,7,8811.17,14875.49,27467.52,11,52,17899.0,Y,2670.77,current,M,53,MEDIUM,13.200000000000001,6,123.0,1,17.0
9158,19420,15108.0,3309.62,10349.29,6061.73,589.0,17116.9,5470.0,6.0,3,50,1,18,91,293000,1,1,1.0,1,47651495.0,78744.56,4198.0,5730.0,38145.23,36724.0,6.0,1,37404.0,58411.71,136536.57,2,13,428.03,41857.0,36718.0,12,80,13382.0,Y,518.98,current,M,223,MEDIUM,162.4,3,945.0,1,10.0
9159,18613,318797.0,1024.92,9734.5,4724.24,2094.22,7329.225,5697.0,1.0,77,4,18,25,6,670000,1,1,1.0,1,38566.25,15000.0,1018.0,-6301.0,10029.01,26380.0,46.0,5,18834.0,14198.0,94024.0,43,82,73808.0,154.27,58807.0,5,83,31126.0,Y,707.37,saving,M,42,MEDIUM,2.2,7,445.0,0,8.0
9160,9686,5877.0,46774.27,735.49,4971.0,6967.0,3021.0,1474.0,2.0,56,11,1,7,98,352000,1,1,1.0,1,47024.8,470000.0,48950.0,5439.0,95.25,3207.0,2.0,3,31414.0,77969.75,23897.0,4,23,22675.0,24198.1,184936.0,6,6,17732.25,Y,132997.39,saving,M,66,LOW,18.400000000000002,3,274.0,1,17.0
9161,3725,10959.0,22346.21,1039.48,43594.15,9719.0,3273.52,3275.04,56.0,10,135,5,15,98,114000,1,1,1.0,1,1910215.0,397463.9,33950.0,1079.0,81748.98,44378.0,2.0,1,9973.34,20220.0,26108.0,4,20,142385.0,15479.33,19764.29,2,80,34577.0,Y,9126.98,current,M,63,MEDIUM,43.0,10,737.0,1,19.0
9162,10666,14166.0,7275.0,7370.02,17174.01,17211.15,1966.85,25269.0,6.0,99,5,35,2,7,156000,1,1,1.0,1,20177.4,76365.24,2644.0,4856.0,87598.75,41927.87,16.0,3,11797.0,128109.04,35789.0,23,11,73902.0,54465.96,12667.88,7,10,21078.33,Y,898.29,current,M,34,MEDIUM,8.4,3,247.0,1,15.0
9163,10067,17279.0,11047.74,233.26,9044.2,12320.4,10861.3,1826.0,80.0,31,59,1,14,1,25000,1,1,1.0,1,871.5,88482.8,130000.0,844.0,43838.68,79098.0,23.0,14,12615.0,63127.88,272.74,4,13,54200.0,43646.0,24484.84,94,104,26224.0,Y,1070.35,current,M,50,LOW,24.0,2,799.0,0,4.0
9164,13806,8041.0,35211.04,3091.6,81439.29,1886.0,5343.0,6728.0,3.0,30,61,3,14,18,381000,1,1,1.0,1,250631.8,253000.0,5905.0,553.0,33178.01,102583.0,11.0,4,147845.0,10132.0,26720.0,35,12,26878.0,43855.34,11193.0,3,0,109025.0,Y,3067.72,saving,M,30,HIGH,3.0,8,969.0,1,13.0
9165,991,400472.0,1172.0,34886.72,3016.0,1749.0,2432.0,7281.0,60.0,26,44,41,12,2,139999,1,1,1.0,1,299294.61,64491.0,28985.0,844.0,6550.0,97162.0,11.0,13,29287.0,288.0,88246.0,0,78,43291.0,19820.98,52924.61,1,104,33822.0,Y,408.6,current,M,46,MEDIUM,23.400000000000002,7,802.0,1,17.0
9166,5924,12728.0,10079.11,736.0,53525.58,22628.3,123282.0,3395.0,80.0,65,84,3,6,31,75000,1,1,1.0,1,124929.75,50000.0,3975.0,1500.0,37009.25,31282.0,16.0,3,67144.0,19607.0,21792.0,3,82,4100.0,89502.96,102666.0,94,50,20735.0,Y,617.24,current,M,60,MEDIUM,20.0,9,249.0,0,17.0
9167,13484,183145.0,10300.0,1798.65,2469.66,1744.4,20502.49,423.73,8.0,9,3,1,55,62,34000,1,1,1.0,1,181073.75,52985.43,26241.0,1992.0,18273.99,102134.0,42.0,13,7148.15,45834.15,3254.0,47,13,14100.0,70119.63,12161.44,3,11,47307.0,Y,490.99,current,F,47,MEDIUM,16.2,1,966.0,0,6.0
9168,19369,10161.0,5079.53,34714.0,10672.43,5647.0,14162.9,4305.09,24.0,43,4,2,1,11,290000,1,1,1.0,1,684495.7,399.09,908.0,6885.0,95070.06,96150.0,67.0,35,40389.0,52838.13,41041.38,5,42,28913.0,27139.53,73381.0,7,75,14521.0,Y,2605.91,saving,M,40,LOW,20.0,10,245.0,1,6.0
9169,548,11253.0,8682.6,388.0,2509.63,3828.35,6871.33,5246.0,6.0,30,52,1,44,1,579000,1,1,1.0,1,72383.25,83402.0,2214.0,2921.0,42476.48,37312.0,20.0,0,15867.0,12049.18,23233.0,31,13,14501.0,117836.55,372295.0,4,12,24616.0,Y,10055.05,current,M,53,LOW,3.3000000000000003,1,700.0,0,9.0
9170,17563,4902.0,11259.83,9221.7,21192.33,5720.43,462.42,1228.0,3.0,14,70,4,7,39,173000,1,1,1.0,1,16317860.0,5350.0,2214.0,6885.0,149982.24,137066.83,42.0,19,15689.5,69547.75,37848.0,70,26,215000.0,38362.54,41662.36,40,83,23074.0,Y,4176.3,current,M,49,MEDIUM,14.5,6,858.0,0,18.0
9171,9745,17253.0,22517.87,5709.0,21938.98,1607.72,3285.5,3779.67,3.0,22,1,5,3,18,524000,1,1,1.0,1,154363.25,1024477.47,96558.0,-4679.0,178469.52,39556.0,91.0,14,225.0,72614.74,193430.0,50,5,30629.0,17971.0,43527.75,4,104,64560.0,Y,1619.33,saving,F,27,LOW,1.4000000000000001,5,883.0,0,15.0
9172,17525,141544.0,12275.14,11335.3,9951.52,12554.18,7205.425,16874.0,7.0,30,4,4,2,80,290000,1,1,1.0,1,13643.8,545000.0,583.0,0.0,58612.63,163982.5,67.0,1,19102.0,34810.55,128.34,1,20,57356.0,18608.63,6838.0,47,12,551.0,Y,507.04,current,F,33,MEDIUM,7.800000000000001,1,955.0,0,2.0
9173,18792,124171.0,25269.69,242.0,11925.5,15342.0,257102.9,7071.71,7.0,3,47,1,6,79,303000,1,1,1.0,1,70310.6,52991.0,8333.0,6885.0,23200.71,46786.39,16.0,3,23962.01,84070.11,1485.0,12,40,33946.0,21227.0,49920.0,4,36,60273.0,Y,3860.77,current,F,55,MEDIUM,24.5,3,855.0,1,2.0
9174,14622,10212.0,9080.45,8151.5,6480.06,10651.0,63493.26,2404.82,1.0,77,50,1,36,3,195000,1,1,1.0,1,1035.0,470000.0,1630.0,0.0,159458.0,41020.0,29.0,0,28180.0,40912.5,176521.0,3,84,199000.0,9799.0,352189.25,3,28,60034.0,Y,3579.33,current,M,37,LOW,6.800000000000001,2,802.0,0,14.0
9175,18551,6318.0,24219.0,5004.0,16126.0,7885.25,8239.5,2338.0,531.0,4,74,10,16,79,340000,1,1,1.0,1,1831780.84,15300.0,11580.0,-6281.37987999999,16736.62,74603.56,70.0,36,45542.0,40006.59,50063.0,70,81,10040.0,46275.84,50212.13,58,106,24128.0,Y,1145.64,current,M,50,LOW,15.0,10,269.0,1,8.0
9176,18781,164050.0,24961.44,1777.02,3518.37,1137.0,2429.28,37539.0,17.0,10,87,3,9,42,375000,1,1,1.0,1,34249.0,332000.0,49975.0,8572.0,72096.09,95004.0,24.0,2,39669.0,17840.13,26348.0,23,171,19419.0,55112.19,116082.0,5,24,10380.0,Y,18178.74,current,M,42,MEDIUM,11.0,2,269.0,0,16.0
9177,8542,913.0,6516.0,5578.0,11168.03,1733.86,4450.325,18698.67,66.0,16,59,5,71,1,147000,1,1,1.0,1,116.0,201663.0,8333.0,5340.0,44683.77,28467.0,11.0,3,12961.0,19560.33,49484.0,6,25,17971.0,27139.0,99182.0,5,38,16634.0,Y,4288.47,current,M,35,MEDIUM,1.5,4,505.0,1,14.0
9178,1380,14393.0,25173.45,2237.52,21157.32,6232.71,18570.0,272.74,6.0,30,61,1,12,16,143000,1,1,1.0,1,3938.25,100934.0,30000.0,2337.0,30031.06,113218.0,42.0,2,17336.0,8675.37,84953.0,30,8,31610.97,29181.19,30378.0,3,80,21805.0,Y,2851.79,current,M,33,LOW,6.5,7,249.0,1,8.0
9179,4592,14333.0,66305.0,13353.4,16712.43,22751.0,11817.0,1016.0,26.0,85,7,7,6,12,102000,1,1,1.0,1,15079.5,232235.65,300500.0,1992.0,146009.54,127059.0,7.0,3,101000.0,525169.48,14003.0,45,108,67063.0,11929.26,498514.92,94,32,191.29,Y,15734.17,saving,M,69,MEDIUM,49.0,10,628.0,0,15.0
9180,11711,13662.0,4884.25,53833.64,5282.95,1735.0,28309.01,4101.0,16.0,10,19,1,36,2,190000,1,1,1.0,1,33664.3,76157.6,550.0,13135.0,37367.76,36930.0,4.0,36,31908.0,128982.75,77028.18,1,50,51344.0,186773.76,454.0,3,103,32650.0,Y,4384.97,current,M,33,MEDIUM,10.4,5,805.0,1,15.0
9181,6009,299466.0,9304.07,3946.0,5014.0,5626.0,7965.655,581.0,8.0,36,2,1,31,1,329000,1,1,1.0,1,291969.2,29479.0,5540.0,1332.0,61592.85,96150.0,39.0,0,89.47,23265.76,384.75,3,81,30357.0,7257.94,198370.47,21,0,23917.0,Y,19665.01,saving,M,37,MEDIUM,10.200000000000001,7,424.0,1,11.0
9182,17452,16070.0,5678.87,9008.23,1493.85,4904.0,27043.49,1222.0,14.0,60,35,50,7,54,240000,1,1,1.0,1,3938.25,5351.0,230000.0,1245.0,5716.0,164940.0,5.0,4,40117.0,19026.0,4484.0,6,87,16452.0,65776.66,175343.49,3,18,700.0,Y,1962.53,current,M,62,MEDIUM,29.400000000000002,7,708.0,1,15.0
9183,16736,4728.0,2561.0,4137.8,6188.8,211.73,6524.0,11432.0,2.0,16,10,1,23,81,369000,1,1,1.0,1,10008.0,119898.8,51520.0,1332.0,40596.63,52285.0,7.0,2,548830.0,68376.72,103487.5,7,31,12124.0,80914.52,13020.0,13,13,60257.0,Y,2256.5,saving,M,62,MEDIUM,37.800000000000004,10,243.0,0,5.0
9184,10909,13350.0,6736.61,4497.01,2165.05,15155.02,10561.0,2357.0,18.0,9,3,30,21,2,528000,1,1,1.0,1,163703.25,650000.0,12560.0,4795.0,141770.1,43612.0,40.0,7,23493.0,16040.88,29422.0,2,108,5600.0,22138.0,28563.0,14,61,5655.0,Y,20118.7,current,F,53,MEDIUM,29.700000000000003,2,855.0,1,9.0
9185,5619,36377.0,32347.35,2320.0,52028.92,1481.0,12227.875,2976.5,60.0,128,35,8,9,4,255000,1,1,1.0,1,127004.3,82907.34,90525.0,3897.0,57973.0,132721.0,42.0,4,24164.0,86643.32,17066.0,6,78,198087.0,56813.91,44739.0,21,83,354.0,Y,1259.97,current,M,118,MEDIUM,58.800000000000004,6,485.0,1,7.0
9186,17902,14599.0,120894.0,4596.0,65122.0,2544.52,2532.75,6617.0,136.0,5,35,42,1,44,139999,1,1,1.0,1,690.0,360000.0,28912.0,553.0,30472.35,33316.0,4.0,14,10112.0,10065.0,73752.5,1,29,124950.0,30431.0,50.0,8,22,31000.0,Y,347.05,saving,F,62,MEDIUM,4.2,6,698.0,1,6.0
9187,14539,1234.0,37797.87,3860.45,43711.0,3050.9,3254.0,1962.0,24.0,16,61,50,1,9,391000,1,1,1.0,1,76122.87,78050.0,583.0,6885.0,53882.46,34112.0,46.0,5,13907.0,391109.2,60527.0,2,11,14838.0,76880.52,30450.88,10,80,87032.0,Y,4099.05,current,M,37,MEDIUM,15.3,8,523.0,0,18.0
9188,13588,6168.0,12821.2,1007.2,36559.22,2053.0,5502.555,1442.0,67.0,13,59,48,46,1,505000,1,1,1.0,1,52506.0,97000.0,12016.0,5464.0,33304.57,58688.0,4.0,3,18360.0,19821.36,20224.0,43,20,33989.0,2338.55,125480.0,3,103,281706.0,Y,599.52,current,M,35,MEDIUM,7.5,5,743.0,0,15.0
9189,17094,10751.0,3621.15,13761.43,1035.0,4658.44,2717.055,4784.32,2.0,10,49,3,2,30,300000,1,1,1.0,1,265809.85,8000.0,936.0,4795.0,135176.24,28206.0,84.0,1,50111.0,33585.75,30663.5,2,21,14032.0,40865.05,20276.0,3,13,27773.0,Y,29143.23,current,M,29,MEDIUM,9.0,1,324.0,0,17.0
9190,10013,4213.0,25075.49,5761.5,2456.47,10488.0,15672.02,3771.34,6.0,6,82,1,31,17,147000,1,1,1.0,1,48624.7,1475000.0,73217.0,290.0,100640.24,45844.0,11.0,30,82254.0,55146.45,85746.0,1,20,25288.0,8104.76,29339.0,4,49,198000.0,Y,2988.67,current,M,118,MEDIUM,88.2,5,355.0,1,16.0
9191,2560,398104.0,8654.64,5611.0,15588.49,252.0,431.29,1834.08,3.0,30,61,5,2,26,249000,1,1,1.0,1,10006.2,194099.3,1515.0,1500.0,2483.0,42162.0,46.0,14,25599.0,38100.83,68032.0,7,20,30098.0,6972.0,119672.25,8,113,27093.79,Y,204.98,current,M,34,MEDIUM,12.600000000000001,10,908.0,1,17.0
9192,6614,10992.0,14180.09,3118.0,25663.13,3748.5,21019.0,10542.0,10.0,66,5,48,3,13,147000,1,1,1.0,1,8209320.0,1194405.5,3975.0,-5998.43994,140851.45,64604.0,46.0,3,28395.0,38063.07,65335.0,2,78,39423.0,15998.0,120681.0,7,57,19111.0,Y,4536.83,current,M,47,MEDIUM,24.3,9,506.0,0,4.0
9193,19137,5012.0,80071.78,54611.24,121074.15,8756.0,4479.81,2727.0,33.0,99,50,2,21,1,53000,1,1,1.0,1,76122.87,7194.0,16114.0,5340.0,23654.09,41801.0,91.0,7,72874.0,72825.1,46121.5,2,7,64663.0,2186313.84,38154.14,8,83,20229.0,Y,17545.28,current,M,60,MEDIUM,24.0,2,858.0,0,19.0
9194,5293,176500.0,3616.06,2070.0,4732.99,16589.3,511.0,16092.6,6.0,85,44,8,1,5,157000,1,1,1.0,1,101891.25,462011.1,2156.0,3735.0,36481.55,74541.0,42.0,26,144639.0,14701.9,29009.0,1,75,43176.0,85842.11,76738.0,3,1,113791.0,Y,21141.74,current,M,27,MEDIUM,4.2,3,887.0,1,9.0
9195,3390,98253.0,10832.31,6866.0,16694.0,63861.83,5164.25,2327.0,2.0,10,1,8,1,79,461000,1,1,1.0,1,163703.25,15957.0,126001.0,553.0,5166.25,155394.0,46.0,36,33879.0,159276.73,14654.0,5,14,32478.0,53371.13,53475.93,3,83,18911.7,Y,18261.92,saving,M,33,MEDIUM,11.700000000000001,3,743.0,1,17.0
9196,13635,287903.0,8057.95,519.0,2475.0,3550.0,2867.0,387.06,136.0,10,85,18,44,10,255000,1,1,1.0,1,156875.0,19.39,50000.0,-3506.17993,50241.0,9583.0,2.0,35,41496.0,51851.87,72925.0,10,20,49164.0,36569.25,20664.25,40,63,65104.0,Y,1626.1,current,M,54,MEDIUM,20.400000000000002,2,447.0,1,18.0
9197,2366,14503.0,5551.0,2749.14,5484.7,1312.0,12700.29,6288.0,12.0,1,35,1,51,16,381000,1,1,1.0,1,20177.4,93.35,3792.0,-12179.0,12377.24,16543.0,103.0,2,27875.0,257530.76,320268.0,1,27,11397.0,78267.76,69097.78,94,9,20587.0,Y,11470.66,saving,M,35,LOW,10.5,4,535.0,1,20.0
9198,19253,19631.0,2684.42,1024.0,14182.0,17818.03,48866.0,2043.3,7.0,8,60,10,4,8,84000,1,1,1.0,1,4941.45,17000.0,2841.0,20790.0,22856.07,134810.0,6.0,3,65605.0,112840.46,7659.0,70,8,22079.0,15411.08,294020.02,11,25,37383.0,Y,3515.05,current,M,34,LOW,1.4000000000000001,3,743.0,1,5.0
9199,18610,17752.0,9760.72,8684.66,3426.58,11375.0,29366.03,8057.05,4.0,65,1,42,1,11,587000,1,1,1.0,1,6440.0,38928.0,13533.0,1500.0,77439.24,64153.0,9.0,43,7260.0,14314.9,41875.0,70,82,164331.0,12838.56,148447.96,6,15,46848.0,Y,1969.6,current,F,49,MEDIUM,5.800000000000001,10,464.0,1,4.0
9200,7563,6664.0,14393.15,25669.0,8240.8,10455.88,1971.56,1159.0,12.0,10,30,48,62,5,80000,1,1,1.0,1,77855.0,11897.0,583.0,6885.0,27227.0,30681.0,17.0,2,29444.0,10459.91,29862.12,3,59,27658.0,34355.91,26802.0,3,113,32350.0,Y,2048.14,current,M,29,MEDIUM,0.9,3,658.0,1,6.0
9201,19748,1401.0,17162.16,1165.0,26505.01,3167.97,8725.12,4776.42,1.0,8,72,3,21,3,518000,1,1,1.0,1,270.0,482147.0,8333.0,-6885.0,4133.0,369074.15,4.0,1,21298.0,89559.68,65118.21,1,5,38246.46,90809.2,39238.0,1,10,140759.0,Y,507.04,current,M,219,MEDIUM,19.900000000000002,3,921.0,1,9.0
9202,19078,9248.0,12361.16,462.3,31762.4,5229.7,85286.26,8467.62,6.0,71,52,1,11,47,472000,1,1,1.0,1,83688.0,237365.38,527.0,1500.0,3255.78,54123.44,11.0,2,67900.0,52957.58,17343.66,6,42,35844.0,18823.88,48391.0,1,24,26665.0,Y,56018.48,current,M,66,MEDIUM,23.0,7,606.0,1,2.0
9203,12681,16271.0,10412.45,1559.0,6649.93,2060.84,1017.5,2378.0,1.0,30,30,4,1,2,255000,1,1,1.0,1,102.95,229809.2,49975.0,10770.0,48984.07,60790.81,36.0,5,78750.0,25221.74,41738.5,23,81,22905.0,33064.0,35750.5,8,0,12892.0,Y,19481.55,current,M,37,LOW,10.200000000000001,10,883.0,1,8.0
9204,10135,5894.0,19212.72,7212.0,34561.4,7949.78,7259.0,3188.5,2.0,2,44,48,44,2,150000,1,1,1.0,1,1581000.0,19000.0,30000.0,6613.0,37647.6,23804.5,91.0,3,49700.0,14701.9,201513.81,3,89,75522.0,25511.0,134949.0,12,83,1215.0,Y,1659.72,current,F,32,MEDIUM,1.2000000000000002,6,922.0,0,4.0
9205,14419,20181.0,32147.85,5529.96,1132.5,2026.0,1096.5,405.0,136.0,29,13,5,1,42,16000,1,1,1.0,1,88.0,12971.0,768.0,6885.0,22425.77,43962.0,5.0,15,36468.0,103610.05,22645.0,0,35,39338.0,17776.95,83761.0,21,22,34181.0,Y,2469.92,current,M,27,MEDIUM,5.6000000000000005,7,809.0,0,7.0
9206,5243,12012.0,1167.0,8202.86,5589.5,10455.88,4913.69,3378.0,5.0,30,67,1,2,1,156000,1,1,1.0,1,196885.0,861640.54,25000.0,903.0,832553.76,10287.0,11.0,19,27833.0,23432.5,165293.17,6,11,78620.2,37254.34,398782.28,3,107,2721.0,Y,24140.92,saving,F,66,LOW,23.0,8,713.0,1,13.0
9207,17549,6246.0,6833.0,1233.0,20986.97,1356.12,4093.88,2235.3,6.0,20,47,18,4,17,518000,1,1,1.0,1,140291.6,152664.0,23500.0,12174.0,31719.0,39020.0,7.0,29,18339.0,21322.17,17809.0,3,82,24222.0,149576.73,37825.0,21,14,50913.0,Y,171.2,current,M,33,MEDIUM,13.0,3,623.0,1,19.0
9208,7518,57238.0,1748.0,190.0,12180.83,2228.5,5048.675,2500.0,67.0,83,47,1,3,13,393000,1,1,1.0,1,46451.38,64091.0,1143.0,35346.0,112014.64,187523.0,2.0,36,66599.0,44124.75,50190.0,1,82,46575.0,136634.13,13850.0,3,12,45295.0,Y,7596.71,current,M,47,MEDIUM,21.6,7,595.0,0,4.0
9209,6198,117206.0,1340.04,75499.94,12624.18,2798.82,1318.0,6870.0,10.0,3,9,17,55,17,430000,1,1,1.0,1,526.25,227000.0,37274.0,-5715.49022999999,16035.27,101602.9,20.0,17,34118.0,153339.5,39972.0,5,82,31285.0,123913.48,46599.38,94,63,72990.0,Y,81.61,current,M,66,LOW,46.0,1,743.0,0,6.0
9210,8260,1096.0,40387.0,6852.0,5533.38,353.2,3229.24,6240.65,7.0,2,11,1,1,16,10000,1,1,1.0,1,13659.0,38928.0,73217.0,24326.0,340667.5,22240.25,42.0,1,398897.0,56439.44,78195.0,31,59,47592.0,121712.21,16665.25,2,49,21756.0,Y,1557.5,current,M,62,MEDIUM,8.4,3,799.0,1,3.0
9211,12826,9988.0,29824.26,1290.0,9591.45,13847.0,22665.93,2683.35,80.0,77,71,18,3,5,523000,1,1,1.0,1,9717.55,50000.0,4895.0,5773.0,49999.98,475671.0,42.0,26,17280.0,132037.75,22914.0,6,6,44518.0,41061.41,26868.0,7,8,46644.0,Y,12030.62,current,M,31,MEDIUM,2.2,9,503.0,0,15.0
9212,7597,10993.0,6009.52,5336.89,584.0,1550.4,11431.0,10150.0,10.0,10,16,7,44,1,147000,1,1,1.0,1,127004.3,237365.38,72000.0,167.0,21512.25,36845.0,11.0,1,7500.0,40930.57,33213.0,43,63,26820.0,62746.0,75947.56,62,10,32390.0,Y,10992.02,current,M,33,HIGH,13.0,9,535.0,1,7.0
9213,11054,2213.0,113793.21,7673.34,17844.86,10307.84,10775.0,752.0,531.0,36,7,1,2,1,25000,1,1,1.0,1,368412.25,330001.0,300500.0,-6281.37987999999,41575.42,28515.0,90.0,36,39405.0,68885.26,202653.0,11,2,33850.0,47049.52,85511.0,42,15,11713.0,Y,26179.16,current,M,44,LOW,7.2,6,685.0,1,19.0
9214,16270,7517.0,63190.34,12404.0,10398.94,1118.0,61364.0,3122.0,6.0,22,29,4,3,1,147000,1,1,1.0,1,21511.8,917881.54,6966.0,-4679.0,19278.8,8739.0,67.0,23,313439.0,773703.29,51873.0,1,23,57356.0,111929.33,2762.36,6,120,61491.0,Y,9723.67,current,M,53,MEDIUM,16.5,4,753.0,1,11.0
9215,8285,17697.0,5421.15,1524.0,669.0,25584.0,26350.34,8617.0,66.0,10,35,47,2,13,525000,1,1,1.0,1,192478.0,257406.7,25000.0,1992.0,49023.89,27433.0,29.0,3,27912.0,56941.03,14296.0,42,78,99168.0,47408.0,56273.93,7,76,11705.0,Y,10046.28,current,M,47,LOW,10.8,3,799.0,0,4.0
9216,9185,54595.0,419.0,6990.5,26442.38,3386.67,27622.84,3896.0,8.0,26,6,82,6,6,373000,1,1,1.0,1,33784.35,1084598.7,565.0,1089.0,56273.07,204492.0,32.0,1,30933.0,44169.33,11475.0,31,12,43436.0,44553.92,21000.0,2,32,23352.0,Y,347.05,current,F,30,MEDIUM,7.0,5,799.0,1,4.0
9217,5128,16807.0,61257.0,2092.0,18672.61,1017.0,8356.0,21126.0,3.0,65,10,4,31,47,212500,1,1,1.0,1,19.95,28000.0,1255.0,20324.0,198281.15,54195.0,42.0,3,38947.0,7248.5,18862.73,3,20,83.41,37433.89,104747.0,6,9,24712.0,Y,30340.33,current,F,46,MEDIUM,20.8,1,623.0,1,9.0
9218,14783,19402.0,1807.95,10291.4,3587.49,3787.75,10313.0,638.0,4.0,29,13,26,44,37,371000,1,1,1.0,1,72383.25,470000.0,23500.0,4856.0,30919.74,11456.75,18.0,26,19804.0,131011.68,17193.05,8,12,33082.0,126746.24,43884.7,12,103,20479.0,Y,6186.48,saving,M,31,MEDIUM,5.5,9,805.0,0,11.0
9219,14540,18103.0,8091.36,740.5,9547.02,7374.2,4087.0,221.0,26.0,46,84,2,3,16,510000,1,1,1.0,1,2.13,64491.0,300500.0,14509.0,126696.0,101849.0,103.0,7,31325.0,17634.87,88974.0,43,5,48345.0,44284.63,124130.28,7,13,31042.0,Y,230.12,current,F,47,LOW,24.3,9,454.0,1,18.0
9220,12559,1364.0,10044.07,387.93,3542.0,2077.5,5738.5,5513.0,1.0,9,87,2,1,79,104000,1,1,1.0,1,9255.43,6.0,15756.0,-4324.0,104617.32,20122.0,32.0,3,3099.0,46695.7,103.0,11,20,50495.0,87126.28,25316.0,2,57,1015.0,Y,2367.96,current,M,60,MEDIUM,28.0,9,454.0,1,14.0
9221,7847,5671.0,4312.54,1136.55,2425.69,4008.39,21035.0,971.02,15.0,3,67,1,25,98,267000,1,1,1.0,1,140262.4,95199.02,15477.0,5439.0,59422.45,124156.0,69.0,4,36773.0,57463.28,32316.0,43,0,109039.0,24655.47,95263.0,22,12,54817.0,Y,7125.81,current,M,53,MEDIUM,29.700000000000003,2,537.0,1,7.0
9222,8353,14360.0,9059.26,1500.4,6243.92,8195.11,625.21,3291.0,10.0,84,44,11,3,5,34000,1,1,1.0,1,95.0,465000.0,100000.0,0.0,40320.75,38174.0,69.0,35,17433.0,52652.0,33657.0,1,77,35516.0,39497.67,62026.0,3,57,12462.0,Y,5784.55,current,F,47,MEDIUM,21.6,5,802.0,1,8.0
9223,6988,390942.0,13291.81,3491.0,2656.68,4134.98,3057.695,6919.0,100.0,3,7,53,14,98,52000,1,1,1.0,1,1112.4,52000.0,583.0,1429.0,4820.92,31568.0,11.0,36,16569.0,127242.51,417819.45,10,82,21850.0,21836.88,170123.0,14,120,25115.0,Y,8571.41,current,F,53,HIGH,33.0,9,314.0,1,13.0
9224,844,10756.0,24180.05,2582.4,21834.0,19091.01,20038.98,1397.0,92.0,56,64,4,55,3,87000,1,1,1.0,1,720551.4,122000.0,18257.0,1411.0,68429.5,386245.0,46.0,26,34634.0,253904.0,415259.0,1,50,15000.0,206232.2,119499.0,94,32,80946.0,Y,1692.32,current,F,47,MEDIUM,16.2,6,516.0,1,8.0
9225,14709,8854.0,22900.0,354.72,9947.055,1403.0,14123.3,18912.0,7.0,10,16,1,15,6,402000,1,1,1.0,1,1488748.8,295150.9,4000.0,-5942.0,14519.31,438.41,4.0,3,29394.26,41690.95,30368.0,42,63,113882.0,78091.2,12395.0,18,2,800.0,Y,3999.32,current,M,40,LOW,2.0,7,801.0,1,18.0
9226,8533,36857.0,5319.0,5413.02,9812.0,10036.18,3259.99,4696.12,80.0,65,5,2,3,36,187000,1,1,1.0,1,15772650.74,278904.9,25111.0,5340.0,11218.81,35477.0,24.0,15,38717.0,58776.62,19721.0,3,12,184626.66,28929.01,54645.0,62,83,32157.0,Y,4329.03,current,M,33,MEDIUM,7.800000000000001,10,538.0,1,8.0
9227,4683,2410.0,4954.25,325.0,8982.35,2832.0,6656.8,3667.0,56.0,66,35,5,1,54,147000,1,1,1.0,1,1112.4,162423.0,16215.0,-402.0,124315.32,30058.0,42.0,30,19827.0,49123.75,2168.0,2,12,4229.0,44622.78,13229.0,47,40,31521.0,Y,5268.38,current,M,46,MEDIUM,5.2,3,633.0,0,12.0
9228,15749,18266.0,13912.99,1514.0,12915.0,988.15,15782.75,8179.0,101.0,4,35,1,25,98,256000,1,1,1.0,1,720551.4,340000.0,694.0,6885.0,26803.0,199540.0,42.0,2,173275.0,49212.75,3070.0,50,59,32168.0,51532.62,10493.0,3,12,47934.0,Y,7034.04,current,M,60,MEDIUM,4.0,10,743.0,0,12.0
9229,14924,3451.0,2267.0,160.0,66498.16,2460.0,506.96,1774.0,7.0,5,67,50,12,42,120000,1,1,1.0,1,244.0,93.35,800.0,7478.0,38545.86,20626.0,10.0,5,29802.0,7327.02,9847.0,1,81,9988.0,244654.35,44468.59,7,13,37480.0,Y,16599.56,saving,M,66,MEDIUM,27.6,8,274.0,1,2.0
9230,1911,58316.0,50444.0,8977.0,12785.5,188.0,3893.3,944.0,56.0,56,61,1,17,1,395000,1,1,1.0,1,2.13,43021.0,80000.0,12415.0,1106.25,113133.23,63.0,5,64923.0,29530.44,34563.0,3,8,26916.0,53165.0,85665.0,40,6,18524.0,Y,8215.8,current,M,69,MEDIUM,29.400000000000002,5,922.0,0,3.0
9231,7295,12291.0,16154.02,9186.0,12544.99,4727.0,3145.0,157.0,8.0,71,17,5,12,3,16000,1,1,1.0,1,4731234.6,24703.0,130000.0,12299.0,183793.29,57598.0,87.0,29,13703.0,87861.63,66280.0,3,171,10090.0,6707.78,101995.0,4,58,12223.0,Y,131.65,current,M,42,MEDIUM,17.6,1,809.0,0,16.0
9232,19673,204907.0,8203.44,29373.0,21387.49,48626.68,7729.0,38571.75,26.0,23,48,1,38,4,49000,1,1,1.0,1,60800.0,470000.0,6738.0,0.0,2112.0,56976.07,77.0,36,33019.0,18776.0,866504.0,31,2,40012.0,6954.63,21820.0,2,0,18904.0,Y,7983.26,current,M,34,MEDIUM,7.0,5,700.0,1,8.0
9233,17631,11633.0,20513.34,14614.0,15592.0,25584.0,10546.0,589.52,5.0,46,9,4,31,5,218000,1,1,1.0,1,41070.0,43021.0,8333.0,1079.0,30472.35,18884.0,70.0,5,53732.0,309304.0,41304.0,1,7,27505.0,23570.0,6153.0,4,38,131623.0,Y,106.5,current,F,30,MEDIUM,3.0,1,683.0,0,13.0
9234,11265,933.0,3050.16,2909.34,3403.86,6284.0,6264.0,3035.65,4.0,6,2,3,1,1,525000,1,1,1.0,1,233727.15,12971.0,51520.0,977.0,4913.0,27100.0,11.0,6,6128.0,40478.15,56266.5,1,25,25326.0,161623.0,20107.0,2,11,15420.0,Y,727.95,current,M,27,MEDIUM,0.7000000000000001,6,385.0,1,13.0
9235,13245,5752.0,40387.0,948.0,14247.08,5365.87,37324.11,54416.0,28.0,6,50,39,2,2,581000,1,1,1.0,1,57395.5,64309.52,4458.0,6916.0,174253.44,252890.0,42.0,23,350000.0,52786.0,111603.0,3,21,33184.0,14579.15,66918.0,5,106,73713.0,Y,1732.39,current,M,31,MEDIUM,7.7,10,354.0,1,5.0
9236,6662,13385.0,1417.43,3010.19,24293.61,3692.0,15694.42,1287.0,8.0,3,1,8,21,91,525000,1,1,1.0,1,725446.38,48087.25,550.0,-5715.49022999999,44902.74,44004.26,11.0,4,43127.0,23057.41,41807.9,4,8,25093.0,13995.0,194857.0,3,13,149000.0,Y,559.5,current,M,37,MEDIUM,6.800000000000001,7,314.0,1,17.0
9237,5589,302824.0,13637.24,1002.0,20448.0,986.68,18275.885,3184.0,12.0,3,4,20,1,17,480000,1,1,1.0,1,192215.0,191000.0,505.0,35346.0,49959.51,77936.0,12.0,31,41622.0,7200.0,257771.0,2,44,54204.12,80670.08,76268.88,7,18,41121.0,Y,1640.2,current,M,30,MEDIUM,6.0,8,700.0,0,12.0
9238,328,9227.0,2221.24,4622.03,4948.57,1901.7,2636.76,500.0,44.0,32,89,15,31,39,304000,1,1,1.0,1,265809.85,82907.34,25000.0,-4679.0,17337.0,87556.54,147.0,6,17019.0,30042.04,120040.0,1,29,41796.0,49915.17,15270.03,15,12,19038.0,Y,1239.2,current,M,30,MEDIUM,7.0,10,372.0,0,6.0
9239,11539,11785.0,22319.48,4537.71,7370.87,26717.3,9830.5,2245.0,50.0,5,61,6,27,1,287000,1,1,1.0,1,73010.0,15036.0,68000.0,-3506.17993,199801.72,29877.0,91.0,6,69995.0,84475.51,12950.0,5,20,82733.0,57338.73,75050.09,46,9,35485.0,Y,1775.44,current,M,32,HIGH,4.800000000000001,9,708.0,1,4.0
9240,872,6230.0,23546.31,11624.91,3127.55,3529.0,625.21,5333.6,6.0,3,5,5,1,8,49999,1,1,1.0,1,4839.6,93.35,29542.0,5730.0,44016.02,47010.0,11.0,2,33475.0,61569.45,25223.5,4,20,44633.0,134535.93,27889.0,4,100,64490.0,Y,28708.32,current,M,66,MEDIUM,4.6000000000000005,3,771.0,1,3.0
9241,7503,33809.0,12517.06,908.0,519.0,3996.32,10362.0,9034.01,1.0,3,135,25,3,3,587000,1,1,1.0,1,1665.0,54243.0,2019.0,-6301.0,24931.61,21435.75,46.0,19,61800.0,17677.6,87375.0,5,70,63351.0,15097.71,25627.0,10,21,48915.0,Y,7337.4,current,M,35,LOW,12.0,4,882.0,1,11.0
9242,743,10717.0,9286.0,33232.88,86395.0,947.0,3600.8,5693.24,25.0,10,72,11,4,1,448000,1,1,1.0,1,47299.5,150000.0,891.0,5730.0,93550.74,25967.0,70.0,1,41300.0,16697.71,35941.0,1,20,65753.0,19244.0,41915.5,94,73,203134.0,Y,762.99,current,M,42,MEDIUM,11.0,7,914.0,1,2.0
9243,12870,4283.0,1147.0,3430.0,9357.0,2473.0,3670.0,20455.0,8.0,26,42,7,2,12,359000,1,1,1.0,1,81872.65,43397.0,643.0,1992.0,29075.53,95759.38,11.0,4,39458.0,4643.82,179264.0,1,6,31740.0,92440.32,94629.0,117,80,48725.0,Y,6592.55,saving,M,28,LOW,3.2,9,805.0,1,18.0
9244,2913,4044.0,5975.12,2983.0,605.0,93849.0,16743.5,12134.27,531.0,10,82,1,9,4,338000,1,1,1.0,1,6030.65,194099.3,550.0,20324.0,201624.0,36367.77,42.0,1,29711.41,129868.95,25121.52,43,7,107820.13,56669.65,22391.0,5,27,29981.0,Y,10987.61,current,M,42,MEDIUM,11.0,10,655.0,1,19.0
9245,3953,9146.0,2815.625,2266.0,18743.76,1788.52,9692.0,2121.72,5.0,5,5,15,2,12,400000,1,1,1.0,1,20177.4,19129.94,5797.0,0.0,104915.06,42926.0,42.0,1,23937.0,140305.71,10125.41,0,42,14511.0,6057.78,35432.0,36,104,21064.86,Y,7132.59,current,M,40,HIGH,20.0,8,957.0,0,17.0
9246,32,5322.0,28114.49,6866.0,10215.0,2640.0,18055.0,9488.52,6.0,2,67,41,2,47,341000,1,1,1.0,1,1399.9,79828.0,24250.0,6885.0,41415.62,29548.0,11.0,36,1405.0,36834.85,54085.0,2,11,26798.0,113861.03,45425.0,4,17,15463.0,Y,4509.43,current,M,223,MEDIUM,20.3,3,249.0,1,19.0
9247,14581,317887.0,46407.72,34560.36,26614.83,17306.0,3587.0,9270.0,66.0,99,30,8,26,1,533000,1,1,1.0,1,9118.35,655638.0,2214.0,5464.0,45027.25,49370.0,90.0,2,17218.0,45606.44,38068.0,70,24,46098.0,17459.57,16179.55,46,52,15233.0,Y,2055.04,current,M,219,MEDIUM,99.5,10,859.0,1,12.0
9248,3627,13317.0,6171.39,2703.0,18609.56,1027.0,11296.325,7949.48,5.0,18,53,1,1,3,232000,1,1,1.0,1,3380.0,39833.19,500718.0,0.0,5698.25,59348.0,4.0,4,28713.0,14611.01,53412.0,2,2,26260.0,183852.99,9581.0,21,38,18479.0,Y,15602.27,current,M,47,MEDIUM,16.2,6,957.0,1,16.0
9249,3895,27801.0,4504.12,1994.0,4195.0,3693.96,4017.72,7597.0,5.0,128,16,57,6,4,10000,1,1,1.0,1,293418.75,1749.29,73217.0,10210.0,104421.47,242282.0,16.0,35,304848.0,2836.27,13558.0,2,8,65099.0,33338.0,30276.8,8,14,18804.0,Y,7734.92,current,M,33,MEDIUM,9.1,5,812.0,1,8.0
9250,4081,8666.0,10331.65,2266.0,6808.19,119.0,5780.0,956.0,56.0,6,67,47,5,4,319000,1,1,1.0,1,32877.41,172131.0,462.0,1079.0,33234.68,14797.0,11.0,33,37188.0,95178.75,244115.71,1,81,30120.0,136408.51,50500.0,2,12,18522.0,Y,4452.63,current,M,63,LOW,38.7,8,748.0,0,9.0
9251,8619,6056.0,10475.15,2621.0,1869.0,3400.0,4033.065,6943.16,12.0,19,67,24,3,17,120000,1,1,1.0,1,4552.0,470000.0,72000.0,2921.0,86600.93,38660.49,42.0,19,7508.0,34422.63,68244.0,4,63,29173.99,16086.0,125022.0,19,7,31747.0,Y,10020.93,saving,M,37,MEDIUM,10.200000000000001,6,683.0,1,4.0
9252,16071,8112.0,27798.01,861.76,166305.78,8195.11,10365.0,1299.0,14.0,47,20,50,2,64,138000,1,1,1.0,1,6494.4,393982.1,26241.0,5439.0,120263.09,92293.04,48.0,26,38716.0,46320.64,36180.0,6,20,101655.0,11662.0,73905.0,21,40,9200.0,Y,43017.62,current,M,44,MEDIUM,21.6,2,889.0,0,12.0
9253,11547,7528.0,13716.89,8447.0,2525.51,65.0,16453.4,29309.76,7.0,30,50,1,51,2,19000,1,1,1.0,1,6558.8,17000.0,50000.0,-5715.49022999999,22194.79,55062.0,16.0,2,18358.0,64947.0,38450.0,7,5,16326.0,26850.5,55012.0,3,42,51211.0,Y,7337.4,current,M,53,MEDIUM,16.5,8,574.0,1,8.0
9254,9563,83219.0,21258.0,15927.0,81236.91,265.31,2368.0,3124.0,12.0,56,1,24,2,42,45000,1,1,1.0,1,160.2,2436.91,925.0,1429.0,3935.71,30766.0,77.0,36,62940.0,143881.35,100022.0,9,14,5630.0,82836.98,42122.0,13,35,16510.0,Y,7434.04,current,F,38,LOW,3.6,6,658.0,0,6.0
9255,2127,9808.0,25893.45,1491.79,58811.3,20101.0,3145.0,499.4,8.0,2,85,3,2,56,150000,1,1,1.0,1,78472.48,356899.37,13873.0,-4612.00977,5903.03,42128.0,67.0,26,38010.0,11876.82,160442.0,2,8,62396.0,166653.72,56204.0,7,12,47093.0,Y,1283.58,saving,M,42,MEDIUM,15.4,8,801.0,0,7.0
9256,19529,13227.0,9542.46,25074.55,17537.0,7221.0,49895.12,4355.0,2.0,71,84,18,71,12,232000,1,1,1.0,1,42892.75,16671.0,565.0,3421.0,1252684.91,202329.0,18.0,1,40685.0,31112.1,72796.49,7,70,30862.0,51582.33,21160.0,6,1,51353.0,Y,516.66,saving,M,34,MEDIUM,5.6000000000000005,6,623.0,1,2.0
9257,2716,13178.0,36314.45,397.0,889.99,2854.0,1510.56,2683.35,531.0,3,23,1,31,3,272000,1,1,1.0,1,225823.8,295150.9,1018.0,3560.0,191705.9,25574.0,103.0,23,37203.0,91396.0,171857.45,6,8,18372.0,40316.94,29807.5,42,80,13038.0,Y,12.94,current,M,47,MEDIUM,21.6,3,911.0,0,9.0
9258,1008,3552.0,1538.72,3266.31,14876.93,2894.0,1739.28,1614.0,531.0,23,46,4,2,1,47000,1,1,1.0,1,270.0,375000.0,155205.0,903.0,36312.18,29450.0,18.0,1,46242.58,515800.74,34564.0,43,5,16546.0,62973.76,348145.0,14,50,12204.0,Y,25559.27,current,M,29,HIGH,5.4,8,683.0,1,2.0
9259,13883,20415.0,5396.79,1974.0,6990.69,4636.52,11056.0,8626.22,19.0,30,9,2,36,11,44000,1,1,1.0,1,1208.25,429273.4,15756.0,-5715.49022999999,88108.8,71292.0,46.0,1,25944.0,47322.65,164524.4,1,24,205558.0,128857.02,32906.0,9,120,21224.0,Y,4292.75,current,M,60,MEDIUM,32.0,6,700.0,0,16.0
9260,9897,239822.0,9227.75,1839.01,89119.5,7839.0,3264.1,1085.0,7.0,10,50,1,25,75,520000,1,1,1.0,1,13659.0,116000.0,14904.0,12415.0,42421.09,78152.02,69.0,7,22921.0,37507.75,13605.0,43,13,23873.0,96378.25,49915.0,40,7,26234.0,Y,9970.54,saving,M,62,MEDIUM,12.600000000000001,6,366.0,0,10.0
9261,8487,9509.0,11055.29,221348.0,3092.0,1049.5,23423.0,23315.26,1.0,43,72,42,9,1,293000,1,1,1.0,1,73010.0,150000.0,34550.0,886.0,29042.17,142112.71,40.0,15,47061.91,12872.91,180151.0,0,50,10742.0,11861.91,466109.0,6,103,663.0,Y,11246.24,current,M,30,MEDIUM,7.0,7,574.0,0,19.0
9262,13790,12172.0,5491.98,5693.23,17818.89,3279.0,8142.305,197.0,1.0,7,5,57,1,1,17000,1,1,1.0,1,566914.0,232235.65,3792.0,1992.0,25562.81,34018.5,55.0,3,131499.0,197421.13,28078.0,11,20,13599.0,75937.61,154385.15,4,22,66329.0,Y,7242.44,current,M,35,LOW,7.5,9,258.0,1,12.0
9263,5935,291242.0,4130.68,3625.0,9341.88,2880.0,21007.655,3649.0,10.0,77,74,45,56,1,34000,1,1,1.0,1,18418.85,190887.4,8060.0,6885.0,28919.92,64825.0,11.0,3,32349.0,66923.77,3584.62,3,14,21850.0,32013.29,210511.0,11,14,46347.0,Y,642.86,current,M,31,MEDIUM,4.4,7,643.0,1,7.0
9264,18173,379.0,9462.59,76.0,8449.19,7761.97,44225.02,360.0,5.0,26,3,2,46,30,204000,1,1,1.0,1,3101.3,1971236.9,54101.0,2337.0,47590.88,61790.0,91.0,19,19705.0,31644.4,100159.0,2,0,11370.0,94842.56,5499.0,21,11,12400.0,Y,5001.44,current,M,66,MEDIUM,18.400000000000002,9,911.0,0,7.0
9265,15882,277.0,4276.0,8008.8,12022.49,4019.0,2396.2,609.2,5.0,10,3,8,25,6,576000,1,1,1.0,1,19866.0,15395.48,12560.0,977.0,15052.4,48508.0,37.0,31,35030.0,37324.69,441.95,3,75,30754.0,45528.24,30313.0,4,3,795.0,Y,2543.52,current,F,30,LOW,4.0,3,708.0,1,10.0
9266,3313,12780.0,2817.0,2287.0,1980.64,6071.55,23752.0,1216.0,60.0,99,4,1,26,1,525000,1,1,1.0,1,8370.8,446457.0,98472.0,2351.0,147824.2,25135.0,40.0,4,21100.0,39559.7,23958.0,45,70,38959.95,39822.04,61440.0,21,106,28786.0,Y,4253.74,current,F,34,MEDIUM,14.0,8,623.0,1,20.0
9267,3412,16226.0,4350.68,2996.0,1749.0,6647.0,436.82,2951.0,16.0,84,53,21,1,1,304000,1,1,1.0,1,1263221.7,64491.0,610000.0,977.0,49308.14,48854.0,39.0,2,32195.0,36158.78,11714.0,3,7,14838.0,40049.53,32291.0,47,18,24191.0,Y,18449.14,current,M,40,LOW,20.0,6,708.0,0,3.0
9268,1634,10643.0,13613.96,3350.0,25663.13,23170.0,4351.115,3488.0,6.0,65,23,30,2,62,523000,1,1,1.0,1,48675.31,358480.64,50000.0,0.0,105113.39,34151.0,68.0,4,31829.0,66173.97,34620.0,43,82,148582.0,29136.22,58842.58,3,58,28051.0,Y,612.0,current,M,222,MEDIUM,80.80000000000001,10,505.0,1,11.0
9269,17071,2673.0,12744.57,32843.55,18880.73,5209.75,4595.5,4450.5,2.0,26,135,19,27,53,327000,1,1,1.0,1,47.45,58473.56,16215.0,8723.0,62294.05,55563.0,55.0,3,46578.0,36044.0,44607.0,2,21,21849.0,168526.4,27531.0,12,9,41164.0,Y,5084.65,current,M,30,HIGH,1.0,1,860.0,1,3.0
9270,10058,224501.0,3544.0,1951.94,2254.82,12917.35,25595.125,3098.0,6.0,99,4,45,56,13,518000,1,1,1.0,1,4323.0,93.35,851.0,13135.0,117015.22,75874.0,147.0,0,17888.0,19591.76,44671.0,3,5,22815.0,47919.49,24772.0,36,32,20577.0,Y,36.2,current,M,47,MEDIUM,13.5,7,928.0,1,2.0
9271,14237,13151.0,6012.45,1831.0,2392.0,23116.0,3440.46,868.5,9.0,2,19,10,1,98,371000,1,1,1.0,1,46730.2,60000.0,925.0,6613.0,38200.0,59689.0,12.0,36,70687.0,27637.59,71931.0,1,13,11832.0,59157.03,267.0,5,32,37763.0,Y,1543.44,current,M,37,MEDIUM,1.7000000000000002,10,269.0,1,2.0
9272,484,18856.0,1174.0,563.45,6086.9,8980.91,5324.0,395.0,531.0,9,9,1,1,67,28000,1,1,1.0,1,4120.0,63173.17,38599.0,14509.0,22133.25,76126.0,42.0,36,54363.0,58004.31,2155.0,1,4,37353.0,18784.0,10728.5,62,65,36000.0,Y,7056.63,current,M,46,MEDIUM,10.4,1,296.0,1,18.0
9273,18288,3242.0,32347.35,11287.0,13394.2,1880.0,12255.0,3188.5,1.0,8,47,1,26,1,650000,1,1,1.0,1,5210.85,1425000.0,20000.0,10210.0,61016.0,47592.0,67.0,29,121012.0,89715.95,15836.0,1,7,1615.0,73199.75,10226.0,93,63,94927.0,Y,18020.59,current,M,220,MEDIUM,120.0,2,686.0,1,11.0
9274,19132,1045.0,2896.57,496.72,14740.0,4410.52,27134.0,4005.0,19.0,30,10,2,7,54,244000,1,1,1.0,1,192478.0,66.0,19400.0,6916.0,69771.5,43280.5,46.0,4,32312.0,94433.31,24485.5,11,59,11461.0,30935.03,54048.38,43,96,39410.0,Y,459.56,current,M,46,MEDIUM,5.2,6,700.0,1,17.0
9275,16996,6507.0,7750.0,1218.85,14386.88,11489.52,62514.505,17167.0,19.0,8,67,2,1,55,293000,1,1,1.0,1,13730.0,110135.86,1526.0,7478.0,28645.78,48419.0,62.0,4,23492.0,56631.25,173945.0,3,59,15875.0,113817.0,44494.59,3,80,25778.0,Y,6845.52,current,M,40,MEDIUM,10.0,7,366.0,0,18.0
9276,14715,14464.0,3995.03,1068.64,29836.61,10377.04,8211.0,1342.0,8.0,2,5,15,6,10,330000,1,1,1.0,1,8556.25,1084598.7,11580.0,0.0,57942.4,25192.0,82.0,15,84991.0,134807.66,61887.5,4,12,15660.0,72153.04,36001.51,5,0,39938.0,Y,5938.48,current,M,32,MEDIUM,7.2,2,558.0,1,20.0
9277,11651,2813.0,53096.38,8525.0,16435.0,2248.0,16851.71,11781.0,9.0,3,35,48,2,1,567000,1,1,1.0,1,12510.0,470000.0,10973.0,20324.0,164906.52,173044.0,91.0,7,229819.0,32436.05,205843.0,43,34,27711.0,5571.0,51242.75,3,80,18223.0,Y,6142.08,saving,M,219,MEDIUM,19.900000000000002,6,408.0,1,8.0
9278,8874,17319.0,51167.75,5020.48,20581.75,1874.0,66874.0,4912.0,1.0,2,87,7,31,74,84000,1,1,1.0,1,4120.0,225000.0,15654.0,5464.0,69276.0,119355.0,32.0,5,11993.0,77745.31,21534.37,17,25,213000.0,28337.95,93691.0,9,79,23219.0,Y,1650.3,current,F,37,MEDIUM,10.200000000000001,8,683.0,1,12.0
9279,9092,11781.0,9454.32,16410.0,6047.5,10575.06,51162.53,2890.0,5.0,32,14,5,4,17,156000,1,1,1.0,1,42460.6091,36880.0,12500.0,-4641.77979,37730.22,80580.0,5.0,4,179287.0,28374.69,240855.19,11,21,72951.0,20181.5,46509.94,4,18,128553.0,Y,18638.57,current,M,28,MEDIUM,2.4000000000000004,8,656.0,1,5.0
9280,9016,11711.0,22389.03,12561.4,5692.41,3172.89,12888.1,1401.0,100.0,16,10,4,2,41,400000,1,1,1.0,1,9717.55,202560.0,2841.0,-5998.43994,28352.38,141123.0,16.0,4,11511.0,40187.56,25544.5,3,20,54852.0,66942.72,121439.33,6,10,13299.0,Y,17796.82,current,M,28,MEDIUM,4.800000000000001,10,710.0,0,10.0
9281,5235,134805.0,33763.66,816.0,6961.0,7170.0,3502.0,2472.0,7.0,22,64,42,3,1,403000,1,1,1.0,1,10008.0,225000.0,4000.0,6916.0,94509.48,115116.0,79.0,1,40145.0,8128.75,204782.0,43,9,61725.0,28800.5,4513.0,4,25,156363.0,Y,5126.07,current,F,47,MEDIUM,16.2,4,748.0,1,3.0
9282,13376,11820.0,11017.53,528.56,30709.43,2223.05,2907.12,4784.32,124.0,77,59,42,36,1,53000,1,1,1.0,1,12057.2,64491.0,925.0,-6885.0,119527.75,45621.38,3.0,2,25833.0,4091.41,35110.0,35,82,30613.0,26861.89,348145.0,117,120,157500.0,Y,1522.69,current,M,28,MEDIUM,4.800000000000001,5,269.0,1,20.0
9283,11739,401388.0,36457.37,5418.11,179209.3,4343.0,547.0,3075.52,7.0,3,82,18,6,1,216000,1,1,1.0,1,197067.2,7194.0,925.0,-4679.0,24931.61,57184.37,7.0,13,203689.35,92339.13,24559.0,7,18,16989.0,43821.0,183419.41,14,18,1490.0,Y,946.22,current,F,49,MEDIUM,20.3,6,748.0,1,11.0
9284,14002,9609.0,18026.42,80.0,3922.0,332937.94,1856.55,1255.52,4.0,3,71,24,6,98,568000,1,1,1.0,1,8762.96,170989.0,5797.0,14509.0,80761.06,18175.0,11.0,3,20351.0,28378.06,207883.0,9,82,40582.0,20763.12,11574.0,2,68,18451.33,Y,91232.66,current,F,58,MEDIUM,7.6000000000000005,9,860.0,1,4.0
9285,13897,14254.0,12678.4,17925.04,4298.87,3131.0,17865.0,4886.19,2.0,26,7,20,25,16,548000,1,1,1.0,1,668728.4,91747.0,2158.0,26601.0,86809.41,65422.88,70.0,7,23908.0,282693.12,41308.0,3,13,32903.0,76096.46,55830.86,6,50,22938.0,Y,3196.44,current,M,53,MEDIUM,6.6000000000000005,9,486.0,1,19.0
9286,11317,2644.0,10194.0,17586.44,6766.92,3748.5,1367.04,53481.24,59.0,42,87,25,2,8,411000,1,1,1.0,1,76294.6,64491.0,711.0,2921.0,56013.1,58897.03,15.0,26,81874.0,45875.76,96611.0,0,82,45969.0,10305.02,1261.0,4,7,59480.0,Y,3915.0,current,M,35,LOW,4.5,6,812.0,1,9.0
9287,1816,5502.0,24084.0,780.46,7161.3,2150.0,2017.0,18793.0,14.0,34,59,4,25,47,520000,1,1,1.0,1,9717.55,25404.0,6738.0,-4664.0,24171.31,102216.0,32.0,36,10891.0,10670.17,82511.5,4,8,25115.0,51032.0,302708.09,93,50,37026.0,Y,847.85,current,F,50,MEDIUM,18.0,3,536.0,1,3.0
9288,5141,6463.0,8497.42,16020.0,191130.42,4887.65,2805.0,2962.0,44.0,42,72,60,12,1,75000,1,1,1.0,1,18847.5,6.0,11545.0,6916.0,34645.25,26846.0,55.0,6,156535.0,27861.14,121487.43,31,7,17589.0,49693.13,80360.0,12,8,49089.0,Y,1416.83,saving,F,55,LOW,10.5,3,748.0,0,4.0
9289,16884,16468.0,36323.42,5628.21,12509.68,1255.0,7996.0,7223.4,12.0,601,16,2,18,8,378000,1,1,1.0,1,58121.25,83402.0,11580.0,3897.0,51617.04,214527.25,4.0,7,63771.0,35865.0,71580.0,6,4,73759.0,96241.25,93013.94,4,49,20092.0,Y,2781.69,current,M,53,MEDIUM,6.6000000000000005,1,867.0,1,5.0
9290,16152,15337.0,14598.3,32366.0,4396.97,2594.0,19486.5,1085.0,10.0,36,9,8,55,12,85000,1,1,1.0,1,46451.38,237365.38,8417.0,167.0,50594.2,96167.0,8.0,2,497836.0,158566.63,62062.0,1,20,22486.0,72850.64,59857.0,94,26,61918.0,Y,40809.26,saving,M,39,MEDIUM,9.5,8,485.0,1,5.0
9291,8361,2301.0,8262.59,846.8,12387.51,11276.0,2616.0,11432.0,3.0,10,74,24,15,39,453000,1,1,1.0,1,9717.55,165970.9,28985.0,4314.0,126515.82,26808.0,20.0,35,57312.04,5215.0,20347.3,6,11,43270.0,84843.71,15809.0,9,50,47593.0,Y,6289.71,current,M,33,MEDIUM,13.0,10,882.0,0,19.0
9292,3822,5128.0,13808.75,2407.6,76479.15,4134.98,6369.0,8688.0,3.0,23,6,1,1,1,447000,1,1,1.0,1,3247.5,152664.0,25000.0,977.0,31630.31,22179.0,20.0,3,14888.0,71969.56,121564.0,70,171,19850.0,218575.12,60848.0,3,42,30278.0,Y,2200.31,current,M,49,MEDIUM,8.700000000000001,1,485.0,0,17.0
9293,3214,299038.0,11428.33,3311.0,12216.75,5215.09,5056.475,1882.0,2.0,99,10,2,1,47,112000,1,1,1.0,1,13140.0,100000.0,25524.0,14509.0,160031.12,37020.0,35.0,1,37570.0,50208.55,127628.21,2,6,77244.0,6150.75,74498.29,9,83,19909.0,Y,16100.18,current,M,222,MEDIUM,202.0,7,254.0,1,10.0
9294,14468,315604.0,8131.37,1370.25,36679.77,1290.0,3545.68,945.97,7.0,23,13,2,31,10,164000,1,1,1.0,1,148705.0,25404.0,25524.0,6916.0,106396.85,20476.85,52.0,0,31009.0,83335.21,151701.74,42,7,10350.0,28533.1,118064.0,16,65,38473.0,Y,11470.88,current,M,63,MEDIUM,38.7,2,485.0,1,2.0
9295,2060,1527.0,2026.02,3563.0,111315.98,4116.95,2880.44,3528.0,1.0,30,6,62,37,55,520000,1,1,1.0,1,13849.4,674291.83,33774.0,0.0,502.0,41864.0,42.0,3,27912.0,49193.0,79387.14,1,8,3480000.0,25846.0,51124.0,12,63,31471.0,Y,1143.71,current,M,67,LOW,14.100000000000001,2,394.0,1,12.0
9296,17618,131516.0,22615.54,1802.15,5294.79,21968.91,2970.74,1090.16,44.0,10,50,50,2,4,273000,1,1,1.0,1,94127.1,97000.0,15477.0,2921.0,28037.37,43634.0,62.0,2,111591.0,65090.75,78024.0,4,8,31042.0,139625.75,47714.0,3,27,594.0,Y,1868.69,current,M,55,LOW,35.0,10,737.0,1,4.0
9297,9036,3214.0,3677.84,1642.12,12403.69,26804.0,6308.0,3410.73,32.0,8,13,17,15,7,329000,1,1,1.0,1,233727.15,278904.9,500718.0,1411.0,18089.0,42931.0,16.0,3,60137.0,85428.0,36871.0,7,8,25043.0,64601.36,44959.0,5,18,2340.0,Y,22219.32,saving,M,35,MEDIUM,15.0,3,536.0,1,7.0
9298,11205,5317.0,8927.0,1726.34,63573.94,13488.85,605.52,4957.28,8.0,7,7,7,1,56,17000,1,1,1.0,1,15250.79,335948.0,10973.0,6885.0,33162.0,40222.0,35.0,1,119999.0,152699.93,77423.0,31,1,32841.0,68319.51,61413.09,8,12,35591.0,Y,14286.28,current,F,33,HIGH,1.3,4,708.0,1,18.0
9299,15314,132402.0,12472.0,6129.47,12842.9,14983.4,2556.0,1956.0,12.0,14,29,7,2,41,100000,1,1,1.0,1,265809.85,482147.0,4367.0,2921.0,31084.25,78674.0,43.0,3,20075.0,6600.25,22738.0,1,23,40596.0,16016.09,31150.08,36,83,30159.0,Y,1333.6,current,M,46,HIGH,7.800000000000001,2,233.0,1,9.0
9300,9224,7682.0,21650.34,12643.0,21313.0,7695.0,720.0,8166.9,6.0,26,5,1,1,1,100000,1,1,1.0,1,19265.4,470000.0,12000.0,-6301.0,47150.0,43250.0,46.0,4,87877.0,30724.23,249769.0,4,81,45336.0,11378.5,73427.0,10,58,71906.62,Y,1578.83,saving,M,32,HIGH,1.2000000000000002,9,927.0,0,17.0
9301,2988,7145.0,3882.0,11663.0,7121.735,978.0,15885.335,3757.0,57.0,37,59,57,1,98,74100,1,1,1.0,1,105453.65,330001.0,25508.0,173.0,21936.21,60987.0,42.0,2,39750.0,56161.0,180111.0,4,14,49880.32,46026.5,132641.0,7,80,26106.0,Y,25246.26,current,M,37,LOW,6.800000000000001,4,468.0,0,6.0
9302,19066,19131.0,2652.0,3892.0,13433.0,4259.33,13910.21,587.0,92.0,77,87,10,46,11,136000,1,1,1.0,1,45036.0,267421.4,1273.0,6916.0,31639.36,10102.0,52.0,1,24146.0,17389.51,42056.0,3,20,125238.0,44352.21,84773.75,2,12,164.13,Y,1767.41,current,M,47,MEDIUM,2.7,9,710.0,1,9.0
9303,11188,4296.0,20834.5,18683.0,7579.88,26964.94,4837.0,1910.6,2.0,71,71,1,2,1,352000,1,1,1.0,1,12010.0,36000.0,130000.0,6441.0,52616.44,48242.0,35.0,31,27016.0,6106.99,52508.36,70,5,27415.0,15070.24,64674.0,21,18,35207.0,Y,8982.2,current,F,32,HIGH,12.0,8,908.0,0,6.0
9304,9569,12063.0,44249.2,20562.68,9916.0,16999.17,34808.0,593.0,6.0,43,47,1,55,31,255000,1,1,1.0,1,61761.4,78744.56,1052.0,7478.0,27078.0,15755.0,55.0,9,18435.0,93696.83,16114.0,31,8,55300.42,43236.22,25385.0,117,50,60500.0,Y,2114.89,current,M,47,MEDIUM,24.3,7,588.0,1,9.0
9305,9783,14628.0,122906.28,3041.0,63769.3,6081.04,3494.0,7077.0,53.0,19,20,11,4,17,366000,1,1,1.0,1,55700.0,5350.0,28912.0,6613.0,132181.02,49836.93,37.0,0,21970.0,98900.96,45556.0,0,7,61166.0,77251.79,11263.0,39,18,29119.0,Y,12995.79,saving,M,32,MEDIUM,8.4,1,867.0,0,12.0
9306,5102,17086.0,16398.8,8684.66,131368.0,4618.0,2122.01,1729.0,3.0,10,7,24,9,8,167000,1,1,1.0,1,237823.88,149403.0,1135.0,1992.0,52023.11,21435.75,42.0,9,62715.0,38414.88,57335.5,17,8,19101.0,135257.63,34499.0,58,113,30000.0,Y,7209.37,current,F,29,MEDIUM,4.5,6,486.0,1,13.0
9307,19994,8600.0,31375.23,3486.0,13629.0,5886.21,20139.0,2860.5,136.0,601,35,2,2,80,199999,1,1,1.0,1,137553.95,120154.1,1633.0,-4664.0,73682.0,42128.0,40.0,17,13384.0,131185.37,23071.0,4,20,10613.0,44264.17,33304.0,62,39,39483.0,Y,727.33,saving,M,37,MEDIUM,5.1000000000000005,8,355.0,0,12.0
9308,18973,11148.0,54121.88,14094.74,2894.14,26607.0,8044.7,617.14,9.0,36,3,4,44,80,329000,1,1,1.0,1,9717.55,15036.0,28985.0,0.0,271902.16,51918.27,39.0,4,26612.0,29665.06,11245.0,4,20,24561.0,76593.87,35480.0,12,9,62491.0,Y,3781.31,current,M,33,MEDIUM,9.1,10,867.0,1,11.0
9309,10252,4826.0,9721.36,1831.0,3592.72,5517.0,36486.285,13587.37,5.0,77,105,24,11,47,467000,1,1,1.0,1,10008.0,234459.4,33774.0,-4324.0,36028.11,39597.7,89.0,33,35881.0,48287.0,34952.2,4,5,184849.0,20069.83,144023.64,3,25,52519.0,Y,2724.55,current,M,35,MEDIUM,4.5,4,254.0,0,13.0
9310,15418,9492.0,15409.73,2597.0,12270.0,18781.83,2974.0,1290.12,25.0,2,11,52,6,6,53000,1,1,1.0,1,1641785.0,784499.0,15477.0,3735.0,44195.25,37348.0,42.0,29,1808.0,14282.0,207883.0,7,81,11080.0,74854.25,227936.5,3,103,28752.0,Y,22182.57,current,M,29,LOW,1.8,1,656.0,1,7.0
9311,17287,4770.0,10022.13,1763.0,18583.54,182.0,8211.0,1080.0,7.0,42,3,5,2,5,784000,1,1,1.0,1,331.2,5241.0,3000.0,6441.0,91447.04,81394.0,43.0,14,17394.0,60673.59,23242.0,43,9,25870.0,134242.62,27027.0,117,12,152000.0,Y,41.68,current,M,60,LOW,28.0,2,626.0,1,5.0
9312,2596,13374.0,19050.01,1017.5,3623.0,4337.6,2518.2,6710.0,8.0,56,74,5,14,6,11000,1,1,1.0,1,10006.2,118983.0,254000.0,-6281.37987999999,285993.87,303057.5,50.0,1,32422.0,238211.89,100229.0,9,5,17754.0,72884.74,37969.0,10,1,19106.0,Y,4423.64,current,F,33,LOW,1.3,7,355.0,0,15.0
9313,18347,301745.0,7680.15,1185.5,4582.0,72.0,11686.255,13795.28,3.0,43,60,6,60,4,56000,1,1,1.0,1,51291.45,55000.0,155205.0,13135.0,71311.24,59368.0,147.0,2,31476.0,52180.0,28986.0,9,8,99586.0,11832.5,30309.0,8,87,41774.0,Y,3820.31,current,M,28,HIGH,1.6,3,485.0,1,14.0
9314,16260,175340.0,64350.61,19739.44,9706.35,2143.1,29366.03,1955.52,2.0,29,3,2,6,1,255000,1,1,1.0,1,48422.7,190887.4,28985.0,3897.0,104284.54,27177.0,10.0,15,51278.0,45606.44,24974.0,10,70,40932.0,32601.0,10403.0,1,18,23568.0,Y,1311.11,current,M,33,MEDIUM,13.0,5,254.0,1,5.0
9315,9883,4142.0,3235.19,3362.0,4745.82,16144.76,4721.735,232.0,56.0,3,44,3,2,9,232000,1,1,1.0,1,370776.0,232235.65,825.0,-4664.0,193012.83,152525.0,23.0,3,21837.0,103740.35,5120.0,7,81,36900.0,24450.74,217890.8,21,1,32003.0,Y,36788.75,saving,M,62,LOW,42.0,7,324.0,0,20.0
9316,10874,19099.0,16147.89,1295.35,15365.16,41068.0,6807.0,8467.62,26.0,30,59,10,3,8,74100,1,1,1.0,1,568.8,119580.0,643.0,12174.0,32391.5,28163.0,16.0,1,36629.0,48234.81,48894.0,4,50,41845.0,22210.86,155263.0,15,12,102824.0,Y,2194.0,current,F,27,MEDIUM,3.5,9,506.0,1,11.0
9317,10069,11949.0,36777.09,10096.0,20448.0,122.0,22997.0,3095.0,19.0,8,19,26,1,81,350000,1,1,1.0,1,8370.8,1425000.0,126001.0,1014.0,3205.25,3423.25,39.0,31,12795.0,108747.29,20040.0,2,20,14616.0,96547.71,100387.0,3,10,16763.0,Y,5380.2,saving,M,28,MEDIUM,8.0,5,683.0,1,6.0
9318,1293,823.0,7136.81,424.3,6805.05,10723.0,10807.5,772.0,2.0,9,3,60,4,9,494000,1,1,1.0,1,1263221.7,390700.0,4198.0,35346.0,40318.28,35386.0,10.0,1,16696.0,16254.96,16420.86,50,5,71341.0,29530.56,2805.0,19,76,38499.0,Y,1431.6,current,M,44,MEDIUM,7.2,3,488.0,1,5.0
9319,11591,11652.0,17550.61,2275.0,56485.82,3464.0,2478.22,2912.0,17.0,50,74,2,1,18,74100,1,1,1.0,1,168.75,31033.0,73501.0,5730.0,120950.76,41599.0,1.0,7,55856.0,107662.02,22750.0,2,20,16306.0,37433.89,21050.0,40,21,40447.0,Y,6164.32,current,M,36,MEDIUM,12.8,6,748.0,1,11.0
9320,19804,308496.0,12318.81,4750.0,20325.1,3043.73,3792.34,1534.0,24.0,6,67,3,44,1,19000,1,1,1.0,1,365855.6,54388.23,105000.0,26601.0,34021.0,93031.7,52.0,7,56557.0,20726.0,417652.0,7,4,30435.0,60508.87,25469.0,7,2,25485.0,Y,1945.12,current,F,37,MEDIUM,1.7000000000000002,8,454.0,0,19.0
9321,5131,217123.0,16584.54,8152.0,20692.85,6247.9,8140.0,8296.13,6.0,23,61,3,6,2,282000,1,1,1.0,1,8209320.0,95658.0,68000.0,2500.0,27308.13,13795.0,29.0,2,82312.0,34422.63,108406.0,3,171,16878.0,50258.13,20239.0,4,49,15765.0,Y,3197.91,current,M,53,LOW,33.0,10,505.0,1,11.0
9322,350,10184.0,37044.52,1756.59,2116.76,2120.47,4106.405,5330.0,60.0,84,49,3,1,77,255000,1,1,1.0,1,12510.0,22400.0,105000.0,6916.0,24446.39,86537.0,103.0,1,24765.0,81366.53,51119.0,19,13,53634.0,28740.75,17406.0,7,24,29685.0,Y,673.9,current,M,62,MEDIUM,12.600000000000001,9,631.0,1,20.0
9323,432,663.0,2267.0,10372.49,15166.38,5449.0,2641.85,26624.0,5.0,10,50,53,11,30,100000,1,1,1.0,1,7404.75,160498.0,768.0,2000.0,81392.21,57515.0,2.0,4,34827.0,31084.13,49329.0,9,0,107820.13,26927.13,106766.0,21,38,18971.0,Y,10915.45,current,F,67,LOW,9.4,4,623.0,1,9.0
9324,19985,1011.0,14447.34,6170.82,1885.92,2572.0,48931.6,1248.0,19.0,50,82,24,1,6,340000,1,1,1.0,1,47936.43,280000.0,798.0,5773.0,64484.09,20999.6,11.0,3,10273.0,94232.13,100187.0,31,7,21241.05,113229.05,277705.0,21,104,20229.0,Y,1394.66,saving,M,29,MEDIUM,5.4,7,503.0,0,13.0
9325,14632,9170.0,3076.0,6315.95,3890.0,10317.0,1309.0,443.95,8.0,8,35,10,1,2,44000,1,1,1.0,1,360978.37,650000.0,30000.0,6916.0,90762.81,69688.0,42.0,15,35117.0,52766.15,49073.0,1,29,48621.0,62574.04,32302.78,94,12,60799.0,Y,1507.13,current,M,37,MEDIUM,17.0,2,766.0,1,19.0
9326,8703,291207.0,4781.89,12901.18,477.37,630.9,1216.0,4139.0,1.0,3,6,39,1,3,39000,1,1,1.0,1,165907.57,76365.24,825.0,9827.0,160.25,89394.63,79.0,5,34313.0,7051.7,154765.38,50,6,67825.0,5594.0,74358.0,9,18,21783.0,Y,5220.73,current,M,34,HIGH,8.4,2,454.0,1,14.0
9327,9733,13415.0,37990.91,735.49,1708.0,12604.99,5378.0,2330.0,5.0,23,20,1,31,56,507000,1,1,1.0,1,1038501.78,375000.0,57899.0,2921.0,55211.97,58051.0,69.0,4,24236.0,25404.75,35239.0,1,81,136729.0,25665.85,30714.0,22,11,860.0,Y,5268.38,current,M,53,MEDIUM,3.3000000000000003,7,486.0,1,5.0
9328,2199,11817.0,20513.34,2294.72,4453.18,2344.0,6304.805,2150.0,7.0,36,60,5,5,1,17000,1,1,1.0,1,34249.0,194099.3,539.0,2351.0,103428.01,55283.0,46.0,2,27301.0,402979.51,41782.0,0,70,21814.0,297444.0,130543.76,12,6,30036.0,Y,3943.97,current,M,40,MEDIUM,2.0,5,713.0,1,7.0
9329,8994,6878.0,6447.0,2185.02,55301.0,6738.0,2859.0,12825.4,1.0,84,50,2,2,3,16000,1,1,1.0,1,41883.6,273221.0,550.0,6885.0,33626.28,15991.0,16.0,19,11500.0,76617.3,22681.0,43,81,55212.0,96203.18,25996.0,11,0,19011.0,Y,2025.21,current,M,27,MEDIUM,4.9,2,818.0,0,13.0
9330,9726,9693.0,6673.0,3295.0,56653.82,7347.0,12889.52,4618.0,10.0,18,82,3,3,11,100000,1,1,1.0,1,23221.65,158000.0,16215.0,-6281.37987999999,41039.71,6847.0,36.0,3,21872.0,51907.93,27563.0,3,82,77619.0,61403.51,53154.51,94,52,21854.0,Y,514.29,current,M,56,MEDIUM,28.8,5,539.0,1,12.0
9331,11562,25251.0,24615.19,1735.4,5839.32,6667.36,13643.0,2826.13,18.0,1,9,15,27,44,127500,1,1,1.0,1,21511.8,135552.85,15477.0,1089.0,29932.58,21387.0,48.0,1,5032.0,22841.13,125650.0,16,5,25662.0,41007.6,53590.0,3,83,37595.0,Y,5230.46,current,M,63,MEDIUM,43.0,4,812.0,1,19.0
9332,8604,8139.0,30438.11,8980.0,13594.26,5512.52,15708.0,7762.6,136.0,85,87,1,4,98,523000,1,1,1.0,1,88.0,176487.6,96497.0,903.0,60374.25,28170.0,10.0,4,38751.64,41707.75,22727.0,9,104,13676.0,101819.48,97612.0,1,61,26234.0,Y,1100.8,current,F,58,MEDIUM,11.4,10,653.0,0,10.0
9333,9530,8943.0,80625.0,632.46,1141.0,17306.0,17436.0,1008.73,23.0,30,16,8,3,17,104000,1,1,1.0,1,207979.75,2436.91,15477.0,0.0,73630.25,1172.0,46.0,36,15400.0,2204.5,37078.0,11,5,244809.0,4149.0,57199.0,41,39,31285.0,Y,19439.66,current,M,44,MEDIUM,9.600000000000001,10,537.0,1,4.0
9334,7585,6874.0,19041.49,10529.89,30524.8,11025.0,24384.465,9313.05,8.0,66,13,8,9,80,568000,1,1,1.0,1,977377.25,14000.0,5905.0,2008.0,28283.98,10256.0,90.0,2,117752.0,83981.47,23160.0,45,14,23726.0,241358.75,41913.0,3,7,16915.0,Y,2848.76,current,M,32,LOW,3.6,9,748.0,1,20.0
9335,14893,39946.0,12507.0,4048.0,7044.5,3693.96,10442.0,5251.0,6.0,50,4,5,18,80,326250,1,1,1.0,1,669881.87,992890.32,72000.0,2351.0,95891.22,46704.0,69.0,2,69402.0,16140.46,145088.5,3,13,41107.0,14131.5,40442.0,14,107,13706.0,Y,15210.93,current,M,60,MEDIUM,20.0,6,259.0,1,6.0
9336,14616,5598.0,56621.6,449.1,6256.37,8871.46,8229.0,1376.52,531.0,77,4,3,5,13,28000,1,1,1.0,1,46962.5,116533.0,12000.0,6916.0,33844.5,33252.0,7.0,26,65357.0,244070.38,66152.0,1,78,171000.0,142115.61,193838.06,8,58,49089.0,Y,10332.0,current,M,27,MEDIUM,2.1,4,653.0,1,11.0
9337,16109,29384.0,708.0,729.0,28496.31,3188.01,4439.0,3532.0,17.0,23,49,1,14,6,47000,1,1,1.0,1,4120.0,142608.5,12560.0,4889.0,37185.25,66190.0,11.0,31,20974.0,34095.13,10036.0,1,1,97609.0,280828.07,32506.0,3,12,13247.0,Y,179.25,current,M,37,MEDIUM,8.5,4,299.0,1,6.0
9338,6127,14039.0,24219.0,932.0,119507.51,1577.0,6028.765,12825.4,12.0,1,5,11,1,47,202500,1,1,1.0,1,41883.6,43397.0,12000.0,-4612.00977,40351.32,21821.0,39.0,6,77896.0,21376.53,94707.0,3,34,1086329.0,14466.31,26037.0,36,32,31182.0,Y,11635.36,saving,M,27,MEDIUM,4.2,7,968.0,0,19.0
9339,14811,15341.0,4599.0,174.0,5086.0,10317.0,960.5,1195.0,8.0,10,5,1,2,98,39000,1,1,1.0,1,720551.4,376600.5,925.0,14509.0,38545.86,8089.0,2.0,36,23770.0,81343.96,102738.0,8,46,39385.0,78146.0,70389.5,21,7,51569.0,Y,443.51,current,M,37,HIGH,15.3,8,631.0,0,13.0
9340,8074,12008.0,14514.0,717.0,5264.5,9710.32,2174.0,3384.41,100.0,32,52,21,9,5,255000,1,1,1.0,1,3080625.0,1372927.14,49975.0,1444.0,42217.38,37737.0,15.0,1,17345.0,47903.96,352.6,1,108,24463.0,244752.15,4075.5,3,52,70575.0,Y,747.23,current,M,53,LOW,19.8,4,801.0,0,20.0
9341,3735,4742.0,31661.68,729.0,5565.06,22212.0,7085.0,4272.0,64.0,23,50,3,2,11,276000,1,1,1.0,1,48675.31,177795.8,19176.0,6885.0,9982.65,28871.0,11.0,5,58112.0,10588.0,75737.35,4,50,28821.0,17948.0,407138.0,2,100,18999.0,Y,4238.14,current,M,35,MEDIUM,13.5,7,766.0,1,14.0
9342,9239,218507.0,64350.61,4033.94,1209.0,1412.0,21797.765,1047.0,5.0,10,10,30,8,79,290000,1,1,1.0,1,12869465.0,27000.0,24619.0,6885.0,5614.47,28365.0,94.0,7,293034.0,12132.0,85293.5,3,50,23483.0,48044.0,273585.47,1,32,357528.95,Y,174.94,current,M,62,LOW,16.8,8,583.0,1,18.0
9343,9643,18419.0,36318.21,1952.0,3704.5,3541.0,14190.5,1023.0,104.0,36,10,1,27,13,112000,1,1,1.0,1,2984.1,88482.8,100000.0,0.0,15678.54,28125.0,103.0,0,38407.0,44468.0,59354.0,1,29,37492.0,29858.0,115333.5,40,83,32891.0,Y,15503.23,current,M,118,MEDIUM,39.2,8,860.0,1,15.0
9344,14533,316891.0,5374.37,6756.5,7539.0,3366.0,9892.0,445.0,5.0,3,3,18,2,1,138000,1,1,1.0,1,52506.0,21577.06,3975.0,886.0,76597.31,34143.0,91.0,19,50721.0,21682.32,25865.57,43,108,8905.0,46038.33,73905.0,16,104,19554.0,Y,3510.97,current,M,32,MEDIUM,9.600000000000001,8,922.0,1,11.0
9345,5447,8474.0,24694.23,7278.27,4563.95,2120.47,4680.0,5269.47,26.0,23,50,47,31,2,152000,1,1,1.0,1,38566.25,17000.0,23500.0,2921.0,70152.44,31117.0,46.0,0,13730.0,59233.11,42591.0,5,4,54959.0,66500.26,25935.75,5,12,517.0,Y,132997.39,current,M,37,LOW,5.1000000000000005,6,883.0,1,14.0
9346,1030,15325.0,13007.5,24988.34,4664.0,10782.85,2695.0,7697.0,1.0,20,3,8,14,1,232000,1,1,1.0,1,13762.5,187788.1,24251.0,1444.0,30189.25,46174.0,40.0,19,33925.0,65600.48,220607.25,2,82,4100.0,45801.49,59306.0,49,63,47462.0,Y,4163.52,current,M,34,LOW,7.0,1,866.0,0,12.0
9347,4274,92615.0,7294.0,3111.0,25062.85,7761.93,16700.23,2546.7,5.0,66,67,3,3,30,720000,1,1,1.0,1,1038501.78,7576.0,20887.0,6885.0,33738.56,9418.0,46.0,1,45645.0,48377.0,40348.0,2,82,74970.31,7794.76,95053.0,3,38,24909.0,Y,79.51,current,M,53,LOW,33.0,5,488.0,1,19.0
9348,2139,177024.0,27797.27,20030.0,5478.5,12238.6,3583.0,12134.27,10.0,43,19,57,1,2,197000,1,1,1.0,1,99984.83,100934.0,1633.0,5350.0,13006.47,54359.0,16.0,2,159847.0,133325.47,21734.0,31,50,67703.25,67891.35,28827.0,13,80,33140.0,Y,1506.66,current,M,54,LOW,20.400000000000002,5,836.0,0,16.0
9349,15108,6682.0,17524.12,11309.79,3251.0,1426.0,5679.0,143.0,124.0,27,52,2,12,2,187000,1,1,1.0,1,12510.0,482.6,4198.0,10210.0,2188.03,29877.0,7.0,4,14236.0,95670.71,51253.0,2,171,13404.0,103858.7,78753.5,2,79,20947.0,Y,8046.4,current,M,61,MEDIUM,16.400000000000002,1,698.0,0,9.0
9350,1598,489.0,1336.62,2126.0,10260.69,2576.0,8150.64,6430.65,4.0,65,82,12,2,1,575000,1,1,1.0,1,13279.75,24000.0,78309.0,0.0,30314.75,95859.0,16.0,1,68140.0,20449.8,59148.0,4,20,11507.0,181995.02,64792.38,40,61,31525.0,Y,4046.51,saving,M,33,MEDIUM,9.1,10,753.0,1,11.0
9351,7753,7015.0,19977.99,1834.04,8394.24,2104.0,94865.54,7868.0,4.0,31,11,8,1,22,112000,1,1,1.0,1,54860.05,194099.3,2156.0,14509.0,37094.0,31135.0,11.0,36,28550.0,77095.89,162459.0,7,24,36044.54,208110.4,159798.94,3,12,60337.18,Y,2992.9,saving,M,38,MEDIUM,9.0,7,638.0,1,17.0
9352,15007,7158.0,5829.72,3513.34,16763.99,364.0,2740.0,3323.0,2.0,99,18,48,4,9,147000,1,1,1.0,1,46451.38,10767.53,33774.0,6613.0,142979.7,12936.0,43.0,31,33080.0,30504.63,62402.0,43,44,41051.55,34449.33,19595.0,49,10,18560.0,Y,3924.57,current,M,54,MEDIUM,6.800000000000001,10,254.0,1,7.0
9353,3790,4832.0,11937.0,3524.0,17464.98,900.0,2516.81,6707.91,5.0,13,9,24,36,16,378000,1,1,1.0,1,213557.15,71256.0,100000.0,2921.0,3369.25,107633.0,94.0,0,83569.0,44753.5,11677.0,9,63,3016.0,41492.18,16280.79,8,22,20332.0,Y,27731.02,saving,F,27,MEDIUM,0.7000000000000001,3,614.0,0,14.0
9354,13670,1553.0,2952.0,6972.0,8833.0,5985.0,11606.04,2893.25,1.0,23,59,5,36,1,480000,1,1,1.0,1,447490.0,95000.0,539.0,-5715.49022999999,15221.75,47710.5,90.0,1,51606.0,140757.23,34564.0,4,12,22215.0,48714.9,7239.29,9,38,16990.0,Y,636.22,current,M,46,LOW,15.600000000000001,9,802.0,1,16.0
9355,5700,11371.0,9561.53,1985.02,15762.58,2067.5,7298.3,14986.5,2.0,23,19,1,1,56,302000,1,1,1.0,1,64410.0,26001.0,13533.0,5464.0,26476.0,22376.58,16.0,19,66456.0,9522.0,50047.0,7,18,15830.0,31706.59,30320.0,4,52,19234.0,Y,217403.63,current,M,42,LOW,11.0,3,575.0,1,11.0
9356,1615,6127.0,8080.0,2361.55,17794.53,658.0,5822.3,15066.0,12.0,10,117,8,4,55,199999,1,1,1.0,1,165907.57,76365.24,13873.0,5730.0,295889.22,234135.4,11.0,55,105834.0,29059.0,40695.0,7,67,113882.0,29014.0,68746.29,18,10,10646.0,Y,3219.06,saving,M,30,LOW,6.0,6,466.0,1,5.0
9357,5292,10209.0,7652.42,1497.0,9220.14,3758.0,513.6,11365.0,124.0,36,61,18,51,8,193730,1,1,1.0,1,32951.25,385218.7,20000.0,5340.0,64831.1,52310.0,18.0,23,19010.0,27299.54,37221.86,23,29,47590.0,50196.18,67057.0,46,65,55721.0,Y,12030.33,current,M,219,MEDIUM,119.4,1,523.0,0,3.0
9358,6651,328833.0,19805.12,1721.66,6952.0,600.0,23916.0,672.77,4.0,8,46,1,31,11,147000,1,1,1.0,1,15961.9,60040.0,33774.0,-5998.43994,33898.13,51058.0,12.0,13,15720.0,68300.98,79840.2,3,26,94137.89,99143.2,80902.0,9,11,12841.0,Y,10000.34,current,M,47,LOW,10.8,2,858.0,0,6.0
9359,2826,14898.0,40236.36,9089.0,7070.4,2371.0,4351.52,15479.0,26.0,9,13,47,2,10,371000,1,1,1.0,1,331.2,229809.2,11580.0,1992.0,60919.85,36559.0,2.0,26,46242.58,96981.94,26490.0,41,108,23768.0,12861.52,75595.0,3,21,29788.0,Y,2992.9,current,M,29,MEDIUM,8.1,3,737.0,1,5.0
9360,15349,11268.0,16154.42,3069.71,7974.58,2272.0,5643.0,2951.0,10.0,1,50,1,2,79,98000,1,1,1.0,1,137260.8,446457.0,643.0,-6281.37987999999,79855.84,150830.41,147.0,3,24968.0,74562.15,67081.0,16,26,43972.0,135379.98,196080.0,62,83,71683.0,Y,16839.22,current,F,66,MEDIUM,32.2,3,249.0,1,6.0
9361,1417,8275.0,4770.97,16015.0,10237.59,16831.5,45417.47,634.0,3.0,66,27,4,45,55,581000,1,1,1.0,1,803155.7,1475000.0,25524.0,6409.0,13697.23,23664.0,35.0,7,19796.0,11070.05,214587.0,1,0,13416.0,32731.0,24065.0,4,32,26656.0,Y,8551.84,current,M,47,MEDIUM,8.1,10,866.0,1,19.0
9362,19918,592.0,4474.24,35703.89,3373.39,128068.22,356.0,15959.0,136.0,10,9,8,4,13,173000,1,1,1.0,1,8531560.0,52098.99,96497.0,-6335.0,51102.0,3819581.0,11.0,13,45619.0,50134.45,25616.0,6,25,40826.0,33644.06,67360.0,43,58,70485.0,Y,9758.48,saving,M,118,MEDIUM,29.400000000000002,10,809.0,1,20.0
9363,6610,15046.0,1896.32,4263.0,2674.0,4550.92,7199.0,1439.0,5.0,71,2,50,9,1,255000,1,1,1.0,1,36368.7,992890.32,130000.0,1465.0,5698.25,34586.0,16.0,1,18508.0,32650.6,268.86,2,5,82857.0,11861.91,7538.0,3,12,27894.0,Y,9458.22,current,F,30,LOW,9.0,10,966.0,1,15.0
9364,5385,4769.0,13637.24,680.0,1849.9,1055.76,57525.0,8179.0,1.0,56,59,1,4,1,599000,1,1,1.0,1,192478.0,159415.3,10973.0,-6301.0,107584.07,33173.0,50.0,3,35152.0,18208.44,88363.0,2,108,9186.0,84248.0,23245.0,8,104,2046.38,Y,17648.21,current,M,60,MEDIUM,32.0,7,516.0,0,11.0
9365,10624,18206.0,405.0,6709.6,4496.3,5209.75,12214.0,657.0,56.0,77,13,3,1,1,170000,1,1,1.0,1,124064.65,1475000.0,155205.0,-6301.0,35945.39,72126.0,4.0,2,34593.0,2003.5,29009.0,5,86,26605.0,25679.61,149290.0,5,13,14500.0,Y,1099.22,current,M,37,LOW,15.3,10,466.0,1,16.0
9366,15733,2452.0,3846.76,32402.0,14893.2,4116.95,11295.05,11110.5,12.0,66,14,57,25,6,329000,1,1,1.0,1,213557.15,446457.0,73217.0,8572.0,21701.6,31540.0,43.0,7,50322.0,305486.99,24211.0,2,50,193000.0,5960.27,1723.0,38,8,53589.0,Y,4859.56,current,M,32,LOW,6.0,3,249.0,0,17.0
9367,2459,11700.0,23485.51,128.5,26762.54,7304.0,6169.0,53481.24,8.0,10,5,48,62,13,302000,1,1,1.0,1,166331.66,234459.4,1526.0,-5998.43994,23450.82,11805.0,6.0,1,26072.0,40249.71,100040.0,3,81,31074.0,86067.52,18860.75,117,11,28718.0,Y,511.05,current,M,30,LOW,1.0,6,508.0,1,7.0
9368,2176,13372.0,14696.0,65.0,3945.0,2389.36,9741.19,443.0,44.0,30,29,17,5,34,19000,1,1,1.0,1,105453.65,1187335.5,3570.0,12965.0,45030.85,40763.0,36.0,3,23120.0,59840.27,34483.0,2,25,64111.0,160642.43,26141.0,3,10,34956.0,Y,8878.73,current,M,50,MEDIUM,24.0,3,866.0,0,11.0
9369,12069,7334.0,43660.8,2405.0,1853.73,3439.22,12387.74,4957.28,66.0,10,49,53,2,6,525000,1,1,1.0,1,134985.0,39833.19,678.0,1089.0,66477.88,165457.0,18.0,36,17000.0,21682.5,39246.15,2,34,58840.0,94824.29,65060.0,6,100,832.0,Y,350.35,current,M,39,MEDIUM,7.6000000000000005,7,394.0,1,15.0
9370,12165,2468.0,5227.0,5347.85,21253.785,79731.11,3274.22,3667.0,1.0,65,135,24,6,3,595000,1,1,1.0,1,111.0,234459.4,6000.0,1500.0,5945.25,47523.0,67.0,1,50266.0,135854.2,25003.0,43,171,50250.0,122081.96,76655.5,8,13,129500.0,Y,10600.86,current,M,35,MEDIUM,7.5,10,355.0,1,20.0
9371,1561,12581.0,29730.6,2403.84,10260.69,22738.64,23236.59,576.73,8.0,99,82,4,4,2,453000,1,1,1.0,1,5457.0,4550727.2,6738.0,6885.0,17757.59,52238.0,32.0,33,98441.0,17414.0,62197.0,2,20,54.0,9660.46,83755.0,117,21,27448.0,Y,18.59,current,F,37,MEDIUM,6.800000000000001,6,698.0,1,20.0
9372,2197,3543.0,26662.26,883.8,4897.58,10045.0,1579.73,5378.0,4.0,8,44,3,12,47,393000,1,1,1.0,1,165907.57,76365.24,13873.0,418.0,71645.0,47767.0,43.0,0,18380.0,133879.27,7893.87,4,14,52112.0,30714.22,117563.5,6,24,19012.0,Y,8982.2,saving,F,60,LOW,12.0,1,620.0,1,18.0
9373,14586,8837.0,875.0,2328.0,491.0,490.5,4342.34,4912.0,10.0,6,7,30,46,8,329000,1,1,1.0,1,58928.67,100000.0,544.0,-5715.49022999999,13836.0,37617.5,2.0,1,33080.0,19919.39,100238.0,4,82,42940.0,22278.47,91955.5,5,50,58352.0,Y,2674.92,saving,M,29,LOW,3.6,8,516.0,1,18.0
9374,15556,12593.0,3882.0,19337.0,7267.98,1384.98,1367.0,3225.98,1.0,50,32,2,4,4,10000,1,1,1.0,1,34635.25,278904.9,519.0,3735.0,153894.28,167559.0,42.0,2,50230.0,391109.2,19991.0,2,12,19570.0,76408.02,51058.0,5,3,47534.0,Y,1645.56,current,M,62,MEDIUM,33.6,2,911.0,1,8.0
9375,18565,93010.0,1627.755,2698.54,2981.16,10310.76,1880.0,5346.72,7.0,23,13,5,5,17,378000,1,1,1.0,1,3618670.8,205032.06,300500.0,-4664.0,6073.0,31568.0,11.0,2,31289.0,1093.0,13601.0,2,21,203000.0,121073.48,24101.0,3,38,14980.0,Y,1099.22,current,M,47,LOW,24.3,1,886.0,1,5.0
9376,12899,3662.0,12824.01,8685.26,3755.99,2463.92,2922.0,2871.0,10.0,7,32,20,2,7,167000,1,1,1.0,1,319201.67,5350.0,25524.0,1500.0,68532.81,300333.0,11.0,3,31829.0,22449.59,68136.0,2,27,16885.0,92029.0,41560.75,117,64,11910.0,Y,5985.5,saving,M,34,LOW,11.200000000000001,5,369.0,1,16.0
9377,17208,16905.0,27109.0,6942.0,22455.29,785.0,5772.6,1774.84,7.0,99,5,2,3,4,408000,1,1,1.0,1,684495.7,76365.24,1633.0,553.0,35399.57,110692.0,16.0,1,41087.0,32515.2,222162.0,4,12,81500.0,110462.92,49185.0,4,35,196482.14,Y,5461.22,saving,F,30,MEDIUM,7.0,7,883.0,1,16.0
9378,9547,123482.0,3426.56,3948.0,14738.75,4264.0,7447.0,3795.0,7.0,10,6,4,2,47,98000,1,1,1.0,1,4323.0,95658.0,579.0,3735.0,11432.95,380093.0,7.0,2,15690.0,54726.05,212319.0,43,78,28251.0,16399.0,11515.0,16,39,52800.0,Y,643.27,current,M,34,MEDIUM,14.0,3,966.0,1,14.0
9379,14868,212223.0,8389.97,2720.05,2802.51,1408.0,22865.85,431.28,44.0,23,67,57,3,44,326000,1,1,1.0,1,720551.4,6574.31,130000.0,6613.0,67770.9,64401.0,62.0,7,30513.0,78708.68,20247.0,2,9,31222.0,12407.53,34181.0,15,103,102309.0,Y,3.83,current,M,28,MEDIUM,0.8,10,626.0,1,18.0
9380,19483,11006.0,99303.46,670.0,16560.66,17010.0,1201.57,1421.66,8.0,77,87,4,27,17,284000,1,1,1.0,1,38566.25,40000.0,694.0,-5439.0,77696.75,62623.0,6.0,26,21783.0,16102.42,41570.0,2,59,14032.0,38338.98,14757.0,5,104,66844.0,Y,48.85,saving,M,33,MEDIUM,13.0,3,683.0,1,19.0
9381,11986,11104.0,865.0,860.0,6244.0,2382.0,18216.0,2500.0,67.0,8,87,1,60,10,85000,1,1,1.0,1,18418.85,82907.34,100000.0,-6885.0,28120.58,34434.0,91.0,2,31769.0,97645.19,162049.0,3,50,146250.0,51164.5,80051.63,4,64,160.0,Y,5900.3,current,M,33,HIGH,7.800000000000001,5,805.0,1,12.0
9382,12840,3546.0,7952.0,11820.52,13624.48,13838.52,4809.0,20185.0,2.0,34,14,2,14,54,47000,1,1,1.0,1,189802.75,95081.0,130000.0,10210.0,22202.36,28125.0,94.0,6,18720.0,77083.49,2777.0,6,24,25120.0,40837.58,159054.0,47,12,24028.0,Y,10591.93,current,M,37,LOW,5.1000000000000005,9,700.0,1,8.0
9383,10487,218848.0,12916.47,17106.94,92391.27,7587.57,752.5,215.02,5.0,30,53,1,44,9,550000,1,1,1.0,1,5210.85,52991.0,1727.0,-3506.17993,96244.48,186064.0,18.0,4,20776.0,48885.94,36740.0,3,21,172031.0,24214.58,198078.11,22,40,77588.0,Y,1814.4,current,M,55,LOW,31.5,5,700.0,0,19.0
9384,17834,103256.0,725.28,5614.0,5678.0,5626.0,8745.0,3410.73,5.0,31,5,4,3,13,523000,1,1,1.0,1,75000.0,20500.0,583.0,6409.0,12049.05,74541.0,59.0,43,25886.0,147503.6,165980.0,4,4,89759.0,134191.0,90585.0,14,1,75270.0,Y,4224.93,current,M,62,LOW,4.2,1,354.0,1,9.0
9385,1373,19709.0,6681.77,5347.85,7051.76,1174.0,4646.31,41199.0,10.0,32,48,60,2,55,329000,1,1,1.0,1,58834.74,93.35,731.0,8362.0,566965.15,53003.0,87.0,15,63539.0,28309.0,108140.0,30,7,46064.0,236997.5,57316.41,3,61,40565.89,Y,918.66,current,M,66,MEDIUM,4.6000000000000005,1,558.0,1,10.0
9386,1622,16451.0,8626.45,2185.0,27715.87,302.0,4049.63,2861.0,1.0,10,84,47,2,10,198000,1,1,1.0,1,19087.6,3084.5,2158.0,5730.0,20808.14,35261.0,42.0,2,110185.0,63240.0,545428.46,9,50,2298.94,60920.27,12913.0,40,50,46082.0,Y,9213.4,current,M,60,MEDIUM,16.0,8,538.0,1,8.0
9387,18745,36691.0,14769.71,3330.0,8053.94,34127.04,3083.41,3757.0,5.0,43,87,25,1,54,218000,1,1,1.0,1,120781.35,400000.0,68000.0,-3625.0,44133.04,176703.0,18.0,4,34648.0,25561.27,28734.86,4,20,14941.0,24239.88,109993.0,93,73,53143.0,Y,3121.44,current,M,33,HIGH,11.700000000000001,10,626.0,0,8.0
9388,11758,11381.0,4341.5,1578.0,6861.72,1055.76,5919.0,4043.0,5.0,84,74,24,27,17,400000,1,1,1.0,1,1727970.9,385218.7,641.0,6885.0,74716.63,111540.0,67.0,26,27413.0,20694.0,104059.0,47,171,15370.0,78412.0,116419.0,7,32,40417.0,Y,3500.31,current,M,30,HIGH,3.0,4,640.0,1,19.0
9389,3282,1952.0,3820.54,2700.77,9789.0,2395.75,9041.5,842.0,4.0,84,44,10,4,53,297000,1,1,1.0,1,15939.83,134000.0,505.0,5464.0,52335.76,1561.0,7.0,1,24879.0,40576.5,192887.0,2,13,10333.0,31130.97,78619.09,3,24,15150.0,Y,17747.41,current,M,37,MEDIUM,13.600000000000001,1,748.0,1,12.0
9390,11080,14582.0,6143.0,6124.2,830.92,5744.68,13757.0,6516.0,136.0,5,82,53,2,67,186000,1,1,1.0,1,50550.5,1372927.14,57899.0,20790.0,61603.88,11188.36,55.0,30,24090.0,6251.0,43221.0,2,12,25979.0,11041.0,59381.0,10,40,273.0,Y,2339.71,current,M,37,MEDIUM,1.7000000000000002,6,394.0,1,18.0
9391,8405,11408.0,1896.32,2742.0,39036.94,14935.22,6928.0,854.8,17.0,8,3,53,2,91,17000,1,1,1.0,1,2173459.0,278904.9,100000.0,20513.0,48551.77,26369.0,12.0,1,25265.0,52666.17,17885.0,1,82,40320.0,25376.75,173386.38,5,12,125280.0,Y,15224.23,current,M,53,MEDIUM,19.8,3,966.0,1,5.0
9392,16940,10433.0,82700.93,1711.0,31448.02,3037.6,3246.0,4957.28,19.0,71,112,57,1,55,406000,1,1,1.0,1,384550.05,5350.0,105000.0,20790.0,38642.36,271848.0,32.0,7,47898.0,8964.75,28349.26,3,8,22212.0,74854.25,117330.0,5,24,36915.0,Y,241.53,saving,M,37,MEDIUM,10.200000000000001,3,270.0,1,8.0
9393,16985,6849.0,12923.0,4245.0,39270.01,5759.51,7116.23,1439.0,2.0,66,60,62,1,56,528000,1,1,1.0,1,347309.75,11897.0,300500.0,5464.0,7663.08,4252.38,103.0,7,5300.0,45046.41,16027.0,20,20,18626.0,182795.08,47353.0,3,0,16873.0,Y,15655.58,saving,M,33,MEDIUM,6.5,2,799.0,1,9.0
9394,8842,8799.0,5225.0,1446.0,9322.43,79601.9,3411.6,2742.0,63.0,84,11,1,12,22,190000,1,1,1.0,1,68640.0,50700.0,16215.0,4150.0,69267.53,24014.0,38.0,3,16555.0,81693.62,60992.3,0,69,47340.0,46601.87,39551.0,6,83,30391.0,Y,9307.8,current,M,66,HIGH,27.6,7,863.0,0,2.0
9395,15105,16907.0,23854.45,6200.23,6919.61,4086.62,4095.11,28757.0,6.0,65,5,4,51,47,212500,1,1,1.0,1,48624.7,3084.5,12337.0,5464.0,33806.0,346061.0,4.0,26,27510.0,102621.5,20728.0,10,108,99168.0,69851.51,113228.0,19,43,31182.0,Y,5299.11,current,M,27,MEDIUM,6.300000000000001,7,746.0,1,3.0
9396,14150,216838.0,41159.56,42810.0,7750.22,6952.98,35379.62,20290.0,5.0,3,9,30,38,41,370000,1,1,1.0,1,6014.12,15036.0,2156.0,1332.0,122112.97,108760.11,4.0,1,9015.73,21981.42,148356.0,2,63,36128.71,170251.16,79387.58,10,103,17899.0,Y,31014.61,current,M,66,MEDIUM,41.400000000000006,3,928.0,1,5.0
9397,8628,14826.0,18612.75,12538.0,41456.79,6781.03,7283.385,2686.38,12.0,30,16,1,2,1,84000,1,1,1.0,1,124064.65,71256.0,2158.0,6916.0,47924.9,8944.0,11.0,36,26345.29,19375.27,21503.0,5,11,33500.0,315576.28,149130.0,3,104,20601.0,Y,6793.09,current,M,31,HIGH,6.6000000000000005,8,386.0,1,5.0
9398,15017,346006.0,15090.6,355.0,32880.77,17082.26,361.96,20418.28,2.0,34,7,22,31,1,134000,1,1,1.0,1,2184.0,88482.8,3570.0,2819.0,65401.72,74992.0,42.0,26,14240.0,20396.45,378381.0,43,5,71487.0,206112.93,41244.0,94,39,12462.0,Y,5865.71,current,M,55,MEDIUM,3.5,2,594.0,0,3.0
9399,10243,106844.0,3872.795,12023.0,8833.0,2408.0,5273.0,6169.0,24.0,10,2,48,2,47,44000,1,1,1.0,1,2184.0,560000.0,565.0,0.0,38340.15,300197.0,18.0,19,55623.0,27279.35,141634.0,4,12,24571.0,32255.98,27666.0,4,61,21970.0,Y,27.46,current,M,118,MEDIUM,88.2,7,809.0,1,12.0
9400,8376,1813.0,15288.35,1466.48,14963.0,5816.0,986.4,346.0,29.0,43,44,48,4,42,379000,1,1,1.0,1,6558.8,148150.33,30011.0,5464.0,48551.77,18637.0,36.0,26,213400.0,48643.88,40253.0,70,12,39423.0,18153.79,25205.0,2,50,27786.0,Y,3548.1,saving,M,33,MEDIUM,2.6,3,814.0,1,7.0
9401,4466,3942.0,13729.39,875.0,12140.88,26717.3,2363.0,12134.27,5.0,93,5,1,1,47,467000,1,1,1.0,1,1360.0,24000.0,15477.0,-5998.43994,75561.0,154757.0,1.0,1,83776.0,59356.03,93786.0,6,81,37765.0,40313.5,65124.25,117,83,16450.0,Y,2300.3,saving,M,54,MEDIUM,10.200000000000001,10,860.0,1,11.0
9402,12986,18394.0,16459.0,1986.0,1911.5,20625.0,29677.5,1113.0,43.0,8,20,3,25,79,362000,1,1,1.0,1,13730.0,222222.0,96558.0,0.0,145242.18,36367.66,89.0,1,37032.0,117493.92,204310.0,6,7,21262.0,3098564.68,184.0,3,24,38130.0,Y,18655.09,current,M,32,MEDIUM,9.600000000000001,4,658.0,0,8.0
9403,12249,19401.0,17538.2,1536.0,34313.0,168.0,38723.3,6738.0,24.0,13,10,1,1,2,272000,1,1,1.0,1,94643.15,143000.0,1727.0,16455.0,30188.75,101385.0,87.0,3,7120.0,24848.73,30186.0,6,42,31538.0,141224.04,297042.16,42,65,54365.0,Y,167.9,current,M,46,MEDIUM,15.600000000000001,3,268.0,1,17.0
9404,10063,6792.0,33514.0,2923.0,18633.29,10945.09,29787.965,233.0,8.0,99,13,24,1,56,150000,1,1,1.0,1,61186.36,104270.0,300500.0,1931.0,13665.0,26960.0,10.0,5,497836.0,61110.0,31986.0,31,171,40323.0,4016.2,57421.0,2,10,21100.0,Y,15199.51,current,F,33,LOW,3.9000000000000004,8,698.0,1,12.0
9405,16201,325041.0,26472.01,2998.53,5497.34,17010.0,1078.0,3751.0,6.0,23,49,24,2,2,518000,1,1,1.0,1,137553.95,93.35,130000.0,3735.0,35730.37,18863.0,43.0,4,46422.0,41890.0,13460.0,1,82,20200.0,87480.5,8114.0,14,65,156363.0,Y,2844.1,current,M,35,MEDIUM,7.5,10,683.0,1,12.0
9406,2431,141415.0,6665.24,717.0,17819.58,1179.0,4087.0,8363.88,10.0,32,4,48,3,8,290000,1,1,1.0,1,13180.0,25404.0,8060.0,7478.0,71952.49,17796.0,89.0,2,13493.0,27688.58,74184.0,17,82,24495.0,85296.53,645105.75,2,13,16522.36,Y,31014.61,current,M,222,MEDIUM,161.60000000000002,1,911.0,0,2.0
9407,13794,8412.0,7386.5,18698.0,23030.0,4636.52,49746.41,2935.0,57.0,7,67,4,51,6,143000,1,1,1.0,1,21511.8,61022.63,25524.0,6916.0,225933.41,41913.0,11.0,2,87127.0,100140.0,15723.0,43,8,63993.0,75882.4,98584.59,6,39,60879.0,Y,11088.2,saving,F,29,MEDIUM,3.6,3,737.0,1,9.0
9408,11757,2037.0,4327.15,3087.9,43771.48,496.06,41743.0,3053.0,67.0,99,47,17,3,81,75000,1,1,1.0,1,12010.0,446457.0,508.0,-5439.0,11256.31,38325.1,42.0,3,42315.0,166641.35,16625.53,1,14,26494.0,139443.0,100824.76,3,22,50000.0,Y,5642.53,current,M,62,LOW,42.0,4,799.0,1,4.0
9409,8400,10105.0,16976.52,2562.0,5175.44,14799.97,12386.905,5296.0,7.0,43,2,57,4,26,199999,1,1,1.0,1,52209.5,19721.85,100000.0,903.0,165986.22,38719.0,91.0,26,29485.0,45292.0,45474.08,2,8,20724.0,296508.0,44229.0,6,9,88978.0,Y,4978.08,saving,F,33,LOW,13.0,1,653.0,1,17.0
9410,10786,176371.0,4673.96,196.0,61016.0,1824.0,8028.0,164.01,32.0,66,30,4,5,4,102000,1,1,1.0,1,825.0,52985.43,8333.0,553.0,49863.0,61665.62,10.0,2,26081.0,7235.21,176521.0,2,108,24228.0,30008.98,226783.0,58,24,102126.0,Y,3486.1,current,M,33,MEDIUM,7.800000000000001,5,647.0,0,6.0
9411,19532,1890.0,852.0,3892.0,3592.72,12523.4,8877.0,758.0,531.0,26,16,20,9,6,124000,1,1,1.0,1,111.4,12971.0,14754.0,6916.0,11218.81,82080.48,16.0,3,43358.0,13030.58,44305.5,9,12,28447.89,20901.59,6723.0,49,50,29171.0,Y,6405.52,current,M,42,MEDIUM,22.0,6,445.0,1,3.0
9412,12301,129224.0,10837.5,170145.95,1878.5,1939.0,3592.15,918.93,1.0,29,82,5,21,1,330000,1,1,1.0,1,27324.0,121927.8,25524.0,2351.0,100342.24,185852.0,12.0,1,26087.0,29192.56,118631.0,11,20,15633.0,7837.23,73762.25,6,63,97062.0,Y,174.66,current,M,66,LOW,32.2,8,233.0,0,12.0
9413,6070,12927.0,10917.0,2163.6,9753.89,28137.35,34017.96,7274.0,25.0,3,3,8,25,34,75000,1,1,1.0,1,1466675.0,1024477.47,68000.0,3897.0,25348.5,131822.74,42.0,3,12057.87,127550.21,47417.0,9,4,71614.0,55413.72,26555.0,36,11,48649.0,Y,27955.06,current,F,42,MEDIUM,13.200000000000001,5,486.0,1,16.0
9414,6244,207254.0,9454.5,12931.83,971.0,5735.54,25862.0,2684.5,100.0,1,38,17,38,8,267000,1,1,1.0,1,65887.8,25404.0,8929.0,5340.0,26850.25,289.76,147.0,0,24226.0,33457.01,92529.0,2,7,26645.0,28859.96,12402.0,6,32,33913.0,Y,559.5,current,M,30,LOW,9.0,3,626.0,1,10.0
9415,11873,173520.0,4748.51,1811.0,5365.88,4504.87,23449.0,17045.0,136.0,3,38,3,9,4,114000,1,1,1.0,1,40440.4,53749.0,500718.0,3897.0,16070.84,28889.0,6.0,36,28000.0,26926.27,56453.0,0,25,36341.0,22836.24,80056.0,42,18,15300.0,Y,8542.13,current,F,28,HIGH,7.2,6,245.0,1,11.0
9416,4347,786.0,2944.465,11166.0,24156.91,3572.1,16416.24,1686.48,43.0,25,23,2,11,10,564000,1,1,1.0,1,102494.2,121927.8,5797.0,5340.0,60414.11,59311.0,29.0,0,64091.0,16687.24,19332.0,3,171,43140.0,183956.07,48732.0,11,6,98100.0,Y,1544.12,current,M,30,MEDIUM,1.0,7,805.0,0,3.0
9417,5818,310368.0,12529.95,1221.0,23324.0,21899.2,11418.0,27822.0,26.0,65,10,1,8,13,190000,1,1,1.0,1,28844.0,158000.0,594.0,0.0,8381.0,20933.0,16.0,1,139086.0,1046.0,157613.0,11,75,48681.0,161149.04,23643.33,6,32,33019.0,Y,401.47,current,M,39,HIGH,11.4,9,593.0,0,15.0
9418,14083,11595.0,10773.79,6162.0,33163.0,5251.0,8613.77,1129.52,5.0,26,1,2,6,25,109000,1,1,1.0,1,506688.65,970000.0,5591.0,8572.0,19866.88,23756.0,10.0,4,34615.0,100295.86,76552.0,1,8,21262.0,9946.14,10174.0,2,7,19858.0,Y,11131.41,current,F,29,LOW,8.1,4,801.0,1,11.0
9419,12196,3030.0,4054.0,1448.8,10218.81,2516.0,9473.0,1046.0,80.0,8,64,2,25,42,144000,1,1,1.0,1,811.0,67555.67,610000.0,2351.0,31798.96,28768.0,4.0,3,37404.0,41680.24,102594.25,1,7,27018.0,63229.59,20529.0,4,83,27608.0,Y,3234.36,current,M,37,MEDIUM,1.7000000000000002,1,914.0,1,20.0
9420,949,15792.0,8140.01,4511.0,10404.34,5401.0,2864.0,3854.0,17.0,6,10,2,60,56,319000,1,1,1.0,1,9624.6,64491.0,100000.0,5340.0,47190.39,95024.0,46.0,0,59946.0,11946.0,200074.0,6,20,31060.0,9453.31,90855.0,5,42,87500.0,Y,14540.8,current,M,34,LOW,2.8000000000000003,2,708.0,1,8.0
9421,7415,12234.0,9318.98,967.0,3270.74,6324.19,1235.0,4262.0,17.0,61,50,3,1,6,190000,1,1,1.0,1,4140.0,617203.09,2019.0,5340.0,80869.75,44398.27,42.0,6,29880.0,41183.49,114450.5,3,8,45991.0,60495.25,137985.99,11,52,16723.0,Y,454.8,current,M,47,LOW,21.6,6,924.0,0,15.0
9422,15780,6127.0,14735.0,34714.0,10207.11,39467.74,4649.15,779.0,14.0,29,13,5,1,8,564000,1,1,1.0,1,12869465.0,253000.0,5591.0,4889.0,40173.73,49746.0,23.0,3,25794.0,61768.21,97705.0,3,82,21060.0,7723.05,37341.0,3,83,66817.0,Y,5393.11,current,M,33,HIGH,2.6,3,653.0,1,10.0
9423,15384,2487.0,6503.14,1408.0,10596.52,19091.01,6464.0,37509.0,124.0,85,3,47,2,62,138000,1,1,1.0,1,1641785.0,900000.0,12560.0,-6281.37987999999,16592.89,90424.44,69.0,13,66528.0,147503.6,164790.0,43,9,138651.0,23765.19,19957.0,11,32,32429.0,Y,2706.22,current,F,62,MEDIUM,37.800000000000004,7,658.0,1,11.0
9424,13889,7125.0,47809.64,16131.07,23662.04,10005.0,4878.875,2459.0,4.0,3,3,42,18,17,326000,1,1,1.0,1,33784.35,17000.0,2214.0,1954.0,71603.32,26252.0,52.0,31,24296.0,10021.17,94880.0,43,11,23417.0,17781.0,42003.13,14,11,51106.0,Y,2.82,saving,M,34,MEDIUM,9.8,5,748.0,1,16.0
9425,6574,18406.0,12162.3,11327.9,49359.04,3050.9,872.0,3800.79,1.0,99,35,8,3,58,402000,1,1,1.0,1,3299447.136,12257.0,13873.0,1444.0,17409.79,125839.0,48.0,26,27954.0,39708.12,28370.0,6,11,20227.0,5915.0,35132.12,12,75,38322.0,Y,96.63,current,M,34,MEDIUM,5.6000000000000005,6,595.0,1,10.0
9426,10545,324402.0,8886.68,9172.0,1451.0,5123.0,28571.03,2217.0,44.0,34,13,1,6,30,98000,1,1,1.0,1,48264.0,82907.34,11545.0,-4679.0,105470.37,29186.0,6.0,2,88815.0,57463.28,98808.0,2,8,7476.25,67563.61,165751.0,5,11,14570.0,Y,141479.73,current,F,33,HIGH,1.3,10,315.0,1,6.0
9427,10254,9574.0,38993.54,2440.85,36099.4,337.92,8040.05,11346.0,66.0,23,61,25,18,6,16000,1,1,1.0,1,50550.5,19129.94,33774.0,17397.0,30134.21,45881.0,55.0,2,49507.0,12352.0,14931.0,2,1,87332.0,25878.0,14246.0,40,14,25805.0,Y,1562.35,current,M,63,MEDIUM,21.5,10,805.0,0,6.0
9428,1668,7285.0,1719.39,18478.75,16931.54,1545.0,21030.71,9335.0,26.0,128,49,48,5,44,519000,1,1,1.0,1,293418.75,464261.6,4367.0,5439.0,36167.79,23766.0,18.0,6,2150.0,36589.87,59007.91,8,25,37683.0,30485.07,87923.83,40,52,79000.0,Y,2132.59,current,F,49,MEDIUM,8.700000000000001,2,620.0,1,2.0
9429,15177,12761.0,12564.5,6189.05,48901.62,6279.0,3633.0,3331.0,24.0,26,87,5,2,55,20000,1,1,1.0,1,223000.0,43397.0,48950.0,3983.0,82.25,219671.28,20.0,4,36753.0,58731.55,53389.0,2,81,29941.0,233986.35,138213.02,14,24,26595.0,Y,1237.82,saving,M,47,LOW,5.4,5,683.0,0,15.0
9430,12541,2845.0,9480.0,25408.52,4184.72,18693.0,501.0,637.0,53.0,84,64,4,3,81,202500,1,1,1.0,1,54201.87,152664.0,10973.0,5730.0,45276.14,1663.0,39.0,2,60029.0,26072.72,13411.0,2,5,103368.98,109550.42,42185.0,94,52,25835.0,Y,8388.56,current,M,28,MEDIUM,2.4000000000000004,6,506.0,1,6.0
9431,3714,166858.0,3423.85,693.5,8835.87,33111.0,5164.15,1581.0,3.0,23,50,8,55,26,336000,1,1,1.0,1,1488748.8,109000.0,50000.0,9415.0,31719.0,318987.0,46.0,13,31568.0,22441.63,32412.0,0,81,68762.72,37052.5,122916.0,16,27,52653.0,Y,24140.92,current,F,40,MEDIUM,20.0,10,466.0,1,17.0
9432,18469,18185.0,5768.5,5256.0,4621.5,1255.0,1685.0,9863.68,136.0,26,53,10,51,44,21000,1,1,1.0,1,4039029.9,39833.19,43798.0,0.0,73367.65,72754.14,10.0,2,10837.0,23483.0,46821.0,6,7,48471.0,86668.13,42654.0,58,6,27900.0,Y,1283.11,current,M,53,MEDIUM,13.200000000000001,2,658.0,1,7.0
9433,19373,301926.0,4010.5,763.82,6490.45,26607.0,1306.26,1048.66,5.0,1,3,3,51,5,199999,1,1,1.0,1,233727.15,64491.0,925.0,5730.0,79964.5,151397.0,18.0,5,47108.0,61054.13,51246.16,0,5,141361.0,48428.46,100658.0,8,8,12794.0,Y,1863.25,current,M,42,MEDIUM,13.200000000000001,3,245.0,1,16.0
9434,8625,1928.0,21034.3,34325.0,81060.05,3050.9,8695.0,4552.0,12.0,10,1,2,3,42,141000,1,1,1.0,1,153935.02,205032.06,2214.0,6441.0,29982.57,16535.0,18.0,2,46472.05,108747.29,44874.0,4,12,17994.0,32998.7,20166.0,21,3,25004.0,Y,96.73,current,M,60,LOW,20.0,5,867.0,1,15.0
9435,7663,13208.0,23055.0,15858.0,2536.72,1698.93,19972.1,1706.32,44.0,99,44,1,55,80,212500,1,1,1.0,1,9949.66,82907.34,1255.0,418.0,63828.32,31540.0,11.0,7,4053.0,75872.73,47378.5,2,20,54938.18,98062.16,57684.75,9,25,15868.0,Y,18717.09,current,M,28,LOW,4.0,4,508.0,0,8.0
9436,16594,8119.0,1751.44,12764.0,12575.0,4325.05,22673.0,11355.0,5.0,77,3,7,6,9,195000,1,1,1.0,1,48675.31,38173.0,16215.0,6885.0,22558.81,167461.24,42.0,26,16964.0,39794.64,75250.0,23,86,89691.0,6265.0,196078.8,2,104,40679.0,Y,13969.57,current,M,50,MEDIUM,30.0,10,958.0,0,12.0
9437,10495,7946.0,22235.73,30757.5,56219.64,6904.13,69451.0,10979.0,12.0,23,112,1,1,4,80000,1,1,1.0,1,270.0,82907.34,4895.0,-4664.0,147333.49,19424.0,0.0,30,270481.0,4227.83,100159.0,2,25,32822.0,110373.07,30575.58,14,106,141553.0,Y,2472.86,current,M,34,MEDIUM,9.8,5,762.0,1,18.0
9438,438,314306.0,21633.05,7388.0,4447.5,4564.0,5303.125,6653.0,124.0,9,47,5,3,3,520000,1,1,1.0,1,1104223.35,176487.6,5797.0,4150.0,26029.37,53500.0,2.0,1,59900.0,1441.0,116587.36,5,6,1644.59,10393.46,76528.0,21,18,20712.0,Y,217.78,current,F,35,LOW,13.5,10,505.0,1,5.0
9439,6926,390433.0,33477.0,10913.0,1664.0,963.24,6059.0,23629.3,4.0,4,19,3,31,1,518000,1,1,1.0,1,166331.66,177795.8,3850.0,20324.0,111817.83,96036.0,3.0,4,55746.0,15524.0,261209.41,5,1,32127.0,97791.02,24484.84,6,22,91000.0,Y,159.85,current,M,38,HIGH,1.8,7,805.0,0,11.0
9440,12374,402892.0,3941.33,736.0,10554.87,21210.66,11526.3,5400.0,2.0,22,35,3,11,1,225000,1,1,1.0,1,31845.5,110000.0,183999.0,-5998.43994,92058.99,11574.0,0.0,1,45654.0,41882.76,38527.0,11,82,67900.0,55567.64,153193.56,3,80,16682.0,Y,1618.99,saving,M,31,MEDIUM,8.8,8,700.0,1,7.0
9441,13390,3599.0,13234.93,1515.0,1113.0,7260.5,11755.69,3173.0,104.0,17,1,25,2,3,49999,1,1,1.0,1,811110.0,60481.0,550.0,5773.0,31894.55,56754.0,103.0,26,78736.0,191069.86,63991.11,5,50,11243.0,38883.5,74081.0,94,83,11903.0,Y,6793.09,current,F,47,MEDIUM,5.4,4,927.0,0,3.0
9442,4012,137.0,8837.34,9259.0,15089.0,4691.0,7729.0,1889.0,1.0,66,38,4,4,30,157000,1,1,1.0,1,124064.65,16000.0,49000.0,-6281.37987999999,84673.04,158975.11,24.0,0,15668.0,235324.01,41695.0,6,14,5458.48,2069096.0,58696.0,7,18,17239.0,Y,7416.12,saving,M,47,LOW,21.6,2,693.0,1,6.0
9443,9516,2598.0,11313.0,4850.0,14334.045,20587.0,998.68,4170.78,8.0,23,135,15,5,34,313000,1,1,1.0,1,58121.25,138017.0,1143.0,-6885.0,46086.75,40590.87,50.0,2,67706.0,52034.17,108371.0,2,50,94102.0,60976.52,29536.0,6,106,26817.0,Y,4168.58,current,M,33,MEDIUM,11.700000000000001,3,314.0,1,19.0
9444,17751,7950.0,5174.5,876.35,22363.69,731.0,2546.155,609.2,92.0,13,61,53,2,56,114000,1,1,1.0,1,360978.37,170989.0,1633.0,-6281.37987999999,19229.43,3245.0,11.0,5,148165.0,26460.68,40203.0,2,50,17200.0,61055.5,49378.0,40,12,56120.0,Y,5009.94,current,M,222,MEDIUM,80.80000000000001,5,922.0,0,11.0
9445,4501,130708.0,22299.1,8193.0,19276.41,4753.5,4363.85,2229.0,8.0,32,60,11,44,70,112000,1,1,1.0,1,21745.0,51531.0,24619.0,-6885.0,34718.73,41289.11,67.0,1,30864.0,8181.62,60664.0,4,70,24463.0,25383.25,152133.0,22,83,129004.0,Y,1099.22,current,F,66,MEDIUM,9.200000000000001,5,685.0,1,19.0
9446,5024,95551.0,14372.0,5527.03,16617.96,1945.13,4334.0,215.02,7.0,2,1,2,2,47,400000,1,1,1.0,1,13732.93,1187335.5,3975.0,0.0,181.29,3229.0,4.0,5,82.91,194303.51,39590.0,2,108,29471.0,14769.69,27288.0,22,79,54714.0,Y,5378.33,current,M,39,HIGH,7.6000000000000005,9,713.0,0,9.0
9447,4828,17996.0,40341.27,4941.84,27381.0,368.0,2997.0,7010.0,2.0,10,38,2,3,2,371000,1,1,1.0,1,34443.0,917881.54,766.0,0.0,63811.6,60705.16,11.0,3,55412.0,24798.99,102460.0,2,24,28923.0,12886.97,49349.0,3,12,37398.0,Y,3327.38,current,M,47,MEDIUM,27.0,10,653.0,0,14.0
9448,5303,20255.0,5215.11,3999.0,6886.3,2919.0,4310.0,1012.0,4.0,601,11,35,2,13,164000,1,1,1.0,1,417.0,326326.9,508.0,19765.0,14275.88,57165.0,42.0,1,20832.19,5915.0,78169.06,45,108,42968.0,64996.57,90.0,40,7,17621.0,Y,1934.96,current,M,39,MEDIUM,13.3,1,746.0,1,8.0
9449,10672,7710.0,19267.11,6526.0,2147.93,2716.01,1720.425,10250.0,7.0,47,2,8,7,55,290000,1,1,1.0,1,977377.25,121927.8,90525.0,3735.0,20775.0,64159.0,11.0,1,16245.0,8229.69,52222.49,2,63,5603.0,56820.42,19550.26,5,1,60583.0,Y,138193.3,saving,M,38,MEDIUM,7.2,8,270.0,0,2.0
9450,14293,10264.0,3335.51,858.0,35607.73,8897.0,49302.0,6509.0,1.0,10,13,15,27,4,129000,1,1,1.0,1,10008.0,234459.4,50000.0,2351.0,20481.25,21821.0,11.0,4,23434.0,306402.27,42269.0,4,34,40502.0,11309.76,249217.0,2,49,19939.0,Y,3125.0,current,M,25,LOW,1.5,4,486.0,0,5.0
9451,10085,5108.0,16949.56,2651.0,61805.28,1204.0,1985.775,833.22,1.0,18,9,3,2,47,263000,1,1,1.0,1,89294.6,470000.0,30071.0,1931.0,59041.2,47189.0,62.0,1,14599.0,16697.71,48616.4,4,82,296000.0,13798.9,31932.13,58,28,9640.0,Y,12190.88,current,M,47,MEDIUM,8.1,6,802.0,1,11.0
9452,6249,343968.0,1057.95,1940.0,15342.82,20838.01,9722.0,167311.0,17.0,14,46,50,7,2,98000,1,1,1.0,1,50550.5,62606.0,6000.0,5350.0,24807.35,24338.0,6.0,3,36759.0,56006.5,592556.1,0,5,19019.0,51030.0,18926.0,62,24,162.38,Y,81153.22,current,M,33,MEDIUM,13.0,6,370.0,0,8.0
9453,8957,97891.0,2089.0,27835.0,15645.24,5047.0,3563.575,3535.0,19.0,8,13,3,3,56,784000,1,1,1.0,1,53374.97,2436.91,73217.0,553.0,30776.17,420164.0,16.0,0,32331.0,20430.0,28597.0,47,8,41177.0,126814.06,54445.0,6,13,65428.0,Y,4412.02,saving,M,62,MEDIUM,42.0,10,503.0,0,11.0
9454,8585,16458.0,12233.97,5709.0,18024.63,4284.0,3846.0,233384.0,6.0,18,35,60,7,6,272000,1,1,1.0,1,28482.5,93.35,18389.0,8572.0,23216.95,154070.5,11.0,31,39031.0,14915.97,47627.0,6,23,23849.51,22885.64,51600.6,4,25,11713.5,Y,3925.98,saving,F,55,LOW,31.5,4,658.0,1,20.0
9455,18277,4437.0,25245.61,763.0,7448.435,7170.0,29989.22,3501.5,1.0,5,20,6,2,20,302000,1,1,1.0,1,137260.8,273221.0,536.0,2351.0,25773.0,6579.0,4.0,1,44013.0,84127.98,8388.0,9,20,75980.0,303656.02,32922.0,47,0,490221.0,Y,6941.16,current,M,37,MEDIUM,15.3,10,516.0,1,11.0
9456,7374,87203.0,2202.59,7664.15,5856.82,5209.75,8261.0,18487.0,6.0,1,13,3,5,11,156000,1,1,1.0,1,140262.4,624742.27,48500.0,12174.0,42225.25,12163.0,55.0,4,26353.0,36575.0,26596.0,17,29,23349.0,40837.58,18095.0,5,3,40673.0,Y,2602.22,current,M,33,LOW,7.800000000000001,7,259.0,1,7.0
9457,18030,10362.0,6135.0,1677.02,2604.5,2553.28,9130.6,6504.0,2.0,8,87,60,2,8,366000,1,1,1.0,1,19265.4,24703.0,8417.0,6409.0,81409.03,78814.0,7.0,15,18276.0,20833.75,61281.0,2,70,40785.0,92280.0,98348.0,49,32,19939.0,Y,261.01,saving,M,47,MEDIUM,8.1,3,324.0,0,9.0
9458,10138,29850.0,5424.72,6137.6,3910.0,6548.0,9180.0,3049.0,18.0,84,4,2,17,11,565000,1,1,1.0,1,1488748.8,500000.0,20887.0,1931.0,24448.0,106770.5,95.0,6,16854.0,281335.85,57402.59,1,81,28963.0,115526.88,116209.0,4,57,27389.0,Y,2715.34,saving,M,32,MEDIUM,6.0,8,324.0,0,15.0
9459,10326,115196.0,11250.46,10932.25,12803.2,1968.0,7376.5,2836.0,100.0,29,105,1,12,3,369000,1,1,1.0,1,825.0,152391.0,610000.0,844.0,362701.81,22563.0,11.0,26,30056.0,14701.9,8588.0,5,7,18767.0,40377.0,94545.0,19,83,129500.0,Y,599.52,saving,M,50,MEDIUM,15.0,9,454.0,1,8.0
9460,13056,245114.0,3498.9,4194.0,15720.6,5435.92,13808.0,2826.13,531.0,1,5,2,11,1,204000,1,1,1.0,1,28482.5,17000.0,73217.0,1332.0,38545.86,4077.0,72.0,35,32979.0,82687.35,33984.0,5,82,25655.0,49355.01,328882.83,3,63,31068.0,Y,2950.65,current,M,32,MEDIUM,12.0,9,928.0,1,14.0
9461,18691,3840.0,30362.77,2008.69,12306.0,1687.5,17874.0,3098.0,6.0,34,59,1,2,2,329000,1,1,1.0,1,115818.74,117890.0,1018.0,12299.0,107245.53,28435.0,77.0,0,92905.0,14446.98,3364.0,2,20,16000.0,44849.83,27352.27,13,106,44289.0,Y,4640.92,saving,M,32,LOW,12.0,3,606.0,0,10.0
9462,4716,17730.0,9213.44,14851.0,14892.0,9046.02,860.0,367.0,6.0,128,84,1,18,55,263000,1,1,1.0,1,111.4,110000.0,54101.0,5439.0,52777.25,44997.0,22.0,31,19827.0,52180.0,20327.5,4,81,136052.0,343.35,77999.0,3,103,166970.0,Y,134773.51,current,M,40,LOW,20.0,3,466.0,1,19.0
9463,8951,11915.0,81335.31,34247.53,22004.64,3774.0,8509.73,3558.52,2.0,19,87,3,25,8,198000,1,1,1.0,1,34443.0,88482.8,25000.0,-3625.0,45917.47,37114.5,24.0,4,32741.0,58039.89,29798.0,5,20,16378.71,62420.0,45545.0,7,80,19869.0,Y,99.11,saving,M,66,MEDIUM,36.800000000000004,9,574.0,1,16.0
9464,9195,11381.0,23350.47,12764.0,7708.0,12169.57,7839.5,3713.0,531.0,10,35,48,36,1,167000,1,1,1.0,1,111.0,77000.0,536.0,-6301.0,284887.67,18441.0,63.0,36,27200.0,43826.93,518583.0,70,35,5603.0,37182.0,136081.0,2,42,22733.0,Y,8559.88,current,M,56,MEDIUM,28.8,4,448.0,1,15.0
9465,19361,15510.0,30603.54,3016.0,6372.5,3031.04,3211.0,1132.04,8.0,5,10,10,36,54,533000,1,1,1.0,1,1865892.0,482.6,2019.0,5730.0,9121.0,23414.0,35.0,1,27757.0,42321.23,33081.0,5,108,25655.0,15648.76,143165.0,18,18,14563.0,Y,1116.15,current,M,32,MEDIUM,6.0,4,766.0,1,16.0
9466,2413,143.0,1357.44,15164.02,34715.58,8642.0,11720.415,7675.23,4.0,1,29,1,25,64,414000,1,1,1.0,1,166331.66,200926.0,711.0,-12179.0,69397.02,86462.0,16.0,3,90048.0,19068.72,40961.0,45,40,14350.0,36267.26,481.29,5,49,23409.0,Y,5677.77,current,M,27,MEDIUM,4.9,10,534.0,1,20.0
9467,13171,290378.0,909.92,3690.13,20588.49,436.0,7252.4,903.0,24.0,6,16,1,18,79,784000,1,1,1.0,1,27316.5,16000.0,14904.0,6441.0,22317.72,72179.0,95.0,1,21497.0,92407.73,5074.0,2,20,15440.0,15642.0,22611.95,7,120,17775.0,Y,5503.63,current,M,62,MEDIUM,21.0,3,511.0,0,15.0
9468,3784,388572.0,3844.43,1916.9,5990.95,4668.47,6790.0,1680.36,5.0,7,4,42,15,98,199999,1,1,1.0,1,960000.0,37000.0,12016.0,3983.0,104092.88,102026.91,42.0,2,80026.0,67205.09,116856.36,2,38,24598.0,52394.08,43745.5,2,15,33949.0,Y,2783.46,current,F,34,LOW,12.600000000000001,8,385.0,0,13.0
9469,1672,17285.0,35002.31,676.4,9634.0,17069.0,27132.0,9368.0,7.0,34,87,10,1,13,410000,1,1,1.0,1,26335.7,75000.0,20000.0,553.0,11660.25,13795.0,69.0,35,11715.0,91850.24,166350.49,2,63,67691.0,10183.56,32780.0,12,61,16436.0,Y,2644.15,current,M,47,MEDIUM,5.4,1,503.0,1,20.0
9470,6320,16868.0,23255.68,6866.0,20434.59,440.51,8536.21,1247.43,1.0,36,67,8,38,11,255000,1,1,1.0,1,11073.0,87578.0,45000.0,0.0,40540.8,82471.0,63.0,35,19424.0,21318.89,71336.0,0,6,230.0,72595.75,94629.0,5,10,19038.0,Y,3141.59,current,M,46,LOW,5.2,1,535.0,1,7.0
9471,674,9417.0,28129.88,8762.0,29653.89,12904.9,1771.51,5693.24,5.0,23,2,1,4,34,17000,1,1,1.0,1,72937.76,165970.9,96497.0,4314.0,88878.24,71800.96,5.0,4,94312.0,6930.0,26994.0,2,171,31750.0,5594.0,17297.0,2,50,32225.0,Y,3015.36,current,M,33,MEDIUM,5.2,10,299.0,1,2.0
9472,6465,81844.0,10012.9,13098.21,4781.0,299.01,14247.0,546.0,8.0,65,14,1,12,47,371000,1,1,1.0,1,68908.5,12971.0,4367.0,7478.0,107961.0,24225.0,6.0,31,20342.0,29530.44,27990.0,7,5,51874.0,41679.71,269492.0,19,39,19822.0,Y,1072.58,current,M,32,MEDIUM,2.4000000000000004,6,445.0,1,12.0
9473,18387,18949.0,4133.0,5061.0,24398.17,324.5,5055.48,8369.0,12.0,17,27,8,51,2,199999,1,1,1.0,1,270.0,182359.2,29542.0,-6885.0,27555.25,55986.38,37.0,5,49655.0,13780.5,126841.0,43,82,42600.0,38362.54,65257.5,7,120,28752.5,Y,649.44,current,M,53,MEDIUM,6.6000000000000005,7,448.0,0,2.0
9474,10911,340865.0,7848.0,2998.9,51572.0,3109.84,511.0,5328.0,92.0,10,64,2,1,79,156000,1,1,1.0,1,9784.1,375000.0,16114.0,3897.0,22909.4,24531.0,87.0,2,52780.0,112951.67,128785.5,6,104,270456.0,28562.87,6353.0,3,49,22724.0,Y,122383.3,current,M,34,LOW,4.2,1,710.0,0,11.0
9475,11332,8026.0,14710.66,12538.0,5383.13,6092.0,33258.0,354.0,1.0,23,47,47,4,47,173000,1,1,1.0,1,1581000.0,38928.0,230000.0,1079.0,83216.97,21844.0,0.0,1,5266.0,14631.01,339.0,1,59,31157.0,42569.28,7897.0,10,100,37201.0,Y,217.78,current,M,29,MEDIUM,6.300000000000001,4,314.0,1,18.0
9476,13218,19734.0,4962.0,2096.75,48901.62,12875.0,2444.0,232.0,2.0,4,74,8,18,1,371000,1,1,1.0,1,19265.4,77000.0,50000.0,2000.0,70259.66,32251.81,16.0,13,72191.0,23753.5,45343.0,6,5,25000.0,38669.25,16445.0,8,18,296209.0,Y,2406.08,current,M,33,MEDIUM,5.2,9,799.0,1,17.0
9477,3893,9127.0,8251.49,4162.0,2688.0,5764.04,18633.0,3365.37,531.0,36,35,1,1,13,371000,1,1,1.0,1,293418.75,117890.0,2156.0,1500.0,103335.78,69522.0,11.0,3,9722.0,24204.58,54296.0,2,25,28456.0,64327.16,90.0,3,39,30781.27,Y,6284.72,current,M,30,HIGH,10.0,10,865.0,1,9.0
9478,16778,27526.0,1372.42,852.0,8062.88,3106.25,8382.0,3766.71,24.0,23,16,3,46,79,375000,1,1,1.0,1,8209320.0,95081.0,2841.0,-5998.43994,129268.16,30738.0,7.0,4,10996.0,46459.0,21349.0,6,67,38955.0,92296.98,55157.0,2,103,27250.0,Y,27068.39,current,M,28,MEDIUM,1.6,9,566.0,1,20.0
9479,19035,303823.0,1041.0,5212.0,31928.38,6090.8,105628.0,16575.05,5.0,26,72,1,1,11,102000,1,1,1.0,1,3101.3,32000.0,891.0,-5715.49022999999,1247.0,42981.0,16.0,1,45620.0,58593.06,60443.51,3,4,20949.0,39911.06,66918.0,2,14,24276.0,Y,104770.2,current,M,46,MEDIUM,15.600000000000001,10,653.0,1,15.0
9480,5895,5856.0,9769.9,2910.0,20313.0,2101.0,33868.445,2647.42,4.0,81,9,1,55,1,371000,1,1,1.0,1,29424.37,356899.37,28913.0,3897.0,347.25,31516.46,40.0,36,93732.0,60823.06,88798.0,50,29,57645.0,47437.0,80618.0,14,8,5750.0,Y,3860.77,current,M,55,HIGH,28.0,5,683.0,1,15.0
9481,16547,18755.0,20122.38,2448.0,10331.12,14865.0,10619.0,2441.0,531.0,30,49,3,15,30,293000,1,1,1.0,1,120781.35,152664.0,25000.0,553.0,32111.25,125.91,46.0,30,18295.0,54979.95,55262.0,2,12,33873.0,12869.19,5131.0,2,1,15054.1,Y,5250.53,current,M,28,LOW,1.6,4,945.0,1,7.0
9482,18266,16550.0,32528.0,82893.0,13899.5,8980.91,6529.85,1911.0,15.0,5,19,1,36,8,507000,1,1,1.0,1,58928.67,393201.39,16215.0,-5439.0,32882.64,41233.0,11.0,7,41300.0,6921.47,42329.79,4,44,27884.0,46621.46,43206.5,6,106,37255.0,Y,5746.1,current,M,66,LOW,46.0,3,394.0,1,13.0
9483,6260,15361.0,36563.83,7008.0,28759.0,882.0,18274.0,2836.0,10.0,14,64,5,3,54,190000,1,1,1.0,1,4731.1,11000.0,6100.0,8723.0,5716.0,45302.0,147.0,3,22479.0,33445.0,25274.0,1,11,348255.0,62904.51,57636.0,5,11,24566.0,Y,9095.71,current,M,34,MEDIUM,8.4,4,737.0,0,15.0
9484,1729,6527.0,81335.31,222.0,10765.5,366.0,607.0,10493.0,4.0,99,50,3,3,55,307000,1,1,1.0,1,568.8,440000.0,643.0,167.0,52242.38,28373.75,42.0,4,55623.0,189521.18,31657.0,1,20,17246.0,597.0,105365.0,117,12,55660.0,Y,1395.23,current,M,63,MEDIUM,38.7,9,771.0,0,20.0
9485,8911,14527.0,4918.22,6069.0,884.0,36179.35,12363.77,26180.0,136.0,56,72,45,3,79,378000,1,1,1.0,1,83688.0,460000.0,1266.0,12174.0,74935.0,369031.0,11.0,3,103334.0,116441.0,7067.35,4,70,32851.0,3913.0,194792.59,42,11,24037.0,Y,12002.8,current,M,120,LOW,80.0,6,503.0,1,10.0
9486,12729,6788.0,2609.08,1356.0,10575.76,1297.84,25862.0,10931.0,2.0,66,84,50,11,58,167000,1,1,1.0,1,7089.7,30436.0,50000.0,5730.0,34242.0,18620.91,32.0,19,1035431.79,21060.5,47761.0,9,1,88260.0,48181.73,25627.0,49,10,11780.0,Y,4313.07,current,M,67,MEDIUM,14.100000000000001,2,558.0,0,17.0
9487,13821,336741.0,10107.38,14614.0,6115.89,3888.8,3474.755,1342.0,19.0,10,30,1,4,1,599000,1,1,1.0,1,306961.5,289469.58,22000.0,2921.0,90822.03,100256.0,1.0,33,28293.0,215799.39,111997.75,1,2,45348.0,36045.38,25133.0,11,42,34726.0,Y,14359.02,current,M,46,MEDIUM,20.8,8,268.0,1,13.0
9488,8263,389780.0,4202.47,3879.0,1113.0,3182.0,4261.0,6586.0,5.0,9,49,1,25,81,199999,1,1,1.0,1,67833.35,14000.0,12016.0,1079.0,176.2,43625.0,36.0,29,27731.0,92157.19,50793.66,3,20,45740.0,36476.0,22236.5,22,18,16990.0,Y,1332.18,current,M,118,LOW,58.800000000000004,10,713.0,1,14.0
9489,3405,1571.0,15180.89,10998.0,37053.89,38552.03,10686.42,2696.0,3.0,6,72,3,44,16,294000,1,1,1.0,1,12.19,230000.0,26241.0,553.0,54160.32,147348.0,16.0,15,15866.0,19430.47,40639.0,0,20,83821.0,138085.5,10403.0,117,12,11740.0,Y,12980.68,current,M,58,LOW,26.6,6,818.0,0,8.0
9490,457,10604.0,12530.25,2266.0,12743.12,17692.0,19919.0,651.0,136.0,3,3,21,1,98,362000,1,1,1.0,1,13279.75,399.09,51520.0,5340.0,4049.29,44765.67,91.0,0,230100.0,22939.0,69271.0,3,11,36129.0,21306.25,9753.0,1,103,26225.0,Y,13601.05,current,M,33,MEDIUM,6.5,8,631.0,1,18.0
9491,3524,576.0,78321.0,2270.4,9650.04,4055.02,4792.145,3903.0,92.0,23,16,2,9,5,375000,1,1,1.0,1,497317.93,992890.32,1611.0,14509.0,202865.97,30811.5,42.0,4,29175.0,146993.28,38384.36,2,44,38132.0,2471.25,160302.0,7,73,44874.0,Y,1615.51,current,M,32,LOW,1.2000000000000002,2,863.0,1,17.0
9492,2321,4232.0,2124.23,14565.0,5908.0,88209.03,13833.25,13271.0,1.0,10,23,18,17,1,518000,1,1,1.0,1,1859872.2,202560.0,1611.0,13135.0,11214.71,113157.91,12.0,4,168660.0,235469.0,32690.0,2,9,25578.31,20768.33,27619.0,6,50,18953.0,Y,1748.3,current,M,27,MEDIUM,2.8000000000000003,10,325.0,1,6.0
9493,2350,18755.0,2450.325,9979.0,4426.0,847.0,8536.21,11716.0,100.0,23,50,50,25,13,425000,1,1,1.0,1,65640.0,30453.0,300500.0,-5439.0,60047.12,37140.0,46.0,2,31820.0,97739.65,119421.0,3,24,43264.0,29902.62,39173.0,11,32,69467.09,Y,1941.95,current,M,37,MEDIUM,8.5,4,523.0,1,9.0
9494,2474,5019.0,3810.28,10087.0,586.0,1943.0,18566.5,2387.4,6.0,10,52,21,24,62,329000,1,1,1.0,1,347309.75,61022.63,492.0,5730.0,19254.34,115841.0,20.0,36,53000.0,11816.22,69844.0,11,81,15481.0,29975.94,21707.75,14,38,11202.12,Y,6472.59,current,M,28,MEDIUM,0.8,9,574.0,0,18.0
9495,1080,7953.0,1036.0,2453.0,1228.0,2233.0,4002.02,2912.0,44.0,31,4,2,6,2,293000,1,1,1.0,1,12869465.0,3651922.3,1036.0,26601.0,5650.25,9679.2,18.0,1,103278.0,38940.9,230841.0,45,5,207000.0,48190.61,27216.0,21,50,11740.0,Y,1893.93,current,M,62,HIGH,12.600000000000001,8,537.0,1,8.0
9496,17823,141392.0,5985.2,1459.0,6754.63,1717.0,24960.43,4016.0,1.0,10,50,41,18,1,520000,1,1,1.0,1,26335.7,6574.31,73217.0,3897.0,19302.06,98620.0,2.0,36,15794.0,141668.89,30711.0,70,11,37083.0,201952.17,66780.29,13,3,17183.0,Y,4037.92,current,M,36,LOW,16.0,5,801.0,1,9.0
9497,6111,318257.0,6601.0,1963.2,1384.87,2249.73,33056.0,4544.0,44.0,7,2,4,25,81,0,1,1,1.0,1,117168.65,51000.0,43798.0,6613.0,17251.56,99541.0,11.0,3,22535.0,149505.28,217000.29,9,6,109775.0,21385.11,66219.0,8,12,94229.06,Y,2295.55,current,M,66,MEDIUM,32.2,8,958.0,0,18.0
9498,12666,12304.0,7277.08,5004.0,14738.0,7717.0,2425.53,779.0,124.0,19,67,19,15,80,152000,1,1,1.0,1,4500.0,1475000.0,15654.0,418.0,39172.0,69510.0,42.0,5,50806.0,44914.57,39661.0,0,5,34589.0,115337.64,18860.75,4,13,18074.62,Y,1173.1,current,M,34,MEDIUM,8.4,1,447.0,0,8.0
9499,2177,15177.0,19258.32,3260.0,1878.08,3399.4,8006.0,3096.1,3.0,84,16,30,51,1,130000,1,1,1.0,1,2184.0,65480.0,8060.0,19765.0,16810.87,61560.0,7.0,2,39543.16,62827.81,102113.0,2,13,41059.44,4930.0,158148.58,5,104,1144.0,Y,15468.83,current,M,44,MEDIUM,19.200000000000003,2,424.0,1,5.0
9500,7573,8986.0,12494.1,1150.0,2220.23,20221.0,16157.045,4985.0,59.0,93,16,2,12,1,54000,1,1,1.0,1,10006.2,116533.0,20000.0,20513.0,9760.48,26960.0,77.0,0,64699.0,34069.71,58568.0,4,108,22759.0,63343.25,42484.54,36,100,14250.0,Y,3451.49,current,M,35,MEDIUM,10.5,4,796.0,0,20.0
9501,11644,3566.0,6087.28,3552.5,37833.48,5720.43,1936.4,11893.0,24.0,43,5,25,27,1,287000,1,1,1.0,1,20049.0,33700.0,130000.0,6613.0,32663.75,29890.82,77.0,2,13703.0,28959.54,168012.77,1,12,12124.0,47432.73,26084.56,14,1,1500.0,Y,7229.19,saving,M,46,MEDIUM,23.400000000000002,4,700.0,1,17.0
9502,13409,1381.0,3543.5,3117.0,2674.0,1468.0,94865.54,12464.0,1.0,1,1,24,15,14,400000,1,1,1.0,1,272677.25,15036.0,2644.0,-5439.0,35670.0,38174.0,16.0,7,68714.0,48075.25,43040.0,43,8,34589.0,23060.28,51247.29,2,39,58491.0,Y,1391.24,current,M,38,MEDIUM,7.2,4,505.0,1,11.0
9503,16792,6567.0,30561.42,18225.0,4633.0,2113.85,3546.0,1882.0,12.0,18,74,20,9,39,519000,1,1,1.0,1,510.6,15957.0,2644.0,-6885.0,11106.94,54676.5,10.0,36,33210.0,14111.75,369090.0,5,24,19703.0,19358.81,314068.0,1,0,32390.0,Y,14187.39,current,M,36,LOW,1.6,2,595.0,0,19.0
9504,6659,9657.0,48573.14,10503.05,2138.38,4381.0,2740.5,342.0,4.0,3,32,53,31,58,406000,1,1,1.0,1,4930.2,25404.0,183999.0,2921.0,14544.22,35252.91,18.0,36,34957.0,27776.5,120296.8,31,26,87332.0,128446.71,50158.0,4,40,156000.0,Y,4575.39,current,M,34,LOW,7.0,1,867.0,1,12.0
9505,34,11211.0,293.42,1757.0,7579.88,4578.0,3807.65,9089.0,14.0,128,4,22,1,1,340000,1,1,1.0,1,291969.2,157000.0,678.0,7478.0,175194.15,116360.0,10.0,13,33656.0,14611.01,27898.0,3,20,6660.0,15215.0,22463.0,6,63,47454.0,Y,3125.0,current,M,34,MEDIUM,5.6000000000000005,6,330.0,0,12.0
9506,10511,11654.0,1181.4,4731.67,1642.81,1524.6,22417.0,9530.01,26.0,10,19,10,25,47,307000,1,1,1.0,1,10006.2,992890.32,610000.0,553.0,68762.44,51921.0,43.0,36,22103.0,38192.42,30491.13,35,44,51924.0,48979.85,134374.0,3,18,30435.0,Y,6327.0,current,M,60,LOW,20.0,2,558.0,0,3.0
9507,16865,12659.0,17055.0,5311.0,13514.31,9757.34,8239.5,3011.52,3.0,128,3,15,3,12,467000,1,1,1.0,1,306961.5,118976.0,51520.0,20513.0,86561.69,18580.0,4.0,7,46800.0,21825.0,28804.0,17,171,28295.0,790150.48,140997.04,3,1,39753.0,Y,1538.92,current,M,30,LOW,6.0,10,647.0,1,7.0
9508,15039,16735.0,14723.44,3546.98,42782.07,911.41,2783.8,5237.0,3.0,30,13,2,2,1,25000,1,1,1.0,1,39851.93,10767.53,155205.0,1500.0,55261.52,9158.0,11.0,7,26278.0,118198.75,114910.0,11,12,39351.0,39870.0,16606.0,2,106,29050.0,Y,1916.06,current,M,30,HIGH,9.0,5,394.0,0,10.0
9509,8369,538.0,44500.07,836.4,6707.31,8094.0,8465.485,2043.3,100.0,36,89,82,12,47,366000,1,1,1.0,1,2984.1,617203.09,787.0,6885.0,149959.0,133533.0,32.0,26,11614.0,10515.0,97700.0,43,23,27736.0,10621.0,131292.0,5,113,87706.0,Y,11203.96,current,M,53,MEDIUM,13.200000000000001,3,538.0,1,15.0
9510,7,6197.0,3566.23,388.0,13512.8,7688.71,3556.035,517.0,6.0,3,11,15,27,30,303000,1,1,1.0,1,10008.0,12000.0,787.0,844.0,16500.38,23865.0,20.0,30,28825.0,60866.63,9736.0,23,69,33318.0,45528.24,34183.81,11,8,78897.0,Y,1321.78,saving,M,33,MEDIUM,6.5,1,805.0,1,19.0
9511,7368,333646.0,33753.15,972.0,2174.0,13842.14,2867.0,1085.0,4.0,9,38,24,48,36,102000,1,1,1.0,1,6440.0,1084598.7,22000.0,2921.0,20935.7,137857.0,11.0,7,44500.0,159276.73,20877.0,50,12,104784.0,43272.14,10363.0,47,63,1017.0,Y,227.13,current,M,33,MEDIUM,13.0,6,743.0,1,20.0
9512,9188,5891.0,4917.0,2138.0,9213.0,3671.7,1456.0,2384.7,10.0,36,102,2,1,56,198000,1,1,1.0,1,94127.1,10701.0,105000.0,4314.0,84232.5,33307.61,67.0,2,15195.0,24115.25,36159.0,31,11,60328.0,136634.13,26468.0,3,68,32089.0,Y,4303.03,current,M,42,MEDIUM,13.200000000000001,1,464.0,1,15.0
9513,6233,632.0,51917.6,3106.0,1137.2,2155.0,530.04,877.0,25.0,18,48,17,56,54,402000,1,1,1.0,1,4720.0,273221.0,19176.0,4063.0,3369.25,142314.0,5.0,7,16594.0,45869.85,30477.36,1,24,47353.0,41973.58,167301.5,47,38,52651.0,Y,1086.13,saving,M,28,LOW,5.6000000000000005,7,394.0,1,6.0
9514,3202,13863.0,12554.44,6234.0,2412.03,9466.5,8476.0,1994.32,12.0,36,52,6,1,8,184000,1,1,1.0,1,15279.79,172678.56,78309.0,903.0,27323.71,20921.0,62.0,4,20248.0,109985.36,145211.0,6,8,21481.87,25616.25,194736.43,39,107,31069.0,Y,1230.25,current,M,67,LOW,18.8,4,708.0,1,19.0
9515,15580,9180.0,14541.92,1105.0,10420.35,16729.0,39321.0,3002.0,136.0,99,84,47,2,70,147000,1,1,1.0,1,13929.95,273221.0,100000.0,4856.0,21165.99,20050.0,1.0,7,80000.0,35428.01,5870.0,6,67,21195.0,5390.63,49806.0,4,42,32650.0,Y,1801.62,current,M,30,LOW,9.0,9,519.0,1,18.0
9516,1921,102433.0,33333.78,5347.85,2070.0,2313.17,75083.35,155149.0,4.0,9,14,1,3,39,267000,1,1,1.0,1,270.0,25404.0,24619.0,5773.0,58141.13,21231.0,3.0,1,71395.0,87005.75,89558.0,45,89,14441.0,21526.75,30320.0,4,10,15069.0,Y,36141.77,current,M,60,HIGH,28.0,2,485.0,1,3.0
9517,5449,7635.0,9469.95,7484.0,9716.06,9261.3,6714.375,3331.0,63.0,20,74,20,5,22,191000,1,1,1.0,1,18451.05,143000.0,3975.0,8572.0,42010.91,24558.0,67.0,17,24773.0,76060.07,165293.17,31,6,428.03,2394.0,62803.0,3,52,650.0,Y,3865.03,current,M,40,MEDIUM,20.0,1,394.0,1,15.0
9518,9257,9044.0,31839.26,780.46,31559.07,1284.0,1090.76,1969.0,1.0,23,4,5,1,6,50900,1,1,1.0,1,1112.4,242827.0,492.0,12415.0,34094.63,54808.0,40.0,5,17400.0,3578.07,265317.0,6,171,39654.0,35309.0,72398.5,11,50,19758.0,Y,162.5,current,M,47,MEDIUM,5.4,7,683.0,1,19.0
9519,12346,10898.0,6513.0,3072.0,21529.0,3712.0,1766.095,4544.0,53.0,23,6,44,4,10,70000,1,1,1.0,1,70310.6,31000.0,54101.0,-5715.49022999999,67087.97,20155.0,27.0,5,31914.0,75740.04,29798.0,43,108,1322.0,4326.0,39502.38,40,18,19777.0,Y,9.23,current,M,33,MEDIUM,11.700000000000001,8,812.0,1,17.0
9520,16781,13081.0,475.0,8762.0,31449.31,22262.63,5186.2,14038.0,531.0,46,14,1,12,79,402000,1,1,1.0,1,871.5,232524.0,100000.0,167.0,91366.82,51921.0,4.0,2,32400.0,24115.25,186142.0,3,108,38947.0,53815.01,15705.0,6,3,11376.0,Y,1032.51,saving,M,42,MEDIUM,13.200000000000001,9,506.0,0,2.0
9521,1498,8825.0,3790.0,4258.0,24588.78,3092.5,31995.0,8467.62,66.0,8,50,5,44,12,219000,1,1,1.0,1,26335.7,63173.17,15756.0,5350.0,81172.33,83241.95,3.0,0,54.74,278864.75,88078.79,2,82,64500.0,23978.25,16582.0,4,14,60165.0,Y,822.6,current,M,62,MEDIUM,42.0,10,274.0,0,11.0
9522,11000,4901.0,18748.64,4439.5,3498.0,4464.0,25626.0,492.0,29.0,10,50,1,1,80,533000,1,1,1.0,1,180615.02,51000.0,2500.0,1089.0,11343.32,16406.5,52.0,7,32266.0,35772.43,30200.0,9,4,14032.0,47432.73,100581.0,12,72,26143.0,Y,82.34,current,M,32,MEDIUM,12.0,4,583.0,1,12.0
9523,15792,6554.0,110044.85,2091.13,9843.08,65.0,3068.89,6069.0,44.0,23,32,48,21,1,17000,1,1,1.0,1,720551.4,36359.0,825.0,6885.0,40800.1,16807.0,79.0,19,29647.0,21301.92,25907.92,3,44,204000.0,91943.35,40247.79,40,24,55970.0,Y,5299.11,current,M,49,MEDIUM,8.700000000000001,9,485.0,0,8.0
9524,14909,12033.0,6927.85,5413.02,31106.0,3222.0,40934.0,4204.0,3.0,83,61,48,7,8,34000,1,1,1.0,1,551439.2,16671.0,49975.0,1992.0,30059.25,36602.0,68.0,19,267000.0,21618.0,54.0,4,5,70086.0,41762.6,45517.0,6,39,82910.33,Y,2601.39,current,M,29,MEDIUM,0.9,6,355.0,0,16.0
9525,7078,4373.0,17223.48,6615.0,4937.07,11695.11,1053.36,3800.79,53.0,10,38,48,4,16,232000,1,1,1.0,1,39851.93,13299.0,12337.0,1014.0,106520.25,126060.0,5.0,1,32009.0,97556.36,35553.0,2,9,43589.0,112695.81,13732.0,8,8,4321.0,Y,3143.57,current,M,61,HIGH,32.800000000000004,10,247.0,1,9.0
9526,5553,10929.0,2592.16,18340.0,5937.46,6952.98,11891.105,22520.0,1.0,43,46,5,2,6,167000,1,1,1.0,1,64410.0,208652.0,15477.0,-5998.43994,100848.8,31558.0,52.0,36,38317.0,13129.0,38532.2,0,108,90033.0,33078.79,39010.0,47,11,46922.0,Y,12645.31,saving,M,66,LOW,9.200000000000001,9,723.0,0,15.0
9527,8328,3551.0,5395.72,10349.29,18935.07,22179.82,9191.0,13780.0,6.0,1,3,5,7,1,100000,1,1,1.0,1,5809950.0,12257.0,5981.0,2921.0,15729.65,63543.0,67.0,26,59946.0,62241.17,25232.0,5,14,87332.0,120334.22,20796.0,3,38,32449.0,Y,8291.21,current,M,55,HIGH,35.0,2,424.0,1,17.0
9528,17574,10263.0,3611.5,765.95,3301.0,9318.7,3851.0,443.95,2.0,3,18,20,1,1,750000,1,1,1.0,1,15939.83,13299.0,22000.0,5340.0,805706.25,222100.0,11.0,0,38414.0,42446.35,222162.0,6,8,33082.0,5660.61,63308.0,6,58,14096.0,Y,2529.39,current,M,30,HIGH,3.0,4,626.0,0,7.0
9529,14101,11646.0,12133.78,10190.9,20282.61,8366.74,11056.0,1029.0,26.0,36,5,1,25,2,302000,1,1,1.0,1,328504.5,3342.51,19176.0,0.0,45114.99,28490.0,55.0,0,22103.0,56094.15,7733.0,45,31,30142.0,658.5,50152.25,3,7,46457.0,Y,2172.56,current,M,42,MEDIUM,13.200000000000001,6,755.0,0,6.0
9530,14455,392428.0,1125.1,555.0,24766.0,3400.0,1505.0,3877.52,124.0,10,1,8,5,80,302000,1,1,1.0,1,209110.5,12257.0,610000.0,2000.0,1214.52,105789.0,16.0,4,7821.0,67744.5,17829.86,7,59,22215.0,300438.5,47289.0,3,65,25826.0,Y,2161.22,current,M,34,LOW,12.600000000000001,3,268.0,1,6.0
9531,12564,19914.0,6430.85,7221.0,58931.2,1448.0,12380.0,4544.0,1.0,8,64,47,7,58,447000,1,1,1.0,1,9646.5,15395.48,69493.0,0.0,48525.47,142112.71,55.0,4,25794.0,1803.47,118589.0,9,6,20444.0,13092.0,38502.0,11,120,14687.0,Y,6437.48,current,F,40,MEDIUM,14.0,8,867.0,1,3.0
9532,13473,3115.0,8884.25,5462.1,4395.76,4400.9,14584.8,4869.0,92.0,5,14,1,1,2,85000,1,1,1.0,1,3101.3,46500.0,643.0,2921.0,150108.0,27279.66,24.0,19,19075.0,19227.01,79360.0,7,69,10615.0,31670.88,127564.0,47,11,34768.0,Y,905.84,saving,M,53,MEDIUM,13.200000000000001,9,658.0,1,13.0
9533,1836,206826.0,7496.265,356.0,16039.69,1403.0,1551.26,16186.0,10.0,46,135,26,25,54,381000,1,1,1.0,1,13849.4,429273.4,155205.0,977.0,40320.75,43861.65,2.0,26,155794.0,52280.92,65252.0,2,108,71.37,89493.53,21326.0,4,1,20726.0,Y,6937.62,current,M,33,MEDIUM,6.5,9,249.0,1,11.0
9534,19857,18863.0,11272.0,4260.0,5429.06,2847.0,10152.34,371.0,4.0,66,74,22,24,47,750000,1,1,1.0,1,20728.1,90829.65,14771.0,0.0,99571.73,238102.0,69.0,31,20171.0,58093.91,72483.0,9,13,32831.0,72870.8,39067.78,7,50,58363.0,Y,8477.94,saving,F,42,MEDIUM,6.6000000000000005,2,683.0,1,5.0
9535,13288,407200.0,3865.42,25330.02,53962.38,1019.0,627.52,1224.0,50.0,56,70,47,2,28,44000,1,1,1.0,1,1859872.2,190887.4,96497.0,-4324.0,45031.0,79381.53,147.0,31,76500.0,20173.0,86349.5,11,20,27820.0,59486.96,92366.0,9,57,11913.0,Y,73133.11,saving,M,62,MEDIUM,37.800000000000004,10,805.0,1,5.0
9536,3090,3468.0,18793.125,4750.0,7579.88,4555.0,7742.46,2942.22,16.0,66,50,24,25,42,49999,1,1,1.0,1,5809950.0,117890.0,2841.0,7984.0,51273.66,24917.0,22.0,1,119577.0,33531.11,24876.0,3,67,35558.0,41261.5,49314.0,2,32,46603.0,Y,16623.69,current,F,47,MEDIUM,5.4,1,771.0,0,8.0
9537,392,10939.0,4341.5,10021.0,774.0,248.9,1551.0,682.0,5.0,1,16,1,1,55,518000,1,1,1.0,1,29424.37,176487.6,6100.0,1500.0,60214.58,132016.0,94.0,36,22925.0,52.69,42935.0,3,20,14003.0,42119.05,2050.0,6,96,13381.0,Y,1503.89,current,M,64,MEDIUM,44.0,5,606.0,1,16.0
9538,19852,39113.0,4633.11,6946.01,17374.21,2193.0,22256.0,290.0,6.0,10,14,22,23,3,579000,1,1,1.0,1,201133.0,234459.4,3975.0,5730.0,507434.0,161568.3,16.0,26,60720.0,34444.28,71354.0,1,4,1327.0,92119.0,26364.65,93,80,44668.0,Y,25690.25,current,M,38,MEDIUM,10.8,8,464.0,1,18.0
9539,13294,19008.0,801.0,24296.26,1965.07,8929.9,2867.0,1003.26,6.0,43,50,6,26,54,212500,1,1,1.0,1,1417886.15,177795.8,4699.0,5340.0,24870.59,76914.0,46.0,4,40569.0,66471.0,45388.0,1,17,23948.0,30131.79,32041.0,94,63,21386.0,Y,602.7,current,M,53,MEDIUM,26.400000000000002,3,957.0,1,16.0
9540,3883,15100.0,19825.92,36242.82,3696.0,1204.0,1524.52,3526.4,6.0,30,135,1,1,4,98000,1,1,1.0,1,5383.25,390700.0,300500.0,8723.0,83864.48,723589.0,11.0,26,25833.0,133507.29,16589.84,45,50,23284.0,191493.82,60326.0,6,3,24191.0,Y,3267.6,current,M,64,MEDIUM,35.2,8,647.0,1,11.0
9541,4452,221341.0,42622.0,22319.0,3444.07,856.0,2572.0,1248.0,136.0,66,29,1,2,3,87000,1,1,1.0,1,510.6,2436.91,38599.0,5340.0,90323.4,19606.0,43.0,26,187504.0,14884.75,78392.8,30,89,9904.0,83154.0,120637.0,13,50,39938.0,Y,1920.57,current,M,58,MEDIUM,34.2,1,683.0,1,7.0
9542,13712,177582.0,1168.0,240.0,11212.25,3259.0,7970.465,164.01,3.0,42,4,22,1,47,575000,1,1,1.0,1,27730.68,64309.52,5797.0,10455.0,45917.47,289968.0,4.0,1,28248.15,11565.58,148243.0,1,14,15432.0,95457.09,35948.0,94,42,205641.0,Y,932.1,current,M,32,LOW,10.8,2,247.0,0,6.0
9543,9183,10755.0,8001.08,28035.0,513.0,12348.14,866.0,2904.0,5.0,29,87,24,2,14,66000,1,1,1.0,1,843123.5,470000.0,13873.0,1332.0,77069.25,45871.72,7.0,4,64160.0,37401.97,10239.0,3,27,27397.0,64579.4,34849.0,47,10,35697.0,Y,7229.19,current,M,46,MEDIUM,26.0,6,247.0,1,6.0
9544,7805,2721.0,1149.0,5512.0,774.48,8785.92,13459.965,607.0,7.0,10,67,2,18,56,326250,1,1,1.0,1,139323.25,46500.0,49975.0,6885.0,30008.22,10712.0,12.0,7,37548.0,61110.0,1207666.75,3,12,20502.0,108547.16,35327.0,3,11,30419.0,Y,4915.97,current,M,34,MEDIUM,2.8000000000000003,9,882.0,0,7.0
9545,7111,11034.0,4061.71,210.0,16846.66,3947.0,1748.0,2144.0,52.0,8,14,8,3,56,19000,1,1,1.0,1,165907.57,165000.0,11580.0,10455.0,63213.94,120750.0,29.0,7,33273.0,29677.75,83108.0,47,4,36000.0,90531.0,15962.39,3,6,14508.0,Y,2566.83,saving,M,33,HIGH,3.9000000000000004,1,454.0,0,5.0
9546,1203,9326.0,2711.0,36242.82,13883.02,4906.0,13674.0,514.0,2.0,22,10,30,14,42,193730,1,1,1.0,1,4110.0,227697.61,1097.0,277.0,8373.96,10647.0,18.0,3,971134.35,17114.68,199854.36,0,108,25211.0,61539.83,2413.33,5,75,15759.0,Y,4651.09,saving,M,66,MEDIUM,36.800000000000004,9,710.0,0,3.0
9547,276,26347.0,10689.7,874.0,17780.79,11183.0,3245.34,623.0,53.0,5,59,50,4,56,378000,1,1,1.0,1,46056.7,43394.0,25000.0,6916.0,15525.0,34417.0,62.0,7,19421.0,14576.36,35459.0,5,20,30404.0,276814.51,7292.0,4,7,32666.0,Y,2400.0,saving,M,40,LOW,20.0,2,123.0,1,2.0
9548,11641,20287.0,9814.26,4381.31,21880.26,1675.21,20182.55,5762.0,104.0,36,46,1,1,5,306000,1,1,1.0,1,24832.0,11897.0,1266.0,13135.0,22092.9,115746.0,103.0,1,4300.0,12499.69,20388.14,9,104,20581.0,97700.06,46805.0,62,58,58778.0,Y,984.17,current,M,33,MEDIUM,10.4,10,374.0,1,5.0
9549,17479,2516.0,10700.0,1986.0,5037.0,2663.0,35167.0,7334.29,44.0,8,72,18,25,98,17000,1,1,1.0,1,51291.45,17000.0,16114.0,-5998.43994,76283.35,241030.0,11.0,2,21845.0,8162.0,99177.85,43,11,30287.0,85787.51,70078.79,40,49,184.0,Y,525.77,saving,M,46,LOW,5.2,8,233.0,0,14.0
9550,2785,11200.0,1908.0,1989.16,982.93,18445.29,6269.0,559.0,6.0,26,67,6,2,58,50900,1,1,1.0,1,46451.38,76365.24,694.0,12299.0,24740.98,144266.5,11.0,2,50611.0,34162.82,67081.0,4,8,33500.0,48082.78,12161.44,7,63,24698.0,Y,1869.33,current,F,35,LOW,15.0,4,448.0,1,16.0
9551,6454,4347.0,10848.58,1517.95,14892.0,8033.84,6248.71,1086.4,4.0,36,16,7,4,3,350000,1,1,1.0,1,55700.0,267421.4,462.0,12174.0,8096.0,100393.42,20.0,1,18876.0,69693.41,21734.0,4,7,17177.0,21857.71,27741.0,6,7,4253.6,Y,12958.36,saving,M,60,LOW,12.0,3,805.0,1,18.0
9552,3525,2325.0,7375.67,2448.0,4942.0,10612.24,13713.7,1101.14,3.0,30,44,53,7,17,505000,1,1,1.0,1,39851.93,77000.0,38599.0,-6885.0,49240.65,95759.38,11.0,19,52392.0,15001.31,48681.0,0,81,19316.0,104960.41,34281.0,5,75,11218.0,Y,1840.0,current,M,34,MEDIUM,9.8,10,653.0,0,9.0
9553,5294,1019.0,11329.0,4033.94,10590.84,6288.96,100746.475,11781.0,50.0,15,87,2,4,79,19000,1,1,1.0,1,8256.6,13299.0,798.0,24326.0,43318.93,107212.0,68.0,6,71368.0,52988.15,108344.0,47,11,33952.0,19870.76,25469.0,10,106,10650.0,Y,5477.0,current,M,53,LOW,3.3000000000000003,5,710.0,1,2.0
9554,3991,400925.0,14793.79,16031.0,33500.81,7133.0,20961.0,2346.94,8.0,61,135,25,1,30,147000,1,1,1.0,1,1910215.0,1194405.5,59414.0,12174.0,10124.0,89184.2,42.0,35,60963.0,39794.64,131364.0,2,6,20151.0,80787.26,422580.52,2,39,169.0,Y,257.25,current,M,40,MEDIUM,8.0,4,254.0,1,11.0
9555,7445,11571.0,10588.86,3295.0,8102.5,1179.0,38543.86,1612.0,1.0,23,11,5,27,11,383000,1,1,1.0,1,98062.5,52000.0,1633.0,7478.0,39949.94,31777.6,10.0,7,28370.0,17869.19,25537.0,50,9,312379.0,55567.64,26373.47,4,11,20724.0,Y,10169.44,saving,F,25,MEDIUM,4.5,1,523.0,1,8.0
9556,9782,6631.0,2710.0,5602.0,8793.5,4053.0,4225.375,1556.52,10.0,18,49,2,3,14,579000,1,1,1.0,1,2242.35,60040.0,16114.0,-3625.0,91534.92,91119.0,84.0,1,15457.0,364893.84,38794.0,1,29,20000.0,41061.41,73143.38,47,3,49.29,Y,727.03,current,M,60,MEDIUM,24.0,9,723.0,0,18.0
9557,14639,9936.0,39119.0,11171.0,16300.56,17477.0,501.0,19134.89,4.0,10,6,82,6,3,429000,1,1,1.0,1,54201.87,8000.0,25524.0,1992.0,32176.24,108248.76,32.0,19,20613.0,100685.59,137371.38,23,20,26798.0,138251.75,283.79,8,76,17400.0,Y,18822.15,current,F,33,MEDIUM,3.9000000000000004,3,805.0,1,2.0
9558,14648,223026.0,1803.48,3818.0,14838.62,3871.44,11022.58,6829.18,2.0,128,135,42,1,8,350000,1,1,1.0,1,3247.5,64491.0,13873.0,17397.0,24686.21,99541.0,42.0,4,26706.0,32983.0,33984.0,2,25,18666.0,351276.95,119627.0,49,28,650.0,Y,2041.8,saving,M,33,MEDIUM,7.800000000000001,6,643.0,1,9.0
9559,11198,311117.0,18176.5,1742.75,34271.78,2930.68,192.0,1376.0,2.0,30,87,7,21,8,272000,1,1,1.0,1,53530.07,93.35,15654.0,6441.0,32963.82,20276.0,46.0,30,31698.0,85263.25,21091.0,1,12,15941.0,37559.75,30335.0,2,13,20472.0,Y,32261.33,current,M,44,MEDIUM,14.4,4,867.0,1,11.0
9560,8305,1509.0,2126.5,21248.99,130013.22,2239.0,349.0,1546.0,1.0,32,18,17,26,42,232000,1,1,1.0,1,19.95,29522.0,50000.0,6916.0,42728.0,120260.0,46.0,2,92084.0,16254.96,87605.0,9,40,67704.0,718199.98,62933.24,2,3,18790.0,Y,702.28,current,M,31,MEDIUM,7.7,7,922.0,1,20.0
9561,7553,6874.0,34896.1,4226.6,1413.0,16311.0,1399.5,971.02,531.0,84,7,1,5,4,104000,1,1,1.0,1,124064.65,187788.1,230000.0,-4679.0,40843.03,1450750.0,69.0,26,73978.0,219294.24,122255.0,1,171,37740.0,69098.09,55844.29,1,79,36706.0,Y,511.05,current,M,30,MEDIUM,3.0,4,887.0,1,12.0
9562,4063,2140.0,25299.53,355.0,3078.06,41068.0,7245.0,10036.0,7.0,32,67,1,60,75,47000,1,1,1.0,1,199690.5,28000.0,49975.0,6885.0,12844.46,30907.0,9.0,36,65728.0,16416.17,11198.0,5,20,17806.0,105135.14,73699.25,94,11,40074.0,Y,10712.03,current,M,42,LOW,11.0,8,488.0,0,6.0
9563,2735,9596.0,28697.51,4050.76,7415.0,776.0,15694.42,6109.0,24.0,29,7,50,44,1,74100,1,1,1.0,1,165907.57,68663.61,126001.0,8723.0,126443.0,43173.38,24.0,4,20340.0,38940.9,294602.0,6,25,87332.0,180677.0,25733.0,8,49,28119.0,Y,3024.35,current,M,55,HIGH,31.5,4,454.0,1,10.0
9564,15141,1456.0,14787.0,4850.0,8946.36,2699.0,3259.99,654.0,4.0,1,50,5,6,6,402000,1,1,1.0,1,58907.25,82907.34,3850.0,-5998.43994,7663.08,74547.0,63.0,25,61214.0,27951.4,60574.0,9,8,205706.0,19191.9,31314.0,12,8,23743.0,Y,180049.6,current,M,47,MEDIUM,10.8,3,750.0,1,3.0
9565,10218,11484.0,11261.39,47895.69,11827.83,8222.0,7756.81,1397.0,5.0,23,135,57,2,64,156000,1,1,1.0,1,12869465.0,52000.0,4367.0,1444.0,17538.0,45621.38,67.0,4,15500.0,51748.83,53118.0,2,13,12767.0,16857.25,80619.84,5,13,40848.0,Y,23891.74,current,M,220,LOW,180.0,1,968.0,0,8.0
9566,3138,1150.0,20008.0,7050.21,2746.93,3324.73,2279.0,18528.0,25.0,11,1,3,15,67,102000,1,1,1.0,1,55700.0,40000.0,73217.0,5350.0,528510.5,3596.0,42.0,28,29132.0,19898.5,120040.0,4,1,43986.0,33427.5,77192.0,3,1,20092.0,Y,1102.42,saving,M,42,MEDIUM,6.6000000000000005,5,606.0,0,9.0
9567,10091,16991.0,15808.19,2434.0,25830.34,3037.88,15782.52,5257.0,7.0,10,74,5,17,8,167000,1,1,1.0,1,116122.65,190887.4,908.0,5464.0,42551.0,35261.0,42.0,13,18919.0,24885.0,53507.0,3,20,144960.0,41420.0,37825.5,94,38,205641.0,Y,1634.09,current,M,42,MEDIUM,15.4,6,233.0,1,15.0
9568,17980,125583.0,7509.72,3016.0,47038.1,124.31,3322.52,4519.0,1.0,77,23,1,3,4,371000,1,1,1.0,1,41883.6,380000.0,28912.0,1014.0,147841.34,94656.0,18.0,36,195632.0,89117.74,143836.0,5,5,29512.0,28740.75,41282.0,94,12,76587.0,Y,2706.22,current,M,37,MEDIUM,13.600000000000001,2,626.0,1,17.0
9569,2014,327545.0,18793.125,14015.4,19335.77,1210.0,42558.645,958.0,1.0,43,35,4,37,67,524000,1,1,1.0,1,13762.5,134890.0,16114.0,844.0,66617.64,88439.0,7.0,4,20780.0,13911.0,57235.0,3,171,39500.0,74584.39,15686.0,4,8,102043.0,Y,16084.47,current,M,60,HIGH,24.0,3,535.0,1,20.0
9570,13300,866.0,1530.37,801.0,451.37,6952.98,5535.15,11800.26,124.0,6,67,11,2,2,400000,1,1,1.0,1,154363.25,15300.0,2644.0,173.0,19866.88,27461.99,16.0,1,32978.0,25712.23,716.0,2,26,71196.0,39558.75,75276.0,14,83,14957.0,Y,5193.02,current,M,64,MEDIUM,22.0,5,330.0,1,7.0
9571,18816,10751.0,3463.07,9528.12,605.0,1517.15,39518.825,1299.0,15.0,65,13,35,38,5,338000,1,1,1.0,1,21220.0,50000.0,49975.0,6885.0,209945.53,68011.0,35.0,7,16240.0,49640.13,29344.5,3,108,89773.0,28856.0,261123.5,47,103,21690.0,Y,19498.61,current,M,27,LOW,4.9,2,860.0,0,3.0
9572,18755,11789.0,1736.94,23128.0,4281.11,2660.2,2779.305,30020.0,5.0,38,44,60,17,98,26000,1,1,1.0,1,1859872.2,9000.0,25000.0,6885.0,12011.92,10287.0,32.0,1,13186.0,60455.0,21242.0,42,0,11374.0,15642.0,47292.75,7,7,37548.0,Y,2100.58,current,M,28,MEDIUM,8.0,7,523.0,1,17.0
9573,4546,9997.0,18687.0,2695.0,581.0,78.0,2603.865,1981.0,12.0,22,60,60,2,11,524000,1,1,1.0,1,510.6,172678.56,20000.0,6885.0,53636.41,21878.0,10.0,43,23934.0,66300.25,36623.5,50,82,216000.0,45741.99,56176.0,2,18,118299.0,Y,4754.51,current,M,40,LOW,12.0,1,355.0,0,11.0
9574,12188,86098.0,3101.8,758.0,11125.0,1309.0,264.69,1340.0,26.0,36,3,3,15,68,28000,1,1,1.0,1,10562.45,97523.61,300500.0,6260.0,283065.7,115814.0,3.0,19,497836.0,48585.61,40348.0,2,26,202236.98,49650.45,20276.31,3,83,60019.0,Y,19390.71,current,M,62,LOW,16.8,7,582.0,1,17.0
9575,8655,2752.0,6712.44,1372.32,5799.04,8603.0,25210.0,14238.43,10.0,2,70,7,26,13,447000,1,1,1.0,1,81872.65,16583.84,3975.0,-5439.0,66820.52,37711.41,46.0,2,15628.0,330012.62,57243.5,3,21,29550.0,397.57,54491.0,5,18,22620.0,Y,1602.94,current,M,34,MEDIUM,4.2,8,355.0,1,13.0
9576,18063,2670.0,13681.0,1274.43,31153.41,2447.0,13350.5,13686.0,2.0,36,117,48,4,98,129000,1,1,1.0,1,825.0,63000.0,8943.86,6916.0,125913.54,100583.0,18.0,6,20916.0,14059.41,86758.5,2,75,109045.0,119078.28,23209.0,43,35,36525.0,Y,4657.94,current,M,44,MEDIUM,19.200000000000003,5,887.0,1,19.0
9577,12102,8841.0,8849.01,3441.26,2618.88,30072.0,2930.83,3485.0,2.0,46,3,50,4,98,124000,1,1,1.0,1,199690.5,2436.91,254000.0,-402.0,84112.14,95763.0,42.0,0,56868.0,14894.0,39558.0,43,18,25845.0,23329.25,184836.0,11,73,43388.0,Y,31745.07,current,M,27,LOW,4.2,9,536.0,0,15.0
9578,4748,16067.0,15750.46,15184.55,163944.69,2798.82,12589.965,17868.0,2.0,71,13,11,1,4,338000,1,1,1.0,1,36122.87,624742.27,6738.0,9415.0,17538.42,40216.0,35.0,5,22103.0,37401.97,57079.0,3,29,33932.0,26728.0,4450.0,5,25,3887.0,Y,4126.35,current,M,35,LOW,4.5,10,771.0,1,17.0
9579,11671,13602.0,6796.35,10811.15,14418.0,540.33,6675.47,3658.83,10.0,83,11,20,2,8,184000,1,1,1.0,1,5457.0,67555.67,13873.0,553.0,101838.51,69227.91,55.0,1,39250.0,24509.32,165098.0,17,24,40066.75,88045.0,4142.0,49,13,1613.0,Y,5415.6,current,M,33,MEDIUM,11.700000000000001,5,355.0,1,2.0
9580,15474,18244.0,5718.68,3506.0,8690.17,5633.0,44363.91,4642.3,57.0,36,89,30,1,2,581000,1,1,1.0,1,204585.76,158000.0,8417.0,553.0,112927.59,31100.0,18.0,36,9125.21,202811.39,20359.5,11,25,13600.0,8126.68,96903.0,21,120,24406.0,Y,16663.8,current,M,60,MEDIUM,12.0,9,123.0,1,19.0
9581,5525,12567.0,7695.9,8613.0,3548.68,6046.0,2085.675,804.0,2.0,3,6,17,3,8,167000,1,1,1.0,1,154363.25,60040.0,1633.0,0.0,42656.0,76363.0,42.0,2,26604.0,361914.22,85335.0,43,50,102500.0,12725.76,188484.0,18,8,71683.0,Y,1888.1,saving,M,32,MEDIUM,1.2000000000000002,7,805.0,1,17.0
9582,12320,6086.0,8624.7,26889.0,14838.62,30673.12,23520.0,1534.18,9.0,71,112,1,38,11,337000,1,1,1.0,1,42460.6091,100934.0,13873.0,4889.0,123511.99,16719.0,38.0,3,26006.0,29984.84,83360.0,3,171,10752.0,33158.26,66178.0,9,106,37852.0,Y,4583.09,saving,M,33,LOW,13.0,9,503.0,0,8.0
9583,3982,17186.0,2699.9,6174.0,18672.61,3865.0,15291.0,2883.0,43.0,37,87,8,1,10,44000,1,1,1.0,1,2.13,399.09,28912.0,-4664.0,31470.0,65355.25,4.0,15,135156.0,142857.62,257383.0,3,78,53822.0,84036.78,582.0,2,25,48855.0,Y,1524.06,current,M,44,MEDIUM,12.0,6,626.0,1,2.0
9584,7547,15165.0,24795.1,5415.0,3755.55,4182.0,4636.0,2001.0,4.0,30,10,1,1,2,52000,1,1,1.0,1,12315.0,390700.0,550.0,5464.0,94720.42,287659.0,16.0,5,57778.0,35068.58,65567.0,9,8,27884.0,47857.57,13892.5,5,22,60732.0,Y,6678.1,current,F,62,MEDIUM,12.600000000000001,4,866.0,0,2.0
9585,17906,4771.0,1603.04,2270.01,26358.04,4300.25,3144.5,1209.0,52.0,23,9,2,71,3,286000,1,1,1.0,1,306.4,208652.0,3000.0,0.0,155045.09,28755.0,43.0,0,38012.48,21997.0,45439.0,7,86,18810.0,46555.21,31273.75,13,106,61510.0,Y,3325.64,current,M,54,MEDIUM,30.6,4,963.0,1,13.0
9586,3156,10304.0,6807.12,2960.13,7383.3,3791.72,45963.8,1650.17,10.0,10,102,10,4,9,453000,1,1,1.0,1,65887.8,30436.0,5540.0,1444.0,40871.75,65086.0,46.0,2,44528.0,20844.88,21710.0,35,11,83908.0,171508.5,154995.0,6,8,121644.0,Y,1749.29,current,F,28,MEDIUM,7.2,1,268.0,1,18.0
9587,17442,220892.0,16945.98,3338.0,2415.02,1075.92,1391.0,6728.0,7.0,43,46,3,4,13,467000,1,1,1.0,1,937.0,30453.0,825.0,5340.0,51908.46,217172.0,68.0,13,16282.0,34510.3,82868.0,1,82,16136.0,267634.01,38503.0,21,50,65428.0,Y,96.73,current,F,221,LOW,100.5,4,658.0,1,12.0
9588,14505,14562.0,27311.55,1334.0,2381.08,4019.47,100116.0,2825.0,7.0,30,7,1,9,2,173000,1,1,1.0,1,2.13,43397.0,5797.0,167.0,5944.76,10244.0,55.0,5,14056.0,16637.21,49860.92,4,108,81835.0,6972.0,23559.0,46,103,14879.0,Y,2578.88,current,M,32,MEDIUM,3.6,7,267.0,1,10.0
9589,19790,2799.0,9029.0,4489.0,17464.98,1744.4,3696.0,4558.0,7.0,29,5,52,7,79,301000,1,1,1.0,1,25976.2,52000.0,230000.0,1332.0,41153.5,26960.0,69.0,4,20563.0,65946.0,3522.0,43,27,59291.0,71395.96,70343.0,3,36,37165.0,Y,15847.92,current,M,27,MEDIUM,4.9,6,796.0,1,6.0
9590,336,2990.0,3507.92,40718.42,4568.9,1334.03,3807.65,7153.0,92.0,1,53,2,12,8,155000,1,1,1.0,1,0.35,295150.9,3975.0,5340.0,76782.13,18271.0,4.0,36,26259.0,46086.9,61462.0,70,6,18236.0,71672.0,50575.0,3,7,39000.0,Y,2350.75,current,M,37,MEDIUM,11.9,9,887.0,1,16.0
9591,2289,140251.0,18376.4,7168.73,14359.11,25073.0,1564.0,779.0,9.0,26,17,2,51,30,218000,1,1,1.0,1,158135.2,172678.56,78309.0,553.0,6601.0,45089.0,11.0,2,50782.0,3122.0,164837.6,3,59,24944.0,90605.48,55315.0,12,1,25780.0,Y,191.1,saving,F,66,LOW,4.6000000000000005,4,867.0,1,6.0
9592,826,19936.0,20721.45,20422.82,915.37,2218.73,11365.105,4624.0,57.0,10,2,2,48,17,100000,1,1,1.0,1,87526.1,97000.0,2019.0,3735.0,17815.0,351605.0,40.0,3,29174.0,44396.63,61944.0,9,6,53086.0,41621.38,125967.0,16,0,1238750.0,Y,17044.86,current,M,29,HIGH,1.8,6,955.0,0,11.0
9593,7857,7655.0,9798.26,4531.0,17240.36,5805.0,13231.0,3575.0,43.0,77,82,1,12,67,198000,1,1,1.0,1,4323.0,134000.0,12337.0,7478.0,28919.92,24385.37,3.0,6,34664.0,113969.92,100238.0,2,108,70.36,61755.1,14866.0,9,18,16036.0,Y,174.66,saving,F,64,LOW,44.0,2,445.0,0,9.0
9594,559,8525.0,2710.0,15635.0,6684.96,8830.0,34262.0,1634.0,14.0,32,4,48,31,36,240000,1,1,1.0,1,39851.93,180000.0,96497.0,-6301.0,11649.85,116481.5,7.0,2,62484.0,60644.28,60626.0,2,81,13815.0,70615.83,36960.0,8,8,30391.0,Y,4288.13,saving,M,36,MEDIUM,3.2,3,858.0,0,14.0
9595,11424,13047.0,2991.78,3550.0,23386.92,5619.66,11295.05,6707.91,8.0,99,47,1,25,34,267000,1,1,1.0,1,4941.45,60040.0,787.0,6916.0,96510.28,44765.67,36.0,1,28370.0,37294.44,38757.0,6,6,26927.0,188196.35,121940.0,40,10,18041.25,Y,323.7,current,M,28,MEDIUM,4.0,4,864.0,1,15.0
9596,14655,5525.0,2862.0,14945.78,6350.12,33111.0,23784.25,6324.0,136.0,61,86,5,1,70,170000,1,1,1.0,1,1466675.0,93.35,6000.0,1992.0,50604.15,26852.61,94.0,2,26501.0,28309.0,47511.0,70,59,23569.0,72418.84,25622.25,43,2,210.0,Y,1429.17,current,M,64,MEDIUM,13.200000000000001,3,588.0,1,2.0
9597,18802,20029.0,2704.0,2034.0,4406.0,2361.0,1612.0,1538.5,12.0,10,44,44,6,2,351000,1,1,1.0,1,186189.0,76157.6,57899.0,2351.0,62709.25,66982.33,39.0,1,33303.0,56116.0,14457.5,7,81,32409.0,57172.91,70020.0,36,12,197500.0,Y,424.38,current,M,69,LOW,19.6,1,583.0,1,2.0
9598,5075,295622.0,17655.0,2724.0,81840.16,2302.0,4998.525,1370.0,7.0,23,2,2,51,30,272000,1,1,1.0,1,47.45,152664.0,13873.0,5730.0,84430.29,85831.4,62.0,3,126843.0,32594.16,17961.0,6,8,25813.0,104800.55,43402.0,49,76,39953.0,Y,358.03,current,M,33,MEDIUM,2.6,7,269.0,1,18.0
9599,17816,16520.0,14686.91,4931.6,12915.0,3109.3,15259.0,1636.0,531.0,22,20,1,12,30,256000,1,1,1.0,1,32805.0,57345.0,130000.0,2351.0,8918.68,73401.55,17.0,35,34827.0,29989.11,16441.0,6,6,108709.0,11307.76,9839.72,13,12,5400.0,Y,4421.22,current,M,27,MEDIUM,0.7000000000000001,4,385.0,1,3.0
9600,4733,7923.0,12585.11,20422.82,9601.21,2483.78,13915.25,2163.57,2.0,84,23,1,31,4,524000,1,1,1.0,1,4120.0,1194405.5,800.0,-5439.0,26832.75,52752.18,52.0,1,45671.0,62574.5,25494.0,43,6,27612.0,51882.54,39937.0,4,10,24514.0,Y,3293.58,current,M,35,LOW,10.5,8,395.0,0,13.0
9601,4194,17556.0,8540.1,10101.0,5786.34,833.0,15652.2,7199.0,100.0,36,50,48,3,2,16000,1,1,1.0,1,937.0,117890.0,925.0,-12179.0,64312.13,75835.5,20.0,0,14523.0,62269.1,45551.0,0,82,31492.0,83756.7,90830.0,2,103,21837.0,Y,1628.76,current,M,38,LOW,14.4,3,966.0,1,6.0
9602,16275,5161.0,5522.38,1730.0,2116.76,1500.65,3771.515,3582.0,10.0,8,5,47,1,2,198000,1,1,1.0,1,21745.0,6574.31,1630.0,1500.0,79503.0,50538.0,84.0,2,120500.0,3683.0,3157.0,5,63,40.24,30133.0,14549.0,5,18,33255.0,Y,4136.46,current,M,47,LOW,27.0,8,233.0,0,5.0
9603,5861,421.0,7159.75,338.85,17546.0,11326.0,5140.3,925.0,10.0,18,102,3,31,1,44000,1,1,1.0,1,384550.05,900000.0,5540.0,-5998.43994,52741.84,57104.0,42.0,35,26706.0,65692.04,78169.06,20,35,46347.0,19894.66,85194.0,7,100,25320.92,Y,304.23,current,M,47,MEDIUM,8.1,7,123.0,0,4.0
9604,846,9309.0,6833.0,1079.0,25585.0,21080.44,9018.71,2878.0,10.0,18,135,8,3,67,84000,1,1,1.0,1,89908.8,106398.0,183999.0,-6281.37987999999,79884.54,53568.0,55.0,13,14442.0,53764.6,20499.0,4,20,13543.0,28831.5,8541.0,7,36,106845.0,Y,8371.57,current,F,53,HIGH,3.3000000000000003,8,464.0,1,20.0
9605,812,4906.0,105853.9,5616.0,2774.12,17082.26,19918.0,26860.0,9.0,36,49,4,2,11,47000,1,1,1.0,1,471.05,106398.0,50000.0,6885.0,68981.91,33506.0,7.0,13,27117.0,49563.96,5163.0,6,29,18922.0,252231.51,44873.0,62,54,285.0,Y,2895.71,current,M,60,MEDIUM,40.0,5,366.0,0,11.0
9606,12956,5949.0,15325.1,4392.81,5227.61,7108.0,9561.52,1738.0,66.0,23,72,60,5,18,256000,1,1,1.0,1,10535967.5,78744.56,78309.0,0.0,16233.36,229989.0,11.0,17,147194.0,72949.0,51030.0,35,5,21772.0,39547.23,35428.0,4,73,20160.0,Y,12984.49,current,M,32,MEDIUM,12.0,3,539.0,1,2.0
9607,2346,18562.0,5864.67,9733.0,1286.46,4381.0,23710.1,1955.52,6.0,26,49,2,2,36,84000,1,1,1.0,1,8043.25,82907.34,2644.0,10210.0,53891.45,68743.2,11.0,13,27943.0,19399.5,101245.0,3,81,34785.0,243952.8,68589.5,4,6,114000.0,Y,126.58,current,M,40,MEDIUM,18.0,10,324.0,1,8.0
9608,16917,8106.0,3861.91,14766.0,8076.81,3748.5,3996.87,138715.43,44.0,32,4,1,4,44,358000,1,1,1.0,1,67833.35,330001.0,96497.0,3735.0,41662.29,30864.0,5.0,5,15628.0,168985.64,78997.0,2,0,11111.0,16836.19,42894.0,58,3,868.24,Y,132997.39,current,M,29,LOW,9.0,1,750.0,1,16.0
9609,1826,2861.0,2143.0,5418.11,2579.08,4062.6,16967.0,589.52,6.0,26,14,2,18,1,170000,1,1,1.0,1,173.8,152.87,51520.0,1332.0,100631.21,238353.0,10.0,31,78800.0,81407.0,16873.0,2,4,47356.0,59150.0,41270.0,2,58,67787.0,Y,27583.22,saving,M,33,LOW,11.700000000000001,1,799.0,1,10.0
9610,4852,10930.0,2891.0,1626.0,2823.71,6090.8,34574.0,19546.33,63.0,56,4,35,18,39,353000,1,1,1.0,1,5215.0,760470.3,14904.0,5773.0,89635.65,108215.38,42.0,3,90543.0,78001.45,15088.0,2,171,55129.0,62746.0,46016.0,2,80,3777.0,Y,1684.61,current,M,33,MEDIUM,6.5,10,259.0,1,11.0
9611,14997,171123.0,9784.4,2611.0,12393.0,16849.0,5228.0,413.0,124.0,10,14,19,2,1,47000,1,1,1.0,1,46451.38,25404.0,3570.0,-5942.0,74115.51,125056.22,43.0,2,18837.0,67732.28,230261.0,9,25,14336.0,161687.0,102996.13,21,63,28966.0,Y,3865.03,current,M,42,HIGH,13.200000000000001,2,748.0,1,13.0
9612,16149,216894.0,45573.2,18119.58,1952.0,12289.0,1041.725,4317.0,136.0,99,16,52,2,3,206000,1,1,1.0,1,140291.6,11897.0,4699.0,-5439.0,216907.53,16612.34,35.0,3,19026.0,56267.98,46729.0,0,36,63302.0,80310.47,125967.0,36,11,184500.0,Y,4430.1,current,F,120,HIGH,100.0,5,620.0,1,16.0
9613,14492,6256.0,54121.88,4416.5,2281.0,18445.29,14194.0,891.0,44.0,23,74,3,7,11,236000,1,1,1.0,1,22712.85,78744.56,1209.0,6885.0,47682.69,50057.0,62.0,4,26569.0,103887.57,1959.5,4,63,145030.0,34523.53,631045.85,3,73,10858.0,Y,2947.76,current,M,31,MEDIUM,5.5,7,535.0,1,19.0
9614,9085,24297.0,7956.5,14440.0,21735.8,5467.0,4732.03,214.0,8.0,85,10,22,2,81,300000,1,1,1.0,1,95.0,45769.27,731.0,12174.0,53675.25,30164.0,40.0,26,40175.0,142989.24,36831.0,43,84,14451.0,46292.7,87116.0,6,83,30218.0,Y,25364.25,current,M,58,MEDIUM,34.2,10,963.0,1,17.0
9615,14288,13976.0,67183.18,8168.26,7563.41,1597.0,4829.0,24252.88,44.0,23,70,8,3,79,11000,1,1,1.0,1,1665.0,202560.0,45000.0,8572.0,57204.0,113694.8,5.0,3,15452.0,74472.42,57755.0,1,63,13291.0,240700.85,32609.0,5,14,152344.0,Y,1141.16,saving,M,32,MEDIUM,12.0,2,928.0,0,7.0
9616,15452,1854.0,57074.48,10381.0,157410.25,1921.0,1513.805,2075.52,26.0,26,1,18,2,10,395000,1,1,1.0,1,2014.8,1034285.63,12337.0,277.0,21551.65,60709.01,52.0,4,26445.8,24170.88,31945.09,43,20,42940.0,5246.28,33861.0,6,79,19009.25,Y,1333.6,current,M,27,HIGH,5.6000000000000005,10,858.0,1,17.0
9617,1442,1407.0,11674.64,5677.0,9210.0,190.0,2984.95,1534.0,6.0,10,19,3,2,44,408000,1,1,1.0,1,137260.8,21577.06,798.0,20513.0,32339.0,35576.0,23.0,4,30098.0,159276.73,88042.0,4,108,25197.0,52826.3,70293.0,6,6,28752.5,Y,6678.35,current,M,34,LOW,14.0,10,911.0,0,19.0
9618,4918,14806.0,16194.13,2686.01,1880.17,21195.65,8660.0,110.5,7.0,10,49,1,26,17,579000,1,1,1.0,1,1900.0,6574.31,3975.0,12174.0,36478.96,71800.96,29.0,6,20832.19,103159.41,55952.85,6,69,15830.0,59379.92,77443.0,2,11,13797.0,Y,3085.64,current,F,35,LOW,1.5,10,743.0,1,16.0
9619,5408,109146.0,2113.5,875.0,7112.3,772.0,16406.0,3250.0,6.0,27,89,8,4,1,447000,1,1,1.0,1,111.0,3651922.3,2184.0,8723.0,39377.41,350104.0,43.0,4,50161.0,2442.34,53412.0,3,12,43428.0,76507.49,50282.0,3,24,14707.0,Y,1708.33,current,M,47,MEDIUM,5.4,8,858.0,1,16.0
9620,10885,10296.0,6079.66,4571.0,3833.0,3497.0,4453.63,1106.94,15.0,27,29,3,18,2,256000,1,1,1.0,1,60050.0,184514.0,38599.0,10770.0,20144.0,59644.0,20.0,1,20213.0,7571.4,13907.0,3,38,1125.0,10604.2,121332.13,11,32,10200.0,Y,2245.2,current,M,38,MEDIUM,5.4,1,653.0,0,3.0
9621,12743,6081.0,8387.0,9734.0,2446.59,2701.06,15339.78,2486.2,1.0,14,5,2,1,98,286000,1,1,1.0,1,27078.09,19000.0,54101.0,20513.0,68608.59,129350.91,46.0,19,112099.0,48207.87,114582.41,16,8,23195.0,26634.86,69760.0,3,96,254219.0,Y,1217.92,current,M,42,MEDIUM,15.4,1,394.0,1,15.0
9622,4792,12612.0,7155.105,2724.8,8394.24,3182.0,2062.545,4171.04,26.0,19,35,2,14,6,301000,1,1,1.0,1,20747.5,10767.53,508.0,2921.0,275542.16,40583.43,43.0,4,159847.0,28398.75,86391.77,1,8,32645.28,17492.71,4327.0,2,18,1536000.0,Y,31745.07,current,M,66,MEDIUM,18.400000000000002,6,683.0,1,16.0
9623,6751,13869.0,5302.67,2666.95,7648.52,29884.0,7431.84,367.0,531.0,18,46,4,6,25,533000,1,1,1.0,1,115.45,31033.0,3792.0,6885.0,254667.17,17589.0,42.0,31,61899.0,29724.76,142137.0,42,38,31222.0,75846.28,158782.51,2,103,608.0,Y,11470.66,saving,M,30,MEDIUM,1.0,6,516.0,1,11.0
9624,18619,1722.0,11887.04,1733.0,4356.49,10310.76,4188.9,4552.0,7.0,66,19,1,21,1,170000,1,1,1.0,1,309795.13,138732.3,12000.0,-6301.0,64796.38,200236.5,90.0,26,19632.0,7031.88,63556.0,4,171,27455.0,58247.74,24739.75,2,57,24065.0,Y,10155.1,current,M,33,MEDIUM,11.700000000000001,9,713.0,1,5.0
9625,3744,287.0,7354.86,2951.97,15940.66,10507.42,10182.37,80603.0,8.0,3,38,1,17,47,410000,1,1,1.0,1,13732.93,60000.0,583.0,3897.0,23863.25,65599.23,11.0,6,29345.0,5466.26,37441.0,9,8,17445.0,76616.63,51990.0,8,11,62750.0,Y,208.06,current,M,44,LOW,24.0,10,750.0,1,15.0
9626,13504,15908.0,25136.93,4391.71,4126.11,68297.8,514.88,5606.52,1.0,5,23,3,6,54,381000,1,1,1.0,1,54860.05,385218.7,300500.0,6441.0,32742.22,170874.09,103.0,1,26353.0,44803.89,18627.0,23,13,11738.0,110735.54,70671.0,19,1,32830.0,Y,4947.92,current,M,34,HIGH,5.6000000000000005,1,802.0,1,9.0
9627,10572,14277.0,9798.26,6221.0,692.0,2369.5,4087.0,9243.65,44.0,36,50,3,12,2,483000,1,1,1.0,1,13849.4,330001.0,527.0,2921.0,77427.13,105789.0,77.0,0,52393.0,20173.0,12467.0,2,82,41037.0,42681.02,58560.0,117,80,24723.0,Y,2412.63,saving,F,42,MEDIUM,11.0,8,799.0,1,8.0
9628,18874,15775.0,14723.85,15261.0,7914.5,94243.29,2942.0,2060.0,8.0,29,64,20,27,91,581000,1,1,1.0,1,4731234.6,227697.61,2158.0,6885.0,54584.94,74324.0,24.0,4,107175.0,201201.73,86081.0,3,46,27658.0,28592.88,17942.43,3,76,18708.0,Y,2236.22,current,M,27,LOW,4.9,8,658.0,0,17.0
9629,5001,7059.0,58635.0,16315.58,3510.0,451.0,5130.645,1634.0,7.0,19,64,1,4,1,58000,1,1,1.0,1,89908.8,117890.0,24619.0,-3506.17993,2815.25,136719.0,12.0,7,45786.0,36835.89,22578.5,0,70,25753.0,97873.88,45479.4,3,0,3.0,Y,1543.44,current,M,25,MEDIUM,1.0,2,488.0,1,16.0
9630,10367,2259.0,47213.8,3964.75,1879.0,2696.0,33490.0,1541.78,3.0,56,71,2,6,39,25000,1,1,1.0,1,61186.36,500358.79,50000.0,2921.0,114805.21,77893.08,69.0,5,19968.0,33951.5,91408.0,1,24,40704.0,27357.02,430.0,36,104,128432.0,Y,605.95,saving,M,66,MEDIUM,23.0,9,801.0,1,10.0
9631,3373,8857.0,47468.82,5926.42,3490.22,4002.77,10222.685,12776.89,3.0,23,87,11,18,13,263000,1,1,1.0,1,25506.67,470000.0,16215.0,10455.0,176.5,90229.91,17.0,3,19321.0,15884.27,185073.58,1,13,22917.0,28252.1,2205.48,3,9,14615.0,Y,4823.54,current,M,58,LOW,22.8,9,505.0,1,7.0
9632,1037,11474.0,12931.95,410.0,30794.19,1228.72,424.06,6857.0,531.0,5,50,1,3,79,576000,1,1,1.0,1,55700.0,182359.2,230000.0,-5998.43994,2049.31,89269.0,8.0,2,37803.0,17318.0,17049.0,1,30,35217.0,35888.57,80068.95,6,7,57905.0,Y,12835.95,current,F,33,HIGH,3.9000000000000004,7,755.0,1,12.0
9633,3371,784.0,2886.35,1606.0,17931.48,5764.04,7779.69,7945.2,57.0,9,6,3,11,54,466000,1,1,1.0,1,510.6,106398.0,4198.0,-5715.49022999999,120728.31,65046.47,42.0,5,15842.0,29209.56,60548.0,42,42,18214.0,58938.94,43037.9,94,32,33994.06,Y,4915.97,saving,F,32,MEDIUM,12.0,4,750.0,1,14.0
9634,7477,8374.0,19159.64,13276.0,3064.0,2274.0,2740.5,6738.0,8.0,36,10,1,2,79,271000,1,1,1.0,1,58928.67,1475000.0,8417.0,-4664.0,184432.35,30025.5,55.0,4,20450.0,27668.11,65070.0,1,21,25753.0,15172.68,44880.0,22,1,30500.0,Y,10633.85,current,M,47,MEDIUM,16.2,2,583.0,1,18.0
9635,14852,5403.0,1350.0,1343.0,3511.0,3017.0,6366.0,914.33,531.0,81,74,57,4,26,525000,1,1,1.0,1,115818.74,53749.0,925.0,1465.0,22982.21,73156.78,40.0,15,11511.0,20813.23,110790.0,2,5,19276.0,210142.12,74498.29,5,9,2368.0,Y,2437.43,current,M,32,LOW,8.4,2,511.0,0,20.0
9636,1914,9118.0,22049.02,35250.0,3235.77,5673.0,11347.75,5669.0,2.0,23,20,1,3,69,44000,1,1,1.0,1,41883.6,861640.54,3570.0,977.0,7000.5,53212.0,55.0,6,59190.0,7951.0,232208.0,30,42,8151.0,8690.28,32562.0,8,3,33898.0,Y,3778.61,current,M,37,MEDIUM,1.7000000000000002,1,914.0,1,20.0
9637,19047,5667.0,4932.21,5225.26,518.67,11847.0,4438.28,796.0,66.0,26,49,1,4,26,738000,1,1,1.0,1,58928.67,200015.58,24619.0,1444.0,297288.33,554285.0,35.0,5,23281.0,211231.0,17343.66,2,67,61163.0,22681.51,20493.0,2,22,11667.0,Y,9283.21,saving,M,55,MEDIUM,21.0,3,374.0,0,13.0
9638,7214,13868.0,9769.07,2268.0,1561.24,1179.0,41344.44,473.59,10.0,30,10,47,55,22,324000,1,1,1.0,1,3247.5,69370.0,462.0,10455.0,6778.0,122787.0,42.0,1,28797.0,60927.4,8737.36,2,4,18339.0,48833.75,29820.0,19,76,13574.0,Y,2193.41,current,M,30,LOW,4.0,7,796.0,1,2.0
9639,19845,23045.0,11132.0,1047.0,12180.83,1271.75,13771.115,4957.28,44.0,84,653,1,3,55,47000,1,1,1.0,1,4230125.0,106398.0,500.0,2351.0,132930.15,140429.0,91.0,2,31731.0,256917.75,39150.0,4,25,23858.0,69331.77,3350.0,14,73,33200.0,Y,351.35,current,M,37,HIGH,11.9,1,249.0,1,19.0
9640,8614,342820.0,765.5,1297.0,51750.88,12554.18,5929.0,1914.0,1.0,1,35,1,2,2,267000,1,1,1.0,1,1238.65,295150.9,4699.0,2351.0,52498.7,64239.08,103.0,23,28882.0,19522.48,14630.49,20,75,67761.0,24360.75,41145.0,2,42,15247.0,Y,1050.22,current,M,47,MEDIUM,13.5,3,755.0,0,10.0
9641,11722,18438.0,1217.0,4839.4,1979.43,411.0,16617.915,589.52,1.0,38,50,53,1,56,87000,1,1,1.0,1,1399.9,202560.0,583.0,-5942.0,8110.01,11323.0,12.0,1,20354.0,6289.03,165158.0,2,82,116904.0,64186.0,41298.0,6,63,53940.0,Y,4021.42,current,F,44,MEDIUM,4.800000000000001,4,485.0,0,15.0
9642,19434,338822.0,917.0,1805.0,2103.0,1392.0,15337.27,5124.0,12.0,18,7,48,1,10,383000,1,1,1.0,1,117168.65,12971.0,3000.0,0.0,4142.25,37736.0,7.0,23,28265.0,40434.75,25679.22,17,63,24286.0,32541.0,21752.0,3,76,174206.0,Y,559.23,current,M,64,MEDIUM,35.2,5,245.0,0,15.0
9643,13459,19224.0,10470.94,1640.0,15485.6,8929.9,11529.0,4957.28,5.0,10,14,2,4,1,252000,1,1,1.0,1,977377.25,244483.3,15756.0,19765.0,17736.25,56178.0,29.0,35,30468.0,16331.19,31463.0,3,8,21966.0,20614.76,92448.0,6,106,63642.0,Y,6973.58,current,M,33,MEDIUM,9.1,5,653.0,1,11.0
9644,8243,9303.0,111517.24,3879.0,33648.25,4493.97,8802.0,1029.0,531.0,85,2,50,2,13,330000,1,1,1.0,1,1112.4,278360.16,891.0,0.0,12710.8,54824.0,16.0,7,23397.0,270413.01,45060.0,23,25,183.0,27159.0,42806.59,4,79,31900.0,Y,756.7,current,M,37,MEDIUM,13.600000000000001,3,700.0,1,6.0
9645,13345,5712.0,9136.38,11206.2,3533.96,4264.0,6714.805,2422.01,50.0,4,135,2,21,10,524000,1,1,1.0,1,9751.5,360000.0,508.0,3897.0,147484.24,37052.0,77.0,35,92905.0,553.5,56807.0,9,40,16432.0,24607.0,69097.78,3,7,64.0,Y,199.21,current,M,47,LOW,10.8,7,508.0,1,11.0
9646,6328,9899.0,33333.78,518.0,26215.71,6751.76,1756.38,2441.0,1.0,128,61,21,2,34,298000,1,1,1.0,1,10006.2,93.35,2644.0,-4324.0,50305.34,3486.0,79.0,3,147515.0,164586.93,84724.0,9,29,31200.0,811.5,32737.0,21,100,22729.0,Y,10174.63,current,M,46,LOW,13.0,9,503.0,0,15.0
9647,718,14386.0,19240.8,8685.26,6812.3,1714.0,4068.15,10979.0,29.0,85,64,5,3,67,523000,1,1,1.0,1,98543.96,191000.0,3850.0,2206.0,35769.0,227.5,11.0,4,142893.0,516491.05,50210.35,3,89,27426.0,6666.0,31647.0,7,83,93448.0,Y,1628.5,current,M,61,MEDIUM,32.800000000000004,1,516.0,1,18.0
9648,11282,694.0,6726.0,875.0,1974.87,3828.35,1142.0,6728.0,1.0,66,5,2,2,12,199999,1,1,1.0,1,1665.0,86000.0,60000.0,553.0,22495.75,82536.0,4.0,7,117752.0,3623.0,104320.0,2,7,100500.0,84843.71,108324.39,6,106,35563.0,Y,1528.76,current,M,33,MEDIUM,1.3,9,887.0,1,7.0
9649,8413,19746.0,19622.62,1722.95,6505.72,1544.75,506.96,522.0,8.0,34,7,10,17,4,27000,1,1,1.0,1,101891.25,273221.0,15477.0,3421.0,16824.58,55120.0,62.0,3,13454.0,16379.57,68822.99,2,81,49994.25,25232.0,152.0,6,72,37772.0,Y,15676.56,current,M,30,MEDIUM,2.0,9,536.0,0,5.0
9650,1801,47939.0,1235.0,22656.35,8797.38,5991.0,9442.0,38571.75,44.0,8,11,2,25,11,16000,1,1,1.0,1,136000.0,77000.0,48500.0,5730.0,1573.0,11208.0,42.0,1,18279.0,166224.63,163475.5,1,44,36092.0,74402.8,13892.5,6,80,53589.0,Y,1564.55,current,M,53,LOW,3.3000000000000003,5,886.0,1,16.0
9651,1830,11900.0,2838.09,103419.65,584.0,4556.23,1822.0,5721.0,67.0,3,46,3,1,34,525000,1,1,1.0,1,496065.0,200926.0,519.0,1444.0,345932.13,120276.0,52.0,36,16400.0,55838.75,10036.0,3,50,78565.0,53161.51,51111.0,94,21,10458.0,Y,7679.57,current,M,42,MEDIUM,19.8,7,743.0,1,10.0
9652,2601,17181.0,66504.18,232.6,33012.0,9210.51,2279.785,3326.0,1.0,84,6,18,11,11,453000,1,1,1.0,1,16387435.0,54388.23,9570.0,0.0,72054.0,53563.0,42.0,4,90350.0,43612.06,6796.0,42,20,30672.0,33161.51,20362.25,16,104,34112.0,Y,6693.09,current,M,33,MEDIUM,10.4,9,448.0,1,15.0
9653,15294,612.0,18422.99,1051.0,51662.68,656.67,2418.1,2530.0,6.0,128,44,25,1,58,402000,1,1,1.0,1,47651495.0,91747.0,12000.0,-3625.0,58566.87,49694.0,11.0,15,9015.73,17261.41,17039.8,11,20,71944.0,136185.02,481.29,3,106,78.0,Y,2043.8,current,M,61,HIGH,8.200000000000001,8,801.0,1,16.0
9654,9140,17225.0,40568.0,6782.0,2497.79,35084.3,10036.75,886.58,60.0,6,18,1,1,5,84000,1,1,1.0,1,417.0,232524.0,5797.0,-4664.0,91107.0,81104.0,8.0,7,52574.0,28244.0,165400.0,2,6,374.95,262337.0,560.93,6,103,45000.0,Y,6356.68,saving,M,32,LOW,2.4000000000000004,9,537.0,0,6.0
9655,18187,20396.0,8443.93,40985.56,4951.0,878.0,4413.0,4985.0,67.0,83,89,8,14,1,315000,1,1,1.0,1,196885.0,730000.0,43798.0,12174.0,5658.52,888.0,77.0,0,7210.0,31826.78,40289.0,0,13,7742.0,56220.0,22842.31,4,65,161338.0,Y,5410.96,current,M,27,MEDIUM,2.8000000000000003,8,372.0,1,3.0
9656,4037,5928.0,7935.2,3285.8,10612.81,956.46,4214.32,1209.0,6.0,23,74,21,15,2,369000,1,1,1.0,1,48422.7,245000.0,28985.0,20513.0,76.0,71054.88,32.0,2,132018.0,19991.76,40099.5,3,50,5520.0,20262.75,315229.0,2,18,55145.0,Y,12503.11,current,M,64,MEDIUM,8.8,8,708.0,1,8.0
9657,16568,10834.0,3696.38,2092.0,2526.18,1454.0,3634.66,16597.0,10.0,22,23,30,25,1,255000,1,1,1.0,1,24832.0,1372927.14,4699.0,5773.0,364089.0,186746.43,70.0,1,15070.0,59386.35,5271.0,3,8,38547.0,29346.69,297416.24,4,9,17761.0,Y,13709.2,saving,M,46,MEDIUM,15.600000000000001,2,488.0,0,12.0
9658,521,2659.0,5583.02,21248.99,16622.5,3188.01,10775.53,1910.73,7.0,6,72,15,46,9,27000,1,1,1.0,1,568.8,115000.0,57899.0,5730.0,21281.45,54880.0,46.0,4,15315.0,13552.63,38120.0,2,86,28200.0,753916.18,61840.0,11,38,40255.0,Y,1320.12,current,M,42,MEDIUM,2.2,1,743.0,1,4.0
9659,7384,8810.0,16796.18,4838.0,72254.62,13356.0,7205.2,17511.0,10.0,77,35,5,71,41,1000000,1,1,1.0,1,24832.0,157624.24,3570.0,17397.0,88034.39,81922.0,55.0,3,54532.0,28279.0,198053.0,6,36,39351.0,39078.49,47621.1,8,58,49708.0,Y,5340.7,current,F,37,MEDIUM,3.4000000000000004,2,259.0,0,13.0
9660,9603,287899.0,3984.78,5212.0,16653.57,10945.09,4940.0,11432.0,24.0,43,1,47,1,54,371000,1,1,1.0,1,99984.83,19000.0,130000.0,12415.0,62682.98,1729.0,62.0,3,39329.0,45660.62,46226.0,43,50,18438.0,189445.58,40176.24,21,9,19192.0,Y,1925.19,current,M,66,LOW,41.400000000000006,7,887.0,1,18.0
9661,14857,6373.0,2324.69,306.8,3821.34,7260.5,5948.025,2330.0,60.0,23,38,4,4,79,448000,1,1,1.0,1,1104223.35,200015.58,768.0,17397.0,142457.45,28263.0,42.0,6,67355.0,146011.3,27789.0,2,171,44838.0,36134.0,29194.0,2,18,42580.0,Y,10533.37,current,F,38,HIGH,14.4,7,370.0,1,20.0
9662,6770,135171.0,1406.84,637.9,10007.43,3892.52,2478.22,2951.0,6.0,8,44,30,31,26,143000,1,1,1.0,1,156875.0,222222.0,5905.0,6916.0,30933.45,1497.0,11.0,3,62609.0,24616.95,1941.0,1,81,50401.0,195283.26,31459.0,14,14,50853.0,Y,2206.58,current,M,66,MEDIUM,9.200000000000001,7,268.0,0,4.0
9663,1340,13910.0,19951.53,10656.54,14382.0,950.0,6223.98,5150.0,92.0,71,71,60,1,12,293000,1,1,1.0,1,98062.5,10903.0,130000.0,5730.0,24499.27,156274.0,7.0,4,28765.0,24874.3,11248.0,3,7,49365.0,64341.88,56521.0,6,9,21133.25,Y,12675.3,current,M,33,MEDIUM,9.1,3,683.0,1,13.0
9664,5901,13371.0,7942.0,18893.68,5529.0,286.86,16110.2,956.0,7.0,23,60,3,2,34,453000,1,1,1.0,1,213557.15,376694.91,15756.0,-4679.0,10736.05,134691.0,1.0,2,69460.0,1441.0,118445.0,3,50,17405.0,35842.23,34810.02,12,65,40074.0,Y,1212.66,current,F,62,LOW,21.0,8,466.0,1,18.0
9665,10488,38816.0,10727.47,2911.46,1210.04,3602.87,8215.0,3176.0,92.0,3,46,2,21,1,505000,1,1,1.0,1,42460.6091,15957.0,33774.0,1245.0,4674.39,35839.0,20.0,4,12791.0,253382.86,294715.0,11,87,49088.0,123898.79,219.0,3,63,29304.0,Y,422.46,saving,M,30,LOW,10.0,2,268.0,1,3.0
9666,8852,4262.0,34024.52,4226.6,88613.48,1921.6,8984.0,22633.42,1.0,2,2,53,6,1,329000,1,1,1.0,1,63073.6,3342.51,11545.0,-4664.0,16014.38,67412.28,6.0,2,65910.0,117006.58,44844.41,3,6,35516.0,12676.2,63603.78,3,11,25943.0,Y,11213.29,saving,M,46,LOW,18.2,4,958.0,0,14.0
9667,18322,297288.0,6042.83,14682.5,1626.86,450.9,4921.0,1721.0,14.0,2,10,30,51,3,120500,1,1,1.0,1,13849.4,82907.34,8060.0,3897.0,43318.93,8382.0,46.0,4,29907.0,71777.14,943.0,9,30,70086.0,21886.29,88505.0,5,22,174721.0,Y,1033.85,current,M,37,MEDIUM,15.3,4,908.0,1,2.0
9668,11529,6943.0,3799.725,1451.0,387.0,10246.0,14016.43,2997.44,9.0,66,4,24,1,47,293000,1,1,1.0,1,75240.45,35000.0,678.0,8572.0,27323.71,28939.0,16.0,35,59800.0,141804.25,35148.0,43,50,37372.0,10764.57,107231.52,36,124,72162.0,Y,1609.18,current,M,44,MEDIUM,2.4000000000000004,5,626.0,1,17.0
9669,4798,34594.0,20005.6,956.0,522.0,1297.84,2834.0,1245.0,6.0,99,3,2,3,30,256000,1,1,1.0,1,180615.02,730000.0,4000.0,8572.0,6121.25,28076.0,11.0,31,1378.0,60177.0,27499.0,1,44,24826.0,27277.0,47551.0,3,79,112000.0,Y,2472.43,current,M,55,MEDIUM,28.0,9,249.0,1,12.0
9670,15589,19524.0,26885.58,5431.86,7627.62,9762.0,9093.0,3663.34,2.0,26,3,3,2,67,375000,1,1,1.0,1,6030.65,5241.0,16068.0,1332.0,15696.97,39854.0,42.0,36,57417.0,74005.5,43629.0,2,171,26693.42,47726.11,80546.29,47,67,23863.0,Y,17199.2,current,M,37,HIGH,6.800000000000001,4,505.0,1,13.0
9671,7494,17218.0,3814.38,2566.01,5512.9,6598.0,1975.755,816.0,14.0,71,19,2,4,1,98000,1,1,1.0,1,151606.65,7216.53,2214.0,977.0,65609.15,151655.0,32.0,1,37267.0,34810.55,36315.0,43,31,124950.0,31121.48,40173.0,12,18,38588.0,Y,6127.45,current,M,33,MEDIUM,2.6,7,620.0,1,11.0
9672,1973,21.0,6513.0,1289.0,33237.83,1165.0,11817.0,8132.0,26.0,23,4,1,3,6,406000,1,1,1.0,1,10535967.5,194099.3,18257.0,10210.0,40796.75,24447.0,35.0,26,34918.0,684467.82,50343.0,1,36,16470.0,109579.97,41882.0,4,14,108884.0,Y,4112.76,current,M,31,MEDIUM,2.2,8,683.0,1,19.0
9673,8820,3890.0,10977.0,285.0,8416.0,1810.02,3545.68,1929.0,9.0,36,53,1,3,1,10000,1,1,1.0,1,6440.0,218670.0,12560.0,1332.0,4081.25,47204.0,10.0,31,74787.0,16678.17,566996.76,0,24,46336.0,55418.09,59309.0,94,11,23750.0,Y,1858.03,current,M,46,LOW,7.800000000000001,4,656.0,0,6.0
9674,2399,217412.0,12605.95,4999.01,9873.0,8182.63,6805.43,16335.0,14.0,85,13,12,3,7,366000,1,1,1.0,1,825.0,95081.0,68000.0,10210.0,43250.13,29577.0,11.0,7,30252.0,16591.23,2673.0,31,82,103753.0,31705.41,58.0,117,52,66990.0,Y,12264.27,current,M,38,MEDIUM,5.4,6,511.0,1,11.0
9675,15689,14172.0,47213.8,1606.0,5553.16,6294.09,29982.0,976.0,9.0,5,50,1,9,3,379000,1,1,1.0,1,160.2,58473.56,3792.0,844.0,38595.05,35439.0,42.0,17,47978.0,14139.79,50047.0,2,49,160060.0,106463.41,164.0,12,83,53524.0,Y,6922.52,current,M,30,MEDIUM,5.0,2,446.0,0,8.0
9676,17524,20041.0,10622.88,3332.48,2744.5,1045.4,3922.74,2303.0,10.0,34,50,50,6,62,341000,1,1,1.0,1,8758.2,273221.0,2644.0,-6885.0,15211.28,37955.0,11.0,6,22929.0,61480.05,105778.0,0,20,25578.31,43858.23,181399.05,5,104,1504.0,Y,8387.2,current,M,66,LOW,36.800000000000004,5,244.0,0,7.0
9677,14873,17075.0,29676.76,11059.0,7526.41,970.0,5047.0,20908.0,26.0,5,35,5,55,58,147000,1,1,1.0,1,250631.8,57345.0,694.0,-5439.0,37896.13,135919.0,12.0,1,11420.0,50343.61,54.0,4,18,21334.0,170352.2,61441.0,2,21,92603.0,Y,12163.45,saving,M,53,LOW,23.1,10,354.0,1,9.0
9678,1586,9599.0,13072.705,3349.18,4758.03,921.09,12877.0,21126.0,8.0,3,13,1,16,3,28000,1,1,1.0,1,4039029.9,347.19,30000.0,20324.0,53887.12,48453.0,12.0,3,17212.0,1787.32,39558.0,1,44,34564.0,22142.86,100658.0,6,104,208849.0,Y,3974.65,current,M,60,MEDIUM,28.0,10,516.0,1,2.0
9679,2411,10582.0,7743.0,11663.0,9004.0,8343.51,18104.0,4328.0,32.0,71,50,2,5,3,479000,1,1,1.0,1,58928.67,201000.0,300500.0,12174.0,46216.0,4120.0,87.0,7,17463.0,38910.0,42329.79,4,63,12322.0,43737.46,772.0,7,15,28351.0,Y,2125.87,current,F,64,MEDIUM,17.6,1,766.0,1,20.0
9680,1356,17461.0,7769.64,2472.15,4853.0,2354.61,12762.845,6148.0,1.0,36,30,24,63,8,10000,1,1,1.0,1,166331.66,195506.79,68000.0,5439.0,20167.22,5148.0,52.0,0,26465.0,42201.0,67872.0,1,20,17445.0,105447.0,45225.0,19,7,37569.0,Y,3112.24,current,M,53,MEDIUM,13.200000000000001,10,595.0,1,3.0
9681,17772,24611.0,12030.37,1569.0,38101.0,1927.92,9441.02,5124.0,57.0,3,82,10,20,17,212500,1,1,1.0,1,100284.85,157624.24,15654.0,-5439.0,15115.24,30753.37,11.0,36,19547.93,22881.59,375284.25,1,14,226428.0,92689.23,46715.0,3,14,299.48,Y,406.8,current,M,33,MEDIUM,2.6,10,249.0,1,7.0
9682,7566,19270.0,22982.67,7268.0,2076.76,2498.86,15742.43,3384.37,14.0,26,48,47,21,3,98000,1,1,1.0,1,83400.3,15957.0,3570.0,0.0,63113.81,65339.0,46.0,2,1060.0,13061.78,21534.37,24,13,14350.0,111446.75,1175.0,2,0,74209.55,Y,5371.53,current,M,28,LOW,0.8,2,683.0,1,9.0
9683,4719,14243.0,21273.76,2038.0,25106.34,2991.0,11449.155,1382.73,5.0,30,4,25,6,2,326000,1,1,1.0,1,12328.75,210651.4,33774.0,6885.0,25599.0,22793.0,70.0,5,139913.0,100685.59,41330.0,2,24,15576.0,149207.95,65142.01,94,83,24800.0,Y,4583.32,current,M,53,HIGH,23.1,7,486.0,1,10.0
9684,9744,12710.0,2421.85,4302.0,50670.0,7649.59,914.0,23315.26,531.0,17,87,1,5,6,466000,1,1,1.0,1,50040.0,62606.0,4699.0,-4679.0,32469.75,23647.0,23.0,7,159847.0,102421.55,15857.86,1,8,53137.0,67987.08,38516.17,4,61,16650.0,Y,3798.9,current,M,60,MEDIUM,16.0,9,538.0,1,4.0
9685,8409,2472.0,38490.0,6200.23,86293.27,6818.58,1274.0,6045.0,2.0,10,7,1,18,98,75000,1,1,1.0,1,53374.97,31730.49,155205.0,14509.0,31755.21,15970.0,46.0,7,51543.25,49856.0,50727.0,3,81,14265.0,81995.46,20683.0,14,11,113727.0,Y,3477.77,current,F,58,LOW,30.400000000000002,8,855.0,0,14.0
9686,20,6337.0,6027.0,10101.0,2381.08,9046.02,5921.945,332.28,8.0,32,13,1,36,26,67000,1,1,1.0,1,102.95,60040.0,20000.0,6613.0,70473.39,31813.3,35.0,1,35962.0,25073.75,43793.0,45,20,32343.0,4181.3,23695.75,21,12,37842.0,Y,1137.39,saving,M,42,MEDIUM,8.8,3,254.0,1,5.0
9687,6817,15400.0,17077.0,2009.0,15260.82,79802.0,21412.0,404.72,7.0,27,27,18,11,12,100000,1,1,1.0,1,19.95,232524.0,36114.0,0.0,24656.64,25738.0,147.0,3,40109.0,19919.39,115263.25,4,20,3016.0,66884.44,25033.6,11,83,26665.0,Y,7445.96,current,M,62,MEDIUM,25.200000000000003,8,259.0,1,8.0
9688,10995,20193.0,5033.885,13359.0,3038.0,1357.61,9696.61,4177.0,44.0,71,10,35,38,7,381000,1,1,1.0,1,124064.65,3651922.3,19081.0,977.0,22085.0,169812.0,82.0,7,20245.0,36157.0,14669.0,50,12,12367.0,23967.72,253888.0,42,113,27750.0,Y,402.19,current,M,223,MEDIUM,121.80000000000001,8,723.0,0,18.0
9689,17556,303912.0,3338.33,11404.01,8471.36,1027.0,2862.0,954.0,44.0,3,2,1,4,10,467000,1,1,1.0,1,168265.55,375000.0,12000.0,1411.0,115203.99,16901.0,18.0,36,42520.0,39567.58,35955.0,3,14,56956.0,123595.85,25749.0,6,68,60332.0,Y,12645.31,saving,M,30,MEDIUM,8.0,6,372.0,1,12.0
9690,8680,110293.0,15501.7,14482.0,6013.07,1830.0,1736.52,18793.0,104.0,22,6,2,3,2,525000,1,1,1.0,1,137260.8,43545.0,38599.0,12415.0,30189.25,70150.8,7.0,3,38344.0,122414.13,683.42,2,12,26438.0,6729.23,20409.0,14,3,21885.83,Y,3293.58,current,M,42,LOW,4.4,3,486.0,1,7.0
9691,14221,4352.0,45984.56,4475.99,228.06,48879.0,7205.2,10750.97,16.0,29,44,4,1,81,298000,1,1,1.0,1,39851.93,40000.0,230000.0,1992.0,237479.25,17014.91,43.0,31,50161.0,18877.83,148090.6,20,69,42082.0,75055.44,70500.5,7,50,58242.0,Y,1401.76,current,M,28,MEDIUM,2.4000000000000004,7,314.0,0,8.0
9692,6642,11379.0,1809.86,5311.0,9918.3,88209.03,2206.575,2615.0,57.0,128,117,24,2,47,304000,1,1,1.0,1,39851.93,992890.32,583.0,977.0,38900.08,67890.0,5.0,3,50448.0,19343.0,181137.72,70,81,13001.0,16606.65,19924.26,21,120,157500.0,Y,12977.93,current,F,32,MEDIUM,3.6,2,867.0,1,14.0
9693,8727,6438.0,31098.74,542.0,1725.75,3633.0,4835.0,9563.03,6.0,2,70,44,1,4,272000,1,1,1.0,1,10006.2,25000.0,678.0,7984.0,14809.49,42319.0,77.0,36,300311.0,8910.0,42157.0,35,78,256212.55,49880.88,27327.84,7,10,15473.0,Y,4810.1,current,M,35,MEDIUM,12.0,3,466.0,1,18.0
9694,10867,14031.0,34642.51,11166.0,12410.48,17605.0,10245.61,2575.0,16.0,99,61,57,1,3,403000,1,1,1.0,1,9542.5,120000.0,1036.0,6613.0,70518.12,83059.0,5.0,14,13475.0,57371.89,44375.5,5,6,52600.0,87282.62,21045.0,2,54,28043.64,Y,2716627.83,current,M,66,MEDIUM,23.0,6,488.0,1,17.0
9695,9967,113659.0,11160.79,1352.5,6371.0,521.92,2592.52,2204.0,16.0,47,14,47,15,1,524000,1,1,1.0,1,81872.65,86666.06,16215.0,1992.0,85919.48,73519.0,147.0,43,26644.5,30924.26,15210.5,2,13,31117.0,5055.01,174473.0,2,8,42322.0,Y,2456.15,current,M,62,MEDIUM,29.400000000000002,10,633.0,1,6.0
9696,10865,11801.0,4331.0,14462.0,24593.11,4266.0,2431.995,2951.0,12.0,23,59,2,5,29,178000,1,1,1.0,1,76122.87,326326.9,3975.0,2921.0,35945.39,111415.0,90.0,4,16988.0,48936.53,21354.0,3,29,33000.0,51993.28,32013.75,22,103,1017.0,Y,3480.56,current,M,28,MEDIUM,1.6,7,855.0,1,17.0
9697,16995,132715.0,922.0,2761.63,24038.97,6744.0,1996.8,727.0,1.0,3,5,24,2,47,326000,1,1,1.0,1,474401.25,117890.0,1611.0,-4664.0,22724.25,13350.0,42.0,3,38641.0,8470.5,6186.0,1,75,97769.0,19244.67,169431.75,40,24,60227.0,Y,1356.31,current,F,34,HIGH,4.2,8,805.0,0,9.0
9698,8112,9813.0,10706.11,20266.0,17931.48,2892.7,4457.935,26595.0,26.0,83,14,50,1,39,378000,1,1,1.0,1,3638.25,15375.23,527.0,5464.0,125697.31,17701.0,42.0,9,33759.0,99834.37,624932.0,6,12,23149.7,25769.59,43757.0,117,38,24583.0,Y,8388.56,current,M,29,LOW,8.1,1,247.0,1,16.0
9699,10340,19835.0,5773.85,5578.0,12763.46,220.0,9723.63,7616.3,56.0,99,89,18,55,68,134000,1,1,1.0,1,59703.93,278904.9,33330.0,0.0,18384.13,31048.9,12.0,6,390.96,59866.46,3287.0,9,108,26621.0,51442.39,68162.29,5,21,24768.0,Y,3184.71,current,M,51,MEDIUM,21.700000000000003,2,536.0,0,11.0
9700,2397,8819.0,7190.67,1469.0,26442.38,748.38,8839.0,3314.0,31.0,17,117,48,15,8,293000,1,1,1.0,1,204585.76,118976.0,462.0,-6301.0,52323.0,303057.5,42.0,5,13506.0,29253.44,18042.0,6,8,144270.0,83807.94,103567.0,42,79,70235.0,Y,1586.92,current,M,47,MEDIUM,16.2,4,258.0,1,7.0
9701,3916,314797.0,2370.0,4704.0,6418.36,3084.5,57504.0,1401.0,10.0,60,50,1,6,11,366000,1,1,1.0,1,26502.28,7051.99,851.0,5439.0,29541.44,42591.0,4.0,26,48465.0,29891.75,158029.62,31,20,113882.0,40937.02,51356.0,39,0,102126.0,Y,540.45,current,M,47,MEDIUM,18.900000000000002,5,268.0,1,8.0
9702,8923,3445.0,8050.52,28534.79,7824.1,2660.2,1426.0,47644.0,531.0,22,67,42,2,4,443000,1,1,1.0,1,89294.6,163.14,96558.0,12965.0,3228.0,36435.25,7.0,19,40139.0,86841.42,78174.88,11,4,29218.0,35604.51,25115.0,6,13,28136.21,Y,3865.87,current,M,34,LOW,7.0,8,428.0,1,8.0
9703,14088,9997.0,17760.25,1311.0,10762.9,808.0,12017.5,6170.0,1.0,84,5,3,51,20,302000,1,1,1.0,1,417.0,141473.07,2156.0,-5715.49022999999,10102.68,165932.0,46.0,0,67900.0,43471.42,72796.49,5,7,28738.0,80173.04,259360.3,7,0,730.0,Y,3444.47,current,M,37,MEDIUM,13.600000000000001,10,859.0,1,12.0
9704,17832,472.0,8409.0,3503.05,7831.16,1016.0,8721.03,574.59,531.0,30,50,15,18,11,298000,1,1,1.0,1,1859872.2,132324.01,11580.0,-12179.0,9692.0,46266.0,2.0,4,55815.0,30465.29,24225.86,43,25,21423.0,17605.68,233021.25,5,124,15607.0,Y,2346.71,current,F,28,MEDIUM,4.0,6,445.0,1,12.0
9705,5439,12111.0,56429.46,3362.0,27134.6,7250.0,40122.81,5300.0,2.0,26,44,1,15,54,25000,1,1,1.0,1,16100.0,217074.0,925.0,6885.0,160956.21,6027.0,40.0,7,307660.0,31333.96,47402.0,2,12,33950.6,19868.39,148283.29,21,14,5820.0,Y,75.8,current,M,37,HIGH,8.5,1,370.0,1,18.0
9706,115,10914.0,2794.88,17900.0,13217.5,33436.86,31349.0,9112.92,136.0,30,11,3,1,47,302000,1,1,1.0,1,56.0,17000.0,4367.0,-5998.43994,12184.0,51912.0,11.0,2,11033.0,88418.61,50576.0,42,70,156312.0,56390.22,342188.0,8,12,46486.0,Y,1334.42,current,F,34,MEDIUM,2.8000000000000003,3,261.0,1,13.0
9707,19025,3730.0,8619.33,7503.0,8922.86,725.0,3307.0,2138.0,101.0,34,32,19,14,13,27000,1,1,1.0,1,185669.2,50000.0,24094.0,553.0,17160.98,77294.0,16.0,5,304848.0,31105.27,92529.0,2,7,175098.0,111929.33,52325.0,49,65,31000.0,Y,282.64,current,M,33,MEDIUM,10.4,7,748.0,1,8.0
9708,13383,2546.0,4276.0,3136.0,1339.93,1137.0,6959.0,936.06,60.0,99,52,7,4,4,286000,1,1,1.0,1,4731.1,257406.7,539.0,2500.0,3787.04,110035.0,18.0,3,23903.0,75289.31,24371.0,4,69,160060.0,68223.11,61898.0,9,10,102207.0,Y,108.52,current,M,37,HIGH,3.4000000000000004,8,233.0,0,4.0
9709,12897,134309.0,13516.0,598.0,5172.06,2026.0,2955.0,5170.2,26.0,2,32,2,44,47,369000,1,1,1.0,1,5210.85,60040.0,45000.0,553.0,27557.25,40546.87,6.0,3,45019.35,127965.81,30026.0,45,70,31787.0,109208.45,194853.01,9,73,34760.0,Y,2098.5,current,M,34,MEDIUM,2.8000000000000003,7,451.0,0,16.0
9710,4237,2484.0,46945.25,3229.0,52028.92,2573.0,19871.67,2150.0,6.0,29,7,1,2,2,512000,1,1,1.0,1,60800.0,382191.0,126001.0,-6301.0,1078.24,27279.66,11.0,5,20654.0,12864.89,53118.0,3,7,21000.0,15172.68,25033.6,14,18,43206.0,Y,1552.29,current,F,55,MEDIUM,17.5,5,538.0,1,5.0
9711,4034,16915.0,20672.47,2270.4,99664.9,870.42,4423.52,30020.0,8.0,10,112,4,6,80,49999,1,1,1.0,1,4614669.901,152391.0,12500.0,-4664.0,27009.48,288212.0,11.0,7,33434.0,33455.1,16625.53,9,8,40657.0,28777.0,44257.0,5,79,82500.0,Y,55161.6,current,M,47,MEDIUM,16.2,1,574.0,1,8.0
9712,791,2426.0,419.0,9900.0,11249.0,7316.1,5961.0,9684.2,26.0,5,49,1,18,16,382000,1,1,1.0,1,9717.55,470000.0,19081.0,418.0,89678.96,91673.0,11.0,15,170000.0,156305.06,31594.0,6,14,50334.0,26232.43,57327.0,94,7,26304.0,Y,8483.77,current,M,28,MEDIUM,8.0,2,737.0,1,5.0
9713,19811,177739.0,3363.5,16393.0,6796.74,347.0,7388.0,1813.0,63.0,23,1,82,2,1,448000,1,1,1.0,1,1220.0,6574.31,694.0,35346.0,6673.0,74130.37,3.0,35,52897.0,53656.8,59718.5,7,11,42600.0,22406.84,669.56,14,1,31148.0,Y,7151.5,saving,M,35,MEDIUM,10.5,9,355.0,1,8.0
9714,4869,8106.0,5393.56,2618.06,843.5,1155.08,16629.0,3306.0,100.0,1,29,8,6,1,28000,1,1,1.0,1,4839.6,376694.91,60000.0,-6301.0,8570.73,116360.0,11.0,3,61858.0,47866.93,221009.0,3,50,8324.0,17794.02,38865.72,13,83,179347.0,Y,4978.08,current,M,27,MEDIUM,3.5,5,623.0,1,17.0
9715,2043,322129.0,27109.0,5602.0,1757.06,3259.5,52807.37,629.0,3.0,128,60,25,62,75,25000,1,1,1.0,1,360978.37,267421.4,6100.0,12415.0,33143.05,42200.0,77.0,1,25.88,53187.0,93987.13,70,77,34589.0,6128.0,56616.0,3,80,76902.0,Y,11210.95,current,M,35,LOW,13.5,5,805.0,0,10.0
9716,13610,15951.0,4853.57,2700.48,14626.0,818.0,20920.935,3188.5,28.0,18,44,30,37,2,429000,1,1,1.0,1,39851.93,65174.0,126001.0,1500.0,224132.57,71779.0,11.0,4,95057.0,50527.21,43662.0,1,20,49994.25,176017.67,98316.0,2,1,29254.0,Y,3953.58,current,M,60,MEDIUM,40.0,10,748.0,0,3.0
9717,19719,13641.0,27483.07,4019.3,4711.4,36179.35,6763.0,19134.89,10.0,18,14,3,11,11,378000,1,1,1.0,1,327324.9,1423567.1,639.0,6916.0,60485.05,20106.88,52.0,5,10564.0,76190.41,74397.0,6,81,49994.25,34057.87,534467.0,3,9,5085.0,Y,4126.35,current,M,33,MEDIUM,7.800000000000001,9,511.0,1,20.0
9718,3971,318070.0,4268.44,48394.0,1288.67,3879.0,8789.81,30020.0,14.0,36,74,1,55,11,45000,1,1,1.0,1,75240.45,409168.15,30071.0,1992.0,44635.28,79624.0,42.0,4,60946.0,69555.0,34297.0,24,5,44334.0,82738.54,69619.0,5,18,665.0,Y,15617.44,saving,M,38,MEDIUM,16.2,7,233.0,1,5.0
9719,19244,19750.0,86744.95,342.0,16640.17,3137.4,4583.0,3771.34,1.0,10,64,50,1,37,576000,1,1,1.0,1,32877.41,330001.0,536.0,-3053.0,52922.0,27950.0,57.0,1,45950.0,56099.67,79430.25,7,108,118523.0,30446.0,43011.0,62,32,12794.0,Y,7109.12,current,M,36,MEDIUM,11.200000000000001,2,748.0,1,12.0
9720,19431,12984.0,16407.19,28824.27,4347.5,819.0,4088.0,1299.0,8.0,6,87,2,2,70,352000,1,1,1.0,1,76294.6,148150.33,3975.0,0.0,14524.88,25261.69,89.0,30,23673.0,15554.22,48060.0,4,8,26097.0,2338.7,35428.0,5,83,7000.0,Y,2291.34,current,F,64,LOW,22.0,2,814.0,1,17.0
9721,18025,114417.0,6269.7,1185.5,2478.0,4691.0,4726.345,3328.34,18.0,84,17,39,3,67,84000,1,1,1.0,1,825.0,1034285.63,300500.0,-7652.0,1661.0,92777.0,46.0,11,27701.0,22291.0,18180.0,4,81,67746.0,98712.02,20492.0,117,61,28676.0,Y,2114.89,current,M,31,MEDIUM,7.7,9,723.0,1,3.0
9722,12148,133843.0,9228.34,10381.0,24403.88,39467.74,26434.0,4784.32,2.0,66,1,60,18,1,59000,1,1,1.0,1,213557.15,68663.61,24250.0,1522.0,71334.0,26243.84,8.0,5,14663.0,103610.05,94024.0,9,69,94771.0,72850.64,1410.0,10,0,92482.0,Y,3215.83,current,M,30,MEDIUM,1.0,4,516.0,1,17.0
9723,7008,234184.0,13913.25,24988.34,17541.67,1828.96,2297.0,11160.0,2.0,93,49,2,6,81,408000,1,1,1.0,1,148705.0,633323.83,1255.0,12163.0,31597.04,100975.0,87.0,3,11670.0,92531.51,26821.0,9,171,2350.0,159307.29,45495.0,8,54,32003.0,Y,13254.01,current,M,37,MEDIUM,11.9,4,723.0,1,15.0
9724,19940,13161.0,985.5,4667.0,3508.69,20101.0,13609.93,21605.0,4.0,10,14,2,2,47,147000,1,1,1.0,1,384550.05,95081.0,25849.0,167.0,24448.0,6579.0,42.0,14,14364.0,26353.35,35362.27,1,20,15990.0,44857.9,75254.0,8,26,45935.0,Y,9020.87,current,M,30,MEDIUM,9.0,6,371.0,0,11.0
9725,17738,117156.0,4647.64,253.0,938.93,2259.0,10289.0,37911.0,25.0,3,17,2,2,11,565000,1,1,1.0,1,825.0,14000.0,130000.0,20324.0,27701.27,39509.0,8.0,7,27009.0,26871.59,24925.86,1,59,31740.0,36370.62,94629.0,2,11,37750.49,Y,875.19,current,M,30,MEDIUM,3.0,1,270.0,1,7.0
9726,1854,9618.0,16430.03,2164.0,34449.58,14868.76,75083.35,2403.9,6.0,10,74,39,3,42,152000,1,1,1.0,1,20049.0,210651.4,25000.0,12965.0,41305.25,28768.0,91.0,3,102262.0,113340.99,50134.0,43,8,20151.0,103686.17,71652.29,1,18,45228.0,Y,590.02,saving,M,33,LOW,5.2,9,258.0,1,20.0
9727,10906,18889.0,22658.0,5075.48,5035.0,53018.0,4049.0,1361.0,24.0,13,87,4,15,11,271000,1,1,1.0,1,4.5,64491.0,8333.0,2819.0,62261.09,30046.0,39.0,3,102695.25,29891.75,37655.0,2,4,27395.0,26882.33,131117.0,49,80,28247.0,Y,6835.52,current,F,53,MEDIUM,33.0,7,245.0,1,14.0
9728,3921,4847.0,9562.0,5311.0,1462.78,88209.03,864.0,10086.0,6.0,8,47,48,9,1,307000,1,1,1.0,1,39851.93,376694.91,12000.0,6916.0,20731.57,17250.0,69.0,3,8662.0,19925.25,31947.0,1,29,20051.0,7584.0,21769.0,2,28,25933.8,Y,1548.51,current,M,32,MEDIUM,7.2,7,485.0,1,7.0
9729,17621,334.0,1266.31,662.0,8090.5,5282.0,32570.27,2935.0,92.0,56,74,1,51,53,199999,1,1,1.0,1,238733.0,376694.91,16068.0,19453.0,140718.5,151836.0,11.0,5,40117.0,13780.5,220178.0,2,20,94833.0,64486.12,308.0,4,10,25396.0,Y,17599.29,current,M,34,MEDIUM,11.200000000000001,10,743.0,1,6.0
9730,17900,2592.0,12333.32,2158.0,26743.68,4060.0,51004.07,3867.6,6.0,77,110,60,1,1,124000,1,1,1.0,1,42460.6091,560000.0,536.0,1500.0,194543.51,70121.0,11.0,5,16921.0,31033.65,17256.74,31,171,88260.0,222421.65,90755.5,2,21,156832.0,Y,8480.5,current,M,30,HIGH,10.0,7,748.0,1,4.0
9731,19056,8386.0,7462.6,27995.0,10028.7,3602.87,1647.0,4684.13,44.0,3,112,4,15,54,190000,1,1,1.0,1,4400.0,232235.65,300500.0,12299.0,58130.34,24789.0,84.0,27,34617.0,8872.11,12109.0,3,59,23726.0,139625.75,65851.0,6,54,56708.0,Y,2489.08,current,F,49,MEDIUM,26.1,7,248.0,1,5.0
9732,3569,4107.0,51460.19,3503.05,3295.25,2903.75,2581.0,637.0,5.0,23,6,7,1,56,26000,1,1,1.0,1,1220.0,6574.31,15756.0,-7652.0,3703.82,91944.0,42.0,3,42703.0,44190.0,24141.0,1,25,14441.0,51882.54,2495.0,4,11,118159.0,Y,18717.09,saving,M,33,MEDIUM,11.700000000000001,2,647.0,0,3.0
9733,17739,142156.0,3297.37,7352.92,4406.0,364.0,35164.34,887.0,3.0,29,7,44,15,58,319000,1,1,1.0,1,48624.7,7576.0,508.0,903.0,74009.75,377549.0,16.0,1,58394.0,36835.89,41617.58,5,23,20156.0,29382.25,32778.0,3,100,66494.0,Y,5196.34,current,M,66,MEDIUM,32.2,8,525.0,0,2.0
9734,9313,2201.0,33753.15,12601.65,13505.21,7388.28,7315.52,727.0,92.0,15,59,2,63,98,50900,1,1,1.0,1,11878.6,117890.0,48950.0,6885.0,25117.02,22106.0,63.0,3,28876.0,46827.75,29226.0,47,5,15990.0,66727.34,25612.01,4,1,211500.0,Y,746.36,current,M,58,MEDIUM,34.2,1,708.0,1,5.0
9735,18039,7649.0,7370.54,4821.54,12916.37,5381.0,5608.0,330.0,7.0,18,32,1,1,2,381000,1,1,1.0,1,386666.75,43.0,908.0,1465.0,5186.67,111361.91,29.0,3,42520.0,50662.74,51895.0,7,12,20309.0,49381.85,275178.22,94,83,62491.0,Y,1360.05,current,M,33,LOW,1.3,7,867.0,1,14.0
9736,11712,97146.0,1357.44,12701.75,3829.0,547.0,128077.86,8650.0,10.0,22,44,8,1,8,378000,1,1,1.0,1,24129.0,35000.0,500718.0,1014.0,30636.25,14078.03,46.0,26,21551.0,235324.01,194047.0,2,50,85425.0,218646.73,85588.5,5,7,39415.0,Y,1655.2,current,M,56,MEDIUM,3.6,7,233.0,1,5.0
9737,12888,761.0,12859.33,4692.66,1736.88,7101.0,650.5,295.2,6.0,1,35,26,3,2,447000,1,1,1.0,1,180615.02,3084.5,48950.0,1500.0,190.0,151446.72,11.0,36,3112.0,161420.93,78013.86,5,11,55504.0,15314.0,33279.0,21,18,19106.0,Y,63302.99,current,M,44,LOW,9.600000000000001,8,945.0,1,4.0
9738,13947,35075.0,4286.86,7388.0,8650.9,795.0,16044.305,2141.0,9.0,9,72,3,7,3,44000,1,1,1.0,1,825.0,117890.0,768.0,3735.0,91792.59,50784.0,55.0,3,38269.0,52082.0,5119.0,35,20,33077.0,37356.07,121350.24,9,63,27939.0,Y,5048.42,current,M,35,MEDIUM,13.5,1,554.0,0,2.0
9739,11337,15102.0,11674.64,1343.0,81840.16,14298.0,8506.43,2994.76,2.0,3,72,3,25,80,466000,1,1,1.0,1,130319.0,356899.37,29542.0,8572.0,45633.99,26108.92,10.0,1,11200.0,86615.76,54310.0,2,78,26083.0,58847.88,105222.0,4,79,31725.0,Y,5333.82,current,M,223,MEDIUM,81.2,8,750.0,1,8.0
9740,7043,10135.0,12506.23,542.0,4576.47,9138.14,10190.0,6109.0,25.0,26,10,1,3,5,199999,1,1,1.0,1,213557.15,1187335.5,15477.0,5730.0,20854.33,78329.0,4.0,0,20962.0,41635.61,41041.0,3,5,14580.9,44255.98,33200.0,4,49,24386.0,Y,41741.65,current,M,44,LOW,14.4,5,488.0,1,19.0
9741,6616,6546.0,2587.0,2504.0,5272.0,83410.0,41268.0,19810.0,44.0,16,50,11,7,12,289000,1,1,1.0,1,4120.0,91747.0,4699.0,3897.0,32912.8,97503.42,3.0,31,54923.0,1862.0,52604.0,2,4,13191.0,74799.69,20519.0,9,124,37842.0,Y,5084.65,current,M,27,MEDIUM,0.7000000000000001,5,945.0,1,7.0
9742,2211,17691.0,2222.5,1774.02,39651.0,18653.0,742.08,5400.0,7.0,66,84,2,12,1,147000,1,1,1.0,1,148705.0,18955.76,48950.0,5439.0,84701.93,131600.0,46.0,30,31094.2,53300.63,19632.5,2,49,17994.0,14407.76,31316.2,13,0,102034.0,Y,10379.77,current,M,33,LOW,11.700000000000001,9,684.0,0,7.0
9743,15957,134371.0,19438.61,17106.94,362.5,1711.0,25468.74,991.0,8.0,5,50,4,1,13,423000,1,1,1.0,1,12850544.36,143000.0,891.0,-5998.43994,55294.11,10739.0,7.0,1,19250.5,37401.97,21181.0,11,20,36602.0,7917.88,22688.06,1,50,32717.0,Y,4354.47,saving,M,53,MEDIUM,29.700000000000003,7,927.0,1,12.0
9744,4857,14137.0,4853.0,1837.0,16249.01,22212.0,9001.04,514.0,1.0,3,50,1,25,11,27000,1,1,1.0,1,526.25,482147.0,36114.0,3897.0,5112.0,140175.0,4.0,13,16369.0,11816.22,101830.0,2,46,41559.0,47125.23,22118.5,14,49,18052.0,Y,2891.23,current,M,53,MEDIUM,33.0,10,867.0,1,11.0
9745,5330,20428.0,38771.17,195.21,39501.07,1254.0,4007.135,4781.52,17.0,1,19,2,3,12,256000,1,1,1.0,1,28482.5,119831.0,43908.0,12174.0,30399.15,23434.97,11.0,19,17175.0,30285.63,25432.0,3,6,81117.0,22544.7,39825.15,21,72,25945.92,Y,4978.74,saving,M,47,LOW,8.1,1,631.0,1,7.0
9746,18513,1025.0,3744.0,2033.0,43109.56,4161.0,8902.14,8450.95,57.0,13,50,44,1,3,28000,1,1,1.0,1,253302.0,202560.0,130000.0,5464.0,216.25,44957.0,62.0,17,16498.0,36703.0,219757.0,3,20,27850.0,67891.35,21216.18,2,63,37069.0,Y,2929.23,saving,M,62,MEDIUM,16.8,3,394.0,1,19.0
9747,8158,3200.0,16859.1,4770.0,7006.48,748.38,4583.0,4554.43,10.0,66,3,39,6,10,525000,1,1,1.0,1,291969.2,17000.0,768.0,20513.0,54038.75,28216.24,42.0,33,143699.0,31886.0,407045.0,19,69,43291.0,44584.63,7460.83,1,79,43500.0,Y,15503.23,current,M,47,MEDIUM,10.8,7,653.0,1,15.0
9748,7248,233082.0,9986.43,128.5,74434.0,4853.0,17780.25,3877.52,100.0,2,1,8,4,17,104000,1,1,1.0,1,165907.57,429273.4,25508.0,5340.0,35475.4,12739.0,32.0,26,5255.0,167540.03,64608.05,3,29,24702.0,33856.86,290641.5,3,12,30753.0,Y,193.61,current,M,33,LOW,6.5,5,330.0,1,13.0
9749,2678,3723.0,3771.52,1567.0,25830.34,6284.0,13395.5,105631.0,19.0,25,72,26,2,58,430000,1,1,1.0,1,168265.55,60040.0,15756.0,171.0,55921.18,158503.82,84.0,4,76374.0,105779.92,287111.0,2,5,11541.0,105668.76,22688.0,58,75,189.29,Y,1028.42,current,F,219,MEDIUM,59.7,5,330.0,1,14.0
9750,4520,17519.0,15527.87,29778.25,31762.4,3471.0,14123.3,23315.26,63.0,128,5,3,60,56,104000,1,1,1.0,1,10725.8,105000.0,3850.0,1411.0,27174.0,46721.0,46.0,18,50322.0,43666.0,97453.0,1,6,48524.0,21128.29,75595.0,40,124,2510.0,Y,3332.96,current,M,27,MEDIUM,2.8000000000000003,10,686.0,0,19.0
9751,7245,142083.0,11339.8,3016.0,11906.75,14298.0,36608.5,110.5,6.0,22,50,35,4,5,124000,1,1,1.0,1,506688.65,170989.0,15654.0,-5715.49022999999,35413.4,63069.0,84.0,13,119741.0,32597.2,36725.0,4,14,6546.66,35391.08,20336.0,5,3,11440.0,Y,4634.27,current,M,62,MEDIUM,12.600000000000001,8,445.0,1,9.0
9752,18109,20056.0,1899.38,5209.0,117796.06,4426.95,11956.0,2264.1,5.0,1,1,54,1,10,28000,1,1,1.0,1,9649.6,78050.0,51520.0,1465.0,246324.28,34497.0,43.0,4,166838.0,70834.87,27531.0,2,8,83255.0,18608.63,35880.0,5,10,74946.0,Y,3892.22,current,M,44,LOW,16.8,10,355.0,0,16.0
9753,4617,13199.0,20672.47,54611.24,62283.0,122.0,2394.805,2761.0,56.0,10,10,1,60,29,326250,1,1,1.0,1,5324.49,12000.0,22000.0,4512.0,36167.79,13188.0,77.0,5,24135.0,29766.21,114189.0,2,50,21380.0,17486.75,20230.0,2,83,68192.0,Y,11112.47,current,M,46,MEDIUM,26.0,3,324.0,1,5.0
9754,9574,18844.0,1881.76,24183.32,22431.93,488.0,65493.5,2148.0,37.0,2,5,8,2,17,130000,1,1,1.0,1,568.8,87578.0,5797.0,2337.0,11469.74,72850.0,16.0,2,272830.0,65329.54,54091.87,70,6,31501.0,31791.0,140550.0,2,11,22533.0,Y,6236.79,current,M,28,LOW,5.6000000000000005,3,371.0,0,11.0
9755,2108,17012.0,10300.5,5417.92,1323.99,1271.75,6340.0,32432.0,124.0,66,67,82,2,17,84000,1,1,1.0,1,58928.67,31000.0,15756.0,-5998.43994,52117.69,70771.0,63.0,1,27542.0,13732.7,108417.0,5,108,17405.0,17210.03,60285.0,43,63,17102.0,Y,3819.44,current,M,56,MEDIUM,7.2,4,623.0,0,12.0
9756,18867,15104.0,2927.0,9797.0,9972.42,4019.0,777.0,5304.0,59.0,77,11,1,60,8,327000,1,1,1.0,1,510.6,190887.4,2214.0,1079.0,34616.31,40047.0,46.0,35,20914.0,15818.0,32591.0,0,18,28923.0,63488.58,37705.0,6,113,15297.0,Y,613.27,current,M,62,LOW,25.200000000000003,7,799.0,1,5.0
9757,18225,5318.0,7952.29,2405.9,26022.5,7909.0,2505.0,592.0,16.0,10,7,18,2,98,483000,1,1,1.0,1,26360.0,184514.0,16215.0,6260.0,42986.0,11071.0,94.0,31,36977.0,14899.29,70547.0,1,82,485000.0,83958.74,50252.0,3,21,61378.03,Y,4421.22,current,M,31,MEDIUM,9.9,7,927.0,1,20.0
9758,17927,434.0,23070.95,526.01,614.0,33405.0,10134.5,722.74,26.0,30,7,1,3,6,402000,1,1,1.0,1,53374.97,121927.8,731.0,7478.0,61132.0,296.0,46.0,23,53007.0,19097.6,11432.0,6,5,111955.31,55235.4,25243.0,3,6,63725.0,Y,2771.27,saving,M,220,LOW,100.0,5,574.0,1,9.0
9759,1984,12414.0,12585.11,1360.0,31304.0,11847.0,57545.2,4185.0,6.0,9,23,18,31,30,139999,1,1,1.0,1,120781.35,200000.0,130000.0,1992.0,6967.64,45680.0,32.0,1,16810.0,20918.5,272268.5,2,70,83127.0,34064.76,151650.0,117,106,60363.0,Y,4756.41,current,M,30,HIGH,2.0,3,464.0,1,13.0
9760,9138,287616.0,1268.8,8230.0,7481.58,1454.0,859.34,345.48,2.0,30,13,2,11,64,104000,1,1,1.0,1,360978.37,5241.0,3546.0,14509.0,93224.0,53041.0,7.0,2,11492.0,21865.0,29139.0,4,20,75522.0,51501.02,30796.0,94,6,20143.0,Y,33467.88,current,M,33,MEDIUM,6.5,6,247.0,0,14.0
9761,9052,207792.0,56001.71,2150.01,1547.98,856.0,675.53,3567.0,7.0,60,13,2,55,44,68000,1,1,1.0,1,3299447.136,25000.0,18389.0,6613.0,150015.25,257.0,3.0,5,113330.0,36821.55,27069.0,9,44,43264.0,10549.75,39144.05,94,83,25652.0,Y,6240.77,current,M,35,MEDIUM,12.0,9,330.0,1,9.0
9762,16121,14001.0,5329.22,960.0,27034.0,1149.84,10919.425,2404.82,52.0,13,3,10,56,41,256000,1,1,1.0,1,71020.5,31871.49,565.0,1429.0,41842.22,3657.0,5.0,1,15683.78,18224.26,16600.0,6,8,19483.0,74669.5,121329.0,117,78,14715.0,Y,978.13,current,F,118,MEDIUM,49.0,8,805.0,1,13.0
9763,4399,392898.0,9277.0,1870.0,1756.0,3536.38,30517.0,2164.0,8.0,13,5,30,3,12,443000,1,1,1.0,1,3638.25,273221.0,1526.0,1992.0,23847.0,159230.43,70.0,0,23627.0,42566.26,53243.0,4,40,22811.2,260335.29,82462.0,41,8,3613.27,Y,9197.61,current,M,28,MEDIUM,7.2,4,537.0,1,18.0
9764,408,19266.0,24705.74,8202.86,14153.57,1320.0,4913.69,2341.0,63.0,71,47,12,3,42,199999,1,1,1.0,1,61186.36,280000.0,57899.0,6441.0,270462.0,71800.96,103.0,15,9015.73,46469.17,81283.0,6,6,29586.0,33469.36,14248.0,3,50,16169.0,Y,271.66,current,M,31,MEDIUM,2.2,3,743.0,0,4.0
9765,18089,13366.0,5305.85,3840.0,28387.92,2887.48,2045.46,6069.0,57.0,6,30,39,1,47,522000,1,1,1.0,1,11027.5,16000.0,155205.0,5773.0,96641.86,44822.0,11.0,0,22978.0,523432.27,20265.0,6,82,54428.0,267.0,9457.71,5,17,21434.0,Y,6011.95,current,M,47,MEDIUM,24.3,10,867.0,1,14.0
9766,675,6746.0,28656.0,14825.95,11409.0,7997.0,20382.7,623.0,26.0,77,117,20,2,26,471000,1,1,1.0,1,306.4,29479.0,126001.0,1500.0,38411.0,13436.0,39.0,2,43792.81,18795.02,48994.0,6,20,174256.0,12297.84,79156.0,13,83,63000.0,Y,14592.19,current,M,47,LOW,13.5,7,296.0,0,18.0
9767,15375,14520.0,13717.16,1179.05,3896.0,5923.0,6167.64,1120.73,2.0,71,30,53,1,8,17000,1,1,1.0,1,1269.2,40000.0,519.0,3897.0,69465.62,4310.0,10.0,4,24118.0,46913.4,43040.0,23,25,29284.0,4691.89,443396.33,8,22,54012.0,Y,3020.19,current,M,28,MEDIUM,0.8,10,887.0,1,13.0
9768,2539,168292.0,3874.6,8168.26,10944.03,2942.95,16148.83,428.52,104.0,66,72,15,4,37,225000,1,1,1.0,1,5383.25,655638.0,1018.0,8723.0,11131.0,21176.0,29.0,0,110360.0,2259.59,33102.0,16,14,23858.0,79419.77,58740.35,94,6,39190.0,Y,2131.6,current,F,47,MEDIUM,2.7,4,771.0,0,10.0
9769,10476,9184.0,4038.05,9734.5,12919.17,3264.84,7559.82,4971.0,67.0,77,44,5,2,64,402000,1,1,1.0,1,811110.0,470000.0,25002.0,2921.0,118237.91,55021.0,89.0,2,17946.0,36150.29,129954.0,4,5,66800.0,29724.51,133688.0,13,11,13172.61,Y,7838.48,saving,M,54,MEDIUM,23.8,1,802.0,1,2.0
9770,13792,15139.0,8597.0,1588.0,10260.69,3680.0,19871.67,614.0,44.0,5,19,18,62,26,27000,1,1,1.0,1,31324.0,7576.0,93651.0,6916.0,85393.86,38008.49,90.0,36,350000.0,30331.0,10028.06,35,108,52127.0,44218.14,51036.0,22,57,21210.0,Y,7783.53,current,M,34,MEDIUM,2.8000000000000003,2,464.0,1,18.0
9771,6188,99881.0,10081.17,8506.0,23396.92,2357.05,3589.99,1784.3,6.0,46,74,39,4,1,273000,1,1,1.0,1,66191.5,75925.0,298472.0,9827.0,16088.37,87556.54,4.0,2,40910.0,545369.07,29605.0,3,5,21225.0,72921.78,32753.0,14,73,117554.0,Y,7880.97,current,M,38,MEDIUM,10.8,3,558.0,0,5.0
9772,17049,670.0,1206.56,13206.31,70611.78,1297.84,12711.62,10279.0,6.0,5,74,1,4,42,170000,1,1,1.0,1,18847.5,110135.86,2158.0,1429.0,23228.77,70127.38,147.0,4,242287.0,28200.75,27276.5,70,18,18594.0,23158.31,81939.0,94,0,123500.0,Y,587.22,current,M,55,MEDIUM,7.0,2,446.0,1,19.0
9773,11360,4731.0,56929.92,1446.0,1643.83,4819.0,9470.76,3218.0,8.0,10,7,47,1,98,505000,1,1,1.0,1,89908.8,636413.11,19176.0,7478.0,30636.25,22376.58,18.0,11,59992.0,223707.91,7687.0,3,171,45000.47,83154.0,25205.0,13,10,31498.0,Y,5243.43,current,M,47,MEDIUM,24.3,4,296.0,1,14.0
9774,6894,204712.0,11635.0,9384.21,96139.95,5706.0,39518.825,1511.3,57.0,93,3,47,44,1,406000,1,1,1.0,1,7089.7,234459.4,8333.0,5340.0,64686.05,59113.0,9.0,31,29455.0,37937.92,60116.0,11,7,1993.08,39264.63,19604.0,94,80,35142.0,Y,26992.12,saving,M,42,MEDIUM,2.2,1,355.0,1,12.0
9775,2705,98721.0,29183.07,314.88,5482.63,7066.0,4916.78,3376.0,44.0,81,6,2,2,26,595000,1,1,1.0,1,5215.0,17000.0,18257.0,35346.0,135437.42,42128.0,11.0,31,37860.0,26886.27,42731.0,23,1,99798.0,73527.07,16313.25,5,6,11443.0,Y,189.17,current,M,40,MEDIUM,18.0,9,685.0,1,7.0
9776,865,19649.0,15024.15,1725.0,75842.22,598.76,3075.0,5808.68,24.0,26,10,6,3,1,290000,1,1,1.0,1,1234298.9,157000.0,3570.0,-402.0,109571.0,15232.0,103.0,4,1250.0,60754.0,37817.0,9,42,32416.0,70533.11,73028.0,93,12,22933.0,Y,5218.06,saving,M,31,MEDIUM,3.3000000000000003,4,485.0,1,14.0
9777,3127,10627.0,18132.0,1836.93,5968.5,1523.0,35061.95,252.0,3.0,1,35,17,5,42,167000,1,1,1.0,1,13849.4,1194405.5,130000.0,-4664.0,71819.03,237143.0,18.0,4,168332.85,1577.07,46079.0,11,59,46686.0,39264.63,59152.0,94,65,32683.53,Y,727.03,current,M,33,HIGH,5.2,1,536.0,0,13.0
9778,10855,13149.0,89229.84,12590.0,4072.23,9954.0,13310.55,3049.0,2.0,17,6,48,3,17,400000,1,1,1.0,1,5809950.0,202560.0,505.0,-4324.0,69274.77,32307.0,11.0,43,20916.0,10655.97,67503.0,1,69,130790.0,121417.84,8815.0,47,103,49994.0,Y,8200.0,saving,F,42,MEDIUM,6.6000000000000005,5,385.0,1,3.0
9779,13061,335207.0,19676.84,2683.0,1737.64,1278.6,4426.62,4018.52,2.0,8,52,3,18,22,494000,1,1,1.0,1,81284.7,165970.9,230000.0,3897.0,71441.43,48598.72,29.0,35,56333.0,95430.43,160685.92,4,7,25938.0,53367.05,19897.0,7,1,26029.0,Y,1528.76,saving,M,30,MEDIUM,1.0,9,700.0,1,20.0
9780,6813,6891.0,2541.0,3197.85,6452.33,1572.0,33578.105,2282.0,19.0,2,13,2,2,41,408000,1,1,1.0,1,76122.87,2625.16,45000.0,6885.0,139012.68,140175.0,103.0,19,17684.0,120230.3,56267.84,70,7,278302.0,581194.1,51063.25,14,11,232.0,Y,30863.57,current,M,62,MEDIUM,8.4,6,858.0,1,16.0
9781,15774,219025.0,3677.84,3362.0,11294.24,34158.95,8628.02,710.7,12.0,36,112,57,9,3,660000,1,1,1.0,1,23221.65,25404.0,711.0,-3506.17993,150153.76,19836.0,16.0,0,27784.0,41009.63,20353.0,0,20,19962.0,42109.17,20783.0,21,104,173252.0,Y,8101.76,current,M,53,HIGH,19.8,5,743.0,0,7.0
9782,6565,5525.0,9094.46,3311.0,24051.46,12489.0,6795.0,1799.0,19.0,5,19,6,4,9,340000,1,1,1.0,1,825.0,31000.0,13873.0,691.0,35199.44,25510.0,7.0,7,109701.0,127103.3,84757.0,50,11,67900.0,25182.0,68436.12,5,15,16763.0,Y,22219.32,saving,M,30,MEDIUM,9.0,9,123.0,1,20.0
9783,9262,324298.0,54939.21,72167.0,4327.6,1640.46,3782.79,3457.55,18.0,5,61,1,2,55,28000,1,1,1.0,1,60800.0,191000.0,2214.0,1500.0,93780.71,44997.0,24.0,5,101982.75,124110.5,12098.0,9,25,155168.0,53872.62,70343.0,4,11,36397.0,Y,10633.85,saving,M,58,MEDIUM,22.8,7,748.0,0,5.0
9784,16775,84874.0,1627.755,724.73,3001.95,3631.4,16527.0,8629.0,43.0,56,50,7,51,2,44000,1,1,1.0,1,140291.6,114.74,24619.0,0.0,45799.3,46768.0,7.0,36,27507.0,44082.53,71128.36,1,2,33717.0,41082.0,199170.0,12,49,36369.0,Y,6603.9,current,M,47,HIGH,27.0,5,394.0,0,5.0
9785,5342,12430.0,6650.24,5307.78,3164.0,2639.6,1380.6,908.0,24.0,46,67,1,1,47,341000,1,1,1.0,1,13279.75,125000.0,1266.0,3897.0,52634.0,34447.0,7.0,2,40544.0,134272.88,24799.16,45,2,52915.0,34803.99,131718.0,2,18,25945.92,Y,289.0,current,M,66,HIGH,9.200000000000001,6,628.0,1,5.0
9786,16239,3472.0,8723.58,2188.0,3715.845,21768.0,1274.0,1144.44,2.0,5,87,2,18,1,49999,1,1,1.0,1,3101.3,482147.0,230000.0,1444.0,280785.29,52327.0,15.0,1,30370.0,16620.58,194888.45,1,20,22702.0,65523.35,53959.0,2,36,340499.0,Y,2469.92,saving,M,28,MEDIUM,3.2,2,710.0,0,5.0
9787,12466,4622.0,3159.62,10101.0,20140.0,13230.73,1357.52,3778.0,2.0,50,49,2,44,3,371000,1,1,1.0,1,127004.3,177795.8,15477.0,6916.0,13584.25,64589.12,11.0,35,31027.0,44416.81,50361.57,1,20,560.0,18109.53,46760.0,6,32,18840.0,Y,78315.93,saving,M,34,MEDIUM,4.2,3,802.0,1,6.0
9788,7812,10988.0,11933.96,2774.45,2839.64,17205.0,9635.255,204.0,26.0,29,4,20,46,1,330000,1,1,1.0,1,360978.37,95081.0,5905.0,19453.0,60540.15,9800.0,4.0,3,53025.0,35404.28,53992.5,45,30,52971.0,209460.5,66290.0,7,11,35207.0,Y,1696.09,current,M,55,MEDIUM,28.0,2,274.0,1,15.0
9789,2365,2572.0,36655.61,15085.0,12524.1,1876.5,19018.17,295.2,16.0,5,19,1,51,47,186000,1,1,1.0,1,3575.5,3342.51,1374.0,1411.0,217133.05,64206.0,18.0,35,96111.0,49252.13,32769.5,4,70,122301.0,109772.91,8372.0,6,120,36800.0,Y,717.47,current,M,32,MEDIUM,2.4000000000000004,9,859.0,1,9.0
9790,10832,2395.0,4535.49,303.0,2965.0,6617.78,20597.25,1525.0,104.0,5,13,5,2,5,302000,1,1,1.0,1,51291.45,78744.56,57899.0,5773.0,25107.62,53746.0,42.0,36,21779.0,6795.83,53992.5,3,23,21983.0,39344.78,4153.0,49,7,31083.0,Y,7644.63,current,M,67,LOW,42.300000000000004,9,464.0,1,2.0
9791,18544,14556.0,15376.0,4613.0,12928.0,182.0,1719.0,3667.0,24.0,29,13,8,1,30,383000,1,1,1.0,1,29424.37,201000.0,68000.0,-4679.0,7716.25,41391.0,7.0,17,13428.0,161420.93,2030.0,3,13,27591.0,10087.63,157120.0,5,21,32115.0,Y,18734.7,current,M,35,LOW,7.5,2,464.0,1,13.0
9792,6832,9492.0,8418.02,8875.0,6862.16,2218.73,12378.0,1841.35,18.0,36,5,6,1,9,186000,1,1,1.0,1,670875.0,184514.0,6000.0,5350.0,13493.93,128632.0,10.0,7,21953.0,28547.38,69812.0,43,8,35819.0,148425.58,84103.0,10,1,33754.0,Y,13.36,current,M,34,MEDIUM,11.200000000000001,4,656.0,1,2.0
9793,11340,3360.0,11810.84,7268.0,4247.75,2080.0,29145.93,607.0,24.0,99,9,6,3,39,199999,1,1,1.0,1,105453.65,536874.6,1611.0,886.0,32111.25,377549.0,10.0,5,194999.0,34941.5,39590.0,2,171,26920.0,52791.24,55727.0,8,13,19878.0,Y,2578.88,current,M,118,HIGH,9.8,7,923.0,1,17.0
9794,6337,6564.0,5360.0,1466.48,16903.9,3460.0,246.0,5257.0,136.0,30,30,1,27,11,190000,1,1,1.0,1,4614669.901,25404.0,1374.0,-4679.0,80044.38,179003.0,32.0,3,68695.0,20089.25,2241516.0,5,20,65245.0,38993.09,42298.0,3,38,32683.53,Y,19829.96,current,M,32,LOW,9.600000000000001,8,805.0,1,15.0
9795,5190,7747.0,36932.0,1588.0,8374.0,284.0,8776.315,2878.0,4.0,128,35,5,2,98,267000,1,1,1.0,1,322.02,8000.0,90525.0,1992.0,44747.85,20030.0,46.0,0,36794.0,12319.51,49214.0,6,2,20120.0,27766.75,105111.0,4,72,4690.0,Y,706.24,current,M,60,LOW,12.0,4,866.0,1,12.0
9796,10201,250.0,10977.0,1832.92,21628.26,3317.0,3998.225,2033.0,100.0,30,4,23,1,10,232000,1,1,1.0,1,506688.65,273221.0,2644.0,-5439.0,61682.52,75690.2,29.0,7,35629.0,41385.0,50207.0,2,42,16780.0,39184.94,58177.0,4,58,79751.0,Y,1945.12,current,M,30,MEDIUM,4.0,8,748.0,1,7.0
9797,649,6133.0,7531.33,7191.05,18336.015,2218.73,12363.77,12468.2,6.0,26,4,1,44,79,25000,1,1,1.0,1,360978.37,29479.0,68000.0,173.0,13589.23,38394.0,4.0,36,18229.9,42698.38,165098.0,1,11,29163.0,6729.23,45087.31,36,18,21538.0,Y,257.25,current,M,33,LOW,3.9000000000000004,2,801.0,1,5.0
9798,18959,14537.0,11528.51,11044.0,12048.85,898.0,1798.01,9684.2,50.0,71,11,18,5,29,284000,1,1,1.0,1,58928.67,24703.0,68000.0,0.0,139086.35,16860.0,46.0,14,19855.0,16302.92,16416.36,7,75,31345.0,40105.25,68093.26,40,39,304.0,Y,2932.64,current,F,66,MEDIUM,9.200000000000001,6,536.0,1,3.0
9799,18299,299184.0,4287.36,415.0,10465.11,779.0,28302.605,9684.0,15.0,128,84,20,5,14,84000,1,1,1.0,1,1424.5,16000.0,583.0,0.0,26318.62,548358.38,1.0,19,29875.0,34519.84,22681.0,2,20,60328.0,50242.0,95263.0,2,7,917.0,Y,9362.14,current,M,47,MEDIUM,27.0,2,485.0,1,17.0
9800,7774,15454.0,46999.0,1098.52,8884.82,9436.5,785.98,4203.0,57.0,38,82,1,15,16,125000,1,1,1.0,1,370776.0,50034.93,30000.0,2351.0,11634.0,23272.0,7.0,1,16700.0,32419.65,7893.87,6,6,24355.0,83736.24,40322.0,3,49,12479.0,Y,6356.68,current,M,53,LOW,16.5,5,123.0,0,13.0
9801,15572,7208.0,8882.24,18683.0,6754.63,5204.0,1610.21,1085.0,50.0,65,4,2,16,70,403000,1,1,1.0,1,2184.0,273221.0,1209.0,-5439.0,24446.39,66976.76,32.0,3,15346.0,85126.27,20815.0,0,23,520.0,86730.1,20492.0,12,18,14136.0,Y,5999.04,current,M,37,MEDIUM,17.0,9,658.0,1,8.0
9802,3827,23987.0,35002.31,5028.0,24478.45,1607.72,5160.0,2768.0,92.0,5,5,53,21,4,650000,1,1,1.0,1,19866.0,970000.0,3570.0,10455.0,24924.0,20217.11,6.0,3,151896.0,242485.4,35948.0,2,25,21442.0,27566.2,26346.0,5,32,35782.0,Y,5968.39,current,M,40,MEDIUM,6.0,5,700.0,1,13.0
9803,19298,287132.0,16685.72,1110.0,277233.88,5507.0,12211.88,8506.19,531.0,23,82,4,11,30,104000,1,1,1.0,1,937.0,184514.0,19081.0,6916.0,83493.92,17191.0,87.0,1,67900.0,46185.85,85335.0,47,49,20330.0,39013.22,54378.0,2,63,15490.35,Y,685.88,current,M,62,MEDIUM,21.0,8,698.0,1,9.0
9804,12718,302430.0,9214.92,13714.87,5536.63,986.68,17874.0,17570.22,6.0,29,67,2,17,47,330000,1,1,1.0,1,2.13,52991.0,126001.0,553.0,50688.19,6726.0,5.0,2,23876.0,124026.92,34412.0,5,171,19464.0,55356.82,68960.0,5,120,1450.0,Y,64612.41,current,M,30,MEDIUM,4.0,2,620.0,1,9.0
9805,379,13405.0,21508.0,19656.0,3933.64,2133.79,8377.035,8703.0,4.0,77,59,44,9,47,414000,1,1,1.0,1,4941.45,245000.0,61903.0,12174.0,112830.01,55414.25,11.0,2,62822.0,28279.0,23329.0,70,82,30613.0,10201.98,17155.0,117,12,75980.0,Y,3694.28,current,M,58,LOW,22.8,9,737.0,1,3.0
9806,18019,7861.0,15356.57,302.0,950.4,16729.0,9101.0,1961.78,9.0,1,64,25,17,47,160000,1,1,1.0,1,33784.35,145000.0,500718.0,6441.0,60547.88,115034.0,42.0,11,21390.0,6478.0,160685.92,5,7,75432.0,33064.0,38240.5,12,18,15084.0,Y,15169.16,current,M,44,MEDIUM,2.4000000000000004,5,270.0,1,19.0
9807,5312,93437.0,2747.25,10318.0,6710.0,3010.7,5741.0,3896.0,7.0,77,67,44,2,41,255000,1,1,1.0,1,50550.5,86000.0,56184.0,14509.0,23885.42,18653.0,90.0,0,46626.0,56878.78,338101.0,2,82,29627.0,161623.0,48693.0,6,40,27821.0,Y,9674.74,saving,M,37,LOW,15.3,5,799.0,0,8.0
9808,19398,12264.0,1871.0,4493.71,1326.0,2012.0,14942.11,37911.0,4.0,30,53,3,3,42,501000,1,1,1.0,1,0.35,295150.9,825.0,6260.0,34983.2,58301.0,24.0,13,21497.0,113108.0,860397.0,45,6,30120.0,113025.17,110555.0,9,13,11735.0,Y,1141.16,saving,M,40,LOW,14.0,9,485.0,0,18.0
9809,9825,5055.0,19419.58,906.81,7136.0,50357.08,329.2,1355.0,1.0,3,32,4,17,4,35000,1,1,1.0,1,8209320.0,375000.0,8333.0,-4612.00977,24174.65,28957.0,39.0,1,24551.0,75115.47,301116.04,5,63,55149.0,24427.69,5266.0,14,12,70225.0,Y,5262.55,current,M,32,MEDIUM,8.4,3,656.0,0,20.0
9810,2924,293503.0,28671.0,2099.0,11928.92,6091.0,101041.0,5046.0,16.0,36,4,4,2,81,670000,1,1,1.0,1,4323.0,60481.0,48950.0,1079.0,31855.63,19475.0,69.0,6,17929.0,101374.76,42214.0,6,4,65979.0,7280.79,40066.0,2,58,17884.0,Y,409.04,current,M,67,MEDIUM,47.0,1,519.0,0,14.0
9811,14999,4811.0,15285.66,13904.0,11561.39,9954.0,2930.42,2742.0,25.0,56,67,60,25,30,340000,1,1,1.0,1,13659.0,65480.0,22000.0,0.0,12141.0,47435.0,8.0,0,11620.0,3333.74,70680.0,1,18,21898.0,29140.46,28712.0,21,76,54533.14,Y,1930.19,current,M,27,MEDIUM,4.9,7,355.0,1,4.0
9812,3848,17860.0,14771.84,6615.0,11409.0,1136.0,8509.73,12625.0,1.0,34,74,30,44,1,44000,1,1,1.0,1,48422.7,104000.0,539.0,20513.0,35555.25,108795.0,5.0,7,14721.0,77083.49,41582.24,1,12,114389.0,42792.02,37795.0,3,58,60551.0,Y,24462.19,current,M,34,MEDIUM,7.0,5,485.0,1,14.0
9813,17746,304625.0,4944.0,1985.02,4770.57,1099.9,5563.18,3264.0,19.0,43,13,47,3,17,581000,1,1,1.0,1,13849.4,187788.1,130000.0,-4324.0,32826.39,36538.0,4.0,3,20916.0,23847.0,40509.64,3,171,19032.0,45882.0,46389.0,3,75,80559.0,Y,33450.0,current,F,27,MEDIUM,3.5,5,615.0,0,18.0
9814,12477,18623.0,12506.23,505.0,5475.76,91.0,10275.77,6288.0,531.0,10,6,25,6,47,359000,1,1,1.0,1,6440.0,267421.4,505.0,6885.0,48335.31,111338.5,87.0,26,25401.0,23053.8,19553.0,1,13,35007.0,29210.9,91659.0,58,11,13830.0,Y,6027.11,saving,M,40,MEDIUM,6.0,5,974.0,1,4.0
9815,8169,9357.0,14723.85,435.0,19788.0,124.0,8791.195,17090.36,7.0,30,44,4,1,56,256000,1,1,1.0,1,937.0,1423567.1,536.0,1992.0,19148.0,24084.0,4.0,1,89.47,20880.0,182908.0,5,81,16600.0,35956.14,66984.74,1,9,27480.0,Y,9.23,current,M,219,MEDIUM,179.10000000000002,4,723.0,1,10.0
9816,8647,19828.0,4265.01,2509.0,28145.3,122.0,15359.15,11714.0,66.0,9,67,1,2,70,17000,1,1,1.0,1,360978.37,197800.0,25000.0,12299.0,112678.93,47041.0,50.0,3,83359.0,176623.66,75078.09,3,25,37578.0,210843.5,125967.0,21,38,31525.0,Y,12796.28,current,M,36,MEDIUM,12.8,4,324.0,1,20.0
9817,3516,10723.0,6061.0,18434.63,2428.0,9210.51,19498.42,1423.0,1.0,3,4,39,1,11,139999,1,1,1.0,1,2014.8,227000.0,25002.0,-12179.0,26773.97,15517.0,18.0,3,24985.0,88298.5,30811.0,2,28,15803.0,48718.19,50179.0,3,25,32029.0,Y,6003.5,current,F,29,LOW,5.4,1,488.0,1,14.0
9818,11363,20200.0,2378.44,4586.3,29130.68,5207.04,8744.0,634.0,7.0,20,4,4,2,5,256000,1,1,1.0,1,3252.6,22400.0,6000.0,-5715.49022999999,83580.57,1012271.0,70.0,2,40989.0,48591.54,114068.0,3,24,43660.0,189445.58,68264.0,6,39,50063.0,Y,15847.92,saving,M,53,MEDIUM,16.5,7,259.0,1,17.0
9819,12443,13702.0,7520.01,6630.0,46153.95,819.0,1252.66,3440.53,12.0,56,35,2,2,44,340000,1,1,1.0,1,4500.0,118983.0,19400.0,2000.0,163985.39,78814.0,69.0,35,29483.0,26863.5,241691.0,70,7,14032.0,39416.78,19241.0,4,12,91000.0,Y,4751.85,current,M,118,MEDIUM,49.0,3,123.0,1,4.0
9820,9776,2895.0,21614.87,441.0,35589.09,5242.72,3935.42,5120.0,12.0,2,16,4,17,79,47000,1,1,1.0,1,3938.25,94885.9,24619.0,-5715.49022999999,7000.5,65365.0,69.0,0,17234.0,67984.24,7782.0,0,4,66506.0,51775.39,35740.5,21,83,34254.0,Y,6922.63,current,M,60,MEDIUM,36.0,8,325.0,1,9.0
9821,8105,12580.0,42209.8,7172.0,4676.13,2216.92,323.74,513.75,6.0,2,2,7,23,98,338000,1,1,1.0,1,55458.53,165970.9,230000.0,5773.0,17369.52,66001.0,7.0,2,23710.0,101301.77,180194.0,9,75,27718.0,256.0,43650.0,16,63,24862.19,Y,15737.7,current,M,33,LOW,10.4,9,299.0,0,9.0
9822,12992,16808.0,28017.0,2720.05,21312.85,729.0,839.0,28845.23,14.0,1,50,4,36,7,267000,1,1,1.0,1,41883.6,185097.6,30011.0,1444.0,115525.9,75345.0,40.0,36,16305.0,127103.3,49329.0,9,24,47353.0,75780.15,125470.83,42,11,58363.0,Y,10445.92,current,M,49,MEDIUM,26.1,7,911.0,1,13.0
9823,8502,18741.0,8654.64,13308.96,6934.84,615.88,17545.365,5643.0,15.0,39,9,50,21,80,125000,1,1,1.0,1,186189.0,107692.0,24094.0,3735.0,80634.98,70067.0,10.0,33,18904.0,18191.81,21574.74,1,23,40552.0,16447.29,82083.55,2,50,15765.0,Y,3953.58,current,M,33,MEDIUM,6.5,4,536.0,1,4.0
9824,8812,3798.0,6197.33,3822.0,838.05,1364.65,14412.72,5420.08,10.0,99,5,52,3,11,84000,1,1,1.0,1,225823.8,380000.0,18389.0,14509.0,51492.36,124816.0,16.0,1,19326.0,30504.63,30393.0,1,20,33717.0,7305.0,111699.0,4,18,13860.0,Y,675.9,saving,M,47,LOW,10.8,8,698.0,1,16.0
9825,18305,10719.0,14958.0,3285.8,19193.13,3951.0,1543.82,23984.0,7.0,36,67,6,4,17,199999,1,1,1.0,1,15772650.74,5241.0,12337.0,-4324.0,28148.17,153687.0,4.0,5,7120.0,61360.98,121386.0,31,25,775.0,46859.94,34703.42,22,11,30499.0,Y,5629.76,saving,M,46,LOW,13.0,4,558.0,1,5.0
9826,6262,4214.0,15318.65,9008.23,5794.78,1398.03,859.34,11432.0,1.0,37,4,4,2,98,480000,1,1,1.0,1,4140.0,117890.0,1762.0,-3625.0,33844.5,90720.0,90.0,2,25944.0,57913.57,116600.33,2,20,30057.0,40603.76,45604.29,4,65,139352.0,Y,10103.94,current,M,32,HIGH,6.0,1,588.0,1,11.0
9827,18873,7878.0,1290.02,2171.0,841.9,2500.25,7550.52,1798.19,1.0,29,46,48,2,54,218000,1,1,1.0,1,140291.6,385218.7,155205.0,8723.0,32113.0,45189.0,5.0,5,62483.0,29957.96,50208.0,43,42,45000.47,13506.5,233367.0,7,18,164.13,Y,168.66,current,M,31,MEDIUM,7.7,4,743.0,1,19.0
9828,19214,40807.0,50126.0,3926.0,26975.19,12238.6,10176.48,4401.8,3.0,36,6,1,51,3,232000,1,1,1.0,1,86865.0,335948.0,24094.0,-4679.0,23774.17,50244.0,12.0,6,11794.0,43150.45,32498.0,23,14,156312.0,20089.89,29483.0,117,24,40565.89,Y,7034.35,saving,M,55,MEDIUM,3.5,10,647.0,0,10.0
9829,1300,14577.0,1335.0,3111.0,2021.53,2965.6,35705.0,16482.0,31.0,38,35,41,55,17,581000,1,1,1.0,1,130319.0,134890.0,126001.0,173.0,4618.0,37955.0,18.0,1,81331.0,47029.76,61853.0,19,82,157688.0,49764.11,52251.5,21,72,24799.0,Y,4615.64,saving,M,35,MEDIUM,13.5,6,516.0,0,9.0
9830,10769,13694.0,4682.81,190.0,4897.5,9399.18,6550.0,3962.0,1.0,18,67,25,21,2,28000,1,1,1.0,1,84446.0,141473.07,3000.0,0.0,74883.0,97658.0,22.0,35,48991.0,36544.52,64078.0,23,14,12383.0,34221.76,171959.0,58,32,22007.0,Y,4383.96,current,M,32,HIGH,3.6,2,693.0,0,19.0
9831,802,2488.0,24219.0,193.0,38423.86,840.35,30574.0,715.0,66.0,47,7,3,4,98,400000,1,1,1.0,1,5045.13,205032.06,3570.0,-4679.0,84667.69,36277.88,42.0,26,26072.0,142437.8,23233.0,43,7,25484.0,46227.59,55939.0,41,49,45926.0,Y,255.63,current,M,33,MEDIUM,3.9000000000000004,5,771.0,1,12.0
9832,14498,38573.0,4522.34,142905.29,28724.4,2512.59,29585.62,4185.0,10.0,77,84,1,1,8,565000,1,1,1.0,1,116122.65,51445.0,12611.0,-4679.0,65922.43,45583.0,3.0,4,19454.0,13457.11,25103.0,6,12,22873.0,23765.19,17403.0,8,32,21488.0,Y,398.84,current,M,55,LOW,24.5,8,536.0,1,15.0
9833,10101,15760.0,63547.56,5256.0,23526.06,6834.14,12234.0,13343.34,7.0,4,4,2,26,5,271000,1,1,1.0,1,76122.87,110135.86,519.0,6885.0,90499.46,36422.0,40.0,7,27256.0,18647.18,47402.0,1,20,43775.0,43750.0,1094.0,12,18,3455.0,Y,4017.29,current,M,38,LOW,14.4,1,516.0,1,19.0
9834,4162,3048.0,581.0,4931.6,40530.75,15025.0,6315.22,8418.5,66.0,26,50,1,6,67,17000,1,1,1.0,1,39758.95,373824.0,300500.0,10455.0,50845.25,27115.0,23.0,1,66569.0,19925.25,6249.0,1,8,11346.0,134466.49,25469.0,16,7,18251.47,Y,12675.3,current,M,34,MEDIUM,5.6000000000000005,6,486.0,1,8.0
9835,7097,16567.0,568.0,24259.0,1354.0,1383.0,508.41,396.0,2.0,43,117,24,4,54,400000,1,1,1.0,1,8556.25,93.35,300500.0,3481.0,28813.19,18416.0,42.0,3,18737.0,4143.0,108813.0,1,70,10742.0,9119.71,17860.25,4,80,80853.0,Y,51574.23,current,M,44,LOW,2.4000000000000004,10,883.0,1,11.0
9836,1962,29753.0,4648.5,5977.0,8832.8,44305.59,23236.59,29897.32,9.0,38,16,22,2,17,202500,1,1,1.0,1,3950.0,176487.6,798.0,1500.0,187115.84,50536.0,18.0,5,16445.0,107935.47,52917.5,1,82,11258.0,33078.79,75487.0,2,68,56047.0,Y,317.78,current,M,47,MEDIUM,2.7,9,805.0,1,5.0
9837,1412,38384.0,1004.3,11684.84,63573.94,16077.96,2380.92,1827.0,43.0,11,11,7,1,2,58000,1,1,1.0,1,5809950.0,162288.3,300500.0,-5439.0,13658.4,35942.0,46.0,36,11620.0,17062.09,24261.0,2,108,33038.0,121373.96,188484.0,42,28,23862.0,Y,19282.63,current,M,33,LOW,9.1,9,683.0,1,3.0
9838,15301,15774.0,12193.0,1634.0,5019.5,1096.0,3239.0,25239.0,2.0,34,71,5,1,1,378000,1,1,1.0,1,5809.2,9000.0,6100.0,4856.0,185656.56,28768.0,11.0,3,31176.0,35673.0,40509.64,70,27,25817.37,111646.0,15242.0,94,104,97062.0,Y,5069.27,current,M,40,MEDIUM,2.0,2,516.0,1,11.0
9839,11161,10360.0,2123.8,3422.0,983.0,94243.29,15137.98,2738.0,43.0,27,67,1,6,2,378000,1,1,1.0,1,39851.93,470000.0,90525.0,-6281.37987999999,63327.0,1946.0,89.0,36,38900.0,66756.23,110030.0,7,82,65846.0,57535.98,31701.0,2,65,38710.0,Y,2768.28,current,M,27,MEDIUM,0.7000000000000001,7,536.0,0,20.0
9840,15563,6729.0,5434.8,9339.02,4570.5,1179.0,2654.64,36786.03,124.0,3,44,1,4,47,199999,1,1,1.0,1,19957.5,165970.9,25849.0,1500.0,1926.3,12061.88,40.0,1,62822.0,69807.17,42941.85,2,25,26036.0,25606.0,36227.5,10,12,48444.12,Y,82.48,current,M,35,MEDIUM,15.0,5,655.0,1,9.0
9841,17356,17350.0,51892.76,20586.0,19812.24,766.0,969.0,2264.1,17.0,85,10,2,1,1,268000,1,1,1.0,1,725446.38,330001.0,37274.0,-6301.0,8914.08,11066.0,103.0,5,27205.0,13955.98,72140.0,11,25,16250.0,12617.88,36046.0,14,79,58236.0,Y,4579.97,saving,M,33,MEDIUM,13.0,6,708.0,0,19.0
9842,6331,584.0,8171.1,2724.8,27913.25,798.0,27622.84,3472.0,10.0,3,67,24,1,3,125000,1,1,1.0,1,1309500.9,25404.0,1273.0,-3506.17993,72493.5,10015.0,11.0,2,71934.0,56099.67,47800.68,2,8,30803.03,272286.65,3109.0,42,38,33931.0,Y,39645.85,current,M,35,LOW,10.5,3,446.0,1,15.0
9843,13438,7188.0,5374.37,60495.0,19260.9,2798.0,3827.0,940.05,6.0,50,16,48,1,39,296000,1,1,1.0,1,13180.0,141473.07,925.0,5773.0,155123.55,328939.0,11.0,7,46688.0,127190.75,24110.0,1,84,38593.0,55628.24,20166.0,7,1,9588.0,Y,3294.91,current,M,58,LOW,15.200000000000001,3,867.0,1,12.0
9844,4233,318569.0,3572.05,3238.0,16617.96,7925.0,3160.0,33525.02,1.0,66,49,10,9,2,0,1,1,1.0,1,126303.7,7216.53,16215.0,26601.0,37392.04,5783.0,95.0,0,38163.0,24616.95,54821.0,4,67,60448.0,134871.45,51916.0,13,73,106845.0,Y,640.88,current,M,32,LOW,2.4000000000000004,7,485.0,1,6.0
9845,16960,18005.0,8241.0,1401.35,5667.0,152.1,14799.8,796.0,57.0,10,5,2,18,98,67000,1,1,1.0,1,298492.0,376694.91,3570.0,-3625.0,31133.25,54259.0,29.0,7,38473.0,162900.0,56807.0,0,44,24741.0,54972.6,29686.0,4,17,99798.0,Y,121.53,current,M,31,MEDIUM,8.8,10,244.0,0,8.0
9846,7026,15116.0,20261.0,2448.0,14303.67,3914.66,4215.6,12743.0,43.0,19,47,1,1,12,307000,1,1,1.0,1,153410.0,118976.0,33774.0,1444.0,19430.9,57333.0,18.0,2,33324.0,40592.34,25606.0,0,25,10081.0,21579.0,92707.0,19,83,30218.0,Y,3574.27,current,F,55,MEDIUM,7.0,1,966.0,0,13.0
9847,4171,311529.0,18690.0,325.52,4407.62,932.41,23084.88,6738.0,44.0,6,10,6,2,67,167000,1,1,1.0,1,3070.5,13299.0,16004.0,1954.0,63706.1,389210.81,36.0,5,20934.0,188012.5,59496.0,1,59,27225.0,37831.85,39399.0,2,35,36395.0,Y,2022.17,current,M,27,HIGH,2.1,5,801.0,1,20.0
9848,2620,2189.0,5654.81,1012.0,4919.04,812.0,218.0,4063.0,44.0,66,5,4,1,42,104000,1,1,1.0,1,20747.5,3.0,49975.0,6885.0,70706.09,16184.06,4.0,13,25808.0,41960.91,23854.0,4,7,25500.0,13258.95,83890.0,42,107,18479.0,Y,1836.75,current,M,63,LOW,4.3,2,867.0,1,10.0
9849,4243,310643.0,37990.91,32843.55,6541.62,8862.42,4519.185,6728.0,6.0,65,3,1,9,1,256000,1,1,1.0,1,65640.0,375000.0,19176.0,12415.0,24354.5,114490.99,67.0,0,60720.0,6515.04,72541.0,1,20,374.95,71252.9,62838.45,16,6,28707.0,Y,7362.18,current,M,222,MEDIUM,181.8,9,684.0,1,10.0
9850,10186,1296.0,32052.74,989.0,4336.56,1545.0,3505.0,710.7,1.0,34,3,2,3,30,13000,1,1,1.0,1,67833.35,15036.0,43798.0,-4664.0,69775.0,47275.0,11.0,3,147388.0,67374.6,79020.0,9,28,257899.0,112657.96,21359.0,12,54,74074.0,Y,1016.51,current,M,62,MEDIUM,33.6,1,809.0,1,4.0
9851,8434,94422.0,28210.0,25204.0,36292.29,219.0,144998.45,1702.0,66.0,10,16,60,7,47,337000,1,1,1.0,1,4731234.6,167870.79,925.0,5730.0,130079.27,53337.0,55.0,3,13400.0,70344.0,103677.0,9,78,22554.0,5660.61,19835.36,3,18,16554.0,Y,8508.17,current,M,58,MEDIUM,7.6000000000000005,6,974.0,1,18.0
9852,12625,7456.0,29112.0,2951.97,9076.52,9215.19,19498.245,46180.0,4.0,1,72,5,2,67,293000,1,1,1.0,1,28482.5,110135.86,130000.0,2351.0,83317.96,19268.0,39.0,4,59992.0,134038.57,2700.0,31,8,25626.0,79165.75,37648.0,9,39,128746.71,Y,144.61,current,M,66,MEDIUM,46.0,4,488.0,0,17.0
9853,3553,6958.0,48632.38,11143.04,41385.77,2710.0,1017.5,6653.0,16.0,30,653,4,1,11,520000,1,1,1.0,1,754075.0,429273.4,25508.0,3897.0,102973.93,1012271.0,35.0,5,53202.0,22585.94,22150.0,1,30,25495.0,49600.31,112179.0,4,50,36915.0,Y,2825.87,current,M,27,MEDIUM,3.5,7,354.0,1,15.0
9854,9062,8151.0,6991.52,615.0,5938.4,1016.0,13480.0,14249.71,60.0,2,73,57,1,79,293000,1,1,1.0,1,46056.7,267421.4,33774.0,0.0,116252.5,38107.0,20.0,7,94300.0,27320.0,71214.0,3,78,20051.0,46962.59,7239.29,21,25,68778.0,Y,3934.66,current,M,35,LOW,7.5,10,355.0,0,19.0
9855,3999,312880.0,12193.0,3917.0,10559.39,9408.33,3760.0,525.0,63.0,128,44,1,1,4,98000,1,1,1.0,1,41883.6,197800.0,248000.0,-5998.43994,135681.37,1230947.0,27.0,2,36307.0,32650.6,131101.0,1,20,34658.0,18236.54,34787.0,21,13,15868.0,Y,2589.33,current,F,28,MEDIUM,8.0,4,511.0,1,16.0
9856,19931,18259.0,17640.25,6997.0,118564.5,1318.0,2918.0,1109.58,5.0,36,20,23,44,1,218000,1,1,1.0,1,33664.3,100000.0,25524.0,20324.0,35789.48,37711.41,39.0,2,19417.0,41890.0,117676.0,2,6,23448.0,112284.87,84562.0,47,38,135412.0,Y,3241.26,current,M,58,LOW,11.4,6,937.0,1,16.0
9857,9912,29885.0,5883.71,762.01,5541.54,23395.62,4590.285,5762.0,1.0,36,32,1,2,3,172000,1,1,1.0,1,13279.75,38173.0,5540.0,20790.0,52640.8,106770.5,8.0,1,35962.0,46503.58,34921.56,9,23,1444.02,33554.33,117330.0,94,24,185.79,Y,370.05,current,M,40,MEDIUM,12.0,2,269.0,1,17.0
9858,8336,18650.0,9819.63,9902.0,19057.42,540.33,1444.84,4041.0,5.0,60,44,2,38,55,306000,1,1,1.0,1,46451.38,13299.0,16114.0,6916.0,387331.82,15783.0,40.0,13,33221.0,16009.46,67722.0,2,44,14220.0,40049.53,433122.0,4,103,37505.0,Y,1254.52,current,M,42,HIGH,19.8,5,573.0,0,20.0
9859,16413,222525.0,1515.0,31971.03,4707.46,5873.0,1900.5,25239.0,1.0,23,60,39,36,30,520000,1,1,1.0,1,39851.93,326326.9,2644.0,167.0,6007.0,50706.0,39.0,4,43628.0,86260.88,69556.0,43,82,28337.0,39938.66,45912.75,43,8,50836.0,Y,7378.62,current,M,47,LOW,10.8,1,314.0,1,19.0
9860,17142,13613.0,1161.4,989.0,49773.0,53018.0,20037.92,11432.0,17.0,27,13,24,36,1,533000,1,1,1.0,1,347309.75,680956.4,8333.0,1500.0,60602.63,91803.0,35.0,3,57666.0,74032.11,40254.0,42,75,16472.0,192420.5,39335.0,12,83,51332.0,Y,1786.49,current,F,30,MEDIUM,7.0,10,883.0,0,8.0
9861,14766,4108.0,20543.54,2134.0,15979.64,1871.45,863.0,21126.0,24.0,23,4,6,1,3,44000,1,1,1.0,1,8531560.0,537476.4,1630.0,3735.0,214342.5,5778.0,147.0,30,32134.0,4547.0,57335.5,50,63,63585.0,122408.13,16306.0,10,52,58236.0,Y,4908.18,current,M,42,MEDIUM,15.4,3,710.0,1,13.0
9862,6983,322.0,41061.0,1780.0,11212.25,6238.0,6195.66,4552.0,5.0,61,27,10,31,47,100000,1,1,1.0,1,1424.5,134000.0,96497.0,1465.0,63337.64,111117.0,36.0,3,16636.0,110239.0,53701.73,1,20,12922.0,51145.96,38711.5,10,79,37369.0,Y,13607.72,current,M,27,LOW,7.0,10,516.0,1,9.0
9863,8497,10543.0,8390.58,49519.45,8248.49,10204.52,4512.5,511.0,6.0,83,35,57,9,13,576000,1,1,1.0,1,5809950.0,201000.0,1446.0,3735.0,109720.32,149332.0,15.0,1,71716.0,21678.48,6848.0,5,1,17997.95,17264.08,52868.0,8,24,97839.0,Y,4915.97,saving,M,222,MEDIUM,80.80000000000001,4,468.0,1,2.0
9864,3815,19781.0,445.77,1986.0,14418.0,2696.0,6109.0,345.48,2.0,8,35,2,55,79,263000,1,1,1.0,1,13659.0,273221.0,24250.0,-4679.0,96186.75,33317.0,46.0,19,168419.0,179494.1,54049.0,2,20,65590.0,78537.51,28760.29,5,10,3612.0,Y,23857.24,current,M,56,HIGH,21.6,2,865.0,0,7.0
9865,3135,322757.0,5158.84,9528.12,25521.54,7343.51,16100.42,537.67,101.0,3,7,3,2,2,199999,1,1,1.0,1,41070.0,22400.0,12337.0,9415.0,24297.22,19372.0,90.0,35,104692.0,13955.98,19020.0,9,4,27711.0,26576.0,25624.0,6,58,30798.0,Y,3888.42,current,F,56,MEDIUM,28.8,9,503.0,0,6.0
9866,17667,920.0,23451.34,6453.04,1274.9,3914.66,8391.28,688.0,9.0,23,11,4,1,6,400000,1,1,1.0,1,827.31,75000.0,96558.0,-5715.49022999999,41531.42,103787.5,11.0,5,17051.0,14111.75,242948.0,11,69,568.0,62291.24,1345.21,58,40,30250.0,Y,1454.88,current,M,29,MEDIUM,0.9,1,519.0,1,16.0
9867,12957,10679.0,13846.0,330.78,1933.0,3993.0,11340.0,537.0,5.0,36,62,42,6,8,79000,1,1,1.0,1,99984.83,33668.0,678.0,5340.0,45853.75,92778.5,5.0,2,20558.7,47613.39,79264.31,2,44,40320.0,32749.5,36864.0,12,22,87156.0,Y,3024.85,current,M,60,MEDIUM,8.0,1,370.0,0,5.0
9868,19855,7460.0,9626.0,2328.81,4771.41,25572.0,28302.605,863.0,4.0,5,653,5,1,80,191000,1,1,1.0,1,88.0,30000.0,1633.0,3897.0,26441.35,15013.0,40.0,3,31377.0,111794.4,28494.0,1,25,133932.0,148679.9,82746.0,21,1,58236.0,Y,3312.46,saving,M,47,MEDIUM,16.2,10,805.0,1,15.0
9869,18882,14918.0,10689.48,1393.0,20280.84,3755.19,4818.0,3920.25,14.0,2,59,1,9,98,17000,1,1,1.0,1,9624.6,96096.0,54101.0,0.0,24635.84,21860.0,69.0,4,125057.0,18191.81,114356.0,4,20,25578.31,12869.19,80834.0,49,103,57343.0,Y,96.73,current,M,38,LOW,7.2,5,805.0,0,9.0
9870,14729,3276.0,20133.0,10258.0,23742.66,22946.87,1596.0,14864.17,14.0,65,44,44,6,1,528000,1,1,1.0,1,3030975.0,170989.0,1097.0,6885.0,11645.0,1021010.0,46.0,4,63771.0,126223.65,374544.0,2,78,129509.0,84135.45,805201.0,7,42,16002.0,Y,14329.89,saving,M,33,MEDIUM,10.4,7,516.0,1,16.0
9871,15527,15392.0,97692.57,2880.01,6808.19,2319.0,5310.25,1778.0,25.0,50,20,2,1,2,39000,1,1,1.0,1,22086.05,64491.0,19400.0,903.0,109656.06,86304.86,11.0,19,36067.46,35037.07,62621.0,1,81,3664.0,34372.49,18205.0,8,120,27389.0,Y,34723.41,current,M,62,MEDIUM,29.400000000000002,8,858.0,1,10.0
9872,6906,287800.0,30997.52,1136.55,9244.96,2382.0,1305.0,1483.0,6.0,42,35,53,3,16,341000,1,1,1.0,1,27078.09,158000.0,24619.0,20513.0,9095.72,70052.0,39.0,4,52341.0,107441.44,68120.69,2,7,41674.0,19494.55,83271.0,94,1,292914.0,Y,1328.33,current,M,37,MEDIUM,5.1000000000000005,9,814.0,0,16.0
9873,9477,4629.0,9126.89,10166.67,12987.42,4400.9,19498.245,1538.5,10.0,30,87,3,3,1,510000,1,1,1.0,1,207979.75,31730.49,28985.0,12965.0,32424.0,3494.0,46.0,3,97788.0,17840.13,248362.36,43,63,24571.0,29767.75,162412.0,47,120,20255.0,Y,1798.22,current,M,29,MEDIUM,6.300000000000001,10,883.0,1,9.0
9874,16691,740.0,18446.53,10130.61,21408.0,1160.06,3791.81,4885.75,25.0,26,50,20,1,37,430000,1,1,1.0,1,456.1,170989.0,11580.0,173.0,29813.71,22935.0,55.0,36,46626.0,23161.06,114068.0,20,81,47705.0,20071.77,127119.77,21,18,109665.61,Y,5971.57,current,M,56,LOW,7.2,6,485.0,1,12.0
9875,5893,12028.0,846.47,1630.57,6378.85,3106.25,3668.0,3899.0,7.0,2,20,47,2,47,198000,1,1,1.0,1,825.0,187788.1,12337.0,12174.0,125079.75,156804.0,42.0,26,2050.97,38515.01,227930.0,7,16,69269.0,43534.25,50330.0,19,50,15002.0,Y,1288.12,current,M,31,MEDIUM,8.8,9,424.0,1,14.0
9876,3060,3924.0,2459.42,10600.0,2708.36,5122.0,4068.15,937.95,19.0,7,71,18,6,67,556000,1,1,1.0,1,825.0,41.26,583.0,0.0,106609.62,28227.0,147.0,26,25286.0,27676.0,39126.0,7,63,13920.0,73360.53,96326.58,47,106,96042.89,Y,4654.22,current,M,46,LOW,15.600000000000001,10,268.0,1,8.0
9877,1288,7596.0,427.0,11958.61,9571.64,7383.0,5685.0,15959.0,8.0,3,50,25,31,12,34000,1,1,1.0,1,825.0,470000.0,13873.0,8572.0,27564.19,30061.75,42.0,13,16552.0,43471.42,64556.0,5,171,35819.0,23231.23,56273.93,36,24,33212.0,Y,8078.91,current,M,69,MEDIUM,14.700000000000001,7,921.0,1,2.0
9878,18270,116049.0,5883.71,1840.52,1601.16,188.16,1501.0,5436.3,1.0,5,71,2,1,44,568000,1,1,1.0,1,1360.0,84.32,49975.0,1992.0,53746.75,11179.0,17.0,13,74787.0,38312.84,72317.0,2,4,24922.0,44247.0,98615.0,9,75,480000.0,Y,5396.27,current,F,46,HIGH,15.600000000000001,10,249.0,1,4.0
9879,11925,263.0,3827.35,6852.65,5471.61,1977.0,13775.6,1421.66,8.0,10,16,4,4,1,371000,1,1,1.0,1,15079.5,117890.0,18389.0,-5998.43994,45917.47,18785.88,11.0,4,70531.0,17600.75,56489.0,7,20,46800.0,51061.98,63349.0,9,21,31505.0,Y,2492.74,current,M,37,MEDIUM,3.4000000000000004,8,525.0,0,11.0
9880,15564,11720.0,6363.65,38477.0,39698.92,1439.22,3775.48,4519.0,24.0,66,1,30,18,1,369000,1,1,1.0,1,41441.27,992890.32,20000.0,-5998.43994,244277.49,43250.0,11.0,19,14124.0,49377.0,51121.0,17,11,83821.0,26003.22,29786.0,13,1,35949.0,Y,1353.73,saving,M,66,LOW,13.8,6,750.0,1,10.0
9881,8180,4701.0,85405.6,4165.0,41368.0,5788.4,1309.0,6693.0,531.0,85,4,25,25,2,270000,1,1,1.0,1,262584.0,470000.0,565.0,1507.0,48380.26,12614.0,8.0,2,34280.0,4492.0,53268.86,6,8,189250.0,171192.67,29613.0,10,103,54868.0,Y,16131.21,current,F,46,MEDIUM,2.6,8,748.0,0,16.0
9882,7500,328383.0,7880.54,2150.01,30608.36,9366.0,792.0,12743.0,2.0,10,3,1,27,8,302000,1,1,1.0,1,55458.53,3651000.0,579.0,5439.0,19819.0,399.0,5.0,0,26345.29,57046.61,153241.0,7,21,7732.0,23246.12,152609.0,15,79,106539.0,Y,12610.21,current,M,53,MEDIUM,23.1,4,488.0,1,18.0
9883,17381,3218.0,15356.57,12480.0,528.0,2576.0,6207.0,1956.0,136.0,5,72,44,1,80,252000,1,1,1.0,1,2666.4,108145.0,73217.0,1411.0,102697.96,68259.0,69.0,2,14786.0,37596.36,5237.0,2,5,44880.0,40049.53,105111.0,11,104,1237.0,Y,45152.87,current,F,25,MEDIUM,2.0,3,525.0,0,19.0
9884,15994,12057.0,6681.5,1468.0,219152.52,2921.92,3781.0,1632.0,1.0,39,32,6,2,79,212500,1,1,1.0,1,328504.5,232524.0,711.0,1332.0,27226.25,12730.0,16.0,36,19326.0,228744.72,124034.36,8,29,27470.0,61755.1,25992.5,8,36,24269.0,Y,20728.05,saving,M,53,LOW,13.200000000000001,6,330.0,1,7.0
9885,177,5882.0,13527.92,3950.78,3414.84,5672.0,3323.3,623.0,57.0,3,35,2,1,2,341000,1,1,1.0,1,1665.0,470000.0,2214.0,-4664.0,57603.0,56278.0,11.0,13,63053.0,256917.75,163.86,9,4,21447.0,32094.24,113890.13,94,124,22733.0,Y,10277.05,saving,F,34,MEDIUM,1.4000000000000001,10,299.0,1,3.0
9886,18666,12464.0,1203.0,22619.93,24423.98,8738.85,2141.34,1008.73,2.0,1,72,1,2,12,338000,1,1,1.0,1,960000.0,16671.0,34550.0,19765.0,329711.32,33570.0,10.0,4,86227.0,9605.09,301810.95,11,82,59491.0,23802.25,221394.25,2,73,10155.0,Y,580.39,current,M,53,MEDIUM,13.200000000000001,7,698.0,1,3.0
9887,11864,18365.0,6215.93,3483.0,149545.76,126.0,2385.98,335.0,6.0,71,5,22,44,80,136000,1,1,1.0,1,10535967.5,159308.0,891.0,1500.0,38456.71,30187.0,46.0,27,62822.0,14526.97,35881.0,2,24,23120.0,581194.1,6215.0,1,1,20587.0,Y,250721.05,saving,M,35,MEDIUM,9.0,4,486.0,1,19.0
9888,17453,15516.0,8562.5,8578.0,6919.61,6457.62,747.75,5436.3,7.0,9,13,1,3,17,378000,1,1,1.0,1,102494.2,446457.0,4699.0,2921.0,38702.02,26679.41,40.0,7,18275.0,56285.26,66936.37,1,59,45989.0,51401.44,287921.0,7,80,689.0,Y,5263.8,current,F,60,MEDIUM,4.0,8,267.0,1,20.0
9889,10915,17366.0,5664.01,2142.0,5334.86,8785.92,6270.79,5623.4,56.0,5,1,24,38,4,255000,1,1,1.0,1,24129.0,15036.0,5905.0,-4664.0,20392.86,4116.68,16.0,2,11948.0,34162.82,41886.0,47,82,96243.0,14983.0,16474.72,94,58,33325.0,Y,6973.58,current,M,40,LOW,6.0,10,254.0,0,12.0
9890,3965,11986.0,6474.45,3464.0,67113.87,4037.5,20961.0,2109.0,44.0,128,30,82,3,79,595000,1,1,1.0,1,937.0,54243.0,610000.0,7984.0,43440.37,132115.0,77.0,2,84411.0,6983.15,259254.0,50,20,43560.0,37760.28,38101.0,14,1,22352.0,Y,12427.7,current,M,30,MEDIUM,5.0,4,488.0,0,18.0
9891,13578,13146.0,19356.46,2065.0,11572.05,28027.85,4564.21,1085.0,66.0,7,82,51,2,58,293000,1,1,1.0,1,168265.55,167870.79,1630.0,4512.0,62248.0,291151.0,4.0,1,194999.0,18419.83,31821.99,6,82,10202.0,64802.5,29509.5,8,11,86644.0,Y,989.03,current,M,42,MEDIUM,8.8,2,884.0,1,11.0
9892,10578,288457.0,34737.89,3148.0,18114.83,30072.0,29601.0,389.0,6.0,3,74,5,1,8,383000,1,1,1.0,1,81284.7,71256.0,68000.0,35346.0,68634.0,65078.0,42.0,26,21225.0,22192.09,174478.0,0,26,23448.0,56491.75,19309.0,7,8,219951.0,Y,18980.21,current,M,219,MEDIUM,199.0,9,626.0,1,13.0
9893,8919,16853.0,34198.65,2317.0,7762.39,2445.84,5164.0,1238.0,6.0,5,38,52,62,47,125000,1,1,1.0,1,48230.5,119831.0,68000.0,844.0,9399.25,23647.0,43.0,6,23197.0,41031.63,272103.0,3,82,16949.0,11961.31,27540.0,42,42,31354.0,Y,4508.69,current,M,66,MEDIUM,18.400000000000002,1,799.0,1,20.0
9894,6173,10756.0,10525.57,14034.0,882.5,11640.4,9051.85,2198.0,2.0,1,50,53,1,3,429000,1,1,1.0,1,38428.6,177795.8,4198.0,4314.0,67854.72,15019.0,43.0,36,21347.0,10140.39,34921.56,45,108,19975.54,28740.76,126454.0,40,65,85832.42,Y,7542.51,current,M,32,MEDIUM,12.0,2,300.0,0,4.0
9895,18365,9858.0,52035.95,3994.8,13561.0,7587.57,3387.67,4505.0,28.0,4,79,57,17,16,421000,1,1,1.0,1,2666.4,93.35,60000.0,-5715.49022999999,59374.88,775707.68,55.0,29,40519.0,36849.75,88688.0,17,6,10806.0,13362.92,68745.81,47,32,11736.0,Y,4575.39,current,M,66,MEDIUM,9.200000000000001,7,748.0,0,3.0
9896,11068,175581.0,58293.35,1143.52,14548.93,3816.0,20325.0,1391.0,26.0,1,1,45,12,6,138000,1,1,1.0,1,77855.0,382191.0,1266.0,2921.0,438713.25,30073.0,52.0,4,51772.0,16193.55,30240.0,1,63,761557.0,35589.52,74842.0,21,52,52596.0,Y,6808.07,current,M,42,MEDIUM,6.6000000000000005,4,653.0,1,15.0
9897,10486,128259.0,22476.0,5977.0,23323.0,3776.0,16627.845,379.0,7.0,23,82,5,62,5,155000,1,1,1.0,1,23221.65,794000.0,90525.0,3897.0,66113.98,23177.91,10.0,5,44173.0,68226.06,30285.0,1,14,98077.18,152976.41,288592.75,22,83,45324.0,Y,672.41,current,M,60,LOW,40.0,7,836.0,0,15.0
9898,19502,207689.0,4180.09,798.0,27345.0,4161.0,20679.0,2285.68,66.0,23,105,1,5,1,525000,1,1,1.0,1,98062.5,278360.16,13533.0,0.0,26283.13,103070.0,29.0,1,40657.0,54642.5,24261.0,43,82,40932.0,30568.54,152609.0,6,18,37861.0,Y,7970.4,current,M,62,LOW,33.6,6,700.0,1,6.0
9899,19022,10362.0,12609.0,13508.51,142097.0,790.16,12399.025,243.0,63.0,42,13,25,2,5,528000,1,1,1.0,1,1112.4,100934.0,48950.0,-3506.17993,11927.76,36767.5,3.0,36,11524.0,24795.18,37160.85,2,5,23307.0,73740.9,59831.0,5,32,17808.0,Y,111.45,current,M,32,MEDIUM,1.2000000000000002,7,656.0,0,2.0
9900,3796,8201.0,5248.5,805.57,5170.5,22304.86,6110.0,1085.0,60.0,43,82,1,7,5,327000,1,1,1.0,1,720551.4,100000.0,14904.0,19453.0,95934.34,9334.0,36.0,3,20015.0,23615.25,45590.08,3,20,27771.0,192913.75,31313.0,3,106,29199.0,Y,2152.5,current,M,63,LOW,21.5,1,516.0,0,13.0
9901,12972,10712.0,8948.18,4818.0,5688.53,118.0,5292.485,2341.58,31.0,1,87,1,1,79,100000,1,1,1.0,1,68640.0,82907.34,183999.0,6409.0,41425.25,65124.81,55.0,7,36100.0,7502.82,76039.0,1,14,24557.0,100416.0,52913.64,2,13,100933.0,Y,448.65,current,M,62,MEDIUM,37.800000000000004,1,945.0,1,4.0
9902,18905,286904.0,8283.0,9008.23,1751.01,11232.3,2738.225,1354.0,1.0,84,30,11,38,54,340000,1,1,1.0,1,683316.0,184514.0,519.0,5340.0,215565.71,45680.0,79.0,2,97093.0,19273.0,41110.0,1,14,32788.0,59244.34,23793.0,14,18,25933.8,Y,787.71,current,M,55,MEDIUM,21.0,3,575.0,1,3.0
9903,9033,206713.0,182814.6,1343.0,7911.0,1803.0,1309.4,21927.62,7.0,5,69,18,51,1,403000,1,1,1.0,1,33111020.0,97000.0,565.0,0.0,62261.36,42542.0,62.0,2,60759.0,22187.0,16015.0,5,20,0.25,19788.0,107231.52,1,11,20838.0,Y,8571.41,current,M,32,MEDIUM,6.0,4,867.0,1,5.0
9904,4952,8916.0,4183.09,11208.0,11598.6,1754.0,4584.0,1797.0,6.0,11,6,82,7,2,47000,1,1,1.0,1,1349.1,1372927.14,23160.0,6885.0,47570.7,79089.0,8.0,1,16446.0,28936.17,81198.0,6,35,17680.0,144779.34,35699.0,6,32,19583.0,Y,224657.28,current,M,40,MEDIUM,16.0,4,809.0,1,10.0
9905,4522,15131.0,11147.0,285.0,3264.0,1210.0,27381.0,17167.0,7.0,18,110,3,25,9,17000,1,1,1.0,1,81872.65,157624.24,2184.0,-4679.0,111573.61,288.82,72.0,36,62550.0,177068.5,52715.0,6,5,54405.0,106623.5,11174.0,9,58,31700.0,Y,2583.17,current,M,34,LOW,11.200000000000001,6,594.0,0,8.0
9906,13825,12072.0,38859.0,767.0,6406.5,14868.76,458.28,641.0,56.0,7,49,10,31,42,520000,1,1,1.0,1,6440.0,10947.0,130000.0,24326.0,34420.45,46153.75,147.0,36,21953.0,75228.0,113234.5,1,20,14220.0,45345.98,211475.0,15,67,22231.0,Y,3063.69,current,M,30,MEDIUM,1.0,3,575.0,1,10.0
9907,1385,4187.0,5360.06,1568.0,12605.4,6279.0,6278.1,5143.0,66.0,11,7,1,2,81,518000,1,1,1.0,1,40440.4,76157.6,20000.0,1992.0,94045.0,15094.0,1.0,13,46598.0,17721.21,28764.0,31,78,27505.0,85385.0,17432.0,40,12,64190.0,Y,26812.32,current,M,38,MEDIUM,14.4,8,614.0,1,4.0
9908,5212,2352.0,1719.39,9282.69,67382.29,1827.12,1779.3,63745.0,2.0,1,27,2,2,70,358000,1,1,1.0,1,166331.66,150000.0,20887.0,12415.0,20714.0,120768.0,63.0,19,24551.0,17114.68,59121.14,2,8,16427.0,63415.95,130890.89,12,103,13842.0,Y,399.24,current,M,37,MEDIUM,6.800000000000001,4,330.0,0,19.0
9909,3782,13644.0,587.27,3944.0,2443.0,2975.13,6876.75,8637.0,531.0,9,9,4,1,3,154000,1,1,1.0,1,173.8,134000.0,527.0,3897.0,57218.2,29226.0,35.0,36,26655.0,146966.81,40662.0,2,49,14902.0,13939.79,138312.0,49,49,16552.0,Y,7026.64,current,M,28,MEDIUM,0.8,10,615.0,1,9.0
9910,2355,15556.0,39199.48,16339.0,7944.8,4578.0,143.0,3067.36,3.0,3,2,5,3,1,143000,1,1,1.0,1,130319.0,54388.23,550.0,1332.0,5167.25,250048.0,103.0,3,28751.0,138802.38,94576.5,4,50,38323.0,28811.64,3876.0,7,63,69557.0,Y,559.5,current,M,64,MEDIUM,8.8,4,516.0,0,11.0
9911,16534,16463.0,6821.0,1173.0,10615.05,2166.5,10152.3,1029.0,531.0,38,10,1,11,3,287000,1,1,1.0,1,720551.4,52991.0,20887.0,3897.0,46851.2,108826.38,12.0,2,26666.0,28750.01,45246.0,6,7,48319.0,84645.18,77451.0,62,21,6297.0,Y,26885.77,current,M,33,MEDIUM,2.6,2,536.0,0,8.0
9912,4760,2818.0,3905.5,137.0,2577.0,1509.0,16105.0,3896.0,1.0,11,29,25,31,1,329000,1,1,1.0,1,13659.0,234459.4,639.0,10210.0,77512.81,10010.0,11.0,36,10355.0,235469.0,208465.0,2,75,62816.0,39811.78,25935.75,3,61,35895.0,Y,1888.11,current,M,66,MEDIUM,23.0,10,684.0,1,8.0
9913,17042,10409.0,2044.02,26230.0,8165.45,15025.0,1384.0,389.0,10.0,23,4,1,1,1,369000,1,1,1.0,1,1910215.0,70164.0,61903.0,167.0,89564.69,390622.0,95.0,1,83359.0,191577.0,26081.0,2,20,26701.0,45307.68,65207.65,21,1,47934.0,Y,2228.46,current,M,29,MEDIUM,5.4,3,354.0,1,7.0
9914,10239,1276.0,3929.64,26648.45,3127.0,3500.79,2494.04,14101.71,1.0,5,4,18,14,26,267000,1,1,1.0,1,9784.1,760470.3,5000.0,553.0,93187.38,188189.0,69.0,2,22463.5,37339.86,35328.0,9,30,9571.0,5.23,47222.0,11,24,15736.0,Y,6070.15,current,M,35,LOW,4.5,10,655.0,1,7.0
9915,10000,16620.0,3392.83,4033.94,15329.45,5452.0,75.0,3264.0,6.0,77,11,2,8,6,352000,1,1,1.0,1,3638.25,110135.86,1526.0,2351.0,44560.47,632.0,50.0,6,30340.0,85127.0,194287.0,45,81,162500.0,45591.11,32327.91,3,24,30957.0,Y,391.53,current,M,33,LOW,1.3,3,700.0,1,7.0
9916,12913,497.0,4288.91,23322.52,1583.27,252.0,29388.555,2664.0,31.0,34,67,50,25,81,218000,1,1,1.0,1,95.0,93.35,711.0,6441.0,24386.0,45999.0,11.0,36,20214.0,33053.13,1162.0,4,38,74666.0,19517.64,32485.0,3,78,20304.0,Y,2997.68,current,M,33,MEDIUM,3.9000000000000004,1,523.0,0,19.0
9917,1265,540.0,4957.09,5628.21,1585.0,3777.3,27132.0,5125.0,37.0,26,74,1,51,34,47000,1,1,1.0,1,4140.0,165970.9,25002.0,1411.0,297231.83,129350.91,11.0,26,20626.0,58976.08,96879.24,5,12,48537.22,19244.67,227095.0,3,3,14525.0,Y,9300.87,saving,M,60,MEDIUM,32.0,4,330.0,0,20.0
9918,14340,12779.0,28402.61,10876.11,3762.94,3037.88,20681.5,17570.22,80.0,99,44,1,21,91,167000,1,1,1.0,1,64803.72,55000.0,694.0,5350.0,23580.0,52192.0,20.0,7,24269.0,126690.05,102522.0,17,82,43966.0,99992.38,39136.0,18,103,1157.0,Y,1320.75,current,M,33,MEDIUM,13.0,9,748.0,1,16.0
9919,4470,861.0,20267.03,1109.6,3359.5,2612.0,5972.92,1486.0,19.0,17,19,39,1,79,169000,1,1,1.0,1,1359.3,117890.0,4699.0,5464.0,31768.75,50032.0,46.0,1,25271.0,210421.75,14828.0,9,8,2328.0,57048.23,58493.0,7,32,17920.0,Y,2724.55,current,M,27,MEDIUM,2.1,10,485.0,0,19.0
9920,11917,15709.0,42222.0,3300.01,8839.24,1149.0,10815.0,7868.0,6.0,13,64,3,44,13,301000,1,1,1.0,1,151000.0,185097.6,4198.0,5773.0,122537.42,63513.0,9.0,2,44739.0,121721.37,24901.0,17,9,94833.0,23152.1,72294.0,13,103,878.0,Y,718.02,current,M,30,LOW,7.0,2,655.0,0,3.0
9921,13310,10776.0,25508.6,2656.0,7718.01,6841.3,12260.41,3563.0,25.0,23,44,7,37,98,350000,1,1,1.0,1,38566.25,470000.0,24619.0,1507.0,21025.0,873608.92,42.0,7,19392.0,72714.58,236673.1,31,27,57778.0,181929.99,63126.0,6,18,48375.0,Y,864.24,current,M,60,MEDIUM,16.0,1,314.0,1,7.0
9922,3203,7522.0,21831.0,7180.06,1028.0,3774.0,605.52,2507.4,5.0,1,13,42,6,47,19000,1,1,1.0,1,9717.55,69370.0,24619.0,-4679.0,1093.48,28067.0,24.0,6,24244.0,23830.75,52306.0,23,59,20514.0,27397.34,54210.36,8,1,28601.0,Y,921.28,current,M,55,LOW,28.0,1,523.0,1,19.0
9923,12048,2876.0,11807.0,424.3,4534.05,1460.0,2935.495,342.0,46.0,32,46,18,3,91,845000,1,1,1.0,1,21220.0,369448.8,230000.0,1500.0,16092.0,45132.0,24.0,9,53007.0,14097.63,155887.0,2,63,64035.0,14934.93,111255.15,4,22,69003.0,Y,3137.31,current,M,62,LOW,42.0,9,700.0,1,9.0
9924,8711,10138.0,11679.84,15886.0,4733.54,296.0,5223.85,1581.0,44.0,65,4,20,51,11,35800,1,1,1.0,1,1539496.64,992890.32,583.0,5464.0,248334.3,130571.0,20.0,26,59690.0,24219.87,2995.43,2,63,101204.0,35348.97,44257.0,8,38,96738.0,Y,10384.21,saving,M,47,MEDIUM,5.4,2,686.0,1,5.0
9925,17533,2596.0,8150.5,4489.0,13985.52,7366.41,4451.92,3176.0,5.0,66,4,62,4,1,599000,1,1,1.0,1,1910215.0,135552.85,73217.0,3735.0,109656.06,33428.0,11.0,19,18876.0,6478.0,286741.5,23,82,45486.0,68092.5,55818.54,28,83,19627.0,Y,896.26,current,M,62,MEDIUM,21.0,9,771.0,0,9.0
9926,4833,6906.0,39199.48,33286.77,761.0,1711.0,714.6,6297.4,10.0,77,49,1,2,56,70000,1,1,1.0,1,89294.6,10701.0,610000.0,1507.0,76755.11,39896.0,36.0,35,49693.0,7427.24,374.14,43,25,23269.0,72614.47,18423.0,8,58,94.0,Y,482.96,current,M,33,MEDIUM,3.9000000000000004,9,582.0,0,13.0
9927,11937,18699.0,6354.94,1447.42,13668.92,1876.5,8281.64,986.5,1.0,32,50,3,1,41,59000,1,1,1.0,1,685580.0,253000.0,731.0,12174.0,41474.0,88494.0,10.0,2,37833.0,1596.5,45703.86,3,20,23406.0,119439.27,28376.5,3,58,24343.0,Y,10906.5,current,M,46,LOW,26.0,4,245.0,1,11.0
9928,9413,250.0,9788.85,3879.0,1832.0,8830.0,9934.435,1204.12,4.0,61,4,50,18,53,650000,1,1,1.0,1,30895.44,633323.83,24250.0,-5439.0,7558.85,36724.0,29.0,6,43731.0,18945.88,34791.0,5,63,21423.0,57123.17,24571.0,5,32,31824.0,Y,84873.13,current,M,27,MEDIUM,0.7000000000000001,4,448.0,0,5.0
9929,12220,18029.0,5427.54,35766.02,28187.5,15535.1,4382.0,5843.09,6.0,66,10,42,31,75,199999,1,1,1.0,1,474401.25,1372927.14,20000.0,-5998.43994,69828.25,34514.0,77.0,1,26975.0,21918.04,147220.0,1,171,107835.0,37261.15,18982.0,14,63,0.06,Y,2649.6,current,M,46,MEDIUM,2.6,3,656.0,1,16.0
9930,6167,10229.0,9226.22,1726.34,28205.77,2579.2,10057.75,5300.0,531.0,85,38,42,1,11,170000,1,1,1.0,1,38566.25,12257.0,3975.0,-5942.0,32176.24,16208.0,147.0,2,26366.0,100358.97,150977.0,3,20,31962.0,164123.0,65861.0,94,0,24327.0,Y,10729.11,current,M,66,MEDIUM,23.0,2,314.0,1,7.0
9931,9102,31368.0,5516.08,6406.0,5616.965,3043.73,75143.03,23197.0,44.0,10,14,2,9,17,147000,1,1,1.0,1,205595.43,60481.0,1097.0,1500.0,28696.47,152525.0,16.0,3,26259.0,28066.0,49958.0,8,20,26798.0,16024.9,21704.51,2,57,88894.0,Y,277.78,current,M,42,MEDIUM,4.4,9,244.0,0,12.0
9932,2849,165819.0,5394.08,976.01,10674.8,162.0,29901.515,289.93,8.0,77,7,5,12,13,271000,1,1,1.0,1,111.0,462011.1,100000.0,-5998.43994,46104.05,4192.0,36.0,55,132.0,64257.44,26180.38,1,12,10277.0,30263.0,191292.0,14,32,31502.0,Y,12608.0,current,M,38,MEDIUM,5.4,3,883.0,1,18.0
9933,15439,319609.0,24688.52,5040.0,51945.0,6288.96,36671.0,5269.47,14.0,36,67,60,6,67,53000,1,1,1.0,1,134985.0,234459.4,787.0,12163.0,20603.18,50436.39,11.0,26,38350.0,30146.35,35184.0,2,24,32015.0,33978.42,3965.0,7,58,79765.0,Y,41805.09,current,M,60,LOW,20.0,3,965.0,1,20.0
9934,1469,4631.0,101296.31,261.0,73629.66,403.0,749.0,617.14,1.0,29,87,50,4,41,100000,1,1,1.0,1,34112.0,170989.0,492.0,5730.0,115490.51,81892.41,10.0,2,9722.0,48329.51,131619.0,4,171,48789.0,115205.0,21306.0,40,103,126970.0,Y,50761.16,current,M,33,MEDIUM,11.700000000000001,8,643.0,1,16.0
9935,19676,408282.0,9094.46,14825.95,3087.64,769.59,25602.595,1445.0,44.0,8,47,1,1,30,27000,1,1,1.0,1,55700.0,165970.9,25508.0,6885.0,115190.1,42200.0,62.0,3,19360.0,56317.68,377994.06,2,14,168000.0,425802.96,115707.38,7,58,28058.0,Y,22219.32,current,M,36,LOW,3.2,1,764.0,0,8.0
9936,13798,1080.0,11991.42,625.0,6790.98,4405.13,9615.0,827.0,4.0,27,72,1,26,10,199999,1,1,1.0,1,4230125.0,167870.79,230000.0,0.0,62159.05,61000.0,42.0,6,37208.0,20188.02,13459.0,2,44,16818.0,62794.5,134374.0,5,12,38613.0,Y,51574.23,current,M,31,MEDIUM,4.4,6,454.0,1,9.0
9937,10242,344039.0,11887.04,10291.4,11928.92,1892.0,1582.115,12686.0,531.0,99,19,3,3,8,293000,1,1,1.0,1,6100.0,330001.0,25524.0,2351.0,35127.09,38174.0,55.0,3,32356.0,3196.74,82807.0,43,20,29185.0,98749.47,91091.0,6,79,32606.0,Y,1735.99,current,M,44,LOW,2.4000000000000004,1,486.0,0,8.0
9938,16366,2143.0,4076.75,41762.0,29909.7,877.0,738.0,4536.0,4.0,34,47,53,15,4,98000,1,1,1.0,1,71191.8,64491.0,183999.0,8572.0,46788.81,41242.0,4.0,13,63795.0,15452.0,72242.0,1,31,37440.0,17545.0,69927.0,1,11,18790.0,Y,940.3,current,F,29,MEDIUM,9.0,6,503.0,1,3.0
9939,5613,220426.0,2005.81,17160.57,18928.0,3939.0,13792.52,6205.0,531.0,36,74,7,16,1,381000,1,1,1.0,1,9649.6,134000.0,24094.0,-5439.0,17504.06,19677.0,18.0,7,21750.0,57869.68,1789262.36,9,12,16470.0,34769.8,47610.78,4,104,45122.0,Y,16626.28,saving,F,35,MEDIUM,3.0,5,801.0,1,2.0
9940,6116,8733.0,14172.07,9172.0,13178.0,60659.0,8006.0,637.0,1.0,42,60,18,18,4,270000,1,1,1.0,1,28827.73,77965.0,694.0,-4324.0,71673.44,33513.74,16.0,7,26343.0,19495.66,245320.0,0,81,14630.0,39755.05,60763.0,41,76,25131.0,Y,2339.71,current,M,120,MEDIUM,20.0,9,743.0,1,20.0
9941,18462,15468.0,5197.0,729.0,26541.12,1897.0,6928.0,31146.0,44.0,6,60,50,2,5,450000,1,1,1.0,1,111.4,31730.49,48950.0,1500.0,52403.52,21266.0,42.0,6,39846.0,37610.35,69381.86,0,20,6546.66,48190.61,24920.08,41,58,48444.12,Y,7.76,current,M,28,MEDIUM,6.4,9,623.0,1,3.0
9942,8003,208236.0,57105.44,6453.0,644.0,5855.44,14705.965,3188.5,9.0,5,16,30,3,30,306000,1,1,1.0,1,544500.0,64309.52,72000.0,886.0,31116.31,99264.0,55.0,5,46476.0,53434.49,72353.75,1,26,13001.0,16652.0,28751.0,8,120,18357.0,Y,5449.12,current,M,53,MEDIUM,9.9,1,249.0,1,3.0
9943,16661,215874.0,20127.58,362.0,4351.26,8645.0,20502.0,6681.0,6.0,4,59,47,2,55,44000,1,1,1.0,1,510.6,5350.0,49975.0,2921.0,51364.42,106770.5,18.0,1,111591.0,19606.88,48148.0,3,27,17905.0,72840.71,35396.0,3,50,17670.0,Y,2162.47,current,M,28,MEDIUM,4.0,3,860.0,1,5.0
9944,16014,8535.0,16362.0,11335.3,59481.0,3793.59,12700.0,4859.0,2.0,1,60,17,37,80,50900,1,1,1.0,1,225823.8,234459.4,492.0,1992.0,128279.25,29441.88,79.0,36,22244.0,19895.65,119908.75,3,1,27415.0,66576.71,52868.0,7,57,54526.0,Y,4568.76,current,M,33,MEDIUM,5.2,9,737.0,1,7.0
9945,5581,134644.0,1169.0,195.21,4729.44,1945.13,2504.21,6870.0,6.0,14,35,50,6,80,139000,1,1,1.0,1,253302.0,165970.9,908.0,3735.0,260060.91,73921.0,147.0,2,27541.0,35883.32,38551.0,16,108,159733.66,2540.0,195387.0,2,7,41600.0,Y,13298.25,current,M,37,MEDIUM,1.7000000000000002,4,685.0,1,13.0
9946,14599,7625.0,26405.84,17020.33,31704.75,3740.0,24628.605,413.0,26.0,10,47,3,3,64,16000,1,1,1.0,1,668728.4,1971236.9,14904.0,5439.0,38403.5,288212.0,82.0,13,40206.0,14646.75,15301.73,3,8,63388.0,3127.69,22671.0,46,0,104.0,Y,1816.45,current,F,120,LOW,10.0,5,243.0,1,5.0
9947,9939,7830.0,4022.07,12701.75,1419.0,26717.3,10088.72,110.5,100.0,1,13,2,51,1,59000,1,1,1.0,1,506688.65,184514.0,24250.0,1931.0,5112.0,19739.0,11.0,1,19250.5,60120.31,64208.0,31,4,27409.0,6950.0,72294.0,4,79,23326.0,Y,4864.86,current,M,53,MEDIUM,19.8,6,511.0,1,11.0
9948,7928,302661.0,11303.0,1548.37,24229.0,6904.13,3606.22,177.0,2.0,26,2,5,44,6,595000,1,1,1.0,1,12.19,105000.0,639.0,-5998.43994,94576.46,25164.0,8.0,23,86944.5,8261.0,97865.0,3,59,16378.71,27746.7,168911.0,7,65,42682.0,Y,807.01,current,M,35,HIGH,12.0,5,245.0,1,7.0
9949,8034,20131.0,55906.78,683.0,3334.06,6977.09,53012.17,4895.0,4.0,10,32,26,27,12,17000,1,1,1.0,1,3638.25,280000.0,1446.0,5773.0,32054.94,86960.0,59.0,1,39707.0,14327.0,49548.0,3,34,153980.0,55832.33,16928.0,3,106,7615.25,Y,1189.37,current,M,27,LOW,4.9,10,385.0,1,17.0
9950,4336,12673.0,2089.0,2740.0,4367.5,1186.0,3183.8,15066.0,100.0,10,87,17,1,13,650000,1,1,1.0,1,60050.0,197800.0,9570.0,-12179.0,22500.25,53292.5,11.0,5,41622.0,50095.27,44792.0,3,29,77595.0,34051.01,75283.0,7,49,116905.0,Y,3943.97,current,M,53,HIGH,26.400000000000002,7,249.0,1,12.0
9951,18616,17005.0,21706.12,9089.0,877.33,17038.61,18724.5,9407.0,531.0,30,89,48,17,47,369000,1,1,1.0,1,42460.6091,134890.0,33774.0,-12179.0,144834.98,16837.0,46.0,36,149392.0,190247.57,31496.0,5,59,203000.0,30152.76,19897.0,117,11,39900.0,Y,4267.27,current,M,37,MEDIUM,8.5,2,928.0,0,5.0
9952,14907,3529.0,574.0,4941.84,33843.22,2223.05,5731.515,2235.3,5.0,26,9,15,25,80,371000,1,1,1.0,1,13732.93,273221.0,50000.0,-3506.17993,10826.75,235076.0,8.0,1,9015.73,15192.0,256270.37,4,171,60985.0,91249.15,42912.0,6,21,63358.48,Y,10033.1,current,M,29,MEDIUM,7.2,6,505.0,0,18.0
9953,2692,13479.0,17578.86,342.0,4522.57,6658.0,5505.52,5046.0,92.0,10,38,1,2,36,350000,1,1,1.0,1,98543.96,21577.06,54101.0,12415.0,17676.38,51042.0,43.0,3,49222.25,187661.8,39629.0,3,108,20739.0,29371.31,481.29,3,80,57649.0,Y,599.32,current,M,66,LOW,4.6000000000000005,5,799.0,0,14.0
9954,1266,8914.0,8213.46,3569.0,35935.75,962.0,16264.35,4342.0,28.0,99,9,50,1,5,104000,1,1,1.0,1,825.0,132324.01,550.0,-4612.00977,25353.92,134351.39,3.0,7,65728.0,35078.42,22903.0,1,82,26400.0,94280.88,18160.93,2,65,62771.79,Y,227.18,saving,M,35,MEDIUM,12.0,5,639.0,0,3.0
9955,5543,130902.0,5298.77,7944.0,7260.0,37483.84,1540.0,1276.91,6.0,19,64,2,4,80,287000,1,1,1.0,1,41070.0,20000.0,768.0,20513.0,52097.37,203146.88,4.0,2,36670.0,27942.0,71175.36,5,20,18235.0,178112.59,55554.0,21,106,19165.0,Y,942.97,current,M,37,HIGH,5.1000000000000005,5,614.0,0,9.0
9956,394,16870.0,1866.42,2099.36,13021.77,2427.02,24741.0,2384.7,10.0,1,32,3,23,3,358000,1,1,1.0,1,4120.0,19000.0,1097.0,977.0,30979.0,102784.0,11.0,0,29146.0,33374.79,64208.0,8,42,23107.0,64358.82,33335.0,117,80,1168.0,Y,4085.63,current,M,33,LOW,9.1,10,614.0,1,14.0
9957,14438,20626.0,6788.63,4162.0,4938.0,3240.0,23801.0,4027.0,7.0,10,47,1,5,47,47000,1,1,1.0,1,124929.75,358480.64,15477.0,167.0,13276.27,51918.27,15.0,3,44739.0,31128.0,636.5,43,13,25762.0,96804.84,19112.0,117,64,15626.0,Y,1925.19,current,M,46,HIGH,5.2,3,464.0,0,15.0
9958,6854,11776.0,15427.485,5821.0,6605.18,1439.0,18345.75,1385.0,56.0,9,5,3,1,11,480000,1,1,1.0,1,1417886.15,45000.0,4895.0,6885.0,40548.0,36989.0,52.0,3,38121.0,15995.93,623920.99,9,7,236588.0,1570.0,75930.0,7,106,23011.0,Y,5955.42,current,M,60,HIGH,36.0,6,424.0,0,12.0
9959,10311,11315.0,943.5,12601.65,6144.5,7104.55,3670.0,9563.03,4.0,46,30,8,3,70,49999,1,1,1.0,1,52209.5,470000.0,527.0,19765.0,118227.57,74992.76,40.0,3,18942.0,37403.5,41041.0,1,46,50967.0,6700.42,83901.0,4,9,64138.0,Y,12802.48,current,M,66,MEDIUM,41.400000000000006,5,710.0,1,14.0
9960,12640,10992.0,9282.22,2340.23,1315.0,1858.0,5734.0,1109.58,7.0,10,50,42,55,55,350000,1,1,1.0,1,47.35,31000.0,105000.0,20513.0,37340.51,136994.0,12.0,5,15763.0,10900.0,58890.0,9,46,130999.0,61279.41,50918.0,21,61,59903.26,Y,1280.0,saving,M,223,LOW,142.1,10,537.0,1,7.0
9961,9236,35307.0,30675.0,3690.13,14544.64,10434.28,8587.5,6843.0,4.0,23,2,2,4,1,510000,1,1,1.0,1,630.6,20098.0,3975.0,-3506.17993,46481.15,149840.0,95.0,4,1953756.0,56267.98,204625.19,9,9,158577.0,38829.48,217167.0,10,50,68778.0,Y,285.23,current,M,47,MEDIUM,27.0,10,485.0,1,4.0
9962,1925,19690.0,13147.85,23128.0,21514.27,22738.64,4899.77,2191.9,531.0,38,49,30,1,9,17000,1,1,1.0,1,811000.0,338430.0,19176.0,1465.0,14249.95,112061.0,43.0,7,16411.0,20810.0,53459.0,2,12,13184.0,149193.19,55350.0,2,2,15656.0,Y,33467.88,current,M,31,MEDIUM,8.8,4,802.0,1,7.0
9963,13323,18411.0,86744.95,11327.9,1209.0,6003.22,1740.0,787.0,50.0,46,7,3,14,55,59000,1,1,1.0,1,115.45,60481.0,13873.0,-5942.0,32475.54,15214.0,3.0,5,75622.0,15885.98,108209.0,2,17,20949.0,122754.54,287605.0,21,50,37842.0,Y,5637.27,current,M,40,LOW,2.0,1,505.0,1,13.0
9964,6381,755.0,22205.49,6852.0,2619.17,1689.28,8281.42,4804.0,6.0,23,16,53,45,7,326000,1,1,1.0,1,716556.5,560000.0,130000.0,1014.0,39403.58,14075.82,77.0,15,54975.0,31623.49,49082.0,9,13,17480.0,39580.44,29550.0,8,79,37234.0,Y,1615.51,current,M,33,LOW,11.700000000000001,4,860.0,1,15.0
9965,18995,10188.0,5766.68,6463.95,9130.98,1324.0,21468.0,414.0,6.0,71,16,2,2,70,403000,1,1,1.0,1,9608.3,190887.4,73217.0,6885.0,100848.8,253388.0,84.0,1,14394.0,9814.38,45195.0,4,25,15184.0,32709.56,69310.79,6,3,14245.0,Y,1513.36,current,M,47,MEDIUM,27.0,4,249.0,1,17.0
9966,3663,14772.0,25704.37,780.46,2962.0,2266.0,3630.0,200.0,24.0,26,8,1,62,34,139999,1,1,1.0,1,154363.25,189246.0,130000.0,-6885.0,117864.02,10244.0,48.0,15,56868.0,23843.0,106861.75,2,69,44142.0,30207.39,110284.26,12,50,853.0,Y,3294.91,current,M,46,MEDIUM,2.6,8,428.0,1,14.0
9967,17447,19355.0,3814.38,17160.57,15861.29,3398.0,8347.0,3762.0,4.0,43,20,3,6,67,139999,1,1,1.0,1,15250.79,9866.01,694.0,35346.0,67274.42,26327.0,11.0,35,9402.0,50837.67,25277.0,2,63,41657.0,35948.25,68589.5,3,39,45926.0,Y,27.32,current,M,28,MEDIUM,1.6,8,537.0,1,5.0
9968,12566,205569.0,28247.0,916.93,25901.63,2859.0,4712.83,11233.0,24.0,10,13,10,5,54,378000,1,1,1.0,1,2.13,358480.64,908.0,0.0,89678.96,109536.0,94.0,2,42370.84,6754.59,110255.0,2,81,22815.0,92502.85,189719.0,2,80,66688.32,Y,2193.41,current,M,32,LOW,1.2000000000000002,8,574.0,1,8.0
9969,8479,19455.0,7906.0,2132.0,18307.69,18419.25,2704.6,8238.0,7.0,60,67,4,14,2,472000,1,1,1.0,1,1112.4,85300.0,5797.0,167.0,51502.87,88439.0,42.0,4,10837.0,37792.98,121834.5,6,7,17960.0,239010.53,100841.87,62,36,11667.0,Y,41961.68,current,F,37,LOW,6.800000000000001,4,233.0,1,10.0
9970,5261,17688.0,11132.0,5014.0,14105.82,5995.68,27282.045,10569.0,43.0,128,110,3,21,3,75000,1,1,1.0,1,1831780.84,992890.32,28913.0,8572.0,32882.64,314172.0,10.0,3,31599.0,37053.43,230549.0,6,63,16252.0,33189.33,54877.0,14,39,20119.0,Y,4416.62,saving,M,47,MEDIUM,16.2,5,536.0,1,19.0
9971,3806,1863.0,4411.22,1944.0,2604.5,6700.71,1314.64,967.0,5.0,84,4,24,20,3,75000,1,1,1.0,1,1539496.64,100934.0,1630.0,3897.0,13033.15,51467.9,7.0,5,54230.0,24333.53,13385.0,9,23,28768.0,48549.17,35515.0,10,15,11667.0,Y,82489.45,current,F,66,MEDIUM,36.800000000000004,5,743.0,0,13.0
9972,11742,2950.0,1751.44,4121.43,10712.51,2109.0,1005.425,4869.0,31.0,99,17,22,1,64,212500,1,1,1.0,1,4731.1,110135.86,16114.0,2921.0,51909.25,147348.0,84.0,1,19360.0,11717.15,124261.0,70,78,76920.0,23571.61,23543.0,7,65,67440.0,Y,13607.72,current,F,42,MEDIUM,8.8,4,966.0,1,6.0
9973,6841,9585.0,2564.71,90101.0,3813.58,494.04,5210.385,17045.0,6.0,39,48,30,3,5,232000,1,1,1.0,1,325024.6,60481.0,11580.0,2921.0,22353.55,143012.0,32.0,1,47110.0,17869.19,55137.0,4,7,93054.0,28592.88,284126.53,12,61,179347.0,Y,3004.61,current,M,62,MEDIUM,12.600000000000001,1,485.0,1,2.0
9974,19951,10682.0,19338.04,68684.77,9586.06,37338.0,7656.5,475.0,63.0,42,50,3,2,98,98000,1,1,1.0,1,47936.43,24000.0,925.0,1245.0,190.0,28515.0,16.0,0,14594.0,14361.0,34750.0,17,171,34509.0,18722.0,18196.25,10,18,18451.33,Y,3234.36,current,M,35,LOW,12.0,10,818.0,1,2.0
9975,5827,12315.0,5141.51,3390.0,989.93,1583.0,2867.0,701.0,19.0,10,102,5,55,30,411000,1,1,1.0,1,293418.75,29479.0,8333.0,691.0,19184.0,17385.0,40.0,4,41809.0,64265.0,73522.0,17,86,193787.0,63910.34,34204.0,40,106,21505.0,Y,82791.18,current,M,39,LOW,3.8000000000000003,9,805.0,0,4.0
9976,15063,11648.0,28186.76,3009.8,2252.5,10282.57,2457.75,2288.77,4.0,34,35,8,2,17,28000,1,1,1.0,1,97043.6,19000.0,28985.0,3897.0,25291.73,79165.0,46.0,26,22580.0,257530.76,39323.0,70,46,53000.0,33391.29,50330.0,4,120,23568.0,Y,14439.64,current,M,28,MEDIUM,8.0,7,723.0,1,4.0
9977,10233,9471.0,12488.55,3272.0,20243.0,1711.0,13026.8,2511.0,100.0,1,85,1,18,2,272000,1,1,1.0,1,318640.58,30453.0,24094.0,6916.0,4717.0,168048.0,46.0,35,24567.0,41882.76,36413.36,4,12,40834.0,57099.65,6432.0,7,3,24629.0,Y,3282.75,current,M,30,LOW,8.0,9,974.0,1,10.0
9978,16166,2492.0,16016.575,4483.56,55813.51,14090.74,24705.4,7779.0,531.0,9,13,2,2,30,375000,1,1,1.0,1,148705.0,145000.0,100000.0,0.0,91869.67,56976.07,89.0,1,30928.0,206056.0,441.95,5,108,45210.98,42822.7,14866.0,21,100,29542.0,Y,3694.02,saving,M,58,LOW,11.4,2,805.0,1,14.0
9979,15190,5873.0,41441.33,10430.45,8114.45,870.42,11974.0,423.02,10.0,3,74,24,6,26,199000,1,1,1.0,1,5914.15,93.35,69493.0,5773.0,66893.89,336526.0,29.0,15,159847.0,34941.5,22622.0,1,20,18100.0,128515.41,13782.0,4,103,396732.0,Y,5056.54,current,M,49,MEDIUM,11.600000000000001,7,511.0,1,10.0
9980,19715,1522.0,18898.41,5280.0,15746.06,3148.0,13626.685,7987.0,5.0,10,1,60,1,16,125000,1,1,1.0,1,2184.0,390700.0,5540.0,2008.0,18383.5,37312.0,4.0,36,25324.0,1280.15,88798.0,0,171,81117.0,50196.18,5180.0,21,12,30500.0,Y,18.59,saving,M,42,LOW,17.6,7,623.0,1,11.0
9981,2724,13757.0,4897.0,23128.0,2141.13,2337.0,2014.53,5697.0,1.0,128,5,1,2,42,169000,1,1,1.0,1,19265.4,50000.0,5905.0,1500.0,65109.0,19785.0,18.0,1,20004.0,446621.94,32154.0,3,81,87926.0,131879.89,633.0,12,124,101528.0,Y,8371.57,current,M,42,MEDIUM,11.0,3,523.0,1,11.0
9982,8914,19807.0,1499.5,11709.44,3145.34,290.0,7243.0,4651.0,531.0,27,1,18,2,1,599000,1,1,1.0,1,197067.2,29479.0,583.0,12415.0,53153.9,134114.0,63.0,5,103141.0,24463.28,48894.0,31,5,38723.0,75780.18,72234.45,94,3,13410.0,Y,3741.27,current,M,36,MEDIUM,12.8,7,708.0,0,9.0
9983,15875,84984.0,11446.46,20337.08,4036.43,2406.0,16124.0,8637.0,56.0,14,50,2,14,12,366000,1,1,1.0,1,1859872.2,376694.91,130000.0,1079.0,49894.2,38797.57,4.0,26,20050.0,256917.75,65419.83,3,50,6022.0,39634.23,120208.25,8,76,15225.0,Y,2337.88,current,M,33,MEDIUM,3.9000000000000004,5,464.0,0,2.0
9984,18345,47336.0,2323.85,3486.0,5281.15,79802.0,8789.81,473.59,25.0,20,10,1,51,2,303000,1,1,1.0,1,526.25,87578.0,5905.0,0.0,59041.2,24936.0,7.0,2,39027.0,3638.25,17794.44,47,104,48681.0,35327.64,705752.0,6,3,21646.0,Y,1849.37,current,M,33,LOW,9.1,9,523.0,0,17.0
9985,7048,7409.0,1807.95,4696.0,45028.0,8195.11,19747.0,325.0,8.0,42,10,4,1,56,340000,1,1,1.0,1,45000.0,17000.0,594.0,0.0,27941.0,64218.0,4.0,1,17897.0,21893.5,21631.31,31,26,23349.0,17486.75,624.29,117,10,37505.0,Y,843.3,current,M,47,HIGH,18.900000000000002,10,818.0,1,13.0
9986,14832,18942.0,5903.89,25448.84,1674.0,5925.0,4225.375,9368.0,101.0,85,10,52,2,34,16000,1,1,1.0,1,4110.0,93.35,787.0,4314.0,26207.03,129258.0,5.0,31,11715.0,13708.12,93492.0,31,82,191484.0,5735.0,67140.0,6,103,6400.0,Y,144.61,current,M,223,MEDIUM,40.6,3,355.0,1,17.0
9987,935,308304.0,33348.71,876.35,2222.15,16052.21,5204.905,7602.0,2.0,56,44,18,25,68,98000,1,1,1.0,1,811000.0,191000.0,183999.0,2351.0,19827.5,29186.0,24.0,26,50313.0,13622.87,10407.0,6,29,30232.0,51657.94,28712.0,58,83,19694.0,Y,7034.35,current,M,33,MEDIUM,2.6,7,447.0,1,5.0
9988,18963,1096.0,31661.68,15063.91,5970.01,351.0,5085.75,3501.5,3.0,85,2,5,7,81,352000,1,1,1.0,1,45000.0,992890.32,24250.0,8723.0,75377.67,6137.0,18.0,1,21390.0,101802.12,28494.0,2,108,28292.0,51770.75,166801.37,4,83,16762.0,Y,8613.25,current,M,47,LOW,2.7,7,314.0,1,3.0
9989,6736,16211.0,1488.15,3691.9,1762.7,1523.0,6636.395,346.0,2.0,8,50,10,60,5,351000,1,1,1.0,1,101891.25,24703.0,550.0,26601.0,51603.89,19534.0,4.0,3,28421.0,14143.31,57225.0,8,26,31265.0,161694.69,67814.0,3,25,23568.0,Y,5616.83,saving,M,30,LOW,2.0,2,685.0,1,16.0
9990,7698,10999.0,26552.0,10557.0,23284.88,6509.0,1792.54,742.88,8.0,22,67,53,31,1,556000,1,1,1.0,1,1518.0,182359.2,768.0,4795.0,2977.58,61150.0,11.0,1,65772.0,538041.23,36022.0,7,82,7384.0,36829.39,18950.64,5,80,32683.53,Y,4810.1,current,M,222,MEDIUM,60.6,4,355.0,0,6.0
9991,498,83163.0,1210.92,2130.0,11246.34,2156.06,8080.49,11821.0,53.0,19,9,5,6,17,232000,1,1,1.0,1,60800.0,13299.0,583.0,886.0,39095.14,24532.0,11.0,1,67140.0,48946.0,11185.0,24,81,51360.0,64140.5,24582.0,47,38,27718.0,Y,3687.65,current,F,34,MEDIUM,14.0,1,656.0,1,6.0
9992,15638,118482.0,15947.52,808.3,186004.32,1177.01,16406.0,2928.0,4.0,2,71,45,2,10,83000,1,1,1.0,1,123134.77,79828.0,126001.0,1079.0,100948.24,22785.0,40.0,13,47963.0,34018.83,58684.0,6,27,29941.0,43761.27,50876.0,40,63,29050.0,Y,9376.39,current,M,53,MEDIUM,26.400000000000002,1,598.0,1,4.0
9993,9017,12425.0,41269.28,573.0,2116.0,54646.02,1857.49,2853.02,63.0,10,82,18,4,54,152000,1,1,1.0,1,551439.2,170989.0,12000.0,19765.0,28070.76,110136.0,37.0,1,11900.0,80574.0,135257.0,6,12,63554.9,7235.0,470.29,1,3,24768.0,Y,1210.18,current,M,56,LOW,10.8,6,245.0,1,12.0
9994,13295,4340.0,1025.5,6906.04,4399.85,22304.86,3227.22,573.0,3.0,23,4,53,4,42,39000,1,1,1.0,1,2014.8,16000.0,3570.0,-5439.0,58239.16,34655.0,3.0,13,22929.0,76811.41,51190.0,17,82,79950.0,37546.75,176402.82,6,1,31645.0,Y,4894.29,current,M,33,MEDIUM,5.2,10,864.0,1,16.0
9995,3306,1207.0,17240.5,8934.0,6805.05,79802.0,10123.0,9034.01,6.0,1,38,62,55,4,240000,1,1,1.0,1,60050.0,184514.0,130000.0,4314.0,64083.0,18025.0,42.0,3,54263.0,125089.0,10195.0,2,5,188115.0,34633.5,65961.5,47,57,4600.0,Y,5476.02,current,M,37,LOW,10.200000000000001,9,655.0,1,5.0
9996,12631,6094.0,1758.0,134.0,39947.13,467.49,8698.0,21126.0,100.0,56,5,2,24,55,138000,1,1,1.0,1,1910215.0,5241.0,508.0,12415.0,13276.27,54259.0,4.0,36,10977.0,20353.75,2196.08,6,2,95733.0,54861.68,15705.0,14,25,35057.0,Y,899.06,current,M,47,LOW,5.4,7,254.0,1,2.0
9997,7105,8995.0,14270.0,1288.25,573.05,162.0,1393.52,6099.41,10.0,10,5,1,27,2,100000,1,1,1.0,1,3247.5,159308.0,8333.0,3735.0,58590.63,100368.0,6.0,35,156535.0,5895.27,16321.0,0,63,13599.0,16633.28,43952.0,117,52,33410.0,Y,2320.5,current,M,38,LOW,18.0,3,937.0,0,9.0
9998,15788,964.0,3480.77,6751.0,1546.0,22302.0,2872.5,13049.0,531.0,11,4,24,6,47,59000,1,1,1.0,1,166331.66,237365.38,492.0,2819.0,26219.96,33165.0,35.0,7,27507.0,64485.0,29182.0,45,5,79654.0,18919.0,528.0,22,58,29430.0,Y,1351.41,current,M,34,LOW,5.6000000000000005,9,537.0,1,6.0
9999,10892,14423.0,842.6,13289.76,965.5,7610.0,733.0,2999.0,12.0,9,112,7,3,12,406000,1,1,1.0,1,13180.0,95081.0,73217.0,0.0,120260.57,29869.0,46.0,1,47910.0,18193.72,32591.0,6,82,20691.0,330888.73,45424.0,10,28,16391.0,Y,6786.95,current,M,58,LOW,38.0,7,446.0,0,17.0
10000,3285,166113.0,15342.3,9604.0,4615.1,723.17,6632.5,1876.0,9.0,6,10,4,1,10,47000,1,1,1.0,1,71191.8,27000.0,694.0,4063.0,33863.19,48211.0,46.0,3,69460.0,130253.78,39838.0,3,8,16740.0,110232.56,32041.0,40,50,208849.0,Y,5563.64,current,M,62,MEDIUM,16.8,5,658.0,1,15.0
10001,19199,123632.0,675.0,3300.01,66498.16,2680.0,6744.97,52104.09,1.0,27,135,1,25,1,58000,1,1,1.0,1,60800.0,154121.9,798.0,2921.0,43260.55,100256.0,5.0,4,335000.0,110196.0,25229.0,5,8,35502.0,25994.69,33797.0,21,32,26080.0,Y,2914.88,current,M,44,LOW,14.4,1,354.0,1,10.0
10002,11082,9723.0,10420.08,5714.0,29349.0,30673.12,1336.22,5131.0,12.0,23,4,1,38,98,167000,1,1,1.0,1,52209.5,879134.4,73217.0,6885.0,116253.45,60264.92,16.0,43,12258.0,67696.98,121900.0,2,82,6089.0,5321.0,83571.0,2,61,40673.0,Y,1680.63,current,M,58,LOW,26.6,7,245.0,1,19.0
10003,18759,16251.0,12609.0,466.0,7715.5,28822.8,859.0,5289.52,136.0,16,13,5,2,2,255000,1,1,1.0,1,384550.05,165000.0,4367.0,1079.0,2821.0,142572.0,36.0,3,17234.0,12657.0,19970.0,3,8,25662.0,9683.09,681429.93,94,3,96089.0,Y,19102.38,current,M,47,MEDIUM,27.0,6,445.0,1,2.0
10004,8744,15166.0,4382.47,318.72,8946.36,4470.32,5661.0,1418.0,3.0,93,50,4,3,20,366000,1,1,1.0,1,443.36,470000.0,60000.0,-5439.0,48142.37,365.6,18.0,23,33873.0,67504.65,44603.0,3,4,69243.0,387881.79,36283.0,62,38,19754.0,Y,586.3,current,M,39,MEDIUM,17.1,9,908.0,1,14.0
10005,19761,15793.0,15187.0,3311.0,16452.15,9817.88,1033.0,3142.0,7.0,5,32,2,2,3,100000,1,1,1.0,1,148705.0,187788.1,65000.0,-4664.0,125818.3,42686.0,11.0,4,24625.0,82548.5,62806.0,2,108,12032.0,25485.82,42003.13,8,24,39368.0,Y,8387.2,current,M,33,MEDIUM,11.700000000000001,8,245.0,1,8.0
10006,14762,211827.0,18781.0,910.01,9460.82,1847.0,1950.24,293.0,29.0,34,50,1,1,1,127500,1,1,1.0,1,13730.0,150000.0,550.0,12174.0,128728.57,127943.28,11.0,2,30876.0,67393.25,88897.36,0,13,16914.0,48211.67,59857.0,3,37,24712.0,Y,7023.02,current,F,53,MEDIUM,3.3000000000000003,5,354.0,1,2.0
10007,1867,4753.0,42480.38,35250.0,230.0,1613.02,9081.5,322.21,44.0,18,38,1,1,58,524000,1,1,1.0,1,7089.7,48087.25,12000.0,-6301.0,8474.98,200749.0,55.0,3,34619.0,37754.08,13175.75,2,14,30192.0,27249.2,21655.0,47,120,33761.0,Y,10068.08,saving,M,36,HIGH,1.6,10,626.0,1,10.0
10008,10140,11248.0,69372.95,2406.0,7472.0,7260.5,3853.0,1299.0,8.0,8,16,1,9,56,58000,1,1,1.0,1,117168.65,895000.0,610000.0,-4679.0,242696.77,144263.0,147.0,3,33221.0,23409.0,86927.0,2,82,37397.0,54348.75,17898.0,5,96,87706.0,Y,8658.4,current,M,47,MEDIUM,24.3,6,914.0,1,5.0
10009,5584,3982.0,20733.0,2080.0,19375.92,2274.0,19322.03,3188.5,24.0,85,30,4,1,4,147000,1,1,1.0,1,209110.5,861640.54,51520.0,0.0,63469.47,55769.0,10.0,6,42586.0,36066.9,11762.49,5,38,60115.0,63025.91,51990.0,47,25,117770.0,Y,5896.13,saving,M,50,MEDIUM,30.0,3,268.0,1,15.0
10010,9981,330005.0,11800.0,13607.0,2916.5,13831.21,7118.51,405.0,14.0,85,117,10,4,2,287000,1,1,1.0,1,13668.25,500358.79,15654.0,12174.0,13016.0,64626.0,90.0,30,19632.0,3361.35,49401.0,4,82,49322.0,39264.63,92922.83,1,80,147.0,Y,94590.18,saving,M,27,HIGH,4.9,1,698.0,1,9.0
10011,1898,20101.0,3283.4,456.0,4734.75,1810.02,17178.03,6857.0,63.0,66,23,4,3,1,170000,1,1,1.0,1,3549.85,500358.79,73217.0,10455.0,46788.81,499709.0,18.0,4,16636.0,23432.5,128388.0,9,171,11374.0,30098.28,266.0,2,0,90742.0,Y,3852.45,current,M,221,MEDIUM,180.9,5,723.0,1,18.0
10012,4745,7717.0,16977.57,9873.5,25586.83,1577.91,4518.005,1843.0,531.0,85,86,17,5,1,44000,1,1,1.0,1,12010.0,189246.0,105000.0,-3506.17993,68916.0,363877.88,52.0,36,313439.0,10138.79,10054.0,2,8,15780.0,19426.35,522332.0,7,76,19111.0,Y,2141.05,current,M,63,MEDIUM,25.8,7,259.0,1,14.0
10013,15814,305514.0,6707.58,330.78,4352.0,12241.55,3123.5,3906.69,531.0,61,50,1,6,1,124000,1,1,1.0,1,140291.6,3.0,1052.0,12965.0,22519.95,45999.0,77.0,2,59891.0,101836.96,106251.0,9,12,64035.0,66833.8,78625.0,3,35,57577.0,Y,3480.31,current,M,63,MEDIUM,17.2,8,818.0,1,11.0
10014,4077,11334.0,11792.0,1521.8,8724.22,4934.88,10013.7,3173.0,531.0,3,20,57,3,70,147000,1,1,1.0,1,48675.31,3084.5,527.0,10210.0,10610.17,175171.5,10.0,2,11100.0,34444.28,9285.5,45,44,43436.0,43449.4,30069.0,4,11,41975.0,Y,10277.05,current,M,29,LOW,5.4,4,710.0,0,4.0
10015,14265,703.0,5374.37,1268.0,8696.06,776.0,10198.615,22520.0,19.0,85,10,2,25,4,306000,1,1,1.0,1,497317.93,295150.9,155205.0,1931.0,38940.75,29093.44,11.0,9,74400.0,32983.0,29146.28,7,7,21898.0,37717.17,25001.0,117,1,148304.0,Y,4374.6,current,F,62,MEDIUM,4.2,3,485.0,1,8.0
10016,2099,8237.0,24737.1,4681.5,116203.41,2770.86,372.1,18956.0,12.0,10,32,7,4,1,100000,1,1,1.0,1,17377.25,134890.0,48500.0,20513.0,29948.98,54676.5,1.0,5,25155.0,70061.87,79967.0,1,13,36680.0,30200.0,6329.38,1,65,18429.0,Y,10392.9,current,M,37,MEDIUM,11.9,3,860.0,0,5.0
10017,17222,391.0,14502.46,4857.0,1248.17,4644.0,2064.02,10323.0,7.0,50,35,1,25,4,20000,1,1,1.0,1,101891.25,24000.0,5797.0,-5715.49022999999,6663.25,15755.0,11.0,4,390.96,156229.05,540922.0,5,81,17471.0,35327.64,44109.45,5,11,18241.0,Y,168.66,current,M,29,MEDIUM,8.1,4,523.0,1,6.0
10018,13880,7799.0,48113.72,229255.0,18094.02,2279.0,49969.925,23197.0,531.0,1,4,2,6,39,17000,1,1,1.0,1,10562.45,390700.0,59414.0,903.0,28005.98,680.0,43.0,4,21739.0,13335.5,46047.0,1,13,225.0,160609.3,4268.0,14,18,493.0,Y,6039.72,current,M,40,LOW,4.0,7,269.0,1,15.0
10019,16327,2785.0,12400.0,1726.34,4604.92,3914.66,27962.0,4293.65,59.0,26,53,8,62,98,84000,1,1,1.0,1,39758.95,15000.0,2156.0,20513.0,20123.16,24683.0,79.0,0,100891.0,12120.51,46657.17,30,70,12032.0,78598.4,178562.83,1,73,88703.34,Y,12923.27,saving,M,30,MEDIUM,10.0,8,516.0,0,16.0
10020,11400,90324.0,7769.64,475.0,4769.09,2462.98,10084.385,2274.0,2.0,27,87,21,11,8,59000,1,1,1.0,1,24832.0,53750.0,43908.0,6613.0,38332.76,58593.0,42.0,30,18357.0,277272.02,31785.0,0,7,19683.0,54465.96,60443.0,94,12,10881.0,Y,2571.43,saving,M,62,LOW,42.0,9,866.0,1,6.0
10021,19371,3054.0,27566.47,932.0,4151.78,496.87,2263.01,12063.0,5.0,18,50,48,2,26,287000,1,1,1.0,1,1417886.15,560000.0,90525.0,977.0,125666.59,66352.0,55.0,19,19107.0,39089.0,24399.0,3,20,41231.0,7329.82,28124.73,6,12,108780.0,Y,3044.03,current,M,66,LOW,36.800000000000004,6,858.0,0,6.0
10022,9373,5502.0,70825.08,1326.0,7845.22,3757.0,1244.3,1994.32,26.0,2,49,1,12,2,13000,1,1,1.0,1,13180.0,38928.0,583.0,-5998.43994,66523.51,22980.0,63.0,2,59103.0,24120.0,81469.0,6,81,19096.0,45167.63,182048.01,58,83,140329.0,Y,4953.65,saving,M,29,MEDIUM,5.4,3,914.0,1,13.0
10023,15946,11805.0,36061.0,2404.0,2268.14,3167.97,1349.02,1815.0,101.0,23,50,39,1,9,191000,1,1,1.0,1,73010.0,25404.0,6738.0,0.0,8778.75,29311.0,6.0,36,30098.0,166698.12,41593.0,2,49,11838.0,311541.49,16866.0,94,49,390.0,Y,3114.3,current,M,28,MEDIUM,4.0,8,511.0,1,17.0
10024,4051,4137.0,14189.58,13165.81,16560.53,932.41,11340.0,4503.7,4.0,7,64,25,15,47,300000,1,1,1.0,1,977377.25,76365.24,908.0,2351.0,65313.82,72056.0,46.0,7,25906.0,30084.71,67066.0,50,5,26345.0,45733.94,44035.0,94,27,34168.0,Y,1332.18,current,F,55,HIGH,35.0,8,683.0,1,6.0
10025,3674,9065.0,1312.92,2559.0,21713.5,84.0,2725.0,4086.52,26.0,29,112,1,2,9,67000,1,1,1.0,1,111.4,278360.16,508.0,2819.0,58130.34,27059.67,42.0,19,27800.0,24685.66,30517.0,5,13,27225.0,171303.67,40176.24,117,12,197385.0,Y,834.32,current,F,67,LOW,4.7,8,385.0,0,5.0
10026,4355,9443.0,15717.93,916.93,7811.0,11059.4,697.0,4519.0,8.0,77,67,50,2,47,70000,1,1,1.0,1,825.0,50000.0,25639.0,5439.0,70856.92,1750.0,55.0,19,34850.0,67033.12,151418.0,1,4,124950.0,94678.89,127485.72,2,12,34822.0,Y,1745.15,current,M,44,LOW,2.4000000000000004,10,254.0,0,12.0
10027,13358,4262.0,25893.28,5624.0,1642.81,1165.0,18868.26,4086.52,6.0,6,4,20,3,47,670000,1,1,1.0,1,197067.2,76157.6,641.0,-5715.49022999999,19685.68,33805.0,3.0,2,70784.0,27458.5,38216.0,45,4,32528.0,13319.2,68277.0,3,13,28043.64,Y,21020.45,current,M,44,MEDIUM,14.4,1,566.0,1,3.0
10028,11801,13220.0,37777.55,627.74,33690.33,335.0,13046.035,8189.0,60.0,9,59,3,2,8,443000,1,1,1.0,1,36122.87,170989.0,3000.0,6916.0,20108.35,41600.0,22.0,4,83351.0,52909.2,32967.0,42,25,41800.0,21185.27,60827.0,7,12,40417.0,Y,25246.26,current,M,29,MEDIUM,8.1,4,554.0,1,12.0
10029,13819,573.0,4057.3,2185.02,4732.99,13210.76,7679.0,6919.0,25.0,23,64,3,3,54,326000,1,1,1.0,1,166331.66,15036.0,25000.0,6885.0,117150.3,39589.59,90.0,1,15198.0,13942.96,39564.0,4,8,48319.0,107117.45,30907.0,2,58,64354.0,Y,4598.38,current,M,55,HIGH,7.0,10,801.0,1,19.0
10030,18071,17621.0,1886.98,2031.0,57890.57,4992.25,7671.0,3613.42,17.0,23,8,1,9,39,127500,1,1,1.0,1,102494.2,121927.8,28912.0,0.0,24853.37,79395.97,32.0,13,146250.0,31707.5,74310.5,5,8,125912.0,14879.16,5354974.0,5,22,63448.0,Y,13512.59,current,M,33,MEDIUM,9.1,2,887.0,1,4.0
10031,1971,5238.0,25798.45,4111.0,19462.0,3748.5,8661.0,2825.0,10.0,30,23,8,56,10,410000,1,1,1.0,1,13180.0,96096.0,68000.0,2921.0,160956.21,44489.04,5.0,19,64477.0,3002.86,318367.0,43,30,9999.0,146883.47,21661.0,3,68,60164.0,Y,3379.82,current,F,27,LOW,3.5,2,575.0,0,3.0
10032,6306,13463.0,11897.66,3118.0,3559.26,14130.0,869.3,2150.0,2.0,23,14,20,1,1,127500,1,1,1.0,1,325024.6,76157.6,54101.0,1332.0,111336.41,1383.0,4.0,1,104663.0,37743.73,25678.0,3,8,10047.0,44589.76,49015.0,3,104,33255.0,Y,3938.26,current,M,34,MEDIUM,14.0,9,558.0,1,7.0
10033,6900,830.0,40352.63,1428.0,5529.0,3500.79,14288.14,25269.0,12.0,27,16,25,25,5,263000,1,1,1.0,1,59703.93,165970.9,12000.0,2351.0,7075.25,68240.0,20.0,4,37404.0,34545.25,57111.63,2,77,48928.65,4190.88,38201.0,3,103,27048.0,Y,1544.69,current,M,30,MEDIUM,3.0,3,710.0,1,19.0
10034,5494,19200.0,25601.0,505.0,40498.45,5820.0,1273.0,15647.48,7.0,19,67,3,3,5,358000,1,1,1.0,1,1112.4,64309.52,14754.0,20513.0,14096.0,49800.0,90.0,2,38139.0,25769.76,23106.0,1,50,164328.0,49303.76,43682.09,40,120,27500.0,Y,7565.15,saving,M,37,MEDIUM,6.800000000000001,4,628.0,0,17.0
10035,11481,297123.0,10036.0,2150.01,14316.2,4781.84,1017.0,1188.0,19.0,601,5,60,6,34,147000,1,1,1.0,1,1665.0,399.09,16004.0,-4324.0,9061.58,126060.0,4.0,17,6797.0,14601.75,71207.36,70,12,30579.0,2874.0,107577.0,4,73,23886.0,Y,2744.49,current,M,60,LOW,12.0,1,268.0,1,5.0
10036,13416,3059.0,43414.6,30757.5,13900.92,4455.68,1426.3,17501.0,7.0,601,135,3,1,1,366000,1,1,1.0,1,5809950.0,64491.0,33774.0,-6885.0,62248.0,18208.0,32.0,6,40823.0,57984.0,20511.36,3,50,15396.0,13706.75,58958.14,49,67,18527.0,Y,10469.61,current,M,55,MEDIUM,35.0,9,737.0,0,16.0
10037,81,18860.0,23055.0,1326.0,3145.34,9608.59,8256.6,86.0,8.0,26,84,30,2,1,199999,1,1,1.0,1,604365.0,104000.0,908.0,20513.0,65810.21,10190.0,16.0,5,23642.0,276058.32,9026.0,7,28,18056.0,1802.82,58272.0,21,79,30500.0,Y,3192.66,current,M,42,LOW,11.0,4,801.0,1,5.0
10038,16718,495.0,31508.54,2675.0,7385.0,12554.18,10888.0,5269.47,44.0,11,7,3,2,3,16000,1,1,1.0,1,168265.55,152.87,23500.0,1465.0,80229.29,44030.0,11.0,26,35439.0,109244.04,65884.0,0,108,30120.0,35073.0,1053.0,2,73,33810.0,Y,3784.02,current,M,35,MEDIUM,10.5,8,855.0,0,12.0
10039,7512,8886.0,11735.45,12141.05,1976.92,2157.0,1947.22,5623.4,1.0,16,50,3,21,10,199999,1,1,1.0,1,1208.25,429273.4,4000.0,3897.0,140185.63,201628.0,16.0,33,31281.0,108454.68,71071.0,3,8,62487.0,32071.0,105122.0,7,7,784.0,Y,3195.82,current,F,33,MEDIUM,6.5,10,710.0,1,11.0
10040,2619,22541.0,34942.0,767.0,28833.62,12251.19,6110.0,4207.0,4.0,10,50,8,6,37,98000,1,1,1.0,1,61186.36,760470.3,2130.0,0.0,27611.29,154789.0,12.0,36,19041.0,23967.39,316737.6,6,46,27192.0,15787.0,288592.75,16,38,25943.0,Y,135.08,current,M,30,MEDIUM,6.0,8,866.0,1,18.0
10041,8530,11759.0,9169.57,12168.0,28187.5,6209.0,38276.0,1171.0,3.0,8,50,1,3,6,369000,1,1,1.0,1,413540.0,159308.0,25524.0,12415.0,65681.15,33921.0,18.0,36,15627.0,71777.14,147.5,45,44,32620.0,38993.09,48904.0,13,58,117554.0,Y,4152.97,current,M,62,MEDIUM,12.600000000000001,5,595.0,1,5.0
10042,15180,7464.0,20838.01,16453.77,6285.0,10525.0,921.0,14253.0,4.0,85,50,3,4,47,184000,1,1,1.0,1,46451.38,210651.4,610000.0,1429.0,30059.25,57575.0,11.0,4,26369.0,270413.01,35668.0,19,70,37055.0,81885.75,53507.0,1,10,16900.0,Y,27044.55,current,M,46,MEDIUM,23.400000000000002,1,464.0,1,2.0
10043,11623,336.0,47646.93,1079.0,27641.64,802.58,33547.57,25768.0,32.0,26,4,24,1,98,150000,1,1,1.0,1,942327.7,165970.9,105000.0,6916.0,23435.03,78206.42,94.0,4,34617.0,16702.78,53479.0,70,25,39848.0,41941.05,24070.0,94,58,10783.06,Y,1887.72,current,M,66,MEDIUM,9.200000000000001,1,464.0,1,19.0
10044,12149,871.0,9756.85,1625.14,53425.62,13227.79,5323.0,15856.0,6.0,9,14,2,1,56,750000,1,1,1.0,1,3080625.0,187788.1,768.0,2500.0,29586.1,64525.85,35.0,2,36588.0,51779.52,16607.0,3,8,171370.0,72112.14,13114.25,14,24,2510.0,Y,51.57,current,F,47,MEDIUM,21.6,2,639.0,1,7.0
10045,1979,7363.0,3916.24,25546.8,34036.14,2223.6,11449.155,31440.88,2.0,10,32,11,1,3,190000,1,1,1.0,1,22086.05,650000.0,33774.0,5439.0,314.0,122322.0,22.0,23,6128.0,131605.45,20110.0,6,82,13677.0,116388.2,321559.0,8,24,255500.0,Y,18383.91,current,M,46,LOW,20.8,8,485.0,1,11.0
10046,18900,240.0,13733.0,2185.02,15293.91,13012.85,20905.65,3328.34,19.0,6,50,7,6,44,345000,1,1,1.0,1,8554.5,482147.0,711.0,886.0,135437.42,83642.0,48.0,1,11511.0,44169.33,26662.0,23,82,97267.0,37126.36,155257.0,4,67,394.0,Y,9362.14,current,M,29,MEDIUM,7.2,9,771.0,1,11.0
10047,15457,8269.0,5079.53,865.0,2885.28,5653.0,2491.0,1634.91,1.0,65,74,1,25,31,47000,1,1,1.0,1,3950.0,900000.0,565.0,35346.0,17254.25,56747.25,32.0,0,390.96,17107.28,648.0,6,12,44518.0,40568.08,87923.83,93,104,234126.0,Y,78678.17,current,M,27,MEDIUM,5.6000000000000005,8,958.0,0,19.0
10048,3623,10701.0,3954.41,10562.9,29702.5,1310.59,10835.17,8637.0,2.0,47,135,3,44,41,366000,1,1,1.0,1,55458.53,118983.0,5979.0,0.0,57579.57,42470.0,5.0,13,23395.0,41190.07,44325.0,0,8,12675.0,32468.36,610809.0,9,103,59859.0,Y,1892.52,current,M,66,MEDIUM,9.200000000000001,3,927.0,1,6.0
10049,2610,15387.0,64476.2,15425.16,3829.0,4733.0,5145.62,155149.0,53.0,65,102,4,25,34,720000,1,1,1.0,1,17402.2,59306.0,130000.0,6885.0,116530.49,94718.0,57.0,35,36100.0,23900.79,161515.0,6,59,122301.0,48211.67,33849.59,3,17,78341.0,Y,279.31,saving,F,37,MEDIUM,11.9,10,855.0,0,5.0
10050,18531,1510.0,4287.36,3079.55,11447.72,979.0,1239.82,501.0,56.0,128,82,18,3,8,272000,1,1,1.0,1,33784.35,19129.94,19400.0,20790.0,46304.71,69092.0,3.0,7,33777.0,19481.71,33840.61,4,67,300801.0,89728.39,71748.0,1,39,57260.76,Y,3836.95,current,M,33,HIGH,2.6,7,355.0,1,6.0
10051,6889,15243.0,9282.22,1756.59,10914.0,1945.0,10499.0,8617.0,6.0,50,35,1,36,3,352000,1,1,1.0,1,386666.75,794000.0,891.0,5340.0,42383.26,32526.0,147.0,6,36300.0,6147.41,179264.0,9,8,23483.0,2564.0,70105.0,2,79,23863.0,Y,349.18,current,M,62,MEDIUM,16.8,9,394.0,1,14.0
10052,11018,16265.0,30629.38,11327.9,26733.0,6403.0,6551.965,6084.0,5.0,10,44,1,31,12,39000,1,1,1.0,1,8758.2,63000.0,12000.0,-4679.0,3255.13,85057.0,46.0,31,21730.0,35303.48,56077.0,3,8,21690.0,129910.0,146202.14,94,113,48788.0,Y,599.52,current,M,66,MEDIUM,18.400000000000002,1,245.0,1,11.0
10053,16321,104209.0,822.06,11335.3,58811.3,521.92,4392.0,4204.0,50.0,66,5,24,27,3,98000,1,1,1.0,1,443.36,375000.0,3570.0,10210.0,88663.72,64302.0,12.0,3,27028.0,62109.42,60293.0,2,8,38646.0,40444.33,45879.36,2,8,92603.0,Y,6325.0,current,M,33,MEDIUM,5.2,8,371.0,1,17.0
10054,18441,3257.0,11933.02,2871.0,31558.0,3892.52,9386.0,1154.0,63.0,99,38,35,12,30,520000,1,1,1.0,1,63073.6,440000.0,130000.0,5439.0,21828.6,50205.0,42.0,26,28004.0,208229.79,108939.38,2,21,39978.0,153347.88,6723.0,7,11,58236.0,Y,382.25,current,M,30,MEDIUM,8.0,8,503.0,0,6.0
10055,19714,224619.0,8001.08,4381.31,5855.06,2699.22,8581.29,11604.0,18.0,8,19,5,15,2,25000,1,1,1.0,1,716556.5,201000.0,15477.0,-402.0,18635.53,62592.0,42.0,23,16105.0,23816.95,33369.5,0,50,12367.0,97700.06,34041.0,49,103,69892.0,Y,6787.63,saving,F,35,LOW,9.0,1,771.0,1,11.0
10056,10750,17125.0,1995.0,19.35,16246.9,4007.01,7983.42,10281.36,12.0,23,60,7,38,1,212500,1,1,1.0,1,11878.6,470000.0,3000.0,1444.0,605024.74,33723.38,4.0,17,24552.0,73905.0,90100.0,6,82,138258.0,48080.46,85885.0,4,80,315.0,Y,2877.95,current,M,64,MEDIUM,13.200000000000001,1,445.0,0,2.0
10057,976,14712.0,1672.0,4850.0,973.0,702.0,28302.0,29748.06,8.0,6,89,2,2,16,87000,1,1,1.0,1,250631.8,300000.0,48374.0,0.0,3116.25,134766.46,52.0,1,246239.0,126237.63,33565.0,6,30,5350.0,80881.0,73939.0,40,32,24980.0,Y,153327.5,current,M,33,HIGH,6.5,4,454.0,1,8.0
10058,19326,8782.0,4566.45,68240.0,12605.4,4319.0,8815.38,1109.58,7.0,10,11,24,6,64,98000,1,1,1.0,1,3575.5,470000.0,908.0,6441.0,37498.42,54686.5,52.0,1,24193.0,115987.9,107471.77,1,12,103368.98,10416.38,418506.0,4,12,30921.0,Y,18462.51,saving,F,34,MEDIUM,1.4000000000000001,10,269.0,1,12.0
10059,2672,14362.0,6253.0,21474.0,29198.12,1545.0,10772.0,9098.0,12.0,26,59,25,44,1,358000,1,1,1.0,1,9542.5,110000.0,500718.0,1429.0,11436.55,43258.7,24.0,19,1260.0,19649.85,82390.42,3,108,30726.0,22644.0,61223.0,5,79,37320.0,Y,78.6,current,M,66,LOW,46.0,2,737.0,1,20.0
10060,7092,5619.0,2188.99,5453.0,73041.76,3703.0,21851.0,3189.63,44.0,81,23,18,2,8,35000,1,1,1.0,1,48422.7,278904.9,73501.0,0.0,60726.0,25522.0,18.0,36,83907.0,5411.0,30014.0,2,20,32788.0,33038.76,30192.0,58,104,44627.0,Y,250721.05,current,M,32,MEDIUM,8.4,8,836.0,0,2.0
10061,8136,19054.0,1977.6,1764.56,6780.95,1248.0,1766.095,3766.71,63.0,18,5,5,25,17,100000,1,1,1.0,1,165907.57,70164.0,100000.0,-3506.17993,41745.76,30187.0,11.0,2,18295.0,35372.5,27883.0,70,82,56250.0,150691.59,20934.0,58,21,60052.0,Y,7199.62,current,F,64,MEDIUM,35.2,5,928.0,1,18.0
10062,6924,5542.0,150994.98,1557.0,2478.0,38463.0,50209.0,6953.0,25.0,10,72,20,36,3,27000,1,1,1.0,1,196885.0,15036.0,768.0,2921.0,5652.86,43250.0,42.0,5,76153.0,168484.73,61029.0,5,38,101655.0,1756749.09,20482.0,93,52,119843.0,Y,2122.61,current,M,35,LOW,7.5,7,858.0,1,11.0
10063,13280,10598.0,8483.3,18773.0,13038.11,10782.85,5191.5,658.0,1.0,10,7,8,1,6,599000,1,1,1.0,1,170590.75,138017.0,8060.0,20513.0,24386.0,71009.0,38.0,3,25.88,26459.71,154935.0,6,108,54681.0,60720.0,244447.36,4,79,31400.0,Y,2060.45,current,M,66,LOW,13.8,6,685.0,1,18.0
10064,7792,13934.0,3863.5,1308.79,431.0,1324.0,12178.635,1043.0,25.0,2,62,1,7,2,232000,1,1,1.0,1,16317860.0,6.0,130000.0,5350.0,28027.22,211905.01,10.0,3,9070.0,62376.69,24739.5,31,7,47165.0,43761.27,48344.0,3,12,21721.0,Y,15169.16,current,M,27,MEDIUM,6.300000000000001,9,525.0,0,15.0
10065,14751,7035.0,29588.0,7509.01,5414.0,27510.33,10640.64,7818.48,101.0,1,89,2,4,16,670000,1,1,1.0,1,101891.25,71944.5,16215.0,1465.0,49988.55,31558.0,42.0,2,23349.0,104772.5,62404.58,24,82,36370.0,34755.99,19704.0,5,18,38066.0,Y,1072.58,current,M,27,LOW,4.2,10,523.0,0,6.0
10066,11361,132176.0,1248.0,1356.45,4480.54,1586.16,400.66,80603.0,6.0,22,14,4,2,11,100000,1,1,1.0,1,291969.2,38173.0,11379.0,2351.0,164183.7,116569.08,11.0,23,21970.0,120.77,34948.5,11,7,18015.0,26347.0,14380.0,3,83,109349.0,Y,7083.67,current,M,58,MEDIUM,7.6000000000000005,6,507.0,0,8.0
10067,18234,2319.0,323.0,20258.0,191130.42,5619.66,20727.0,29748.06,19.0,8,7,20,1,1,345000,1,1,1.0,1,670875.0,330001.0,36114.0,5730.0,46738.52,34909.0,40.0,5,90572.0,28130.0,141080.0,1,81,27426.0,79741.0,39030.07,8,38,54914.0,Y,2637.53,current,M,64,LOW,26.400000000000002,8,267.0,1,2.0
10068,17885,14549.0,78032.76,246.0,9996.0,584.0,9874.0,1517.0,4.0,1,7,1,1,17,212500,1,1,1.0,1,39851.93,536874.6,28912.0,-5715.49022999999,17481.24,25623.0,43.0,0,225.0,36993.53,3968.0,6,20,44023.0,28555.67,42053.5,58,73,24986.0,Y,14388.68,saving,M,60,MEDIUM,24.0,2,796.0,1,5.0
10069,8719,6525.0,21819.59,15063.91,2057.0,5398.0,591.52,15502.0,26.0,93,35,7,71,47,287000,1,1,1.0,1,233727.15,191000.0,105000.0,-4664.0,20171.17,587100.0,11.0,43,20309.0,12124.24,201.76,45,82,29026.0,122754.54,45022.63,12,49,21414.0,Y,6046.56,current,M,46,MEDIUM,23.400000000000002,4,450.0,0,6.0
10070,4825,337228.0,31310.4,1400.0,11146.35,136.0,2193.0,379.0,136.0,29,71,35,4,16,120500,1,1,1.0,1,21220.0,7216.53,19400.0,0.0,83216.97,20019.0,5.0,55,39678.0,596519.64,88287.0,5,11,16378.71,47846.16,49920.0,117,9,26224.0,Y,0.0,current,M,32,MEDIUM,1.2000000000000002,5,858.0,1,16.0
10071,2884,20043.0,1677.11,9277.44,8525.08,5682.31,15081.5,12134.27,4.0,99,44,52,4,77,400000,1,1,1.0,1,65887.8,38112.0,25000.0,5730.0,27383.97,99851.0,10.0,3,19395.0,71578.09,31947.0,3,82,23652.0,458089.04,51324.25,2,28,29438.0,Y,918.66,current,F,67,LOW,14.100000000000001,8,614.0,1,15.0
10072,13093,17609.0,36507.92,31971.03,9491.1,4512.85,14183.0,628.0,24.0,77,87,10,2,30,272000,1,1,1.0,1,4614669.901,674291.83,12000.0,12163.0,21095.85,226008.0,6.0,7,38866.0,133507.29,40689.0,1,75,29314.0,91599.11,112766.0,1,3,31873.0,Y,1376.83,current,F,38,MEDIUM,5.4,1,371.0,1,18.0
10073,2121,9913.0,18123.0,5339.44,7594.77,7036.0,6060.4,2520.0,2.0,10,32,3,2,47,170000,1,1,1.0,1,5809950.0,86000.0,12000.0,-5942.0,95810.45,126797.5,12.0,7,26749.0,61768.21,7856.5,3,69,20807.0,8635.5,20098.28,7,18,59903.26,Y,2045.8,current,M,29,MEDIUM,0.9,6,656.0,1,13.0
10074,14535,4244.0,8492.39,14766.0,9983.74,3748.5,6295.475,1584.0,7.0,128,20,30,16,64,371000,1,1,1.0,1,81284.7,6574.31,25002.0,3735.0,58508.97,56497.25,36.0,9,43358.0,51788.32,48060.0,31,59,270.0,14926.0,32289.0,5,18,20828.0,Y,3367.12,current,M,31,LOW,9.9,4,653.0,1,15.0
10075,12752,15133.0,26078.03,4239.0,1114.6,2143.0,3531.0,1774.0,7.0,13,44,11,2,30,402000,1,1,1.0,1,88.0,134890.0,11580.0,-5715.49022999999,33783.2,49720.0,41.0,1,27977.0,27936.87,12893.0,2,23,21241.05,210896.22,33630.25,3,80,20683.0,Y,16760.13,current,M,33,MEDIUM,10.4,2,538.0,1,19.0
10076,17822,19955.0,82650.05,16338.0,11342.9,4197.0,2733.83,2987.61,7.0,15,72,50,1,1,102000,1,1,1.0,1,54453.8,1400000.0,11545.0,12415.0,150740.01,44138.0,4.0,2,39124.0,21657.0,6219.0,17,81,35996.0,48560.79,2314.0,3,12,490221.0,Y,15468.83,current,M,58,LOW,19.0,5,683.0,1,11.0
10077,15053,84203.0,4585.0,3791.28,1741.0,1160.06,6633.0,263.0,16.0,30,67,22,3,42,345000,1,1,1.0,1,8758.2,376600.5,38599.0,5340.0,2114.43,22878.0,40.0,5,441907.77,130035.5,57661.0,2,44,37217.0,50364.01,40869.0,3,120,31471.0,Y,6747.82,current,M,55,LOW,10.5,7,525.0,0,15.0
10078,15836,126738.0,1752.3,5489.44,4438.94,494.04,25722.0,21126.0,52.0,4,67,8,4,30,139999,1,1,1.0,1,58928.67,71944.5,14754.0,-4664.0,31411.63,24317.0,42.0,3,24323.0,58976.08,49346.0,5,82,11508.0,58927.28,79228.0,9,10,105361.0,Y,1489.53,current,M,51,HIGH,27.900000000000002,2,713.0,1,20.0
10079,14099,293825.0,14447.34,2800.21,60226.0,1900.33,2176.35,3575.0,53.0,1,67,1,44,58,524000,1,1,1.0,1,9646.5,39833.19,800.0,10210.0,55092.25,205608.5,11.0,33,18606.0,150448.9,22376.0,17,23,30192.0,67260.87,53009.0,14,1,40894.0,Y,1582.58,current,M,58,MEDIUM,15.200000000000001,5,574.0,1,18.0
10080,17086,232670.0,178792.98,10190.9,4781.02,13561.0,14870.75,1132.04,5.0,7,32,30,26,10,256000,1,1,1.0,1,76.0,399.09,33330.0,-12179.0,26836.31,154757.0,18.0,13,35200.0,23047.42,50210.35,2,82,31323.0,72495.28,86020.0,5,11,77011.0,Y,13210.0,current,M,38,MEDIUM,7.2,7,858.0,1,14.0
10081,4122,83576.0,12821.2,4245.0,7467.93,4299.68,5057.07,2358.67,23.0,8,23,1,1,16,192000,1,1,1.0,1,241.65,429273.4,15654.0,10770.0,40334.25,642815.38,79.0,2,15312.0,218730.85,30491.13,1,171,16451.0,26143.04,1279.37,7,18,567.0,Y,5888.22,current,M,33,MEDIUM,11.700000000000001,1,710.0,1,16.0
10082,5486,11450.0,11536.55,34886.72,19170.64,549.0,4133.0,3519.0,4.0,29,13,11,24,34,125000,1,1,1.0,1,48422.7,385218.7,155205.0,553.0,59278.73,15755.0,10.0,1,19224.0,8181.62,41096.0,17,6,25573.35,56813.91,101632.0,9,11,261.0,Y,7279.2,saving,M,35,MEDIUM,3.0,4,805.0,1,15.0
10083,10569,11421.0,18158.92,325.52,33175.14,15575.48,14389.02,10569.0,26.0,10,9,3,9,81,232000,1,1,1.0,1,3070.5,29479.0,13873.0,1089.0,131116.49,29174.0,52.0,3,115012.0,170859.91,17032.0,3,12,205558.0,281568.77,10712.0,3,106,31913.0,Y,3907.5,current,F,66,LOW,27.6,10,801.0,1,6.0
10084,17495,9960.0,1591.97,3332.48,23396.92,2485.0,13321.9,612.4,5.0,6,61,4,1,68,371000,1,1,1.0,1,39851.93,27000.0,2841.0,-12179.0,275891.88,6300.0,42.0,30,30051.0,67932.45,249034.0,50,5,42568.0,30242.66,25608.0,19,63,25986.0,Y,2434.13,current,M,29,MEDIUM,0.9,8,866.0,1,16.0
10085,12034,111485.0,7647.0,1624.65,3889.92,7067.0,15204.43,1016.0,1.0,16,44,53,18,1,75000,1,1,1.0,1,48422.7,385218.7,26241.0,553.0,13576.0,15268.0,11.0,1,37396.0,35939.5,49334.0,1,82,24066.0,93468.48,88912.0,14,32,42533.0,Y,6123.2,current,M,35,MEDIUM,6.0,10,698.0,1,18.0
10086,1494,9623.0,6556.88,14497.0,2095.76,1878.62,1252.66,928.34,3.0,8,50,18,6,9,98000,1,1,1.0,1,41883.6,197800.0,30000.0,173.0,18517.0,23974.0,40.0,30,20158.0,13785.2,161255.0,3,14,12944.0,85957.2,65861.0,62,42,78690.0,Y,10557.3,saving,F,33,MEDIUM,10.4,5,355.0,0,7.0
10087,608,5161.0,4741.15,11044.0,19375.92,3447.0,2372.86,1361.0,1.0,11,27,42,1,42,127500,1,1,1.0,1,48675.31,409168.15,1633.0,-4679.0,201520.35,197606.42,5.0,31,28506.0,22154.42,10071.0,6,82,12675.0,60428.39,29510.0,8,32,421.0,Y,44380.43,current,M,38,MEDIUM,1.8,8,921.0,1,18.0
10088,13101,96134.0,2222.98,15602.31,39165.53,6092.0,8654.83,1355.05,8.0,128,44,62,3,55,130000,1,1,1.0,1,68640.0,24703.0,1633.0,-6301.0,22356.13,11458.1,77.0,36,56158.0,64221.15,290516.74,1,59,35217.0,13715.0,71281.75,13,40,31934.0,Y,1039.24,current,M,32,LOW,7.2,4,325.0,0,8.0
10089,3119,12804.0,2418.0,82893.0,35043.43,7036.0,8692.0,322.21,6.0,23,23,1,36,5,150000,1,1,1.0,1,28482.5,385218.7,891.0,3481.0,20756.0,42030.0,36.0,1,35513.0,104772.5,200407.0,7,6,19032.0,69396.0,57451.61,6,65,155924.0,Y,2464.89,current,F,47,MEDIUM,18.900000000000002,3,743.0,1,11.0
10090,10517,2348.0,11067.09,3234.03,13629.85,1675.21,30451.6,3378.0,66.0,4,44,48,25,8,49999,1,1,1.0,1,1235.85,375000.0,787.0,12163.0,29812.0,96887.0,7.0,35,24244.0,122644.84,44636.0,5,20,25979.0,77412.95,239229.95,2,58,26937.0,Y,3911.36,current,M,29,MEDIUM,1.8,8,424.0,1,4.0
10091,15248,18103.0,23110.76,3853.75,74844.03,5964.0,13407.0,272.74,5.0,5,29,2,15,4,236000,1,1,1.0,1,1360.0,385218.7,24094.0,20513.0,46692.41,14210.0,10.0,0,81874.0,120517.0,27450.0,5,23,12675.0,141305.28,21110.0,10,8,23315.0,Y,2176.83,current,F,47,MEDIUM,21.6,3,867.0,1,2.0
10092,15187,5783.0,8030.84,4399.3,7715.5,46021.0,4207.0,8418.5,531.0,128,86,2,1,2,104000,1,1,1.0,1,1488748.8,63173.17,4458.0,5439.0,26882.01,59330.5,11.0,1,47355.0,47613.39,123018.62,2,82,24539.0,40259.0,45540.0,62,14,15141.0,Y,46.33,current,M,33,MEDIUM,6.5,10,299.0,1,12.0
10093,19469,827.0,1481.84,1068.64,14368.91,605.0,4225.15,13319.0,4.0,8,71,3,4,37,319000,1,1,1.0,1,7455797.87,560000.0,925.0,5730.0,72439.35,77243.0,10.0,26,11500.0,241096.41,54658.0,7,14,31578.0,18464.5,85511.0,6,3,35172.0,Y,82489.45,current,M,53,LOW,19.8,9,366.0,0,12.0
10094,18103,11970.0,15765.09,13987.0,10410.0,2771.99,17025.0,11199.28,4.0,10,50,52,3,11,505000,1,1,1.0,1,8043.25,142608.5,15654.0,5439.0,84902.0,205932.7,10.0,23,398897.0,7310.0,19353.0,7,108,25049.0,88768.85,24651.0,2,9,16218.0,Y,3447.9,current,F,37,MEDIUM,3.4000000000000004,4,249.0,0,19.0
10095,3348,13109.0,26800.38,3962.0,28702.04,4197.0,3227.22,9430.31,19.0,23,49,1,1,2,35000,1,1,1.0,1,4230125.0,6574.31,825.0,-4679.0,86414.55,65083.0,11.0,35,28506.0,179983.0,147220.0,2,20,88653.0,44026.0,64162.0,3,104,42570.0,Y,6349.24,current,M,55,MEDIUM,24.5,5,743.0,0,8.0
10096,7135,5275.0,12916.47,8256.05,10037.67,12957.0,6322.0,3332.0,2.0,9,9,52,71,44,369000,1,1,1.0,1,11878.6,446457.0,96558.0,4314.0,109613.25,50816.0,11.0,4,132018.0,27368.61,65887.0,2,81,101655.0,55584.54,111289.18,3,0,44099.0,Y,492.77,saving,M,47,MEDIUM,10.8,5,249.0,1,19.0
10097,7811,292179.0,4926.54,11135.85,4222.03,802.58,1314.64,167.0,1.0,13,14,10,2,47,243000,1,1,1.0,1,117168.65,15000.0,1166.0,1465.0,130647.0,73505.0,42.0,1,44384.0,63431.39,68755.3,0,20,21704.0,91013.0,23372.0,2,80,16554.0,Y,6096.08,current,M,50,LOW,18.0,1,799.0,0,20.0
10098,4070,7582.0,28440.5,9662.25,660.0,2337.15,32683.0,3098.0,29.0,83,47,1,1,70,576000,1,1,1.0,1,39851.93,33668.0,130000.0,277.0,732.05,29805.41,43.0,2,52572.0,70003.76,15143.78,1,12,42462.0,10502.75,32041.0,94,24,52674.0,Y,10633.85,current,M,49,HIGH,2.9000000000000004,3,628.0,1,3.0
10099,12831,3205.0,10369.64,2720.05,2161.42,1115.5,13575.81,20455.0,26.0,128,53,52,16,3,340000,1,1,1.0,1,4039029.9,278360.16,2019.0,1992.0,34146.68,53992.0,42.0,35,48044.0,56270.0,61959.0,4,1,5090.0,86679.55,32645.0,36,24,32357.0,Y,1025.56,current,M,55,MEDIUM,10.5,8,505.0,0,11.0
10100,13392,10049.0,4412.84,1837.0,19559.0,3471.0,2269.0,1980.0,9.0,18,67,62,18,77,293000,1,1,1.0,1,233727.15,172131.0,5540.0,6916.0,36001.22,15061.0,4.0,1,15208.0,9605.09,36107.04,70,4,146670.0,22431.9,37854.0,22,80,25595.0,Y,15117.33,current,M,66,LOW,23.0,3,485.0,1,18.0
10101,7571,20239.0,1534.8,29373.0,19009.65,3497.0,66296.0,3093.0,1.0,56,19,20,44,1,249000,1,1,1.0,1,61761.4,50700.0,37274.0,-5439.0,32749.0,59013.0,42.0,2,22438.0,122414.13,60086.0,9,8,36367.0,31261.89,37773.86,12,58,22007.0,Y,646.61,current,M,27,LOW,0.7000000000000001,8,488.0,1,9.0
10102,8235,110032.0,5658.0,2091.13,22616.39,3383.0,124119.0,546.0,1.0,27,10,5,27,54,53000,1,1,1.0,1,447490.0,376694.91,59747.0,2337.0,52634.0,50542.0,42.0,17,20668.0,17479.75,16249.0,70,75,18917.0,56509.19,60763.0,6,24,5309.0,Y,586.3,current,M,42,MEDIUM,2.2,5,485.0,0,17.0
10103,6884,2025.0,3874.6,2096.75,53909.92,2157.0,12053.6,3697.0,4.0,11,44,82,56,47,198000,1,1,1.0,1,111.4,446457.0,51520.0,0.0,74696.25,15991.0,90.0,29,42838.0,4592.0,34177.5,1,23,35037.0,4452.07,25724.32,3,12,26304.0,Y,2641.25,current,M,35,MEDIUM,4.5,8,958.0,0,15.0
10104,9611,2624.0,27706.12,10027.0,18128.72,302.0,14973.89,53481.24,56.0,10,89,22,4,54,298000,1,1,1.0,1,345.6,15300.0,13873.0,1992.0,25348.5,32785.0,62.0,0,18285.0,37844.63,74397.0,17,171,22682.0,41079.75,8178.0,94,22,21128.0,Y,2335.07,current,M,66,MEDIUM,4.6000000000000005,1,965.0,1,8.0
10105,3020,18302.0,23322.92,13543.0,21033.69,1926.86,9257.0,6919.0,25.0,31,71,10,1,98,198000,1,1,1.0,1,1424.5,242827.0,2644.0,1444.0,40070.0,34977.0,10.0,36,38269.0,22909.31,69210.74,19,40,23806.0,45965.0,54613.0,6,124,31033.0,Y,8494.09,saving,M,63,LOW,34.4,4,247.0,1,4.0
10106,9796,13906.0,8318.0,2297.0,7687.09,3160.8,9456.0,628.0,66.0,43,71,42,2,39,466000,1,1,1.0,1,2216.0,82942.0,30000.0,26601.0,88918.93,27303.0,77.0,35,77896.0,10753.0,39645.0,24,8,35143.0,12040.0,29836.0,2,8,100113.0,Y,362.25,current,M,66,LOW,13.8,6,445.0,1,9.0
10107,4463,300243.0,10443.76,941.72,18638.0,3483.0,3415.0,2520.0,1.0,56,5,8,1,54,750000,1,1,1.0,1,35280.0,2625.16,4000.0,-6885.0,121977.98,108911.0,43.0,36,58767.0,35281.48,74730.5,17,20,31042.0,54634.0,69751.0,3,80,19815.0,Y,2396.32,current,M,33,LOW,11.700000000000001,2,503.0,0,19.0
10108,7459,13379.0,26731.87,4389.0,3379.5,3139.9,2875.0,589.52,10.0,84,4,8,55,26,393000,1,1,1.0,1,604365.0,65174.0,1515.0,2351.0,477866.23,32685.0,35.0,3,195199.0,192.64,137144.72,47,171,92810.0,105499.84,140303.0,6,120,32098.0,Y,6699.39,current,M,32,LOW,8.4,3,944.0,0,20.0
10109,17776,17103.0,54957.195,36242.82,17947.45,3908.0,195394.16,1068.0,5.0,1,87,1,14,98,100000,1,1,1.0,1,124064.65,64491.0,12000.0,5439.0,35091.16,60012.0,42.0,7,23566.0,2626.0,39838.0,4,78,276063.0,39628.42,23429.51,2,3,18524.0,Y,8657.59,current,M,32,MEDIUM,1.2000000000000002,9,626.0,0,16.0
10110,19460,787.0,9574.0,1991.0,4005.5,16729.0,4317.0,3188.5,17.0,13,6,39,1,70,599000,1,1,1.0,1,1053411.2,95081.0,24717.0,-6301.0,30586.36,44507.94,4.0,23,43792.81,32398.88,88301.74,2,21,19675.0,10652.38,40461.65,8,73,33069.0,Y,5048.42,current,M,66,HIGH,23.0,10,799.0,1,17.0
10111,11407,296054.0,26461.5,1905.0,35893.3,5055.0,10123.0,8637.0,44.0,128,47,8,1,1,28000,1,1,1.0,1,827.31,157000.0,3000.0,-3506.17993,35076.0,379397.0,39.0,30,21687.0,41690.95,58558.0,4,20,79950.0,70119.63,128776.1,5,58,37201.0,Y,64043.88,current,M,33,LOW,9.1,6,969.0,1,8.0
10112,7360,17308.0,17160.98,4060.0,34271.78,3717.0,1711.0,13989.0,531.0,3,9,24,18,80,167000,1,1,1.0,1,61186.36,280000.0,19081.0,-12179.0,51361.18,26493.88,11.0,1,41738.0,11178.0,33074.0,0,25,22746.0,57404.12,5342.0,3,39,65092.0,Y,4997.84,current,F,42,MEDIUM,2.2,8,863.0,1,16.0
10113,16851,4460.0,3984.78,1952.0,14206.48,4007.01,2584.75,6065.0,19.0,3,67,48,1,68,255000,1,1,1.0,1,2389800.0,77000.0,496948.0,20790.0,37329.4,37726.5,70.0,1,36776.0,17267.23,1675.75,4,63,29151.0,32361.39,55925.84,4,0,16994.25,Y,4846.13,current,M,39,MEDIUM,5.7,4,814.0,1,18.0
10114,13176,8257.0,15086.0,5296.0,6541.62,3748.5,732.0,4317.0,43.0,66,52,20,4,17,525000,1,1,1.0,1,290735.6,25404.0,536.0,977.0,47583.0,40950.01,2.0,7,63887.0,36188.75,67230.0,3,9,25793.0,130636.0,23335.0,47,14,37772.0,Y,9218.73,current,M,55,MEDIUM,3.5,6,969.0,0,4.0
10115,16897,13857.0,26133.0,5129.93,17770.51,5297.04,7408.0,1751.0,6.0,10,30,60,11,42,501000,1,1,1.0,1,4230125.0,900000.0,5797.0,12415.0,77772.01,135652.0,2.0,0,110185.0,61608.92,77262.57,1,6,30852.0,237441.97,18423.0,3,133,20855.0,Y,11600.03,saving,M,47,MEDIUM,5.4,2,395.0,0,20.0
10116,16021,17997.0,6688.0,938.55,773.42,12554.18,1204.0,7973.0,124.0,9,87,50,3,98,326000,1,1,1.0,1,27078.09,242827.0,23500.0,12965.0,85228.96,125797.0,11.0,4,31911.0,13872.17,40784.5,6,14,15640.0,5161.0,798.0,7,13,46548.0,Y,1738.29,current,M,34,MEDIUM,2.8000000000000003,9,922.0,1,5.0
10117,518,2296.0,9904.7,58692.0,2431.54,581.07,36077.88,132120.0,100.0,23,35,3,15,53,362000,1,1,1.0,1,825.0,446457.0,655.0,6613.0,34701.64,39266.67,18.0,36,31873.0,12120.51,209909.0,1,20,2777.0,111606.91,58597.38,9,26,6631.4,Y,4554.69,current,M,40,HIGH,14.0,8,801.0,0,17.0
10118,12071,9224.0,33709.0,34560.36,14683.0,20118.0,14478.0,3926.0,6.0,5,72,8,51,16,510000,1,1,1.0,1,54860.05,537476.4,2214.0,14509.0,84328.51,85788.0,10.0,2,28751.0,34787.0,212033.0,9,82,270456.0,61424.6,48049.0,8,83,162994.0,Y,4384.97,current,F,53,LOW,33.0,4,523.0,1,17.0
10119,12241,4673.0,26436.0,2080.0,1315.85,481.0,10404.605,3264.0,1.0,23,2,18,4,26,59000,1,1,1.0,1,443.36,238000.0,4699.0,-5439.0,31081.49,136124.0,4.0,2,122017.65,68266.57,97257.36,24,8,30417.0,21177.08,48393.0,8,12,19678.0,Y,5071.81,current,F,54,HIGH,27.200000000000003,6,968.0,1,4.0
10120,7158,10310.0,10669.0,35971.0,10104.0,20264.0,582.0,1022.0,24.0,36,27,3,1,55,587000,1,1,1.0,1,77855.0,10701.0,96497.0,5340.0,35524.92,107308.0,8.0,26,68754.0,196111.42,59819.06,0,2,108709.0,99131.0,84470.0,7,12,48915.0,Y,22289.04,current,M,51,MEDIUM,24.8,9,249.0,1,5.0
10121,7483,16324.0,18259.26,13508.51,13086.0,4221.0,6257.33,944.0,26.0,3,6,20,44,1,272000,1,1,1.0,1,213557.15,2300000.0,28985.0,12415.0,2536.8,94214.0,35.0,36,24845.0,32613.47,79582.5,4,20,30318.0,21743.75,43206.0,14,79,47891.0,Y,7412.91,current,M,25,MEDIUM,4.0,6,683.0,1,2.0
10122,17456,236601.0,2537.0,391.0,6018.48,2771.99,4970.265,6324.0,531.0,34,1,10,2,54,54000,1,1,1.0,1,1982892.29,87578.0,130000.0,691.0,51603.89,96150.0,22.0,35,20890.0,140327.32,842702.0,2,9,15048.0,70944.02,75937.0,94,22,20966.0,Y,7812.33,current,M,37,LOW,1.7000000000000002,8,748.0,1,15.0
10123,12207,4215.0,491.5,15469.0,12410.48,2299.0,13655.825,5356.52,10.0,16,44,3,3,55,402000,1,1,1.0,1,168265.55,184514.0,105000.0,-5998.43994,3428.0,63093.0,0.0,1,26334.0,63642.43,173583.0,8,20,75980.0,31766.33,38509.0,6,100,40940.0,Y,2566.83,current,M,37,MEDIUM,10.200000000000001,1,887.0,1,3.0
10124,15453,778.0,49990.02,1684.96,5059.0,29043.47,1351.5,4171.04,100.0,9,47,1,3,53,252000,1,1,1.0,1,10535967.5,39833.19,16004.0,2921.0,37737.64,25132.0,20.0,1,14385.0,454208.01,23442.75,2,20,18594.0,34633.5,51162.0,12,6,48030.0,Y,4238.32,current,M,29,MEDIUM,3.6,10,424.0,1,11.0
10125,12617,12820.0,3471.14,2038.0,4709.96,2430.77,2252.5,24190.82,6.0,22,1,3,2,47,480000,1,1,1.0,1,1581000.0,201000.0,78309.0,35346.0,155123.55,18117.0,11.0,2,97788.0,23519.21,7076.87,2,20,48168.0,155055.53,11789.0,22,73,22419.0,Y,19103.42,saving,M,25,MEDIUM,3.5,2,958.0,1,2.0
10126,18617,9258.0,61880.98,7696.0,24239.15,3936.0,4006.905,127.0,1.0,8,89,8,5,56,35800,1,1,1.0,1,250631.8,25404.0,48950.0,3897.0,33699.38,80245.0,18.0,3,40078.86,73565.0,19970.0,6,2,33308.0,946721.56,354866.0,41,103,292914.0,Y,6425.84,saving,M,27,MEDIUM,3.5,10,647.0,1,17.0
10127,18241,14320.0,17599.47,2448.0,6505.59,8603.0,803.34,786.0,5.0,23,3,3,17,47,67000,1,1,1.0,1,28.5,138475.4,18257.0,2008.0,1798.85,50153.0,55.0,5,14763.0,21101.6,46827.0,4,7,58660.0,48082.78,40956.0,6,32,30863.0,Y,19485.85,current,M,62,MEDIUM,12.600000000000001,5,615.0,1,11.0
10128,1943,11825.0,1031.92,21302.02,6916.12,1538.0,2457.75,9787.0,1.0,19,5,1,1,54,306000,1,1,1.0,1,83688.0,138475.4,2156.0,0.0,236969.77,53882.0,8.0,0,29566.0,78745.11,78308.0,45,9,106349.4,58934.75,120016.0,13,104,219529.0,Y,1593.64,current,M,37,MEDIUM,11.9,7,485.0,0,4.0
10129,5842,18871.0,45463.67,9923.99,1666.4,2630.0,5563.2,2982.0,5.0,99,44,57,38,1,19000,1,1,1.0,1,3405.0,52000.0,36114.0,-4664.0,76699.08,86548.36,91.0,4,23710.0,491283.61,212277.0,42,82,121401.0,17802.0,64479.0,6,12,34462.29,Y,13043.34,current,M,37,MEDIUM,1.7000000000000002,10,299.0,1,9.0
10130,18401,222967.0,80625.0,25175.0,2784.85,2512.0,4637.525,2356.0,12.0,601,7,3,1,56,25000,1,1,1.0,1,140262.4,148150.33,891.0,-6301.0,5944.76,288212.0,9.0,4,31414.0,117202.84,26327.0,47,49,27479.0,40627.38,23459.0,13,11,16250.0,Y,2170.57,saving,M,37,MEDIUM,17.0,5,516.0,1,17.0
10131,19894,15882.0,4737.0,5280.0,101732.81,785.0,1897.0,6617.0,10.0,23,1,47,2,2,47000,1,1,1.0,1,160.2,680956.4,50000.0,12415.0,4381.2,83878.0,8.0,5,30735.0,35647.66,114679.0,3,81,15432.0,45955.27,33892.88,3,18,542.0,Y,3510.35,saving,M,58,MEDIUM,15.200000000000001,1,970.0,1,4.0
10132,6582,12776.0,1778.0,373.0,6384.36,1871.45,4149.0,10079.9,44.0,10,11,2,2,54,212500,1,1,1.0,1,89908.8,40000.0,9570.0,977.0,153439.0,80096.0,18.0,2,25098.0,44084.08,53507.0,43,20,35334.0,115305.71,127756.0,14,12,27758.0,Y,4034.41,saving,M,39,MEDIUM,15.200000000000001,7,614.0,1,10.0
10133,8743,338543.0,1530.37,1493.0,5775.0,6755.0,7057.0,656.73,1.0,36,112,10,5,1,190000,1,1,1.0,1,105453.65,159308.0,462.0,6916.0,63469.47,108462.82,24.0,30,84469.0,301252.39,112987.0,3,81,24637.0,52115.47,29813.0,62,49,32131.0,Y,4703.03,current,M,32,MEDIUM,6.0,2,683.0,0,6.0
10134,275,20062.0,12090.68,6551.04,5989.42,4809.0,2266.92,5356.52,3.0,23,5,3,16,8,410000,1,1,1.0,1,825.0,150159.0,300500.0,14509.0,41334.57,93756.45,16.0,3,134811.0,19673.0,16114.0,3,8,25313.0,368153.85,22699.0,13,79,525000.0,Y,347.05,saving,F,66,MEDIUM,27.6,5,966.0,1,10.0
10135,14086,15108.0,14928.23,804.46,4291.0,4088.02,13423.0,1772.0,6.0,10,50,1,25,47,124000,1,1,1.0,1,384550.05,110000.0,13873.0,4150.0,11463.99,138919.65,8.0,30,32741.0,108814.0,31947.0,6,70,161357.0,205610.29,119499.0,9,80,87326.0,Y,8571.41,current,F,55,LOW,21.0,3,911.0,1,13.0
10136,17117,4839.0,16978.76,3999.0,20325.1,2243.3,7995.425,3455.5,1.0,10,84,48,24,98,381000,1,1,1.0,1,48675.31,1163405.86,787.0,1500.0,266244.01,134691.0,46.0,17,46363.0,69521.0,57662.0,3,20,16360.0,98656.64,56159.0,21,12,37963.0,Y,813.52,current,M,32,MEDIUM,9.600000000000001,7,631.0,1,11.0
10137,3402,16821.0,10790.57,5512.0,3417.51,1141.0,20325.0,17167.0,12.0,43,5,15,21,56,290000,1,1,1.0,1,38566.25,560000.0,678.0,2351.0,143386.46,71961.0,2.0,2,15718.0,52342.94,755.0,1,5,36426.0,22406.84,141802.86,94,42,23352.0,Y,8118.68,current,M,38,MEDIUM,14.4,1,614.0,1,20.0
10138,15166,3458.0,2414.76,15551.34,642.0,6626.31,24920.0,8718.0,56.0,18,4,3,31,80,87000,1,1,1.0,1,384550.05,464261.6,130000.0,20790.0,48538.67,41147.14,6.0,36,28088.0,156512.5,249769.0,2,63,86204.0,53739.5,805201.0,3,24,50071.0,Y,1838.56,current,M,42,LOW,2.2,2,394.0,1,11.0
10139,3241,37034.0,17698.45,2080.0,7345.42,1765.92,4760.5,2555.3,29.0,10,4,7,6,56,35000,1,1,1.0,1,39851.93,22400.0,13533.0,6916.0,442845.17,77093.0,87.0,35,23409.0,59420.35,22382.07,6,77,15662.0,267.0,39127.0,62,106,14369.0,Y,18906.56,current,F,27,MEDIUM,0.7000000000000001,10,506.0,1,16.0
10140,13325,12809.0,5387.0,1027.43,13738.0,6539.0,2808.0,8648.0,7.0,26,4,5,6,10,507000,1,1,1.0,1,233727.15,71256.0,155205.0,20324.0,36511.25,92584.0,10.0,2,15332.0,213244.13,227643.0,11,108,23768.0,51993.28,24178.0,62,37,55861.0,Y,1328.33,saving,F,42,LOW,4.4,3,516.0,1,3.0
10141,16,18587.0,1141.0,2461.0,41225.84,15562.77,6322.0,411.0,26.0,8,89,48,2,91,329000,1,1,1.0,1,2984.1,42723.0,11545.0,5773.0,57567.0,4213.0,70.0,1,15257.0,162459.98,365066.5,6,11,14395.0,170985.12,81555.0,6,65,69906.0,Y,143.75,current,M,30,LOW,5.0,9,249.0,1,4.0
10142,11999,220495.0,648.91,1024.0,3515.54,516.0,5048.44,27335.12,7.0,36,4,48,62,42,378000,1,1,1.0,1,41883.6,65174.0,2158.0,19765.0,42383.6,5731.0,11.0,4,76505.0,36839.0,133986.0,31,5,71560.01,42884.88,742.0,3,39,86695.0,Y,3829.75,current,F,47,MEDIUM,18.900000000000002,2,922.0,0,16.0
10143,15665,15232.0,12603.35,4658.29,3092.0,1159.96,8223.5,3606.0,12.0,18,2,24,1,47,49999,1,1,1.0,1,2173459.0,358480.64,96497.0,0.0,207744.83,25885.0,4.0,26,79699.0,66759.56,107294.0,9,8,103849.0,27088.75,55468.0,21,12,23281.0,Y,2716627.83,current,M,60,MEDIUM,20.0,5,801.0,1,14.0
10144,3526,216966.0,29212.5,387.93,22301.77,2447.0,18315.645,3028.44,1.0,23,5,62,16,80,359000,1,1,1.0,1,89104.12,330001.0,583.0,-6301.0,17113.23,17328.0,77.0,26,18922.0,68237.88,23385.0,0,20,19278.0,81558.65,466109.0,42,18,87706.0,Y,7735.6,current,M,63,LOW,21.5,2,486.0,0,17.0
10145,1137,18392.0,6882.85,5225.26,4247.78,7717.0,2116.0,887.0,14.0,85,84,7,1,3,421000,1,1,1.0,1,137260.8,347.19,130000.0,4314.0,62124.39,427895.0,147.0,0,52831.0,60251.99,57567.0,1,26,2750.0,39558.75,92799.0,5,0,35872.0,Y,2474.83,current,M,60,HIGH,8.0,1,536.0,0,9.0
10146,8929,497.0,29335.5,15519.86,2107.56,32482.83,2493.0,2825.13,1.0,30,4,4,63,79,351000,1,1,1.0,1,2135000.0,172131.0,11379.0,2351.0,46188.26,12337.0,2.0,4,25436.0,82936.5,13538.0,3,70,40150.0,207300.36,38997.5,21,73,55742.0,Y,11684.98,current,M,42,MEDIUM,13.200000000000001,5,685.0,1,5.0
10147,12839,13081.0,13861.14,9390.46,45055.6,1524.6,3592.15,4351.0,3.0,26,23,25,51,9,525000,1,1,1.0,1,11827.75,227000.0,4367.0,24326.0,46667.64,65422.88,18.0,3,18082.0,7123.15,132912.0,2,171,38303.11,2247.0,79034.59,2,63,61694.0,Y,8388.56,saving,M,221,MEDIUM,160.8,6,245.0,1,8.0
10148,10768,19048.0,21400.59,25858.41,5589.5,4550.86,480.0,4695.52,5.0,61,87,25,1,3,302000,1,1,1.0,1,942327.7,16500.0,908.0,173.0,17576.0,45621.38,36.0,4,20822.0,29891.75,23261.0,42,17,11400.0,63237.44,25049.0,2,73,65171.0,Y,590.02,current,M,33,MEDIUM,7.800000000000001,6,801.0,1,14.0
10149,15660,167221.0,10812.39,20734.3,19375.92,819.0,20250.0,2297.45,2.0,16,50,1,2,3,49999,1,1,1.0,1,4140.0,82907.34,4000.0,977.0,189583.71,255104.0,22.0,1,15452.0,10011.69,1072956.05,1,77,8493.65,33338.55,38625.0,6,79,9555.0,Y,1789.02,current,M,44,LOW,19.200000000000003,9,864.0,0,16.0
10150,593,9632.0,1672.0,2689.0,2439.0,16205.74,6487.0,20185.0,53.0,9,16,4,27,30,0,1,1,1.0,1,26335.7,253000.0,1446.0,6885.0,12345.88,50967.27,16.0,13,13124.0,38508.0,13535.0,3,81,2382.0,911.0,54329.0,14,9,54137.0,Y,256.58,current,M,66,LOW,46.0,10,243.0,1,13.0
10151,2269,306267.0,219598.13,388.0,7125.7,1430.0,2003.0,4642.3,18.0,11,13,8,1,74,10000,1,1,1.0,1,0.61,385218.7,11379.0,3735.0,32800.31,122376.0,16.0,9,122730.0,11320.95,34365.0,31,82,37403.0,507282.0,24002.0,6,80,67549.0,Y,155444.93,current,M,47,MEDIUM,27.0,8,863.0,1,5.0
10152,15249,20038.0,7929.0,1110.0,42975.1,1029.0,3264.1,7881.0,2.0,66,44,82,2,2,66000,1,1,1.0,1,1831780.84,380000.0,4000.0,-6301.0,30875.64,65883.57,147.0,2,30393.0,223310.38,38266.0,3,82,25573.35,70380.75,31764.0,2,104,45034.0,Y,5295.12,current,M,35,MEDIUM,3.0,8,535.0,0,10.0
10153,8937,17332.0,11843.9,1905.0,3511.0,29531.0,1527.29,4950.0,1.0,43,11,3,4,17,202500,1,1,1.0,1,825.0,142608.5,8333.0,0.0,3369.25,54359.0,6.0,4,21225.0,29657.58,171159.58,12,26,127645.0,272286.65,8262.0,6,79,20433.0,Y,12264.27,current,F,66,MEDIUM,18.400000000000002,1,858.0,1,18.0
10154,13919,184680.0,13097.65,2465.0,57087.5,1903.6,12821.26,10044.0,12.0,18,49,47,7,56,505000,1,1,1.0,1,13849.4,16375.0,12337.0,1465.0,120275.02,10862.41,52.0,2,59900.0,86609.0,28191.0,47,5,28106.0,27576.07,20703.0,18,96,12817.0,Y,9698.08,current,M,32,MEDIUM,8.4,10,249.0,1,3.0
10155,9095,5040.0,15413.94,7915.12,11501.64,362.59,4083.0,3192.0,2.0,22,59,4,4,2,232000,1,1,1.0,1,27730.68,128314.74,610000.0,2921.0,81009.68,38605.0,4.0,4,47676.0,189569.11,15233.0,3,5,35443.0,75055.44,16503.0,4,83,28127.0,Y,604.67,current,M,36,MEDIUM,6.4,5,454.0,1,19.0
10156,13966,16484.0,16721.445,1624.65,35423.0,8195.11,1089.0,321.52,66.0,601,86,2,25,11,505000,1,1,1.0,1,98062.5,64309.52,230000.0,5730.0,97769.8,59633.0,40.0,13,102352.0,117151.27,36791.0,3,27,22259.0,7329.82,138424.78,8,73,17106.14,Y,11642.04,current,M,42,MEDIUM,17.6,2,771.0,0,5.0
10157,13189,6891.0,33377.78,1254.0,2755.66,8837.0,4494.0,24513.2,26.0,23,47,35,2,3,381000,1,1,1.0,1,8209320.0,110135.86,1630.0,167.0,66862.02,62325.2,23.0,36,22091.0,56270.0,45556.0,1,5,38716.0,165.0,37341.0,5,63,34567.0,Y,371.78,current,M,29,LOW,7.2,3,886.0,0,2.0
10158,16117,292435.0,38903.0,5195.0,1043.04,59846.44,2942.0,30020.0,8.0,10,19,1,31,34,353000,1,1,1.0,1,472.0,145000.0,8333.0,1500.0,105.25,159969.99,35.0,26,32622.0,24598.35,90949.0,2,21,29668.0,31665.85,38468.0,93,7,15764.0,Y,864.24,current,F,35,HIGH,9.0,2,928.0,1,3.0
10159,805,15064.0,26369.95,771.45,54492.21,1429.11,22893.375,4086.52,2.0,8,112,48,21,55,293000,1,1,1.0,1,526.25,1194405.5,550.0,12163.0,256730.16,1663.0,63.0,3,15980.0,32120.5,11191.0,31,11,17508.0,38340.76,43402.0,4,9,58424.0,Y,90.6,current,M,62,MEDIUM,33.6,8,258.0,1,15.0
10160,15635,3422.0,5599.52,7500.0,15329.45,11174.0,2902.4,1252.22,59.0,30,71,8,27,3,216000,1,1,1.0,1,690.0,100934.0,908.0,1332.0,57572.65,17328.0,46.0,3,19392.0,20807.36,26104.0,0,86,23100.0,25162.13,62135.0,49,8,26965.0,Y,1507.13,current,M,38,MEDIUM,16.2,6,836.0,1,19.0
10161,4206,517.0,1864.85,57262.0,15331.54,6284.0,15647.65,4732.0,3.0,34,2,2,17,2,28000,1,1,1.0,1,8209320.0,107639.28,130000.0,12415.0,15678.54,57279.15,16.0,1,9586.0,92439.5,128181.0,1,63,54405.0,54327.88,19130.0,21,133,60019.0,Y,3364.38,saving,M,37,MEDIUM,10.200000000000001,7,866.0,0,2.0
10162,8199,6699.0,9138.0,6243.02,17096.88,1640.46,7187.55,2488.0,10.0,10,7,82,1,1,494000,1,1,1.0,1,205595.43,54388.23,90525.0,-4679.0,68210.1,47169.0,46.0,3,12776.0,15463.5,90736.0,5,70,18405.0,40161.73,233525.94,42,32,19889.0,Y,17367.34,current,M,47,MEDIUM,13.5,5,525.0,1,18.0
10163,3229,27283.0,7840.11,8190.92,13330.65,2368.0,993.04,2040.0,10.0,84,19,48,9,44,371000,1,1,1.0,1,526.25,100934.0,10000.0,8723.0,16299.73,37127.0,39.0,3,18757.0,51396.52,39564.0,6,31,21481.87,88649.21,198513.84,6,113,26351.0,Y,3172.05,current,F,27,MEDIUM,5.6000000000000005,5,370.0,1,7.0
10164,9308,433.0,6101.05,1764.56,21634.3,8033.84,7217.0,1627.41,12.0,9,27,1,18,1,568000,1,1,1.0,1,15079.5,1372927.14,9570.0,173.0,70613.0,24774.0,18.0,25,1953756.0,29782.13,69097.0,3,8,40066.75,72861.92,69097.78,4,12,71305.0,Y,110.91,current,M,42,MEDIUM,17.6,5,801.0,0,10.0
10165,5909,322653.0,31607.04,5061.0,29226.75,2710.0,5613.14,334.22,60.0,66,87,4,71,1,199999,1,1,1.0,1,331.2,15957.0,4367.0,6916.0,26421.27,25244.0,63.0,2,9262.75,313265.74,62375.0,1,63,19399.0,56620.62,21295.45,3,75,69003.0,Y,4172.08,saving,F,33,HIGH,3.9000000000000004,10,354.0,1,6.0
10166,12226,3833.0,3238.0,632.0,3256.5,886.5,4910.0,500.0,12.0,7,18,30,15,6,472000,1,1,1.0,1,111.0,385218.7,300000.0,-4679.0,85842.25,41864.0,69.0,3,17155.0,51935.0,30813.2,5,12,16780.0,83332.01,81741.0,94,50,62247.0,Y,12904.95,current,F,30,MEDIUM,4.0,1,395.0,1,4.0
10167,16176,10701.0,28601.54,5693.23,7227.9,4115.0,7904.07,13067.65,531.0,18,50,1,3,5,390000,1,1,1.0,1,803155.7,143000.0,3975.0,1992.0,55471.75,36559.0,46.0,6,43127.0,4933.56,33067.0,0,13,20330.0,58019.25,221139.29,2,73,26304.0,Y,116.91,current,M,33,MEDIUM,13.0,2,626.0,0,4.0
10168,14123,17722.0,20906.62,12152.84,2965.0,2135.0,28971.64,637.0,1.0,29,7,3,4,81,845000,1,1,1.0,1,5688.0,64215.6,4000.0,-12179.0,19445.25,82551.0,12.0,3,30368.0,56116.0,23634.0,5,171,463086.63,32389.41,41731.0,6,8,15989.0,Y,2328.27,current,M,56,MEDIUM,18.0,2,945.0,1,19.0
10169,15756,2515.0,13663.8,3358.4,6634.12,794.0,4391.955,4885.75,8.0,10,135,1,3,55,116000,1,1,1.0,1,196885.0,16000.0,100000.0,1444.0,3369.25,32721.0,6.0,26,53399.0,70653.29,28021.0,9,82,132082.0,221923.43,153654.04,3,50,62085.0,Y,441.96,current,M,42,MEDIUM,17.6,4,385.0,0,14.0
10170,17318,707.0,12601.04,3822.0,9563.7,4634.0,13792.52,722.1,19.0,26,67,8,12,98,152000,1,1,1.0,1,471.05,267421.4,39389.0,2351.0,28702.56,100560.0,5.0,15,106650.0,211476.84,44039.0,11,50,11300.0,50702.0,71060.8,12,36,1017.0,Y,8898.03,current,M,47,MEDIUM,21.6,9,394.0,1,4.0
10171,16419,28935.0,27145.0,15524.19,82808.47,5396.96,3536.895,3613.42,44.0,19,49,82,1,98,587000,1,1,1.0,1,462720.0,97523.61,24094.0,5464.0,603266.23,15022.0,12.0,4,127943.0,54177.26,66409.99,31,171,476330.0,26818.75,73807.0,2,73,46650.0,Y,1243.58,current,M,30,MEDIUM,1.0,9,805.0,1,17.0
10172,15040,404095.0,5539.0,1974.0,40013.26,34158.95,14973.89,7602.0,4.0,10,89,2,25,1,240000,1,1,1.0,1,8758.2,176487.6,1255.0,2500.0,80869.75,76954.0,52.0,7,37355.0,56253.78,18682.36,9,171,101950.0,154187.45,43235.16,2,10,53791.0,Y,20489.62,current,F,221,MEDIUM,20.1,3,385.0,0,15.0
10173,18655,2282.0,4377.0,6189.05,76872.86,7455.0,32691.0,46180.0,100.0,3,70,53,1,68,155000,1,1,1.0,1,27747.0,222222.0,24251.0,-5998.43994,22268.66,42645.0,2.0,7,21086.0,41858.6,20265.0,2,20,1363274.0,51297.0,34795.0,58,76,87726.0,Y,3503.67,current,F,47,MEDIUM,5.4,2,538.0,1,20.0
10174,12033,1343.0,27100.0,17761.0,4592.045,540.33,5563.18,9812.0,531.0,1,4,30,1,47,595000,1,1,1.0,1,1038501.78,152.87,1630.0,12965.0,49107.0,11703.0,4.0,35,40544.0,5484.04,221302.0,2,70,15640.0,20016.43,59204.0,62,10,20229.0,Y,3167.04,current,M,62,HIGH,29.400000000000002,2,723.0,1,6.0
10175,5417,14221.0,1079.0,10091.23,8635.23,8398.0,18155.0,1654.5,4.0,19,18,1,4,37,306000,1,1,1.0,1,970271.35,356899.37,90525.0,19453.0,76600.61,74130.37,3.0,2,19571.04,145741.25,106800.0,4,26,85562.0,26564.24,17055.0,3,24,32192.09,Y,614.16,current,M,27,LOW,4.2,1,503.0,1,20.0
10176,2778,29857.0,2217.6,8243.4,2106.68,1864.29,10499.0,9243.65,17.0,30,61,52,25,18,78000,1,1,1.0,1,139323.25,136000.0,155205.0,5773.0,141940.45,40024.0,32.0,3,32089.0,18224.26,86159.86,1,6,14898.58,23135.91,38706.0,2,18,55607.78,Y,942.97,current,M,34,MEDIUM,5.6000000000000005,2,583.0,0,8.0
10177,11346,10917.0,4537.01,7391.0,17241.5,8564.48,27696.22,2237.2,2.0,1,18,4,1,8,381000,1,1,1.0,1,298492.0,24000.0,130000.0,2921.0,33378.47,59473.0,12.0,1,82254.0,7597.0,88301.74,43,8,62082.0,41593.6,13739.0,7,50,27670.0,Y,23807.13,current,M,35,MEDIUM,9.0,4,606.0,1,17.0
10178,16054,17894.0,2625.0,2861.21,5759.49,11450.32,1073.0,8007.0,9.0,14,3,1,1,91,375000,1,1,1.0,1,5457.0,1475000.0,908.0,5464.0,60593.45,31174.0,7.0,43,52993.0,19399.5,164837.6,2,59,20832.0,85967.83,58955.5,9,83,9874.0,Y,444.01,current,M,62,MEDIUM,21.0,1,653.0,1,11.0
10179,17304,9960.0,37947.95,5058.0,7161.3,14281.62,1976.0,23197.0,12.0,36,11,7,55,16,378000,1,1,1.0,1,80163.75,142608.5,768.0,1992.0,27813.0,136294.0,90.0,6,79375.0,26797.45,72466.0,5,5,18736.0,14220.02,36302.88,4,61,22315.0,Y,5070.46,current,M,36,MEDIUM,11.200000000000001,4,485.0,0,3.0
10180,10898,3432.0,6108.13,5909.01,1432.7,16738.51,4818.0,8467.62,26.0,29,67,1,36,8,306000,1,1,1.0,1,13180.0,170989.0,908.0,7478.0,40334.25,9047.0,16.0,36,41784.0,18317.6,6288.0,3,108,90755.0,74091.21,50943.0,7,63,16634.0,Y,3213.21,current,M,33,LOW,6.5,10,628.0,1,8.0
10181,9730,516.0,9251.0,6170.82,4175.0,14935.22,1552.21,156.0,9.0,5,4,52,60,8,252000,1,1,1.0,1,205595.43,119831.0,100000.0,8723.0,18529.01,108215.38,69.0,3,12959.0,85631.28,79875.82,0,5,35543.0,97302.81,71141.0,14,68,331324.0,Y,7202.67,current,M,36,LOW,6.4,6,737.0,1,13.0
10182,17167,132817.0,10260.0,3491.0,22039.14,8785.92,6320.0,4432.0,7.0,6,19,24,1,1,45000,1,1,1.0,1,168.75,64491.0,28912.0,-6281.37987999999,87480.66,26960.0,69.0,1,102695.25,23514.1,186698.0,1,63,81870.0,11840.0,35471.0,11,103,49.29,Y,14573.7,current,M,33,MEDIUM,9.1,8,801.0,1,2.0
10183,14416,137.0,22858.68,3327.8,39127.96,1720.0,211.12,1113.0,14.0,10,49,47,9,4,300000,1,1,1.0,1,568.8,74599.9,731.0,5439.0,77903.97,17049.0,48.0,35,36509.0,5565.01,5344.35,1,12,0.25,225352.79,77284.25,10,1,7582.5,Y,15617.44,current,M,47,MEDIUM,13.5,3,623.0,0,18.0
10184,4979,5360.0,7056.22,57.0,4856.0,5396.96,23795.34,577.8,15.0,50,7,50,1,42,0,1,1,1.0,1,23592.0,145000.0,5540.0,-5998.43994,39686.25,151836.0,11.0,7,52720.0,38780.0,4796.86,30,8,187500.0,42034.08,97444.0,62,13,31560.0,Y,13709.2,current,M,50,MEDIUM,18.0,5,887.0,1,19.0
10185,8559,73.0,75689.0,162.0,5794.78,6570.04,5998.0,537.0,60.0,38,44,4,15,3,375000,1,1,1.0,1,683316.0,50034.93,15654.0,6613.0,11178.21,43644.0,39.0,3,13600.0,50095.27,19053.0,1,23,28151.0,37799.42,34510.0,7,79,20224.0,Y,17692.83,current,M,42,MEDIUM,4.4,9,923.0,0,7.0
10186,4506,345119.0,2207.25,808.3,2015.84,7854.4,6018.6,5113.0,6.0,19,72,30,18,17,212500,1,1,1.0,1,17377.25,43545.0,4699.0,24326.0,19851.92,41006.0,17.0,2,42795.0,24500.16,19962.0,2,7,71630.0,13844.76,72398.5,14,39,60799.0,Y,1924.5,current,M,42,MEDIUM,17.6,10,743.0,0,8.0
10187,15157,15098.0,18422.99,573.0,11639.72,1729.04,5101.22,11355.0,29.0,26,3,4,1,39,104000,1,1,1.0,1,59703.93,152664.0,13533.0,0.0,14762.0,32961.0,2.0,1,52486.0,64353.87,119639.0,1,75,178243.0,55356.82,62438.0,94,8,20143.0,Y,1975.15,current,M,58,HIGH,30.400000000000002,3,503.0,1,14.0
10188,5729,7543.0,7952.29,18119.58,40597.73,2965.6,3103.925,23270.0,7.0,77,35,1,4,4,447000,1,1,1.0,1,88.0,24703.0,925.0,0.0,44858.15,29093.44,46.0,3,9562.0,54963.74,164623.0,43,59,24878.0,71466.84,23507.0,4,24,108740.0,Y,1642.76,current,M,33,LOW,10.4,5,505.0,0,3.0
10189,17644,20428.0,69508.09,20959.0,14328.5,4197.0,168145.0,1864.0,56.0,36,9,3,1,1,100000,1,1,1.0,1,265809.85,55000.0,68000.0,2351.0,66426.29,31790.0,35.0,4,27050.0,67504.65,91899.0,6,1,87926.0,37698.87,45424.0,94,73,27043.0,Y,4292.22,current,M,35,LOW,9.0,10,583.0,0,13.0
10190,17174,1645.0,12388.0,441.0,7948.375,4444.25,16479.0,4086.52,2.0,67,10,42,27,4,59000,1,1,1.0,1,101891.25,27000.0,3000.0,6613.0,20426.61,62114.0,16.0,2,38784.0,58411.71,36954.0,4,5,22902.0,47162.5,60840.75,94,133,37234.0,Y,1123.12,current,M,33,HIGH,9.1,7,748.0,1,20.0
10191,19228,17426.0,13403.0,1503.0,2116.81,428.0,11056.0,813.59,43.0,5,59,22,21,4,378000,1,1,1.0,1,360978.37,1372927.14,505.0,418.0,81009.68,21223.0,10.0,36,20985.72,15052.67,18198.0,3,13,86790.0,229238.13,6322.0,12,49,27166.0,Y,19784.13,saving,M,46,HIGH,15.600000000000001,5,385.0,1,19.0
10192,759,16529.0,8198.03,715.0,1788.11,2513.0,2981.25,345.48,60.0,46,82,19,6,2,19000,1,1,1.0,1,10535967.5,1084598.7,3570.0,2500.0,27966.87,165527.0,18.0,5,21925.0,53560.98,56266.5,3,28,36666.0,179536.5,170191.0,3,13,26666.74,Y,2464.89,current,M,29,MEDIUM,4.5,3,958.0,1,17.0
10193,6825,2630.0,44204.03,3276.0,23305.84,295.0,40161.27,1252.22,4.0,128,72,1,2,30,338000,1,1,1.0,1,53530.07,52991.0,694.0,-12179.0,33426.97,72678.0,55.0,14,33022.0,266682.76,55145.0,70,9,14395.0,18919.0,238192.0,14,7,24862.19,Y,3468.04,current,M,33,LOW,6.5,2,538.0,1,9.0
10194,19008,220241.0,18931.0,210.0,6554.32,768.0,6582.0,1085.0,44.0,26,14,2,60,2,199999,1,1,1.0,1,360978.37,358480.64,230000.0,-6885.0,109656.06,25576.0,43.0,2,27767.0,39089.0,48011.0,1,8,42641.8,27019.5,25067.96,9,57,44924.0,Y,3112.71,current,M,31,MEDIUM,8.8,1,656.0,1,13.0
10195,3575,11296.0,149055.97,1256.0,6431.64,2064.0,1602.52,6322.1,4.0,34,64,24,55,2,324000,1,1,1.0,1,1500.0,175000.0,500000.0,-5998.43994,15690.03,78836.0,91.0,3,25365.0,18868.0,184532.0,19,20,15990.0,3074.0,70026.0,4,120,762.0,Y,29143.23,current,M,44,MEDIUM,9.600000000000001,4,647.0,0,11.0
10196,16156,10234.0,14945.19,3117.0,34996.87,4608.0,1819.5,11781.0,7.0,81,29,42,2,56,125000,1,1,1.0,1,2014.8,93.35,2644.0,12174.0,30729.39,59034.03,62.0,35,26064.0,27710.5,133024.0,12,5,20396.0,45546.6,631045.85,4,104,420.0,Y,60763.75,current,M,44,LOW,16.8,9,614.0,0,6.0
10197,3583,6016.0,1417.43,2544.0,5941.55,496.06,2638.0,88567.97,53.0,9,79,5,5,53,218000,1,1,1.0,1,199690.5,176487.6,711.0,-5439.0,875.25,13198.69,2.0,4,28568.0,21101.6,27113.0,50,8,18264.0,208110.4,20796.0,2,17,17953.0,Y,3294.91,current,M,69,LOW,49.0,2,385.0,1,17.0
10198,16189,16029.0,5538.39,452.0,1814.2,4586.13,15870.82,2738.0,10.0,56,112,4,21,56,54000,1,1,1.0,1,148705.0,32714.0,1633.0,5730.0,51761.0,25104.0,67.0,26,49316.0,72045.09,12400.0,2,50,36940.0,40795.49,26343.0,40,13,99995.0,Y,5251.76,current,M,40,MEDIUM,4.0,9,957.0,1,6.0
10199,79,17213.0,18363.0,2404.0,9553.93,7472.07,1201.6,10508.0,15.0,46,82,8,6,98,519000,1,1,1.0,1,937.0,1300000.0,30000.0,1245.0,56605.28,42201.0,37.0,1,9400.0,14260.0,15237.0,35,20,48764.0,46487.0,44246.09,3,124,13038.0,Y,50987.25,current,F,51,LOW,9.3,2,814.0,0,14.0
10200,19428,6117.0,6665.6,18225.0,15316.7,5407.0,27134.0,6375.89,66.0,30,35,30,14,4,170000,1,1,1.0,1,4140.0,9866.01,300500.0,-3506.17993,10303.25,20421.0,10.0,23,14394.0,8579.85,43929.0,0,40,49316.0,35390.5,35602.68,21,58,66943.0,Y,10033.1,current,M,28,MEDIUM,4.0,3,658.0,1,16.0
10201,6856,324456.0,5729.15,2792.07,8720.68,2500.25,24719.98,4437.0,52.0,10,135,5,1,80,362000,1,1,1.0,1,3938.25,24703.0,300000.0,3897.0,22524.25,93150.84,39.0,2,39379.0,57913.57,47069.0,4,171,38436.0,46781.12,11829.5,3,63,44865.0,Y,1527.41,current,F,29,HIGH,7.2,3,743.0,0,7.0
10202,16731,5442.0,49990.02,253.0,4556.64,1364.05,424.06,6069.0,50.0,65,4,5,3,11,282000,1,1,1.0,1,8209320.0,537476.4,12000.0,-5439.0,43410.83,24752.0,20.0,36,50806.0,83012.35,25616.0,47,6,26519.0,33491.01,445.64,8,83,27425.0,Y,1446.07,current,M,40,MEDIUM,14.0,5,653.0,1,5.0
10203,4425,1291.0,20137.29,1561.0,36934.0,44371.4,8316.69,5171.01,1.0,85,35,1,36,16,156000,1,1,1.0,1,192428.25,154121.9,678.0,6916.0,507434.0,32416.0,16.0,0,293262.0,52418.61,108209.0,1,36,22910.0,112695.81,3313.0,13,61,38085.0,Y,11330.15,current,M,32,MEDIUM,9.600000000000001,2,737.0,1,14.0
10204,4743,6886.0,41070.05,6041.0,107700.0,4740.0,11809.25,949.0,25.0,65,89,24,7,13,134000,1,1,1.0,1,201133.0,17000.0,3975.0,1429.0,218383.57,120021.0,18.0,4,11457.0,13902.0,102600.0,1,8,101950.0,8233.03,100298.0,36,57,27279.0,Y,17599.29,current,M,53,MEDIUM,26.400000000000002,9,523.0,1,19.0
10205,12800,453.0,8265.42,2328.0,40521.74,146229.0,25403.0,6667.0,12.0,10,47,1,6,54,100000,1,1,1.0,1,45463.0,76157.6,594.0,-5715.49022999999,39509.71,239131.19,7.0,17,15480.0,82448.0,29438.0,1,81,4598.0,20696.81,47004.0,6,83,54485.0,Y,26590.59,current,M,62,MEDIUM,29.400000000000002,8,595.0,1,15.0
10206,3276,4572.0,7082.84,2372.0,28488.51,11846.74,1156.0,760.72,60.0,128,19,1,2,55,167000,1,1,1.0,1,0.61,470000.0,1209.0,4889.0,59651.56,95759.38,40.0,1,21541.0,134192.92,87654.99,1,70,24637.0,17753.47,166400.0,14,79,14270.0,Y,2914.88,current,M,33,LOW,5.2,1,887.0,0,11.0
10207,12613,9047.0,108014.59,4245.0,32221.99,7914.0,8400.44,3033.36,43.0,6,87,1,6,81,461000,1,1,1.0,1,68640.0,2300000.0,6000.0,6613.0,30020.52,67699.0,24.0,4,59690.0,50297.25,25430.0,2,20,21481.87,69615.51,243183.0,3,63,22909.0,Y,15242.4,saving,M,30,MEDIUM,10.0,7,516.0,1,14.0
10208,6446,37695.0,47743.25,2202.0,6132.65,12957.0,13775.6,423.02,136.0,10,11,48,2,10,406000,1,1,1.0,1,12.19,1024477.47,300500.0,-4664.0,16307.0,27884.0,11.0,5,44925.0,70330.47,42329.79,3,23,13501.0,44224.0,21700.0,2,2,49520.0,Y,7658.29,current,M,62,MEDIUM,29.400000000000002,8,945.0,1,17.0
10209,15569,7079.0,12497.71,18426.93,10554.87,18517.22,14113.0,1682.77,66.0,27,1,10,2,4,156000,1,1,1.0,1,39851.93,202560.0,500718.0,-3625.0,196900.04,29925.0,11.0,13,23404.0,6850.88,372819.0,10,13,42225.0,13764.8,39504.0,10,39,32616.0,Y,3447.42,current,F,42,MEDIUM,11.0,3,516.0,1,9.0
10210,5233,1808.0,9721.36,15164.02,4361.075,1005.0,2528.0,700.0,8.0,1,30,30,6,34,512000,1,1,1.0,1,306.4,76157.6,768.0,1411.0,43436.78,35504.0,11.0,2,11614.0,25535.75,43785.36,8,5,23741.0,60406.37,56857.0,12,50,11047.0,Y,3024.38,current,M,33,HIGH,11.700000000000001,7,955.0,1,2.0
10211,19971,18779.0,4905.3,1889.8,3626.04,2305.78,2206.0,32970.42,1.0,16,29,2,2,64,556000,1,1,1.0,1,65887.8,61022.63,891.0,-3506.17993,318.36,49746.0,9.0,3,42386.0,90409.36,18612.0,2,21,121191.0,20614.76,34336.25,117,12,36339.0,Y,2391.74,saving,M,66,MEDIUM,13.8,9,505.0,1,17.0
10212,5649,17995.0,5620.31,220.75,5391.0,9023.0,1598.4,322.21,31.0,19,2,17,14,1,352000,1,1,1.0,1,11027.5,107692.0,583.0,2500.0,74009.75,43451.0,32.0,7,36949.0,55814.28,20283.0,5,69,25762.0,49704.28,63610.0,3,67,48560.0,Y,10676.78,current,M,47,HIGH,18.900000000000002,5,863.0,1,19.0
10213,10075,13388.0,21729.0,1822.24,40013.26,7762.0,3068.89,4519.0,14.0,10,46,2,2,6,345000,1,1,1.0,1,3247.5,74599.9,155205.0,0.0,25067.25,30851.0,24.0,36,104000.0,133982.48,36091.43,3,63,22504.0,37230.29,155.0,6,63,16349.0,Y,227.18,current,M,53,MEDIUM,26.400000000000002,4,300.0,0,6.0
10214,11180,139641.0,26025.37,2846.6,74019.0,10683.43,14412.0,15959.0,2.0,6,85,3,44,47,579000,1,1,1.0,1,1104223.35,1034285.63,15654.0,17080.0,37884.36,150191.5,23.0,4,22533.0,19898.5,26821.0,6,12,78981.0,30008.98,16049.0,36,3,22168.0,Y,2677.11,current,M,47,LOW,18.900000000000002,2,743.0,1,4.0
10215,11924,113822.0,12384.27,275.0,15817.96,3773.0,2323.6,428.52,12.0,1,72,1,2,98,466000,1,1,1.0,1,4120.0,108788.0,4198.0,0.0,28031.56,45045.0,59.0,19,26451.36,14899.29,943.0,70,1,20920.0,21127.0,246908.0,21,57,18851.77,Y,7898.79,current,M,30,MEDIUM,9.0,10,233.0,1,3.0
10216,16386,98789.0,10080.0,7745.0,26676.32,35186.49,3671.2,1676.0,56.0,3,50,57,3,98,268000,1,1,1.0,1,325024.6,13299.0,2019.0,2337.0,119291.65,86724.91,147.0,36,23881.0,20368.84,26038.0,2,2,21623.0,55130.63,138403.0,3,73,28990.0,Y,2426.62,current,M,32,HIGH,10.8,3,743.0,1,14.0
10217,19338,14969.0,2710.0,12701.75,41740.0,9366.0,8711.0,274.0,10.0,1,102,5,2,47,555000,1,1,1.0,1,5045.13,248710.0,583.0,5464.0,9228.89,102124.0,12.0,0,52600.0,44190.0,85274.0,1,86,19705.0,27506.26,31247.0,16,72,59757.0,Y,1132.75,current,M,32,HIGH,1.2000000000000002,10,325.0,0,16.0
10218,1260,2286.0,8715.0,4008.51,66337.87,8871.46,12069.0,2853.02,5.0,5,6,50,31,3,124000,1,1,1.0,1,31454.1,61022.63,4000.0,1992.0,9559.16,185707.83,43.0,2,31176.0,16087.38,100040.0,1,1,99422.75,44337.0,35750.5,4,124,106368.0,Y,2093.54,current,M,53,MEDIUM,6.6000000000000005,8,516.0,1,20.0
10219,3989,16966.0,11925.2,5644.09,72254.62,3536.38,1997.0,2306.0,28.0,36,44,5,46,64,402000,1,1,1.0,1,148705.0,500358.79,492.0,5730.0,39671.4,71430.0,62.0,36,26844.0,136899.75,57661.0,43,6,58036.0,25309.32,58342.34,6,78,64733.0,Y,4224.92,current,M,35,LOW,12.0,9,723.0,0,19.0
10220,16596,294994.0,2797.34,2870.15,9596.94,3240.0,1443.0,1124.0,18.0,30,87,57,15,26,293000,1,1,1.0,1,75240.45,93.35,230000.0,-3506.17993,62613.01,72100.0,69.0,1,23668.0,20444.64,24668.5,6,8,22091.0,49381.85,48156.97,19,9,24339.0,Y,5109.98,current,M,47,MEDIUM,16.2,8,351.0,1,20.0
10221,7831,11120.0,4197.48,1097.0,7895.38,10834.97,7925.345,1354.0,6.0,36,19,1,51,26,524000,1,1,1.0,1,34648.75,46500.0,27809.0,-402.0,9782.92,32746.0,11.0,23,25825.0,5420.0,19773.0,6,9,136500.0,50196.18,45424.0,3,24,50913.0,Y,12650.36,current,M,40,LOW,20.0,7,626.0,1,16.0
10222,8676,5794.0,104262.02,1343.0,51843.02,2239.0,2179.0,4519.0,19.0,19,19,2,9,12,255000,1,1,1.0,1,24832.0,35000.0,15477.0,3323.0,2033.12,154398.22,5.0,31,31094.2,30377.79,12615.0,6,104,78565.0,32458.62,103110.25,7,24,56930.0,Y,3763.37,current,M,34,MEDIUM,1.4000000000000001,8,653.0,1,7.0
10223,10949,7256.0,26787.945,6783.0,73581.0,1334.0,22456.0,15647.48,66.0,10,38,1,18,80,510000,1,1,1.0,1,8758.2,24000.0,1052.0,6916.0,23415.69,18253.0,16.0,1,71467.0,10935.88,30156.0,2,6,100136.0,52458.46,46917.34,11,103,19371.0,Y,17350.88,current,M,34,HIGH,11.200000000000001,2,454.0,0,6.0
10224,9038,7517.0,3321.72,3889.0,10674.8,53018.0,11288.78,4018.52,3.0,43,44,21,6,2,358000,1,1,1.0,1,115818.74,464261.6,908.0,9415.0,265442.98,13795.0,29.0,4,12505.0,35034.31,39398.3,43,86,61166.0,17508.0,41471.0,2,106,59859.0,Y,1637.64,current,M,64,LOW,35.2,10,516.0,1,19.0
10225,7990,17844.0,27819.61,15559.0,4747.0,13329.11,6811.5,4466.0,7.0,26,85,52,4,8,408000,1,1,1.0,1,1466675.0,16000.0,27809.0,5730.0,63554.0,77068.0,16.0,1,17354.0,40478.15,138384.0,50,81,28127.16,243680.6,1676.0,13,14,16396.0,Y,3683.82,current,M,46,LOW,7.800000000000001,2,445.0,1,7.0
10226,16554,2298.0,18793.125,248.69,1268.11,502.5,3177.0,868.5,6.0,27,70,4,1,53,170000,1,1,1.0,1,327324.9,330001.0,16068.0,9415.0,48159.67,51893.0,9.0,3,31925.0,47324.12,78117.0,9,12,18064.0,125294.96,214397.29,2,18,50913.0,Y,2528.73,current,M,37,MEDIUM,17.0,2,683.0,1,3.0
10227,2263,106660.0,3242.0,608.75,1279.34,558.01,4821.6,5393.0,53.0,2,64,50,2,30,198000,1,1,1.0,1,140790.0,460000.0,54101.0,8723.0,41982.09,39646.0,42.0,5,52821.0,45038.0,66773.35,3,18,54428.0,12240.39,62785.75,21,13,58637.0,Y,18101.41,current,M,67,MEDIUM,23.5,9,683.0,0,3.0
10228,5993,1416.0,2991.78,2361.55,9060.42,598.76,9761.0,8629.0,136.0,46,87,5,2,1,352000,1,1,1.0,1,61186.36,60040.0,25524.0,-6885.0,107245.53,44604.0,5.0,6,36342.0,39173.76,9752.0,47,70,22554.0,74969.0,209.0,4,42,47534.0,Y,3280.84,current,M,28,MEDIUM,5.6000000000000005,5,633.0,1,17.0
10229,13946,175503.0,5492.0,1720.5,31402.35,2512.59,6661.2,443.95,19.0,29,7,18,1,8,293000,1,1,1.0,1,1309500.9,71256.0,130000.0,5730.0,20991.97,38839.0,46.0,30,78876.82,555389.69,12720.0,42,11,13317.0,118163.56,35220.0,18,42,75798.0,Y,14286.28,saving,M,30,MEDIUM,5.0,9,385.0,1,3.0
10230,10253,213185.0,19696.83,1804.0,8730.86,4493.97,2723.0,26860.0,7.0,30,74,8,6,34,294000,1,1,1.0,1,13732.93,10465.48,5540.0,20324.0,5487.06,24476.0,43.0,36,40829.0,29738.2,36423.0,9,6,36206.0,96870.94,59620.05,117,32,11478.0,Y,5186.33,current,M,40,LOW,4.0,8,566.0,0,9.0
10231,652,12691.0,15569.0,1007.2,6368.47,13972.3,8601.42,204.0,4.0,3,23,10,6,1,74100,1,1,1.0,1,3938.25,1024477.47,12000.0,5464.0,179.75,35437.0,59.0,2,47432.0,38348.04,20359.5,6,4,24734.0,108519.9,42484.54,5,18,92482.0,Y,617.24,current,M,219,HIGH,199.0,4,523.0,1,12.0
10232,17010,15246.0,16726.41,512.49,45579.65,1163.0,19582.78,1101.14,7.0,3,112,30,21,58,402000,1,1,1.0,1,684495.7,385218.7,4458.0,1089.0,30340.0,42683.86,4.0,0,15867.0,364893.84,57176.0,17,20,13817.0,47517.56,30415.0,21,24,48538.0,Y,525.26,current,M,29,MEDIUM,1.8,2,245.0,1,2.0
10233,17715,13663.0,16374.4,4121.43,6601.0,38.0,10036.75,1299.0,44.0,85,60,5,45,81,84000,1,1,1.0,1,370776.0,460000.0,25524.0,-5942.0,8158.0,25032.0,20.0,19,17163.0,39087.26,11532.41,2,44,10175.0,40904.52,250312.0,3,68,15431.0,Y,547.48,current,M,37,MEDIUM,13.600000000000001,3,331.0,0,19.0
10234,182,96347.0,4194.47,3690.13,3865.48,1667.0,5048.0,11800.26,2.0,1,64,18,3,47,184000,1,1,1.0,1,1900.0,150000.0,9570.0,6260.0,3778.0,41951.0,4.0,5,33453.0,95016.44,68867.0,1,81,175705.0,29196.49,30483.5,3,65,76500.0,Y,3694.28,current,F,47,MEDIUM,13.5,4,536.0,1,15.0
10235,8876,2828.0,12261.86,245.0,4797.17,413.0,23084.88,10162.79,12.0,9,60,3,8,4,525000,1,1,1.0,1,472.0,19000.0,1001.0,1465.0,31086.25,30053.0,39.0,3,17484.0,27742.25,55886.4,70,20,98790.0,81000.0,45425.0,7,38,38710.0,Y,1952.35,current,M,55,MEDIUM,35.0,1,614.0,1,6.0
10236,14920,176229.0,54923.995,1339.96,59916.04,349.0,2742.0,15856.0,6.0,43,4,5,3,6,393000,1,1,1.0,1,3938.25,5729.0,49975.0,691.0,192119.0,80128.0,91.0,26,85769.0,44741.41,57593.0,3,20,7452.0,144369.51,48335.0,10,12,205641.0,Y,7706.84,current,M,37,MEDIUM,5.1000000000000005,7,771.0,0,18.0
10237,11201,13370.0,17135.88,1421.0,15293.91,5468.23,4093.66,1821.0,60.0,37,13,1,2,1,294000,1,1,1.0,1,2.13,545000.0,19400.0,2921.0,20921.75,61376.5,11.0,1,22604.0,16460.0,85697.26,3,23,50050.0,58637.12,8930.0,11,64,169915.0,Y,405.12,current,M,30,MEDIUM,9.0,4,684.0,0,17.0
10238,8523,4986.0,2378.47,363.0,42370.36,27860.0,11143.0,5087.0,3.0,26,6,11,38,18,340000,1,1,1.0,1,526.25,2436.91,5540.0,6409.0,30031.06,54338.0,42.0,3,28480.0,35673.0,15393.22,9,24,14213.0,12240.39,21761.0,4,75,49854.0,Y,834.32,current,M,40,HIGH,4.0,5,623.0,1,18.0
10239,3828,5817.0,1676.85,311.62,4499.0,989.44,29355.0,3002.0,16.0,36,9,18,55,3,290000,1,1,1.0,1,153410.0,184514.0,6100.0,35346.0,387331.82,120276.0,11.0,17,25414.0,17762.0,64244.0,20,82,50050.0,92566.72,81119.5,5,79,19869.0,Y,9508.75,current,M,118,LOW,58.800000000000004,7,307.0,0,2.0
10240,15287,11086.0,31767.0,128.5,5232.06,253293.0,12255.0,6190.0,44.0,99,67,15,3,18,19000,1,1,1.0,1,15939.83,38928.0,16215.0,1332.0,40918.89,173430.0,18.0,15,15263.0,11527.5,32324.86,4,5,17354.0,140261.63,329826.5,5,36,35254.0,Y,13904.19,saving,M,47,LOW,5.4,8,723.0,1,16.0
10241,8592,16002.0,1787.5,17925.04,9090.28,3666.67,10029.0,2141.0,5.0,30,38,1,1,14,42000,1,1,1.0,1,11878.6,191000.0,36114.0,977.0,21193.0,47189.0,84.0,11,13100.0,13020.6,17288.0,2,20,24810.0,45345.98,11299.0,6,32,19554.0,Y,6421.84,current,M,32,LOW,2.4000000000000004,1,372.0,0,8.0
10242,5393,4028.0,16154.02,9186.0,7086.32,5739.87,15357.0,6324.0,6.0,50,67,7,2,6,395000,1,1,1.0,1,28844.0,235.17,5822.0,-3506.17993,40434.0,11029.0,18.0,1,115985.94,41934.29,102315.0,19,30,128.89,101647.59,65428.0,6,35,53742.0,Y,11739.55,current,M,62,MEDIUM,8.4,2,639.0,1,16.0
10243,338,7724.0,10288.1,6674.8,14181.06,5190.0,18365.46,3060.0,12.0,37,23,24,18,22,120000,1,1,1.0,1,15772650.74,117890.0,1209.0,0.0,55967.16,35344.0,55.0,14,17668.0,75034.78,127039.0,9,50,29314.0,57640.64,66870.5,12,50,18678.0,Y,14643.69,current,M,53,MEDIUM,23.1,3,796.0,0,12.0
10244,10643,14938.0,7889.0,4892.0,14352.0,2802.0,5613.56,23315.26,19.0,56,9,3,6,8,127500,1,1,1.0,1,55700.0,43397.0,19176.0,2921.0,205190.06,78739.0,36.0,1,41409.0,34018.83,2773.0,9,87,69009.0,23441.67,27400.0,2,11,32395.89,Y,8078.91,current,M,32,LOW,4.800000000000001,9,685.0,1,7.0
10245,11694,5134.0,25820.93,5628.21,33256.45,10307.84,3807.65,437.55,10.0,66,50,8,1,98,381000,1,1,1.0,1,4230125.0,5241.0,68000.0,0.0,94.92,276368.5,103.0,2,30514.73,1614.0,37365.0,2,11,22640.0,137127.91,202069.0,2,58,23602.0,Y,2254.65,current,F,46,MEDIUM,2.6,10,921.0,1,10.0
10246,5206,1528.0,20746.64,18099.0,22222.0,17318.47,7178.5,4494.0,7.0,23,9,24,3,17,59000,1,1,1.0,1,97043.6,70164.0,25639.0,7478.0,54935.49,115324.0,20.0,2,59990.0,28244.0,10.61,4,4,87334.41,29071.76,116070.8,10,11,517.0,Y,14529.0,current,M,35,MEDIUM,1.5,4,506.0,1,14.0
10247,18893,10739.0,18123.0,4157.0,2520.0,3350.0,10429.815,6829.18,25.0,25,10,1,44,42,110000,1,1,1.0,1,165907.57,11982.0,300000.0,2819.0,39010.46,209484.0,6.0,1,23090.0,13610.14,50920.0,24,13,2748.0,13957.86,29273.0,3,103,15641.0,Y,18261.92,current,M,66,MEDIUM,9.200000000000001,5,640.0,1,17.0
10248,8740,843.0,3044.23,248.0,2188.0,14346.0,9989.0,4351.0,8.0,83,13,1,1,3,579000,1,1,1.0,1,8758.2,43545.0,43798.0,3735.0,2815.25,38100.0,17.0,1,24815.0,53625.0,21051.0,45,8,57350.0,52116.02,18282.22,7,58,67318.0,Y,4607.37,current,M,44,LOW,19.200000000000003,6,858.0,1,13.0
10249,15179,19321.0,1219.0,4640.8,6120.0,3389.0,1613.65,6452.0,1.0,10,50,8,15,47,199999,1,1,1.0,1,298492.0,399.09,13873.0,167.0,10221.38,56342.0,10.0,1,66000.0,37199.0,35792.0,2,13,34440.0,10416.38,943.0,2,104,26568.0,Y,26455.98,current,M,33,MEDIUM,7.800000000000001,4,743.0,1,6.0
10250,12274,9737.0,3929.64,18698.0,23772.28,7806.94,2519.0,6617.0,26.0,10,4,1,17,98,784000,1,1,1.0,1,223000.0,308615.5,36114.0,1089.0,1488.02,42205.0,84.0,35,198650.0,87378.81,76919.0,43,13,27718.0,217103.92,39018.5,6,38,23417.0,Y,3184.71,saving,M,62,LOW,16.8,2,249.0,1,6.0
10251,7825,12841.0,10178.555,1776.87,15053.35,213.26,33671.5,15689.0,9.0,601,74,2,4,13,564000,1,1,1.0,1,70310.6,295150.9,500718.0,0.0,73444.5,88076.0,77.0,15,19317.0,13413.22,36136.0,9,86,64207.0,633728.77,98037.5,21,12,31864.0,Y,9264.76,current,M,42,MEDIUM,6.6000000000000005,7,748.0,1,7.0
10252,16361,13268.0,9877.3,7009.0,6519.01,12633.0,13721.0,87.0,53.0,22,82,1,14,98,467000,1,1,1.0,1,1539496.64,19.39,25524.0,-4679.0,96932.5,32533.0,48.0,31,19718.0,36773.63,58156.0,47,50,18818.0,33485.0,62064.0,117,7,35053.0,Y,5247.31,current,M,53,LOW,6.6000000000000005,9,805.0,1,11.0
10253,19270,406540.0,125791.56,11327.9,17349.34,3892.52,3784.69,3700.0,4.0,46,110,1,1,1,47000,1,1,1.0,1,101891.25,308615.5,1018.0,3897.0,113837.53,209895.5,84.0,13,127943.0,50208.55,49356.0,50,17,73808.0,35922.0,75510.0,40,79,198000.0,Y,4302.67,current,M,62,MEDIUM,4.2,10,686.0,1,5.0
10254,18697,8837.0,123825.34,921.0,8992.96,5401.0,36053.75,3978.0,44.0,10,9,3,5,30,17000,1,1,1.0,1,75240.45,158000.0,12000.0,-5715.49022999999,913124.69,12535.0,62.0,36,36332.0,4156.0,57746.38,47,81,93811.0,42439.76,48176.0,13,0,22800.0,Y,296.29,saving,M,35,MEDIUM,12.0,8,700.0,1,18.0
10255,13936,4636.0,23763.74,7645.6,31751.79,573.58,7409.42,1250.5,25.0,2,3,8,21,54,138000,1,1,1.0,1,126303.7,11897.0,30000.0,1014.0,93423.83,29092.0,91.0,26,28601.0,94420.94,7167.0,31,81,32409.0,109852.36,39938.0,93,21,41454.0,Y,5516.95,current,F,61,MEDIUM,36.9,10,858.0,0,5.0
10256,229,2429.0,33059.58,12152.84,3675.92,3516.0,9640.0,3164.0,46.0,31,14,10,26,47,75000,1,1,1.0,1,825.0,1034285.63,230000.0,977.0,12024.33,64626.0,16.0,4,45750.0,49722.0,21016.0,1,20,17606.86,39416.78,19311.0,5,57,292.0,Y,18717.09,current,M,35,HIGH,9.0,6,799.0,0,3.0
10257,2659,221742.0,6076.69,29495.74,933.59,13285.0,9602.55,15502.0,5.0,3,17,2,14,7,378000,1,1,1.0,1,73010.0,760470.3,183999.0,-4664.0,29083.22,102357.0,62.0,3,5800.0,144614.44,39225.0,3,75,31755.0,114100.76,32857.0,47,39,72990.0,Y,1238.64,current,M,37,MEDIUM,3.4000000000000004,7,796.0,1,8.0
10258,17942,18576.0,19977.99,2869.46,35835.26,2913.65,100747.0,700.0,6.0,61,19,1,2,13,383000,1,1,1.0,1,105453.65,110135.86,130000.0,6885.0,45215.77,160897.0,5.0,13,18396.0,14692.52,23151.0,43,70,27637.0,235533.04,62565.5,4,10,204339.0,Y,8559.88,saving,M,25,MEDIUM,3.5,2,653.0,1,6.0
10259,7921,15674.0,19369.92,2666.09,14202.0,570.66,5040.0,3075.52,2.0,5,110,1,3,1,300000,1,1,1.0,1,41070.0,165000.0,51520.0,-5715.49022999999,51681.0,43184.0,20.0,7,70177.0,12693.0,5485.47,0,20,21665.0,12244.49,13201.0,4,12,60831.0,Y,116.08,current,M,31,MEDIUM,7.7,10,465.0,1,12.0
10260,444,12919.0,6115.15,715.0,12180.83,13234.0,3050.9,3035.65,2.0,1,72,3,2,4,27000,1,1,1.0,1,309795.13,545000.0,80000.0,-4612.00977,236132.08,52123.0,37.0,3,10985.0,47011.7,11794.0,7,63,63734.0,30187.38,21935.88,4,21,20229.0,Y,106.5,current,M,66,MEDIUM,9.200000000000001,6,748.0,1,16.0
10261,12219,12243.0,368.0,2270.01,31470.0,7086.89,4274.375,1776.0,44.0,2,1,42,2,6,46000,1,1,1.0,1,2184.0,61022.63,93651.0,2351.0,26848.5,64206.0,52.0,26,67140.0,35057.14,24600.0,1,108,14058.0,48205.02,90797.0,11,63,32131.0,Y,13372.41,current,M,53,MEDIUM,29.700000000000003,3,864.0,1,15.0
10262,7372,110023.0,7158.0,20098.0,20391.94,19091.01,4769.0,15631.0,29.0,10,17,25,31,17,350000,1,1,1.0,1,67833.35,7216.53,1266.0,20324.0,10302.28,16837.0,77.0,1,65728.0,101218.5,30030.0,6,20,35140.0,20462.76,39825.15,12,1,79744.0,Y,20272.89,current,F,40,MEDIUM,8.0,5,269.0,0,14.0
10263,137,13218.0,2749.26,56085.6,2883.6,3580.16,17657.12,3275.04,10.0,27,9,24,21,1,512000,1,1,1.0,1,5215.0,730000.0,50000.0,1500.0,19373.28,44489.04,42.0,3,10396.0,109546.7,22918.76,8,26,31630.0,189445.58,433122.0,62,106,155169.0,Y,904.65,current,M,55,LOW,3.5,9,574.0,1,2.0
10264,13219,331744.0,49395.18,5430.8,3955.64,3137.4,4033.065,4086.0,17.0,85,23,2,3,1,359000,1,1,1.0,1,54860.05,244113.72,96558.0,5464.0,19999.48,61114.04,2.0,35,28595.0,8746.5,77072.0,7,82,21992.0,38619.63,37740.0,5,58,64254.0,Y,3287.8,current,M,33,MEDIUM,9.1,5,683.0,1,8.0
10265,18569,325608.0,9348.0,5504.0,12522.0,2223.05,17355.0,6488.0,5.0,6,87,1,55,4,453000,1,1,1.0,1,1664.4,506383.85,300500.0,0.0,33383.0,30951.5,18.0,31,39935.0,66070.61,40217.0,2,67,42166.0,47985.69,19637.0,117,22,103893.0,Y,26.35,saving,F,34,MEDIUM,9.8,1,268.0,1,16.0
10266,18684,7982.0,7574.04,5097.46,4634.0,3157.52,2757.56,699.1,1.0,77,87,4,62,42,579000,1,1,1.0,1,55700.0,17000.0,3570.0,903.0,41917.53,26595.0,32.0,23,110692.68,52761.59,36651.0,2,12,12977.0,56198.75,43067.0,117,18,29867.0,Y,11595.28,current,M,27,MEDIUM,7.0,5,626.0,0,8.0
10267,14982,15484.0,14644.43,1568.0,1475.85,3112.37,4910.31,2109.0,4.0,29,72,2,62,2,510000,1,1,1.0,1,101891.25,90829.65,155205.0,3735.0,72718.8,20400.0,16.0,4,38813.0,234952.78,54103.0,0,27,20513.0,48453.75,132963.0,41,79,22805.0,Y,2882.85,current,M,37,MEDIUM,8.5,3,374.0,0,4.0
10268,11507,3168.0,4897.0,15524.19,1670.0,1131.23,10342.12,2871.0,14.0,8,14,7,25,10,104000,1,1,1.0,1,530797.35,17000.0,73217.0,2000.0,50654.97,51011.37,42.0,17,17322.0,44004.38,13459.0,1,82,22025.0,181009.25,20835.0,11,120,96193.0,Y,608.1,current,F,27,MEDIUM,3.5,8,372.0,1,18.0
10269,16613,8293.0,40839.09,1446.01,5677.02,1864.29,6971.8,4305.09,67.0,23,47,2,7,1,155000,1,1,1.0,1,25976.2,64491.0,597.0,-5942.0,100904.0,55814.0,36.0,7,26502.0,42698.38,165166.0,17,21,276063.0,53971.54,25828.75,1,11,36242.0,Y,3465.71,saving,M,53,MEDIUM,19.8,10,743.0,1,18.0
10270,2033,1592.0,5924.23,25065.34,60539.0,8697.0,4129.0,15856.0,18.0,10,653,2,12,70,19000,1,1,1.0,1,2184.0,18300.0,3792.0,1332.0,70518.12,5545.0,63.0,17,14.37,428325.89,13601.0,7,11,98599.0,44701.3,51600.6,46,32,17010.0,Y,5319.32,current,M,28,MEDIUM,2.4000000000000004,4,445.0,1,17.0
10271,3269,13201.0,8492.39,2370.0,2667.0,11232.3,1766.095,7987.0,4.0,6,8,2,26,18,520000,1,1,1.0,1,39851.93,52098.99,130000.0,12415.0,15609.19,36855.39,4.0,13,38796.0,28412.37,104516.24,0,7,52341.0,32813.83,108056.09,8,104,58651.0,Y,78.6,saving,M,40,MEDIUM,18.0,10,424.0,1,12.0
10272,2394,3990.0,2795.45,3370.64,8372.0,3233.5,2108.78,2329.0,1.0,47,67,1,21,67,59000,1,1,1.0,1,116122.65,50700.0,1018.0,5341.0,419275.64,35706.8,39.0,3,100637.24,8910.0,40770.0,1,75,57778.0,34678.92,169.0,10,113,60449.0,Y,28837.75,current,M,29,MEDIUM,9.0,2,966.0,1,17.0
10273,15715,307686.0,5319.0,23561.21,1884.75,2832.0,5505.52,3547.63,5.0,1,50,25,17,79,272000,1,1,1.0,1,5688.0,150000.0,15654.0,2000.0,74859.67,19785.0,42.0,36,57080.0,16758.94,29139.0,2,81,34039.0,48453.75,79228.0,6,83,32113.0,Y,14010.35,saving,M,37,LOW,1.7000000000000002,4,708.0,0,8.0
10274,10797,2804.0,3740.0,1285.0,2786.84,3179.91,6111.04,10111.2,56.0,10,23,1,5,4,35000,1,1,1.0,1,199690.5,10947.0,73217.0,0.0,17798.0,65883.57,38.0,1,25731.0,14059.41,22789.0,42,1,25666.0,52503.52,188526.0,3,0,20859.0,Y,26.69,current,F,46,MEDIUM,7.800000000000001,1,554.0,1,15.0
10275,10520,17643.0,12233.97,703.0,35690.17,502.0,4494.0,3096.1,3.0,5,10,25,15,2,68000,1,1,1.0,1,4230125.0,992890.32,1266.0,10210.0,442845.17,18065.58,46.0,0,34400.0,11633.27,68862.5,0,77,31078.0,131680.0,19235.5,9,9,33410.0,Y,602.7,saving,M,47,MEDIUM,13.5,5,700.0,0,8.0
10276,13634,13141.0,5066.0,49725.0,5028.33,1168.0,12255.0,2209.0,57.0,18,5,3,3,55,240000,1,1,1.0,1,33784.35,12257.0,5981.0,4795.0,874981.43,40624.0,103.0,3,52082.0,158566.63,34297.0,7,42,108000.0,72264.16,39291.0,4,113,50083.0,Y,3655.54,current,M,31,MEDIUM,11.0,6,123.0,0,16.0
10277,6604,13036.0,6070.67,4941.84,6694.0,3663.56,3937.0,2223.95,44.0,1,112,1,16,26,423000,1,1,1.0,1,13762.5,11772.76,6100.0,-4664.0,105857.85,115889.0,1.0,3,16801.0,37308.06,82174.0,2,8,67363.54,26289.67,87303.29,5,11,27420.0,Y,6195.93,current,M,28,MEDIUM,8.0,7,753.0,1,5.0
10278,16819,10278.0,1726.045,2266.0,9145.39,4618.0,6348.5,1873.0,19.0,20,89,48,11,5,170000,1,1,1.0,1,41883.6,385218.7,13873.0,1079.0,29813.39,1899.0,3.0,2,31105.3,49953.29,35717.0,1,78,249900.0,60428.39,21823.0,93,13,12645.0,Y,2293.31,current,M,30,MEDIUM,3.0,5,737.0,0,7.0
10279,15043,9300.0,25312.18,2289.0,48294.09,1935.76,11588.5,2912.0,7.0,128,50,2,7,64,406000,1,1,1.0,1,15279.79,610000.0,27809.0,1411.0,140.25,97647.0,11.0,1,28882.0,175123.95,11189.0,1,23,24338.0,46607.07,36041.0,12,103,23900.0,Y,6003.5,current,M,42,MEDIUM,6.6000000000000005,9,355.0,1,10.0
10280,6946,1118.0,17093.12,5614.0,6120.0,2801.36,934.29,620.0,26.0,77,1,1,2,44,193730,1,1,1.0,1,81284.7,75000.0,13873.0,5464.0,54838.95,45326.0,103.0,26,19288.0,48802.17,27175.0,6,108,18626.0,119366.16,28507.0,47,11,21090.0,Y,14952.39,current,M,42,LOW,17.6,4,523.0,0,5.0
10281,403,3718.0,25874.0,4119.6,17607.09,20453.05,23551.81,7480.0,2.0,26,16,2,3,34,352000,1,1,1.0,1,13730.0,43397.0,12000.0,7478.0,39363.38,62218.0,0.0,4,41699.0,116899.24,21574.74,20,8,36000.0,7628.92,21038.0,6,24,147732.0,Y,7229.19,saving,F,30,MEDIUM,10.0,3,614.0,1,17.0
10282,4282,17626.0,24598.37,1080.0,10501.29,6083.75,27894.0,8250.0,60.0,77,11,24,11,80,202500,1,1,1.0,1,2984.1,11982.0,33774.0,5730.0,58413.23,27226.0,11.0,3,130268.0,26001.34,24552.79,2,20,14334.0,4844.0,53736.0,6,124,45228.0,Y,6170.93,current,F,27,LOW,1.4000000000000001,1,623.0,0,6.0
10283,19485,313154.0,1263.32,13208.44,5342.39,6841.3,11712.0,3390.0,2.0,10,67,41,55,47,520000,1,1,1.0,1,168.75,60481.0,11379.0,12965.0,120381.21,146093.0,16.0,2,21309.0,55716.0,3968.0,6,20,61725.0,43449.4,261486.0,3,106,2368.0,Y,2200.31,current,M,33,MEDIUM,7.800000000000001,1,249.0,1,9.0
10284,3871,9840.0,1271.87,7223.0,7564.41,94243.29,29711.02,956.0,531.0,1,16,25,1,20,100000,1,1,1.0,1,111.4,278360.16,25524.0,0.0,31944.0,86889.0,63.0,2,28421.0,23025.95,40662.0,3,82,6895.0,37285.44,77341.0,12,7,75889.0,Y,719.37,saving,M,47,HIGH,27.0,10,486.0,1,16.0
10285,10890,404101.0,18285.68,1597.54,1016.84,4986.15,6237.045,4446.0,8.0,18,89,41,15,12,154000,1,1,1.0,1,937.0,400000.0,14754.0,5730.0,40364.0,146093.0,24.0,1,49050.0,44837.55,322604.5,2,9,36959.0,46918.37,96276.75,36,57,40255.0,Y,604.67,saving,M,27,MEDIUM,5.6000000000000005,6,505.0,1,14.0
10286,1375,16610.0,19008.52,8193.0,4191.07,525.0,847.0,12842.45,10.0,10,50,6,2,4,100000,1,1,1.0,1,300794.1,35000.0,631.0,4889.0,14717.75,40589.0,91.0,4,23833.0,93416.52,27230.5,9,108,198087.0,23352.58,139871.29,9,18,15088.0,Y,104.86,current,M,47,LOW,10.8,1,516.0,1,6.0
10287,10681,2245.0,8218.61,6137.6,30409.0,1939.0,3145.0,2829.0,2.0,14,74,7,1,36,190000,1,1,1.0,1,238733.0,82907.34,539.0,5350.0,39442.8,33057.0,69.0,31,52341.0,726.0,19334.0,1,20,87393.63,21208.0,57636.0,14,63,42344.0,Y,1620.51,current,M,62,MEDIUM,33.6,1,882.0,1,6.0
10288,19554,15277.0,8443.93,633.0,3195.0,2899.0,53671.0,16846.0,6.0,9,3,1,1,44,391000,1,1,1.0,1,9646.5,197800.0,519.0,-4664.0,9513.0,11120.0,42.0,5,18706.0,36797.37,238574.0,5,25,19247.0,47403.0,22463.0,94,13,23330.0,Y,17489.19,current,M,66,MEDIUM,13.8,8,554.0,1,10.0
10289,15859,19776.0,36468.53,5739.0,1976.63,1246.0,9602.485,197.0,14.0,66,112,24,26,3,293000,1,1,1.0,1,1664.4,15000.0,183999.0,5773.0,37277.56,481162.0,22.0,2,175438.0,25935.76,37129.0,5,87,125912.0,58756.0,67902.58,41,50,32650.0,Y,1492.11,saving,M,55,MEDIUM,24.5,2,748.0,1,19.0
10290,7721,6910.0,27588.0,4290.0,6728.56,4241.0,315.0,15250.33,57.0,65,4,1,46,10,59000,1,1,1.0,1,124064.65,134000.0,56305.0,1332.0,24937.31,45832.0,36.0,4,22604.0,27714.06,68447.0,5,89,42133.0,24551.0,100030.35,6,42,31512.0,Y,935086.81,current,M,49,MEDIUM,5.800000000000001,6,855.0,0,6.0
10291,14471,9543.0,57828.63,632.0,4280.7,2223.05,2955.0,4094.0,19.0,10,64,20,6,55,19000,1,1,1.0,1,68908.5,120000.0,13873.0,14509.0,152306.5,55298.0,4.0,4,53399.0,17826.58,37123.0,1,2,3125.0,93954.19,304389.0,2,18,60896.0,Y,79.07,current,F,35,MEDIUM,12.0,4,867.0,0,13.0
10292,5115,323202.0,10351.55,3151.5,16982.76,3106.25,2139.25,8214.0,57.0,30,2,1,1,58,358000,1,1,1.0,1,165907.57,1543.85,49975.0,1465.0,17899.5,40222.0,12.0,19,38518.4,2129.0,81222.0,50,70,28173.0,61862.0,10150.0,58,32,28506.0,Y,738.65,current,F,35,MEDIUM,9.0,6,566.0,0,13.0
10293,9840,2065.0,16838.5,14954.46,6013.07,4151.6,56737.07,5808.68,10.0,65,48,48,17,8,271000,1,1,1.0,1,105453.65,1971236.9,155205.0,10455.0,28691.43,33065.0,46.0,3,40860.0,25084.0,128915.0,9,108,18372.0,93173.0,22488.0,2,73,17983.0,Y,8610.32,current,M,40,LOW,8.0,9,623.0,1,17.0
10294,18222,168647.0,10707.0,23128.0,45486.0,14758.0,24832.19,43473.0,4.0,20,50,19,26,36,120500,1,1,1.0,1,1105487.1,1372927.14,30000.0,-4324.0,24870.59,89265.0,57.0,3,122017.65,121250.4,13634.5,2,29,55223.0,50901.9,50556.0,5,58,69267.0,Y,8601.27,current,M,27,MEDIUM,6.300000000000001,6,516.0,0,7.0
10295,2739,299246.0,41161.12,709.0,22856.0,890.69,2256.0,11432.0,8.0,65,47,4,1,3,263000,1,1,1.0,1,12850544.36,116000.0,3975.0,-12179.0,37598.77,90339.0,10.0,19,203689.35,53325.63,55098.0,0,8,468.0,73233.51,10047.0,3,10,28437.0,Y,405.12,current,M,32,MEDIUM,9.600000000000001,4,249.0,0,8.0
10296,4407,5701.0,7412.64,41762.0,35893.3,1072.84,8929.595,1911.0,10.0,93,7,1,3,68,46000,1,1,1.0,1,885.55,674291.83,36114.0,12415.0,73194.89,66352.0,1.0,11,17328.0,40514.12,48159.5,3,171,5300.0,90512.34,1026939.5,9,6,15088.0,Y,1328.18,current,F,32,LOW,1.2000000000000002,7,855.0,1,17.0
10297,13923,1657.0,9561.53,13166.4,4280.7,5312.0,1392.0,4141.0,7.0,99,4,10,3,47,595000,1,1,1.0,1,9118.35,2300000.0,536.0,3897.0,36167.81,29700.0,18.0,3,31900.0,57563.63,34380.24,0,8,113678.0,40745.5,49450.0,11,0,103468.0,Y,178.6,current,F,62,HIGH,16.8,6,371.0,1,20.0
10298,5625,15259.0,1949.0,4667.0,19137.69,496.06,2543.0,2144.0,19.0,3,64,7,5,31,28000,1,1,1.0,1,55458.53,93.35,3975.0,5340.0,77138.88,161988.11,147.0,4,132840.15,17010.22,417819.45,9,24,38772.0,50065.0,26333.79,58,104,79751.0,Y,524.02,current,M,44,MEDIUM,7.2,3,698.0,1,16.0
10299,6682,1228.0,54957.195,6189.0,12544.99,2094.22,41165.835,17889.0,24.0,30,20,3,1,98,267000,1,1,1.0,1,31454.1,465000.0,1727.0,20513.0,88703.29,64279.0,87.0,4,17175.0,82470.32,7076.87,23,20,17566.0,330745.44,83805.0,6,11,52653.0,Y,6077.25,current,M,33,MEDIUM,7.800000000000001,3,638.0,0,5.0
10300,18464,99925.0,5599.52,1082.9,46153.95,489.72,438.0,7223.4,28.0,6,47,22,21,22,199999,1,1,1.0,1,2184.0,470000.0,30011.0,5464.0,89109.0,19328.0,11.0,2,8120.0,35621.12,18105.0,50,59,127098.0,98566.13,70026.0,94,15,29146.0,Y,2527.22,saving,M,33,MEDIUM,3.9000000000000004,3,653.0,1,11.0
10301,13642,315659.0,7935.2,597.01,838.05,26607.0,10829.0,37291.68,7.0,26,29,21,25,98,391000,1,1,1.0,1,2984.1,15036.0,300500.0,12965.0,21090.0,22440.65,12.0,7,20525.0,1441.0,4080.0,47,20,44193.0,74870.75,86205.0,3,106,44255.0,Y,3156.86,current,F,47,MEDIUM,16.2,9,623.0,0,13.0
10302,17937,11778.0,10488.0,5183.42,2325.685,15430.56,10060.0,188.5,10.0,3,9,24,1,1,371000,1,1,1.0,1,1486500.0,98110.0,48500.0,3897.0,124647.9,27082.0,90.0,6,30731.0,50321.38,53131.0,43,82,69009.0,17169.0,31868.5,6,1,48440.0,Y,2803.85,current,M,40,LOW,6.0,1,538.0,0,3.0
10303,15440,20089.0,10895.44,1989.0,21735.8,1538.0,6067.5,1771.0,57.0,5,73,10,1,1,467000,1,1,1.0,1,568.8,5241.0,2130.0,-6885.0,73186.06,110317.02,20.0,5,24516.0,36028.85,77359.57,6,69,52876.0,183852.99,83755.0,21,49,16444.0,Y,5896.13,current,M,42,MEDIUM,4.4,9,883.0,1,16.0
10304,16074,16849.0,10107.38,46980.1,5792.0,4567.0,1640.52,2684.5,1.0,29,23,1,51,11,68000,1,1,1.0,1,39851.93,130660.0,6738.0,5439.0,19240.74,11285.19,46.0,17,92905.0,19082.7,5169.38,6,25,40487.0,17529.0,26487.0,94,2,13795.0,Y,6592.55,current,M,35,MEDIUM,4.5,6,969.0,0,2.0
10305,15050,8249.0,42480.38,31971.03,1792.96,4906.0,3813.5,413.0,63.0,27,84,60,6,3,483000,1,1,1.0,1,331.2,43397.0,38599.0,5773.0,38054.67,19946.0,46.0,17,72304.0,49565.02,289917.38,6,81,21690.0,24166.0,24884.0,2,96,16479.0,Y,22621.56,current,M,47,LOW,13.5,7,883.0,1,7.0
10306,14916,13475.0,17525.13,7158.5,4933.0,3716.0,4216.5,5206.0,44.0,65,44,1,7,11,338000,1,1,1.0,1,1727970.9,267421.4,14754.0,12299.0,17564.25,24562.0,42.0,7,31377.0,15415.0,19900.44,8,20,21078.35,41642.09,69312.0,2,12,2373.0,Y,39725.97,current,F,33,MEDIUM,10.4,1,814.0,0,14.0
10307,7140,19746.0,23055.0,11059.0,6127.04,3637.0,2930.42,2842.0,17.0,66,13,25,6,36,525000,1,1,1.0,1,825.0,175527.8,3000.0,2008.0,35147.25,96454.0,2.0,3,25522.0,2392.39,7908.0,4,13,146554.0,28381.25,33837.0,3,80,44460.0,Y,73133.11,current,M,62,LOW,21.0,1,296.0,0,16.0
10308,7710,124911.0,13620.0,38493.06,241.0,997.0,1146.94,3704.0,101.0,30,50,1,1,37,218000,1,1,1.0,1,1831780.84,350000.0,12337.0,173.0,78073.08,38661.0,52.0,26,78681.0,22939.0,99718.0,0,69,84694.82,39965.9,74358.0,3,25,32768.0,Y,4091.07,current,M,49,MEDIUM,11.600000000000001,7,683.0,1,11.0
10309,3944,3381.0,5183.0,4523.0,1159.86,2715.4,16785.54,19048.0,3.0,4,2,5,3,2,34000,1,1,1.0,1,28844.0,163.14,30000.0,9415.0,11260.25,128378.0,103.0,6,20776.0,5915.0,68061.89,0,82,21606.0,62462.0,645105.75,12,8,40358.0,Y,2847.27,current,M,42,MEDIUM,13.200000000000001,8,867.0,1,11.0
10310,18752,3322.0,7647.0,10830.0,13651.0,1356.12,7479.91,154.0,12.0,26,13,1,1,7,296000,1,1,1.0,1,811.0,64491.0,639.0,2000.0,9760.48,23785.22,11.0,2,58590.0,41008.25,30880.0,2,44,16914.0,128169.35,69074.06,6,0,19850.0,Y,7909.83,current,M,58,MEDIUM,30.400000000000002,2,299.0,0,19.0
10311,16145,343058.0,633.5,3908.94,843.35,4691.0,9118.0,204.0,4.0,99,49,1,26,5,1000000,1,1,1.0,1,15079.5,24703.0,25000.0,-4664.0,50241.0,60551.0,5.0,3,41473.0,64339.95,11047.0,2,50,13001.0,10320.0,87182.0,21,113,24606.0,Y,257.25,current,M,62,MEDIUM,42.0,3,928.0,0,8.0
10312,18466,6975.0,104262.02,2976.72,4754.5,4221.0,3051.75,11886.0,8.0,10,53,18,15,47,302000,1,1,1.0,1,99984.83,152.87,5905.0,-4679.0,60468.54,20297.91,43.0,9,24213.0,20553.92,79933.0,1,13,22836.0,8961.61,27549.0,3,57,24387.0,Y,1674.09,current,M,58,MEDIUM,11.4,1,525.0,0,13.0
10313,3014,20265.0,6987.39,8851.0,3344.93,1643.0,1705.3,1204.12,2.0,2,87,2,5,55,232000,1,1,1.0,1,327324.9,218670.0,19081.0,6613.0,480.0,37257.0,55.0,26,22215.0,5466.26,23444.0,3,67,93879.4,6162.05,47093.79,2,10,11554.0,Y,7490.14,current,M,56,MEDIUM,7.2,2,924.0,1,5.0
10314,10055,9540.0,7248.25,71417.8,24248.08,4143.0,21573.0,2229.0,2.0,9,50,5,1,5,326000,1,1,1.0,1,1234298.9,76157.6,13533.0,5340.0,51013.22,58072.0,6.0,31,10749.0,11461.5,41339.0,1,24,17606.86,23557.7,26151.0,2,1,43378.0,Y,3778.26,current,M,33,HIGH,3.9000000000000004,6,614.0,1,7.0
10315,4942,287042.0,17267.77,813.5,21611.75,180.0,44234.0,270.0,6.0,77,89,4,14,1,421000,1,1,1.0,1,6.164,134890.0,50000.0,-3053.0,29710.33,65974.0,89.0,4,800000.0,71375.0,123499.38,2,63,72011.0,162356.5,162805.0,7,25,9936.97,Y,6543.68,current,M,28,MEDIUM,6.4,8,966.0,0,14.0
10316,16012,16980.0,24252.8,9748.7,3758.4,9478.0,3402.26,12743.0,57.0,84,35,50,3,6,0,1,1,1.0,1,526.25,16375.0,80000.0,8572.0,130362.64,144278.0,42.0,6,67000.0,8128.75,244115.71,5,20,129565.0,348936.99,3160.0,28,32,164.13,Y,10000.34,current,M,46,LOW,7.800000000000001,10,799.0,0,7.0
10317,7383,136540.0,11446.63,19135.0,7526.41,1590.0,5226.2,4203.0,44.0,5,49,2,44,55,408000,1,1,1.0,1,811000.0,1425000.0,641.0,5464.0,85179.99,52940.64,42.0,31,18543.0,35826.7,75658.68,0,104,92420.0,102761.64,17252.0,40,36,20712.0,Y,30110.06,current,M,66,LOW,18.400000000000002,5,700.0,1,10.0
10318,13802,6208.0,14006.03,1390.23,15251.98,3730.2,349.0,1361.0,8.0,36,4,20,55,58,306000,1,1,1.0,1,13849.4,75000.0,925.0,1992.0,52459.58,5802.0,69.0,2,101617.0,30765.85,157095.0,1,171,24744.0,68859.81,38397.0,21,68,19684.0,Y,31.3,saving,M,58,LOW,11.4,1,372.0,1,4.0
10319,16821,12541.0,1983.6,6463.95,14899.53,3259.5,11452.0,1864.0,1.0,36,9,50,25,64,340000,1,1,1.0,1,3950.0,194099.3,5797.0,2921.0,16114.41,40710.86,91.0,3,42893.0,86624.38,50767.0,1,70,58462.0,35473.0,20230.0,8,9,104.0,Y,3190.88,current,M,219,LOW,79.60000000000001,3,883.0,1,4.0
10320,1211,324012.0,6201.4,703.0,8341.29,913.4,2047.18,869.0,1.0,3,29,4,4,2,271000,1,1,1.0,1,8209320.0,234459.4,33330.0,6885.0,31363.0,30642.0,3.0,35,148631.99,20433.0,191988.0,3,20,62861.0,19526.96,45779.0,3,24,58748.0,Y,43935.34,current,M,53,MEDIUM,19.8,8,299.0,1,13.0
10321,213,16599.0,147865.31,10140.5,15415.0,3394.5,18304.59,2404.82,1.0,13,5,47,25,70,233000,1,1,1.0,1,1534.0,2436.91,15477.0,-3625.0,23230.96,209308.0,67.0,19,7700.0,111002.74,35998.01,3,40,31078.0,27078.23,12239.0,58,24,19970.0,Y,1918.92,current,F,66,MEDIUM,41.400000000000006,9,525.0,1,17.0
10322,10710,380.0,38251.75,11335.3,9624.84,3694.0,8291.3,26325.0,44.0,42,7,60,16,54,98000,1,1,1.0,1,2195.28,93.35,519.0,10210.0,10192.0,49746.0,89.0,36,44350.0,136899.75,127072.84,5,23,25578.31,18677.71,64262.79,117,12,42847.0,Y,3933.62,current,M,46,MEDIUM,7.800000000000001,7,506.0,1,10.0
10323,2059,10952.0,8017.56,313.0,6808.19,3793.59,1842.0,13091.23,2.0,10,38,1,25,30,84000,1,1,1.0,1,15079.5,200926.0,51520.0,12415.0,12870.0,46335.0,39.0,3,36520.0,47072.02,78397.0,2,20,27505.0,78047.15,18222.95,4,24,17808.0,Y,2945.28,current,M,35,LOW,9.0,1,488.0,1,16.0
10324,4634,20023.0,1754.1,10829.0,9068.0,4379.0,34017.96,199.0,3.0,18,3,4,15,79,518000,1,1,1.0,1,68640.0,15300.0,28912.0,1954.0,131133.55,67451.0,42.0,26,24100.0,36565.85,29259.0,6,8,67704.0,67520.85,44229.0,2,103,26167.0,Y,4095.53,current,M,67,MEDIUM,18.8,2,710.0,1,3.0
10325,7429,9436.0,2416.22,654.0,25244.7,1871.45,55114.32,428.52,2.0,23,5,1,1,41,39000,1,1,1.0,1,136000.0,86000.0,12000.0,553.0,32369.25,65551.0,11.0,5,7500.0,12963.68,193396.0,47,50,21567.0,32122.83,25551.36,49,12,11117.0,Y,37955.1,saving,M,35,MEDIUM,12.0,1,743.0,1,16.0
10326,312,235351.0,4688.28,3999.0,17599.08,1662.76,6027.0,5378.0,4.0,46,61,42,4,1,53000,1,1,1.0,1,6558.8,119451.0,711.0,6916.0,47924.9,73572.0,63.0,13,19892.0,12120.51,47444.0,1,11,387292.0,67891.35,20056.5,6,58,14707.0,Y,10339.5,current,M,29,MEDIUM,0.9,7,296.0,1,5.0
10327,16741,2711.0,72265.8,48392.0,13325.46,3703.0,4590.285,591.52,20.0,36,5,4,20,26,74100,1,1,1.0,1,1112.4,674291.83,678.0,5773.0,33186.12,72284.18,23.0,7,13533.0,103668.25,75098.0,1,27,11397.0,40437.0,154716.0,58,104,131451.0,Y,5476.13,current,M,221,HIGH,20.1,1,799.0,0,5.0
10328,6788,3479.0,67138.08,1588.0,7267.98,1495.0,12295.0,3134.74,25.0,14,85,53,5,2,390000,1,1,1.0,1,134985.0,76365.24,3850.0,24326.0,48733.0,140382.0,42.0,0,25954.0,14074.73,41022.0,2,82,2986.68,40049.53,14839.78,21,104,86687.0,Y,5763.45,current,M,42,MEDIUM,11.0,7,614.0,0,19.0
10329,6089,16802.0,23996.0,4494.0,3073.0,17735.75,4506.88,233.0,7.0,30,20,50,4,12,20000,1,1,1.0,1,154363.25,482147.0,24094.0,-4664.0,42363.6,44138.0,10.0,43,36860.0,31000.23,46012.0,30,44,50172.95,41464.43,26254.0,47,104,26670.0,Y,11084.29,current,M,38,LOW,7.2,2,866.0,0,4.0
10330,17237,15781.0,37058.82,40556.0,45579.65,892.0,14685.0,4103.19,9.0,81,5,1,1,47,100000,1,1,1.0,1,213557.15,278360.16,1515.0,-6281.37987999999,65181.0,72201.0,7.0,3,39817.41,94532.81,53063.73,1,13,24218.0,38326.87,105446.0,7,63,3684.0,Y,6452.71,current,M,35,MEDIUM,4.5,2,300.0,0,8.0
10331,5829,406820.0,15808.19,12538.0,6245.13,4902.5,1721.0,4284.0,26.0,43,35,18,3,47,58000,1,1,1.0,1,65887.8,40000.0,49975.0,-5998.43994,71952.0,51363.0,70.0,26,67144.0,100473.09,17722.0,9,13,22917.0,18652.52,15794.0,94,13,132833.0,Y,6678.35,current,M,42,HIGH,13.200000000000001,5,914.0,0,11.0
10332,11299,16956.0,9694.0,2328.81,19739.34,18254.0,658.0,3926.0,2.0,10,6,57,36,17,156000,1,1,1.0,1,10562.45,51394.29,8333.0,20513.0,33421.89,39556.0,10.0,13,21215.0,14012.0,8572.0,9,1,62122.0,25568.0,322.13,3,13,131250.0,Y,2136.51,saving,M,40,MEDIUM,6.0,9,623.0,0,8.0
10333,18653,93390.0,5107.825,23902.24,118564.5,12238.6,3517.455,702.95,16.0,65,5,20,9,1,199999,1,1,1.0,1,4720.0,624742.27,15756.0,5773.0,180594.25,33123.0,63.0,3,88500.0,55417.54,12269.0,17,81,22591.0,17511.76,98623.0,58,124,204.07,Y,3916.55,saving,M,42,MEDIUM,15.4,10,974.0,1,7.0
10334,14001,13501.0,4560.07,12701.75,17523.77,3383.0,6807.0,869.65,26.0,37,29,82,6,80,78000,1,1,1.0,1,811.0,114.74,12560.0,-4679.0,120.0,190441.0,5.0,13,18172.0,113664.76,9047.53,4,7,67746.0,55722.0,90855.0,5,87,12647.0,Y,762.99,current,M,40,MEDIUM,18.0,7,683.0,1,19.0
10335,4197,17763.0,29782.59,12633.0,16375.18,1676.0,4582.055,3782.0,57.0,66,72,57,2,30,58000,1,1,1.0,1,42460.6091,222222.0,711.0,1332.0,67655.1,59504.6,29.0,31,38113.0,190301.52,13459.0,70,24,4501.0,41416.88,70100.5,94,22,17980.0,Y,14461.8,current,F,40,MEDIUM,10.0,8,957.0,1,8.0
10336,4969,13985.0,826.8,2878.0,17755.46,6225.0,22486.0,167.0,19.0,3,16,4,31,67,494000,1,1,1.0,1,811110.0,16500.0,2019.0,-4679.0,60244.17,42470.0,62.0,46,47362.0,15712.51,34711.0,1,26,129800.0,44589.76,133831.0,4,0,33241.66,Y,706.24,current,M,47,MEDIUM,24.3,4,656.0,1,20.0
10337,11902,12791.0,13626.0,7209.0,2780.5,6548.0,16121.0,3102.0,17.0,17,46,8,1,37,75000,1,1,1.0,1,238733.0,25404.0,12672.0,1332.0,81477.76,35204.0,18.0,2,70687.0,6850.88,7034.0,6,28,24216.0,34563.76,44251.0,62,14,18425.0,Y,6278.31,saving,F,44,LOW,7.2,6,867.0,0,10.0
10338,9493,403284.0,8251.49,2744.0,21143.66,4913.62,600.31,1385.0,26.0,4,47,1,1,4,395000,1,1,1.0,1,137260.8,15375.23,51520.0,5439.0,4533.0,58763.0,89.0,35,105079.44,18495.78,14404.0,70,36,22340.0,47408.0,20949.0,11,80,49.0,Y,29888.42,current,M,32,MEDIUM,2.4000000000000004,7,883.0,1,13.0
10339,6229,11445.0,22416.37,2509.0,3390.2,6730.0,3447.0,11199.28,6.0,6,44,1,1,1,520000,1,1,1.0,1,1263221.7,32000.0,48950.0,12415.0,33304.57,41289.11,20.0,26,507.0,194.25,137772.0,8,171,3859.0,290.0,35135.0,3,106,88545.0,Y,5938.48,saving,M,58,HIGH,11.4,3,628.0,1,11.0
10340,18337,397493.0,2798.49,586.0,6579.5,1325.0,3057.695,592.0,4.0,10,10,45,6,1,232000,1,1,1.0,1,48422.7,335948.0,54101.0,19765.0,4032.0,49477.73,10.0,13,8560.33,30839.75,51154.75,6,5,34360.0,62772.94,40587.0,38,32,35958.0,Y,6456.34,saving,M,120,MEDIUM,50.0,2,743.0,1,13.0
10341,3196,14955.0,15945.0,5561.33,2355.0,3037.6,2783.8,2683.35,6.0,67,89,18,1,3,17000,1,1,1.0,1,81872.65,150000.0,23500.0,10455.0,45412.5,123507.0,24.0,55,10112.0,15076.6,98255.0,3,27,33321.0,22404.95,14866.0,47,27,196.93,Y,19691.69,saving,M,29,MEDIUM,1.8,3,626.0,1,18.0
10342,6126,1935.0,10218.985,35632.2,11885.85,3617.0,3758.56,546.0,1.0,34,44,2,38,91,382000,1,1,1.0,1,685580.0,464261.6,925.0,-5715.49022999999,31707.61,42334.1,27.0,7,15987.0,978022.03,32315.48,1,20,22254.0,56540.0,41909.0,3,9,47203.52,Y,809610.48,current,M,62,MEDIUM,37.800000000000004,9,268.0,0,15.0
10343,11146,20088.0,16196.92,16802.26,6166.85,128068.22,20587.18,1439.7,531.0,9,4,24,2,12,147000,1,1,1.0,1,12869465.0,63173.17,300500.0,0.0,73693.71,94718.0,16.0,30,17587.0,137373.55,15015.0,6,81,114389.0,25453.45,20166.0,7,32,27084.0,Y,4398.02,current,M,29,LOW,9.0,6,314.0,1,7.0
10344,12577,213306.0,6080.38,19073.0,1677.0,2298.56,3447.0,4702.0,124.0,9,5,3,6,56,219000,1,1,1.0,1,58834.74,1513335.0,2019.0,6885.0,13507.25,36850.0,11.0,30,65290.0,5683.5,60463.0,2,20,63853.0,66616.88,48497.0,4,75,164.13,Y,651.23,current,M,47,MEDIUM,13.5,1,488.0,1,11.0
10345,18507,527.0,13012.0,3994.8,50106.8,1166.0,2439.68,371.0,7.0,99,35,1,55,91,256000,1,1,1.0,1,4230125.0,108788.0,643.0,-5942.0,48775.48,95371.0,18.0,0,24004.0,15401.6,377772.36,1,20,32741.0,4197.0,1509.0,94,32,25075.0,Y,4910.44,current,M,64,LOW,35.2,1,766.0,1,18.0
10346,7816,10794.0,2600.765,2209.0,5287.0,1309.0,17286.0,313.0,9.0,2,50,24,1,55,114000,1,1,1.0,1,9624.6,1423567.1,300000.0,-4679.0,12886.85,99264.0,90.0,7,43078.0,109249.09,35583.01,31,171,144960.0,4044.0,50212.13,21,57,108740.0,Y,1050.22,current,M,49,LOW,29.0,9,464.0,1,18.0
10347,8990,25168.0,3844.5,4950.77,54449.38,1670.25,9378.02,3269.0,10.0,23,3,5,14,16,429000,1,1,1.0,1,1488748.8,71944.5,105000.0,-6885.0,25612.85,43618.0,42.0,30,24620.0,727095.31,56996.0,3,9,36666.0,25453.45,15891.0,4,65,27628.0,Y,2363.7,current,F,32,MEDIUM,6.0,3,245.0,1,12.0
10348,15123,4624.0,60676.29,2651.33,34946.96,1582.0,1960.71,11160.0,8.0,2,4,26,27,2,92000,1,1,1.0,1,165907.57,70164.0,8060.0,553.0,102277.0,58897.03,12.0,3,26023.0,40377.0,119671.0,17,70,14304.0,398790.88,26094.25,11,15,170859.0,Y,2.78,saving,F,35,LOW,6.0,7,537.0,1,17.0
10349,8741,10442.0,794.0,83.0,50797.03,9790.0,5347.0,617.0,6.0,77,49,2,14,77,303000,1,1,1.0,1,456.1,189246.0,2156.0,5340.0,19761.91,150976.41,42.0,36,25265.0,47511.37,14396.0,3,82,94655.0,41973.58,336.0,12,73,12647.0,Y,401.79,current,M,49,LOW,20.3,1,957.0,1,5.0
10350,3072,288021.0,67627.94,5028.99,5253.67,9519.88,19493.5,10529.0,26.0,10,3,12,1,75,44000,1,1,1.0,1,39851.93,244483.3,12337.0,0.0,8278.25,26777.0,147.0,23,16968.0,87861.63,39809.0,9,2,68051.0,50196.18,41839.0,9,104,42.0,Y,26.23,current,M,66,MEDIUM,18.400000000000002,6,867.0,0,8.0
10351,14324,18896.0,12551.12,7856.52,4953.5,36542.0,582.0,205.0,124.0,32,7,57,55,80,256000,1,1,1.0,1,47936.43,462011.1,3792.0,3560.0,56693.32,29324.0,7.0,3,39130.0,33987.62,47378.5,70,27,68110.0,44327.66,84805.75,12,8,359.0,Y,98.25,current,M,53,MEDIUM,23.1,5,464.0,1,15.0
10352,17628,6766.0,11401.22,35227.0,16251.37,1828.96,7029.5,2785.0,2.0,18,67,45,56,4,293000,1,1,1.0,1,25976.2,150000.0,12337.0,-5998.43994,33655.75,36454.0,52.0,3,3936.0,273.95,141057.14,3,7,24828.0,25522.0,30582.0,94,38,45887.5,Y,4046.51,saving,M,34,MEDIUM,11.200000000000001,3,799.0,1,16.0
10353,15014,6993.0,12605.95,2749.14,1190.0,9138.14,11586.0,4965.0,6.0,6,4,15,1,53,147000,1,1,1.0,1,13849.4,32000.0,731.0,2921.0,87766.84,24235.0,16.0,2,25430.0,806756.62,52266.0,9,1,34983.0,24739.89,23967.0,21,83,20005.0,Y,5170.65,saving,M,25,MEDIUM,2.5,4,516.0,0,8.0
10354,16975,112747.0,17308.03,10595.0,14162.23,1168.0,13623.0,366.0,10.0,77,19,30,25,11,599000,1,1,1.0,1,9717.55,10903.0,891.0,5464.0,60168.97,56395.19,68.0,19,205235.0,22597.75,20243.0,9,8,41554.0,77069.8,41408.0,43,79,21283.81,Y,9925.36,current,M,28,MEDIUM,5.6000000000000005,8,536.0,0,14.0
10355,1641,135533.0,24727.69,39739.0,10198.07,2109.0,5298.49,1435.6,1.0,2,29,3,2,9,47000,1,1,1.0,1,115.45,22400.0,2019.0,5773.0,10204.25,121641.0,11.0,30,30051.0,43050.63,31971.0,47,14,20032.0,39911.06,4326.41,12,28,30244.0,Y,1923.16,current,M,66,LOW,27.6,8,748.0,1,20.0
10356,7631,6158.0,37395.76,12408.0,29239.46,2167.0,1482.5,13972.0,2.0,3,112,48,1,39,402000,1,1,1.0,1,84446.0,85300.0,787.0,-6885.0,50536.48,25730.0,70.0,4,69995.0,13006.8,123558.62,3,12,57350.0,2631.0,27619.0,94,10,18429.0,Y,3493.84,current,M,37,HIGH,11.9,3,538.0,1,20.0
10357,7868,289569.0,1863.08,622.52,27534.53,2798.29,2245.255,322.21,12.0,6,64,1,18,18,448000,1,1,1.0,1,2173459.0,31000.0,4367.0,6613.0,29414.13,58386.0,42.0,26,52120.0,144262.91,24257.0,1,27,2985.0,41480.01,610809.0,2,18,4137.0,Y,18164.27,current,F,53,HIGH,6.6000000000000005,9,314.0,0,18.0
10358,9610,9481.0,129317.0,4398.5,12206.95,12241.55,3558.16,445.0,7.0,18,20,5,4,79,125000,1,1,1.0,1,871.5,7051.99,183999.0,19765.0,24854.5,119725.0,42.0,4,30676.0,48506.55,9113.0,5,21,67746.0,99847.46,166801.37,5,3,14496.0,Y,3861.47,current,M,29,MEDIUM,8.1,10,503.0,0,2.0
10359,19844,259.0,15601.97,1944.0,2912.0,5381.0,17344.0,387.06,6.0,30,6,48,1,22,568000,1,1,1.0,1,4731.1,180000.0,3975.0,19453.0,22789.42,36559.0,40.0,9,134772.0,136574.75,22665.37,2,82,395300.0,14791.76,20338.0,6,9,8251.0,Y,11340.0,current,F,31,MEDIUM,7.7,8,606.0,0,5.0
10360,19406,297069.0,27572.47,2720.05,23547.0,318.0,8449.0,4519.0,43.0,5,84,2,4,12,483000,1,1,1.0,1,19265.4,51445.0,925.0,3897.0,11463.99,29715.0,46.0,7,9272.0,89632.25,105373.0,2,69,108000.0,75836.66,39519.0,62,58,21267.12,Y,14471.8,current,M,34,LOW,7.0,6,708.0,1,14.0
10361,12925,1461.0,8085.47,1007.2,13418.71,10454.75,41688.0,7285.0,101.0,23,1,48,1,31,375000,1,1,1.0,1,5688.0,267421.4,130000.0,5340.0,27185.11,26749.38,46.0,26,25098.0,41882.76,31660.5,3,82,13120.0,123981.77,23719.0,58,1,331324.0,Y,2675.44,current,M,30,MEDIUM,5.0,10,928.0,1,5.0
10362,10684,3193.0,21034.3,20432.78,20558.0,436.0,3508.0,389.0,1.0,6,112,1,2,70,87000,1,1,1.0,1,106033.05,110135.86,50000.0,6409.0,27084.02,13123.0,10.0,2,80736.0,29654.59,36871.0,7,78,23559.0,87477.14,31840.0,22,58,111000.0,Y,15275.08,current,M,58,LOW,3.8000000000000003,6,426.0,0,5.0
10363,3590,7321.0,5173.87,1004.0,11717.0,5468.23,11170.5,2468.0,19.0,13,135,1,7,1,232000,1,1,1.0,1,291969.2,42723.0,73217.0,886.0,36557.56,798.0,3.0,0,51693.11,44149.66,17217.0,42,25,35083.0,128400.0,14614.0,2,39,310586.0,Y,10095.76,current,M,67,MEDIUM,47.0,1,626.0,1,12.0
10364,4099,576.0,8217.92,986.0,2386.87,364.0,931.0,7038.0,2.0,61,9,42,1,98,453000,1,1,1.0,1,1263221.7,65174.0,1526.0,1079.0,20921.75,24738.5,16.0,36,40977.0,39476.26,91251.0,3,86,49994.25,40865.05,1392.0,47,52,18560.0,Y,2251.06,current,M,61,MEDIUM,32.800000000000004,6,762.0,1,15.0
10365,14261,11154.0,6712.78,72167.0,2412.08,2458.5,11678.415,1138.0,6.0,30,35,17,4,1,337000,1,1,1.0,1,10535967.5,31000.0,33330.0,2351.0,13098.0,5202.0,55.0,4,46438.0,439.0,613284.44,6,12,74020.42,44625.13,3999.0,53,49,30430.0,Y,412.92,current,M,56,MEDIUM,25.200000000000003,7,371.0,0,20.0
10366,13286,16722.0,373.0,2232.0,40643.04,21768.0,9702.54,7581.0,6.0,46,29,18,2,3,510000,1,1,1.0,1,2184.0,100000.0,536.0,-12179.0,78908.0,36442.0,16.0,4,33970.0,4610.0,37832.0,2,49,761557.0,169445.32,82424.0,11,73,72629.0,Y,3112.71,saving,M,28,MEDIUM,1.6,2,968.0,1,7.0
10367,2086,183578.0,9224.79,1804.0,10997.03,4300.25,38125.135,3575.0,46.0,16,13,1,16,58,98000,1,1,1.0,1,39851.93,158000.0,1166.0,1465.0,337419.35,12968.0,46.0,23,104692.0,58664.0,16017.0,42,5,99168.0,18658.02,94137.0,7,58,271257.0,Y,49719.04,saving,M,35,MEDIUM,6.0,6,860.0,1,13.0
10368,17119,8829.0,18000.0,2171.0,12887.0,17692.0,2997.0,21256.33,44.0,84,1,4,56,34,100000,1,1,1.0,1,4110.0,13299.0,30040.0,0.0,18379.8,55083.0,15.0,36,75952.0,29909.0,23051.0,2,23,17613.0,37717.23,16417.0,7,10,27468.0,Y,1187.97,current,M,40,LOW,8.0,2,354.0,1,3.0
10369,16969,9318.0,32987.0,17124.89,45610.91,4094.0,10829.4,26325.0,63.0,4,60,30,6,12,232000,1,1,1.0,1,716556.5,5350.0,2214.0,-4679.0,240998.75,58205.83,49.0,7,44528.0,209101.0,8275.0,3,108,78199.99,19868.39,73.0,7,106,97439.0,Y,1372.95,current,M,33,MEDIUM,3.9000000000000004,3,809.0,1,3.0
10370,10670,84037.0,4955.06,16851.7,4634.0,35084.3,2790.0,2647.0,10.0,601,4,12,9,2,224000,1,1,1.0,1,98062.5,8407.46,8333.0,3735.0,20458.74,113850.67,42.0,1,18520.0,15414.08,100816.0,4,63,19015.0,39678.66,372302.8,94,11,5743.0,Y,220.56,current,M,53,MEDIUM,6.6000000000000005,5,864.0,0,17.0
10371,8509,15204.0,4881.0,534.13,1564.42,364.0,3554.47,2829.0,66.0,22,653,5,37,67,480000,1,1,1.0,1,12869465.0,12257.0,825.0,-5715.49022999999,25051.85,83225.0,6.0,3,33159.0,219565.69,115217.0,2,59,23093.0,43731.0,156779.0,13,63,14065.0,Y,13170.34,saving,M,42,MEDIUM,22.0,5,640.0,0,4.0
10372,9974,6441.0,9058.22,3663.0,21397.88,6455.0,1726.99,2001.0,2.0,10,50,8,4,1,467000,1,1,1.0,1,3101.3,360000.0,12016.0,0.0,52634.0,59304.5,42.0,31,56190.0,21404.04,37676.0,19,6,15875.0,35948.25,56159.0,2,9,27301.0,Y,5702.74,current,M,44,LOW,2.4000000000000004,7,485.0,0,12.0
10373,410,130927.0,2896.57,2372.0,5855.06,3516.0,2264.0,448.0,8.0,6,79,2,37,1,48000,1,1,1.0,1,111.0,157624.24,23032.0,903.0,35721.71,74731.16,3.0,3,12803.0,140757.23,20092.0,10,63,9750.0,67106.54,39678.0,6,0,9784.0,Y,4272.78,current,M,222,LOW,121.2,2,883.0,1,13.0
10374,2791,7536.0,1392.12,1464.95,140648.56,2798.44,6483.0,342.0,2.0,77,72,42,36,1,147000,1,1,1.0,1,115818.74,470000.0,73217.0,6916.0,78224.0,34716.8,35.0,2,33822.3,68281.97,27226.1,1,12,17971.0,96493.15,53613.0,8,0,17694.0,Y,36440.84,current,M,32,MEDIUM,2.4000000000000004,8,485.0,0,11.0
10375,18916,6779.0,8723.58,10190.9,37910.81,7687.0,1697.0,30385.0,67.0,18,72,1,4,16,411000,1,1,1.0,1,1727970.9,25172.0,78309.0,8723.0,91869.67,30913.0,94.0,13,27495.0,4888.21,28740.0,5,78,1322.0,57338.0,49927.0,14,1,24698.0,Y,10405.66,saving,M,29,MEDIUM,5.4,2,428.0,0,15.0
10376,18673,1304.0,426.0,8345.0,107700.0,16064.0,12154.0,15620.69,63.0,32,5,3,6,64,139999,1,1,1.0,1,1488748.8,227697.61,536.0,1500.0,689.0,25944.5,94.0,2,20520.0,95521.85,117753.24,0,7,62256.0,72414.72,18857.0,7,1,155000.0,Y,402.19,current,M,47,MEDIUM,13.5,9,324.0,1,3.0
10377,19685,4610.0,801.92,1625.14,5795.35,12241.55,4281.0,276.0,6.0,10,23,1,1,98,100000,1,1,1.0,1,1482778.95,85058.0,25000.0,5340.0,27323.71,10091.0,11.0,3,31675.0,29209.56,155714.0,7,29,28292.0,39938.66,20508.0,41,73,55411.36,Y,11623.98,current,M,37,MEDIUM,13.600000000000001,2,748.0,1,18.0
10378,6569,32375.0,22949.25,3385.0,4267.65,4062.5,9874.0,4653.01,32.0,22,29,26,4,12,286000,1,1,1.0,1,20747.5,52000.0,11379.0,3735.0,364388.25,15216.0,37.0,3,2235.0,41242.23,69653.0,0,20,8879.0,39524.58,73203.0,6,13,24606.0,Y,3227.45,current,M,28,LOW,4.800000000000001,3,536.0,1,5.0
10379,5659,4388.0,72187.12,4085.08,794.03,10488.0,2074.84,1729.0,7.0,9,49,22,2,79,30000,1,1,1.0,1,8209320.0,397463.9,33774.0,-4612.00977,28926.0,100235.95,10.0,36,39751.0,5403.55,83.3,5,78,97033.0,65776.66,88505.0,12,12,68015.0,Y,132997.39,saving,M,28,MEDIUM,8.0,5,928.0,1,9.0
10380,8902,19549.0,22352.4,9089.0,37485.29,4407.06,2525.39,15292.85,25.0,6,82,1,21,22,520000,1,1,1.0,1,4110.0,60481.0,12337.0,2008.0,1576.07,35439.0,70.0,26,10736.0,198103.53,24237.0,1,12,115384.0,58889.93,75046.0,5,124,54365.0,Y,1915.56,saving,M,27,MEDIUM,0.7000000000000001,9,743.0,1,18.0
10381,5624,1924.0,11994.0,355.0,37625.5,3516.0,1890.38,3095.0,20.0,99,50,4,1,2,188000,1,1,1.0,1,66191.5,197800.0,2156.0,12415.0,67122.91,46218.0,63.0,3,35630.0,14399.89,322627.0,6,63,30784.0,21052.0,18678.29,4,0,241771.0,Y,17687.76,current,M,33,MEDIUM,3.9000000000000004,4,974.0,0,4.0
10382,9261,6215.0,31828.52,1076.5,704.8,17318.47,12585.0,34860.0,7.0,13,35,1,1,80,302000,1,1,1.0,1,223000.0,355000.0,2184.0,8362.0,29655.5,35598.0,94.0,3,147003.0,18536.57,270315.24,4,23,105.84,7794.76,81479.0,14,80,38901.0,Y,890.99,current,M,27,MEDIUM,3.5,4,802.0,1,2.0
10383,9628,2356.0,18420.83,2233.86,14105.82,12277.68,15931.6,3384.41,18.0,85,49,41,1,2,232000,1,1,1.0,1,20141240.0,51850.0,583.0,2351.0,59387.0,45511.0,11.0,3,18720.0,190609.7,378381.0,3,14,26645.0,11041.07,30947.81,3,63,26304.0,Y,8197.68,saving,M,47,HIGH,8.1,10,882.0,1,4.0
10384,8053,16997.0,1941.46,3099.0,13396.0,2369.5,1750.0,2683.35,9.0,47,38,18,51,54,290000,1,1,1.0,1,10006.2,128314.74,13873.0,-5942.0,90721.04,19289.0,4.0,9,21298.0,64863.77,21096.0,1,2,34327.0,684748.16,76949.0,62,24,18291.0,Y,4943.44,current,F,28,LOW,2.4000000000000004,6,330.0,1,13.0
10385,1408,325286.0,6045.34,4299.0,3616.92,5995.0,5823.01,141.0,50.0,19,27,3,6,11,301000,1,1,1.0,1,6440.0,380000.0,73217.0,3735.0,33738.56,46141.48,9.0,7,9126.97,49565.02,62372.0,43,7,50050.0,41923.98,64084.0,6,11,117683.0,Y,1924.5,saving,M,39,MEDIUM,13.3,10,445.0,0,15.0
10386,217,1705.0,888.92,5311.0,40849.04,5282.0,5392.0,163.0,92.0,128,7,6,26,1,198000,1,1,1.0,1,1424.5,500000.0,2644.0,2921.0,16583.6,40950.01,70.0,4,48991.0,92976.87,49650.74,45,86,38861.0,21554.64,95145.0,6,1,25485.0,Y,568.48,current,M,55,MEDIUM,3.5,10,519.0,1,16.0
10387,775,10012.0,10079.11,3473.0,28874.94,2157.0,26789.86,3978.0,16.0,23,60,2,9,17,520000,1,1,1.0,1,9624.6,545000.0,925.0,2351.0,31189.97,48029.0,11.0,1,18683.0,219565.69,131888.0,30,25,9265.0,10196.0,25575.0,5,120,18524.0,Y,4262.91,current,M,53,HIGH,26.400000000000002,2,658.0,0,9.0
10388,5888,9360.0,16697.0,35971.0,15904.0,2133.79,5291.0,17358.0,1.0,83,9,17,3,13,218000,1,1,1.0,1,3101.3,1024477.47,20887.0,5350.0,36478.96,370428.0,70.0,0,49803.0,48581.83,26239.15,3,25,1125.0,37767.66,20493.0,8,9,27223.0,Y,1364.13,current,M,56,MEDIUM,21.6,6,505.0,1,5.0
10389,10524,11795.0,30484.35,10527.25,4850.83,63028.1,95.0,1065.0,63.0,47,7,3,4,56,58000,1,1,1.0,1,670875.0,429273.4,25000.0,1411.0,55925.25,279.0,4.0,7,77803.5,37809.48,13175.75,43,4,31462.0,36507.5,51324.25,8,58,15300.0,Y,3569.45,current,M,35,LOW,1.5,9,355.0,0,5.0
10390,12574,223404.0,4787.0,3475.4,3461.0,17318.47,11752.2,2575.38,6.0,23,60,20,27,10,429000,1,1,1.0,1,496065.0,82907.34,49975.0,2921.0,34063.15,50792.0,3.0,2,21298.0,13378.0,22636.0,70,8,27394.6,15439.29,315309.0,2,103,26933.0,Y,6243.86,current,M,30,MEDIUM,8.0,10,710.0,1,9.0
10391,14231,10177.0,16819.4,808.3,4784.0,20024.0,6348.5,2229.5,2.0,26,74,6,1,11,533000,1,1,1.0,1,3967.5,19000.0,908.0,2008.0,42425.0,154243.0,18.0,15,19249.0,10439.25,114418.0,4,1,107088.0,11391.41,28751.0,41,113,691984.71,Y,20080.63,current,M,42,MEDIUM,13.200000000000001,5,969.0,1,5.0
10392,9678,292860.0,10917.33,276.25,5001.5,798.0,14614.03,2684.5,12.0,34,49,1,18,47,54000,1,1,1.0,1,881.0,253000.0,694.0,-4324.0,15880.75,24574.69,39.0,5,18807.0,19913.75,40302.68,17,27,4407.0,21323.38,61223.0,2,11,19869.0,Y,11131.41,saving,M,33,LOW,10.4,3,488.0,0,13.0
10393,15237,1880.0,21704.25,1181.6,71666.13,276.0,1146.94,5263.0,4.0,85,9,2,44,2,167000,1,1,1.0,1,4400.0,222222.0,12337.0,2500.0,20367.33,2184.0,46.0,36,49223.0,27302.72,112350.35,47,8,17680.0,67520.85,91293.13,6,38,9666.0,Y,4448.7,current,M,33,MEDIUM,1.3,4,969.0,1,20.0
10394,12700,13158.0,11178.01,2509.0,10324.0,1688.64,9971.0,1255.52,19.0,71,35,1,56,4,423000,1,1,1.0,1,63247.65,267421.4,25524.0,167.0,85228.96,83403.0,4.0,3,41103.0,15576.5,31350.0,43,2,29289.0,26232.43,119672.25,3,11,94229.06,Y,7970.12,current,M,42,HIGH,11.0,3,536.0,1,7.0
10395,17144,11196.0,28150.0,3404.0,3569.0,440.51,6060.4,441.0,1.0,2,4,8,71,1,48000,1,1,1.0,1,12510.0,53749.0,50000.0,5340.0,180252.33,35706.8,42.0,2,20955.0,1263.9,1622.0,6,21,205706.0,270168.88,12738.74,21,36,40030.0,Y,940.3,current,M,58,LOW,26.6,8,593.0,1,13.0
10396,940,15027.0,662.8,201544.79,43109.56,10407.5,4878.875,212.44,43.0,36,27,24,1,3,267000,1,1,1.0,1,250631.8,31000.0,73501.0,-3506.17993,47259.42,100275.0,16.0,3,26954.0,34221.64,188474.71,12,70,21220.0,38391.67,311171.2,13,113,62966.0,Y,1791.56,current,M,30,HIGH,9.0,6,748.0,1,8.0
10397,6796,16655.0,37984.7,22381.06,3467.66,7813.0,18517.0,10111.2,19.0,11,653,5,6,79,225000,1,1,1.0,1,33111020.0,19000.0,36114.0,171.0,38595.05,36933.0,69.0,9,35274.0,47682.0,296967.0,1,24,2883.0,171627.18,77341.0,4,0,31250.0,Y,109.72,current,M,69,MEDIUM,34.300000000000004,8,314.0,1,6.0
10398,18324,8178.0,12569.83,1191.0,2866.32,3994.58,7513.505,12272.22,1.0,83,82,2,15,64,359000,1,1,1.0,1,2.13,90829.65,46000.0,5464.0,213.25,41187.76,7.0,5,43554.0,22295.62,50985.13,2,63,24703.47,43669.28,78188.0,2,21,350442.0,Y,6146.75,current,M,53,MEDIUM,19.8,2,535.0,1,16.0
10399,18762,3135.0,36606.0,3272.0,5153.61,5365.87,11971.34,3327.0,7.0,11,47,1,16,11,505000,1,1,1.0,1,3070.5,33668.0,38599.0,6613.0,103219.52,178461.0,29.0,5,481.93,101151.78,101134.0,4,25,18119.0,41053.67,25143.0,22,11,16694.0,Y,9207.16,current,M,29,HIGH,5.4,5,867.0,0,17.0
10400,19557,39188.0,51167.75,979.0,75694.88,4189.19,5017.63,3487.61,1.0,71,35,4,3,6,371000,1,1,1.0,1,13924.0,191000.0,4812.0,1014.0,58435.09,37250.0,32.0,15,27652.0,23409.0,30167.0,6,20,50087.0,37478.91,25044.2,16,68,36221.0,Y,11337.66,current,M,33,MEDIUM,1.3,3,969.0,1,20.0
10401,12976,130332.0,18433.98,8152.0,6627.0,6904.13,1093.08,956.0,10.0,50,11,4,5,18,533000,1,1,1.0,1,134985.0,13299.0,25000.0,6885.0,74676.55,272193.35,18.0,2,3000000.0,35553.77,69768.0,3,20,24398.67,31678.99,29539.0,3,15,83.0,Y,1612.3,current,M,33,MEDIUM,9.1,9,606.0,1,18.0
10402,11609,5935.0,13931.0,2037.38,6993.74,44371.4,1950.37,1533.0,4.0,128,16,1,31,30,58000,1,1,1.0,1,95.0,50000.0,30011.0,2337.0,140600.1,150343.41,40.0,7,18305.0,20601.25,40810.0,1,20,86800.0,304871.68,26330.07,19,104,26527.0,Y,7192.79,current,M,33,MEDIUM,10.4,6,748.0,0,6.0
10403,19789,44618.0,10243.76,7509.01,19635.7,4402.34,18453.96,2742.5,4.0,3,23,24,2,1,195000,1,1,1.0,1,5383.25,64491.0,16004.0,5730.0,22071.66,68826.13,77.0,13,59801.0,51656.36,61853.0,7,29,510.0,93931.75,78134.81,21,12,170802.0,Y,452.47,current,M,28,MEDIUM,7.2,8,928.0,1,2.0
10404,16254,90170.0,9377.3,6348.7,1567.71,9120.0,8368.0,205.0,4.0,1,49,50,1,34,272000,1,1,1.0,1,213557.15,455873.9,539.0,6916.0,37386.39,55062.98,46.0,19,28700.0,13249.0,47800.68,31,11,172300.0,55396.1,31475.4,36,113,63489.0,Y,747.23,saving,M,46,LOW,13.0,10,464.0,1,5.0
10405,4536,1511.0,62441.33,1425.0,4703.4,9914.92,5685.0,4481.14,7.0,3,44,35,6,1,130000,1,1,1.0,1,1982892.29,150000.0,5905.0,1079.0,4032.0,19115.0,2.0,0,65866.0,81186.52,2521.0,9,81,68170.0,67508.91,88736.0,6,50,50187.0,Y,784.73,current,M,28,MEDIUM,2.4000000000000004,9,511.0,1,13.0
10406,8068,7597.0,1408.12,627.1,1665.93,5449.0,2880.44,12842.45,6.0,13,47,5,44,34,429000,1,1,1.0,1,22086.05,152664.0,8333.0,-12179.0,12381.75,45155.9,62.0,33,17838.0,92341.6,17343.66,11,13,28656.0,22242.62,18950.64,117,9,34404.0,Y,7447125.13,current,M,62,MEDIUM,12.600000000000001,9,802.0,1,12.0
10407,17710,10717.0,4977.71,552.0,15167.0,2421.18,55773.26,2274.0,24.0,18,50,4,2,6,74100,1,1,1.0,1,39851.93,343342.9,4367.0,6885.0,34128.25,42012.0,55.0,4,25011.0,67607.72,48806.0,3,17,25195.0,10104.0,63771.0,2,8,112924.0,Y,64959.26,current,M,58,MEDIUM,3.8000000000000003,7,658.0,0,15.0
10408,603,5242.0,2669.0,4345.52,25709.87,3808.66,14629.5,21605.0,44.0,2,87,15,1,30,378000,1,1,1.0,1,5809950.0,31730.49,731.0,-5998.43994,295279.31,33829.27,12.0,36,94.41,61146.05,198519.0,2,50,496256.0,30728.72,32883.02,36,75,250000.0,Y,1001.46,current,M,35,LOW,15.0,2,801.0,1,10.0
10409,18579,402515.0,12462.0,3753.0,3351.0,1675.21,36805.745,7302.0,14.0,65,112,8,1,8,161000,1,1,1.0,1,937.0,35000.0,2156.0,12415.0,102775.72,43144.0,40.0,19,64005.12,15884.27,296967.0,9,14,20696.0,84171.27,1541.0,39,37,71892.0,Y,5874.26,current,M,29,MEDIUM,5.4,5,623.0,0,5.0
10410,4328,17559.0,15826.08,915.0,6787.22,252.0,20065.0,2141.0,7.0,18,87,1,1,80,425000,1,1,1.0,1,8209320.0,39833.19,8417.0,2351.0,66821.68,35087.0,55.0,30,35711.0,61443.57,26882.0,31,31,24398.67,187482.38,578250.0,3,11,32132.0,Y,6798.69,saving,F,47,MEDIUM,24.3,8,249.0,0,7.0
10411,6471,630.0,1834.0,526.01,23907.37,1403.0,2973.75,6504.0,25.0,26,19,50,2,13,461000,1,1,1.0,1,76780.0,267421.4,100000.0,1411.0,30201.42,84848.9,46.0,13,27916.0,36861.28,7918.95,0,25,50002.0,56414.2,37341.0,11,73,65530.0,Y,7202.59,current,M,55,MEDIUM,10.5,7,623.0,0,6.0
10412,19595,15613.0,725.28,60495.0,6612.32,2458.5,26380.0,4971.0,4.0,10,4,4,4,6,98000,1,1,1.0,1,568.8,93.35,183999.0,-5715.49022999999,57824.0,70771.0,70.0,3,9190.0,263711.06,53781.0,43,25,88260.0,21276.92,14562.0,40,20,35971.0,Y,3696.16,saving,F,27,HIGH,7.0,2,640.0,1,8.0
10413,10675,4562.0,3449.97,2600.0,14658.0,1558.0,26812.4,2922.23,14.0,43,50,3,17,56,233000,1,1,1.0,1,1417886.15,446457.0,48950.0,6916.0,76982.65,324.0,18.0,15,70750.0,40994.5,41318.0,9,81,21966.0,131170.29,379.0,8,32,22860.0,Y,4767.43,current,M,30,MEDIUM,8.0,10,796.0,1,15.0
10414,16863,7423.0,12768.23,9923.99,1530.62,10036.18,3404.09,1195.0,2.0,37,23,4,2,2,371000,1,1,1.0,1,192478.0,25404.0,610000.0,4150.0,47005.14,46606.0,4.0,19,48495.0,10631.0,137158.72,2,70,45065.0,16892.28,80965.8,49,18,31292.0,Y,121.95,current,M,53,MEDIUM,9.9,4,249.0,0,15.0
10415,10177,16893.0,60470.41,4402.0,13624.48,2406.0,15426.775,11238.1,7.0,36,6,44,17,47,147000,1,1,1.0,1,208710.8,536874.6,583.0,-5715.49022999999,47005.14,42138.5,18.0,30,288663.0,130530.41,29605.0,4,82,544.0,18250.0,53288.0,3,50,21200.0,Y,847.85,current,M,34,MEDIUM,5.6000000000000005,7,249.0,1,17.0
10416,4333,9939.0,8234.6,3311.0,16957.5,7623.0,6924.75,757.0,10.0,34,1,1,17,47,494000,1,1,1.0,1,668728.4,259582.3,96497.0,24326.0,87723.17,72414.0,11.0,3,21682.0,41347.8,14669.0,3,12,41099.0,52512.27,86410.0,13,49,12193.0,Y,2793.56,current,M,46,LOW,15.600000000000001,1,331.0,0,16.0
10417,17039,22535.0,6509.5,13106.0,2761.14,14298.0,1705.0,1168.0,4.0,7,73,60,21,56,448000,1,1,1.0,1,1859872.2,170989.0,12016.0,3897.0,62205.75,22053.0,91.0,13,28421.0,69417.4,33869.0,3,9,19631.0,22346.5,35726.12,12,11,25000.0,Y,29078.21,current,M,42,MEDIUM,13.200000000000001,3,723.0,1,6.0
10418,664,841.0,22476.0,329.0,41141.0,21195.65,16140.0,1778.0,18.0,3,89,1,51,47,170000,1,1,1.0,1,5308.1,70000.0,30040.0,1429.0,3954.0,67607.88,46.0,17,41531.0,8283.0,87657.0,4,8,129509.0,38724.63,107762.58,40,120,23715.0,Y,2504.19,current,M,37,MEDIUM,11.9,9,746.0,1,5.0
10419,13828,3718.0,28838.33,1176.2,2701.3,5430.58,11971.34,191.0,10.0,47,50,18,4,10,383000,1,1,1.0,1,31845.5,35421.67,230000.0,20324.0,117809.6,21905.0,42.0,26,111759.0,11784.49,176456.7,43,42,99422.75,47007.35,36718.0,3,107,26500.0,Y,3758.47,current,M,55,LOW,28.0,7,801.0,1,3.0
10420,4953,170426.0,12891.74,1985.08,32899.54,942.0,14632.555,1959.08,15.0,34,7,3,5,30,510000,1,1,1.0,1,961924.8,278904.9,2644.0,-5439.0,17114.71,33570.0,18.0,4,61686.0,12338.62,38661.0,2,20,500000.0,599348.98,10712.0,117,83,24038.0,Y,15604.36,current,M,32,MEDIUM,1.2000000000000002,3,799.0,1,17.0
10421,10864,10461.0,10082.24,14614.0,6545.5,28137.35,9180.0,945.0,1.0,32,7,2,1,56,519000,1,1,1.0,1,229435.05,100000.0,550.0,3897.0,14361.48,22046.0,52.0,19,20180.0,96700.46,67370.11,3,20,14278.0,61614.55,19142.0,6,12,350442.0,Y,18649.33,current,M,37,MEDIUM,3.4000000000000004,1,316.0,0,11.0
10422,14510,1830.0,12059.4,2996.0,17482.0,12523.4,45600.5,8038.0,25.0,128,52,1,1,4,359000,1,1,1.0,1,13730.0,191000.0,6000.0,7478.0,31637.15,307.37,11.0,5,21034.0,50625.0,5041.0,3,12,348255.0,44026.0,18021.0,5,50,144000.0,Y,555.0,current,F,38,LOW,7.2,9,233.0,1,7.0
10423,19038,12124.0,1035.14,10208.0,6558.21,5245.0,5502.555,25768.0,7.0,85,4,52,3,37,461000,1,1,1.0,1,50040.0,95000.0,60000.0,6885.0,5945.25,109180.0,11.0,4,125303.0,120517.0,178515.0,31,25,3496.0,42683.5,51185.0,7,25,53524.0,Y,5734.41,current,M,27,MEDIUM,5.6000000000000005,3,736.0,1,15.0
10424,19000,98365.0,2321.44,922.02,8819.0,5178.25,5328.05,5441.0,56.0,1,84,48,1,68,421000,1,1,1.0,1,2.13,32000.0,1255.0,3481.0,24385.5,101488.0,55.0,2,9126.0,35527.13,34486.0,2,63,42637.0,52791.24,6590.0,3,38,110478.5,Y,27647.15,current,M,32,LOW,2.4000000000000004,7,656.0,1,10.0
10425,4911,13261.0,32274.42,3807.0,17713.0,4690.33,4260.27,1644.0,53.0,71,50,10,2,80,139000,1,1,1.0,1,238733.0,20500.0,126001.0,977.0,21934.33,49240.0,16.0,3,6060.0,12848.32,105766.83,70,8,56458.0,119075.73,28918.25,13,79,23594.0,Y,304.23,current,M,38,MEDIUM,18.0,4,536.0,1,17.0
10426,2583,9019.0,3966.0,5415.0,932.0,7854.0,11678.415,2447.56,1.0,6,44,42,18,6,595000,1,1,1.0,1,158135.2,201663.0,29542.0,6441.0,263316.52,12337.0,10.0,3,7293.4,28499.14,495206.0,4,59,59690.0,59191.0,16634.0,3,52,50282.0,Y,1557.79,saving,M,30,MEDIUM,4.0,1,123.0,1,18.0
10427,15210,31683.0,27557.83,3091.1,8884.0,3155.32,2501.38,1015.0,6.0,23,46,18,4,36,408000,1,1,1.0,1,192428.25,11897.0,925.0,4063.0,17564.25,63091.02,103.0,6,53202.0,117567.51,13799.0,11,1,25288.0,48429.23,64314.0,3,12,19846.0,Y,191.1,current,M,56,MEDIUM,18.0,1,372.0,0,3.0
10428,19579,10620.0,8214.14,189.0,5167.71,942.0,3468.5,4351.0,66.0,84,38,50,7,20,366000,1,1,1.0,1,105453.65,27000.0,10635.0,0.0,51481.0,43981.0,11.0,23,24661.0,202735.18,13459.0,2,17,99.36,70380.75,17215.13,12,0,15630.0,Y,525.52,current,F,67,MEDIUM,23.5,2,249.0,0,20.0
10429,8241,329652.0,15086.0,461.0,974.15,3154.0,7645.68,3709.0,6.0,26,61,25,2,1,256000,1,1,1.0,1,1900.0,861640.54,2644.0,418.0,20108.35,123192.0,7.0,3,39329.0,142294.74,36315.0,2,59,28106.0,88315.7,8235.0,6,124,250455.0,Y,2439.86,current,M,30,MEDIUM,5.0,7,503.0,1,20.0
10430,13130,19949.0,33114.33,5928.0,3619.0,4167.44,4780.0,2575.38,63.0,36,50,50,1,1,74100,1,1,1.0,1,13659.0,165916.18,30011.0,7478.0,26700.25,73156.78,10.0,0,28248.15,153501.88,56212.0,42,67,18909.0,64486.12,77745.86,8,9,108697.0,Y,3944.71,saving,M,53,MEDIUM,6.6000000000000005,6,748.0,1,19.0
10431,922,1604.0,14941.0,4432.0,26038.93,1638.0,5732.0,4139.0,6.0,38,27,3,5,2,359000,1,1,1.0,1,124064.65,30453.0,57899.0,14509.0,19013.84,105182.0,6.0,7,45553.0,15867.3,26276.0,3,70,27455.0,37079.84,26141.0,8,17,57260.76,Y,1945.12,current,M,47,HIGH,18.900000000000002,7,883.0,1,6.0
10432,4961,11067.0,26980.575,2076.5,11249.0,680.0,5767.0,11767.49,3.0,29,10,4,16,47,784000,1,1,1.0,1,250631.8,56914.29,3570.0,2500.0,28853.75,70775.0,18.0,4,95545.0,61226.25,57334.5,2,75,54646.0,30558.25,59694.0,3,13,26487.0,Y,1339.92,current,M,58,LOW,30.400000000000002,4,883.0,1,6.0
10433,19801,258847.0,3614.6,1233.0,9634.0,6081.04,6955.845,63745.0,67.0,26,72,60,3,2,67000,1,1,1.0,1,94643.15,7051.99,33774.0,12415.0,135753.18,25446.0,29.0,13,21551.0,6834.7,210164.86,1,8,52122.0,55628.24,660.0,2,32,16634.0,Y,205.51,current,M,29,MEDIUM,7.2,8,723.0,1,19.0
10434,760,20000.0,20453.24,15085.0,4063.0,777.57,3360.165,579.0,8.0,10,110,22,4,2,510000,1,1,1.0,1,385.0,52000.0,69493.0,0.0,194323.25,20413.0,11.0,35,41731.0,95243.83,43640.35,1,38,23483.0,152865.0,145668.0,2,73,181.79,Y,255.62,saving,M,66,MEDIUM,27.6,8,748.0,1,9.0
10435,6632,15575.0,73164.88,11739.0,16202.67,3578.0,12642.88,11991.75,57.0,43,16,30,2,44,249000,1,1,1.0,1,12.19,32714.0,51520.0,6916.0,29195.97,23079.0,52.0,0,33491.0,42875.94,16507.0,1,29,23483.0,20787.9,90797.0,5,42,184.0,Y,7202.67,current,M,42,LOW,11.0,6,523.0,1,13.0
10436,9707,13569.0,4183.09,10829.0,13236.28,1711.0,736.54,2326.0,1.0,61,7,22,15,1,284000,1,1,1.0,1,41883.6,191000.0,16215.0,12163.0,27816.51,41024.43,29.0,36,29455.0,49193.0,220015.0,3,20,47546.0,91484.41,426.75,3,10,27884.0,Y,7566.69,current,M,37,MEDIUM,6.800000000000001,6,505.0,1,5.0
10437,308,15321.0,5362.82,5650.96,9531.0,20101.0,5613.56,3176.0,25.0,25,102,2,27,3,104000,1,1,1.0,1,1859872.2,10000.0,25524.0,8723.0,321846.3,34010.5,4.0,3,21551.0,17468.53,23824.0,1,40,25578.31,36260.01,1768645.21,62,0,85183.0,Y,1680.63,current,M,46,MEDIUM,18.2,7,812.0,0,16.0
10438,6219,9931.0,54939.21,9388.0,105051.03,6864.0,2230.0,4885.75,8.0,23,59,5,14,4,403000,1,1,1.0,1,72937.76,375000.0,19176.0,3897.0,12962.39,100756.0,42.0,31,50721.0,4503.0,222083.0,3,21,52058.0,65436.13,49235.0,10,106,356.0,Y,7242.44,current,M,66,MEDIUM,41.400000000000006,6,818.0,1,15.0
10439,6323,8957.0,7308.805,14202.91,2114.47,576.0,10928.0,2324.0,100.0,29,4,7,3,2,124000,1,1,1.0,1,685580.0,93.35,130000.0,5340.0,17819.0,37144.0,55.0,33,68926.0,92664.58,79782.0,4,171,37604.0,23999.58,78835.03,2,32,28078.0,Y,23924.42,current,M,35,MEDIUM,13.5,2,743.0,1,14.0
10440,15615,19389.0,31781.13,1766.77,3024.84,1122.9,9456.0,15173.75,1.0,1,67,5,3,2,47000,1,1,1.0,1,143383.7,105000.0,300500.0,5730.0,9697.25,30519.5,42.0,1,31914.0,36834.85,48791.94,24,59,110613.0,50650.83,20467.5,94,103,18600.0,Y,15092.7,current,M,33,MEDIUM,1.3,9,503.0,0,19.0
10441,8519,15352.0,12071.0,5979.58,28169.28,1937.9,19747.0,6190.0,28.0,8,23,52,18,26,116000,1,1,1.0,1,37916.0,370000.0,54101.0,0.0,45284.41,54057.0,11.0,5,33221.0,23174.2,176072.0,2,69,51636.0,146674.25,258833.0,18,73,104882.0,Y,5001.44,current,M,32,MEDIUM,2.4000000000000004,4,428.0,1,12.0
10442,3280,2867.0,895.03,1176.2,13940.1,1640.46,20681.5,15173.75,6.0,77,5,3,3,1,329000,1,1,1.0,1,213557.15,992890.32,183999.0,6613.0,1017.91,131576.0,23.0,30,11989.7,2392.39,82692.0,1,44,59500.0,11884.54,29071.79,6,32,20802.0,Y,9144.14,current,M,222,MEDIUM,101.0,6,867.0,1,17.0
10443,2393,2661.0,12693.7,3069.0,19696.17,190.0,4837.24,5244.0,10.0,67,50,26,4,47,256000,1,1,1.0,1,31845.5,376694.91,50000.0,12415.0,75823.36,98207.0,11.0,5,31094.2,33017.0,8033.0,11,59,137000.0,43170.04,74.0,4,11,8769.0,Y,10018.72,current,M,47,MEDIUM,8.1,8,748.0,0,18.0
10444,1935,8997.0,44143.09,5114.2,4077.09,4690.33,1089.0,16846.0,10.0,1,44,1,15,80,750000,1,1,1.0,1,743915.3,43394.0,4458.0,-7652.0,176470.18,1383.0,87.0,19,35085.0,135753.1,25232.0,1,29,30098.0,20912.13,23007.75,2,0,42533.0,Y,5295.12,current,M,37,MEDIUM,5.1000000000000005,2,685.0,1,9.0
10445,2463,2846.0,2557.67,14606.34,6717.42,364.0,3404.09,1715.23,6.0,9,53,5,1,17,483000,1,1,1.0,1,123295.4,65174.0,3570.0,8572.0,66741.91,43010.0,63.0,1,11370.0,51851.87,26882.0,2,20,48281.0,22527.0,160187.0,14,104,25169.0,Y,2027.41,saving,M,55,HIGH,31.5,6,554.0,0,2.0
10446,19114,287698.0,8297.15,11076.94,52798.0,1897.0,1100.0,1999.0,100.0,47,135,1,3,67,479000,1,1,1.0,1,89104.12,1372927.14,96497.0,6916.0,67025.01,65281.0,42.0,5,51270.0,34797.11,9914.0,2,6,127744.0,109680.88,67140.0,13,7,16757.0,Y,12163.45,current,M,35,MEDIUM,7.5,2,535.0,1,20.0
10447,14500,306259.0,61050.0,4093.0,8420.96,49851.01,2449.505,2556.0,53.0,601,35,2,4,1,750000,1,1,1.0,1,26218.0,25404.0,4699.0,1429.0,21093.19,78043.0,4.0,7,18860.0,84221.0,10279.62,43,6,13599.0,18153.79,30390.0,14,22,47748.0,Y,27929.24,current,F,42,LOW,11.0,1,537.0,1,10.0
10448,4758,3492.0,8455.86,3922.0,46535.8,1440.25,14097.0,3487.61,28.0,43,13,1,2,10,155000,1,1,1.0,1,116771.25,589.39,25728.0,-402.0,6326.15,44087.0,52.0,3,14313.0,55990.35,10232.51,0,7,19180.0,15286.5,98719.78,18,49,25394.0,Y,6626.06,current,M,44,MEDIUM,4.800000000000001,9,911.0,1,19.0
10449,2338,5561.0,10822.35,1179.05,1520.15,4045.0,4511.54,1574.0,57.0,30,32,7,25,2,352000,1,1,1.0,1,115818.74,43397.0,2156.0,1444.0,7016.25,54585.0,10.0,7,88890.0,196939.25,13117.0,2,81,21971.0,18970.52,73939.0,3,3,18061.0,Y,3574.27,current,M,44,MEDIUM,21.6,3,486.0,1,2.0
10450,16163,2879.0,7574.04,4856.0,33739.18,525.0,1412.0,445.0,1.0,66,4,2,25,70,114000,1,1,1.0,1,41361.3,2625.16,1273.0,0.0,37663.96,42468.0,15.0,3,6457.0,41161.0,9597.0,20,25,20588.0,63229.59,192411.0,117,79,134946.0,Y,29143.23,current,M,47,MEDIUM,13.5,8,354.0,1,9.0
10451,11179,1739.0,2862.0,3266.31,15365.16,1460.5,3114.5,728.75,7.0,5,4,25,27,2,481000,1,1,1.0,1,568.8,674291.83,39389.0,9827.0,223065.0,58769.0,90.0,36,16804.0,59295.96,104042.0,0,11,89562.0,27166.9,62991.0,49,7,89489.9,Y,594.21,current,M,35,MEDIUM,13.5,10,485.0,1,8.0
10452,14695,1099.0,2313.005,1253.0,4107.0,22738.64,10539.0,1704.52,7.0,14,135,12,62,4,403000,1,1,1.0,1,59703.93,992890.32,25524.0,6885.0,42751.49,51514.0,2.0,11,32312.0,553.5,95502.5,3,82,20238.0,106677.0,43929.1,19,7,11418.0,Y,2528.73,current,M,32,MEDIUM,6.0,3,882.0,1,17.0
10453,4865,5236.0,2299.55,758.0,10303.0,101.0,12054.295,834.0,3.0,34,72,1,1,2,186000,1,1,1.0,1,12.19,11982.0,20000.0,0.0,32057.75,15084.0,16.0,4,30477.1,47397.04,19124.76,8,4,24286.0,41789.73,47820.0,58,12,16749.0,Y,58788.88,current,M,33,MEDIUM,5.2,7,866.0,1,9.0
10454,10364,18613.0,21533.85,3157.0,4259.0,18421.84,11971.34,3771.34,44.0,10,11,1,1,9,520000,1,1,1.0,1,89104.12,385218.7,4699.0,-5715.49022999999,2783.01,23766.0,103.0,15,13244.52,306402.27,252204.0,1,38,34440.0,25552.89,302925.16,4,18,129000.0,Y,3136.07,current,M,63,MEDIUM,12.9,6,299.0,0,9.0
10455,440,112175.0,2508.11,5693.0,2295.0,1446.0,20066.0,23197.0,531.0,1,64,4,1,41,351000,1,1,1.0,1,5383.25,46500.0,43798.0,1444.0,3868.0,58301.0,23.0,55,20480.0,23075.0,116111.21,1,5,14010.0,100517.66,169.0,2,63,31020.0,Y,2176.83,current,F,40,MEDIUM,20.0,6,771.0,1,19.0
10456,6928,15412.0,10194.0,137.0,9581.84,4085.0,4887.12,17167.0,32.0,7,4,2,18,26,587000,1,1,1.0,1,1146.0,1631.11,155205.0,-5715.49022999999,151138.82,87971.41,11.0,15,38893.0,135918.88,69167.0,2,35,20900.0,76682.55,175935.05,117,21,39636.0,Y,25069.07,current,M,35,MEDIUM,6.0,3,805.0,1,4.0
10457,11081,290220.0,3820.54,1073.52,3158.4,11974.77,7995.425,760.72,4.0,66,23,50,45,8,27000,1,1,1.0,1,17402.2,17000.0,105000.0,6916.0,53096.25,141844.0,69.0,35,40484.0,57862.75,188939.0,2,23,63212.62,31732.0,64186.0,2,11,33846.0,Y,11936.48,current,M,53,MEDIUM,33.0,8,353.0,1,15.0
10458,9255,337529.0,16996.475,5391.22,5716.21,56390.5,485.0,3877.52,8.0,36,23,2,4,8,35800,1,1,1.0,1,11878.6,440000.0,10973.0,-6301.0,60545.25,73663.0,70.0,4,35843.0,224289.51,28631.0,0,28,110619.0,39536.94,98228.88,12,110,1460000.0,Y,2026.99,current,M,62,MEDIUM,25.200000000000003,9,638.0,1,11.0
10459,12660,82963.0,5209.19,1105.0,3884.66,10307.84,36669.0,2890.0,6.0,16,89,3,4,8,784000,1,1,1.0,1,33784.35,106398.0,20887.0,173.0,42789.0,132428.0,90.0,6,43720.0,86930.18,55013.11,1,171,22492.0,52138.0,185896.0,11,8,15381.0,Y,4809.16,current,M,31,LOW,2.2,6,683.0,0,13.0
10460,1831,291220.0,2180.5,2407.6,3251.0,29120.57,1875.0,2040.0,5.0,43,10,2,6,18,352000,1,1,1.0,1,153410.0,11897.0,925.0,-12179.0,76782.13,50536.0,16.0,36,19543.0,81456.75,100126.0,43,2,86790.0,42941.81,62026.0,117,25,18180.0,Y,27999.13,current,F,37,MEDIUM,6.800000000000001,1,809.0,1,16.0
10461,14927,5387.0,3534.23,2706.0,33026.66,10246.0,10686.0,3906.69,6.0,93,89,8,2,70,199999,1,1,1.0,1,88.0,68663.61,4699.0,-5998.43994,12602.25,75874.0,11.0,31,66474.0,27668.11,73276.5,2,14,23332.0,26914.14,55153.0,40,24,34779.0,Y,1717.55,current,M,32,HIGH,2.4000000000000004,6,647.0,1,3.0
10462,19594,12806.0,17008.945,68684.77,6654.0,9723.0,4494.0,315.75,2.0,99,67,7,1,79,147000,1,1,1.0,1,120781.35,248710.0,6100.0,0.0,20018.25,5375.0,36.0,1,43378.0,41727.98,41345.0,1,24,33404.0,24122.12,19112.0,93,11,19684.0,Y,6142.08,current,M,32,MEDIUM,4.800000000000001,3,454.0,1,5.0
10463,2979,19724.0,2086.0,1671.0,40754.94,19192.6,4952.0,8683.0,4.0,30,74,1,5,2,329000,1,1,1.0,1,5688.0,201000.0,50000.0,886.0,8576.6,86613.0,2.0,43,28325.0,40024.0,44393.0,9,8,23650.0,63924.08,73719.0,11,42,11846.4,Y,3743.37,saving,M,47,MEDIUM,16.2,2,658.0,0,6.0
10464,10685,290834.0,4081.79,1641.0,1693.66,2716.01,1740.0,167311.0,1.0,11,82,5,4,3,58000,1,1,1.0,1,1674.4,680956.4,3975.0,553.0,35789.48,23092.0,42.0,19,17774.0,14423.4,45068.0,1,14,47034.0,18672.95,100314.0,49,38,47778.0,Y,3784.02,current,M,28,LOW,3.2,9,538.0,1,15.0
10465,6247,6111.0,12891.74,2404.0,15293.91,9404.63,14882.8,3410.73,2.0,2,29,3,2,26,524000,1,1,1.0,1,1053411.2,64491.0,1143.0,8572.0,33185.8,25278.0,24.0,36,56158.0,72357.0,41705.0,43,59,100637.46,22590.0,47938.56,4,12,49.29,Y,4021.99,current,M,34,LOW,12.600000000000001,8,799.0,0,10.0
10466,17882,18802.0,5850.65,12408.0,37150.76,2235.45,1223.0,603.0,44.0,23,14,2,17,70,225000,1,1,1.0,1,6014.12,50000.0,73217.0,2351.0,23847.25,52545.0,46.0,3,65057.0,37550.59,25080.0,31,75,25418.0,196629.13,19508.0,62,7,12794.0,Y,6693.09,current,M,46,MEDIUM,7.800000000000001,8,316.0,0,4.0
10467,4753,8484.0,19666.28,3311.0,17892.36,2880.0,23956.25,41760.88,8.0,29,44,3,4,1,472000,1,1,1.0,1,72383.25,40000.0,891.0,1411.0,54487.47,20208.0,6.0,13,59946.0,48991.52,39268.0,9,38,30700.0,32115.76,63515.0,6,0,85645.92,Y,104770.2,current,M,30,MEDIUM,10.0,7,928.0,0,20.0
10468,2244,10246.0,17085.74,3304.11,4468.28,1934.0,14428.0,4689.21,101.0,36,14,7,27,8,147000,1,1,1.0,1,99984.83,120000.0,2644.0,2921.0,33178.01,202329.0,1.0,13,36633.0,24158.5,156529.61,1,82,37188.0,96763.0,160289.0,19,50,37118.0,Y,14439.64,current,F,42,MEDIUM,4.4,4,656.0,1,16.0
10469,17769,135489.0,16789.52,2910.0,10501.29,122.0,4615.97,2270.0,25.0,36,4,4,15,11,156000,1,1,1.0,1,1235.85,93.35,68000.0,1500.0,62979.88,203819.0,67.0,5,738874.0,130519.0,154160.0,7,50,11707.0,31676.75,115713.0,39,79,22733.0,Y,255.63,current,F,33,LOW,10.4,3,700.0,1,4.0
10470,7441,19312.0,37866.4,19666.0,3461.0,2133.79,4676.0,3685.0,3.0,30,64,2,25,1,471000,1,1,1.0,1,84446.0,64491.0,2156.0,6885.0,30247.88,24067.0,39.0,0,19847.0,140510.85,15532.5,2,40,16787.0,5047.5,112179.0,47,49,24037.0,Y,9723.67,current,M,36,MEDIUM,16.0,4,445.0,1,2.0
10471,1930,14999.0,856.5,8168.26,8411.4,10461.0,15982.715,30020.0,19.0,128,5,18,12,34,575000,1,1,1.0,1,7089.7,185097.6,711.0,3481.0,16715.0,15672.0,32.0,1,7304.0,22614.75,24360.0,7,108,89323.0,153625.75,24213.0,3,24,16594.0,Y,1650.39,current,M,33,MEDIUM,3.9000000000000004,9,860.0,1,14.0
10472,9107,20272.0,13933.26,10039.61,6941.62,15342.0,2743.22,8683.0,5.0,99,6,25,11,3,84000,1,1,1.0,1,7089.7,1030000.0,10973.0,8572.0,93458.47,38433.0,4.0,36,75900.0,28950.5,37978.0,5,8,42741.0,15698.95,26309.0,18,80,103950.0,Y,2421.87,current,M,44,MEDIUM,2.4000000000000004,8,883.0,1,7.0
10473,9570,10898.0,1788.0,10852.0,35412.2,441.0,30165.7,2358.67,44.0,30,4,4,2,1,272000,1,1,1.0,1,1482778.95,482147.0,13873.0,0.0,38191.78,32257.0,29.0,36,121451.0,81477.49,79250.0,47,75,15267.0,106000.25,16545.29,2,11,24914.0,Y,2468.82,current,M,56,MEDIUM,3.6,1,858.0,1,19.0
10474,11763,19306.0,8869.58,12764.0,6996.46,3692.0,14509.0,316.0,7.0,31,27,10,25,4,184000,1,1,1.0,1,23669.0,15395.48,28985.0,167.0,48671.94,281.77,55.0,15,13376.0,10302.62,5120.0,70,27,19096.0,8909.4,507.0,41,103,27988.0,Y,967.45,current,M,55,MEDIUM,3.5,10,315.0,1,7.0
10475,10573,11019.0,8718.0,7944.0,4903.63,3602.0,2924.0,6308.88,1.0,77,61,15,2,42,104000,1,1,1.0,1,154363.25,3.0,96558.0,5464.0,38221.18,57512.0,42.0,7,44739.0,59860.03,71678.5,70,7,51308.0,19426.35,40076.0,2,49,20485.0,Y,31345.8,current,M,28,HIGH,0.8,5,974.0,1,4.0
10476,7682,7194.0,53031.41,2258.31,285.6,5816.0,19823.81,16597.0,6.0,7,7,4,2,20,147000,1,1,1.0,1,12057.2,589.39,16215.0,9415.0,113595.45,49515.0,42.0,7,22580.0,28130.0,146789.26,2,27,18126.0,22747.0,46451.0,18,12,18677.0,Y,10975.65,current,M,47,MEDIUM,21.6,6,639.0,1,19.0
10477,9032,17910.0,15244.78,4915.0,4674.0,2262.0,4779.99,356.0,6.0,1,32,24,1,31,267000,1,1,1.0,1,102.95,1749.29,3792.0,-5439.0,18247.06,155260.0,42.0,4,26330.0,57494.44,48627.0,0,6,1652.62,29074.89,20898.0,3,10,250.0,Y,22289.04,current,M,120,LOW,40.0,8,737.0,1,20.0
10478,5838,310911.0,9265.98,20098.0,10724.78,8642.0,24065.11,772.0,1.0,11,50,2,4,81,555000,1,1,1.0,1,65887.8,350000.0,12000.0,1500.0,13680.76,85227.88,29.0,11,30299.0,52304.78,20422.0,11,20,28234.0,72939.66,299393.5,117,24,19380.0,Y,971.98,current,M,38,MEDIUM,1.8,7,683.0,1,18.0
10479,9609,15856.0,1769.0,3994.8,32897.26,3712.0,19018.17,1654.0,12.0,8,23,3,21,37,461000,1,1,1.0,1,36697150.0,194099.3,50000.0,3421.0,76283.39,55083.0,4.0,9,9190.0,88130.25,13300.0,35,12,41110.0,148965.98,40328.0,43,18,12794.0,Y,712.23,current,F,27,HIGH,2.1,5,372.0,1,19.0
10480,35,286328.0,4021.0,5492.0,3098.5,2700.84,1038.0,2935.0,5.0,1,4,1,18,1,75000,1,1,1.0,1,199690.5,143000.0,73217.0,2921.0,11738.11,423232.0,42.0,15,19107.0,14064.57,55213.0,1,8,51181.0,30018.0,202069.0,62,6,8290.0,Y,5522.7,current,M,38,LOW,9.0,8,882.0,1,3.0
10481,14194,20219.0,8262.59,8228.16,5783.895,3157.52,14904.735,448.0,56.0,8,50,18,15,80,53000,1,1,1.0,1,7089.7,730000.0,15756.0,-5439.0,64332.96,64307.0,46.0,4,116875.22,17413.26,12574.0,3,7,79518.0,17375.99,346367.92,43,58,18013.0,Y,10975.65,current,M,53,MEDIUM,16.5,2,258.0,1,10.0
10482,13468,9340.0,1406.84,1513.0,16844.43,7502.0,39028.0,9331.68,28.0,11,87,10,62,2,114000,1,1,1.0,1,13732.93,674291.83,78309.0,-5998.43994,37525.99,26564.0,4.0,2,21872.0,95016.44,33039.0,1,171,31385.0,180418.51,33200.0,93,24,37645.0,Y,9862.84,current,M,53,MEDIUM,19.8,7,269.0,1,17.0
10483,1960,6982.0,2946.51,917.0,8991.0,4414.76,1501.0,1229.87,24.0,5,67,57,1,1,16000,1,1,1.0,1,21220.0,165970.9,14754.0,5773.0,15646.0,26679.41,147.0,15,18706.0,20108.0,62.37,4,20,22811.2,25568.0,11945.0,117,106,144000.0,Y,863852.46,current,M,60,LOW,4.0,6,247.0,0,18.0
10484,14414,10377.0,25640.44,5909.01,16982.76,1175.0,4049.0,465.0,37.0,30,72,8,48,4,467000,1,1,1.0,1,98062.5,267421.4,908.0,5464.0,68261.4,237577.0,0.0,3,30673.0,173863.66,35413.0,10,20,133548.0,1958.0,249217.0,4,96,16615.0,Y,18390.06,current,M,42,LOW,6.6000000000000005,3,631.0,1,12.0
10485,18664,301244.0,18924.79,3994.8,3667.84,9466.5,6509.0,820.3,43.0,30,62,3,14,13,369000,1,1,1.0,1,5457.0,16363.0,641.0,12415.0,69456.25,96887.0,15.0,2,18750.0,56044.75,92733.0,1,6,348255.0,901043.8,51070.13,2,58,33994.06,Y,5708.13,current,M,60,HIGH,28.0,6,867.0,0,5.0
10486,10560,119848.0,11291.2,1994.0,1421.0,11615.93,6593.12,3303.12,19.0,11,5,20,2,79,147000,1,1,1.0,1,39851.93,117890.0,6100.0,12174.0,61161.72,60221.0,4.0,31,17433.0,42698.38,33620.0,1,25,10000000.0,70767.27,80686.0,4,50,40565.89,Y,787.71,current,M,33,LOW,11.700000000000001,9,394.0,0,20.0
10487,8407,4705.0,2629.61,3538.0,19953.0,13482.9,2062.545,2982.0,18.0,4,60,57,1,4,524000,1,1,1.0,1,158135.2,245000.0,12500.0,8723.0,37819.52,3085.0,29.0,1,17175.0,21899.31,91696.0,4,27,99586.0,36677.27,1522749.68,2,36,149500.0,Y,17057.76,current,M,49,MEDIUM,5.800000000000001,5,922.0,1,7.0
10488,18591,19158.0,6847.5,1725.0,8257.0,23554.0,33211.65,728.75,17.0,77,10,57,46,26,421000,1,1,1.0,1,53374.97,2436.91,73217.0,1411.0,402204.96,32568.0,91.0,5,64923.0,170363.45,53133.0,6,5,47980.0,115313.06,133354.25,3,22,35357.0,Y,1662.97,current,M,37,MEDIUM,8.5,3,536.0,0,11.0
10489,17530,13981.0,2778.41,16379.52,4025.92,68878.55,74803.3,13271.0,12.0,10,10,4,6,98,172000,1,1,1.0,1,754075.0,202560.0,15756.0,26601.0,47149.41,24185.38,35.0,7,28955.0,50298.83,32887.36,2,75,88260.0,28659.0,58458.25,2,96,25947.0,Y,8603.38,current,M,37,LOW,8.5,10,864.0,1,20.0
10490,19862,16305.0,2090.78,7886.0,12735.58,8195.11,7060.0,473.59,6.0,77,29,42,5,98,564000,1,1,1.0,1,68640.0,117890.0,30011.0,1465.0,71082.77,38981.0,16.0,17,45600.0,9183.55,21411.5,50,105,17388.0,57535.98,31597.0,6,49,18640.5,Y,3473.42,saving,M,58,LOW,11.4,3,355.0,1,19.0
10491,10122,14298.0,5214.0,1970.39,21935.22,307.31,15470.0,6234.8,16.0,85,112,1,1,3,375000,1,1,1.0,1,293418.75,397463.9,12000.0,19453.0,245747.75,28137.0,87.0,36,122228.0,20020.75,42528.0,2,8,23017.0,182130.17,53908.0,14,21,41333.0,Y,5431.42,saving,M,60,MEDIUM,20.0,1,801.0,1,18.0
10492,17716,19308.0,427.0,8685.26,811.0,4690.33,2464.0,6324.0,16.0,5,6,2,25,25,552000,1,1,1.0,1,0.35,24703.0,12560.0,12415.0,36559.2,38711.0,1.0,2,14585.0,113.5,68314.0,43,20,107088.0,67233.63,27927.0,2,63,75902.0,Y,1576.67,current,M,34,MEDIUM,8.4,7,638.0,0,7.0
10493,15227,4416.0,887.87,10091.23,2558.5,1653.0,6327.0,12956.0,6.0,128,50,47,26,6,471000,1,1,1.0,1,32951.25,65480.0,72000.0,20513.0,16992.09,61560.0,32.0,3,184710.0,35036.68,35972.0,1,11,34786.0,35493.89,89980.0,13,9,109665.61,Y,2905.79,current,M,220,MEDIUM,60.0,9,535.0,1,16.0
10494,15002,13091.0,2151.71,1493.0,4942.0,9790.0,12458.11,2927.0,14.0,1,7,1,51,41,267000,1,1,1.0,1,299294.61,189246.0,2214.0,1079.0,17626.41,62525.0,1.0,36,17163.0,8773.0,180725.38,1,81,71341.0,27611.37,59883.5,4,52,99402.0,Y,2705.03,current,F,34,MEDIUM,7.0,9,506.0,1,6.0
10495,10541,10918.0,23724.0,1143.95,60454.0,6647.0,2554.0,473.59,25.0,84,5,1,3,64,380000,1,1,1.0,1,223000.0,68663.61,678.0,167.0,46078.42,11095.0,35.0,19,17527.0,37189.16,45792.0,7,42,24896.0,27589.0,180168.0,4,11,37800.0,Y,4536.83,current,M,60,MEDIUM,16.0,2,454.0,1,3.0
10496,16998,6459.0,1058.0,1824.77,632.86,2980.59,3978.015,623.0,17.0,18,29,2,2,41,138000,1,1,1.0,1,496065.0,69370.0,492.0,-4679.0,39847.77,24878.0,90.0,26,52384.0,4238.0,37266.0,3,23,32847.26,348347.31,119421.0,6,63,19904.0,Y,4368.79,saving,M,220,MEDIUM,100.0,8,882.0,1,10.0
10497,7772,17738.0,11339.54,20378.0,10655.12,6438.89,7513.505,8626.22,56.0,43,78,20,56,56,75000,1,1,1.0,1,39851.93,446457.0,25524.0,-5439.0,25348.5,19957.0,10.0,2,205989.0,40266.0,67793.26,6,25,29685.0,18098.47,15520.0,47,24,38130.0,Y,2089.26,current,F,42,LOW,2.2,9,640.0,1,19.0
10498,14325,11484.0,7472.5,10190.9,12909.6,8388.0,50369.0,1991.0,2.0,31,6,1,4,13,587000,1,1,1.0,1,6558.8,5241.0,13533.0,-3506.17993,162787.14,419055.81,62.0,13,97349.0,96522.94,150277.38,1,171,20151.0,19743.19,54329.0,7,104,11752.0,Y,1680.63,current,M,53,LOW,29.700000000000003,1,454.0,0,2.0
10499,329,13831.0,8084.0,3920.0,4612.13,6284.0,13369.0,1955.52,8.0,10,29,57,60,11,293000,1,1,1.0,1,165907.57,470000.0,539.0,1079.0,16419.07,8089.0,46.0,2,67355.0,160408.6,39098.0,5,59,65967.0,28003.6,67222.0,6,13,1251.0,Y,0.46,current,M,63,MEDIUM,38.7,10,737.0,1,7.0
10500,14198,9216.0,3656.0,1573.0,3686.22,26643.0,12334.0,877.0,136.0,36,60,60,2,34,524000,1,1,1.0,1,510.6,64309.52,20000.0,4063.0,127060.19,53212.0,42.0,26,29660.0,18945.88,106251.0,3,12,4890.0,17776.95,57081.0,6,49,16102.59,Y,8482.93,current,M,47,MEDIUM,21.6,1,814.0,1,12.0
10501,7219,1368.0,29881.3,4271.0,6785.0,22344.55,11678.415,3111.0,57.0,36,10,3,2,34,358000,1,1,1.0,1,67833.35,822659.0,126001.0,-12179.0,130858.3,61665.62,70.0,0,40447.0,77404.55,17027.0,1,13,15885.0,53675.37,98401.94,3,28,37413.0,Y,8450.54,current,M,51,LOW,24.8,1,631.0,1,14.0
10502,15888,340303.0,1592.54,3049.0,9426.92,2421.18,15895.75,9682.44,4.0,46,87,8,4,98,345000,1,1,1.0,1,47936.43,210651.4,798.0,16455.0,4054.25,35576.0,40.0,17,12039.0,59965.94,35239.0,31,59,19094.0,27166.9,36035.0,94,61,21515.0,Y,2892.27,current,M,50,HIGH,30.0,3,957.0,1,11.0
10503,13717,5120.0,5740.47,7278.27,1137.0,8682.0,5981.38,12743.0,44.0,6,87,4,15,54,595000,1,1,1.0,1,3101.3,234459.4,30011.0,-3506.17993,14988.24,132489.0,12.0,17,22575.0,37886.38,123736.21,16,12,69052.0,46859.94,70610.0,93,12,26106.0,Y,15089.21,current,M,40,MEDIUM,6.0,8,447.0,1,10.0
10504,7531,294515.0,29625.0,6200.23,3327.0,13735.0,2345.0,587.0,2.0,3,29,18,6,11,375000,1,1,1.0,1,18861.8,65174.0,1611.0,2000.0,33679.21,71866.88,11.0,5,38822.0,167540.03,79387.14,1,28,57350.0,27517.14,238755.16,7,35,26569.0,Y,11358.72,saving,M,38,LOW,12.600000000000001,5,386.0,1,17.0
10505,10795,103535.0,2264.8,10527.25,16052.77,6294.09,11474.0,7240.0,4.0,6,52,1,1,17,263000,1,1,1.0,1,7455797.87,63000.0,2841.0,-4679.0,22902.04,18789.0,8.0,26,69766.0,50426.51,144722.0,1,77,29842.0,55062.51,6441.0,21,25,17557.0,Y,17692.83,current,M,44,MEDIUM,4.800000000000001,1,802.0,1,3.0
10506,4433,2037.0,15481.5,16031.0,38868.48,1754.0,67374.48,22520.0,19.0,32,5,52,46,11,483000,1,1,1.0,1,9649.6,143000.0,1097.0,2921.0,43419.11,46255.0,16.0,2,159847.0,129737.0,536000.0,2,108,30472.0,62072.0,211.0,7,24,41570.0,Y,27583.22,saving,M,33,LOW,3.9000000000000004,7,805.0,1,14.0
10507,6364,14045.0,6327.82,7673.34,37854.48,1588.0,6725.75,5560.56,1.0,18,87,24,1,1,216000,1,1,1.0,1,3070.5,100000.0,155205.0,20324.0,22064.67,23255.0,42.0,4,34582.0,95126.55,34483.0,1,12,19815.0,255542.74,34088.0,2,124,14500.0,Y,1009.07,current,F,66,MEDIUM,41.400000000000006,1,573.0,0,16.0
10508,9035,15725.0,23371.55,8203.07,13261.41,4402.34,2862.0,6767.2,101.0,10,135,53,24,1,581000,1,1,1.0,1,10006.2,6574.31,2156.0,-5998.43994,66854.0,35015.0,2.0,26,48465.0,96729.33,200432.5,3,50,54852.0,60428.39,397873.08,5,10,24350.0,Y,5754.44,current,M,33,MEDIUM,3.9000000000000004,7,684.0,0,13.0
10509,2837,212592.0,28322.25,11739.0,6754.0,15830.29,2478.22,589.52,4.0,10,50,42,31,11,25000,1,1,1.0,1,9624.6,76365.24,230000.0,1507.0,4049.29,106668.0,90.0,7,25158.0,35718.12,8864.47,43,77,24027.0,34877.73,262093.0,8,57,148506.0,Y,8004.35,current,M,35,MEDIUM,9.0,8,958.0,1,10.0
10510,1571,14605.0,111824.09,2938.52,7553.0,4177.0,372.1,9388.0,6.0,85,82,47,3,1,124000,1,1,1.0,1,70712.6,161648.0,45000.0,10210.0,204001.0,27763.0,35.0,23,61899.0,62082.17,126799.91,10,12,33224.0,28010.11,9268.46,6,32,22895.0,Y,940.3,current,M,47,MEDIUM,18.900000000000002,3,249.0,1,17.0
10511,18982,4701.0,21706.12,11335.3,2075.0,6714.0,6190.0,8189.0,2.0,8,2,3,36,54,199999,1,1,1.0,1,8556.25,3.0,8333.0,-5998.43994,35384.22,261073.0,29.0,7,98.41,23596.75,37948.0,3,50,11150.0,36937.32,78879.0,19,24,16450.0,Y,1500.22,current,M,33,LOW,13.0,2,582.0,1,8.0
10512,18483,11089.0,624.44,1800.02,757.0,83410.0,984.2,2742.5,10.0,66,67,25,25,2,53000,1,1,1.0,1,23669.0,63000.0,73217.0,-5439.0,4049.29,1561.0,8.0,1,25939.0,47511.37,24668.5,2,42,1029.92,77826.25,65306.0,1,11,41414.0,Y,15722.87,current,M,50,MEDIUM,6.0,2,639.0,1,2.0
10513,11440,4872.0,29757.31,2887.89,39947.13,4658.0,2213.08,4684.13,6.0,77,9,2,71,68,268000,1,1,1.0,1,223000.0,93.35,183999.0,-5942.0,3935.71,83756.5,63.0,6,94811.0,178302.38,11186.0,4,1,24595.0,22018.06,120858.25,6,58,48122.0,Y,11542.58,current,M,40,LOW,14.0,2,485.0,1,19.0
10514,12177,3880.0,28234.06,1333.0,18094.02,7552.0,6790.0,322.21,44.0,26,67,60,55,11,579000,1,1,1.0,1,116.0,68663.61,10271.0,-5715.49022999999,36890.37,179779.88,4.0,1,13173.0,98080.65,29129.0,2,7,171000.0,58174.75,123841.13,5,73,34187.0,Y,13783.18,current,M,36,LOW,12.8,8,886.0,1,11.0
10515,13309,2206.0,17847.87,6852.65,4484.06,871.6,4518.005,3250.0,6.0,23,35,3,9,68,114000,1,1,1.0,1,825.0,40000.0,610000.0,886.0,61528.5,231896.5,41.0,9,326025.0,42860.32,54103.0,2,2,23014.0,240030.7,25304.75,94,12,35408.95,Y,1038.06,current,M,33,MEDIUM,2.6,6,866.0,1,17.0
10516,3801,11773.0,54923.995,1098.34,14607.86,978.77,16118.715,2204.0,10.0,71,67,5,3,64,565000,1,1,1.0,1,107700.0,63000.0,2644.0,20513.0,33468.92,25659.0,41.0,4,227800.0,25177.75,93339.0,6,7,33272.0,27441.18,38949.0,5,24,11761.25,Y,2755.87,saving,M,44,LOW,21.6,6,300.0,1,6.0
10517,15553,397318.0,14945.19,11174.23,838.05,2248.0,2791.21,22520.0,4.0,22,2,5,2,2,47000,1,1,1.0,1,47.35,295150.9,768.0,1079.0,65187.25,91400.83,16.0,9,34383.0,15589.0,63923.0,0,9,38883.0,22406.84,21169.48,18,32,75452.0,Y,306.11,saving,M,27,HIGH,4.2,3,485.0,0,14.0
10518,1151,6817.0,30629.38,1711.0,8353.67,2332.0,10798.0,956.0,2.0,5,18,1,4,4,87000,1,1,1.0,1,28844.0,132324.01,24250.0,5730.0,135865.19,97536.0,4.0,13,34117.0,83569.56,31945.09,2,20,62148.0,19650.75,47113.0,2,39,23691.0,Y,11391.81,current,M,29,MEDIUM,9.0,4,748.0,1,12.0
10519,14328,10400.0,53051.98,2448.0,5322.76,961.0,6924.75,566.0,29.0,77,82,6,21,39,87000,1,1,1.0,1,3950.0,130000.0,90525.0,5340.0,85171.16,66241.0,46.0,3,38621.0,17976.64,18993.0,7,104,17405.0,25509.57,62924.0,21,12,18032.0,Y,1328.33,current,M,33,MEDIUM,6.5,9,249.0,1,8.0
10520,19787,17874.0,15657.84,6972.37,23366.32,4455.0,10702.0,5488.0,60.0,10,2,3,8,98,120000,1,1,1.0,1,12869465.0,100934.0,51520.0,-4664.0,41349.2,50126.0,22.0,36,26279.0,5484.04,47417.0,4,171,19688.0,293409.29,110555.0,13,54,12113.0,Y,1353.73,saving,M,37,MEDIUM,5.1000000000000005,6,723.0,1,18.0
10521,12252,16632.0,2514.39,19624.8,6583.0,1653.0,23084.88,6770.1,57.0,56,38,1,6,18,371000,1,1,1.0,1,31845.5,118976.0,1273.0,6916.0,28217.0,31554.0,37.0,1,27444.67,29122.0,12530.0,5,8,27718.0,48320.75,100511.0,19,73,53940.0,Y,8463.59,saving,M,30,LOW,5.0,10,464.0,1,9.0
10522,4267,6267.0,13526.0,812.0,9368.92,6626.31,13623.0,891.0,29.0,7,50,2,55,98,581000,1,1,1.0,1,2.13,340000.0,24094.0,-5998.43994,38018.04,19739.0,12.0,2,25637.0,32445.75,36443.0,2,171,54200.0,19903.0,51520.0,21,58,22805.0,Y,138193.3,saving,M,56,MEDIUM,10.8,6,883.0,1,14.0
10523,8569,13829.0,27930.38,1957.0,5824.0,26579.0,2964.5,1172.0,3.0,10,67,17,12,17,304000,1,1,1.0,1,6100.0,278360.16,24094.0,-4679.0,14149.25,30486.0,72.0,23,18720.0,36965.0,80370.0,3,11,36800.0,1105.0,22021.0,3,24,25679.0,Y,924.69,current,F,67,MEDIUM,42.300000000000004,3,805.0,1,12.0
10524,8801,19782.0,10055.23,21265.7,4135.88,1410.52,12458.11,4696.12,6.0,26,1,2,3,16,124000,1,1,1.0,1,76122.87,116533.0,20887.0,14509.0,45917.8,29752.0,11.0,3,27858.0,51972.88,218773.0,1,27,32127.0,73813.5,152696.0,12,24,9770.0,Y,2226.93,current,M,53,LOW,3.3000000000000003,7,245.0,1,9.0
10525,17724,19578.0,813.0,21248.99,2744.5,2569.7,3183.8,959.27,19.0,47,64,2,15,1,1000000,1,1,1.0,1,39851.93,6.0,13873.0,844.0,16618.25,37634.0,42.0,4,6457.0,45568.89,54821.0,45,82,14363.0,52458.46,33053.0,21,75,17277.0,Y,981.64,current,F,32,LOW,1.2000000000000002,6,566.0,1,20.0
10526,5846,18392.0,6866.5,16339.0,518.67,9441.0,1723.0,11233.0,5.0,31,50,4,2,56,290000,1,1,1.0,1,20728.1,1187335.5,22000.0,-3625.0,63113.53,38742.0,95.0,2,98415.0,48612.68,120421.0,0,5,81117.0,2003.0,35185.15,2,22,134366.0,Y,4084.43,current,M,32,HIGH,4.800000000000001,2,683.0,1,9.0
10527,12560,330679.0,5516.45,10101.0,9004.0,2017.2,2270.55,3365.37,5.0,11,10,3,2,98,17000,1,1,1.0,1,510.6,169779.0,25524.0,-3506.17993,23578.11,200154.0,52.0,7,22817.0,22049.0,137871.0,6,6,17680.0,387881.79,306373.0,2,57,127548.0,Y,16599.56,current,M,53,LOW,6.6000000000000005,3,626.0,1,17.0
10528,1477,1583.0,3238.84,14674.0,17191.7,7133.0,3778.0,3671.0,1.0,71,35,1,7,3,397000,1,1,1.0,1,12850544.36,39833.19,2156.0,24326.0,28515.0,31175.0,24.0,9,82321.2,9939.13,574.0,0,6,97500.0,58866.78,16615.0,9,63,24281.0,Y,104770.2,current,M,47,MEDIUM,24.3,8,867.0,0,16.0
10529,6,16014.0,9666.05,2072.05,12351.04,2802.0,5372.0,3074.0,16.0,13,87,30,14,1,337000,1,1,1.0,1,48675.31,134890.0,28985.0,6260.0,118845.76,41277.31,57.0,6,10564.0,52988.15,9134.58,3,70,35550.0,59846.7,163621.79,58,0,15300.0,Y,23807.13,current,M,35,MEDIUM,9.0,6,454.0,0,2.0
10530,587,6100.0,3890.5,10130.61,11194.0,4622.23,6277.97,1538.0,2.0,36,105,3,27,5,193730,1,1,1.0,1,3950.0,33668.0,230000.0,20324.0,36963.41,61150.0,16.0,6,375685.0,29153.68,15827.0,3,20,21262.0,18428.55,53799.76,14,68,17808.0,Y,24487.48,current,M,58,LOW,7.6000000000000005,5,256.0,1,10.0
10531,9983,19977.0,12603.35,4330.0,6184.47,550.32,13186.43,8023.0,7.0,15,6,24,2,54,301000,1,1,1.0,1,13279.75,446457.0,96558.0,-6885.0,24033.25,90017.0,3.0,1,18360.0,18720.0,126706.0,70,82,44834.79,60542.0,150440.0,5,42,16169.0,Y,82.48,saving,M,36,MEDIUM,16.0,7,860.0,1,4.0
10532,13536,95093.0,10129.6,1288.25,4356.49,23838.47,14190.5,1547.18,10.0,31,59,1,36,12,169000,1,1,1.0,1,41070.0,278360.16,19176.0,9827.0,83560.9,100463.0,77.0,4,100891.0,7178.0,17768.0,1,1,43336.0,9161.07,135193.0,5,1,64190.0,Y,19276.1,current,M,40,MEDIUM,16.0,7,623.0,1,14.0
10533,13273,295.0,884.0,4561.0,22272.26,388.22,6967.5,2683.35,92.0,10,50,18,6,9,272000,1,1,1.0,1,4941.45,560000.0,96497.0,-4679.0,9061.58,10199.0,46.0,26,18978.0,5466.26,75277.0,2,34,31074.0,72414.72,102878.89,9,0,30500.0,Y,5075.12,current,M,55,MEDIUM,17.5,4,748.0,0,13.0
10534,19506,316548.0,19207.0,25330.02,139138.58,8650.56,3004.5,630.0,10.0,65,10,2,6,3,505000,1,1,1.0,1,1910215.0,15036.0,1255.0,-5942.0,22495.75,56342.0,11.0,15,20822.0,32741.51,29146.28,43,25,25336.0,20787.77,89787.0,2,24,71740.0,Y,20424.07,current,M,51,LOW,6.2,8,244.0,1,9.0
10535,10490,10536.0,37540.93,26644.53,14418.0,4019.0,6714.805,3506.0,26.0,10,1,35,2,42,27000,1,1,1.0,1,38428.6,3.59,1097.0,10455.0,33112.43,12240.0,4.0,1,73394.0,54741.89,14102.0,2,50,24851.61,22509.91,798.0,22,50,35334.0,Y,115679.2,current,M,65,MEDIUM,4.5,8,883.0,1,3.0
10536,17082,302458.0,4596.0,4290.0,6787.22,2070.0,8855.0,1216.6,1.0,10,29,3,55,47,351000,1,1,1.0,1,81872.65,332000.0,73217.0,2000.0,88264.6,174092.0,55.0,23,90378.0,2745.5,34234.0,9,7,26828.0,23423.0,13720.0,2,113,24862.0,Y,2698.27,current,M,50,MEDIUM,12.0,2,247.0,1,15.0
10537,15768,11793.0,3648.0,5114.2,988.07,1914.74,8740.58,500.0,5.0,20,10,3,17,12,402000,1,1,1.0,1,63073.6,330001.0,2841.0,0.0,254048.88,29258.0,8.0,35,11446.05,47484.14,200521.0,1,8,20032.0,144686.93,45236.49,3,73,191296.73,Y,20487.22,current,M,28,MEDIUM,0.8,1,658.0,1,10.0
10538,10438,5999.0,1558.0,10091.23,34065.0,7687.0,1535.75,3121.04,32.0,4,47,1,1,16,302000,1,1,1.0,1,7089.7,2436.91,73217.0,0.0,30729.39,170874.09,5.0,4,23426.0,76170.88,2546.0,2,8,32339.0,118137.0,58189.0,2,58,62148.0,Y,6127.45,current,M,33,MEDIUM,1.3,7,537.0,1,13.0
10539,16267,311638.0,11383.0,1360.77,13148.5,4512.85,4821.6,857.0,24.0,85,13,62,27,56,330000,1,1,1.0,1,309795.13,43545.0,230000.0,1411.0,173707.43,35897.0,10.0,55,365000.0,44460.51,76785.5,3,13,34272.0,13236.06,304635.5,13,83,67064.82,Y,19829.96,current,M,55,MEDIUM,7.0,5,595.0,1,6.0
10540,9658,14000.0,2292.5,20904.2,103562.09,1062.7,14802.0,822.0,67.0,71,3,2,26,1,272000,1,1,1.0,1,47936.43,48087.25,25000.0,4314.0,25715.49,347424.0,42.0,9,23724.0,91985.12,98035.0,3,108,71429.0,66.75,237268.0,12,18,82200.0,Y,8308.44,current,F,66,LOW,13.8,3,911.0,0,18.0
10541,19780,12771.0,17578.86,1408.0,28702.04,7419.85,66296.0,132120.0,18.0,23,49,10,6,79,184000,1,1,1.0,1,116122.65,71944.5,13873.0,1992.0,29562.02,222666.0,46.0,1,43130.0,83627.85,39770.5,3,20,5050.0,18608.63,26283.0,8,73,16288.0,Y,2247.7,current,M,34,MEDIUM,12.600000000000001,6,485.0,1,6.0
10542,2171,18679.0,6322.31,14277.0,30389.88,3535.0,73653.2,4985.0,63.0,601,3,1,1,1,249000,1,1,1.0,1,510.6,794000.0,19400.0,20790.0,31547.71,53014.0,0.0,4,17386.0,18953.76,39558.0,5,70,8470.0,48082.78,142363.0,18,75,7650.0,Y,1696.09,current,M,34,MEDIUM,1.4000000000000001,10,628.0,0,6.0
10543,14108,639.0,113793.21,1462.0,1778.66,5054.0,1796.04,3526.67,7.0,56,13,3,3,1,143000,1,1,1.0,1,54453.8,86868.0,78309.0,5340.0,58508.97,56011.5,42.0,4,30821.0,166641.35,96684.16,1,108,6100.89,35530.0,6913.0,4,78,24870.0,Y,9492.98,current,M,53,MEDIUM,29.700000000000003,7,638.0,0,19.0
10544,17529,3511.0,6800.0,5979.58,3972.1,2700.0,3206.0,25768.0,10.0,10,3,5,18,41,199999,1,1,1.0,1,474401.25,1475000.0,25508.0,4314.0,10303.25,302290.0,91.0,43,58727.0,23483.0,7110.0,1,7,24347.76,87207.03,30832.0,4,12,20229.0,Y,4790.72,current,M,53,LOW,33.0,5,836.0,0,13.0
10545,7020,7895.0,20660.26,2043.21,12180.83,676.5,15366.475,1046.0,3.0,5,23,5,1,80,127500,1,1,1.0,1,47024.8,760470.3,2214.0,20324.0,29619.15,52792.0,46.0,9,38262.0,26834.0,377772.36,3,2,92420.0,71872.32,41088.87,22,113,42700.0,Y,7163.09,current,F,29,MEDIUM,1.8,2,855.0,1,20.0
10546,17995,875.0,38463.25,1387.0,5767.75,6705.0,9934.435,1466.7,14.0,5,35,20,60,1,402000,1,1,1.0,1,13659.0,5351.0,891.0,1444.0,96294.13,637.3,22.0,1,88815.0,141005.45,17824.0,1,82,19006.0,63415.95,144943.0,3,103,10352.0,Y,6787.63,current,F,35,MEDIUM,13.5,8,858.0,1,19.0
10547,8599,14663.0,2754.0,1377.0,17125.54,6196.35,5796.56,2290.0,1.0,71,60,24,26,17,337000,1,1,1.0,1,4731234.6,165916.18,618.0,20513.0,32167.5,25026.0,11.0,4,22134.0,119593.67,70427.0,1,25,20002.0,258647.5,72872.0,7,11,37842.0,Y,78.6,current,M,34,MEDIUM,5.6000000000000005,2,299.0,0,12.0
10548,1879,6117.0,6269.72,139422.6,7463.9,9889.32,4692.0,11233.0,46.0,5,30,1,17,98,423000,1,1,1.0,1,39758.95,12257.0,155205.0,12415.0,4356.5,49752.0,12.0,4,33324.0,4120.0,60992.3,3,24,56250.0,64400.0,23339.25,9,18,17258.0,Y,11084.29,current,M,223,MEDIUM,81.2,10,594.0,0,10.0
10549,7903,87903.0,2975.52,355.0,5511.24,11774.04,32011.5,3100.0,32.0,18,13,2,9,2,119000,1,1,1.0,1,977377.25,157000.0,8060.0,-6885.0,37907.94,39752.0,42.0,0,42666.0,76973.0,16639.0,3,44,12431.0,60708.72,23226.0,94,72,17320.0,Y,11757.78,current,M,31,MEDIUM,4.4,4,858.0,0,6.0
10550,6496,17577.0,3176.49,9201.0,7720.0,439.98,105628.0,16482.0,25.0,77,35,30,26,17,120000,1,1,1.0,1,105453.65,470000.0,787.0,12415.0,17634.75,68743.2,55.0,2,28370.0,8598.41,441940.0,2,78,48669.0,34900.4,16530.0,2,42,76953.0,Y,1410.63,saving,F,53,LOW,13.200000000000001,8,911.0,1,19.0
10551,17611,290979.0,67074.52,387.93,61221.71,2111.4,5570.0,859.0,4.0,43,69,57,1,6,307000,1,1,1.0,1,89294.6,1350000.0,1001.0,6613.0,89678.96,47049.0,10.0,0,24209.0,14021.58,95819.0,1,24,31930.0,121396.9,15627.0,6,73,65092.0,Y,7125.81,current,F,30,MEDIUM,4.0,2,964.0,1,7.0
10552,725,2869.0,5161.0,1466.48,6309.69,17318.47,3285.1,5727.0,7.0,18,9,2,44,2,232000,1,1,1.0,1,1895.04,32000.0,36114.0,-5942.0,1945.25,56689.91,91.0,2,38339.0,21905.0,49019.0,2,82,46466.0,39051.75,72659.0,2,87,24559.0,Y,4961.08,saving,F,37,MEDIUM,3.4000000000000004,8,737.0,0,10.0
10553,10861,5839.0,30362.77,6495.0,660.78,10525.0,12051.6,91180.0,19.0,31,87,7,4,26,287000,1,1,1.0,1,4120.0,245000.0,2156.0,-6885.0,192480.94,46205.0,16.0,35,17021.0,44888.25,64857.0,7,81,11080.0,53217.11,12667.88,6,79,18904.0,Y,3716.55,current,M,33,MEDIUM,9.1,6,445.0,1,6.0
10554,6246,12544.0,11829.92,9528.12,4491.9,1800.1,10059.0,3663.0,7.0,77,11,22,3,80,340000,1,1,1.0,1,566914.0,10465.48,38599.0,9415.0,140258.75,106976.0,18.0,1,56028.64,16449.0,153241.0,43,5,86000.0,21881.23,51881.85,6,107,23324.0,Y,85789.65,current,M,53,LOW,6.6000000000000005,4,958.0,1,7.0
10555,15747,15321.0,17488.99,1539.0,5629.81,10612.24,5217.91,3501.5,10.0,66,5,24,51,56,362000,1,1,1.0,1,720551.4,120541.0,508.0,-6301.0,21804.75,191811.0,11.0,1,36977.0,508.0,150085.0,1,2,88260.0,29095.41,35889.0,21,42,18017.0,Y,1254.52,saving,M,28,MEDIUM,8.0,2,299.0,1,10.0
10556,16004,299180.0,13321.5,4818.0,4933.0,3326.45,22483.0,1385.0,46.0,36,23,1,17,34,518000,1,1,1.0,1,44378439.0,76365.24,68000.0,1332.0,5508.26,32257.0,42.0,2,22474.0,44397.51,54292.85,9,20,20000.0,522722.62,116556.0,9,79,11200.0,Y,5637.27,current,M,223,LOW,81.2,7,700.0,1,3.0
10557,6359,15082.0,14492.0,40985.56,9845.52,3390.0,15668.555,2277.0,17.0,4,3,21,27,3,296000,1,1,1.0,1,4140.0,77000.0,4458.0,5773.0,838628.55,15019.0,89.0,1,21826.0,100030.76,200090.0,11,21,81117.0,38326.87,101094.0,2,96,11704.0,Y,6380.18,current,M,32,MEDIUM,4.800000000000001,4,595.0,1,19.0
10558,3669,299759.0,18538.0,1837.0,601.0,9608.59,2232.51,14249.71,2.0,5,67,21,6,4,301000,1,1,1.0,1,1349.1,138475.4,2130.0,17080.0,57960.76,21057.0,84.0,2,29471.0,27887.67,87096.0,2,20,27394.6,50096.04,57174.0,2,42,19504.0,Y,4538.75,current,F,66,MEDIUM,27.6,4,346.0,1,4.0
10559,6085,801.0,147865.31,9604.0,28117.33,7461.0,3411.6,11160.0,7.0,6,19,24,7,68,408000,1,1,1.0,1,2.13,992890.32,694.0,0.0,13753.76,98657.0,10.0,1,15538.0,201248.5,231437.08,7,81,40487.0,78438.0,189320.0,3,9,24435.0,Y,2670.09,current,M,47,LOW,18.900000000000002,4,867.0,1,13.0
10560,14185,75.0,27374.5,293.0,1428.84,6071.55,4467.0,9388.0,6.0,1,16,4,1,79,267000,1,1,1.0,1,328504.5,385218.7,583.0,-5998.43994,946402.35,19534.0,36.0,1,43731.0,230402.77,30742.0,42,1,24216.0,25309.32,34214.5,5,58,39994.25,Y,241.21,current,M,223,LOW,20.3,1,963.0,1,8.0
10561,19374,1969.0,9240.48,13892.59,16249.01,4799.12,4646.31,6919.0,66.0,1,35,4,18,8,472000,1,1,1.0,1,88.0,77000.0,5797.0,0.0,51538.13,21605.0,2.0,1,57703.0,52342.94,22186.5,42,7,27612.0,121048.46,172875.5,41,83,31250.0,Y,2130.05,current,M,47,LOW,8.1,9,370.0,1,8.0
10562,13842,16273.0,12281.02,7884.0,4663.76,11166.11,6695.0,23237.5,9.0,2,10,8,25,34,218000,1,1,1.0,1,154363.25,54388.23,2156.0,2206.0,120524.85,396435.0,43.0,5,39844.0,42875.94,59886.0,23,8,37023.0,29923.22,100605.0,6,52,38355.0,Y,378.13,current,M,33,HIGH,10.4,5,748.0,1,15.0
10563,12174,5319.0,4492.19,5233.0,96892.51,3671.16,2270.55,8498.38,16.0,36,82,42,3,3,750000,1,1,1.0,1,1359.3,25404.0,34550.0,-6885.0,29948.98,37283.0,84.0,2,13213.0,407514.25,79005.0,6,12,16492.0,13506.5,31291.0,5,7,30172.0,Y,5823.81,saving,F,37,LOW,8.5,2,743.0,1,9.0
10564,3130,15030.0,13353.75,16462.0,12232.18,3139.9,9140.0,2030.0,6.0,10,13,48,38,39,138000,1,1,1.0,1,544500.0,93.35,57899.0,2921.0,80730.9,39629.12,4.0,36,38826.0,58662.38,57930.07,1,78,19989.0,37433.89,10301.0,10,12,27884.0,Y,3908.4,current,M,66,MEDIUM,4.6000000000000005,5,643.0,1,3.0
10565,5865,8901.0,24615.19,8591.0,14153.57,9056.87,1759.0,4171.04,136.0,10,14,4,12,47,290000,1,1,1.0,1,66191.5,2436.91,126001.0,1500.0,201004.76,51918.27,69.0,26,23350.0,31618.88,30661.5,31,13,45547.0,56820.42,234762.75,6,13,11752.0,Y,6794.21,current,M,62,MEDIUM,25.200000000000003,9,254.0,1,7.0
10566,10321,18985.0,2704.0,8602.0,34873.97,4244.68,313.0,4859.0,531.0,23,20,1,6,10,218000,1,1,1.0,1,41883.6,86666.06,155205.0,5730.0,39203.0,530257.0,77.0,7,40175.0,11807.11,62.37,2,25,30005.0,44553.92,175339.0,1,96,86256.0,Y,1098.14,current,F,33,MEDIUM,7.800000000000001,9,537.0,1,13.0
10567,19195,14425.0,19893.41,572.52,11572.05,2218.73,9621.3,321.52,24.0,71,74,24,9,79,199999,1,1,1.0,1,1539496.64,12971.0,25524.0,903.0,134137.71,89758.38,90.0,3,497836.0,85351.36,10261.0,2,4,312379.0,187001.87,148696.0,21,106,25813.0,Y,5683.12,current,M,33,MEDIUM,11.700000000000001,10,445.0,1,5.0
10568,2569,14476.0,341866.0,5418.11,33699.99,1544.75,3968.0,3389.0,12.0,23,84,35,63,2,574000,1,1,1.0,1,78472.48,25404.0,6000.0,-5439.0,47924.9,118613.0,42.0,5,39992.0,10442.0,37272.48,19,82,26765.0,60155.6,127296.6,3,104,21432.0,Y,4500.13,current,M,29,MEDIUM,7.2,7,259.0,0,11.0
10569,13693,76.0,8406.0,1017.5,14487.0,921.0,3470.85,9704.0,3.0,3,35,57,4,11,104000,1,1,1.0,1,15079.5,446457.0,50000.0,5340.0,49135.75,22397.0,79.0,3,90601.0,34868.17,44308.0,1,70,32005.0,39078.49,35138.95,3,32,103380.0,Y,25326.33,current,M,25,MEDIUM,2.0,7,485.0,1,3.0
10570,8570,11743.0,1392.12,13673.0,9093.9,3125.0,289.5,467.0,44.0,23,9,3,2,54,263000,1,1,1.0,1,98062.5,12000.0,3570.0,0.0,308662.2,50192.0,3.0,28,63611.0,97179.58,128443.0,43,82,6035.63,40775.6,44251.0,62,104,31505.0,Y,10657.52,current,M,53,MEDIUM,19.8,1,796.0,0,17.0
10571,4661,6443.0,2655.0,842.0,4592.045,6582.14,2893.0,84351.0,531.0,3,84,1,5,1,533000,1,1,1.0,1,825.0,992890.32,298472.0,26601.0,8322.44,1383.0,42.0,2,398897.0,75353.07,20347.3,2,171,74200.0,28324.5,53877.0,3,12,41271.0,Y,12730.29,current,M,49,MEDIUM,5.800000000000001,5,866.0,1,9.0
10572,19618,8802.0,8992.27,3563.0,6205.19,11695.11,2275.0,17090.36,8.0,7,16,52,2,98,784000,1,1,1.0,1,325024.6,185000.0,462.0,5464.0,14974.04,23704.04,52.0,6,205989.0,97883.08,51832.79,43,86,61.4,48355.75,27803.0,4,12,28950.0,Y,12381.29,current,M,33,LOW,13.0,5,508.0,1,6.0
10573,12254,27295.0,16267.0,4239.0,822.0,13469.0,6271.0,1574.0,1.0,10,135,22,4,8,155000,1,1,1.0,1,73010.0,16000.0,25524.0,5439.0,31897.42,72754.14,91.0,2,29329.0,34000.37,42214.0,43,82,20378.0,75553.52,22734.23,94,18,104467.0,Y,7994.07,current,M,47,MEDIUM,24.3,3,574.0,0,7.0
10574,3704,12940.0,6884.32,321.23,52034.46,10321.0,17759.0,859.0,25.0,42,16,8,1,13,287000,1,1,1.0,1,65640.0,64491.0,500718.0,14509.0,99665.11,74526.5,35.0,9,32495.0,48626.06,17168.0,0,171,7009.0,195283.26,17746.0,14,12,19815.0,Y,1029.0,current,F,58,MEDIUM,30.400000000000002,1,299.0,1,12.0
10575,11338,106181.0,13804.0,2666.95,9471.27,1232.6,1919.38,1486.0,6.0,10,30,7,1,3,421000,1,1,1.0,1,32200.0,39833.19,230000.0,5340.0,53139.88,25312.88,12.0,3,16761.0,4199.0,43657.5,30,81,58488.0,20613.0,52521.5,14,8,37195.0,Y,8387.2,saving,M,47,MEDIUM,2.7,7,653.0,0,17.0
10576,5966,15313.0,50969.39,496.72,52028.92,9292.0,3122.0,1961.32,9.0,34,87,1,2,80,367000,1,1,1.0,1,20747.5,175527.8,96558.0,19453.0,3158.25,55136.0,70.0,4,14385.0,165.35,30271.5,6,25,30613.0,20636.96,360718.87,47,32,16187.0,Y,1484.36,current,M,223,LOW,101.5,4,631.0,1,5.0
10577,772,16945.0,642.0,1007.2,1999.54,7575.45,10391.0,252.0,6.0,8,89,57,1,79,256000,1,1,1.0,1,671039.05,100934.0,24094.0,0.0,46216.0,125056.22,4.0,5,26029.0,402979.51,458.0,4,171,31323.0,227858.69,341228.75,3,83,23862.0,Y,12958.36,current,M,66,LOW,32.2,4,626.0,1,10.0
10578,7961,2664.0,14247.58,3863.48,1315.0,2699.77,144998.45,3877.0,32.0,66,72,5,2,5,381000,1,1,1.0,1,213557.15,138732.3,5540.0,12174.0,38033.0,93403.5,11.0,31,18356.0,102269.97,12103.0,47,40,20588.0,10071.0,11305.0,21,18,18451.33,Y,23807.13,current,M,47,HIGH,2.7,3,123.0,1,7.0
10579,14579,1108.0,2484.0,703.0,4898.8,16785.0,408.44,1101.14,29.0,10,50,8,1,16,42000,1,1,1.0,1,41441.27,11772.76,16215.0,903.0,51054.88,109399.0,84.0,2,41784.0,22939.0,36334.99,10,13,71533.0,31788.7,360718.87,47,101,64681.0,Y,10019.66,current,M,62,MEDIUM,8.4,3,314.0,1,17.0
10580,6524,115087.0,35725.49,11033.51,3295.25,1656.0,3870.865,307.0,92.0,4,30,1,2,55,491000,1,1,1.0,1,604365.0,105000.0,15756.0,0.0,12381.75,31021.0,32.0,1,74787.0,30707.93,41318.0,3,70,64973.0,34586.84,49567.0,13,73,30499.0,Y,534.68,current,M,42,LOW,11.0,2,516.0,0,8.0
10581,16676,1583.0,3843.5,1129.0,23922.0,587.03,9652.555,6069.0,10.0,34,49,60,1,1,319000,1,1,1.0,1,684495.7,158000.0,2019.0,-4664.0,41229.0,49746.0,10.0,3,22476.0,115394.31,52063.0,8,82,27415.0,13107.38,18423.0,6,22,37165.0,Y,2851.79,current,M,53,MEDIUM,33.0,3,914.0,1,3.0
10582,15754,15990.0,8847.8,1027.0,13396.0,4948.0,14558.62,3920.25,531.0,18,60,1,1,77,202500,1,1,1.0,1,95.0,132324.01,927.0,5730.0,44045.75,39456.0,4.0,3,83569.0,97739.65,441940.0,9,25,36300.0,53048.75,2971.0,3,18,33103.16,Y,32661.13,current,M,38,HIGH,7.2,5,643.0,1,9.0
10583,9480,18118.0,14794.0,6041.0,6574.4,1934.0,45970.48,1106.94,29.0,23,4,50,6,6,378000,1,1,1.0,1,8043.25,64491.0,33330.0,-4679.0,26571.61,39681.0,9.0,3,20726.0,13565.58,38628.0,43,23,12922.0,210280.83,21700.0,94,83,489.0,Y,3184.71,current,F,47,MEDIUM,13.5,8,628.0,0,18.0
10584,18953,10783.0,1184.0,601.0,4170.53,656.67,2038.0,5762.0,24.0,14,3,2,15,55,479000,1,1,1.0,1,67833.35,24000.0,1727.0,5340.0,60593.45,47309.0,20.0,2,38113.0,24509.32,21238.0,2,82,25931.0,38895.88,9253.0,38,80,15739.0,Y,135.08,current,M,42,LOW,13.200000000000001,8,594.0,0,17.0
10585,7872,19221.0,9126.05,1945.28,10816.0,5995.0,8616.0,582.0,1.0,36,46,7,2,16,98000,1,1,1.0,1,17377.25,46500.0,80000.0,-5942.0,149959.0,157017.0,50.0,43,49222.25,65329.54,71585.63,6,104,8247.0,20992.86,98353.0,21,22,75957.0,Y,109931.63,saving,F,29,LOW,4.5,1,966.0,1,20.0
10586,18274,17446.0,5829.72,4290.0,18809.26,94243.29,4966.16,601.0,2.0,32,71,60,2,2,255000,1,1,1.0,1,192478.0,110135.86,12000.0,14509.0,29541.44,109300.0,42.0,35,72273.0,48796.0,71473.0,3,25,48537.22,43027.49,23677.0,58,50,24024.0,Y,6699.26,current,M,33,LOW,10.4,6,640.0,0,17.0
10587,19592,5550.0,590.0,3513.34,4397.37,2218.73,7860.52,3098.0,7.0,84,16,47,9,75,177000,1,1,1.0,1,0.61,30453.0,230000.0,-4324.0,111135.07,50032.0,40.0,29,64.91,16250.52,225131.0,2,12,58388.0,55832.33,35391.0,43,11,16450.0,Y,7728.83,current,M,47,MEDIUM,8.1,7,314.0,1,16.0
10588,18710,4038.0,25351.36,452.4,11850.0,1880.0,4171.56,7987.0,43.0,8,62,30,4,10,199999,1,1,1.0,1,5215.0,86666.06,1266.0,5340.0,139201.89,23222.0,147.0,1,21925.0,60297.12,19825.0,6,20,55806.0,84335.72,244008.0,6,21,51280.0,Y,3201.4,current,M,33,LOW,11.700000000000001,1,956.0,1,17.0
10589,16945,4736.0,78032.76,43191.12,21192.33,5430.58,6442.8,2738.0,19.0,29,82,8,4,3,371000,1,1,1.0,1,101891.25,1425000.0,130000.0,-4679.0,21468.2,55988.0,5.0,3,27117.0,130035.5,21091.0,43,7,45991.0,11345.72,127.0,3,18,3000.0,Y,78678.17,current,M,38,MEDIUM,18.0,5,631.0,1,20.0
10590,8771,13922.0,99028.81,3366.0,16829.88,5122.0,52544.25,14864.17,1.0,30,49,62,3,4,198000,1,1,1.0,1,2666.4,12257.0,5797.0,9827.0,161355.23,90339.0,1.0,4,16639.0,11522.37,62621.0,47,67,19815.0,44589.76,61729.0,7,79,26550.0,Y,3040.45,current,M,53,MEDIUM,33.0,4,370.0,1,20.0
10591,15,5118.0,18763.82,1916.0,1475.85,422.96,6483.0,4170.78,31.0,43,9,1,1,3,400000,1,1,1.0,1,13762.5,138732.3,15756.0,553.0,22455.25,174232.0,10.0,11,46645.0,4593.0,21772.0,17,7,47590.0,25738.26,90594.0,5,36,48560.0,Y,20487.22,current,M,30,MEDIUM,3.0,2,354.0,1,16.0
10592,19249,9293.0,56929.92,82275.0,2352.83,1644.0,5718.09,7898.0,18.0,1,38,1,2,11,17000,1,1,1.0,1,47651495.0,360000.0,12560.0,2921.0,15620.0,151960.0,4.0,26,52452.0,94840.21,15237.0,0,8,63554.9,103054.52,219379.0,4,65,15058.0,Y,59.0,current,F,28,LOW,4.0,10,823.0,1,18.0
10593,3366,5400.0,1332.0,5938.0,8180.53,3257.22,152.0,9351.0,1.0,18,50,21,24,30,519000,1,1,1.0,1,526.25,455873.9,3975.0,5340.0,48923.0,30096.0,42.0,4,33022.0,9011.6,152123.0,0,11,40892.0,29635.12,24693.0,7,120,39900.0,Y,3241.26,current,M,34,MEDIUM,5.6000000000000005,8,658.0,1,18.0
10594,12705,7142.0,2378.44,18442.0,12522.0,13131.0,1659.5,7779.0,16.0,71,6,25,2,36,453000,1,1,1.0,1,52209.5,506383.85,1166.0,12163.0,201508.45,80357.0,46.0,36,30439.0,21619.88,72624.0,5,50,290554.33,25511.0,90356.0,7,124,26258.0,Y,9708.68,current,F,39,MEDIUM,11.4,8,574.0,1,14.0
10595,15129,127012.0,22389.03,14614.0,4880.4,19645.0,71118.79,72564.0,4.0,30,87,24,6,34,293000,1,1,1.0,1,4230125.0,77965.0,2644.0,12174.0,60178.16,75963.0,77.0,1,26422.0,12329.0,113438.82,2,5,15640.0,84436.47,39127.0,2,54,10263.0,Y,807.95,saving,M,66,MEDIUM,27.6,1,268.0,1,3.0
10596,17576,15302.0,18403.58,2099.0,14352.0,4561.9,30341.88,10377.0,44.0,13,135,2,25,1,366000,1,1,1.0,1,47024.8,64491.0,50000.0,5439.0,71082.77,38894.0,46.0,9,28562.0,100894.0,54747.0,3,16,40582.0,19569.64,30406.0,13,12,67691.0,Y,3063.22,current,M,32,LOW,1.2000000000000002,2,945.0,0,4.0
10597,18886,15136.0,18399.41,597.01,17642.44,11035.24,2312.0,5346.72,3.0,34,10,47,25,1,19000,1,1,1.0,1,526.25,794000.0,25524.0,3735.0,25049.25,48336.08,11.0,1,37349.8,26077.54,26832.0,4,20,40116.0,58774.48,28255.47,7,83,27483.0,Y,218.42,current,M,31,LOW,3.3000000000000003,4,254.0,1,16.0
10598,16287,228614.0,3804.0,11327.9,51479.0,1751.0,7722.0,3400.79,26.0,29,47,22,21,7,74100,1,1,1.0,1,3502.8,16000.0,8417.0,5730.0,15346.03,107538.0,52.0,1,18929.0,52742.0,80886.0,2,12,47550.0,15011.29,166847.0,117,18,70500.0,Y,4796.27,current,M,37,HIGH,8.5,3,486.0,1,2.0
10599,5856,11499.0,23332.51,3118.0,2268.14,1068.08,9417.5,628.0,1.0,36,32,82,1,2,524000,1,1,1.0,1,238733.0,138732.3,550.0,5730.0,55231.59,16874.0,94.0,1,630000.0,117575.67,25210.0,3,82,30315.0,28409.45,260940.28,94,1,7000.0,Y,4981.74,current,M,28,LOW,4.0,7,766.0,1,15.0
10600,8347,4460.0,1106.5,387.93,2832.0,1039.9,34786.0,3926.0,8.0,10,87,4,1,70,256000,1,1,1.0,1,32200.0,31871.49,130000.0,-6885.0,20426.61,50263.0,46.0,1,18015.0,15922.0,125650.0,3,7,25762.0,12484.78,82462.0,21,11,17070.0,Y,3447.9,current,M,37,MEDIUM,10.200000000000001,9,386.0,1,16.0
10601,16835,9699.0,23565.86,6453.04,29909.7,5450.7,3893.88,696.0,6.0,46,35,60,7,58,28000,1,1,1.0,1,52209.5,122000.0,5797.0,0.0,58714.16,15517.0,42.0,36,88815.0,3698.43,479409.0,4,171,19194.0,56620.62,55012.0,47,32,292089.0,Y,1492.11,current,M,56,MEDIUM,10.8,2,836.0,1,18.0
10602,10600,13151.0,29466.37,5072.42,4938.0,3602.3,2142.2,902.0,531.0,9,67,1,6,77,784000,1,1,1.0,1,173732.5,31000.0,37274.0,6916.0,109757.67,31091.9,18.0,3,75595.59,12880.49,72483.0,0,81,345438.78,25376.75,52887.79,58,58,22480.0,Y,15684.27,current,F,66,MEDIUM,23.0,3,799.0,0,12.0
10603,4687,21534.0,4270.82,14674.0,13863.23,1751.0,777.0,579.0,80.0,26,82,24,25,62,750000,1,1,1.0,1,158135.2,31033.0,68000.0,5773.0,33136.75,37736.0,95.0,15,26511.0,20817.5,402339.0,2,20,21447.0,14926.0,37169.3,117,107,34760.0,Y,4754.51,current,M,47,LOW,18.900000000000002,4,818.0,1,6.0
10604,5081,9385.0,2230.0,25448.84,28389.83,5251.0,7513.505,831.88,44.0,26,14,3,1,4,303000,1,1,1.0,1,21511.8,650000.0,96558.0,5340.0,22057.25,61376.5,8.0,9,83341.0,26773.97,13474.0,23,7,16345.0,22404.95,26861.0,3,3,61017.0,Y,1210.18,saving,M,33,MEDIUM,5.2,9,771.0,1,4.0
10605,15812,342275.0,1225.75,26889.0,1055.0,8278.13,7363.95,3035.65,12.0,25,79,4,36,98,212500,1,1,1.0,1,16387435.0,1194405.5,5797.0,12415.0,3855.58,29548.0,6.0,33,7606.0,102658.55,165293.17,9,75,18972.0,42660.75,26120.0,53,11,75134.0,Y,10028.36,saving,F,34,LOW,8.4,2,537.0,1,6.0
10606,19167,7494.0,5227.02,13361.0,7850.1,1014.0,12215.95,8056.0,7.0,42,60,8,44,17,178000,1,1,1.0,1,715554.75,157000.0,57899.0,-12179.0,175306.64,31745.0,147.0,33,36463.0,82132.46,20040.0,2,59,34589.0,24819.05,323944.0,62,12,31442.0,Y,2393.73,current,M,32,HIGH,8.4,8,488.0,1,5.0
10607,10170,194547.0,1764.0,15519.86,4215.0,5107.0,5003.435,379.0,1.0,29,4,50,16,1,11000,1,1,1.0,1,154363.25,5351.0,3792.0,17397.0,30095.25,66026.0,84.0,3,11020.0,47484.14,233575.0,3,42,30899.0,34280.06,4399.0,2,6,22583.0,Y,3525.66,current,M,34,MEDIUM,14.0,8,447.0,1,8.0
10608,15969,348.0,18126.52,1766.5,15720.6,37338.0,3852.0,2663.0,9.0,30,35,1,6,4,530000,1,1,1.0,1,2184.0,150000.0,33950.0,4063.0,93628.4,37095.0,5.0,3,25024.25,49709.58,75254.0,9,82,22811.2,55539.93,22021.25,2,12,25330.0,Y,2156.14,current,M,33,MEDIUM,7.800000000000001,7,331.0,0,20.0
10609,10474,2060.0,4854.77,944.0,387.0,772.0,6806.0,15292.85,29.0,43,67,3,51,4,39000,1,1,1.0,1,25506.67,85300.0,78309.0,20513.0,64566.25,79721.0,8.0,7,92864.0,43867.91,56807.0,43,40,98599.0,62487.42,100910.57,2,0,240442.65,Y,2877.95,current,M,33,MEDIUM,7.800000000000001,5,314.0,1,4.0
10610,4785,16245.0,9319.01,2232.0,8773.06,1871.45,44113.52,5032.92,53.0,1,19,1,1,4,304000,1,1,1.0,1,204585.76,32397.0,73501.0,-6301.0,30801.0,50706.0,16.0,1,69654.0,130716.98,45004.53,5,20,21334.0,32233.54,38690.86,6,28,46343.0,Y,2847.27,current,M,50,MEDIUM,15.0,3,626.0,0,16.0
10611,19462,8792.0,15401.9,8615.96,1881.0,4550.86,993.04,918.93,124.0,22,64,7,1,81,599000,1,1,1.0,1,13643.8,399.09,48950.0,12174.0,112342.2,238102.0,95.0,1,38368.0,65281.24,59701.0,5,8,31148.0,29033.13,96662.0,36,3,25830.0,Y,3266.02,current,M,34,MEDIUM,2.8000000000000003,9,710.0,0,11.0
10612,10421,10967.0,21777.0,3825.0,1233.0,2131.0,2324.0,11110.5,8.0,11,110,21,60,20,255000,1,1,1.0,1,124929.75,100934.0,24000.0,6885.0,50286.9,10850.5,46.0,1,22930.0,99944.45,44557.0,2,11,17927.0,199284.72,48135.0,21,120,24533.0,Y,1356.31,saving,M,33,MEDIUM,13.0,3,684.0,1,19.0
10613,19632,10901.0,15235.07,21328.0,932.5,1524.6,2163.81,1132.04,3.0,66,47,8,1,47,16000,1,1,1.0,1,8209320.0,1475000.0,46000.0,2351.0,108579.38,44933.6,46.0,7,49921.0,79515.58,20023.0,43,59,32777.0,38362.54,54613.0,3,15,109572.0,Y,24742.72,current,M,53,MEDIUM,33.0,6,505.0,1,5.0
10614,3779,175483.0,18479.72,1832.92,4147.07,3666.67,9456.0,2472.0,7.0,32,35,54,3,41,75000,1,1,1.0,1,4120.0,15000.0,768.0,6916.0,1078.24,95763.0,36.0,9,199900.0,22181.3,58437.0,31,34,91894.0,32869.75,30520.0,2,104,145000.0,Y,8126.72,current,M,32,MEDIUM,7.2,3,698.0,0,5.0
10615,18601,11494.0,59709.6,1892.0,26121.34,118.0,10317.245,23197.0,1.0,30,7,8,1,30,1000000,1,1,1.0,1,961924.8,50000.0,768.0,6885.0,114265.53,73515.0,29.0,36,37417.0,114876.55,140460.18,3,171,58488.0,15857.51,36307.25,3,11,55267.0,Y,255.62,current,M,53,MEDIUM,13.200000000000001,8,314.0,1,11.0
10616,19204,212169.0,12931.95,632.46,897.97,3271.0,12864.695,3390.0,10.0,36,19,48,27,13,326000,1,1,1.0,1,39851.93,399.09,230000.0,0.0,55576.82,37490.0,77.0,2,26003.0,81679.3,226197.86,0,8,75311.0,94210.14,37634.0,10,0,37772.0,Y,6141.61,current,F,120,MEDIUM,70.0,5,466.0,1,7.0
10617,6125,3993.0,51593.0,870.0,34552.56,3823.7,1305.0,2894.0,12.0,11,3,7,31,98,44000,1,1,1.0,1,12817.21,200926.0,57899.0,-6301.0,2749.23,47295.0,11.0,17,1071967.0,40661.09,200432.5,3,24,43336.0,28249.51,32283.75,1,15,14715.0,Y,935.32,current,M,30,MEDIUM,2.0,6,249.0,0,3.0
10618,5155,18475.0,85405.6,8297.3,20945.17,7347.0,24719.98,4127.0,5.0,83,59,1,2,16,68000,1,1,1.0,1,213557.15,50000.0,798.0,12415.0,157166.54,27082.0,52.0,33,18019.0,121855.16,70410.0,8,28,35333.0,31412.4,94616.0,6,103,30781.27,Y,521.04,saving,M,66,MEDIUM,41.400000000000006,3,485.0,1,6.0
10619,13640,19639.0,17627.91,3882.8,18765.5,6032.67,1223.12,4730.0,8.0,47,27,1,16,55,109000,1,1,1.0,1,1895.04,55000.0,19176.0,3897.0,10985.46,58631.0,7.0,2,32978.0,31698.0,176037.0,4,36,52664.0,108623.0,25001.0,21,12,23795.0,Y,3498.74,current,M,60,MEDIUM,40.0,8,683.0,1,11.0
10620,15742,221832.0,5143.92,1866.0,13624.48,36094.94,30341.88,1134.0,1.0,4,30,50,2,3,510000,1,1,1.0,1,961924.8,35421.67,28985.0,6441.0,21742.25,154032.98,11.0,15,9536.0,19673.0,1956054.61,1,20,18105.0,17208.0,41023.0,19,8,420.0,Y,5159.75,current,M,47,LOW,13.5,4,488.0,1,8.0
10621,6345,16898.0,2857.2,18426.93,2568.28,5603.81,2902.4,926.0,46.0,30,23,2,2,98,403000,1,1,1.0,1,510.6,455873.9,11379.0,2921.0,58947.72,28736.0,77.0,1,20890.0,28304.1,100187.0,3,25,96685.0,117836.55,26732.5,62,80,32198.0,Y,6093.77,saving,M,31,HIGH,7.7,1,887.0,1,11.0
10622,18067,7996.0,26787.18,231.0,31638.0,2445.84,20382.7,3718.67,26.0,22,135,7,1,17,402000,1,1,1.0,1,20659.75,195088.0,11545.0,-4664.0,16125.46,14355.06,18.0,26,9368.0,14586.0,70410.0,4,34,58428.0,49336.76,92922.83,40,22,20535.0,Y,39725.97,current,M,38,LOW,10.8,7,700.0,1,11.0
10623,2606,13848.0,9936.7,2873.0,61669.125,1764.31,4196.08,849.0,10.0,23,135,45,2,47,408000,1,1,1.0,1,52506.0,429273.4,50000.0,1089.0,6987.0,5293.0,62.0,2,19341.0,15575.99,73917.0,6,17,26519.0,237980.5,47533.5,7,79,46343.0,Y,4021.99,current,F,44,LOW,2.4000000000000004,7,969.0,1,13.0
10624,11921,305161.0,17703.41,253.0,5167.71,412.0,5322.7,811.0,12.0,18,19,4,2,3,306000,1,1,1.0,1,309795.13,12257.0,4895.0,977.0,88414.68,53230.11,2.0,26,19320.0,23830.75,68739.5,9,6,3559.0,26127.51,94137.0,43,73,42681.0,Y,15318.75,current,M,66,LOW,32.2,8,247.0,1,6.0
10625,3117,14356.0,5620.31,1912.66,20907.69,5653.0,1223.94,266.0,3.0,23,82,30,2,47,37000,1,1,1.0,1,47.45,108145.0,550.0,-4612.00977,13713.48,72232.0,46.0,28,52993.0,40870.0,33105.57,3,70,32270.0,23373.76,72600.0,2,22,30172.0,Y,8486.25,current,M,25,MEDIUM,2.5,8,628.0,1,11.0
10626,19659,16957.0,66375.81,690.01,13624.48,4948.0,6053.0,1222.0,124.0,42,35,50,1,3,400000,1,1,1.0,1,115818.74,25404.0,2214.0,-4664.0,99344.47,57562.0,84.0,31,48501.0,14701.9,96152.46,6,25,247558.0,22974.9,25230.0,14,32,42872.0,Y,2038.11,current,M,37,MEDIUM,10.200000000000001,4,713.0,1,10.0
10627,7468,3885.0,2085.8,3944.0,11942.0,3993.0,1758.25,2890.0,4.0,36,29,30,2,79,472000,1,1,1.0,1,28844.0,290000.0,183999.0,-4679.0,25708.0,69377.73,3.0,36,24980.0,26640.47,45733.0,35,81,42641.8,33628.62,31045.0,6,0,35752.0,Y,9906.15,current,M,53,MEDIUM,19.8,7,588.0,0,8.0
10628,18228,6385.0,22893.88,306.8,8609.0,16242.0,23970.7,23865.0,26.0,17,10,17,44,67,75000,1,1,1.0,1,1234298.9,48087.25,54101.0,5439.0,71603.32,42917.37,11.0,1,50881.0,86841.42,58079.0,0,46,66495.0,288051.25,33860.5,3,106,39834.0,Y,1003.53,current,M,30,MEDIUM,10.0,1,633.0,1,6.0
10629,6886,4280.0,2248.0,2960.13,4468.5,1146.0,5430.08,1969.0,3.0,46,49,4,55,2,272000,1,1,1.0,1,272677.25,33668.0,13873.0,5730.0,44697.28,64401.0,90.0,5,34208.0,34326.95,300351.0,5,9,23849.51,34740.79,194853.01,3,18,33994.06,Y,18101.41,saving,M,47,MEDIUM,16.2,4,748.0,1,11.0
10630,1398,9248.0,4493.0,7925.0,31304.0,2166.5,3582.705,609.2,24.0,77,50,18,3,4,443000,1,1,1.0,1,53530.07,14000.0,96558.0,35346.0,37930.51,94718.0,42.0,26,27943.0,38591.23,7295.0,3,20,29567.0,52673.0,352189.25,8,103,19638.0,Y,3471.72,saving,F,64,LOW,8.8,2,802.0,1,18.0
10631,16524,15677.0,10167.4,1584.0,6670.0,4561.32,6233.85,6710.0,7.0,10,2,11,3,79,483000,1,1,1.0,1,47450.2,465000.0,1209.0,5439.0,17030.55,125726.0,39.0,3,63166.0,113285.55,189.0,6,59,33989.0,23057.26,52665.93,13,65,35618.0,Y,2098.55,current,M,120,LOW,80.0,1,708.0,1,10.0
10632,9693,12142.0,11178.01,2706.0,19514.97,2771.99,1022.0,649.0,5.0,81,4,20,27,47,461000,1,1,1.0,1,22086.05,20500.0,15756.0,35346.0,15300.04,64533.0,11.0,26,20837.0,10684.53,94317.0,6,82,24828.0,44943.69,44035.0,5,11,273.0,Y,1162.5,current,M,34,MEDIUM,14.0,1,445.0,0,20.0
10633,7141,6836.0,13316.44,3562.0,95625.88,5873.0,29410.74,200.0,8.0,25,4,1,2,1,453000,1,1,1.0,1,325024.6,12000.0,130000.0,5773.0,32555.38,40288.0,40.0,5,41784.0,33376.0,59478.12,8,81,60452.0,28717.2,22115.0,7,96,48122.0,Y,727.33,current,M,47,LOW,27.0,9,922.0,1,8.0
10634,19368,210170.0,9758.15,1805.0,154911.5,5647.0,2759.0,6480.0,7.0,36,5,3,3,1,272000,1,1,1.0,1,223000.0,121927.8,19081.0,-4679.0,30440.0,71054.88,11.0,5,76266.0,20918.5,15210.5,7,6,240215.0,17666.37,51391.0,21,21,123.09,Y,2292.92,current,M,27,MEDIUM,3.5,10,370.0,1,14.0
10635,18764,6269.0,7680.15,11316.0,9781.59,4161.0,1377.1,3431.0,8.0,18,3,7,2,70,17000,1,1,1.0,1,6558.8,134000.0,130000.0,0.0,81339.94,40171.0,90.0,1,275606.54,110196.0,43281.0,2,75,51835.0,78743.64,35091.69,42,24,14245.0,Y,9925.36,current,M,34,LOW,12.600000000000001,4,801.0,1,9.0
10636,12696,2088.0,13190.14,8297.3,4769.09,14738.0,8355.0,7394.0,26.0,6,50,30,2,47,184000,1,1,1.0,1,1534.0,24000.0,33774.0,1079.0,53891.45,399431.16,24.0,0,11620.0,88053.25,38465.0,11,25,31048.0,60590.56,159446.5,12,6,13025.0,Y,942.97,current,M,30,MEDIUM,3.0,7,628.0,1,5.0
10637,5069,10079.0,6911.0,5311.0,955.36,4906.0,51319.0,7762.6,3.0,1,72,6,12,11,267000,1,1,1.0,1,120781.35,195088.0,25524.0,2000.0,29287.11,55949.5,11.0,36,14836.0,6003.29,16869.0,2,26,73167.0,146711.72,121174.75,2,104,45384.0,Y,7993.9,current,F,118,HIGH,68.60000000000001,5,884.0,1,11.0
10638,372,4599.0,6875.855,2037.38,5298.0,3904.0,21476.535,6324.0,7.0,29,5,18,5,42,352000,1,1,1.0,1,15250.79,289469.58,536.0,6441.0,42789.0,66338.0,16.0,26,40685.0,13955.98,36084.0,35,20,236588.0,93867.09,17195.0,1,57,100111.0,Y,25263.16,current,M,25,LOW,4.0,2,743.0,1,7.0
10639,10405,7857.0,3394.44,1446.0,4491.9,690.48,39237.0,17570.22,8.0,6,5,1,1,1,119000,1,1,1.0,1,291969.2,41813.0,19176.0,0.0,13915.5,11771.0,55.0,26,55354.0,78363.01,19701.0,35,20,30700.0,26597.51,15236.0,2,73,56004.0,Y,2256.5,current,M,42,LOW,17.6,3,858.0,1,20.0
10640,12180,785.0,1044.0,6856.5,31762.4,5670.0,4310.32,3098.0,63.0,20,50,18,1,64,369000,1,1,1.0,1,213557.15,60481.0,2644.0,8572.0,447259.75,10888.0,42.0,4,34496.0,93815.77,39363.0,45,11,50835.0,68691.79,51770.0,4,0,15141.0,Y,1914.79,current,F,53,MEDIUM,29.700000000000003,6,653.0,1,18.0
10641,10759,89055.0,33118.06,626.32,23150.22,16589.3,4398.0,8467.62,1.0,9,35,3,2,79,287000,1,1,1.0,1,55700.0,465000.0,50000.0,10210.0,52974.29,27420.68,55.0,13,20927.0,13728.25,50116.0,6,70,82.91,12419.75,15598.29,117,104,49840.0,Y,10986.56,current,M,66,MEDIUM,27.6,7,748.0,1,9.0
10642,4008,17628.0,17562.71,18318.0,4612.13,7043.57,33122.11,37911.0,12.0,17,60,1,2,13,300000,1,1,1.0,1,89908.8,11897.0,20887.0,5773.0,196459.06,41840.0,5.0,35,18000.0,15594.02,160685.92,3,25,126063.0,122203.0,166801.37,43,63,35788.26,Y,6103.82,current,M,42,MEDIUM,8.8,3,683.0,1,10.0
10643,15668,13801.0,129317.0,3260.0,40088.03,5232.0,8281.64,5929.0,531.0,43,1,1,2,6,255000,1,1,1.0,1,1235.85,232524.0,24094.0,1500.0,363.0,27876.23,46.0,2,25228.0,251524.64,26276.0,4,40,18264.0,119439.27,22499.0,7,103,37645.0,Y,11638.0,current,F,28,LOW,8.0,4,299.0,1,18.0
10644,4888,259.0,5522.38,4844.0,21387.49,5006.66,7009.99,2838.0,104.0,99,4,5,9,44,533000,1,1,1.0,1,2666.4,217074.0,678.0,-3506.17993,34532.46,67125.0,16.0,4,65934.0,317.32,59479.57,0,8,36129.0,93292.63,111562.0,3,12,16966.0,Y,43017.62,current,M,37,LOW,11.9,6,737.0,0,2.0
10645,4834,12458.0,28832.62,2031.0,17684.06,135662.0,4753.0,534.0,1.0,11,74,11,2,54,44000,1,1,1.0,1,18861.8,369448.8,50000.0,14509.0,125212.25,42759.0,5.0,19,12898.65,3698.43,32767.0,1,14,71560.01,20184.0,61974.1,2,12,37750.49,Y,4840.7,saving,M,53,LOW,13.200000000000001,10,628.0,1,2.0
10646,6966,39727.0,2015.54,6852.0,6939.26,9508.7,16028.375,4368.74,6.0,3,44,24,2,58,255000,1,1,1.0,1,20141240.0,132324.01,787.0,10210.0,33091.51,38187.0,147.0,1,57312.04,93383.09,24573.0,2,25,38546.0,7279.0,25444.56,3,32,19694.0,Y,131.65,current,F,29,MEDIUM,6.300000000000001,3,324.0,0,11.0
10647,5593,84197.0,155136.79,1100.3,19462.0,2462.98,29191.0,1389.0,5.0,10,112,5,15,39,150000,1,1,1.0,1,2.13,12789.0,33774.0,-6335.0,109584.0,3731.6,22.0,1,27833.0,29361.3,38384.36,6,87,32416.0,49018.49,36167.0,22,12,37548.0,Y,3718.93,current,M,53,LOW,6.6000000000000005,3,505.0,1,6.0
10648,7032,16845.0,11227.0,231.0,1905.0,1108.0,57184.0,8538.0,2.0,8,5,3,4,17,481000,1,1,1.0,1,67833.35,6574.31,11379.0,-6885.0,31225.36,36556.0,42.0,5,22754.0,23131.5,2203.82,2,20,106533.0,78071.88,341228.75,3,106,20331.0,Y,8040.3,current,M,39,MEDIUM,13.3,4,269.0,0,5.0
10649,9212,27913.0,26114.0,1058.28,22874.71,4116.95,821.52,1873.0,12.0,77,82,8,2,79,199999,1,1,1.0,1,360978.37,11982.0,1135.0,8362.0,41293.34,87183.0,67.0,1,71555.0,22298.34,46047.0,3,8,29185.0,2617.25,44811.34,7,96,27181.0,Y,172.29,current,M,34,MEDIUM,12.600000000000001,6,684.0,0,18.0
10650,5510,7012.0,32465.97,5617.0,81087.72,18421.84,4477.52,925.34,53.0,10,19,3,1,13,240000,1,1,1.0,1,1080.75,71944.5,68000.0,5340.0,44464.6,36845.0,35.0,6,139879.0,74062.05,30096.0,6,11,16540.0,25994.69,258216.0,14,104,27786.0,Y,18101.41,current,M,64,MEDIUM,44.0,4,766.0,1,18.0
10651,15359,18241.0,17538.2,1370.0,27345.0,8168.73,7481.0,411.0,56.0,10,87,5,31,5,524000,1,1,1.0,1,87526.1,197800.0,16215.0,8362.0,7504.25,310675.5,8.0,3,26852.0,68266.57,173837.0,10,171,23093.0,19899.41,44382.75,43,63,38953.0,Y,730.1,current,M,42,MEDIUM,15.4,10,766.0,1,8.0
10652,17598,10176.0,6069.86,4695.0,1568.0,3307.0,479.76,18518.52,101.0,30,50,4,15,1,300000,1,1,1.0,1,81284.7,118976.0,29542.0,-5439.0,52242.38,102428.88,46.0,5,37746.0,37189.16,106800.0,4,171,11724.0,19650.75,27531.0,36,7,34199.0,Y,43328.78,current,M,42,MEDIUM,13.200000000000001,6,887.0,1,16.0
10653,11950,405214.0,48113.72,1608.0,134108.88,14216.43,21267.0,3771.34,6.0,85,53,1,7,1,192000,1,1,1.0,1,33784.35,356899.37,2214.0,19453.0,204022.0,23212.0,55.0,2,50639.8,171947.75,59082.0,3,20,37973.0,32148.0,898.0,47,83,42847.0,Y,14633.68,current,M,33,MEDIUM,10.4,7,883.0,1,9.0
10654,18170,11285.0,11151.92,2232.84,51572.0,3188.5,932.52,21126.0,14.0,37,50,50,1,10,255000,1,1,1.0,1,28844.0,159415.3,908.0,24326.0,419275.64,15805.0,24.0,4,1174.0,22493.81,370736.09,5,108,57563.0,99119.76,54329.0,43,65,43906.0,Y,5105.06,current,M,35,MEDIUM,15.0,4,796.0,1,9.0
10655,11715,12724.0,4332.665,201544.79,10218.81,997.0,3725.0,2647.42,24.0,19,27,35,51,2,430000,1,1,1.0,1,2984.1,376694.91,3570.0,4889.0,41436.0,60427.8,52.0,6,1089.0,4013.55,45831.0,70,4,70536.0,47541.75,16564.0,3,32,74122.63,Y,1217.92,current,F,33,MEDIUM,9.1,1,394.0,1,17.0
10656,18929,36539.0,12658.04,518.0,13343.28,220.0,8236.0,954.0,8.0,18,84,1,4,54,429000,1,1,1.0,1,370776.0,43021.0,51520.0,-5998.43994,387331.82,36252.0,11.0,1,10534.0,30090.9,120749.1,70,20,41450.0,40204.21,88499.0,40,37,119952.0,Y,8846.29,current,M,58,MEDIUM,15.200000000000001,9,258.0,1,2.0
10657,12732,3771.0,3095.0,914.4,7359.0,18804.0,17812.0,1004.0,17.0,36,23,3,36,1,232000,1,1,1.0,1,98062.5,1024477.47,25524.0,10455.0,38018.04,30633.0,7.0,3,41698.0,152111.35,95272.3,2,23,23557.0,38094.04,22688.06,3,17,108780.0,Y,250721.05,current,M,63,LOW,30.1,5,537.0,1,3.0
10658,12650,16904.0,20817.0,10430.45,7762.67,4197.0,3377.0,393.0,57.0,23,64,21,31,17,199999,1,1,1.0,1,2002.36,65070.0,8060.0,12174.0,2821.0,63688.0,11.0,26,215000.0,44169.33,32893.0,1,25,33224.0,74201.38,51548.0,5,50,45553.0,Y,730.17,current,M,33,LOW,1.3,4,818.0,0,3.0
10659,13563,18412.0,7506.0,311.62,7297.72,4080.04,5424.77,4094.0,531.0,23,89,39,11,44,47000,1,1,1.0,1,39853.9,5241.0,45000.0,5730.0,64484.09,12793.0,5.0,3,17258.0,27725.25,8737.36,2,18,35235.0,34335.75,83271.0,12,10,6631.4,Y,25289.21,current,M,30,MEDIUM,8.0,7,799.0,1,2.0
10660,9735,84411.0,5362.82,4782.0,5869.5,13746.01,6305.0,1994.0,52.0,26,7,5,7,55,471000,1,1,1.0,1,385.0,93.35,2019.0,-4679.0,13637.9,90216.0,4.0,3,41729.0,45121.69,48537.0,43,35,20700.0,63296.0,65529.0,47,79,8769.0,Y,1527.41,current,M,27,MEDIUM,2.8000000000000003,5,395.0,1,11.0
10661,2151,15879.0,46481.95,14164.0,913.6,1520.0,1655.0,11991.75,43.0,17,2,2,56,11,520000,1,1,1.0,1,40440.4,64491.0,6000.0,-6885.0,59240.25,90120.0,42.0,4,45750.0,20430.0,30026.0,5,4,21063.0,232639.06,28255.47,14,63,32528.0,Y,1116.15,saving,M,37,MEDIUM,13.600000000000001,7,818.0,0,10.0
10662,5179,4553.0,22444.0,2033.0,8888.42,5215.09,3690.12,779.0,1.0,30,7,2,4,1,17000,1,1,1.0,1,40440.4,14000.0,33774.0,1465.0,22996.79,30080.0,91.0,6,4100.0,27526.77,347742.0,0,171,15370.0,33588.0,62444.0,94,120,44525.0,Y,422.46,current,M,32,MEDIUM,8.4,9,505.0,1,18.0
10663,3910,16232.0,20569.14,5554.0,2469.66,3187.8,2578.71,3365.37,16.0,10,7,18,1,11,293000,1,1,1.0,1,13730.0,29479.0,14904.0,5340.0,17924.65,58953.0,35.0,4,242348.0,41880.23,11975.0,11,7,89903.0,40649.71,261432.0,3,0,30957.0,Y,4568.23,current,M,47,MEDIUM,5.4,6,658.0,0,14.0
10664,16762,3875.0,10239.7,1289.0,26878.66,1149.53,11418.63,5946.66,2.0,10,50,42,1,3,383000,1,1,1.0,1,65887.8,100000.0,183999.0,0.0,93550.74,11642.0,84.0,36,31908.0,46594.75,42542.0,3,82,23500.0,15221.0,706.15,47,83,30702.0,Y,6.36,current,M,66,MEDIUM,32.2,7,969.0,1,12.0
10665,15292,321408.0,10609.18,13780.0,5294.79,1869.0,10227.0,3613.42,2.0,99,19,2,25,9,156000,1,1,1.0,1,1399.9,12971.0,13873.0,4795.0,67.25,123519.4,22.0,1,24511.0,48901.2,24323.0,31,8,181071.0,34503.96,38561.0,117,50,44378.0,Y,10055.05,current,F,37,LOW,11.9,2,755.0,1,13.0
10666,11272,309831.0,385.0,615.0,56245.0,7813.0,999.0,1476.0,44.0,27,7,62,1,3,147000,1,1,1.0,1,1466675.0,7194.0,908.0,20513.0,22194.79,143012.0,4.0,31,67144.0,120271.2,76912.52,4,12,43660.0,29321.0,94137.0,2,1,52560.0,Y,220.56,current,M,32,MEDIUM,3.6,10,644.0,1,20.0
10667,7913,136655.0,13129.67,6295.96,180336.83,5995.0,6090.5,3199.0,1.0,67,7,48,23,3,375000,1,1,1.0,1,84446.0,77965.0,57899.0,3897.0,37470.11,120966.0,103.0,6,66810.0,7366.27,29550.0,6,82,22409.0,39902.06,53681.0,3,63,44694.0,Y,1528.76,saving,M,33,MEDIUM,5.2,9,723.0,1,11.0
10668,17696,340094.0,3427.67,7664.15,12395.35,12486.47,10021.7,3121.04,6.0,10,47,6,3,39,345000,1,1,1.0,1,117168.65,375000.0,768.0,3323.0,40885.5,91721.2,5.0,2,1385090.0,36015.75,39075.38,2,20,24703.47,27239.0,481.29,4,0,74832.0,Y,4224.92,current,M,37,LOW,3.4000000000000004,2,535.0,1,7.0
10669,18891,305262.0,3984.78,3602.82,21157.32,1432.28,51605.0,6390.0,17.0,30,44,5,21,17,25000,1,1,1.0,1,7089.7,1194405.5,24619.0,0.0,51197.36,101602.9,94.0,13,17139.0,12823.65,8261.0,17,63,29846.0,63296.0,13232.41,16,0,25004.0,Y,7720.64,current,M,28,MEDIUM,2.4000000000000004,6,536.0,0,11.0
10670,19001,5509.0,22141.56,6578.0,4335.0,17692.0,8802.315,23315.26,67.0,46,9,2,62,1,232000,1,1,1.0,1,8758.2,69370.0,30000.0,1411.0,20286.25,186665.0,67.0,15,96352.0,13489.5,14570.0,8,9,15847.0,31981.25,26232.0,6,76,173252.0,Y,559.23,current,M,58,MEDIUM,38.0,3,864.0,1,5.0
10671,3110,11863.0,25617.0,18773.0,5039.0,5000.0,10766.0,2189.0,57.0,77,59,1,21,34,97000,1,1,1.0,1,27316.5,222222.0,3570.0,173.0,18090.16,114290.0,67.0,3,142556.0,43830.07,47468.23,5,13,42586.0,29644.0,59204.0,8,7,135000.0,Y,6140.92,current,M,33,MEDIUM,1.3,2,259.0,0,20.0
10672,14932,18514.0,3614.6,6161.96,15293.91,88209.03,17574.63,945.97,3.0,601,27,6,60,6,47000,1,1,1.0,1,309795.13,278360.16,13873.0,35346.0,69800.57,285079.48,23.0,7,43694.0,100987.85,111230.36,70,11,9999.0,114493.51,143129.13,49,32,10040.39,Y,26179.16,current,M,33,LOW,9.1,1,700.0,1,14.0
10673,1195,7920.0,7054.88,2448.0,66289.0,135662.0,2246.08,17200.0,2.0,9,2,2,12,1,520000,1,1,1.0,1,21511.8,3.59,68000.0,2921.0,28969.05,115525.0,32.0,3,25012.0,42321.23,24739.5,4,25,21729.0,37944.17,35268.0,2,113,47203.52,Y,7034.04,current,M,34,HIGH,14.0,1,968.0,1,11.0
10674,10232,290543.0,817.0,25858.41,33353.0,2760.52,16650.0,4810.81,50.0,19,82,1,16,10,10000,1,1,1.0,1,72383.25,232235.65,4699.0,5341.0,19843.1,37000.0,5.0,19,115083.0,57494.44,90100.0,35,8,202500.0,39372.67,297640.0,10,80,1111.0,Y,16.73,current,M,47,MEDIUM,27.0,5,355.0,1,19.0
10675,767,182233.0,82650.05,321.23,28368.54,5459.0,3989.97,999.0,7.0,22,2,8,3,13,68250,1,1,1.0,1,5457.0,2300000.0,1515.0,5340.0,83147.0,45271.0,67.0,1,19718.0,30803.35,22550.0,6,8,13548.0,78395.91,125066.0,6,104,18600.0,Y,7720.64,current,M,33,MEDIUM,9.1,7,519.0,1,7.0
10676,12556,19826.0,30765.4,13220.37,33559.68,2091.0,20139.0,2790.0,66.0,50,46,2,20,1,461000,1,1,1.0,1,3413.5,71256.0,13873.0,6885.0,47878.99,483250.0,4.0,2,24193.0,37761.47,1607.0,3,5,10990.0,9788.07,38706.0,47,11,32425.0,Y,756.18,current,M,32,MEDIUM,9.600000000000001,10,658.0,1,5.0
10677,16610,20111.0,12025.0,4467.0,7442.82,2337.0,54987.5,1572.0,5.0,9,3,1,4,20,375000,1,1,1.0,1,22086.05,159308.0,16215.0,6885.0,32134.98,48519.0,11.0,7,10250.0,23329.0,22359.0,9,20,33200.0,2736.83,35780.0,36,21,7000.0,Y,28111.95,current,M,53,LOW,29.700000000000003,3,755.0,1,14.0
10678,17411,295637.0,12030.37,3546.98,436.81,17243.54,2872.225,4751.83,4.0,99,44,1,44,1,193730,1,1,1.0,1,144293.83,82907.34,60000.0,2351.0,14732.58,33151.48,16.0,1,14310.0,35229.15,35518.0,1,108,15151.0,18974.01,94137.0,117,40,45062.0,Y,203.21,saving,F,53,MEDIUM,23.1,2,351.0,1,20.0
10679,10853,114345.0,6434.04,5036.1,843.35,9962.0,4357.0,887.0,10.0,10,3,1,4,1,244000,1,1,1.0,1,50550.5,278360.16,925.0,167.0,130788.7,90204.0,16.0,2,29077.0,713.0,13489.0,2,25,28233.0,74396.65,161082.03,94,83,166970.0,Y,3741.27,current,M,33,MEDIUM,11.700000000000001,5,809.0,1,7.0
10680,9065,2159.0,14035.36,8087.0,33026.66,152.1,2511.0,4328.0,101.0,36,50,48,4,98,507000,1,1,1.0,1,53374.97,1971236.9,6738.0,3897.0,27399.25,25179.72,43.0,4,20248.0,54972.73,26720.0,2,70,20807.0,27974.0,5720.0,2,104,95800.0,Y,5476.02,current,M,34,MEDIUM,8.4,4,582.0,1,19.0
10681,15189,42522.0,445.77,1143.95,5952.15,1010.04,3809.0,847.0,124.0,84,50,1,3,12,184000,1,1,1.0,1,1053411.2,165000.0,678.0,1500.0,30022.0,135771.0,20.0,2,36579.0,79864.5,35354.26,3,7,101174.0,89183.5,61907.8,94,38,25943.0,Y,1962.53,saving,M,37,LOW,10.200000000000001,1,640.0,1,8.0
10682,15659,1446.0,6046.54,1421.0,13870.87,5590.2,15361.07,5304.0,4.0,26,10,57,3,25,408000,1,1,1.0,1,1859872.2,63173.17,711.0,1954.0,46167.54,32865.5,10.0,3,49693.0,66706.0,41755.0,0,35,52869.0,29560.82,194853.01,3,15,9936.97,Y,21489.99,current,M,66,MEDIUM,36.800000000000004,9,801.0,1,15.0
10683,19395,4601.0,11829.92,2018.33,3511.62,17038.61,10521.5,8994.0,1.0,4,38,50,20,16,20000,1,1,1.0,1,89908.8,71256.0,49975.0,6916.0,55533.89,24040.0,18.0,30,19107.0,117355.94,56753.0,3,108,45547.0,28327.63,22715.0,3,35,61540.0,Y,1324.97,current,M,33,MEDIUM,6.5,3,249.0,1,14.0
10684,15799,345629.0,5609.85,1221.0,2743.28,10805.19,7498.095,2442.07,4.0,16,84,47,44,1,127500,1,1,1.0,1,1900.0,172131.0,10271.0,1079.0,11441.75,13515.0,67.0,3,20776.0,65044.0,23692.0,2,171,1615.0,12523.8,109480.0,3,12,40944.0,Y,1231.38,current,M,51,LOW,31.0,6,394.0,1,16.0
10685,19155,4984.0,6327.82,505.0,31263.31,3384.01,1313.4,2525.0,4.0,2,7,2,36,9,300000,1,1,1.0,1,3950.0,165970.9,69493.0,35346.0,46587.88,141099.39,35.0,1,41081.0,34843.07,24789.0,3,6,97916.0,92440.32,129993.0,3,21,27893.0,Y,1332.19,current,M,66,LOW,4.6000000000000005,4,799.0,1,15.0
10686,104,329297.0,4238.9,1999.37,19760.78,1395.0,11582.0,62973.2,7.0,23,1,1,7,2,430000,1,1,1.0,1,325024.6,17000.0,16004.0,6885.0,6678.71,142210.0,63.0,36,78736.0,56592.0,32128.36,2,171,56458.0,35796.0,42886.0,6,50,21041.0,Y,401.47,current,M,53,LOW,9.9,7,372.0,0,4.0
10687,13514,219373.0,19041.49,556.02,6049.0,3493.0,9126.0,4772.0,7.0,5,42,18,60,98,406000,1,1,1.0,1,44575.0,100934.0,50000.0,-5942.0,172727.33,29510.5,18.0,26,33233.0,67393.25,41789.0,3,12,34030.0,52773.69,35362.0,6,50,21155.0,Y,2170.57,current,F,53,HIGH,33.0,7,818.0,1,6.0
10688,19734,3801.0,2872.9,4780.0,20691.92,1202.0,2875.0,737.0,26.0,128,10,48,55,8,352000,1,1,1.0,1,151000.0,222222.0,14904.0,5773.0,103866.51,16027.0,55.0,30,25335.0,24257.08,540922.0,2,1,49994.25,183956.07,63096.0,94,1,21385.0,Y,5884.13,saving,M,53,MEDIUM,23.1,9,525.0,1,18.0
10689,8040,2705.0,887.12,5909.01,1092.5,8915.8,3199.0,22068.77,18.0,3,3,1,1,47,66000,1,1,1.0,1,115818.74,1194405.5,130000.0,-5439.0,31577.0,17330.0,11.0,19,9126.97,58093.91,57007.0,6,86,28147.0,43704.51,28728.0,14,58,56587.0,Y,6633.55,current,M,30,MEDIUM,2.0,1,485.0,1,9.0
10690,4973,3978.0,5621.0,1259.34,3191.56,65.0,8905.0,10014.0,56.0,13,47,57,55,11,212500,1,1,1.0,1,360978.37,51531.0,24251.0,0.0,60152.75,134766.46,20.0,26,313439.0,29362.63,115594.74,9,1,560.0,262337.0,24569.0,3,12,20615.0,Y,1550.19,saving,M,28,MEDIUM,4.0,6,698.0,1,11.0
10691,15602,325494.0,4340.0,14986.9,947.9,4474.66,6634.0,120578.0,50.0,6,59,48,2,1,287000,1,1,1.0,1,31454.1,31000.0,641.0,-4679.0,54730.75,55283.0,35.0,23,82114.0,5685.9,18353.42,43,5,36982.0,33082.8,26897.0,2,73,55721.0,Y,793.41,current,M,35,MEDIUM,1.5,1,123.0,1,4.0
10692,1131,14310.0,13601.37,6371.28,3078.06,6776.0,12886.0,5163.0,26.0,17,10,1,2,17,102000,1,1,1.0,1,35280.0,93.35,2644.0,2337.0,27956.64,53003.0,27.0,0,43935.0,220429.63,141535.2,3,49,32226.0,16132.46,31408.0,1,75,57600.0,Y,4430.99,current,M,28,LOW,4.0,2,254.0,0,16.0
10693,10039,11855.0,1389.71,2749.14,2903.72,2070.0,49888.17,5490.0,9.0,26,23,1,23,10,232000,1,1,1.0,1,3950.0,78050.0,33330.0,1332.0,281677.87,25972.0,43.0,0,98441.0,99587.19,353994.0,43,59,11374.0,52673.0,469709.0,5,107,176.96,Y,3850.41,saving,M,35,MEDIUM,13.5,1,243.0,0,10.0
10694,7983,291237.0,6226.16,1166.42,2831.0,6515.64,605.52,3250.0,2.0,30,1,17,1,56,16000,1,1,1.0,1,27324.0,221000.0,925.0,12174.0,10179.58,83339.0,69.0,7,12141.0,67262.91,195951.75,6,20,21643.0,14197.24,127119.77,2,83,126467.0,Y,10169.44,current,M,55,MEDIUM,14.0,7,713.0,1,8.0
10695,11699,3756.0,10887.68,16462.0,6016.02,1687.5,2324.0,21126.0,3.0,10,89,1,2,1,403000,1,1,1.0,1,24832.0,152.87,38599.0,-6885.0,30717.12,30330.0,77.0,17,20303.0,122936.5,128886.6,3,78,40.24,89092.17,63244.0,49,32,107436.0,Y,2689.1,current,M,37,MEDIUM,5.1000000000000005,3,883.0,1,6.0
10696,18722,3750.0,9795.0,4613.0,18884.78,24041.13,1938.0,499.4,531.0,10,4,62,44,68,595000,1,1,1.0,1,61186.36,257406.7,3975.0,6916.0,345932.13,52569.0,147.0,13,56196.33,23635.5,50682.34,2,16,91306.0,74201.38,39378.0,21,65,101443.0,Y,1628.5,current,M,53,MEDIUM,9.9,9,330.0,1,6.0
10697,7375,181003.0,4759.44,2275.0,5369.0,23627.0,8190.0,24148.83,1.0,23,74,1,6,1,581000,1,1,1.0,1,506688.65,3.59,1526.0,1089.0,31921.12,69278.5,49.0,4,19718.0,46316.0,29786.3,2,26,62487.0,498.29,3652.38,21,50,93448.0,Y,1543.44,saving,M,46,LOW,15.600000000000001,8,911.0,1,20.0
10698,6480,17914.0,385.0,441.0,31278.4,541.0,3921.745,11275.0,1.0,34,11,17,6,8,199999,1,1,1.0,1,360978.37,446457.0,130000.0,1954.0,66113.98,64218.0,36.0,18,52279.0,34628.5,47321.0,2,40,37019.0,101145.46,29286.5,49,68,4834.0,Y,4521.67,current,F,27,LOW,6.300000000000001,4,799.0,1,9.0
10699,6819,9741.0,17162.16,1913.0,16357.91,8127.0,10682.0,885.0,6.0,23,11,1,7,11,400000,1,1,1.0,1,17377.25,120541.0,3570.0,553.0,78891.92,66672.06,16.0,4,47432.0,138731.14,61877.0,1,35,28251.0,4691.89,98731.0,10,10,15844.0,Y,61649.29,current,F,44,LOW,9.600000000000001,7,508.0,1,14.0
10700,14801,286146.0,72413.4,16815.5,30369.74,2684.0,2596.795,2270.0,57.0,23,67,60,1,68,256000,1,1,1.0,1,127004.3,25404.0,43798.0,6885.0,42215.0,345.37,72.0,2,37478.0,69437.0,194.0,4,12,20780.0,19983.0,53411.0,3,0,28633.0,Y,5341.23,current,F,35,MEDIUM,15.0,2,710.0,1,7.0
10701,10143,327604.0,6430.85,1730.0,27159.19,642.0,4652.095,2045.52,67.0,77,13,1,25,8,188000,1,1,1.0,1,117680.0,1187335.5,100000.0,8572.0,43990.44,45107.0,42.0,1,29411.0,28140.0,18623.0,1,82,27670.0,69396.0,40271.0,94,25,58716.0,Y,7048.38,current,M,46,MEDIUM,26.0,3,247.0,1,10.0
10702,16067,213169.0,4109.93,5277.9,1113.0,118.0,7488.0,2141.0,6.0,42,50,15,1,1,104000,1,1,1.0,1,6558.8,232524.0,2019.0,3897.0,34105.0,25788.0,4.0,13,28180.0,99786.27,15421.0,1,82,35007.0,38743.08,14958.5,3,50,13653.0,Y,2490.57,current,M,37,MEDIUM,3.4000000000000004,10,595.0,0,18.0
10703,10847,293656.0,51917.6,16031.0,3729.83,4455.91,5119.0,252.0,1.0,11,10,2,62,18,267000,1,1,1.0,1,4230125.0,93.35,4895.0,12965.0,57948.7,45811.0,3.0,2,19250.5,14012.0,12783.0,4,86,19096.0,68522.31,22746.87,9,6,1009.8,Y,82160.62,saving,M,50,MEDIUM,15.0,1,753.0,1,18.0
10704,2259,6311.0,5411.38,14164.0,11416.06,8980.91,12215.95,332.28,8.0,8,51,1,1,56,366000,1,1,1.0,1,233727.15,440000.0,462.0,6885.0,85327.37,33805.0,46.0,2,39935.0,63324.83,261878.0,6,23,21457.0,236997.5,80112.6,21,79,19038.0,Y,2825.87,current,M,35,MEDIUM,1.5,9,623.0,1,4.0
10705,1344,3458.0,4606.65,1960.13,15562.07,277.1,6365.33,1054.0,8.0,3,5,1,1,10,294000,1,1,1.0,1,9832490.0,10701.0,925.0,6916.0,6804.25,46030.0,22.0,6,39174.0,18086.0,38463.0,2,20,13736.0,32702.2,92380.93,2,15,16634.0,Y,212.53,current,M,37,MEDIUM,6.800000000000001,3,614.0,1,13.0
10706,4301,303677.0,7309.75,24296.26,2762.0,3748.5,16995.0,492.0,18.0,56,84,11,51,18,199999,1,1,1.0,1,384550.05,223379.4,300500.0,-4664.0,1076.75,144353.0,6.0,1,71395.0,49747.84,40348.0,3,63,2951.0,65411.5,84470.0,6,75,27503.0,Y,8530.12,current,M,38,MEDIUM,1.8,10,805.0,0,14.0
10707,18859,5373.0,3912.0,662.0,20331.57,4181.0,7452.06,30020.0,57.0,26,89,45,44,3,267000,1,1,1.0,1,3638.25,237365.38,25639.0,-4679.0,91244.0,26852.61,67.0,0,291262.0,13251.5,99630.76,6,171,130790.0,5239.19,19125.0,3,79,147250.0,Y,8388.56,current,M,47,LOW,16.2,8,911.0,1,12.0
10708,9848,405325.0,7159.75,1978.0,843.5,6864.0,2254.0,908.0,101.0,1,13,3,18,6,255000,1,1,1.0,1,19265.4,340000.0,28912.0,0.0,2831121.0,24256.0,5.0,1,21100.0,20275.51,2074.0,2,13,15769.0,4600.0,84617.0,4,68,6138.0,Y,44633.17,current,M,42,MEDIUM,4.4,4,354.0,1,17.0
10709,7943,293664.0,10371.81,1447.42,7018.0,16785.0,7543.0,2475.0,531.0,2,30,42,31,3,381000,1,1,1.0,1,213557.15,76157.6,462.0,20324.0,41229.0,50149.3,11.0,6,119084.0,107728.22,28741.0,0,20,28154.0,76903.1,36808.87,4,100,27247.0,Y,3.83,current,F,60,HIGH,36.0,5,516.0,1,4.0
10710,15576,17882.0,13313.5,1730.0,2003.95,8701.0,3554.47,1008.73,10.0,10,47,25,6,42,303000,1,1,1.0,1,2008232.55,66.0,20887.0,7478.0,51878.85,26811.0,10.0,1,89.0,35142.54,32690.0,50,12,179500.0,100256.27,40681.0,10,28,27634.0,Y,4472.14,current,M,28,MEDIUM,4.0,4,299.0,0,15.0
10711,10093,14274.0,26949.04,1405.09,2412.03,302.0,61117.72,1065.0,5.0,9,50,1,3,4,273000,1,1,1.0,1,75240.45,118976.0,54101.0,173.0,49066.0,109478.5,35.0,3,50364.68,95243.83,64203.0,2,70,30192.0,7628.92,52688.49,19,8,21370.16,Y,2221.74,current,M,47,LOW,2.7,7,743.0,1,16.0
10712,6771,13334.0,12760.84,5308.0,8801.0,756.0,2286.0,641.0,26.0,22,4,50,2,10,139999,1,1,1.0,1,40440.4,19129.94,19176.0,-4612.00977,63355.21,186665.0,42.0,3,55031.0,73957.03,45068.0,1,20,32416.0,77051.4,57487.0,6,3,36242.0,Y,2097.35,saving,M,47,LOW,18.900000000000002,7,743.0,0,2.0
10713,8882,16245.0,20779.0,2307.67,4954.72,2031.0,22167.0,17511.0,43.0,99,51,25,2,4,302000,1,1,1.0,1,34443.0,536874.6,3792.0,-4664.0,6002.76,20960.0,7.0,4,77595.0,43325.8,20828.0,5,20,217640.0,25876.8,478865.0,2,3,78.0,Y,3834.04,current,F,25,MEDIUM,1.5,6,647.0,1,13.0
10714,19694,338685.0,2228.0,915.0,2338.0,1165.0,4022.17,779.0,14.0,6,102,3,4,30,256000,1,1,1.0,1,250631.8,100934.0,16215.0,-6885.0,27032.0,302378.04,103.0,2,17175.0,54913.16,70843.0,2,25,18948.0,35025.14,73939.0,11,39,37767.0,Y,1592.35,current,M,34,LOW,9.8,5,519.0,1,9.0
10715,12791,107520.0,2653.81,7285.0,5378.22,2913.65,1309.0,423.02,8.0,4,30,8,4,44,518000,1,1,1.0,1,137260.8,470000.0,825.0,0.0,47259.42,17014.91,23.0,5,145892.0,11851.0,50210.35,4,6,19665.0,24122.12,65522.0,12,120,30602.0,Y,5333.82,current,M,28,LOW,2.4000000000000004,7,799.0,1,16.0
10716,17818,8522.0,51574.62,745.86,3623.0,59846.44,48405.58,12743.0,63.0,93,89,50,8,55,124000,1,1,1.0,1,1112.4,19000.0,12016.0,14509.0,49104.28,119761.0,3.0,1,31334.0,95430.43,26596.0,50,171,35052.0,163992.7,26745.0,8,73,34896.0,Y,1339.92,current,M,47,MEDIUM,10.8,5,686.0,0,19.0
10717,13523,9204.0,10818.0,7009.0,5391.0,36542.0,6618.45,2890.0,15.0,43,1,1,5,26,403000,1,1,1.0,1,13668.25,3651922.3,19081.0,-3506.17993,32995.06,75963.0,46.0,23,60040.0,19771.0,27047.0,3,81,40578.0,155981.09,31855.09,8,25,31020.0,Y,11358.72,current,M,30,MEDIUM,7.0,4,355.0,1,2.0
10718,15852,403018.0,17452.52,3138.6,19802.28,253293.0,6464.0,511.0,9.0,23,35,4,2,10,400000,1,1,1.0,1,192428.25,41.26,96558.0,0.0,129999.86,33967.0,4.0,13,112099.0,47072.02,62822.07,4,20,23242.0,81395.18,120864.65,3,103,16923.0,Y,13043.34,saving,M,120,LOW,20.0,1,958.0,0,13.0
10719,17951,1256.0,14906.08,608.75,5375.47,2133.79,5232.74,2829.0,57.0,26,20,3,7,4,136000,1,1,1.0,1,298492.0,25000.0,18389.0,-5715.49022999999,28301.78,11587.0,84.0,36,42705.0,40044.75,42054.0,35,6,40018.0,17499.7,20420.0,40,12,37842.0,Y,3241.26,current,M,32,HIGH,12.0,7,385.0,0,8.0
10720,18133,13626.0,30385.0,1226.0,5100.01,94647.0,8393.81,3802.0,6.0,3,46,60,44,4,48000,1,1,1.0,1,272677.25,545000.0,33774.0,-5998.43994,27103.28,18163.0,10.0,3,31413.0,40180.75,24577.0,31,81,25366.0,25033.6,53010.0,3,73,64733.0,Y,15617.44,current,M,34,LOW,1.4000000000000001,4,743.0,0,16.0
10721,11039,17007.0,15461.84,12538.0,1348.0,3602.3,12970.0,799.0,101.0,5,74,1,1,8,19000,1,1,1.0,1,78390.5,221000.0,300500.0,7984.0,44007.17,30849.0,2.0,2,18360.0,60866.63,60692.0,0,24,2412000.0,110647.75,25163.0,4,21,28990.0,Y,843.3,current,M,223,MEDIUM,40.6,7,511.0,1,20.0
10722,9205,19779.0,4384.33,3159.0,11203.84,10297.95,14624.19,706.0,6.0,3,3,6,3,13,268000,1,1,1.0,1,716556.5,19000.0,30011.0,0.0,44752.09,19946.0,22.0,7,100627.0,25979.58,9914.0,9,104,40484.0,42991.03,65549.29,1,18,25142.0,Y,5763.45,current,M,58,LOW,30.400000000000002,9,698.0,1,15.0
10723,2320,391129.0,3861.91,4391.71,11817.95,357.73,27696.22,8467.62,6.0,18,9,5,11,11,190000,1,1,1.0,1,2008232.55,159308.0,16114.0,2008.0,23425.81,52872.0,86.0,3,18360.0,1240.0,137772.0,6,42,25068.0,49819.0,106391.0,4,13,11918.0,Y,3476.33,current,M,44,LOW,24.0,8,268.0,1,11.0
10724,2562,10530.0,6069.86,321.23,37891.83,4678.5,4152.3,589.52,29.0,77,135,1,16,2,44000,1,1,1.0,1,510.6,31730.49,300500.0,8572.0,45026.04,21822.0,29.0,29,35439.0,24472.0,30192.0,6,29,16676.0,32915.02,36855.65,16,12,43361.0,Y,219.78,current,M,33,MEDIUM,6.5,5,448.0,1,15.0
10725,10223,213321.0,28464.0,1626.0,15334.69,770.0,11720.415,7281.0,4.0,32,13,50,1,98,104000,1,1,1.0,1,45463.0,200926.0,49975.0,5773.0,32555.38,203146.88,8.0,3,33656.0,27244.88,50098.0,43,67,71248.18,47330.89,3064.0,6,68,102373.0,Y,1740.94,saving,M,28,MEDIUM,0.8,2,296.0,1,4.0
10726,10284,9439.0,16584.54,147.0,20788.83,3157.52,15763.04,523.0,1.0,38,30,48,3,42,155000,1,1,1.0,1,593.2,390700.0,36114.0,3897.0,40625.43,100188.0,18.0,2,96303.0,11816.22,62577.0,2,7,167501.0,22460.97,139829.44,94,0,31873.0,Y,11192.56,current,F,33,MEDIUM,9.1,1,554.0,0,2.0
10727,13240,19657.0,6204.15,26764.29,4260.78,2714.9,14040.4,1146.0,57.0,37,82,1,5,9,147000,1,1,1.0,1,262584.0,462011.1,183999.0,2921.0,31012.0,45894.0,3.0,7,8850.0,72867.21,62389.0,1,25,27837.0,34975.28,179967.0,47,10,61186.0,Y,12833.16,saving,M,55,MEDIUM,10.5,8,374.0,1,16.0
10728,11027,11235.0,6306.95,2132.0,9262.97,605.0,5961.71,1132.04,7.0,3,117,11,21,98,75000,1,1,1.0,1,1417886.15,68663.61,5822.0,5350.0,191780.0,124816.0,46.0,1,13703.0,23485.48,88974.0,1,20,23483.0,17091.8,37668.0,36,64,24705.0,Y,7703.7,current,M,58,LOW,26.6,1,614.0,0,17.0
10729,14409,11355.0,426.0,34886.72,43159.45,5995.0,13725.995,431.28,3.0,18,9,12,2,70,48000,1,1,1.0,1,41070.0,90829.65,3975.0,1992.0,29383.02,24338.0,36.0,0,43405.0,16551.17,70657.0,10,36,25555.0,85072.25,231537.0,1,120,15428.0,Y,19279.87,current,M,62,MEDIUM,37.800000000000004,8,863.0,0,15.0
10730,3731,17226.0,654.5,4135.15,1281.0,1075.92,8659.0,125.0,10.0,47,27,50,4,1,188000,1,1,1.0,1,168265.55,210651.4,3975.0,-4664.0,20141.12,46059.0,69.0,9,36678.0,32444.94,14654.0,47,4,31259.58,7838.0,273300.29,7,24,37073.67,Y,3046.39,current,M,30,HIGH,6.0,7,488.0,1,14.0
10731,16828,5837.0,9362.27,534.13,39947.13,173.0,4588.0,1634.91,2.0,10,48,41,3,47,68000,1,1,1.0,1,35280.0,200926.0,13873.0,20513.0,595875.65,10190.0,7.0,2,16498.0,30597.98,277699.25,1,5,20031.0,78725.03,91419.0,94,113,9447.0,Y,306.11,saving,F,58,MEDIUM,30.400000000000002,6,606.0,0,16.0
10732,3228,8200.0,15076.0,608.75,22573.45,777.57,2738.225,715.0,59.0,2,59,35,7,10,34000,1,1,1.0,1,39851.93,537476.4,33774.0,6441.0,148615.97,10511.34,7.0,27,12929.0,47489.18,67498.76,70,171,53946.0,5307.52,33123.0,1,76,42678.0,Y,11131.41,current,M,34,MEDIUM,8.4,5,818.0,1,2.0
10733,10575,11794.0,6197.03,2465.0,21563.85,152.1,12069.85,1054.0,66.0,11,7,1,2,47,520000,1,1,1.0,1,208710.8,31000.0,25728.0,553.0,21095.85,87974.0,49.0,4,35670.0,88254.0,34297.0,2,11,162500.0,90139.13,108611.0,3,106,53489.0,Y,42678.97,current,M,56,LOW,32.4,10,299.0,1,11.0
10734,6211,16481.0,14210.48,5735.0,54273.22,32482.83,13321.9,9812.0,7.0,19,5,47,36,17,408000,1,1,1.0,1,70310.6,30453.0,825.0,5464.0,125913.54,23496.5,42.0,2,34617.0,22345.16,29605.0,43,1,33783.0,11656.5,171169.91,3,104,20538.0,Y,299.7,current,M,49,MEDIUM,17.400000000000002,6,683.0,1,17.0
10735,16055,20345.0,2710.71,2951.97,602.16,2258.0,8400.44,738.14,43.0,30,29,6,2,5,75000,1,1,1.0,1,291969.2,47489.0,2158.0,2351.0,68429.63,70073.54,22.0,1,50960.95,23288.23,107133.0,1,46,30429.0,68143.0,43978.0,7,12,36521.0,Y,430.81,current,M,62,MEDIUM,8.4,8,799.0,1,15.0
10736,250,13914.0,8057.95,9647.57,5294.79,9913.63,1862.38,3963.0,24.0,19,44,18,31,53,371000,1,1,1.0,1,13.8,21698.0,2130.0,-4679.0,29613.28,53015.0,20.0,7,30477.1,63510.64,55188.0,4,4,35071.0,126746.24,4486.34,62,13,40337.0,Y,4002.39,current,M,51,LOW,12.4,4,245.0,0,18.0
10737,17712,15214.0,6944.54,8684.66,73629.66,12277.68,12700.51,5246.0,2.0,23,2,22,18,16,581000,1,1,1.0,1,0.35,15300.0,68000.0,886.0,140233.2,148026.5,52.0,29,109286.0,8521.5,329250.0,9,7,20354.0,14875.49,34901.0,4,39,25982.0,Y,8125.11,current,F,35,MEDIUM,13.5,1,809.0,0,8.0
10738,6589,18968.0,46484.56,8218.0,77592.18,13356.0,41344.44,1969.0,1.0,23,9,3,2,64,59000,1,1,1.0,1,33145.5,650000.0,16215.0,2351.0,40434.0,48521.0,1.0,1,34911.0,51194.24,94760.0,4,63,25902.0,62925.84,18275.0,2,15,17833.0,Y,3895.13,current,M,39,MEDIUM,15.200000000000001,5,536.0,1,20.0
10739,13956,19860.0,20050.0,1143.52,21846.12,3776.0,1355.8,3410.73,3.0,26,67,45,4,98,195000,1,1,1.0,1,28844.0,100934.0,29542.0,6916.0,39799.0,107239.0,103.0,1,28655.0,42950.01,101245.0,6,13,44334.0,42681.02,22993.0,5,107,12587.0,Y,6817.89,saving,F,30,MEDIUM,2.0,10,464.0,1,11.0
10740,11190,5338.0,33753.15,7091.0,26862.0,4585.19,18207.22,2217.0,4.0,9,60,10,5,5,190000,1,1,1.0,1,550.0,375000.0,30011.0,12163.0,4747.25,51078.38,39.0,7,33833.0,46830.53,157103.0,3,8,22120.0,28324.5,155371.0,40,12,11970.0,Y,3364.53,current,M,34,MEDIUM,11.200000000000001,5,748.0,0,16.0
10741,16269,12955.0,11971.93,3532.0,4942.0,5282.0,152235.905,2499.0,9.0,3,64,42,25,98,329000,1,1,1.0,1,41883.6,82907.34,3570.0,1931.0,66233.55,179.41,24.0,4,46136.0,155059.0,76584.45,35,44,36989.0,52651.95,17148.0,4,11,99755.0,Y,4416.62,current,M,30,MEDIUM,8.0,5,583.0,0,3.0
10742,15677,16714.0,22472.67,17273.26,13770.08,22344.55,4497.1,4505.0,12.0,3,3,54,3,54,28000,1,1,1.0,1,22086.05,128314.74,1166.0,2351.0,151232.99,36955.92,4.0,36,82126.0,18667.92,73629.5,43,171,213000.0,50183.0,69310.79,43,12,65602.0,Y,335.88,saving,M,62,MEDIUM,25.200000000000003,1,700.0,1,11.0
10743,9587,14994.0,6473.9,666.0,23010.0,1223.0,17930.5,2742.0,43.0,2,13,57,20,34,187000,1,1,1.0,1,60050.0,157624.24,98472.0,-5715.49022999999,70613.0,35076.0,91.0,3,17336.0,25876.55,21792.0,2,25,24890.0,12811.41,88033.75,2,22,12604.0,Y,2090.17,saving,M,35,MEDIUM,12.0,10,454.0,1,4.0
10744,12690,332312.0,1020.41,4850.0,3433.18,21614.8,88965.97,2150.0,15.0,5,49,5,60,11,19000,1,1,1.0,1,26360.0,64309.52,1266.0,16455.0,32800.31,96725.0,39.0,3,240000.0,66515.37,154421.0,8,8,23341.0,42467.5,5070.0,62,58,12587.0,Y,727.03,current,F,55,MEDIUM,28.0,1,233.0,1,3.0
10745,15172,3610.0,2794.88,3552.0,12067.1,4796.85,913.78,2994.76,6.0,46,13,2,9,80,595000,1,1,1.0,1,70310.6,76157.6,25000.0,-3625.0,558168.0,524247.89,55.0,4,19709.0,33850.03,29310.0,3,81,87332.0,53853.02,132301.0,13,83,45440.0,Y,4268.48,current,M,47,LOW,24.3,2,858.0,0,9.0
10746,14594,287458.0,803.5,597.01,6599.1,1529.0,6082.75,4850.0,8.0,3,89,24,4,34,147000,1,1,1.0,1,684495.7,446457.0,78309.0,-4679.0,120169.84,41822.42,39.0,1,38947.0,9074.33,100683.0,4,40,34162.0,23549.5,44840.0,94,57,11598.0,Y,1626.1,current,M,33,LOW,13.0,3,644.0,1,10.0
10747,4858,16048.0,53346.77,246.0,16529.54,3324.73,3347.0,143.0,2.0,14,105,7,1,42,306000,1,1,1.0,1,526.25,143000.0,6738.0,20324.0,122562.6,57675.0,11.0,1,11856.0,22921.88,24399.0,6,20,31251.5,34763.07,285.0,40,61,27093.79,Y,3476.33,current,M,47,MEDIUM,16.2,6,643.0,0,2.0
10748,11949,4955.0,3751.13,1916.9,26022.5,1122.9,5961.0,3328.34,104.0,23,16,2,6,1,375000,1,1,1.0,1,44331.81,230000.0,50000.0,0.0,58536.58,11071.0,46.0,36,45947.0,66471.0,1607.0,35,42,26181.0,87015.18,35062.74,6,38,23566.0,Y,12.94,current,F,60,HIGH,24.0,1,270.0,0,13.0
10749,3093,4919.0,15020.17,25408.52,6227.8,403.56,15204.43,500.0,28.0,23,59,3,1,2,403000,1,1,1.0,1,55700.0,11897.0,56305.0,2337.0,69900.84,10077.0,55.0,4,33759.0,12049.18,18255.0,0,171,48345.0,27908.75,91233.0,36,11,36521.0,Y,8898.03,saving,M,63,HIGH,12.9,9,921.0,1,12.0
10750,16354,11835.0,1290.4,11316.0,3483.25,10045.0,3485.355,5289.0,57.0,34,13,1,45,12,170000,1,1,1.0,1,3638.25,13299.0,6100.0,1332.0,20912.36,11263.78,63.0,36,25829.0,24894.51,1585.0,4,11,3900.0,64660.79,25445.0,12,11,37008.0,Y,39834.02,current,M,42,HIGH,8.8,5,300.0,1,15.0
10751,16641,12670.0,115265.55,34247.53,351.0,7762.0,3040.41,5023.0,44.0,10,16,1,5,41,150000,1,1,1.0,1,7438.11,202560.0,2841.0,10210.0,78908.0,79859.0,62.0,1,47964.0,8497.0,290260.5,6,17,5603.0,26564.24,43276.0,6,1,22177.0,Y,15734.17,current,F,30,HIGH,6.0,6,505.0,1,8.0
10752,1592,6857.0,11379.0,459.0,1642.0,431.0,9830.5,24148.83,19.0,77,18,8,2,98,268000,1,1,1.0,1,7300.0,64091.0,19176.0,0.0,22996.79,66096.0,11.0,13,22612.0,38565.67,52967.0,9,67,58749.22,59148.63,45214.0,2,68,22824.0,Y,1717.97,current,M,53,MEDIUM,3.3000000000000003,10,799.0,1,16.0
10753,16335,11096.0,27008.78,1602.0,8991.5,1256.25,20664.905,2479.0,6.0,10,50,19,1,1,53000,1,1,1.0,1,386666.75,90829.65,25524.0,5773.0,92623.5,564034.26,16.0,7,17145.0,3931.0,11261.0,2,63,47508.0,16632.32,51029.0,8,103,24006.4,Y,3851.52,current,M,34,MEDIUM,2.8000000000000003,1,385.0,0,16.0
10754,16915,9147.0,58635.0,3455.09,32693.56,13885.0,7128.0,1573.0,92.0,26,1,50,25,98,114000,1,1,1.0,1,17829.1,184514.0,18389.0,24326.0,2468.0,32022.08,42.0,4,67355.0,29509.52,19359.0,2,11,33513.0,3446.57,32883.02,21,124,244261.0,Y,1230.25,current,M,27,LOW,5.6000000000000005,2,247.0,1,12.0
10755,1524,13974.0,28210.0,1109.5,1993.38,4562.14,35787.66,23332.5,10.0,10,35,1,25,54,397000,1,1,1.0,1,76.0,117890.0,48950.0,1465.0,4536.25,65646.0,24.0,4,16431.0,48335.75,95572.18,4,7,36982.0,285604.5,19550.26,93,106,26460.0,Y,9385.13,current,F,47,MEDIUM,16.2,2,914.0,1,19.0
10756,13094,16857.0,12385.43,80.0,26903.07,7761.97,6454.79,1988.0,3.0,22,4,50,15,42,307000,1,1,1.0,1,23669.0,64309.52,49000.0,0.0,134014.01,153779.0,46.0,36,104470.0,38258.13,69858.52,6,18,24280.0,43300.15,6441.0,21,50,58424.0,Y,14418.53,current,M,28,LOW,5.6000000000000005,4,247.0,0,6.0
10757,19059,2087.0,4109.93,456.0,7806.7,2815.3,3031.4,3606.0,10.0,7,82,1,4,80,358000,1,1,1.0,1,158135.2,13299.0,610000.0,12415.0,18384.94,88212.91,11.0,23,117230.0,100005.0,26821.0,2,108,41213.0,47935.76,84562.0,10,103,12686.0,Y,1868.79,current,M,49,HIGH,5.800000000000001,2,633.0,0,19.0
10758,6556,13510.0,7416.5,409.0,9823.0,3100.0,17025.0,7754.0,4.0,56,2,50,15,54,58000,1,1,1.0,1,58928.67,5350.0,14904.0,7478.0,63554.0,49262.0,42.0,36,12924.0,74636.1,22789.0,5,23,1333.0,51441.24,59590.75,11,21,64190.0,Y,8571.41,current,M,222,MEDIUM,40.400000000000006,8,658.0,1,6.0
10759,10185,14880.0,14355.74,1374.0,772.22,4409.0,5207.0,2826.13,44.0,66,16,1,1,6,98000,1,1,1.0,1,124929.75,399.09,50000.0,20513.0,125818.3,25269.0,42.0,15,39031.0,48646.14,212277.0,19,69,146972.0,66585.25,269492.0,3,54,31873.0,Y,24504.69,current,M,67,MEDIUM,47.0,9,447.0,0,10.0
10760,14091,5926.0,11395.88,9339.02,8840.0,1926.4,22766.0,3121.04,24.0,30,4,1,44,9,378000,1,1,1.0,1,1665.0,6574.31,68000.0,8572.0,16107.8,22121.0,43.0,2,69562.0,28569.84,39282.94,1,81,37683.0,58287.64,31151.0,21,1,30193.0,Y,7581.97,current,F,35,MEDIUM,4.5,6,866.0,1,19.0
10761,6084,6099.0,9265.98,2948.84,13178.0,616.0,14123.3,4905.0,24.0,11,7,1,11,28,199999,1,1,1.0,1,213557.15,134000.0,34550.0,5730.0,17251.56,1750.0,20.0,1,36390.0,16097.11,87308.5,43,25,52971.0,42057.46,260940.28,2,24,3040.0,Y,3161.02,current,M,42,MEDIUM,19.8,6,505.0,0,17.0
10762,10006,206302.0,2184.0,1512.7,34258.61,8772.63,26763.0,3074.0,26.0,99,74,5,18,1,59000,1,1,1.0,1,720551.4,10701.0,505.0,14509.0,90304.04,50536.0,7.0,19,142500.0,9166.97,377772.36,45,78,103017.0,53181.59,50282.0,36,120,28119.0,Y,488.73,current,M,60,MEDIUM,20.0,2,614.0,1,3.0
10763,65,9092.0,1477.5,1425.0,2120.0,4115.0,1971.0,2361.11,26.0,16,48,20,2,26,403000,1,1,1.0,1,102.95,165970.9,5979.0,1411.0,442845.17,82639.0,5.0,14,35146.0,161420.93,64208.0,9,26,30472.0,6741.0,138312.0,4,7,74667.0,Y,3558.0,current,F,219,MEDIUM,99.5,2,539.0,1,10.0
10764,18470,16487.0,8769.67,2481.0,155443.0,641.75,4351.52,7576.0,66.0,47,30,19,3,2,130000,1,1,1.0,1,1665.0,7051.99,539.0,1089.0,238799.38,2160.41,67.0,6,16818.0,24435.0,21474.0,7,75,96451.0,93867.09,98251.0,43,38,41066.0,Y,23807.13,current,F,53,LOW,16.5,10,488.0,0,2.0
10765,6128,18073.0,776.0,1897.0,13217.5,782.26,8449.0,12134.27,10.0,16,50,47,55,17,87000,1,1,1.0,1,47.35,20098.0,100000.0,5773.0,31637.15,24574.69,77.0,2,119062.0,74446.66,67872.0,1,81,8735.0,75299.19,46659.0,2,49,13212.0,Y,9860.41,current,M,37,LOW,8.5,1,911.0,1,9.0
10766,10982,7130.0,13534.0,8000.5,7305.43,235.0,9742.0,2033.0,10.0,10,50,42,1,30,395000,1,1,1.0,1,6440.0,170989.0,96497.0,-5998.43994,52974.29,41289.11,91.0,3,62822.0,36887.35,102430.0,43,38,27836.0,59244.34,34207.5,94,68,18565.0,Y,5192.62,current,M,62,MEDIUM,42.0,4,809.0,0,15.0
10767,2363,137619.0,26091.235,3247.78,5705.2,7459.1,758.72,786.0,5.0,29,87,42,6,81,480000,1,1,1.0,1,13668.25,22400.0,300500.0,0.0,109757.67,27448.0,3.0,3,87706.0,23181.78,49426.87,43,5,48764.0,83960.21,22709.0,12,18,32230.0,Y,3538.49,current,M,118,LOW,29.400000000000002,9,812.0,1,4.0
10768,14854,5294.0,11456.23,3476.0,2053.94,1396.6,4308.535,2402.0,7.0,23,74,82,3,1,520000,1,1,1.0,1,140790.0,1971236.9,90525.0,6885.0,50025.61,149412.0,84.0,4,51761.0,21440.51,36679.0,43,70,39374.0,22167.99,14783.0,2,96,35408.95,Y,13372.41,current,M,38,MEDIUM,12.600000000000001,8,748.0,1,5.0
10769,12435,227487.0,39487.47,288.0,10672.43,1113.5,11295.05,3446.0,6.0,43,4,3,1,98,84000,1,1,1.0,1,811.0,118976.0,50000.0,20513.0,131133.55,61114.04,11.0,14,25954.0,164224.51,80127.0,6,50,124950.0,105274.49,26185.0,5,73,37600.0,Y,4416.62,saving,M,42,MEDIUM,15.4,8,372.0,1,12.0
10770,9429,7262.0,640.86,6942.0,4992.72,1943.0,8535.0,4928.0,1.0,2,82,11,16,16,329000,1,1,1.0,1,23669.0,169779.0,925.0,1079.0,99893.82,45146.0,62.0,36,38636.0,12049.18,70249.3,31,26,14601.0,40092.05,32291.0,9,65,49491.0,Y,3323.63,saving,M,58,HIGH,11.4,4,623.0,1,8.0
10771,9142,11242.0,57531.67,8615.96,34258.61,2071.43,8391.28,2838.0,5.0,9,50,2,9,80,53000,1,1,1.0,1,41070.0,19000.0,731.0,-4679.0,1474.76,37312.0,20.0,1,15866.0,22049.39,188.5,0,82,40116.0,31904.32,36335.0,11,79,44527.84,Y,284.79,saving,M,30,MEDIUM,7.0,9,454.0,0,10.0
10772,16876,9430.0,19676.84,5121.14,277233.88,3324.73,1356.0,5643.0,2.0,1,74,1,2,55,68000,1,1,1.0,1,13180.0,13299.0,57899.0,1500.0,43999.56,56523.0,11.0,1,166838.0,80067.24,33499.0,5,40,29043.06,100050.44,40897.5,7,7,53837.0,Y,5765.43,current,F,47,MEDIUM,21.6,4,465.0,0,19.0
10773,9536,286672.0,10241.0,582.62,28145.3,1572.0,1846.67,3250.0,531.0,36,11,1,3,4,371000,1,1,1.0,1,15279.79,1034285.63,891.0,5464.0,37262.25,273067.0,42.0,19,40700.0,17440.22,19075.0,10,7,37026.0,30950.04,49887.0,3,12,31354.0,Y,4654.22,current,M,120,MEDIUM,50.0,9,465.0,1,11.0
10774,1699,10067.0,34311.0,9277.44,54873.3,13261.27,9215.9,1594.0,1.0,23,74,22,6,31,124000,1,1,1.0,1,8209320.0,360000.0,3792.0,1429.0,70777.88,709.39,91.0,2,27837.0,41910.5,48784.0,2,27,33037.0,10019.76,48787.26,12,80,19940.0,Y,5847.22,current,M,32,LOW,3.6,7,737.0,1,11.0
10775,1023,10990.0,1181.98,4696.0,8994.68,99.0,8013.0,3718.67,15.0,1,52,1,3,41,518000,1,1,1.0,1,89294.6,13299.0,12560.0,-5998.43994,70642.39,24067.0,52.0,3,33045.0,19335.5,7128.0,2,9,21674.0,35946.03,63132.68,3,73,46548.0,Y,454.8,saving,M,62,MEDIUM,37.800000000000004,6,299.0,1,12.0
10776,11323,18525.0,1966.35,75499.94,15989.11,2500.25,10260.0,1385.0,6.0,66,72,3,6,9,13000,1,1,1.0,1,115.45,1400000.0,67696.0,8362.0,89118.08,15084.0,49.0,5,20994.0,130854.15,26172.5,5,11,13387.0,34337.76,22820.48,16,35,43496.0,Y,6486.7,current,M,47,LOW,13.5,7,883.0,1,2.0
10777,1192,627.0,1046.0,97164.0,12232.18,8915.8,53676.85,1427.0,6.0,1,653,15,3,13,845000,1,1,1.0,1,117680.0,462000.0,2156.0,-6885.0,14862.52,11029.0,69.0,3,20146.0,78390.74,318367.0,9,14,9904.0,11840.0,44880.0,4,50,24899.0,Y,2050.17,current,M,53,LOW,23.1,4,710.0,1,9.0
10778,7159,18004.0,16802.83,25669.0,19403.87,1318.0,2185.0,891.0,5.0,1,29,1,7,1,85000,1,1,1.0,1,87526.1,409168.15,25000.0,20324.0,94781.58,36080.0,11.0,2,28005.67,23141.4,84185.0,2,25,213000.0,111207.95,66166.0,3,58,31090.0,Y,4426.18,current,M,53,MEDIUM,6.6000000000000005,4,299.0,1,9.0
10779,6773,6097.0,10226.5,6942.0,18272.0,383.0,12211.88,11199.28,5.0,84,62,4,1,64,17000,1,1,1.0,1,1377313.45,109000.0,925.0,6441.0,92581.33,110478.88,103.0,36,35860.0,53270.81,36887.0,3,21,22702.0,136408.51,211.0,1,18,34725.0,Y,7127.99,saving,F,33,LOW,13.0,9,523.0,0,7.0
10780,19218,11805.0,1010.11,499.0,2838.21,5463.0,21111.5,546.0,100.0,36,86,1,4,3,124000,1,1,1.0,1,47936.43,356899.37,7504.0,5464.0,74883.0,42310.0,35.0,36,76374.0,51242.79,25119.0,1,171,49999.0,29206.17,34048.0,4,58,20434.0,Y,3367.12,current,M,66,MEDIUM,18.400000000000002,3,485.0,1,13.0
10781,14467,20394.0,3262.145,34325.0,5183.74,2110.5,25424.06,80603.0,56.0,10,71,82,1,47,150000,1,1,1.0,1,102494.2,185097.6,2644.0,-4664.0,131677.06,17959.0,18.0,2,27.5,18903.0,100159.0,2,25,20988.0,122625.72,87918.0,11,22,20828.0,Y,1038.06,current,M,42,MEDIUM,6.6000000000000005,5,270.0,1,20.0
10782,2377,10937.0,1991.0,4810.0,14650.11,7610.0,20182.55,4141.3,5.0,39,52,1,1,41,53000,1,1,1.0,1,39851.93,19000.0,3850.0,8572.0,33459.12,96709.91,43.0,4,31094.2,25382.55,23106.0,1,82,35302.0,35378.79,24773.0,21,68,55970.0,Y,78.31,current,M,66,HIGH,13.8,7,950.0,0,9.0
10783,3275,126740.0,59412.0,17053.25,3147.07,453.72,1661.3,807.0,17.0,77,49,3,2,9,369000,1,1,1.0,1,811.0,157624.24,25524.0,3560.0,101266.93,13524.0,22.0,36,37292.21,11483.4,40985.0,45,171,36959.0,12829.0,18667.0,43,49,39878.0,Y,570.2,current,M,35,MEDIUM,13.5,3,723.0,1,7.0
10784,6744,11149.0,20267.03,1259.34,6875.69,11112.0,10798.0,4048.0,57.0,7,16,1,2,2,411000,1,1,1.0,1,48624.7,464261.6,1166.0,-5998.43994,12873.26,39543.0,18.0,35,37474.0,117835.78,147317.25,6,20,26834.0,37126.36,108839.63,9,36,98617.0,Y,15676.56,current,M,222,MEDIUM,40.400000000000006,1,516.0,1,4.0
10785,13428,7908.0,9937.68,992.0,10182.7,2101.0,15290.0,5289.52,5.0,8,7,5,17,4,167000,1,1,1.0,1,41883.6,45000.0,16215.0,19765.0,14524.88,57155.0,3.0,13,14320.0,15526.0,119467.0,3,63,41122.0,72695.0,21752.0,3,12,51106.0,Y,6942.94,current,M,35,MEDIUM,15.0,2,746.0,1,13.0
10786,425,20160.0,15507.26,6308.0,635.0,942.0,18349.5,443.0,10.0,9,4,62,2,1,138000,1,1,1.0,1,22086.05,446457.0,230000.0,1079.0,52508.01,40944.98,50.0,5,34394.0,8579.85,108847.0,4,82,12922.0,54412.3,284126.53,47,57,18911.7,Y,11083.59,current,M,62,HIGH,42.0,8,386.0,1,20.0
10787,1564,14381.0,37448.52,4034.75,5643.19,5502.0,16685.5,357.29,6.0,20,30,53,5,4,426000,1,1,1.0,1,4120.0,15036.0,37274.0,20513.0,119637.66,39143.0,32.0,36,33225.0,103740.35,79208.0,43,6,155168.0,18383.25,180168.0,3,0,32009.0,Y,612.27,current,M,62,LOW,29.400000000000002,1,123.0,1,14.0
10788,11041,120048.0,4081.79,7947.0,3870.89,6886.38,7669.85,4214.88,8.0,2,13,3,12,47,40000,1,1,1.0,1,32951.25,1475000.0,610000.0,-6885.0,93942.56,185707.83,2.0,7,42893.0,53651.57,120786.0,2,4,99586.0,1405.0,53315.0,2,18,62364.24,Y,18862.4,current,M,64,MEDIUM,30.8,7,805.0,1,17.0
10789,12837,2495.0,4508.27,1579.0,4856.0,899.0,15396.0,4544.0,2.0,77,9,1,1,75,67000,1,1,1.0,1,8209320.0,197800.0,5540.0,2337.0,27083.4,109882.5,4.0,4,23815.0,28800.63,33845.0,9,12,48471.0,224367.4,46249.0,47,2,53940.0,Y,6070.15,current,M,60,MEDIUM,32.0,1,799.0,1,20.0
10790,8396,343942.0,6531.01,3803.0,21519.66,2871.98,2363.0,88567.97,1.0,2,87,5,2,47,87000,1,1,1.0,1,115.45,100934.0,15756.0,12163.0,37631.66,932.0,18.0,31,52775.0,30954.22,23393.57,1,12,32015.0,28929.01,22436.98,42,106,43052.0,Y,3264.08,current,M,56,MEDIUM,14.4,7,594.0,0,10.0
10791,11649,1811.0,62133.74,2247.0,25625.0,2700.84,7431.84,145.39,8.0,99,4,10,25,11,530000,1,1,1.0,1,45463.0,60040.0,130000.0,3897.0,77996.98,111117.0,4.0,1,43405.0,46238.7,112616.76,31,50,30962.0,7329.82,12791.0,4,104,60019.0,Y,8786.83,current,M,47,MEDIUM,18.900000000000002,4,445.0,1,9.0
10792,11826,1938.0,5985.2,4550.01,26009.1,5398.0,7968.0,8691.87,4.0,5,50,48,3,79,272000,1,1,1.0,1,241.65,7576.0,56305.0,1014.0,31081.49,20350.0,36.0,2,25024.25,18784.27,23836.0,0,81,63435.0,74870.75,21326.0,14,87,205641.0,Y,2060.86,current,M,29,MEDIUM,1.8,9,801.0,1,12.0
10793,18597,15043.0,6763.92,659.0,20386.74,14758.0,63507.94,2647.42,1.0,36,9,5,25,1,378000,1,1,1.0,1,76780.0,10903.0,15654.0,5730.0,38120.17,116768.0,42.0,1,27463.0,20683.92,10493.0,2,108,35477.0,66299.95,66178.0,4,83,47830.71,Y,1615.51,saving,F,33,LOW,11.700000000000001,4,713.0,1,18.0
10794,5799,6283.0,9760.72,15086.0,17820.16,8980.91,6970.4,379.0,44.0,29,13,3,1,4,243000,1,1,1.0,1,977377.25,58473.56,12016.0,5773.0,145269.59,4235.0,90.0,1,25318.0,48591.54,227839.97,6,24,39628.0,92747.74,30850.0,2,24,52979.0,Y,12523.11,current,M,53,MEDIUM,29.700000000000003,9,887.0,1,3.0
10795,6252,89837.0,22141.56,5621.0,11204.05,1975.29,67502.95,423.73,4.0,5,47,23,4,1,350000,1,1,1.0,1,45036.0,375000.0,2156.0,13135.0,45562.6,10015.0,42.0,4,30608.0,20221.5,14382.0,6,78,33661.0,20528.65,23023.0,12,7,13212.0,Y,4412.02,current,F,46,HIGH,2.6,3,254.0,1,17.0
10796,15821,2980.0,3463.56,763.0,6694.3,7762.0,506.96,9048.0,10.0,1,14,1,23,30,453000,1,1,1.0,1,510.6,117890.0,13873.0,5773.0,41344.38,42932.41,84.0,13,21034.0,48891.0,845.0,4,59,3900.0,76563.58,610296.08,5,13,16915.0,Y,6678.35,current,M,28,LOW,5.6000000000000005,1,683.0,1,12.0
10797,8791,3960.0,51959.98,1673.06,3614.31,1939.0,28855.12,13889.0,17.0,128,60,8,4,79,371000,1,1,1.0,1,825.0,90829.65,1727.0,12415.0,28881.01,13157.75,18.0,4,84650.0,28484.25,12870.0,7,5,38223.0,2056107.09,11072.0,94,10,24603.0,Y,10625.77,saving,M,67,HIGH,47.0,2,243.0,1,13.0
10798,19691,16337.0,3423.85,106.0,1166.59,3572.1,39896.08,2217.0,15.0,8,13,2,25,4,523000,1,1,1.0,1,173732.5,12971.0,25524.0,5350.0,138.0,178340.0,79.0,35,40680.0,208.28,21092.0,42,18,114389.0,107514.0,77949.38,117,12,152300.0,Y,4575.16,current,M,34,HIGH,12.600000000000001,9,314.0,0,16.0
10799,3139,88860.0,8876.36,946.0,4449.7,100.0,619.88,3208.0,56.0,7,13,4,24,8,100000,1,1,1.0,1,165907.57,25404.0,50000.0,1992.0,119637.66,86304.86,7.0,33,22347.0,5420.0,63124.0,43,81,134252.0,47215.52,121439.33,5,75,26333.0,Y,7041.97,current,M,28,MEDIUM,8.0,10,233.0,0,8.0
10800,2904,16621.0,23996.0,4426.0,5253.67,23395.62,565.52,6710.0,6.0,18,23,1,4,1,59000,1,1,1.0,1,5383.25,170989.0,3570.0,6885.0,27956.64,38640.0,67.0,30,35662.0,111171.65,54292.85,2,11,15642.0,44157.5,19130.0,6,63,30982.0,Y,135.08,saving,M,39,MEDIUM,7.6000000000000005,7,974.0,1,3.0
10801,6275,4271.0,3052.25,3439.9,5622.69,16785.0,100116.0,1889.0,12.0,23,53,2,14,17,371000,1,1,1.0,1,48624.7,170989.0,694.0,5730.0,45640.93,47457.0,16.0,7,17944.0,28203.4,7955.0,4,4,85.55,50741.69,68754.78,6,65,732220.0,Y,4257.96,current,F,47,HIGH,5.4,4,626.0,1,20.0
10802,18249,291213.0,3838.0,761.24,1711.0,33405.0,29711.02,4461.0,10.0,67,13,44,36,12,352000,1,1,1.0,1,2100.0,26001.0,766.0,3735.0,15866.25,109685.0,5.0,3,47964.0,36703.0,96185.0,6,12,11750.0,26434.0,69155.0,4,0,38700.0,Y,9193.15,current,M,35,MEDIUM,10.5,3,623.0,1,20.0
10803,5638,25248.0,188322.84,13494.0,14680.84,50144.16,5737.685,4957.28,2.0,10,71,10,14,14,471000,1,1,1.0,1,111.4,152664.0,8060.0,2921.0,152005.74,168209.0,16.0,3,23739.0,84221.0,42611.36,43,20,23341.0,115591.0,5146.0,5,18,46455.0,Y,5015.31,current,M,33,MEDIUM,3.9000000000000004,7,582.0,1,11.0
10804,16961,14363.0,24255.27,12041.0,29418.38,2071.0,23581.0,15672.5,10.0,31,59,5,7,8,362000,1,1,1.0,1,41441.27,157000.0,5797.0,553.0,24315.48,80668.09,91.0,7,16953.0,8521.5,5263.0,2,82,510242.0,57885.36,91955.5,2,32,29171.0,Y,3695.9,current,M,31,MEDIUM,7.7,5,653.0,0,18.0
10805,8667,13139.0,12933.0,23128.0,24248.08,8810.0,3319.67,6707.91,26.0,10,35,3,25,79,67000,1,1,1.0,1,165907.57,202560.0,1143.0,5773.0,83864.48,43885.0,11.0,4,36349.29,13091.79,68244.0,70,13,24944.0,2540.0,838.0,21,28,31020.0,Y,1115.83,current,M,53,LOW,29.700000000000003,10,802.0,1,18.0
10806,2782,4490.0,30373.03,640.0,43228.0,888.0,5823.01,5305.0,19.0,6,4,5,26,70,66000,1,1,1.0,1,165907.57,278360.16,1727.0,7478.0,98689.1,18844.0,69.0,1,37494.0,22862.22,35641.0,1,20,10721.0,71585.95,100824.76,5,1,36775.0,Y,78800.7,saving,M,63,MEDIUM,21.5,5,254.0,0,7.0
10807,13506,287129.0,4881.0,3602.82,18480.65,3936.0,28407.995,26860.0,15.0,14,71,4,3,56,340000,1,1,1.0,1,17377.25,110175.0,16215.0,1079.0,47643.96,23640.0,8.0,36,11518.0,126771.9,27877.77,3,108,38303.11,183956.07,20443.0,40,79,20107.0,Y,18992.62,current,M,44,MEDIUM,19.200000000000003,3,801.0,1,3.0
10808,19972,860.0,29497.85,3349.78,11183.19,2480.0,2886.75,16010.0,5.0,26,4,5,62,1,100000,1,1,1.0,1,89104.12,221000.0,4812.0,-6281.37987999999,35891.6,45302.0,3.0,5,28129.0,228677.5,172.0,16,8,20975.0,15097.0,109041.0,9,22,77220.0,Y,456.99,saving,M,32,MEDIUM,10.8,5,506.0,1,19.0
10809,1035,7375.0,11092.3,25858.41,6946.89,2404.04,21654.0,587.0,9.0,36,47,48,1,4,395000,1,1,1.0,1,4765000.0,172131.0,69493.0,6885.0,33989.0,20476.85,2.0,3,148596.0,23988.67,28494.0,3,63,24105.0,63229.59,27418.0,47,103,184500.0,Y,1181.47,current,M,37,LOW,11.9,8,507.0,0,16.0
10810,16356,4854.0,5006.15,878.0,1535.0,396.22,2139.46,5288.54,4.0,32,10,50,2,3,184000,1,1,1.0,1,417.0,55000.0,49900.0,6441.0,46023.94,24338.0,18.0,13,33732.0,124950.74,19343.0,30,20,47592.0,68092.5,118712.0,40,1,40305.0,Y,4575.16,current,M,67,MEDIUM,14.100000000000001,2,355.0,1,5.0
10811,16040,13234.0,11037.92,2116.0,26442.38,38463.0,7388.0,2327.0,24.0,6,13,2,3,20,371000,1,1,1.0,1,28482.5,11897.0,15756.0,12163.0,32513.26,13631.0,36.0,1,74787.0,244003.93,51687.36,43,2,47592.0,51112.0,115164.0,14,73,219951.0,Y,1033.85,current,M,40,MEDIUM,2.0,4,245.0,1,11.0
10812,14155,16594.0,2822.0,3136.0,6891.92,882.0,12369.0,1675.0,44.0,37,2,2,31,7,574000,1,1,1.0,1,13659.0,33668.0,15756.0,-4664.0,8937.0,38967.0,10.0,2,12550.0,56439.0,180536.42,1,20,7932.0,37703.5,101345.37,117,2,20588.0,Y,8367.27,current,M,33,LOW,1.3,7,883.0,0,13.0
10813,2527,403833.0,34236.73,1588.0,943.62,3666.67,3807.65,10137.04,29.0,11,13,1,8,54,27000,1,1,1.0,1,68640.0,82907.34,583.0,3897.0,4356.5,68223.0,11.0,35,33833.0,107786.55,97964.0,4,81,15803.0,176920.7,66527.0,49,73,69892.0,Y,2561.2,current,M,32,LOW,6.0,10,626.0,1,4.0
10814,4528,4176.0,14502.46,573.0,1468.85,12591.04,3690.0,321.52,19.0,85,72,35,1,17,479000,1,1,1.0,1,205595.43,15300.0,1762.0,3897.0,88662.84,23226.11,18.0,33,25765.0,11061.0,15557.0,3,13,40692.0,33644.06,194970.0,19,14,23715.0,Y,157951.88,current,M,44,LOW,4.800000000000001,1,737.0,1,7.0
10815,4759,9227.0,9282.22,1093.01,21519.0,4116.95,11007.91,209.0,4.0,19,4,47,9,2,233000,1,1,1.0,1,47450.2,970000.0,300500.0,6441.0,33927.97,15025.0,84.0,31,49934.0,34630.29,40253.0,3,5,48507.0,27059.64,77434.0,5,106,16403.0,Y,4257.75,current,M,35,MEDIUM,9.0,9,575.0,1,7.0
10816,1167,2428.0,24204.0,2072.05,2650.08,13847.0,11126.0,802.0,29.0,7,6,1,31,26,48000,1,1,1.0,1,9255.43,165970.9,15477.0,5340.0,66576.51,290.09,4.0,1,9400.0,33020.38,118141.5,31,12,34039.0,72693.61,68099.25,6,68,25461.0,Y,26458.5,current,M,44,MEDIUM,12.0,2,809.0,1,3.0
10817,8543,439.0,12936.0,3444.37,3376.82,2049.0,3974.49,773.0,6.0,10,50,1,3,37,302000,1,1,1.0,1,7636.41,187788.1,23160.0,1079.0,37984.86,286.77,12.0,0,21284.0,215163.0,67722.0,2,77,31930.0,87477.14,30901.0,3,104,53589.0,Y,3392.22,current,M,44,LOW,2.4000000000000004,1,355.0,1,14.0
10818,12978,2568.0,2545.44,4244.65,59055.15,2635.88,3132.43,1336.92,14.0,1,47,24,25,6,525000,1,1,1.0,1,4140.0,96096.0,18257.0,-4679.0,12741.13,15191.0,7.0,3,22838.0,23758.5,32128.36,1,16,215000.0,37427.37,67238.0,3,7,76500.0,Y,6812.18,current,M,42,LOW,4.4,9,454.0,1,14.0
10819,146,14948.0,29866.9,11174.23,3827.0,318.0,4622.0,834.0,29.0,4,23,1,15,9,402000,1,1,1.0,1,2242.35,93.35,54101.0,-5942.0,67522.25,17545.0,10.0,1,163167.0,20649.04,26832.0,1,18,13447.0,17415.22,2029.75,62,13,86179.0,Y,1247.23,current,M,29,HIGH,4.5,2,269.0,0,6.0
10820,15838,11692.0,11514.0,2468.18,7274.38,18653.0,11021.095,1650.17,7.0,99,60,11,1,4,371000,1,1,1.0,1,168265.55,25172.0,19400.0,6885.0,134757.93,76058.0,89.0,3,34117.0,25027.0,46212.0,6,171,17117.0,201911.54,23356.0,7,124,23592.0,Y,63.14,saving,M,66,MEDIUM,9.200000000000001,8,818.0,1,14.0
10821,981,6756.0,15357.33,104.0,19514.97,12978.38,12335.88,15959.0,6.0,22,112,4,3,26,381000,1,1,1.0,1,33784.35,191000.0,155205.0,4889.0,13745.0,199128.0,46.0,1,19430.0,499340.51,62910.0,43,70,29586.0,128169.35,20993.0,12,113,27043.0,Y,4810.1,current,M,55,LOW,7.0,8,966.0,1,9.0
10822,15512,167446.0,10727.47,1589.0,1976.5,26496.07,17859.0,239.0,1.0,3,84,1,2,4,327000,1,1,1.0,1,3638.25,93.35,50000.0,6885.0,328.45,98791.87,2.0,35,37912.0,37185.41,41807.9,70,13,40110.0,441.5,79320.0,7,36,1747.0,Y,419.24,current,M,32,MEDIUM,8.4,7,554.0,1,16.0
10823,15725,11374.0,2421.85,4225.08,13434.52,350.0,4881.915,6146.0,10.0,66,7,18,27,44,50900,1,1,1.0,1,2184.0,330001.0,33330.0,9827.0,59108.43,82076.37,43.0,26,45556.0,14907.77,4054.0,31,40,16926.9,9220.31,79947.76,21,26,57951.0,Y,4157.17,saving,M,32,MEDIUM,6.0,4,860.0,0,17.0
10824,6567,19956.0,9796.65,6766.0,594.0,558.01,9430.0,2861.0,7.0,10,74,1,3,47,271000,1,1,1.0,1,33784.35,1971236.9,4699.0,0.0,56394.73,72341.0,84.0,35,16817.0,43962.9,37016.0,23,20,62677.0,982.5,68795.0,93,104,120211.0,Y,7879.04,current,M,66,LOW,41.400000000000006,6,249.0,1,18.0
10825,15579,290224.0,824.0,717.0,10130.0,6744.0,12748.08,9563.03,44.0,22,7,51,2,3,371000,1,1,1.0,1,68640.0,67555.67,30011.0,8572.0,50528.7,34735.83,4.0,3,42893.0,92664.58,57930.07,2,59,29149.0,161735.98,38434.0,7,0,27758.0,Y,10649.31,current,M,35,LOW,7.5,3,883.0,1,10.0
10826,9030,2958.0,1373.69,908.5,28707.12,59846.44,2366.0,4043.0,1.0,23,67,4,27,1,34000,1,1,1.0,1,56.0,189246.0,28912.0,-5998.43994,15127.57,5293.0,63.0,4,54976.0,18959.5,65231.0,6,42,111709.0,46918.37,31770.36,6,38,127548.0,Y,1466.23,current,M,66,MEDIUM,41.400000000000006,1,805.0,1,6.0
10827,7056,12506.0,1664.5,704.81,7493.67,738.17,129.0,2904.0,6.0,4,5,1,2,4,47000,1,1,1.0,1,6440.0,100934.0,5540.0,-6301.0,167670.0,37955.0,95.0,7,8662.0,27043.67,102238.0,31,108,20844.0,158325.19,35825.37,2,76,57936.0,Y,10906.5,current,M,40,MEDIUM,18.0,7,725.0,1,14.0
10828,2626,2091.0,7028.54,10319.0,157.0,122.0,30435.295,25239.0,6.0,18,9,18,37,2,256000,1,1,1.0,1,516.8,12257.0,16004.0,6441.0,18103.61,14864.78,7.0,1,44826.0,53171.73,7675.37,0,5,16964.0,71252.9,22499.0,8,75,13730.0,Y,2505.43,current,F,69,HIGH,19.6,3,700.0,0,11.0
10829,10998,18917.0,4553.17,16883.84,13293.87,2855.0,1568.56,17096.82,9.0,36,59,7,2,3,290000,1,1,1.0,1,1105487.1,108145.0,1036.0,6916.0,85404.73,300222.61,11.0,35,97093.0,675633.06,172749.86,30,5,20513.0,68646.26,45296.5,1,42,29547.0,Y,10068.08,current,M,35,MEDIUM,3.0,5,270.0,0,16.0
10830,9288,16211.0,1788.0,4290.15,24545.05,1927.92,119075.7,1864.0,19.0,30,87,15,2,79,120000,1,1,1.0,1,1466675.0,182359.2,28912.0,1931.0,45913.33,19135.0,42.0,5,14763.0,26759.84,46587.0,5,11,33200.0,106677.0,18614.0,21,38,8696.74,Y,946.55,saving,M,63,MEDIUM,43.0,2,615.0,1,14.0
10831,17904,5234.0,4955.04,7849.07,22029.95,2567.0,2543.475,16846.0,31.0,7,67,57,27,1,87000,1,1,1.0,1,55700.0,257406.7,5905.0,2921.0,64339.57,22397.0,91.0,4,38414.0,21935.71,46794.0,2,82,21440.0,9377.0,17536.0,12,1,28878.0,Y,2125.87,saving,F,53,MEDIUM,29.700000000000003,3,606.0,0,2.0
10832,12001,6494.0,53141.48,608.01,155443.0,2798.44,2624.0,6787.54,7.0,46,135,24,3,1,576000,1,1,1.0,1,76294.6,191000.0,73217.0,-4679.0,74696.25,176003.0,37.0,3,11281.0,22441.63,78778.03,1,104,25555.0,29890.36,132815.0,6,2,12866.0,Y,1942.35,current,M,34,MEDIUM,14.0,1,245.0,1,8.0
10833,8265,17188.0,27944.93,4941.84,4682.93,284.0,1386.51,3718.67,5.0,32,110,17,1,1,395000,1,1,1.0,1,33784.35,165916.18,230000.0,1444.0,27688.88,162016.0,3.0,2,35675.0,196749.01,78248.69,30,38,20836.0,109632.43,20948.96,3,42,24671.15,Y,212.53,current,M,33,LOW,7.800000000000001,9,923.0,0,2.0
10834,627,8393.0,15678.69,9089.0,17391.24,21614.8,8616.0,932.0,3.0,29,89,1,1,67,147000,1,1,1.0,1,24832.0,189246.0,496948.0,-5942.0,755.0,89582.75,103.0,4,30000.0,35648.13,31326.0,1,38,35558.0,42057.46,12003.5,3,11,1111.0,Y,6945.0,current,M,35,LOW,12.0,10,249.0,1,7.0
10835,12915,19999.0,5058.6,28334.65,15093.42,2369.5,2997.0,7659.0,25.0,27,44,15,1,1,39000,1,1,1.0,1,2173459.0,150000.0,80000.0,-3625.0,40967.18,25746.0,4.0,2,195603.0,18790.09,303620.0,2,2,28934.0,23652.38,47194.0,6,0,44411.0,Y,23857.24,current,M,42,MEDIUM,22.0,4,640.0,1,5.0
10836,9130,5693.0,7844.86,3349.78,16712.43,5517.0,282.0,278.0,44.0,36,3,8,1,79,198000,1,1,1.0,1,3299447.136,45000.0,300500.0,1465.0,44012.65,12520.41,55.0,3,39678.0,15221.88,28889.5,4,12,30472.0,163349.76,30406.0,13,106,37863.0,Y,7248.76,current,M,35,LOW,7.5,2,269.0,1,11.0
10837,1923,13625.0,10207.5,4941.84,40163.0,14983.4,4637.525,5456.27,3.0,17,46,53,1,1,120500,1,1,1.0,1,720551.4,107007.0,36114.0,-5942.0,24409.0,258355.0,5.0,3,50368.94,28332.56,37574.0,43,82,164328.0,38589.64,25596.0,1,65,59903.26,Y,3063.22,current,M,67,MEDIUM,18.8,3,446.0,0,7.0
10838,4636,95590.0,24554.0,32843.55,6612.45,1450.0,870.77,1576.99,10.0,25,52,5,8,1,47000,1,1,1.0,1,10535967.5,172678.56,12337.0,12415.0,71314.25,100929.0,35.0,3,15390.0,19399.5,200340.0,2,78,37517.0,280062.78,23584.0,9,38,20626.0,Y,10020.93,current,M,28,MEDIUM,6.4,1,355.0,1,10.0
10839,19349,331696.0,8600.34,7222.0,12184.33,1869.0,12359.0,7010.0,12.0,7,49,42,21,54,381000,1,1,1.0,1,1664.4,100000.0,25524.0,2351.0,251628.11,115287.91,46.0,1,16421.0,25979.58,156680.22,1,12,25637.0,186773.76,63509.0,44,83,47291.0,Y,5774.86,current,M,55,LOW,7.0,6,346.0,1,10.0
10840,1480,7509.0,11329.64,331.0,15592.0,5054.0,6295.475,4343.0,10.0,77,20,4,1,34,272000,1,1,1.0,1,668728.4,182359.2,610000.0,5341.0,42076.64,126801.0,94.0,17,27691.0,2208.31,78924.0,1,23,195703.0,125295.0,37187.0,7,65,13492.0,Y,2197.32,current,M,46,MEDIUM,5.2,8,723.0,1,19.0
10841,19435,8475.0,78443.0,2812.0,41205.71,1396.6,93327.0,1248.0,1.0,2,32,47,4,64,494000,1,1,1.0,1,41070.0,13299.0,539.0,0.0,5628.37,29258.0,35.0,5,34313.0,12075.88,41713.0,2,70,38955.0,74584.39,77749.0,16,18,45374.0,Y,15141.26,saving,F,44,LOW,9.600000000000001,7,505.0,1,4.0
10842,525,5979.0,3762.56,42400.0,3471.5,25022.21,38543.86,6857.0,23.0,32,9,19,9,2,568000,1,1,1.0,1,58834.74,190887.4,2156.0,167.0,89264.25,61323.0,18.0,29,31829.0,181076.69,71203.0,31,2,94850.0,22907.42,46206.0,47,15,170802.0,Y,2202.47,current,M,66,LOW,36.800000000000004,7,248.0,0,2.0
10843,17826,14787.0,40307.89,1556.1,1497.5,1509.0,8002.0,1581.0,2.0,71,50,2,1,9,352000,1,1,1.0,1,20049.0,16000.0,25524.0,0.0,47269.5,65883.57,7.0,31,12680.0,81407.0,253617.67,2,82,86294.0,24696.25,57976.29,1,50,26452.0,Y,2566.83,current,M,37,MEDIUM,6.800000000000001,8,245.0,1,19.0
10844,2605,11399.0,7032.305,24183.32,4948.57,3766.0,49477.68,3667.0,19.0,22,110,42,4,5,199999,1,1,1.0,1,165907.57,96096.0,67696.0,6916.0,23228.77,114937.0,18.0,6,72304.0,62288.01,225.84,9,70,21293.78,97495.0,15891.0,7,8,1710.0,Y,90.52,current,M,35,LOW,12.0,1,799.0,0,6.0
10845,6368,126406.0,65415.0,11903.55,4051.0,8837.0,14751.015,1205.0,104.0,3,50,2,7,34,340000,1,1,1.0,1,4323.0,482147.0,30071.0,19453.0,109872.86,41982.0,46.0,13,19872.0,42860.32,189596.0,43,20,31251.5,66295.5,32785.0,40,12,17086.0,Y,11862.24,current,M,33,MEDIUM,6.5,1,614.0,1,10.0
10846,6010,303.0,3214.1,2846.6,13106.0,2651.58,3175.75,27928.67,8.0,23,1,1,2,54,59000,1,1,1.0,1,249060.0,143000.0,4000.0,5464.0,21611.09,48521.0,11.0,33,17.6,33642.0,25865.57,4,70,5090.0,110270.5,39018.5,94,17,18911.7,Y,492.77,current,M,118,MEDIUM,68.60000000000001,4,686.0,1,16.0
10847,11097,12655.0,19356.46,5611.0,989.93,4634.0,1287.0,3917.0,531.0,43,13,5,28,5,199999,1,1,1.0,1,18418.85,785115.94,30071.0,6260.0,67.25,65113.0,103.0,1,120500.0,15554.22,42994.0,6,8,35140.0,43170.04,54333.0,2,3,848.0,Y,3470.57,current,M,64,MEDIUM,44.0,10,713.0,1,18.0
10848,9276,12663.0,1450.0,391.0,4568.16,3816.0,8245.0,139.0,10.0,77,87,18,9,4,75000,1,1,1.0,1,384550.05,338430.0,30000.0,1014.0,431218.24,148889.0,4.0,0,26438.0,37042.72,7954.14,43,6,42019.0,57095.97,47621.1,5,65,12766.0,Y,21938.75,current,M,44,LOW,21.6,7,330.0,1,5.0
10849,3097,2161.0,6712.78,4950.77,92391.27,1155.9,2494.0,6991.0,43.0,7,7,42,4,44,329000,1,1,1.0,1,99984.83,7194.0,48950.0,6885.0,27240.14,45545.0,17.0,7,41473.0,32239.39,33134.0,50,26,283399.0,30950.04,1871.93,2,57,32834.0,Y,233.15,current,M,34,MEDIUM,12.600000000000001,4,508.0,0,7.0
10850,12454,2110.0,1539.73,2703.0,3584.69,9292.0,41162.31,6452.0,6.0,85,110,60,55,6,461000,1,1,1.0,1,15279.79,11000.0,5591.0,1992.0,119880.63,42205.0,4.0,23,19450.0,170978.37,533828.5,24,8,46576.0,62532.0,483136.43,62,113,35714.0,Y,7705.75,current,M,67,MEDIUM,9.4,4,245.0,0,15.0
10851,17391,12450.0,20895.03,8929.64,8476.83,6209.0,5984.75,677.0,5.0,77,29,7,26,30,199999,1,1,1.0,1,196885.0,5241.0,10973.0,5340.0,28055.47,75835.5,11.0,2,20301.0,14612.42,41531.5,2,5,45361.0,27354.56,31367.0,12,63,101.0,Y,7644.63,saving,M,58,MEDIUM,15.200000000000001,6,330.0,1,19.0
10852,2312,5534.0,14209.51,3272.0,23002.94,34158.95,6820.42,7636.0,4.0,37,73,8,1,81,382000,1,1,1.0,1,5383.25,15000.0,126001.0,1014.0,93309.51,21836.0,16.0,35,28481.0,148991.61,112748.0,5,14,97500.0,31129.62,37060.37,21,103,25762.0,Y,2244.32,current,M,40,MEDIUM,12.0,4,233.0,0,7.0
10853,13321,4401.0,2653.81,14060.0,10020.32,168.0,3546.69,9294.0,63.0,23,1,1,9,7,427000,1,1,1.0,1,105750.0,338430.0,25000.0,1500.0,191705.9,81072.0,5.0,55,157067.0,11570.0,13220.5,43,59,281169.0,73251.0,64162.0,4,83,98100.0,Y,4583.09,current,M,222,MEDIUM,101.0,1,737.0,1,5.0
10854,15701,17887.0,4854.77,12931.83,14424.5,5225.5,2935.13,4217.7,57.0,85,84,42,4,47,579000,1,1,1.0,1,684495.7,31000.0,50000.0,8362.0,23348.79,40051.0,20.0,5,12075.0,21678.48,22918.76,3,16,26155.0,54913.12,302150.75,47,36,21498.0,Y,4288.13,current,M,27,LOW,4.9,1,523.0,1,13.0
10855,7154,13151.0,9947.08,1533.68,37316.29,1448.0,511.0,5861.4,6.0,10,1,44,1,55,371000,1,1,1.0,1,354.5,278904.9,5905.0,20513.0,125665.25,54005.0,32.0,35,19330.0,50730.08,43850.0,11,1,30613.0,14661.02,63813.0,40,63,15969.0,Y,4057.32,saving,M,31,MEDIUM,2.2,9,748.0,1,2.0
10856,13606,131110.0,2111.0,1638.0,28175.0,3981.0,4668.705,3098.0,25.0,34,30,6,9,7,568000,1,1,1.0,1,1664.4,90829.65,12000.0,1931.0,28459.59,42923.58,20.0,17,68140.0,11565.58,60596.89,6,108,72367.7,22374.2,320536.84,8,50,18522.0,Y,241.21,current,F,37,MEDIUM,6.800000000000001,1,713.0,1,9.0
10857,16258,14277.0,25828.72,1945.0,8738.05,5870.0,16805.655,18528.0,43.0,3,59,8,2,1,225000,1,1,1.0,1,20747.5,2625.16,30011.0,977.0,29216.09,41006.0,147.0,36,27845.89,39123.0,30167.0,9,50,37188.0,44128.0,18560.25,117,18,55974.0,Y,470.52,saving,M,47,MEDIUM,8.1,7,802.0,1,8.0
10858,2162,11150.0,24370.0,4004.76,17947.45,8830.0,1268.19,1676.0,531.0,85,50,8,2,5,483000,1,1,1.0,1,67833.35,82907.34,49975.0,12174.0,40476.16,98826.0,90.0,33,59186.0,99517.25,72140.0,4,12,29101.0,28190.67,75050.09,46,65,15514.0,Y,256.58,current,M,62,MEDIUM,42.0,5,748.0,1,12.0
10859,15005,2467.0,38391.75,957.0,14154.58,5699.0,42303.0,14130.0,2.0,65,16,2,15,56,750000,1,1,1.0,1,33664.3,446457.0,54101.0,-3506.17993,21536.0,169754.8,7.0,26,252502.0,34309.18,100170.0,43,11,29941.0,42203.64,29200.65,1,49,46750.0,Y,131.65,current,M,34,MEDIUM,14.0,5,424.0,1,5.0
10860,16617,142.0,12728.0,1700.9,8778.0,9580.0,9143.0,6617.0,4.0,10,48,50,51,4,75000,1,1,1.0,1,568.8,506383.85,43798.0,1014.0,66479.89,78119.0,35.0,7,35000.0,133400.68,38800.0,6,108,4660.0,15352.49,35135.0,11,58,61711.0,Y,17498.33,current,F,66,MEDIUM,41.400000000000006,7,743.0,1,8.0
10861,2116,11817.0,19406.42,18474.03,1568.5,248.9,33704.34,1779.0,26.0,23,4,4,2,1,232000,1,1,1.0,1,1488748.8,330001.0,798.0,5773.0,24426.25,71779.0,46.0,13,85999.0,57580.56,103488.0,2,82,34290.0,20004.39,101001.0,12,50,9784.0,Y,421.64,current,M,66,LOW,23.0,7,243.0,1,2.0
10862,17764,331787.0,6035.99,4850.0,2335.0,3703.0,3387.14,17576.0,4.0,8,110,8,7,8,48000,1,1,1.0,1,213557.15,11982.0,96558.0,173.0,14539.25,40494.0,9.0,35,16557.0,64485.0,24670.0,70,42,7384.0,48428.46,415.0,3,32,155169.0,Y,8203.74,current,M,35,MEDIUM,10.5,5,914.0,0,18.0
10863,1098,881.0,16363.94,8000.5,16158.47,13329.11,7766.9,11991.75,6.0,30,32,1,18,34,114000,1,1,1.0,1,720551.4,1024477.47,24619.0,7478.0,67343.23,64173.0,55.0,7,34199.0,21373.97,261110.0,7,20,24355.0,16941.0,67181.0,3,3,13757.0,Y,1634.17,current,M,55,MEDIUM,3.5,2,370.0,0,18.0
10864,14781,129210.0,8737.96,14416.29,39214.75,8343.51,7306.0,1355.0,2.0,37,10,3,12,7,129000,1,1,1.0,1,105453.65,91747.0,100000.0,7478.0,49972.25,63696.0,69.0,1,49673.0,173225.51,93905.18,2,23,11617.0,2003.0,13329.0,40,50,310586.0,Y,1696.09,current,M,42,LOW,4.4,8,723.0,1,18.0
10865,4915,12695.0,27566.47,1105.0,4771.77,2087.0,2743.22,7240.0,7.0,81,4,1,56,4,232000,1,1,1.0,1,146931.8,80489.0,18389.0,-5439.0,20085.21,57049.0,46.0,1,47446.0,28954.0,32682.0,43,5,34519.0,33167.39,18926.0,6,68,34337.0,Y,5154.26,current,M,47,MEDIUM,21.6,10,945.0,1,11.0
10866,16972,5744.0,68628.38,4880.45,26163.4,27860.0,3476.0,2144.0,12.0,37,11,3,26,55,199999,1,1,1.0,1,27316.5,18300.0,15654.0,-5439.0,12381.75,29418.0,4.0,3,49214.0,32019.76,32837.86,20,20,32354.0,75156.08,235662.0,3,38,38000.0,Y,3518.62,current,M,35,LOW,7.5,2,536.0,0,13.0
10867,6793,3637.0,12285.77,1511.0,32221.99,4235.0,7248.25,414.0,5.0,17,35,1,4,14,256000,1,1,1.0,1,40440.4,6574.31,90525.0,10455.0,10371.12,195704.0,4.0,1,25563.0,74044.0,106800.0,6,104,575.0,24714.99,625788.0,47,52,25668.0,Y,2033.08,current,M,47,MEDIUM,8.1,1,537.0,1,9.0
10868,6017,17284.0,16590.58,1828.0,5180.0,2913.65,10245.61,15631.0,136.0,8,1,44,1,56,152000,1,1,1.0,1,4110.0,536874.6,550.0,5340.0,23847.0,73985.0,10.0,7,73394.0,32482.95,62402.0,2,6,11776.0,31834.75,20445.75,62,32,76506.0,Y,7229.19,current,M,46,MEDIUM,15.600000000000001,3,801.0,1,2.0
10869,6404,6208.0,16713.79,938.55,12586.64,1055.76,4082.175,6196.0,7.0,32,7,50,2,6,447000,1,1,1.0,1,137260.8,24000.0,50000.0,-4612.00977,24157.75,55021.0,77.0,17,27845.89,53764.6,24942.0,43,171,61725.0,6191.84,96334.0,14,15,208849.0,Y,8388.56,current,M,60,HIGH,20.0,7,883.0,1,18.0
10870,12311,4962.0,26621.0,10039.0,5307.03,1866.0,15742.43,11160.0,10.0,9,47,18,51,56,340000,1,1,1.0,1,671039.05,21698.0,6146.0,0.0,96124.0,33625.97,42.0,2,50112.0,27670.64,17298.0,2,21,97951.0,22895.82,499888.0,58,120,15036.0,Y,613.27,current,M,56,LOW,14.4,7,974.0,1,14.0
10871,11769,8201.0,6272.32,9621.0,6812.3,3703.0,9397.25,3395.0,60.0,26,50,44,17,12,75000,1,1,1.0,1,9649.6,24000.0,230000.0,-5998.43994,40369.9,70127.38,22.0,25,16972.0,1702.0,15557.0,6,27,4008.0,25991.5,32668.5,3,76,14560.0,Y,5218.06,current,M,42,MEDIUM,4.4,2,771.0,1,8.0
10872,1236,18141.0,1102.0,3422.0,3050.45,1412.0,135481.84,2900.0,9.0,1,27,21,36,17,453000,1,1,1.0,1,161704.0,43545.0,2214.0,2500.0,38086.57,38759.0,9.0,6,36743.0,48646.14,30535.0,5,50,71208.0,1828521.13,38659.51,117,18,13817.0,Y,2973.02,current,M,47,MEDIUM,18.900000000000002,8,536.0,0,2.0
10873,13000,23661.0,27930.38,4780.0,2938.93,3017.0,11886.65,501.24,9.0,3,50,57,31,54,169000,1,1,1.0,1,3950.0,119831.0,925.0,6885.0,36755.21,30248.0,32.0,0,45556.0,13836.52,36891.0,1,35,38856.0,65793.92,41060.97,3,104,11761.25,Y,592.64,current,M,55,MEDIUM,17.5,7,748.0,1,17.0
10874,19154,4162.0,3677.84,12643.0,34639.73,576.0,3920.14,3922.0,2.0,85,19,3,2,22,138000,1,1,1.0,1,471.05,117890.0,73217.0,5730.0,49519.18,103024.42,67.0,19,13258.0,60455.0,12348.0,70,6,12448.0,47846.16,31606.0,11,22,40081.0,Y,20026.71,current,M,42,HIGH,22.0,5,254.0,1,8.0
10875,16780,1439.0,1908.0,15670.35,10089.2,857.0,469.0,4343.0,531.0,18,46,8,31,4,198000,1,1,1.0,1,71191.8,229809.2,610000.0,-6885.0,62163.17,73156.78,42.0,26,1500000.0,48567.68,10790.37,2,25,17470.0,428.0,80354.0,7,38,19910.0,Y,9277.76,saving,M,40,MEDIUM,16.0,10,700.0,1,3.0
10876,12651,15247.0,4265.04,662.0,594.0,1572.0,12069.85,11821.0,4.0,36,2,8,1,9,75000,1,1,1.0,1,2720.0,267421.4,19400.0,0.0,86877.73,33818.0,55.0,0,59423.0,12264.81,65245.0,6,20,2269.0,26253.0,52711.89,117,12,16536.0,Y,2303.68,current,M,63,MEDIUM,8.6,2,536.0,1,7.0
10877,10146,15739.0,1652.0,703.0,780.0,16144.76,1842.0,10210.0,4.0,10,35,30,2,67,276000,1,1,1.0,1,9624.6,251131.79,130000.0,4856.0,39442.8,60610.42,2.0,2,19707.0,370718.76,13877.5,11,78,103500.0,54348.75,4641.0,2,18,30206.0,Y,8008.67,current,F,35,MEDIUM,15.0,8,558.0,1,17.0
10878,4568,2957.0,15244.78,15966.0,29137.88,104123.06,16527.0,1016.0,2.0,1,38,48,4,81,125000,1,1,1.0,1,72937.76,234459.4,583.0,6885.0,38221.18,38174.0,4.0,7,20579.0,47463.5,27980.0,5,29,25637.0,38431.0,59831.0,11,104,40096.0,Y,3994.23,current,M,42,MEDIUM,22.0,1,626.0,1,10.0
10879,10808,122904.0,16374.4,16031.0,431.0,1509.0,4201.0,2622.0,124.0,81,35,48,24,98,78000,1,1,1.0,1,3030975.0,1187335.5,6100.0,-6885.0,130858.3,75963.0,4.0,7,14523.0,51656.36,1607.0,70,171,17394.0,9348.46,244377.0,6,10,34101.0,Y,9860.41,current,M,30,MEDIUM,5.0,9,269.0,1,7.0
10880,13021,10317.0,12931.95,8762.0,5492.5,4400.9,19009.0,19810.0,43.0,11,117,26,16,1,114000,1,1,1.0,1,87526.1,138017.0,12016.0,0.0,36117.25,21820.0,6.0,1,62822.0,17774.43,15052.0,3,29,52382.0,94842.56,979.0,12,50,34272.0,Y,6794.21,current,M,53,MEDIUM,13.200000000000001,2,966.0,1,19.0
10881,1968,103563.0,5398.5,71417.8,82558.21,7340.0,9924.945,1969.0,6.0,8,50,5,4,1,494000,1,1,1.0,1,516.8,197800.0,3975.0,1332.0,45697.49,63714.0,6.0,6,10511.0,7169.66,65110.0,30,86,23726.0,75055.44,172091.29,2,7,9626.0,Y,1923.52,saving,M,30,LOW,3.0,1,394.0,1,2.0
10882,13858,2252.0,1532.9,2130.0,20349.0,2012.0,23466.3,23197.0,7.0,31,1,24,60,77,125000,1,1,1.0,1,33784.35,30453.0,4699.0,-5439.0,50419.17,21077.0,90.0,13,61899.0,63857.7,49137.5,3,6,28520.28,71112.91,102473.0,93,24,33800.0,Y,5823.81,current,M,36,LOW,14.4,7,963.0,1,15.0
10883,13899,20367.0,46272.85,2515.0,2919.8,2512.18,4814.0,27335.12,92.0,61,50,22,6,3,290000,1,1,1.0,1,34249.0,5000000.0,13873.0,1332.0,67122.91,68766.0,42.0,1,23346.0,35020.8,26839.0,11,50,11705.0,51612.0,302925.16,5,3,19754.0,Y,3865.03,saving,M,60,MEDIUM,12.0,10,249.0,1,12.0
10884,7365,503.0,51174.0,2370.0,25200.89,9882.2,8400.44,834.0,80.0,60,48,1,1,47,350000,1,1,1.0,1,67833.35,217074.0,13873.0,-4679.0,16956.43,37104.0,67.0,26,9015.73,48936.53,11245.0,4,24,12322.0,21230.31,5293.0,3,75,16450.0,Y,918.15,saving,M,55,HIGH,7.0,5,640.0,0,6.0
10885,15077,403241.0,776.0,19285.0,5155.79,3593.0,23520.0,3771.34,6.0,56,61,2,56,8,124000,1,1,1.0,1,59703.93,152664.0,2019.0,-4679.0,35932.95,46704.0,11.0,2,24100.0,13895.9,115644.0,70,171,38546.0,72816.02,91808.0,5,15,49686.0,Y,9925.36,current,M,64,HIGH,35.2,5,537.0,1,9.0
10886,16559,16273.0,6691.21,3552.5,58122.98,3680.0,557.0,7240.0,8.0,6,72,30,55,30,213000,1,1,1.0,1,144110.45,100000.0,25524.0,1992.0,2815.25,38030.0,11.0,31,89303.0,23758.5,24504.0,11,13,53508.0,10282.86,49927.0,4,49,38378.0,Y,19566.06,current,M,42,MEDIUM,8.8,8,355.0,1,11.0
10887,5571,207323.0,10414.0,441.0,2350.13,6032.67,669.5,3658.83,6.0,47,50,22,1,6,49999,1,1,1.0,1,1910215.0,130660.0,550.0,-4679.0,44747.85,308112.0,57.0,31,14530.0,35911.6,20970.96,2,7,69056.0,76810.77,38169.0,36,28,900.0,Y,5556.67,current,M,42,LOW,19.8,4,372.0,1,16.0
10888,12618,17817.0,6580.78,2116.0,11490.11,1318.0,4217.0,17167.0,66.0,6,135,47,25,36,150000,1,1,1.0,1,4834.55,97000.0,500718.0,3897.0,85306.64,142301.83,32.0,36,48840.0,8470.4,120132.0,6,50,25655.0,187683.41,74984.0,94,32,27884.0,Y,259.24,current,M,44,LOW,16.8,3,860.0,1,4.0
10889,17964,127018.0,13184.0,986.0,26505.01,1878.62,3585.0,27724.06,53.0,29,13,1,31,16,100000,1,1,1.0,1,77947.52,536874.6,12000.0,5340.0,102090.1,47230.78,77.0,5,30629.0,53159.84,40529.0,2,4,52664.0,77119.57,40715.48,4,3,73067.0,Y,1133.94,current,M,30,MEDIUM,10.0,4,683.0,1,14.0
10890,17779,8520.0,2220.0,16379.52,19009.65,13997.0,10372.0,20455.0,101.0,65,49,26,1,17,17000,1,1,1.0,1,213557.15,24000.0,1727.0,5773.0,74859.67,129106.86,52.0,2,64923.0,23483.0,83108.0,50,171,2168.0,461913.25,21773.0,4,0,116905.0,Y,150845.07,saving,F,53,MEDIUM,29.700000000000003,6,887.0,1,15.0
10891,3814,126329.0,25470.65,19668.01,5458.74,9415.95,1444.84,3649.0,136.0,26,84,3,17,10,518000,1,1,1.0,1,825.0,11897.0,22000.0,7478.0,244591.5,140429.0,70.0,13,19399.0,26575.0,75556.0,3,171,36370.0,68522.31,91232.0,22,12,83910.0,Y,1033.85,current,M,66,MEDIUM,27.6,8,505.0,1,6.0
10892,16931,7291.0,23605.23,2949.0,2371.0,1752.48,2312.0,18766.0,60.0,23,27,42,38,42,206000,1,1,1.0,1,4765000.0,143000.0,48950.0,3897.0,15467.42,21994.0,103.0,1,19417.0,16684.75,70021.74,5,28,27637.0,20865.94,34479.0,3,83,15607.0,Y,13588.27,saving,M,31,MEDIUM,3.3000000000000003,5,296.0,1,15.0
10893,15825,11984.0,13682.44,7852.58,34561.4,18653.0,936.52,3328.34,6.0,6,74,5,23,68,472000,1,1,1.0,1,9717.55,142608.5,768.0,-3506.17993,11754.0,37646.41,42.0,0,63861.44,4800.96,61986.0,3,4,11397.0,15259.51,113806.0,7,12,27575.0,Y,2433.75,current,M,47,LOW,24.3,9,710.0,0,5.0
10894,779,26961.0,10089.65,10319.0,4699.6,21768.0,37232.47,792.0,100.0,7,3,57,4,5,510000,1,1,1.0,1,46730.2,254348.9,1633.0,5464.0,416549.75,24787.0,89.0,17,29448.0,76973.0,1209.0,31,5,138651.0,44943.69,52621.76,47,22,74946.0,Y,5935.83,current,M,55,MEDIUM,7.0,1,623.0,1,20.0
10895,7091,2777.0,13449.91,2651.0,19802.28,49851.01,3450.5,3098.0,12.0,10,35,26,18,14,26000,1,1,1.0,1,1641785.0,3084.5,5797.0,4314.0,27213.34,210711.77,12.0,30,70739.0,17770.16,57418.33,70,50,34678.0,58210.71,35135.0,2,58,44315.0,Y,971.01,current,M,60,HIGH,36.0,8,867.0,1,20.0
10896,3411,14635.0,7288.41,20562.68,1916.42,5393.04,697.0,356.0,31.0,77,30,1,14,70,49999,1,1,1.0,1,134985.0,97000.0,67696.0,886.0,30942.0,81449.0,11.0,6,26969.0,26158.89,98808.0,4,23,23483.0,60599.21,53815.0,2,103,32009.0,Y,355.86,current,F,36,MEDIUM,9.600000000000001,5,615.0,1,15.0
10897,2807,2366.0,7056.22,3554.4,759.58,5047.0,11521.0,12875.8,6.0,6,49,3,62,14,125000,1,1,1.0,1,34249.0,190887.4,16114.0,12415.0,20852.98,3142.81,42.0,7,22541.0,64240.5,59872.0,42,77,33694.0,111929.33,15744.0,4,13,19127.0,Y,1748.28,saving,M,33,LOW,13.0,9,299.0,1,5.0
10898,18050,7298.0,2239.5,2409.0,13178.0,3493.0,3660.0,37911.0,1.0,23,72,48,11,39,416000,1,1,1.0,1,196885.0,32714.0,30071.0,12174.0,284.25,134728.0,11.0,3,45404.0,108444.0,14034.0,12,104,48471.0,21369.46,47296.3,2,83,16292.0,Y,1261.65,saving,M,118,MEDIUM,68.60000000000001,10,858.0,1,19.0
10899,17153,222976.0,18390.52,3944.0,24153.78,2188.5,23481.3,6846.4,12.0,14,16,22,8,39,345000,1,1,1.0,1,17377.25,109000.0,183999.0,5340.0,15959.24,160897.0,147.0,1,40018.0,9450.34,44478.0,2,12,32520.0,7329.82,41589.0,12,8,26560.0,Y,271.66,current,M,66,LOW,36.800000000000004,4,867.0,1,8.0
10900,15326,6359.0,16859.1,4949.12,107700.0,25722.37,5186.2,423.02,136.0,34,4,22,17,54,47000,1,1,1.0,1,10535967.5,157000.0,4699.0,0.0,16320.25,70316.5,4.0,1,42201.0,29891.75,53620.0,8,8,23518.82,45629.3,50170.0,3,80,30500.0,Y,3184.71,saving,M,42,MEDIUM,17.6,3,799.0,0,8.0
10901,1616,10580.0,2345.0,563.0,41759.79,4774.5,4586.39,3863.0,100.0,18,4,1,21,80,27000,1,1,1.0,1,116.0,98110.0,300500.0,20324.0,20333.91,4031.0,18.0,2,46578.0,45013.59,32556.0,10,4,50495.0,55130.63,43675.25,13,79,33810.0,Y,1868.79,saving,M,56,LOW,3.6,10,658.0,1,10.0
10902,9591,30685.0,1934.27,7665.17,4165.24,23395.62,3156.5,4651.0,2.0,84,47,42,2,2,720000,1,1,1.0,1,13762.5,152664.0,15477.0,977.0,178469.52,39598.74,4.0,2,12780.0,128909.0,8769.0,0,12,97123.0,62772.94,36283.0,12,79,22583.0,Y,38210.02,current,M,29,LOW,9.0,1,855.0,1,4.0
10903,2781,16937.0,41998.07,392.0,36639.66,1168.0,100746.475,4170.78,29.0,66,5,3,5,98,199999,1,1,1.0,1,61761.4,180000.0,3975.0,1079.0,25941.78,80998.0,18.0,33,38195.0,44379.44,17042.0,3,20,11554.0,38265.78,32572.0,5,10,20903.0,Y,17199.2,current,M,37,LOW,15.3,8,395.0,1,20.0
10904,4985,12214.0,21115.27,6946.01,1699.0,9817.88,17708.24,24070.5,531.0,9,13,18,71,12,172000,1,1,1.0,1,7455797.87,205000.0,11580.0,-4664.0,30084.0,26431.0,42.0,1,28389.0,21965.56,121900.0,43,12,20767.0,165058.41,42917.79,3,106,25245.0,Y,7477.67,current,M,66,LOW,46.0,7,858.0,1,9.0
10905,2794,676.0,15098.97,8613.0,4729.44,6212.53,2046.01,2733.0,4.0,67,4,1,6,2,100000,1,1,1.0,1,2173459.0,50000.0,100000.0,7478.0,221.39,198657.0,62.0,36,22957.0,17774.43,70890.0,1,171,18548.0,58766.0,84815.0,4,27,25536.0,Y,1336.88,current,M,62,LOW,42.0,8,248.0,1,11.0
10906,19175,18915.0,45300.79,10096.0,8890.86,1297.84,57184.0,4170.78,6.0,1,19,22,12,7,17000,1,1,1.0,1,3101.3,16000.0,13873.0,7984.0,137122.28,25278.0,147.0,2,50611.0,91991.85,140530.73,1,59,30613.0,123398.25,39542.0,12,18,25441.69,Y,7000.01,saving,M,33,MEDIUM,11.700000000000001,3,355.0,1,14.0
10907,18076,1377.0,17706.11,1514.0,1856.92,6324.92,6463.0,1661.0,63.0,8,87,39,37,1,167000,1,1,1.0,1,120781.35,50000.0,25000.0,1444.0,24280.97,41454.49,4.0,4,36336.0,52681.0,60548.0,0,14,32478.0,11961.31,5217.0,2,12,24128.0,Y,40438.02,current,M,42,MEDIUM,15.4,4,771.0,0,4.0
10908,9558,6319.0,20504.35,130.32,2387.82,7210.0,36335.09,6516.0,92.0,14,7,1,5,18,381000,1,1,1.0,1,1482778.95,200926.0,15756.0,4856.0,41959.04,62789.0,89.0,7,49942.0,34328.03,213315.0,3,12,9750.0,64333.13,90321.82,4,49,21318.0,Y,3530.18,current,M,34,LOW,9.8,5,574.0,1,3.0
10909,10113,12886.0,9695.0,11217.0,16934.0,6080.0,3170.0,1680.36,7.0,47,3,47,3,86,720000,1,1,1.0,1,12057.2,12000.0,73217.0,13135.0,23714.56,9418.0,7.0,1,96277.66,34787.0,82390.42,43,8,22393.0,32734.75,38340.0,3,21,6086.0,Y,17350.88,current,M,66,MEDIUM,27.6,10,508.0,1,18.0
10910,11007,1014.0,7025.0,770.0,3040.62,594.5,1490.5,4772.0,2.0,20,14,47,3,68,403000,1,1,1.0,1,196885.0,24000.0,15756.0,0.0,23193.8,91179.0,12.0,19,23066.0,128659.25,48055.0,1,70,24685.0,5935.01,40897.5,16,39,26143.0,Y,4048.66,current,F,40,HIGH,10.0,9,956.0,1,10.0
10911,15379,28284.0,4109.93,8591.0,14353.0,3121.0,19744.0,5150.0,9.0,10,10,17,3,37,350000,1,1,1.0,1,54453.8,25404.0,565.0,1079.0,29401.67,72581.0,11.0,4,14172.0,52339.29,42175.0,8,23,37300.0,14397.66,38771.76,94,35,31153.0,Y,21141.74,current,M,47,MEDIUM,8.1,4,269.0,0,8.0
10912,8301,20182.0,3108.57,7349.28,21810.59,25572.0,1927.3,14139.01,66.0,9,10,25,3,77,104000,1,1,1.0,1,14781.5,234459.4,583.0,12163.0,6758.09,53985.0,4.0,3,15083.0,7425.0,37504.0,31,82,65745.0,60707.75,68745.81,47,103,17606.0,Y,1593.26,saving,M,33,MEDIUM,7.800000000000001,5,737.0,0,4.0
10913,17854,17623.0,63924.54,4640.8,9407.6,1460.5,24578.2,4376.88,7.0,60,110,30,2,1,67000,1,1,1.0,1,3575.5,172131.0,16215.0,5730.0,31768.75,80769.13,12.0,26,19297.0,82980.05,59762.0,2,1,59135.0,25922.0,31011.0,3,133,34796.0,Y,16545.28,current,M,33,HIGH,10.4,5,658.0,1,15.0
10914,18681,7437.0,19299.0,435.0,3019.0,14081.12,6215.0,928.34,100.0,30,13,48,15,53,100000,1,1,1.0,1,117168.65,64491.0,30011.0,9827.0,61911.0,132721.0,22.0,33,18757.0,95178.75,85798.26,23,21,23858.0,163240.5,568.0,2,0,37165.0,Y,17.08,current,M,60,LOW,8.0,6,643.0,1,13.0
10915,6676,331564.0,14649.4,452.4,92391.27,1093.25,4033.065,1966.73,1.0,34,6,24,2,79,371000,1,1,1.0,1,47024.8,3.0,8417.0,6885.0,22115.25,31983.0,24.0,19,11100.0,213279.42,29666.0,2,21,40116.0,28555.67,343.79,43,12,32100.0,Y,70737.77,current,F,42,LOW,8.8,8,700.0,1,6.0
10916,13205,17959.0,38391.75,7630.48,5345.36,22629.15,3996.87,5762.0,1.0,93,11,2,21,10,100000,1,1,1.0,1,199690.5,29479.0,30000.0,-5439.0,1158.0,87099.0,82.0,1,45404.0,33916.95,50149.0,31,13,32270.0,23713.0,36455.0,12,32,20598.0,Y,10923.95,current,M,222,HIGH,202.0,5,249.0,1,10.0
10917,14707,329872.0,16566.22,1930.0,6034.48,403.24,17902.22,12743.0,8.0,22,135,48,4,56,110000,1,1,1.0,1,825.0,202560.0,908.0,2351.0,36631.25,25972.0,10.0,3,19107.0,61443.57,31095.5,3,20,41743.0,42533.06,25366.0,19,42,130734.0,Y,284.79,current,M,27,LOW,4.2,6,626.0,0,10.0
10918,19937,8898.0,3817.79,510.28,4124.67,2762.0,33452.55,1409.1,6.0,32,3,24,4,6,232000,1,1,1.0,1,568.8,157000.0,11580.0,4314.0,27072.9,30676.41,20.0,35,42795.0,80706.51,30156.0,17,50,12840.0,16374.09,22518.0,47,21,18955.0,Y,550.05,current,F,27,MEDIUM,4.2,2,723.0,1,7.0
10919,18808,17646.0,16903.86,5436.89,2878.46,4156.0,100746.475,1813.0,3.0,26,13,20,2,2,359000,1,1,1.0,1,1035.0,330001.0,8333.0,10210.0,24065.25,102134.0,63.0,1,23360.0,82132.46,20984.0,1,171,73902.0,318301.53,91955.5,4,73,271257.0,Y,3024.35,current,M,35,MEDIUM,10.5,10,818.0,0,19.0
10920,4631,14814.0,2016.0,2509.0,387.0,1827.12,4878.875,2509.12,52.0,18,86,1,18,3,104000,1,1,1.0,1,48422.7,38928.0,30040.0,6885.0,25141.0,19501.0,1.0,0,21995.0,33853.84,27747.0,23,5,19641.0,452.0,150853.0,21,10,525000.0,Y,6793.09,saving,M,40,MEDIUM,6.0,6,799.0,1,7.0
10921,8579,4163.0,1899.62,2846.6,13916.47,13997.0,34038.94,21189.3,10.0,65,4,18,1,26,139000,1,1,1.0,1,34443.0,13299.0,68000.0,10210.0,249016.84,44822.0,6.0,1,31829.0,170925.17,19323.0,6,1,113882.0,205658.0,10819.0,94,0,25122.0,Y,40438.02,current,M,42,MEDIUM,8.8,7,710.0,1,2.0
10922,717,10016.0,12603.35,3831.0,9596.94,8897.0,13515.775,9530.01,7.0,5,72,42,1,8,120500,1,1,1.0,1,63073.6,225000.0,1727.0,4314.0,44948.01,14250.0,39.0,6,35579.0,408694.21,24721.0,1,7,3900.0,14034.72,49552.52,13,24,25150.0,Y,823.57,current,M,55,MEDIUM,17.5,1,805.0,1,18.0
10923,12471,2351.0,2227.84,3036.0,3994.0,7587.57,1207.1,3191.6,2.0,2,3,2,3,13,375000,1,1,1.0,1,825.0,74599.9,12560.0,-4324.0,19184.0,109483.0,6.0,35,601.0,30793.0,98652.0,2,12,386777.0,51219.98,34637.5,14,36,24195.0,Y,2060.86,current,M,42,MEDIUM,22.0,8,805.0,1,16.0
10924,6935,3730.0,7677.5,3753.0,24009.14,1448.0,2217.0,891.0,56.0,10,10,19,3,10,367000,1,1,1.0,1,7089.7,64491.0,30000.0,5340.0,80345.0,19726.0,41.0,6,11524.0,144149.48,35955.0,4,12,35450.0,87755.47,90594.0,117,42,35861.0,Y,9523.56,current,M,34,MEDIUM,8.4,2,245.0,0,19.0
10925,337,4045.0,19825.92,18672.34,39175.48,1409.05,5100.47,7820.0,12.0,42,82,42,8,16,353000,1,1,1.0,1,137553.95,117890.0,768.0,20513.0,32111.25,42852.0,77.0,0,28010.0,109561.75,16952.0,6,5,16676.0,40660.46,47487.54,43,21,54725.0,Y,2202.47,current,M,29,MEDIUM,2.7,2,354.0,0,20.0
10926,841,18405.0,5427.54,3863.48,24047.48,4086.62,10832.5,2253.0,1.0,2,9,15,2,1,173000,1,1,1.0,1,148705.0,10947.0,500718.0,0.0,21468.2,46174.0,42.0,33,19632.0,34514.45,137717.17,2,5,108000.0,98597.13,423813.43,2,113,23268.0,Y,9372.41,current,M,53,LOW,6.6000000000000005,7,737.0,0,18.0
10927,4853,407579.0,19111.49,5977.0,44675.98,10507.42,3680.885,5370.2,5.0,3,13,30,36,13,461000,1,1,1.0,1,13180.0,6.0,130000.0,-6885.0,57911.33,39164.0,42.0,0,16242.0,24265.39,21323.0,1,70,12767.0,301.0,58932.0,117,103,23807.0,Y,1642.76,current,M,27,LOW,3.5,2,928.0,1,12.0
10928,2743,29439.0,16996.475,2349.0,1171.0,5248.0,14969.0,5263.0,6.0,37,49,48,1,68,25000,1,1,1.0,1,11878.6,10465.48,49975.0,1332.0,28919.92,39113.5,11.0,0,122777.0,340887.49,66592.0,50,82,143769.0,75483.53,43866.0,6,50,43052.0,Y,39725.97,current,M,27,HIGH,5.6000000000000005,4,658.0,1,9.0
10929,3472,8060.0,6012.45,7046.0,42936.0,2756.0,405.52,1442.0,44.0,5,49,5,27,47,301000,1,1,1.0,1,32951.25,1475000.0,100000.0,6441.0,12219.25,91119.0,4.0,4,31914.0,22977.0,37205.0,1,12,17541.0,102242.95,5084.5,42,12,30014.0,Y,2165.93,saving,F,40,LOW,8.0,7,538.0,0,6.0
10930,6987,14482.0,9587.0,10021.0,19568.18,3409.0,4392.0,12602.0,1.0,1,8,2,6,9,100000,1,1,1.0,1,39851.93,225000.0,728.0,7478.0,4221.47,53139.0,55.0,31,166524.0,54960.41,70092.0,5,82,34658.0,340.0,39575.0,14,42,66688.32,Y,7682.31,current,F,32,MEDIUM,9.600000000000001,1,964.0,1,14.0
10931,19749,131594.0,8387.0,19668.01,14666.22,3936.0,8885.0,2404.82,5.0,38,5,2,20,8,293000,1,1,1.0,1,32200.0,3.0,4458.0,3897.0,215710.65,29768.0,23.0,5,3365.0,13990.02,75851.36,2,20,27624.0,26998.54,339261.0,94,0,38054.0,Y,1875.47,saving,M,33,MEDIUM,2.6,3,620.0,1,6.0
10932,11784,31667.0,46217.26,10529.89,2055.82,2374.0,4659.0,54416.0,136.0,1,23,3,25,11,124000,1,1,1.0,1,8370.8,152.87,3975.0,-5998.43994,689.0,36559.0,35.0,2,18539.0,61737.94,58717.0,1,75,142795.77,4615.2,76326.0,9,13,82200.0,Y,25711.18,current,M,27,MEDIUM,7.0,5,254.0,1,14.0
10933,1066,12969.0,8967.0,1446.0,7070.85,1864.29,7120.12,2555.3,101.0,34,87,2,2,17,85000,1,1,1.0,1,65887.8,241529.77,10271.0,-5942.0,9979.07,36042.0,3.0,26,19326.0,60500.75,32929.0,1,4,65190.0,48082.78,67238.0,6,25,34668.0,Y,1109.14,current,M,28,HIGH,5.6000000000000005,10,750.0,1,14.0
10934,3751,12476.0,1662.0,7673.34,950.4,10204.52,2125.215,266.0,5.0,84,18,1,1,11,100000,1,1,1.0,1,3938.25,138732.3,25000.0,5439.0,15473.24,44714.49,7.0,1,67691.0,19102.0,47183.0,6,63,59584.0,476423.0,43235.16,7,107,4430.0,Y,126.58,current,M,27,LOW,6.300000000000001,7,623.0,1,17.0
10935,11691,17505.0,32120.62,1831.97,27316.95,911.41,36253.97,431.28,6.0,83,71,26,14,56,425000,1,1,1.0,1,31324.0,77000.0,610000.0,12415.0,46626.0,29048.0,69.0,1,54761.13,74636.1,8572.0,6,105,40472.65,48759.27,77248.0,13,17,38642.0,Y,594.59,current,F,33,HIGH,6.5,4,249.0,1,3.0
10936,15698,7612.0,10062.86,183.0,3031.89,2681.03,2165.96,1985.2,5.0,85,19,20,2,1,252000,1,1,1.0,1,120781.35,278904.9,565.0,2921.0,6897.01,49686.0,4.0,3,106446.0,12215.78,168731.0,3,6,129565.0,31389.25,12376.36,2,10,19694.0,Y,17498.33,saving,M,47,LOW,5.4,10,351.0,0,20.0
10937,7421,1506.0,14372.0,7018.45,21780.22,10309.0,2437.63,1538.0,44.0,23,50,7,1,1,125000,1,1,1.0,1,137553.95,244483.3,15477.0,19765.0,47923.72,21781.0,2.0,7,13025.0,108915.0,61724.52,6,105,74666.0,5502.59,50475.0,4,15,32230.0,Y,6756.42,current,M,49,HIGH,17.400000000000002,7,468.0,1,7.0
10938,19002,17329.0,32829.0,12199.47,915.37,10317.0,15492.12,779.0,57.0,10,89,1,1,47,660000,1,1,1.0,1,23669.0,134890.0,230000.0,-4664.0,115767.41,22106.0,2.0,35,13870.0,83317.03,135492.0,4,13,190123.0,38614.5,31370.0,2,83,26190.0,Y,9360.51,current,M,42,LOW,8.8,4,299.0,0,19.0
10939,13935,16110.0,12426.91,12466.76,99600.15,12238.6,4511.0,5470.0,26.0,23,27,8,55,5,152000,1,1,1.0,1,3101.3,117890.0,48950.0,8572.0,30896.91,49705.0,11.0,35,146250.0,111660.75,4292.0,3,11,28656.0,14313.44,20745.0,2,38,84197.0,Y,173030.76,current,M,56,MEDIUM,14.4,10,366.0,1,14.0
10940,19703,18811.0,1920.5,440.0,12823.32,3516.0,46602.0,272.08,10.0,4,6,1,1,12,50900,1,1,1.0,1,380.0,273221.0,2500.0,1500.0,225933.41,34472.69,2.0,1,24434.0,7094.28,98255.0,5,6,24318.0,48233.47,138213.02,49,17,123997.0,Y,2247.7,current,M,44,MEDIUM,12.0,4,799.0,1,7.0
10941,5948,2643.0,5406.1,4429.16,974.15,1607.0,7940.77,36724.0,15.0,7,64,24,62,54,462000,1,1,1.0,1,70310.6,104000.0,15756.0,-4324.0,42035.25,3432.0,42.0,0,8560.33,18807.84,37123.0,12,6,30136.0,2540.0,71488.03,4,10,1144.0,Y,23891.74,current,M,28,MEDIUM,6.4,7,883.0,0,5.0
10942,2531,14523.0,2625.0,8615.96,13021.77,484.22,2518.2,6509.0,1.0,5,67,24,3,79,519000,1,1,1.0,1,1112.4,376694.91,48500.0,5464.0,20687.64,390622.0,32.0,3,17140.0,15236.0,28706.5,70,108,157688.0,44449.63,52303.0,22,65,7638.0,Y,30340.33,current,M,27,MEDIUM,7.0,10,249.0,1,7.0
10943,15737,2527.0,5227.0,2250.0,119507.51,10282.57,12309.0,4893.0,6.0,18,82,25,3,30,520000,1,1,1.0,1,111.0,110135.86,68000.0,19765.0,8435.59,17473.0,69.0,3,900.0,451508.5,39923.0,43,8,28411.0,45504.24,76809.75,47,11,34717.0,Y,991.42,current,M,47,LOW,16.2,8,921.0,0,5.0
10944,7382,4251.0,3744.0,23219.02,8254.84,8212.0,2066.0,30385.0,19.0,4,67,1,18,1,232000,1,1,1.0,1,23221.65,60481.0,3975.0,6885.0,297231.83,54020.0,90.0,1,13822.0,125358.83,23444.0,3,70,11374.0,38019.79,143651.24,12,11,35675.0,Y,4654.22,current,M,34,MEDIUM,14.0,8,628.0,1,18.0
10945,7370,13357.0,10015.0,3917.0,4453.18,24041.13,2833.6,7911.32,1.0,2,84,1,36,10,104000,1,1,1.0,1,293418.75,784499.0,96558.0,6916.0,51380.91,16050.5,29.0,0,54761.13,31758.43,22467.0,2,9,20689.0,44901.21,47953.0,4,124,254219.0,Y,4657.32,current,M,28,LOW,4.800000000000001,4,266.0,1,11.0
10946,12739,4427.0,23326.73,14482.0,27059.81,370.0,30281.0,326.0,10.0,16,2,2,5,80,256000,1,1,1.0,1,22086.05,118976.0,10973.0,-5998.43994,37439.64,5112.0,91.0,36,50112.0,28286.85,287111.0,3,26,54204.12,398278.92,35980.0,12,75,95800.0,Y,13099.77,current,M,53,LOW,19.8,2,516.0,1,9.0
10947,6931,169467.0,3562.0,6645.17,18272.0,6509.0,6835.0,316.0,44.0,3,35,60,15,75,293000,1,1,1.0,1,48796.45,52985.43,1001.0,5340.0,61678.18,293315.04,39.0,2,40139.0,87253.63,16742.0,4,4,28292.0,46827.0,121439.33,13,1,38241.0,Y,4621.44,current,M,60,LOW,28.0,2,330.0,0,2.0
10948,18789,12305.0,17487.0,10966.59,4749.6,195.0,6233.85,1290.06,44.0,85,20,3,27,68,136000,1,1,1.0,1,10535967.5,470000.0,711.0,6916.0,208698.74,29830.0,10.0,4,49470.0,37651.47,3325.0,47,82,28868.0,119892.17,71104.0,1,58,5600.0,Y,456.99,current,F,66,MEDIUM,27.6,6,554.0,1,6.0
10949,18115,6946.0,49990.02,5509.71,6754.63,6563.02,15163.25,6516.0,6.0,23,13,1,11,98,378000,1,1,1.0,1,130319.0,69370.0,4367.0,290.0,21090.0,120261.0,103.0,1,34118.0,31842.0,20974.6,2,104,34208.0,145703.25,25622.25,93,24,17866.0,Y,135606.3,current,F,32,MEDIUM,2.4000000000000004,7,908.0,0,2.0
10950,3005,6449.0,14262.48,352.0,7579.88,2946.0,2666.0,1928.63,1.0,26,48,1,1,3,400000,1,1,1.0,1,5383.25,76365.24,583.0,2500.0,44227.5,108795.0,36.0,36,5311.07,60927.4,27591.0,9,13,21447.0,49533.2,52595.0,47,50,49089.0,Y,2132.59,current,M,66,MEDIUM,13.8,4,566.0,1,18.0
10951,13604,26662.0,5028.35,2468.18,49100.15,1782.2,7851.0,1581.0,17.0,46,4,50,31,9,575000,1,1,1.0,1,115.45,12257.0,33774.0,-3506.17993,135865.19,35127.5,77.0,23,17819.0,18647.18,34791.0,1,171,52880.0,6399.36,63827.0,13,42,224774.0,Y,2505.43,current,M,223,MEDIUM,162.4,6,638.0,1,16.0
10952,5263,338021.0,8237.9,40388.0,3336.5,540.33,7252.4,197.0,44.0,85,9,2,2,11,84000,1,1,1.0,1,58121.25,100934.0,768.0,977.0,8937.0,59961.0,12.0,1,9272.0,28378.06,237748.5,43,31,410852.0,96989.67,52974.0,16,15,262176.0,Y,6844.59,current,M,42,MEDIUM,8.8,8,503.0,1,2.0
10953,10089,8910.0,26133.0,1166.42,25620.82,3693.96,16801.225,4133.22,7.0,85,5,5,2,74,453000,1,1,1.0,1,1831780.84,589.39,14904.0,553.0,40826.88,29228.0,69.0,6,113000.0,87861.63,16278.0,4,82,19250.0,29941.31,59675.28,117,58,31469.9,Y,1281.23,current,F,47,MEDIUM,16.2,7,245.0,1,3.0
10954,3209,18101.0,8470.26,321.23,55569.17,2445.84,3660.0,537.0,1.0,14,6,50,12,47,157000,1,1,1.0,1,225823.8,110135.86,4198.0,1954.0,27536.62,52586.0,46.0,5,55031.0,267248.67,125650.0,3,11,24556.93,20995.78,47739.0,4,1,20443.0,Y,4225.86,current,M,40,MEDIUM,10.0,1,805.0,1,10.0
10955,18976,390218.0,341.02,2700.48,26505.01,8121.0,12657.04,4618.0,8.0,19,47,30,1,42,150000,1,1,1.0,1,137260.8,76365.24,2214.0,1079.0,17254.25,16854.0,16.0,14,20074.0,34096.0,52306.0,43,108,30171.0,94210.14,2066.0,9,11,32342.0,Y,1909.01,saving,M,33,LOW,7.800000000000001,9,737.0,1,9.0
10956,5325,511.0,5204.0,1253.0,2107.56,3880.89,3528.4,5513.0,3.0,4,5,1,56,39,152000,1,1,1.0,1,48796.45,27000.0,298472.0,7478.0,39259.88,125308.0,16.0,13,57705.0,129356.43,55868.0,1,12,21407.0,37717.17,55940.0,10,7,19889.0,Y,4452.63,current,M,47,MEDIUM,18.900000000000002,7,855.0,0,12.0
10957,4052,5976.0,795.0,3272.0,6212.86,2603.0,4970.24,2351.0,2.0,26,46,1,1,47,298000,1,1,1.0,1,942327.7,134890.0,5797.0,2819.0,26168.54,32243.4,42.0,1,17902.0,12872.91,60681.5,5,42,61331.0,36017.75,87110.0,94,32,17978.0,Y,20649.46,current,M,33,HIGH,3.9000000000000004,5,748.0,1,18.0
10958,12844,96241.0,25684.0,9277.44,17238.0,12554.18,3042.27,1614.28,26.0,46,50,7,21,8,402000,1,1,1.0,1,48796.45,2400000.0,48374.0,1954.0,15118.25,1461.0,18.0,4,28666.0,156856.0,28778.0,4,50,11562.0,96637.62,78188.0,47,83,26042.0,Y,4518.44,current,M,47,MEDIUM,13.5,2,243.0,1,12.0
10959,9302,165381.0,9920.85,3118.0,6160.0,8290.5,5372.0,11432.0,10.0,99,59,1,2,1,70000,1,1,1.0,1,102494.2,470000.0,908.0,6885.0,29553.75,642740.7,43.0,2,52960.0,17707.11,69746.0,2,42,21985.0,139696.26,48141.0,14,83,37166.0,Y,5836.27,current,M,33,LOW,2.6,1,762.0,1,14.0
10960,11588,3776.0,4237.1,7009.0,35589.09,4918.0,2080.5,8238.0,12.0,84,7,1,12,30,375000,1,1,1.0,1,75000.0,25404.0,24619.0,2000.0,387331.82,66976.76,147.0,0,22679.0,77745.31,23380.35,4,24,3650.0,30479.35,66711.0,6,10,34593.0,Y,9278.67,current,M,53,LOW,26.400000000000002,5,299.0,1,19.0
10961,18819,293638.0,7921.05,8087.0,10017.0,3172.0,7747.0,792.0,2.0,3,1,41,1,13,49999,1,1,1.0,1,10008.0,409808.0,54101.0,0.0,338053.38,32437.0,11.0,5,36468.0,66203.25,154859.0,5,11,55126.0,6527.32,9203.0,21,57,800.0,Y,5784.55,current,M,42,MEDIUM,6.6000000000000005,7,809.0,1,11.0
10962,17637,7056.0,11383.0,17761.0,2129.58,999.29,1808.0,899.4,1.0,128,17,2,26,6,483000,1,1,1.0,1,28844.0,187788.1,25000.0,19765.0,15729.65,1497.0,40.0,1,37833.0,21233.45,8261.0,0,81,20537.0,115628.54,29959.0,6,18,175323.0,Y,3574.27,current,M,221,LOW,140.70000000000002,2,802.0,1,13.0
10963,10028,97034.0,33118.06,16685.96,6641.25,6920.0,2045.46,434.4,19.0,29,14,39,38,4,564000,1,1,1.0,1,41.4,105000.0,25000.0,8723.0,15982.25,585844.0,55.0,15,27066.0,121735.63,42285.0,7,8,79301.0,62885.32,25996.0,6,103,29070.0,Y,559.23,current,M,33,MEDIUM,9.1,3,958.0,1,7.0
10964,8121,299641.0,5696.15,33319.9,7439.88,6578.5,20506.0,2452.0,100.0,23,50,15,18,81,306000,1,1,1.0,1,39851.93,51000.0,5540.0,2008.0,33679.21,40024.0,4.0,2,40793.0,39857.78,80370.0,3,11,24398.67,14275.75,188484.0,7,22,59680.56,Y,242.07,current,M,222,MEDIUM,121.2,8,748.0,1,10.0
10965,8356,17021.0,7339.34,711.0,22565.78,6022.51,501.0,3076.5,4.0,30,1,8,2,3,256000,1,1,1.0,1,331.2,390700.0,78309.0,553.0,41039.71,44939.37,20.0,36,22754.0,16758.94,52760.0,2,108,86324.75,7277.83,48904.0,7,103,101.0,Y,5534.34,current,M,53,MEDIUM,6.6000000000000005,3,966.0,1,20.0
10966,16048,11898.0,41441.33,5130.0,12374.54,2681.03,3088.475,7274.52,53.0,20,64,53,62,47,25000,1,1,1.0,1,10006.2,9866.9,50000.0,0.0,319357.38,32961.0,6.0,7,23469.0,50006.44,766860.0,1,171,22183.0,72861.92,40293.0,94,2,23315.0,Y,6964.2,current,M,47,MEDIUM,18.900000000000002,3,516.0,0,5.0
10967,18823,14059.0,3312.0,644.75,5842.0,151.01,23976.01,1453.0,60.0,26,7,10,3,1,341000,1,1,1.0,1,249060.0,85300.0,694.0,12415.0,115230.08,66557.72,11.0,36,169472.0,324432.62,149078.0,9,8,22628.0,180418.51,129211.0,117,9,16190.0,Y,1360.05,current,M,28,MEDIUM,2.4000000000000004,1,503.0,0,2.0
10968,4509,6090.0,13239.86,24377.49,11051.94,16831.5,34373.14,1751.0,8.0,71,29,2,25,4,784000,1,1,1.0,1,98062.5,52991.0,23500.0,5464.0,26387.11,19978.0,46.0,2,26604.0,12215.78,83031.0,1,108,62780.0,64333.13,528695.0,6,50,40706.0,Y,7984.41,current,M,28,MEDIUM,7.2,9,537.0,1,12.0
10969,15430,17323.0,6714.84,1976.06,1330.68,900.0,6996.8,1361.0,67.0,26,16,8,2,20,479000,1,1,1.0,1,5688.0,31000.0,5797.0,-5998.43994,21090.0,32419.37,52.0,35,132489.0,10670.17,402339.0,4,75,14541.0,152976.41,162874.0,93,3,222687.0,Y,440.41,current,M,39,LOW,11.4,2,249.0,1,3.0
10970,17615,17338.0,9304.07,27546.0,156472.17,549.0,1491.0,1120.94,6.0,85,6,15,2,3,218000,1,1,1.0,1,39851.93,136000.0,6000.0,-3625.0,82276.48,65883.57,46.0,0,20780.0,36015.75,50589.0,2,25,14957.0,115196.17,18423.0,11,67,200264.0,Y,4002.39,current,M,37,MEDIUM,11.9,9,254.0,0,18.0
10971,13836,8083.0,4847.335,8762.0,18680.0,8195.11,23970.7,579.0,9.0,36,38,1,3,47,53000,1,1,1.0,1,67833.35,197800.0,908.0,6916.0,26334.5,27000.0,11.0,4,32104.0,24577.23,260240.0,9,7,24734.0,96111.01,33651.29,4,6,26437.0,Y,41961.68,current,M,35,MEDIUM,10.5,10,805.0,0,3.0
10972,18410,17789.0,2270.16,13714.87,4687.8,1069.02,2615.83,7394.0,7.0,10,87,2,12,26,147000,1,1,1.0,1,140291.6,108486.0,641.0,1332.0,48699.86,39265.0,10.0,0,38067.0,40937.95,37812.5,5,11,18460.0,19988.67,40173.0,58,28,36242.0,Y,2868.82,current,M,42,MEDIUM,13.200000000000001,2,928.0,1,2.0
10973,3059,12832.0,3770.97,19945.12,24687.2,9159.0,4818.0,9368.0,531.0,85,35,52,36,22,232000,1,1,1.0,1,825.0,117890.0,30011.0,-6885.0,52974.29,132721.0,8.0,31,22360.0,13990.02,29599.37,6,1,49322.0,61997.02,43603.0,4,11,13382.0,Y,2477.48,current,M,30,MEDIUM,7.0,2,771.0,1,6.0
10974,9328,164026.0,80838.0,435.0,13689.53,173.55,4424.5,311.0,9.0,3,7,2,18,26,298000,1,1,1.0,1,3967.5,86666.06,4367.0,2337.0,139814.59,73505.0,42.0,1,235844.0,23197.0,37056.0,4,12,125912.0,34369.69,382.0,2,63,64354.0,Y,57828.93,current,F,61,LOW,28.700000000000003,9,799.0,1,6.0
10975,15519,165188.0,16420.0,10027.0,5200.46,5560.0,5047.0,4305.09,44.0,3,5,3,6,56,520000,1,1,1.0,1,384550.05,253000.0,33774.0,-5942.0,46999.43,63491.0,10.0,35,33526.0,85321.66,53236.0,43,12,35071.0,130144.35,31852.0,4,68,35563.0,Y,1158.44,current,M,33,MEDIUM,7.800000000000001,10,796.0,0,5.0
10976,9381,15196.0,9578.0,6906.04,6647.86,4336.0,8660.0,2296.0,4.0,26,7,3,1,67,523000,1,1,1.0,1,396036.49,201000.0,130000.0,1500.0,72531.86,51879.0,11.0,30,49934.0,19157.75,47385.0,2,69,32528.0,24442.75,37580.0,10,22,35533.0,Y,618.33,current,M,33,LOW,13.0,6,588.0,0,20.0
10977,6684,14083.0,70202.78,23119.0,4581.29,1167.95,8799.0,21605.0,4.0,66,35,5,1,79,429000,1,1,1.0,1,526.25,229809.2,643.0,1332.0,52279.19,50032.0,46.0,36,13025.0,94840.21,52594.0,2,75,27906.0,50364.01,23256.0,49,10,27389.0,Y,157.42,current,M,219,LOW,139.3,6,957.0,1,19.0
10978,11389,19080.0,12684.0,1308.0,7886.45,2061.0,735.94,4016.0,7.0,29,2,18,4,13,371000,1,1,1.0,1,18778.85,244483.3,15654.0,5730.0,23740.65,46474.0,1.0,35,102695.25,37084.4,110299.0,2,21,46688.0,221782.35,37507.0,12,103,227000.0,Y,10649.31,current,F,28,HIGH,5.6000000000000005,5,300.0,1,6.0
10979,18742,10074.0,6201.4,3564.93,4604.92,2832.0,11211.71,2584.0,43.0,29,89,18,25,25,581000,1,1,1.0,1,140291.6,110135.86,908.0,2921.0,80399.27,11035.0,77.0,5,20126.0,129024.7,55886.4,3,20,20378.0,9042.0,93231.5,62,21,35697.0,Y,1863.25,current,M,34,MEDIUM,7.0,4,445.0,1,4.0
10980,19886,34222.0,34530.74,2470.26,58811.3,6647.0,67374.48,4505.0,16.0,84,49,1,2,11,472000,1,1,1.0,1,48422.7,30007.0,492.0,-4679.0,83246.72,134351.39,40.0,2,82000.0,74217.63,32659.0,19,108,23259.0,71570.8,29280.0,117,18,30354.0,Y,2277.64,current,M,33,LOW,3.9000000000000004,8,394.0,1,4.0
10981,16957,17308.0,7155.105,1350.67,21628.26,9056.87,7115.52,6733.0,44.0,6,3,5,56,14,59000,1,1,1.0,1,2135000.0,4550727.2,248000.0,6260.0,23723.25,54816.0,103.0,2,17116.0,51788.32,94042.0,2,29,48345.0,28636.42,23162.75,40,18,56483.0,Y,3869.91,current,M,53,LOW,26.400000000000002,6,653.0,1,14.0
10982,13148,18741.0,5592.7,1143.0,3755.0,10723.0,21488.8,2141.0,44.0,22,86,57,4,98,480000,1,1,1.0,1,1215.0,35421.67,15477.0,-5439.0,50630.43,740.0,10.0,36,24686.0,46860.81,139347.0,2,2,23569.0,38965.91,151978.0,47,50,32666.0,Y,13037.1,current,M,63,MEDIUM,25.8,8,737.0,1,13.0
10983,6336,4189.0,1619.93,1513.0,5589.0,6776.0,2318.8,1713.0,2.0,3,9,1,12,70,20000,1,1,1.0,1,148705.0,18300.0,48950.0,0.0,89682.36,22472.0,63.0,36,55215.0,16460.0,46587.0,4,25,33567.5,163154.75,7648.0,2,28,32248.0,Y,3045.41,current,M,47,MEDIUM,5.4,9,535.0,1,18.0
10984,16469,3812.0,98507.19,98.0,26420.65,3686.0,6155.2,17570.22,25.0,30,50,2,2,56,483000,1,1,1.0,1,7300.0,120000.0,15477.0,173.0,28614.88,39366.5,11.0,5,25260.0,87787.19,233575.0,43,27,130.0,34956.43,34431.0,3,50,22366.0,Y,1619.33,current,M,33,MEDIUM,2.6,10,536.0,0,17.0
10985,16077,12818.0,16697.0,10731.0,222859.32,9284.0,3248.0,5309.09,44.0,22,13,1,1,1,187000,1,1,1.0,1,4435.0,2400000.0,50000.0,553.0,5422.5,157426.06,8.0,2,62832.0,20749.04,40664.03,45,20,11507.0,82337.18,52322.0,5,58,26199.0,Y,3258.21,current,M,34,HIGH,2.8000000000000003,3,395.0,1,19.0
10986,10922,6010.0,7031.0,4483.56,4135.18,2110.0,3025.175,2366.1,5.0,14,49,19,6,79,430000,1,1,1.0,1,65887.8,237365.38,3975.0,1992.0,29902.88,15258.0,4.0,13,42204.0,647.0,54956.28,1,12,51175.22,484131.75,479.25,41,12,69407.0,Y,5308.95,saving,M,29,LOW,3.6,1,864.0,1,3.0
10987,17896,11879.0,84321.25,2596.27,35375.16,941.0,7742.46,994.0,2.0,27,82,60,55,2,160000,1,1,1.0,1,39851.93,429273.4,1036.0,12965.0,163589.0,47592.0,11.0,5,13441.0,13163.5,13385.0,7,50,1666.61,1571048.39,121174.75,47,22,57350.0,Y,6981.55,current,M,47,LOW,21.6,2,535.0,0,19.0
10988,11720,13227.0,35861.0,1054.0,26179.44,1403.0,1590.52,42960.0,57.0,99,64,25,9,36,423000,1,1,1.0,1,250631.8,96096.0,539.0,-5998.43994,35793.29,29893.0,91.0,0,12924.0,45292.0,52604.0,2,171,56665.0,7155.0,17533.0,8,11,26247.0,Y,20586.84,current,M,53,MEDIUM,3.3000000000000003,7,858.0,1,9.0
10989,366,14673.0,17971.0,1541.0,1406.56,13091.06,23976.01,91180.0,1.0,18,82,1,11,1,232000,1,1,1.0,1,18451.05,93.35,33774.0,-4664.0,17883.5,38721.0,4.0,36,27942.0,7086.75,22995.12,0,50,41198.0,41772.24,26982.75,16,3,48.51,Y,2809.96,current,M,42,LOW,17.6,1,346.0,0,3.0
10990,18456,82723.0,11272.835,3539.94,18307.69,5619.66,1956.2,7048.0,5.0,3,67,3,2,47,471000,1,1,1.0,1,3950.0,65070.0,2841.0,12415.0,31349.61,70060.0,37.0,30,38338.0,48069.76,486364.36,4,13,73902.0,96423.79,18018.0,49,8,18543.0,Y,18734.7,current,F,46,MEDIUM,23.400000000000002,2,374.0,0,17.0
10991,10743,7660.0,23803.25,22079.65,27014.4,4585.19,15510.345,537.0,4.0,3,74,82,6,79,378000,1,1,1.0,1,942327.7,15957.0,96497.0,-5715.49022999999,73768.13,6139.0,2.0,9,27177.0,37313.0,171685.76,3,25,37033.0,54150.33,84959.0,3,58,21970.0,Y,11085.42,current,M,29,MEDIUM,7.2,10,296.0,0,12.0
10992,129,331206.0,75460.0,2093.0,4658.52,4758.1,3040.41,658.0,2.0,4,19,5,38,2,358000,1,1,1.0,1,1581000.0,100000.0,1036.0,0.0,31725.0,154540.88,74.0,0,12057.87,16282.0,415099.0,2,108,6094.0,47529.0,50953.5,2,61,65.0,Y,1521.65,current,M,37,LOW,15.3,6,408.0,1,17.0
10993,16272,1360.0,8191.0,37711.69,8855.58,122.0,15973.0,7659.0,44.0,37,6,1,5,79,49999,1,1,1.0,1,146931.8,32714.0,73217.0,6885.0,29140.28,244465.0,52.0,4,33159.0,51591.7,34234.0,2,6,14220.0,53165.0,25548.5,3,63,24195.0,Y,720.23,current,M,37,MEDIUM,3.4000000000000004,6,963.0,1,15.0
10994,13449,179960.0,22217.87,573.0,22432.0,3940.0,25855.565,10086.0,92.0,30,19,10,15,1,324000,1,1,1.0,1,3247.5,35421.67,5905.0,2008.0,93636.54,15818.0,46.0,3,39112.0,58280.2,24451.0,2,108,178243.0,29071.76,72681.65,22,18,52651.0,Y,7057.94,current,M,47,MEDIUM,18.900000000000002,4,814.0,1,13.0
10995,2723,12978.0,7808.415,3459.52,1315.85,521.92,21111.5,440.0,44.0,9,50,24,4,1,330000,1,1,1.0,1,325024.6,39833.19,49975.0,-5998.43994,19240.74,198780.0,11.0,0,78860.0,5667.83,40563.0,2,50,34272.0,123493.93,51365.0,13,101,33755.37,Y,4452.63,current,M,32,MEDIUM,3.6,1,737.0,1,6.0
10996,14711,15591.0,15401.9,1832.92,9016.5,1048.0,14012.25,3074.0,4.0,36,7,7,2,80,114000,1,1,1.0,1,420.0,409168.15,12016.0,5340.0,20758.14,81373.0,147.0,3,75900.0,4252567.0,59337.0,2,50,14100.0,41228.19,33592.0,3,0,16994.25,Y,19276.1,saving,M,37,LOW,11.9,4,249.0,1,5.0
10997,19720,141497.0,9480.0,14200.0,20665.99,5623.0,6159.155,3121.04,7.0,14,30,25,6,98,293000,1,1,1.0,1,40440.4,992890.32,536.0,0.0,14022.02,1072.0,91.0,0,69995.0,44396.63,222103.8,2,171,29630.0,22197.99,125227.0,15,22,50534.0,Y,55059.89,saving,M,32,MEDIUM,3.6,5,385.0,1,17.0
10998,11422,10112.0,54957.195,16092.0,55345.0,3471.0,31718.0,1413.0,8.0,71,87,7,3,30,100000,1,1,1.0,1,47024.8,138017.0,639.0,1014.0,53013.86,67851.26,17.0,3,37005.0,114286.21,164186.0,70,4,111792.0,4239.41,71795.23,6,0,26900.0,Y,350.74,current,M,34,LOW,8.4,5,748.0,1,11.0
10999,12201,17602.0,10740.87,1962.0,22929.91,2133.55,66296.0,710.7,28.0,2,112,1,56,1,87000,1,1,1.0,1,146931.8,234459.4,3570.0,277.0,53882.46,27289.0,12.0,36,7865.0,68266.57,180274.0,2,82,11372.0,22587.16,12273.75,5,0,51287.0,Y,1313.07,current,F,33,MEDIUM,10.4,8,858.0,0,10.0
11000,1987,312814.0,28795.0,22619.93,14446.16,1535.5,16286.7,2001.0,50.0,65,9,1,3,56,13000,1,1,1.0,1,41.4,655638.0,891.0,1411.0,19310.02,156804.0,46.0,4,22843.0,77829.98,213174.0,2,5,11736.0,25261.66,25398.5,47,10,88978.0,Y,1141.16,current,F,30,MEDIUM,8.0,1,683.0,1,7.0
11001,7743,5538.0,763.0,2232.0,8945.0,4376.0,14061.0,389.0,44.0,22,50,4,4,98,193000,1,1,1.0,1,47936.43,201000.0,183999.0,2921.0,8730.25,99851.0,4.0,35,22091.0,40238.73,61986.0,9,87,1600.0,21177.08,185715.0,9,27,43627.0,Y,29587.56,current,F,63,MEDIUM,4.3,9,867.0,1,12.0
11002,18887,18484.0,24384.0,139422.6,17658.92,1243.0,1437.0,4185.0,6.0,43,135,2,2,80,44000,1,1,1.0,1,55458.53,6574.31,50000.0,7478.0,23738.84,120966.0,29.0,4,63308.0,16334.0,30000.0,2,50,16389.0,62899.94,46520.0,6,0,16762.0,Y,12904.95,current,M,47,HIGH,2.7,8,683.0,1,4.0
11003,1333,2700.0,1146.0,4882.5,15983.9,1592.9,8325.0,9816.0,1.0,13,35,1,15,34,100000,1,1,1.0,1,3786.9,145000.0,29542.0,20324.0,39377.41,132428.0,18.0,9,55911.0,68674.34,24488.0,0,108,102124.0,107933.33,73712.5,4,32,15490.35,Y,904.34,current,M,42,MEDIUM,19.8,2,799.0,1,16.0
11004,7469,294337.0,3376.88,2375.0,24051.75,976.2,11333.695,41877.5,29.0,1,59,1,3,39,100000,1,1,1.0,1,102494.2,17000.0,12560.0,5439.0,24247.77,71376.3,77.0,3,37090.0,23246.0,155219.0,71,26,19006.0,59846.7,42806.59,58,22,29062.0,Y,119.01,current,M,66,MEDIUM,32.2,8,658.0,1,17.0
11005,3333,30427.0,30429.14,139.86,8308.9,1588.41,5508.495,233.0,7.0,1,10,1,2,18,35000,1,1,1.0,1,59703.93,194099.3,1526.0,-5439.0,70531.93,73790.0,55.0,7,127645.0,10742.48,16358.8,20,12,6466.0,11705.0,89361.0,5,104,63130.0,Y,11391.81,current,M,62,LOW,33.6,2,974.0,0,19.0
11006,18947,11079.0,16078.2,9148.28,24333.09,516.0,12271.0,1772.0,6.0,99,87,24,51,47,263000,1,1,1.0,1,1207.5,17000.0,155205.0,1500.0,58129.03,20921.0,77.0,0,28666.0,31475.55,281252.89,6,25,21725.0,150955.37,157121.0,8,78,68552.0,Y,4788.89,saving,F,47,LOW,13.5,8,771.0,1,7.0
11007,6522,97676.0,6000.19,2868.09,12221.3,2024.76,993.04,3663.0,43.0,10,46,4,11,10,555000,1,1,1.0,1,6100.0,429273.4,50000.0,-3506.17993,27327.99,69510.0,7.0,7,114714.0,30354.25,44729.0,2,82,105.84,108547.16,44338.0,2,107,250526.0,Y,1874.71,current,M,38,MEDIUM,3.6,6,261.0,0,14.0
11008,1278,8909.0,29112.0,1352.5,9457.0,1310.59,75.0,441.0,4.0,1,1,57,3,34,670000,1,1,1.0,1,2002.36,64491.0,130000.0,6916.0,16679.85,126060.0,84.0,3,38195.0,77238.64,19065.0,30,29,15458.0,26928.0,47662.0,5,58,40679.0,Y,17545.28,current,F,37,MEDIUM,11.9,10,805.0,1,13.0
11009,6398,17683.0,4905.3,7770.0,18768.06,614.0,13663.0,2706.0,10.0,10,87,4,3,3,198000,1,1,1.0,1,196885.0,154121.9,12560.0,-6301.0,10423.0,80703.0,18.0,6,30477.1,29639.0,109022.0,17,14,25578.31,46329.06,65015.0,13,36,19904.0,Y,2912.76,current,M,30,MEDIUM,3.0,6,508.0,1,12.0
11010,8212,11935.0,2503.0,8989.16,4654.23,652.0,12369.0,7001.0,531.0,65,4,1,55,1,315000,1,1,1.0,1,2.13,470000.0,2214.0,5730.0,22554.38,68696.0,10.0,17,20647.0,49007.2,68240.0,3,7,230.0,78171.41,22485.29,3,65,48444.12,Y,2929.23,current,M,66,LOW,46.0,3,647.0,1,11.0
11011,7998,10461.0,17026.54,4121.43,2761.0,7437.0,3384.0,17621.0,4.0,10,50,1,51,1,234000,1,1,1.0,1,1263221.7,70164.0,8060.0,5340.0,103783.05,10211.0,48.0,5,55623.0,7496.0,58268.0,3,11,73710.0,40875.76,48249.5,7,22,98207.0,Y,8796.36,current,M,44,MEDIUM,16.8,1,801.0,1,9.0
11012,10479,9567.0,2112.46,740.5,4412.59,4255.76,1374.5,2125.53,10.0,2,5,1,2,1,301000,1,1,1.0,1,19866.0,369448.8,56305.0,0.0,52634.0,295.0,24.0,4,33159.0,393112.22,49281.0,7,70,468.0,103858.7,10349.0,14,50,48649.0,Y,1280.0,current,M,55,LOW,14.0,7,324.0,0,18.0
11013,13774,11687.0,38983.84,2344.5,15762.58,2086.64,10313.0,10044.0,10.0,8,10,8,4,12,147000,1,1,1.0,1,115818.74,22400.0,20887.0,5340.0,50248.11,26618.41,40.0,7,60856.0,12452.0,126284.0,5,6,26036.0,61533.11,135404.86,18,24,60227.0,Y,14737.79,current,M,62,MEDIUM,25.200000000000003,6,394.0,0,3.0
11014,11303,14800.0,55723.53,5761.5,19726.5,30044.0,2959.44,3912.57,7.0,13,89,1,26,1,524000,1,1,1.0,1,937.0,142608.5,3850.0,-4664.0,28159.25,31100.0,42.0,6,86887.0,26180.0,42213.0,9,42,2838.0,55364.14,188186.21,3,7,16966.0,Y,10033.1,current,M,30,MEDIUM,2.0,6,945.0,1,6.0
11015,7914,4640.0,6853.58,543.95,4611.8,4337.84,14903.57,2479.0,6.0,10,89,8,1,1,47000,1,1,1.0,1,12010.0,154121.9,56305.0,3897.0,246553.5,78937.0,70.0,2,35397.0,40711.75,23306.0,11,17,36000.0,37230.29,43198.0,11,113,54817.0,Y,4288.13,current,M,56,MEDIUM,25.200000000000003,8,325.0,1,6.0
11016,19887,13780.0,44347.0,1824.77,627.5,956.46,6628.0,10408.0,19.0,67,59,1,18,1,66000,1,1,1.0,1,55700.0,105000.0,50000.0,6916.0,165986.22,49024.5,29.0,7,18295.0,105699.75,121634.0,9,2,97660.0,80495.77,58958.14,49,10,29435.0,Y,9678.01,current,F,53,MEDIUM,6.6000000000000005,8,631.0,0,14.0
11017,19687,291335.0,15683.89,1070.84,3258.84,9415.95,34235.3,2683.35,32.0,42,50,7,4,53,44000,1,1,1.0,1,3247.5,76157.6,130000.0,2921.0,42855.88,82190.09,10.0,13,63166.0,28319.0,100757.0,50,81,13408.0,182189.46,106709.0,7,8,577.0,Y,6798.69,current,M,27,MEDIUM,3.5,5,268.0,1,4.0
11018,15313,328508.0,8237.9,35328.0,4407.62,812.0,11712.0,6234.8,101.0,85,117,24,2,68,471000,1,1,1.0,1,41441.27,347.19,51520.0,3897.0,6967.64,115404.0,70.0,3,27784.0,71010.74,8032.0,3,8,198000.0,16651.75,43215.98,18,32,64560.0,Y,756.28,current,F,66,MEDIUM,41.400000000000006,6,693.0,1,7.0
11019,14585,2247.0,40327.14,3079.55,26903.07,2901.96,2738.225,823.0,100.0,5,13,1,4,1,134000,1,1,1.0,1,30895.44,82907.34,111825.0,26601.0,64298.51,100422.85,74.0,3,11762.0,49064.0,162734.0,42,108,57047.0,2736.83,577.0,93,113,54625.0,Y,6080.24,current,M,53,MEDIUM,16.5,10,615.0,1,20.0
11020,7822,236058.0,3976.5,18426.93,22505.38,1638.0,1106.0,6512.0,16.0,3,10,24,1,56,48000,1,1,1.0,1,47024.8,446457.0,2019.0,4512.0,193.25,25273.0,11.0,2,27208.0,25011.0,34761.0,1,44,36682.0,33985.72,289639.0,2,40,32974.0,Y,8185.83,current,M,62,MEDIUM,21.0,4,638.0,0,8.0
11021,11952,2481.0,64358.5,1233.0,8740.95,3100.0,2279.92,8150.0,6.0,4,44,8,3,5,351000,1,1,1.0,1,89294.6,118856.1,14904.0,0.0,106595.37,159724.0,43.0,36,43404.0,14995.04,62347.74,4,63,31571.0,39634.23,106091.38,11,63,33186.0,Y,17330.7,current,M,29,MEDIUM,6.300000000000001,4,385.0,1,12.0
11022,4254,3176.0,13295.0,1337.0,12610.77,3740.0,20031.02,449.0,92.0,65,3,1,55,1,267000,1,1,1.0,1,41070.0,280000.0,96558.0,3735.0,54837.0,34563.0,43.0,4,39458.0,151490.53,105766.83,2,40,32457.0,144686.93,20218.0,117,22,176969.0,Y,6443.24,saving,M,34,MEDIUM,14.0,8,748.0,1,19.0
11023,5932,7107.0,5030.33,60495.0,105402.18,10627.48,1792.54,1439.0,2.0,10,7,1,62,77,240000,1,1,1.0,1,472.0,537476.4,2130.0,5730.0,105355.97,45515.0,20.0,9,46876.0,32019.76,7704.0,50,20,19101.0,30054.0,54063.0,6,12,32974.0,Y,86.8,current,M,49,MEDIUM,20.3,9,355.0,0,11.0
11024,13225,1513.0,11379.74,1837.0,21438.7,17545.46,9035.78,16597.0,2.0,65,50,1,18,1,20000,1,1,1.0,1,604365.0,30000.0,3850.0,167.0,59867.46,125056.22,11.0,23,45553.0,11089.0,79840.2,1,28,24944.0,25357.75,38305.0,2,103,32040.0,Y,1217.92,saving,M,33,MEDIUM,7.800000000000001,10,886.0,1,20.0
11025,5195,972.0,2048.5,6644.0,5657.2,2248.0,7666.0,3526.67,43.0,128,14,24,5,39,249000,1,1,1.0,1,165907.57,1543.85,639.0,10210.0,23847.13,75489.0,11.0,36,43745.0,22907.1,64572.0,20,84,18225.0,25244.55,45924.64,14,42,37260.0,Y,6964.2,current,F,27,LOW,4.2,3,445.0,1,19.0
11026,16508,17829.0,10151.0,4372.65,1705.0,4719.0,22766.0,41760.88,6.0,2,50,3,3,37,282000,1,1,1.0,1,8556.25,15000.0,24717.0,-6885.0,104842.84,19056.0,4.0,17,26724.0,30480.3,135912.0,2,77,43972.0,287543.59,21318.0,4,36,50508.0,Y,963.4,current,M,35,MEDIUM,4.5,5,614.0,0,5.0
11027,12206,16185.0,8434.89,12199.47,426.65,79802.0,20570.0,1222.0,1.0,99,17,60,62,2,167000,1,1,1.0,1,34648.75,40000.0,3000.0,1500.0,35535.0,13253.0,35.0,0,18285.0,35838.01,23528.0,24,171,17145.0,31834.75,32544.0,2,75,46616.0,Y,3273.38,saving,M,36,MEDIUM,11.200000000000001,4,858.0,1,3.0
11028,2477,13967.0,43007.78,3473.0,2633.84,10459.28,17145.0,947.0,26.0,10,13,4,1,1,232000,1,1,1.0,1,5809950.0,12929.0,25524.0,-5998.43994,17922.86,52546.0,82.0,5,18433.0,37471.01,259254.0,3,18,27210.0,22681.51,131180.0,3,38,10919.0,Y,1443.1,current,M,47,MEDIUM,10.8,9,882.0,1,6.0
11029,3620,11565.0,10476.0,31600.47,13341.12,488.0,16487.0,2806.24,15.0,10,44,3,2,26,58000,1,1,1.0,1,249060.0,110175.0,500718.0,1500.0,326857.0,31420.0,23.0,3,16423.0,3280.0,25410.27,45,8,43986.0,155981.09,95833.0,38,79,22635.0,Y,43068.88,current,M,120,MEDIUM,30.0,7,488.0,0,3.0
11030,5279,294415.0,15242.77,10091.23,2677.0,1513.0,8525.385,4247.0,3.0,2,7,10,60,34,255000,1,1,1.0,1,115.45,91747.0,126001.0,20790.0,63843.25,45024.0,48.0,17,30608.0,60297.12,20757.0,5,27,33037.0,110232.56,121725.0,1,3,18989.0,Y,250721.05,saving,M,34,MEDIUM,9.8,10,274.0,1,3.0
11031,15293,10768.0,8247.82,2863.0,4770.57,4459.0,4451.92,3501.5,136.0,11,35,3,2,56,47000,1,1,1.0,1,34249.0,167870.79,73217.0,2351.0,53153.9,125346.0,90.0,25,35227.0,22469.23,191988.0,5,25,74797.0,29371.31,15990.0,6,104,39636.0,Y,6500.9,current,M,32,LOW,9.600000000000001,10,233.0,0,18.0
11032,6269,5931.0,27675.25,1290.0,66713.92,9415.95,4732.03,985.0,9.0,65,50,2,25,13,50900,1,1,1.0,1,10535967.5,205000.0,20000.0,4314.0,115230.08,51363.0,2.0,26,90601.0,54220.6,173763.0,35,8,43264.0,100256.27,36331.75,117,57,1089.0,Y,8982.2,current,M,30,MEDIUM,9.0,6,516.0,1,16.0
11033,14386,13900.0,5379.99,4022.52,9119.65,248.9,4679.5,393.0,44.0,18,74,5,2,34,140000,1,1,1.0,1,45463.0,105000.0,30071.0,-6885.0,147766.5,55062.98,35.0,7,25563.0,83947.94,30781.0,1,81,25790.0,37844.0,36402.93,12,106,21032.0,Y,10379.77,current,M,33,MEDIUM,2.6,7,454.0,1,12.0
11034,6975,9011.0,64476.2,4135.0,577.1,892.0,7908.08,2358.67,1.0,5,67,2,1,55,338000,1,1,1.0,1,5809950.0,118983.0,23032.0,20324.0,29800.41,39556.0,4.0,0,36180.0,204716.0,51301.0,5,24,26163.5,111646.0,297640.0,6,107,18600.0,Y,1215.0,saving,F,37,MEDIUM,3.4000000000000004,6,395.0,1,14.0
11035,15056,4271.0,10700.85,2565.0,1360.48,2693.05,12628.67,1956.0,6.0,9,50,6,2,81,46000,1,1,1.0,1,65887.8,19721.85,6146.0,0.0,9943.02,4538.0,77.0,36,63332.0,135039.89,30644.0,2,7,36777.0,89502.96,42372.5,49,12,15473.0,Y,238.81,current,M,32,MEDIUM,2.4000000000000004,10,267.0,0,17.0
11036,556,19388.0,3614.6,2164.94,17192.0,34127.04,3640.0,10377.0,12.0,32,46,52,1,17,124000,1,1,1.0,1,1309500.9,31033.0,11379.0,5340.0,60761.95,4215.0,42.0,0,30439.0,74022.32,94473.41,7,8,95720.0,19543.26,696.0,3,32,39446.0,Y,15221.31,current,M,33,MEDIUM,11.700000000000001,8,249.0,1,5.0
11037,11154,138768.0,14292.98,875.0,16000.99,5735.54,1146.94,3250.0,6.0,60,50,24,3,47,429000,1,1,1.0,1,138272.2,35421.67,49975.0,7478.0,38809.0,1748.0,29.0,7,47910.0,19911.31,18532.5,31,20,97916.0,119169.03,21362.0,6,32,41589.0,Y,12.01,current,M,44,HIGH,7.2,3,638.0,1,14.0
11038,19814,3304.0,4460.87,5653.07,15742.43,5432.0,8572.49,19546.33,46.0,43,50,60,9,55,67000,1,1,1.0,1,1359.3,24000.0,1611.0,5773.0,70518.12,36616.5,42.0,3,30477.1,48852.0,102521.47,1,42,16676.0,52816.0,26972.61,5,9,28752.5,Y,1402.05,saving,M,30,LOW,10.0,3,656.0,1,2.0
11039,10042,18753.0,11298.0,4931.6,6640.5,2563.2,595.0,2384.7,56.0,26,46,5,1,13,466000,1,1,1.0,1,41441.27,120000.0,54101.0,6613.0,39947.64,44528.5,12.0,3,9116.0,64217.61,20008.0,47,28,26834.0,37411.97,63416.13,42,58,169.0,Y,1889.22,current,M,36,MEDIUM,16.0,10,574.0,1,9.0
11040,2775,82386.0,44220.87,4150.86,11400.08,2039.92,2284.5,3891.73,10.0,50,52,6,8,86,378000,1,1,1.0,1,47.45,33668.0,13873.0,-6885.0,104087.76,40237.0,42.0,4,43792.81,127103.3,38384.36,1,77,31042.0,23526.81,145915.0,18,6,191296.73,Y,4966.96,current,M,30,MEDIUM,3.0,1,937.0,1,7.0
11041,7999,114114.0,3082.0,2404.0,35287.23,30044.0,7447.125,9331.68,24.0,93,10,20,2,2,240000,1,1,1.0,1,5809950.0,50034.93,23500.0,-7652.0,31577.0,61924.0,84.0,13,401274.0,39583.4,93773.0,2,18,21060.0,112264.85,39250.0,21,83,25803.0,Y,79.07,current,M,40,MEDIUM,20.0,3,355.0,1,20.0
11042,3157,13545.0,623.0,10381.0,25811.0,6682.49,3937.25,9563.03,101.0,7,60,5,4,3,383000,1,1,1.0,1,11027.5,100934.0,505.0,2008.0,146053.0,40262.0,22.0,7,31122.0,145741.25,58268.0,2,20,5630.0,1107156.11,52773.14,49,6,20828.0,Y,6798.69,current,M,53,LOW,29.700000000000003,8,424.0,1,3.0
11043,11851,138319.0,4593.06,2404.0,4037.54,6082.5,6483.695,623.0,63.0,2,5,30,1,34,390000,1,1,1.0,1,1665.0,223379.4,25524.0,-6885.0,187070.42,253661.0,7.0,35,31000.0,29153.68,64608.05,0,5,63554.9,27774.98,50330.0,3,106,285.0,Y,3798.9,current,M,40,LOW,20.0,1,486.0,1,5.0
11044,15624,434.0,6064.0,6221.0,4100.68,34689.0,3347.0,43473.0,17.0,26,30,24,6,81,232000,1,1,1.0,1,825.0,617203.09,73217.0,3735.0,80900.47,24774.0,18.0,23,65357.0,14012.0,38168.0,0,11,10000.0,226700.5,75726.5,47,18,8801.0,Y,25263.16,current,F,27,MEDIUM,3.5,3,867.0,1,4.0
11045,4645,312301.0,9314.0,3563.0,19462.0,9551.0,42636.0,577.8,15.0,36,110,5,18,47,581000,1,1,1.0,1,7089.7,46500.0,1018.0,12965.0,65004.75,291151.0,43.0,6,74631.0,28130.0,231964.0,0,50,37120.0,3179.74,58408.0,40,42,45122.0,Y,87.21,current,F,33,MEDIUM,2.6,1,799.0,0,13.0
11046,1124,7043.0,83418.6,1634.0,39651.0,11183.0,7156.42,533.0,80.0,26,62,2,55,47,293000,1,1,1.0,1,1104223.35,45769.27,130000.0,-6301.0,12504.5,174990.09,43.0,13,11483.0,31854.01,48619.05,0,63,108966.0,27746.7,19084.0,22,18,22231.0,Y,5035.17,current,M,28,LOW,5.6000000000000005,1,249.0,1,4.0
11047,8302,19047.0,2482.9,12557.48,22039.14,1900.33,7881.0,1623.0,8.0,1,82,4,11,1,523000,1,1,1.0,1,76780.0,50034.93,4699.0,6916.0,37808.1,48906.11,11.0,3,19417.0,121085.74,30746.0,3,171,44572.0,72343.4,41928.0,18,32,74946.0,Y,3215.66,current,M,53,LOW,9.9,6,805.0,1,16.0
11048,7889,8724.0,65366.37,56431.0,6051.62,1237.0,2759.0,13642.0,1.0,81,135,2,1,3,100000,1,1,1.0,1,298492.0,93.35,2214.0,6885.0,52974.29,43909.0,42.0,36,16242.0,15884.27,5406.0,43,1,19470.0,89154.63,83964.76,9,7,98113.16,Y,5308.95,current,M,30,MEDIUM,2.0,6,454.0,1,5.0
11049,12661,316375.0,32378.55,6698.01,2749.7,10945.09,3373.65,1114.0,10.0,6,35,20,3,1,359000,1,1,1.0,1,1727970.9,3084.5,73217.0,1444.0,93.25,9969.14,18.0,7,18543.0,192482.51,67941.0,17,9,60920.0,27372.79,72600.0,2,50,22828.0,Y,889.05,current,M,53,MEDIUM,29.700000000000003,4,867.0,1,18.0
11050,9202,138835.0,3630.5,4950.77,6202.72,18804.0,7543.0,8691.87,15.0,99,50,42,1,55,54000,1,1,1.0,1,331.2,385218.7,12016.0,35346.0,46626.0,80581.66,42.0,4,26720.0,8746.5,27137.35,2,5,85.55,46018.0,19140.0,7,14,28590.0,Y,823.79,current,M,36,LOW,14.4,9,818.0,1,19.0
11051,11157,3567.0,50444.0,11993.0,16376.46,4774.5,4039.31,6829.18,531.0,77,52,10,7,17,300000,1,1,1.0,1,51291.45,462000.0,23500.0,-6885.0,104928.62,33526.0,55.0,19,44434.0,96105.26,30266.0,4,20,6223.0,26995.4,51242.75,3,67,42198.0,Y,104.5,current,F,30,MEDIUM,7.0,7,249.0,1,3.0
11052,13083,8305.0,29784.97,1522.0,1233.0,2156.0,733.28,263.0,6.0,9,50,30,2,2,263000,1,1,1.0,1,365855.6,51850.0,36114.0,6916.0,136732.0,245607.81,39.0,26,99318.0,636550.0,116.25,3,27,25992.0,68987.42,6711.0,21,58,26247.0,Y,2471.66,current,M,35,MEDIUM,3.0,3,693.0,0,10.0
11053,19943,4405.0,12760.84,2948.84,10398.94,2181.94,56917.8,13971.0,15.0,13,29,1,21,7,373000,1,1,1.0,1,161704.0,674291.83,19400.0,-6301.0,27823.5,96431.25,42.0,2,36794.0,458.5,6278.0,5,7,15346.0,9084.81,586.0,9,22,144000.0,Y,217403.63,current,M,38,MEDIUM,16.2,6,503.0,1,7.0
11054,13407,2430.0,10380.0,16453.77,7107.83,367.0,11658.0,9934.61,1.0,10,38,17,21,54,47000,1,1,1.0,1,18861.8,194099.3,26241.0,5773.0,76597.31,26483.0,62.0,4,24254.0,21078.0,52159.0,2,5,129565.0,37769.17,136081.0,4,13,24606.0,Y,421.64,current,F,44,MEDIUM,4.800000000000001,10,233.0,1,18.0
11055,4456,2788.0,11579.67,7168.73,7839.03,7151.0,5788.0,1176.0,8.0,43,67,3,2,56,393000,1,1,1.0,1,4110.0,617203.09,16114.0,5439.0,8051.39,33550.0,91.0,35,33405.0,5623.56,37783.0,1,59,40110.0,137607.1,79305.0,13,13,223.29,Y,45152.87,current,M,53,MEDIUM,29.700000000000003,3,123.0,1,6.0
11056,17597,16782.0,84216.37,3056.0,10991.52,3383.0,1830.23,5163.0,1.0,50,29,1,4,2,750000,1,1,1.0,1,33664.3,122000.0,643.0,-5439.0,85561.79,453.0,4.0,36,70687.0,57749.55,392358.81,3,7,14176.0,103584.25,49927.0,2,68,185979.0,Y,720.28,current,M,37,HIGH,3.4000000000000004,2,710.0,0,12.0
11057,15286,20217.0,30629.38,709.0,22029.95,8105.0,24094.5,83247.0,7.0,77,35,10,18,36,35800,1,1,1.0,1,117168.65,455873.9,1273.0,-4664.0,85407.0,80267.0,18.0,26,41729.0,49747.84,108308.0,43,46,31630.0,32423.5,138640.0,4,103,26656.0,Y,4754.76,current,M,39,MEDIUM,17.1,6,503.0,1,6.0
11058,4674,15570.0,18470.32,2549.9,18965.5,4118.0,11347.75,3452.0,136.0,9,29,3,2,54,483000,1,1,1.0,1,154363.25,240000.0,48500.0,17080.0,27924.96,52337.38,42.0,1,507.0,24463.28,56955.0,0,42,26163.5,180352.92,52499.15,6,63,60500.0,Y,3325.64,current,F,32,MEDIUM,7.2,2,123.0,1,16.0
11059,19867,6674.0,22205.49,1425.0,18301.61,4172.23,10521.5,9055.18,6.0,43,14,5,48,4,164000,1,1,1.0,1,8209320.0,589.39,8417.0,-6301.0,23477.51,4192.0,4.0,1,17202.0,402979.51,16212.0,2,59,41800.0,289.0,118523.0,3,24,256626.0,Y,30340.33,current,M,33,MEDIUM,6.5,4,684.0,1,5.0
11060,11292,332672.0,12281.02,3190.0,2557.89,10377.04,2181.79,88567.97,80.0,43,112,42,3,5,212500,1,1,1.0,1,115.45,125000.0,1266.0,0.0,56728.41,331521.0,2.0,31,30884.0,24555.25,76324.5,1,21,61331.0,133209.26,21645.0,5,10,34039.0,Y,6521.53,current,M,28,LOW,7.2,3,700.0,0,17.0
11061,13482,327074.0,12630.65,7484.0,180336.83,1049.5,1294.0,579.0,14.0,1,3,1,9,1,25000,1,1,1.0,1,1982892.29,87578.0,7162.0,5340.0,46930.38,43952.0,62.0,36,122730.0,43483.98,40215.0,3,9,44651.0,25762.5,53114.0,42,12,21564.0,Y,7812.33,current,M,35,MEDIUM,3.0,10,658.0,1,12.0
11062,15400,12133.0,63924.54,2948.84,8365.11,1392.0,1659.5,15479.0,28.0,7,50,15,2,8,453000,1,1,1.0,1,3938.25,1631.11,30011.0,7478.0,20411.68,118613.0,32.0,4,72535.0,72182.0,153808.0,2,6,25813.0,18793.51,346367.92,94,12,39549.0,Y,260.55,current,M,35,MEDIUM,3.0,2,799.0,1,9.0
11063,2047,22729.0,2328.22,3557.02,130949.5,1468.0,2141.34,21605.0,1.0,2,60,3,2,6,472000,1,1,1.0,1,720551.4,150000.0,25639.0,12415.0,43996.39,234699.07,29.0,3,32788.0,290041.64,46512.5,5,7,30287.0,1988.0,70078.79,58,28,34220.0,Y,4374.6,current,M,33,MEDIUM,11.700000000000001,3,394.0,1,20.0
11064,3255,2480.0,27583.0,3963.14,21191.92,1223.0,25335.825,7610.45,44.0,23,3,1,2,3,520000,1,1,1.0,1,9118.35,64491.0,16215.0,0.0,32308.0,14666.0,43.0,1,29132.0,231437.5,17645.0,50,171,174256.0,56028.1,80682.27,3,18,45912.0,Y,1202.25,current,M,37,LOW,15.3,8,743.0,0,15.0
11065,5180,5682.0,4331.11,1584.0,12270.0,1101.0,1437.0,7458.82,9.0,43,49,1,51,1,533000,1,1,1.0,1,4.5,134000.0,48950.0,6916.0,33421.89,77527.0,2.0,19,29907.0,168.39,44339.93,2,20,13131.0,17653.2,40554.0,47,83,139.0,Y,6046.56,current,F,34,LOW,4.2,6,743.0,1,19.0
11066,357,19667.0,3046.14,2970.89,1284.62,1975.29,3789.86,13989.0,8.0,71,49,1,3,42,114000,1,1,1.0,1,11878.6,372815.4,519.0,173.0,62347.0,133493.0,18.0,0,29660.0,42827.99,65725.0,9,16,15807.0,39339.37,149941.99,2,124,39405.0,Y,456.99,current,M,53,MEDIUM,26.400000000000002,2,598.0,0,16.0
11067,19261,12829.0,10117.36,5764.25,6694.3,992.0,10862.65,811.0,6.0,99,102,50,3,20,74100,1,1,1.0,1,8370.8,71944.5,25524.0,12174.0,176.2,25556.0,32.0,2,154154.0,11717.15,21417.0,1,81,45486.0,23135.91,63771.0,6,32,37255.0,Y,10049.21,current,M,33,LOW,7.800000000000001,5,858.0,1,17.0
11068,2719,393984.0,18399.41,325.0,99428.0,6092.0,6627.06,24148.83,26.0,65,47,8,2,47,293000,1,1,1.0,1,55700.0,64215.6,54101.0,3735.0,27078.0,25132.0,4.0,1,9368.0,27642.0,285.61,47,11,5681.0,29069.94,18423.0,7,68,35154.0,Y,140047.86,current,M,60,MEDIUM,20.0,6,801.0,1,20.0
11069,12099,15837.0,6378.58,1712.14,2070.0,4504.87,5674.175,367.0,531.0,29,13,3,2,26,533000,1,1,1.0,1,9646.5,234459.4,16215.0,1444.0,26589.08,18012.74,72.0,3,14385.0,73227.13,199854.36,45,8,184626.66,22615.75,40965.03,2,24,26103.0,Y,3650.27,current,M,56,LOW,21.6,4,351.0,1,10.0
11070,4221,1277.0,1980.0,33522.0,711.64,50144.16,15965.37,12562.0,2.0,2,48,5,7,2,301000,1,1,1.0,1,20141240.0,74599.9,30011.0,-5998.43994,98656.71,56580.0,63.0,1,111133.0,5752.0,94346.0,43,35,23017.0,115628.54,21510.0,7,8,11648.23,Y,6820.43,saving,M,38,HIGH,5.4,4,865.0,1,20.0
11071,3578,26298.0,2228.0,3879.0,28805.93,3383.0,9456.0,17729.22,2.0,30,67,1,25,55,383000,1,1,1.0,1,2533020.0,118983.0,78309.0,5340.0,68916.0,67903.0,3.0,3,23766.0,33534.17,32316.0,3,59,37217.0,64708.33,104660.0,3,73,281706.0,Y,9575.05,current,M,47,MEDIUM,10.8,3,836.0,1,13.0
11072,3458,16605.0,1226.0,4389.0,1113.0,36179.35,4932.0,1132.04,24.0,1,27,10,1,79,300000,1,1,1.0,1,26218.0,330001.0,20000.0,886.0,34335.65,9566.91,42.0,3,20520.0,140744.82,121834.5,1,20,19096.0,61862.0,32872.0,40,104,109572.0,Y,19279.87,saving,M,35,MEDIUM,7.5,10,511.0,1,11.0
11073,1452,2832.0,8077.69,1178.25,11289.86,359.86,6125.66,1106.94,1.0,2,50,4,2,47,453000,1,1,1.0,1,153935.02,22400.0,28912.0,4856.0,148310.55,111421.13,7.0,30,176819.0,16581.63,165400.0,17,8,236588.0,24360.75,23573.0,2,58,36397.0,Y,18743.68,saving,M,60,LOW,40.0,7,249.0,0,4.0
11074,4002,4475.0,10889.84,3491.0,4491.9,3476.14,12526.0,1384.0,44.0,30,35,21,4,8,75000,1,1,1.0,1,384550.05,150000.0,13873.0,6916.0,21969.25,192205.0,27.0,5,49921.0,683250.28,57849.0,31,11,55986.0,40444.33,112465.0,117,12,92482.0,Y,5232.19,current,M,35,LOW,1.5,2,488.0,1,10.0
11075,12748,2059.0,2412.5,19070.7,4878.01,9719.0,3668.025,80603.0,1.0,3,87,23,3,80,326000,1,1,1.0,1,3638.25,165970.9,73217.0,3897.0,21538.41,15158.0,29.0,1,63500.0,136610.0,84686.0,2,1,27809.0,25822.32,31647.0,4,58,20255.0,Y,4621.44,current,M,33,MEDIUM,3.9000000000000004,8,911.0,1,13.0
11076,10293,5667.0,15244.78,10319.0,35191.72,367.0,7127.545,38792.9,5.0,34,6,51,2,2,326000,1,1,1.0,1,11073.0,194099.3,2214.0,2008.0,25639.95,77243.0,18.0,33,39001.0,48191.81,63493.0,3,36,25231.0,36677.27,60955.81,62,25,35225.0,Y,1650.39,saving,M,37,LOW,1.7000000000000002,4,883.0,0,7.0
11077,14257,39942.0,7459.46,3140.0,17844.86,1665.02,34489.0,10529.0,44.0,23,82,3,7,1,400000,1,1,1.0,1,21220.0,158000.0,2644.0,10455.0,48881.4,57518.0,18.0,26,73000.0,61974.97,18293.5,24,44,19094.0,29045.58,90264.0,3,58,9910.0,Y,17059.17,current,M,66,MEDIUM,4.6000000000000005,4,448.0,1,13.0
11078,11322,7106.0,18879.96,1074.0,5038.16,3311.06,5228.0,790.0,7.0,26,105,7,25,56,139000,1,1,1.0,1,59703.93,118976.0,230000.0,6885.0,32109.04,83561.0,0.0,2,69995.0,14826.15,53507.0,6,20,34370.0,31732.0,23507.0,11,11,37591.0,Y,6643.32,current,M,61,LOW,32.800000000000004,8,485.0,0,13.0
11079,6584,11196.0,3205.25,14440.0,704.8,5407.0,7685.42,10735.0,5.0,85,49,57,1,30,27000,1,1,1.0,1,35280.0,31000.0,4000.0,1079.0,32970.64,24385.0,18.0,2,147845.0,58405.71,124103.0,43,82,17050.0,36260.01,52830.5,7,24,19667.0,Y,2437.43,current,M,25,MEDIUM,3.0,3,265.0,0,10.0
11080,18890,1508.0,12505.5,23616.15,1735.37,14758.0,5384.415,642.0,14.0,23,84,1,12,79,358000,1,1,1.0,1,77947.52,97000.0,2184.0,-4612.00977,51826.9,50131.0,12.0,9,44958.0,137816.7,170014.0,5,25,11243.0,36134.0,41594.0,62,15,33200.0,Y,2300.3,current,F,47,MEDIUM,2.7,1,374.0,1,16.0
11081,18081,409.0,43989.96,878.0,2815.5,10066.81,4101.71,23197.0,59.0,65,4,1,38,11,447000,1,1,1.0,1,720551.4,267421.4,2156.0,5439.0,42102.5,64917.0,43.0,6,65.91,235469.0,95067.0,2,70,27624.0,58748.75,53767.39,40,133,37750.49,Y,13453.5,current,M,27,MEDIUM,6.300000000000001,6,864.0,0,20.0
11082,4088,340544.0,5360.0,3527.97,23284.88,12366.0,19134.0,4552.0,17.0,5,16,7,17,30,520000,1,1,1.0,1,293418.75,20098.0,51520.0,1465.0,19855.3,22295.2,4.0,1,17202.0,54459.79,10235.0,5,40,40984.0,198782.5,133191.0,8,113,27170.0,Y,18.31,current,M,118,MEDIUM,68.60000000000001,9,233.0,1,3.0
11083,17434,8343.0,15934.91,1741.0,7261.36,4635.85,17953.83,7354.0,2.0,3,89,1,4,2,400000,1,1,1.0,1,360978.37,145000.0,68000.0,-4324.0,28204.38,33074.0,94.0,5,143699.0,23983.0,130440.91,3,17,33513.0,26379.82,188328.23,2,28,25205.0,Y,216279.69,current,M,53,MEDIUM,13.200000000000001,8,386.0,0,18.0
11084,4246,1536.0,5360.0,216.22,2042.0,2894.0,1855.0,3771.34,1.0,36,64,1,25,2,524000,1,1,1.0,1,213557.15,150000.0,8943.86,2351.0,80764.12,52373.0,42.0,1,25140.0,115382.23,78174.88,2,82,42027.0,43783.27,18532.0,3,73,6608.0,Y,1772.46,current,M,30,MEDIUM,5.0,7,454.0,1,10.0
11085,19510,565.0,3123.49,23128.0,9637.2,1577.0,2064.02,932.0,124.0,18,4,7,2,26,350000,1,1,1.0,1,76122.87,446457.0,500000.0,1500.0,35593.25,156977.0,2.0,13,18207.0,74005.5,80299.6,31,75,33404.0,21230.31,4326.41,6,36,19106.0,Y,3501.06,current,M,67,MEDIUM,14.100000000000001,7,486.0,1,16.0
11086,13138,7509.0,16726.41,1408.0,21143.66,8641.35,24955.0,715.0,1.0,6,6,52,27,42,19000,1,1,1.0,1,75240.45,143000.0,43798.0,0.0,148310.55,29938.32,10.0,1,30855.0,416.76,6817.32,0,29,29046.0,14074.4,4706.0,2,11,26126.0,Y,461.06,current,M,33,MEDIUM,2.6,5,534.0,1,12.0
11087,6915,3667.0,1528.0,3072.0,15970.95,14298.0,965.0,3704.0,9.0,10,19,5,5,47,267000,1,1,1.0,1,48624.7,440000.0,183999.0,-6301.0,202121.35,126836.0,90.0,4,14385.0,29665.06,933406.87,0,42,39185.14,97472.88,159037.0,5,22,121870.0,Y,1076.28,current,F,69,LOW,34.300000000000004,2,685.0,0,9.0
11088,9580,62.0,4011.08,2326.34,15035.99,1157.0,2181.79,1132.04,44.0,66,90,5,25,67,177000,1,1,1.0,1,13180.0,785115.94,925.0,12965.0,14273.78,136833.41,5.0,14,21590.0,24856.52,25687.4,1,20,20780.0,30008.98,34256.0,14,10,22402.0,Y,4011.83,current,M,42,MEDIUM,6.6000000000000005,7,708.0,1,17.0
11089,5810,10847.0,9402.02,926.0,1389.76,6494.18,1441.0,9294.0,2.0,3,38,2,2,11,100000,1,1,1.0,1,33664.3,784499.0,5540.0,173.0,90762.81,18282.0,69.0,5,124784.0,15997.5,146853.0,43,108,20282.0,184860.79,16602.0,22,35,72881.0,Y,5182.92,current,M,38,LOW,9.0,3,606.0,0,12.0
11090,11452,137935.0,60992.13,1185.5,39498.0,5995.0,25960.0,792.32,44.0,1,82,1,2,10,212500,1,1,1.0,1,10006.2,506383.85,72000.0,1411.0,19822.25,28668.0,16.0,3,26670.0,30621.4,68032.0,0,12,23518.82,107906.26,25591.0,5,1,12415.0,Y,4768.81,current,M,61,MEDIUM,36.9,1,737.0,1,8.0
11091,3761,15077.0,219598.13,608.75,6984.33,10282.57,4077.0,721.0,8.0,32,50,5,3,4,164000,1,1,1.0,1,12850544.36,70000.0,73217.0,-3506.17993,70.25,11773.0,16.0,26,21225.0,25094.56,46484.0,0,20,55141.0,38594.0,50475.0,117,1,9936.97,Y,161.23,current,M,30,MEDIUM,6.0,9,809.0,1,16.0
11092,636,14241.0,15817.55,578.0,16830.65,616.0,657.0,9563.03,7.0,5,5,25,1,13,453000,1,1,1.0,1,33111020.0,152.87,1526.0,-3506.17993,22353.55,41425.0,35.0,23,18011.0,17314.68,63767.0,2,50,49440.0,305110.15,21699.0,3,50,42550.0,Y,3861.47,current,M,53,MEDIUM,26.400000000000002,6,245.0,1,4.0
11093,4192,12434.0,1266.31,3066.01,7203.52,21080.44,3338.5,2062.0,6.0,7,49,8,6,26,104000,1,1,1.0,1,137260.8,138017.0,1515.0,-4679.0,32454.86,41153.0,10.0,15,12623.0,32958.9,30416.84,31,70,33037.0,34678.92,110663.0,5,124,35533.0,Y,2162.47,current,M,34,MEDIUM,8.4,10,447.0,1,9.0
11094,8280,5436.0,4994.68,814.0,1425.29,4049.6,6598.76,9199.0,66.0,128,2,57,5,68,480000,1,1,1.0,1,88.0,12971.0,2644.0,-3506.17993,33125.65,200236.5,11.0,9,24262.0,84172.0,10181.0,2,44,5603.0,34618.87,30582.0,12,8,29050.0,Y,31014.61,current,M,66,MEDIUM,9.200000000000001,2,737.0,1,5.0
11095,13251,11619.0,21633.05,1176.2,10557.61,1866.0,2041.905,1287.0,4.0,65,9,5,4,1,505000,1,1,1.0,1,684495.7,1163405.86,90525.0,2337.0,229488.38,47098.0,16.0,5,9402.0,36175.22,59686.0,23,20,20032.0,20613.0,41582.0,21,65,27105.0,Y,10005.1,current,M,47,MEDIUM,21.6,9,269.0,0,4.0
11096,2744,1345.0,7769.64,3117.0,6552.39,6323.0,7176.26,500.0,2.0,31,11,42,4,20,156000,1,1,1.0,1,61186.36,156215.3,694.0,6885.0,14568.46,20045.0,87.0,36,46713.0,62574.0,34996.36,4,82,58758.0,15895.2,50324.0,7,0,17176.0,Y,3182.6,current,M,221,HIGH,180.9,6,269.0,1,13.0
11097,12277,14818.0,8002.23,220.75,117796.06,8366.74,1704.0,1870.0,14.0,23,35,24,2,47,448000,1,1,1.0,1,4230125.0,53749.0,2644.0,6885.0,3732.25,53379.13,42.0,6,22612.0,7973.37,115613.57,1,44,29506.0,19244.67,81560.0,3,13,66758.0,Y,19691.69,current,M,62,MEDIUM,8.4,7,653.0,0,2.0
11098,3512,12728.0,654.5,2600.0,49153.17,12875.0,1253.0,1287.0,1.0,10,49,35,2,1,199999,1,1,1.0,1,6440.0,194099.3,610000.0,6916.0,10179.58,46044.0,42.0,5,15763.0,17355.66,157049.0,1,28,26950.0,58938.94,14614.0,8,21,146400.0,Y,5109.98,saving,M,34,LOW,2.8000000000000003,10,911.0,0,19.0
11099,6185,16903.0,9574.0,137.0,28759.0,3839.0,16527.0,9032.08,14.0,3,64,10,1,79,240000,1,1,1.0,1,28844.0,537476.4,56305.0,171.0,65089.0,88472.0,11.0,35,30098.0,282693.12,15081.0,4,7,39716.0,59968.68,16873.0,16,1,74029.0,Y,3199.4,current,M,27,MEDIUM,7.0,4,539.0,1,14.0
11100,14609,479.0,5674.23,1341.0,8417.0,2386.0,5036.0,7354.0,4.0,85,1,10,1,39,369000,1,1,1.0,1,22086.05,15036.0,130000.0,2819.0,23623.83,44939.37,48.0,43,836.0,20220.0,23160.0,6,25,17384.0,94341.66,43020.0,3,49,446.0,Y,24911.14,current,M,58,LOW,30.400000000000002,3,860.0,0,4.0
11101,7517,148.0,10456.0,1790.0,3168.0,943.0,16617.915,15631.0,15.0,2,50,4,2,98,375000,1,1,1.0,1,105453.65,375000.0,8333.0,1500.0,15192.65,60000.0,55.0,3,33651.0,538041.23,44770.0,24,21,25885.0,28929.01,52887.79,14,12,28150.0,Y,1553.16,current,M,53,LOW,23.1,6,503.0,1,15.0
11102,8659,341086.0,11275.35,2430.54,31334.0,17558.0,990.72,583.95,17.0,30,50,6,5,75,17000,1,1,1.0,1,11878.6,63000.0,20000.0,7478.0,117864.02,2292.0,42.0,1,15500.0,240300.0,20459.0,5,49,24280.0,46325.23,558.0,11,106,52519.0,Y,2130.05,current,M,55,MEDIUM,14.0,10,248.0,1,17.0
11103,11781,176.0,15827.42,15184.55,6339.34,1111.0,2391.0,6768.17,44.0,71,23,4,4,8,340000,1,1,1.0,1,325024.6,202560.0,10271.0,173.0,85103.0,10558.0,35.0,0,22184.0,9539.5,51078.0,3,20,12334.0,125295.0,53145.0,94,106,14833.0,Y,95915.73,saving,M,53,MEDIUM,33.0,9,488.0,0,20.0
11104,13442,95969.0,6368.58,1080.0,31298.69,33090.13,22981.5,2803.5,5.0,31,89,2,8,8,345000,1,1,1.0,1,21511.8,190887.4,25000.0,167.0,5466.25,20204.0,7.0,31,57826.0,3062.0,29093.0,2,1,42576.0,68026.8,130785.0,9,14,41933.0,Y,64959.26,current,F,40,MEDIUM,20.0,2,374.0,1,6.0
11105,2061,836.0,6601.0,10147.0,3168.72,79802.0,4453.63,550.55,7.0,60,14,1,2,4,393000,1,1,1.0,1,36368.7,100000.0,48950.0,7478.0,41500.5,202015.81,39.0,3,30368.0,1657.0,23160.0,31,4,20670.0,58299.2,45736.0,6,36,347691.0,Y,1168.03,current,M,60,LOW,32.0,6,249.0,1,13.0
11106,8485,6386.0,11084.0,1420.0,6952.0,118.0,18722.37,252.0,7.0,27,4,1,2,13,124000,1,1,1.0,1,8043.25,65174.0,230000.0,2921.0,44223.61,18620.91,16.0,2,24339.0,23514.1,52241.05,3,108,60025.0,96493.15,80421.0,10,68,30105.48,Y,3422.63,current,F,44,MEDIUM,14.4,8,626.0,1,12.0
11107,12160,9938.0,15288.35,11141.0,989.93,2071.43,11929.0,3800.79,44.0,10,64,3,14,56,124000,1,1,1.0,1,2984.1,134000.0,51520.0,26601.0,3513.52,2166.0,42.0,1,12889.0,35080.88,35017.87,2,63,44915.0,36962.83,38240.5,43,10,30994.0,Y,10529.38,saving,M,37,MEDIUM,1.7000000000000002,9,686.0,0,13.0
11108,10070,8350.0,11499.58,10720.0,7173.92,5934.98,33301.87,20169.3,14.0,36,49,1,45,58,124000,1,1,1.0,1,67833.35,3.59,45000.0,6916.0,228545.66,23356.38,1.0,6,40569.0,23700.67,60992.3,2,8,14121.0,32767.03,180007.0,40,13,259850.0,Y,4762.1,current,F,33,MEDIUM,13.0,6,753.0,0,16.0
11109,19168,15966.0,5978.84,2001.0,9526.22,1834.0,21840.7,87.0,2.0,30,1,5,4,26,164000,1,1,1.0,1,1674.4,96096.0,3570.0,2500.0,27213.34,14244.0,16.0,26,30439.0,1229.39,49410.37,19,50,5350.0,18658.02,41270.0,4,106,210.0,Y,1.41,current,M,120,MEDIUM,10.0,1,448.0,1,10.0
11110,4513,7125.0,10546.0,1370.0,9492.5,2304.0,5288.75,3771.34,5.0,84,9,5,1,64,127500,1,1,1.0,1,384550.05,93.35,12000.0,0.0,27210.17,22333.0,43.0,19,17140.0,152699.93,80849.0,2,4,27400.0,28161.59,49979.0,3,133,27538.0,Y,5590.91,current,M,66,MEDIUM,4.6000000000000005,1,723.0,1,20.0
11111,16364,91166.0,16304.885,2099.0,3511.62,7502.0,16940.535,5391.0,53.0,8,84,5,9,70,156000,1,1,1.0,1,15279.79,5439.0,5905.0,-5998.43994,52830.54,23564.0,46.0,26,22360.0,46830.53,115627.0,41,87,24702.0,83631.96,136081.0,3,13,33994.06,Y,843.3,current,M,37,MEDIUM,3.4000000000000004,6,860.0,1,7.0
11112,6298,9882.0,14130.81,7890.8,9601.21,13012.85,361.96,2144.0,20.0,46,7,5,4,18,232000,1,1,1.0,1,146931.8,46500.0,2644.0,5730.0,121529.6,18012.74,11.0,1,57999.0,24616.95,19897.0,1,7,26172.0,15990.0,184836.0,16,83,16850.0,Y,7958.53,current,M,66,MEDIUM,36.800000000000004,8,355.0,1,17.0
11113,4085,16371.0,1569.39,3884.65,14417.51,2663.0,40138.0,14302.0,1.0,20,35,7,3,13,429000,1,1,1.0,1,120781.35,253000.0,20887.0,1500.0,61682.52,44303.0,16.0,4,34496.0,58662.38,240463.97,70,108,33249.0,58539.98,22744.25,2,106,17487.0,Y,818.61,current,M,38,MEDIUM,5.4,6,595.0,1,18.0
11114,11290,14141.0,4278.53,513.0,13779.85,2228.5,44976.0,2404.82,25.0,27,27,4,3,6,195000,1,1,1.0,1,94493.75,545000.0,3850.0,6885.0,98486.7,56022.49,69.0,55,23881.0,50427.88,35126.0,1,81,28295.0,78635.0,54491.0,8,106,18309.0,Y,34167.43,saving,M,42,MEDIUM,8.8,9,245.0,1,2.0
11115,5998,7359.0,856.8,11166.0,25644.55,3929.5,6289.73,223.0,10.0,1,13,35,21,6,522000,1,1,1.0,1,11878.6,19.39,24094.0,1014.0,17736.25,704715.0,18.0,5,22783.72,24472.0,38828.0,7,1,25997.0,43913.72,219379.0,2,3,76953.0,Y,11616.42,current,M,53,MEDIUM,13.200000000000001,6,638.0,0,12.0
11116,4652,19720.0,1665.0,2003.0,3712.12,3598.0,6513.84,6719.85,7.0,47,50,50,18,8,199999,1,1,1.0,1,45463.0,25404.0,1209.0,0.0,20799.48,35076.0,7.0,26,29459.0,19355.0,138075.0,31,70,17025.0,58702.51,163462.0,117,113,16170.0,Y,2142.57,current,M,118,MEDIUM,68.60000000000001,3,867.0,1,9.0
11117,2182,3284.0,5147.3,5008.0,2965.51,1014.0,13628.0,20455.0,66.0,85,64,7,26,6,421000,1,1,1.0,1,24129.0,482.6,16215.0,6916.0,125666.59,59569.0,18.0,2,72241.0,147153.43,5027.0,1,82,51308.0,104276.13,28587.0,94,42,13299.0,Y,1012.19,current,M,31,MEDIUM,8.8,2,766.0,1,17.0
11118,8322,4940.0,20267.03,19746.35,2185.56,1572.0,1261.0,327.59,5.0,36,49,25,2,55,19000,1,1,1.0,1,53374.97,68663.61,5797.0,6916.0,62600.05,12331.0,4.0,4,57705.0,36835.89,79264.31,7,44,65245.0,89307.1,90755.5,117,80,37737.0,Y,685.88,current,M,50,MEDIUM,18.0,6,269.0,0,11.0
11119,5198,18600.0,9188.0,906.89,830.5,1926.86,27696.22,779.0,29.0,84,50,42,44,79,35800,1,1,1.0,1,36122.87,37000.0,5822.0,2351.0,71968.88,47777.2,7.0,14,500.0,16697.71,110639.0,17,11,100.86,79419.77,79759.25,21,52,28842.0,Y,3375.8,current,M,40,MEDIUM,4.0,10,809.0,1,14.0
11120,615,6244.0,9339.27,1070.84,17642.44,13831.21,47214.0,493.48,44.0,77,16,2,7,12,430000,1,1,1.0,1,3638.25,152664.0,25000.0,-4679.0,73312.39,173349.0,3.0,5,21144.0,124489.51,35568.0,1,20,61498.26,89752.25,109041.0,43,63,161338.0,Y,263.58,current,F,27,LOW,2.1,3,537.0,1,9.0
11121,10661,6609.0,46591.5,11358.0,6017.6,1643.5,19018.17,413.0,2.0,5,10,4,6,1,138000,1,1,1.0,1,345.6,93.35,25000.0,5730.0,18022.02,23353.0,7.0,7,15893.0,46827.75,111328.0,0,17,18894.0,157639.47,167884.0,7,11,29081.0,Y,132.84,current,M,42,MEDIUM,2.2,6,614.0,1,4.0
11122,3227,10915.0,5599.52,3473.0,6277.51,958.0,1838.0,4893.0,26.0,43,10,1,7,26,494000,1,1,1.0,1,51291.45,138475.4,50000.0,5464.0,10788.66,1054.0,69.0,36,35926.0,8966.45,125403.0,6,27,19640.6,262969.5,410958.0,49,103,17249.0,Y,7824.86,current,M,221,HIGH,201.0,2,908.0,1,14.0
11123,9724,94121.0,19219.42,16561.89,12713.0,4622.23,62914.0,6693.0,9.0,66,23,8,26,53,784000,1,1,1.0,1,168.75,172131.0,6100.0,6885.0,25274.38,104311.0,52.0,2,23276.0,26412.16,36364.0,5,5,11461.0,55526.49,57109.0,4,24,16190.0,Y,1677.38,current,F,33,MEDIUM,10.4,10,958.0,1,11.0
11124,7881,111978.0,3330.65,11287.0,35579.34,3550.0,261.0,788.0,44.0,81,44,8,27,30,494000,1,1,1.0,1,42460.6091,176487.6,25111.0,-5998.43994,19961.95,69254.0,86.0,1,43196.0,31112.75,42828.0,1,12,283640.0,39825.14,70913.7,6,12,60525.0,Y,381.23,current,M,33,LOW,5.2,7,558.0,1,15.0
11125,1542,92.0,9106.0,534.13,21291.73,18421.84,2025.115,6829.18,1.0,77,5,45,1,4,164000,1,1,1.0,1,4039029.9,159308.0,18389.0,-3625.0,165986.22,152525.0,46.0,26,60137.0,37894.1,34169.48,50,171,36125.0,47873.04,39566.0,18,0,103955.96,Y,599.32,current,M,30,MEDIUM,5.0,3,867.0,1,20.0
11126,12778,2360.0,12718.55,17272.0,587.54,4819.0,12886.0,1329.0,5.0,83,49,2,55,30,125000,1,1,1.0,1,3938.25,12257.0,1266.0,1014.0,181.29,30058.0,8.0,1,26511.0,46197.37,93.0,1,12,41672.0,2394.0,2762.36,2,18,30109.0,Y,1632.04,current,M,56,MEDIUM,32.4,2,535.0,1,16.0
11127,11718,175857.0,7305.22,95.0,10253.9,4189.19,9353.9,8946.44,6.0,84,16,1,7,53,408000,1,1,1.0,1,61186.36,122000.0,48500.0,0.0,19750.0,82190.09,69.0,0,22860.0,49336.88,430494.86,1,81,22533.0,13021.0,15437.0,6,18,12817.0,Y,1867.99,current,M,32,HIGH,9.600000000000001,7,523.0,1,13.0
11128,14456,12651.0,4962.0,739.91,9304.15,12523.4,6213.5,1088.96,43.0,1,84,22,2,2,505000,1,1,1.0,1,89908.8,60481.0,45000.0,3897.0,11702.25,109723.0,46.0,0,64480.0,18011.47,172831.0,1,20,6831.0,208943.23,49416.0,4,12,60215.76,Y,4107.3,current,F,25,HIGH,4.0,4,805.0,0,6.0
11129,2708,28990.0,194511.74,15425.16,15805.85,4080.04,2065.0,4066.0,19.0,30,49,24,4,44,302000,1,1,1.0,1,48624.7,106398.0,33330.0,26601.0,25280.5,48007.0,42.0,1,82655.0,20914.79,108005.5,2,82,26711.0,194138.0,19130.0,8,63,38640.0,Y,17671.11,current,M,55,MEDIUM,21.0,10,700.0,0,8.0
11130,18731,9885.0,791.0,1145.0,3865.48,14758.0,1281.56,4824.38,19.0,66,84,1,27,2,47000,1,1,1.0,1,8370.8,52098.99,536.0,-4664.0,75805.97,22673.0,35.0,35,40823.0,94167.38,30282.0,5,13,108548.0,90293.58,261965.51,2,12,20386.0,Y,40397.37,saving,M,34,LOW,14.0,7,809.0,1,5.0
11131,9655,1478.0,33009.17,4398.5,938.93,11459.38,1057.0,5045.0,2.0,10,44,1,1,56,25000,1,1,1.0,1,1982892.29,300000.0,20887.0,5350.0,24439.5,30082.0,42.0,3,15868.0,173863.66,1048.0,31,42,51265.0,30357.34,38681.0,3,80,126467.0,Y,17947.5,current,M,30,MEDIUM,4.0,1,354.0,1,16.0
11132,9340,10209.0,89259.0,1837.0,2850.0,2367.0,18705.5,12743.0,60.0,5,38,10,1,2,20000,1,1,1.0,1,1038501.78,142608.5,2019.0,-5998.43994,8787.0,61376.5,84.0,2,34064.0,2819.7,46042.0,43,20,22582.0,86130.89,18397.0,5,49,122782.0,Y,4107.3,current,M,34,MEDIUM,8.4,2,249.0,0,14.0
11133,7737,343018.0,8608.53,5014.0,4555.59,10096.02,11391.34,3896.0,124.0,99,117,44,1,1,143000,1,1,1.0,1,10562.45,83402.0,11379.0,903.0,313950.7,63522.0,90.0,35,47545.0,16997.25,38087.0,50,8,171370.0,40331.0,5887.0,1,0,54714.0,Y,15734.17,current,M,46,HIGH,23.400000000000002,9,395.0,1,13.0
11134,19459,11991.0,24823.19,6220.29,30507.88,4134.98,1941.745,8238.0,8.0,1,48,1,18,1,303000,1,1,1.0,1,1910215.0,138475.4,16068.0,2337.0,14241.0,72520.61,4.0,43,13186.0,63642.43,62806.0,2,84,69200.0,83466.86,605341.19,6,24,38564.0,Y,720.23,current,F,44,MEDIUM,21.6,8,710.0,1,18.0
11135,16619,1676.0,11053.5,226.86,1214.5,14799.97,25861.55,944.0,4.0,99,1,1,15,1,402000,1,1,1.0,1,937.0,97523.61,11545.0,1245.0,81047.59,53573.0,16.0,3,13548.0,18191.81,59545.0,7,20,38959.95,135317.06,62182.0,12,100,22982.0,Y,1888.1,current,M,35,LOW,3.0,10,855.0,1,7.0
11136,16505,12052.0,22517.87,3332.48,101013.43,1271.75,1393.52,37539.0,57.0,66,35,48,3,18,518000,1,1,1.0,1,18847.5,234459.4,3570.0,12965.0,49118.36,56595.0,11.0,2,14610.0,116939.2,19297.36,5,13,11776.0,15221.0,145.0,47,42,28672.0,Y,1323.13,current,M,33,MEDIUM,6.5,6,537.0,1,12.0
11137,13860,395579.0,42008.82,871.0,6054.34,6041.8,2127.445,448.0,2.0,71,49,25,9,1,100000,1,1,1.0,1,151000.0,470000.0,50000.0,5439.0,1069742.94,33550.0,11.0,5,40036.0,19443.11,479478.0,9,29,51484.11,11656.5,59714.5,5,79,60535.0,Y,15676.56,current,F,53,LOW,26.400000000000002,8,867.0,0,12.0
11138,11227,8903.0,16748.28,2484.83,36099.4,11658.0,15334.0,8648.0,7.0,23,74,6,2,1,371000,1,1,1.0,1,59703.93,60481.0,28912.0,6441.0,142530.0,288212.0,20.0,19,44587.05,138815.76,60964.0,23,26,38303.11,43008.99,122090.0,6,21,50028.0,Y,2469.92,current,M,53,MEDIUM,6.6000000000000005,7,424.0,0,5.0
11139,7880,2007.0,3123.49,4622.03,17096.88,43.0,3439.26,7987.0,2.0,10,72,53,6,64,125000,1,1,1.0,1,1309500.9,15000.0,2019.0,1500.0,29487.81,23668.0,52.0,4,31820.0,14631.01,238.58,19,69,41283.0,16471.65,69.0,3,67,19105.0,Y,131.65,current,M,53,MEDIUM,6.6000000000000005,4,454.0,1,20.0
11140,19425,267.0,732.93,2338.0,5855.06,4080.04,14214.7,700.0,4.0,18,74,82,44,34,52000,1,1,1.0,1,250631.8,200926.0,1727.0,14509.0,30331.0,14022.0,2.0,23,22438.0,151490.53,40183.48,4,13,63212.62,16436.23,62079.0,2,0,63358.48,Y,59.7,current,F,32,MEDIUM,1.2000000000000002,3,613.0,1,3.0
11141,6490,2351.0,31767.0,7747.91,3690.28,3188.01,1538.0,17200.0,531.0,10,50,30,3,54,192000,1,1,1.0,1,32951.25,186474.96,36114.0,-4664.0,11463.99,246978.1,46.0,2,50960.95,32900.26,54292.85,4,7,15780.0,71556.37,12854.0,36,10,103814.0,Y,5075.12,current,M,28,MEDIUM,4.800000000000001,3,737.0,1,3.0
11142,9640,17297.0,1855.5,8615.96,4403.5,9723.0,3470.0,329.0,6.0,77,7,1,12,3,53000,1,1,1.0,1,970271.35,93.35,130000.0,3897.0,67059.61,253381.0,11.0,2,30473.0,64123.87,45655.76,7,171,15483.0,32541.0,5342.0,21,7,34739.0,Y,7568.89,current,M,32,MEDIUM,6.0,5,486.0,1,5.0
11143,12256,8680.0,31071.97,2126.0,45904.09,5390.0,13721.0,1176.0,7.0,5,82,30,26,1,371000,1,1,1.0,1,1581000.0,385218.7,6738.0,-6885.0,1462712.0,39803.0,32.0,1,41931.0,35316.77,26180.38,31,81,11508.0,138537.57,14259.36,16,12,57269.0,Y,2583.17,current,M,32,MEDIUM,2.4000000000000004,4,882.0,1,10.0
11144,9258,15493.0,9570.5,3190.0,7064.31,714.34,8467.16,1029.0,57.0,10,47,1,1,4,494000,1,1,1.0,1,1482778.95,132324.01,12016.0,-5942.0,30079.51,58072.0,5.0,9,62830.0,154225.55,51807.0,5,8,56500.0,82521.0,39839.75,2,83,30206.0,Y,7207.11,current,F,25,LOW,0.5,7,512.0,1,14.0
11145,13757,27293.0,1196.07,6137.6,1935.03,11553.0,3850.32,28757.0,67.0,10,7,8,3,26,479000,1,1,1.0,1,684495.7,429273.4,26241.0,-5998.43994,19872.0,110796.0,42.0,26,10875.0,1883.47,79635.66,3,49,39423.0,18699.0,42705.0,2,36,39174.0,Y,118315.93,current,M,36,LOW,3.2,6,486.0,0,13.0
11146,11530,20257.0,5274.68,982.0,6526.9,248.9,61178.0,12815.0,26.0,46,38,48,6,55,256000,1,1,1.0,1,8554.5,170989.0,25728.0,9415.0,12377.24,31803.0,90.0,33,35610.0,72825.1,40516.99,6,17,21262.0,26985.66,98248.28,21,40,41271.0,Y,1293.99,current,M,47,MEDIUM,10.8,2,258.0,1,9.0
11147,17544,17771.0,42854.86,5628.21,16617.07,15678.0,5303.125,2732.0,5.0,46,13,6,51,56,423000,1,1,1.0,1,88.0,210651.4,78309.0,903.0,42789.0,39004.88,12.0,5,44013.0,6921.47,59555.0,17,8,11705.0,37442.7,41472.0,4,57,15543.0,Y,2178.01,current,M,32,MEDIUM,8.4,4,372.0,0,10.0
11148,17469,19400.0,7232.5,2966.0,26762.54,772.0,4413.0,6768.17,44.0,83,60,1,31,10,340000,1,1,1.0,1,41441.27,180000.0,26241.0,14509.0,1596.12,16155.0,6.0,4,15458.0,19842.7,98097.47,4,59,20696.0,14628.78,101345.37,12,17,347691.0,Y,17539.98,current,M,62,LOW,29.400000000000002,8,639.0,1,10.0
11149,13951,19778.0,43225.5,1491.79,15249.9,1149.53,3338.0,2555.3,136.0,36,4,1,3,36,84000,1,1,1.0,1,12.19,235.17,2184.0,-6335.0,87766.84,97561.89,36.0,19,27590.0,77379.0,69370.0,1,69,20767.0,35355.96,22709.0,2,80,144000.0,Y,793.69,current,M,53,MEDIUM,13.200000000000001,4,269.0,0,18.0
11150,13723,19693.0,53370.0,46980.1,21438.7,2706.0,9210.405,80603.0,3.0,2,90,1,2,26,524000,1,1,1.0,1,52506.0,157624.24,28912.0,844.0,157943.9,67412.28,18.0,3,2277.89,51339.0,321685.0,70,43,29964.0,26561.77,160289.0,9,49,15832.0,Y,2072.75,current,M,33,MEDIUM,5.2,8,249.0,1,7.0
11151,16950,15164.0,25822.26,2359.0,7335.25,11379.1,4282.81,1124.0,5.0,47,27,4,2,47,483000,1,1,1.0,1,13849.4,167870.79,1515.0,-4664.0,21182.98,400539.0,69.0,6,107765.0,73537.73,126692.24,17,81,62196.0,22599.19,62199.0,6,106,48538.0,Y,179.11,saving,M,53,MEDIUM,29.700000000000003,5,693.0,1,20.0
11152,919,16094.0,20511.27,4464.44,21040.0,1022.0,15030.0,6480.0,10.0,27,2,1,60,79,290000,1,1,1.0,1,3786.9,235.17,16114.0,6916.0,15963.82,72175.4,94.0,26,64500.0,16205.64,123649.0,16,20,29173.99,101671.75,24160.0,12,13,78256.0,Y,7279.2,current,F,42,MEDIUM,17.6,6,247.0,1,14.0
11153,18421,213009.0,12652.0,1054.0,6339.39,9627.0,2442.5,14611.0,60.0,7,49,57,12,11,359000,1,1,1.0,1,2412.4,1163405.86,300500.0,5730.0,31718.94,15207.0,42.0,4,68094.0,118514.68,166411.0,3,20,25950.0,12096.5,10472.0,21,26,13717.0,Y,8972.14,current,M,46,MEDIUM,2.6,4,863.0,1,6.0
11154,6806,16417.0,10414.0,11335.3,3957.24,523.55,5130.645,2647.0,2.0,71,50,6,56,98,39000,1,1,1.0,1,99984.83,38112.0,908.0,-5942.0,51337.5,55024.0,18.0,4,28679.0,48646.14,79020.0,4,50,35477.0,39902.85,164937.85,6,124,542.0,Y,77168.14,current,F,40,LOW,4.0,2,270.0,0,11.0
11155,9379,15779.0,5850.65,4119.6,126467.15,17592.68,26380.0,7048.0,16.0,43,84,47,15,98,58000,1,1,1.0,1,270.0,373824.0,925.0,3897.0,78073.08,96374.0,29.0,14,19317.0,36178.04,30559.51,6,63,189250.0,81046.18,64212.0,14,11,16380.0,Y,975.28,current,M,40,MEDIUM,2.0,2,638.0,1,5.0
11156,2217,6580.0,29308.0,20743.0,2583.0,388.22,1485.6,6196.0,7.0,10,59,30,2,56,391000,1,1,1.0,1,48675.31,19000.0,12337.0,10210.0,31630.31,36632.0,42.0,3,51816.0,16097.11,71462.0,9,25,32339.0,23593.35,45325.0,8,50,38700.0,Y,1360.05,current,M,32,LOW,12.0,5,658.0,1,10.0
11157,12485,15408.0,4786.17,6205.88,996.29,900.0,5097.0,523.0,6.0,22,6,2,5,86,187000,1,1,1.0,1,942327.7,106398.0,20887.0,2008.0,95070.06,12596.0,20.0,31,23020.0,75421.0,24552.79,2,20,50172.95,68290.08,68463.0,47,25,47203.52,Y,16256.92,current,M,222,MEDIUM,20.200000000000003,8,536.0,1,6.0
11158,19756,303646.0,26853.7,4625.0,5019.37,7587.57,18590.105,554.0,7.0,27,117,53,1,1,303000,1,1,1.0,1,76122.87,93.35,68000.0,1014.0,49385.0,46229.0,18.0,36,96954.0,86622.36,38661.0,10,5,78500.0,83736.24,100394.0,12,38,26225.0,Y,26172.65,current,M,30,MEDIUM,5.0,10,867.0,0,10.0
11159,12440,1602.0,3205.25,6738.89,3702.74,3109.3,8449.0,370.0,7.0,11,46,8,4,6,369000,1,1,1.0,1,83688.0,730000.0,2214.0,12163.0,30920.8,116097.0,55.0,43,14908.0,15713.65,19530.0,1,17,100.41,19914.33,38410.0,3,73,31901.0,Y,4256.06,saving,M,42,MEDIUM,13.200000000000001,7,685.0,0,12.0
11160,5170,19124.0,12577.0,6615.0,42208.37,2012.0,7669.85,1134.0,12.0,2,16,15,1,91,27000,1,1,1.0,1,21220.0,96096.0,25508.0,-4679.0,148615.97,13711.38,20.0,0,76174.0,196749.01,21092.0,2,11,4234.0,81529.14,250806.0,7,0,65092.0,Y,6127.45,current,M,39,MEDIUM,9.5,7,928.0,1,13.0
11161,1043,10810.0,21004.89,13967.59,924.38,8127.0,4659.0,4772.0,9.0,10,14,42,31,3,68000,1,1,1.0,1,140291.6,100000.0,15477.0,6885.0,1029.0,76782.0,42.0,31,92551.0,34843.07,55013.11,43,21,6032.0,77448.89,16728.0,49,87,36706.0,Y,4961.08,current,M,38,MEDIUM,3.6,5,927.0,1,17.0
11162,14959,16669.0,2221.5,36242.82,5028.33,3460.0,1792.0,6117.0,63.0,84,74,2,25,4,306000,1,1,1.0,1,8043.25,25404.0,6100.0,1411.0,3787.04,88439.0,11.0,35,22330.0,22329.22,45809.0,2,40,81500.0,35530.0,129993.0,3,50,41601.0,Y,8135.53,current,M,35,MEDIUM,1.5,10,883.0,1,15.0
11163,8242,341983.0,8389.97,11044.0,1511.49,6052.75,2385.03,3753.0,6.0,6,71,2,16,56,218000,1,1,1.0,1,4120.0,169779.0,787.0,1465.0,96851.63,43271.02,32.0,36,16569.0,19788.9,48160.0,17,5,36982.0,24775.03,79466.0,36,36,65571.5,Y,8631.17,current,M,58,MEDIUM,19.0,1,355.0,1,9.0
11164,8697,107972.0,68054.0,1440.0,5222.0,8094.0,14123.3,3954.0,10.0,8,44,1,7,67,525000,1,1,1.0,1,161704.0,16000.0,16215.0,6613.0,31596.0,38944.87,18.0,0,20674.0,8339.79,49426.87,2,20,41272.0,41858.5,23335.0,3,0,35656.0,Y,1724.69,current,M,120,MEDIUM,100.0,4,446.0,1,8.0
11165,10882,11663.0,1723.34,13761.43,37780.0,1921.6,6541.77,11110.5,3.0,29,27,47,5,2,525000,1,1,1.0,1,690.0,28000.0,18389.0,0.0,36601.44,125056.22,10.0,9,15240.0,238383.26,8872.0,6,16,23733.0,44046.89,12043.0,117,24,57154.0,Y,4969.75,current,M,46,LOW,5.2,1,245.0,1,5.0
11166,1740,5557.0,74149.85,2885.55,6216.46,3864.0,1406.0,6516.0,2.0,7,53,24,2,26,408000,1,1,1.0,1,16317860.0,195506.79,248000.0,903.0,102859.31,24452.0,3.0,33,56900.0,4108.0,118811.0,3,6,51493.0,47365.0,95305.0,18,10,47357.0,Y,5792.62,current,M,38,LOW,12.600000000000001,2,485.0,1,15.0
11167,13652,1672.0,1057.95,4392.81,4586.9,3106.25,27067.0,3771.34,44.0,2,6,24,1,2,293000,1,1,1.0,1,5688.0,24000.0,13533.0,12415.0,14871.5,10015.0,90.0,7,23219.0,51625.26,45166.85,6,35,37826.0,23798.94,92378.0,47,106,40947.0,Y,140757.73,current,M,29,MEDIUM,9.0,1,525.0,1,3.0
11168,908,17752.0,13950.0,11358.0,7202.0,1240.0,16157.9,5647.0,100.0,50,5,10,8,80,408000,1,1,1.0,1,98543.96,15036.0,69493.0,-5998.43994,19128.08,9627.0,4.0,35,48509.0,9914.75,28631.0,6,86,18643.0,95058.24,29680.68,4,38,513622.0,Y,3075.0,current,F,47,MEDIUM,2.7,7,296.0,1,17.0
11169,4383,9379.0,22066.0,4308.0,32445.91,16009.73,393.0,1517.0,4.0,22,74,8,31,4,204000,1,1,1.0,1,135067.6,273221.0,300500.0,5439.0,81427.63,75874.0,69.0,31,49270.0,26543.67,103436.0,31,25,53866.0,97700.06,57189.93,11,103,8900.0,Y,1000.89,current,M,30,MEDIUM,4.0,8,485.0,1,2.0
11170,9096,13886.0,19541.24,15425.16,780.0,1160.06,5351.42,779.0,6.0,67,5,57,1,70,351000,1,1,1.0,1,115818.74,64491.0,2130.0,1079.0,28391.93,35711.0,42.0,2,40722.0,348598.75,397.0,4,17,5350.0,237441.97,208923.0,3,58,37066.0,Y,885.09,current,M,60,MEDIUM,24.0,2,653.0,1,8.0
11171,10843,18745.0,10371.81,1289.0,12465.3,25572.0,4636.0,3501.5,7.0,36,5,2,17,11,579000,1,1,1.0,1,53530.07,16000.0,6000.0,10770.0,47118.49,10091.0,43.0,1,42007.0,50294.48,37468.06,0,69,143859.0,21200.73,175647.0,1,79,346810.0,Y,3218.53,current,M,33,MEDIUM,6.5,2,805.0,0,9.0
11172,12451,19881.0,140175.55,4950.77,706.0,8195.11,31608.0,298.0,531.0,25,10,2,6,3,505000,1,1,1.0,1,420.0,376694.91,639.0,6885.0,33225.8,25566.0,91.0,11,14618.0,30986.78,60356.38,4,5,56665.0,179.0,637920.0,21,11,16604.0,Y,1608.74,saving,M,32,MEDIUM,6.0,2,243.0,1,6.0
11173,11365,2857.0,4371.71,8929.64,9617.6,3157.52,4959.0,2091.14,2.0,16,46,22,12,3,784000,1,1,1.0,1,2.13,6574.31,25000.0,2819.0,13676.5,18637.0,4.0,13,36342.0,4851.04,112928.65,0,78,37422.0,18526.81,63071.0,6,7,217.0,Y,1411.85,current,F,37,MEDIUM,8.5,6,945.0,0,19.0
11174,19335,211473.0,15104.0,231.0,13178.0,21968.91,3118.24,3264.0,44.0,2,11,1,6,3,59000,1,1,1.0,1,71191.8,730000.0,50000.0,903.0,30717.12,43952.0,3.0,15,65092.0,6778.3,27195.5,1,5,92810.0,10305.02,44709.0,9,63,30296.0,Y,15242.4,current,M,66,MEDIUM,32.2,4,658.0,1,11.0
11175,4203,16653.0,6391.0,7849.07,1808.07,518.21,4970.265,30605.22,6.0,3,112,1,1,1,125000,1,1,1.0,1,3070.5,26000.0,13873.0,2921.0,78623.38,129063.0,39.0,7,34035.0,4238.0,98200.0,5,13,155555.0,28652.93,140303.0,5,104,43296.0,Y,4339.49,current,M,38,MEDIUM,16.2,10,866.0,1,5.0
11176,5282,18658.0,25688.1,4008.51,605.01,3447.0,100747.0,10493.0,6.0,99,112,3,24,1,391000,1,1,1.0,1,4720.0,376694.91,3570.0,0.0,42515.26,55446.0,40.0,9,9163.0,20553.92,36993.87,19,20,76843.0,24880.33,36307.25,62,39,17752.0,Y,3799.39,saving,M,31,MEDIUM,9.9,3,464.0,1,15.0
11177,6268,13944.0,23215.09,720.0,2278.92,8505.89,2985.0,177.0,6.0,26,13,1,25,2,381000,1,1,1.0,1,4140.0,1475000.0,925.0,1411.0,140639.71,31777.6,52.0,0,26259.0,91850.24,163.86,1,44,32354.0,13928.44,29014.37,117,12,39373.0,Y,7493.52,current,F,35,MEDIUM,15.0,1,330.0,1,2.0
11178,18938,20105.0,4682.92,9362.0,5090.32,3821.0,34942.585,3501.5,8.0,30,13,1,36,5,47000,1,1,1.0,1,165907.57,38173.0,2214.0,-4679.0,14730.38,81217.0,90.0,6,46876.0,145858.99,22645.0,9,11,77764.0,38790.42,45458.53,3,120,36209.0,Y,3962.42,current,M,53,MEDIUM,26.400000000000002,1,628.0,1,4.0
11179,5088,18123.0,8629.15,3877.53,11347.43,6738.0,30165.7,3589.44,4.0,34,1,4,44,4,100000,1,1,1.0,1,28482.5,134890.0,90525.0,-12179.0,76560.25,49956.0,11.0,30,20550.0,45121.69,31289.0,20,69,26280.0,10519.0,62463.0,3,63,17778.0,Y,9806.01,current,M,66,MEDIUM,9.200000000000001,8,537.0,1,18.0
11180,5855,217623.0,19254.08,2342.52,14533.48,20056.0,3256.45,2575.38,1.0,5,11,4,62,3,17000,1,1,1.0,1,45463.0,118976.0,26241.0,-5998.43994,17251.56,28428.23,42.0,6,21982.0,68281.97,141479.0,2,30,56865.0,14131.5,67685.53,6,50,28136.21,Y,4412.02,current,M,60,MEDIUM,24.0,9,723.0,1,12.0
11181,15672,406240.0,32248.51,2173.0,15671.71,9719.0,1396.0,20455.0,80.0,6,35,24,4,79,599000,1,1,1.0,1,11827.75,105000.0,8333.0,20790.0,39618.51,37813.0,46.0,4,103848.0,79331.56,18519.0,6,82,244809.0,48042.35,50699.0,6,32,17557.0,Y,2383.8,current,M,60,MEDIUM,40.0,7,244.0,1,13.0
11182,18793,12160.0,77693.59,25792.91,45106.47,4799.12,13030.27,5610.0,2.0,26,9,8,5,1,53000,1,1,1.0,1,331.2,24703.0,130000.0,-402.0,31383.6,153943.75,11.0,2,28248.15,51494.3,66525.0,12,40,120029.0,19034.19,20892.0,3,64,24773.0,Y,285.23,current,M,62,HIGH,25.200000000000003,1,536.0,0,14.0
11183,9112,19304.0,6064.0,3892.0,72577.83,12169.57,2206.575,1667.0,16.0,3,3,57,1,39,670000,1,1,1.0,1,12057.2,385218.7,90525.0,9827.0,168993.42,150427.34,16.0,3,48134.0,20449.8,197.0,6,40,45991.0,54376.0,47560.06,36,35,31930.0,Y,2489.08,current,M,62,LOW,8.4,4,485.0,0,8.0
11184,14116,19224.0,2834.94,1974.0,6016.02,10496.83,13331.19,1778.0,92.0,23,59,2,4,79,520000,1,1,1.0,1,1534.0,22400.0,148474.0,-5998.43994,522.0,37977.0,46.0,36,28044.0,62597.0,14032.58,4,1,130500.0,61722.29,241142.0,93,24,87706.0,Y,19364.96,current,M,53,LOW,6.6000000000000005,6,743.0,1,3.0
11185,18658,632.0,15791.08,626.94,988.56,2302.0,2633.0,715.0,8.0,8,44,22,9,55,307000,1,1,1.0,1,4322.5,295150.9,24094.0,0.0,67444.88,64589.12,39.0,19,23219.0,126830.75,80127.0,70,20,20757.0,28921.0,30598.5,12,52,22330.0,Y,3553.62,current,M,47,MEDIUM,2.7,2,921.0,1,19.0
11186,9158,3432.0,2373.54,8798.39,2770.85,22304.86,6928.0,253.0,2.0,27,52,8,25,1,75000,1,1,1.0,1,827.31,1475000.0,15756.0,14509.0,67122.91,30811.5,70.0,2,48044.0,9379.25,103504.0,7,81,38822.0,7196.5,48469.0,40,35,25007.0,Y,104770.2,current,M,34,LOW,2.8000000000000003,2,809.0,1,6.0
11187,17880,2151.0,4168.8,23715.76,5035.55,3891.72,47214.0,2638.0,100.0,5,32,5,16,44,287000,1,1,1.0,1,47.35,385218.7,678.0,19765.0,74419.42,2039.0,11.0,1,48732.0,17303.0,46347.58,3,108,144960.0,40981.35,99320.0,1,75,50534.0,Y,5168.64,current,M,32,MEDIUM,6.0,1,488.0,1,9.0
11188,2964,8670.0,6862.0,1730.0,5813.89,1898.0,17494.115,13271.0,531.0,67,19,53,18,11,255000,1,1,1.0,1,123295.4,80489.0,12000.0,16455.0,22999.55,43622.51,35.0,18,49693.0,57913.57,222828.0,11,25,57778.0,10445.36,119993.0,16,103,54078.95,Y,5410.96,current,M,33,LOW,13.0,4,270.0,1,5.0
11189,41,10085.0,8159.84,2239.4,3549.28,12447.72,30451.6,5647.0,15.0,65,89,1,2,1,98000,1,1,1.0,1,156875.0,176487.6,14904.0,5464.0,58916.15,30281.0,27.0,13,16255.0,85981.6,148090.6,3,8,107738.0,38028.41,20835.0,4,58,7350.0,Y,6482.37,current,M,46,LOW,15.600000000000001,10,685.0,0,4.0
11190,19802,652.0,52076.84,4086.0,47214.51,1217.39,3681.0,8617.0,7.0,36,19,7,9,9,186000,1,1,1.0,1,298492.0,257406.7,1036.0,24326.0,83405.97,24173.0,91.0,2,13454.0,29104.38,37056.0,30,82,21600.0,207087.0,29238.0,3,32,26224.0,Y,8467.11,current,M,38,LOW,18.0,3,448.0,1,17.0
11191,19558,2078.0,5768.5,1262.74,2301.0,734.12,1659.5,3272.0,63.0,2,112,3,51,1,152000,1,1,1.0,1,60050.0,43545.0,24619.0,2921.0,5960.76,59330.5,32.0,3,31105.3,30897.07,55013.11,2,23,435000.0,29196.49,63771.0,6,38,36958.0,Y,4598.63,current,M,37,MEDIUM,10.200000000000001,2,802.0,1,3.0
11192,11162,12695.0,1719.39,7663.85,23606.0,954.42,1683.5,6234.8,2.0,5,35,52,6,20,350000,1,1,1.0,1,685580.0,440000.0,1446.0,4314.0,242696.77,40954.0,42.0,36,154109.0,14767.87,21577.0,9,29,34248.0,27388.72,24536.0,5,7,18085.0,Y,1642.76,current,M,34,LOW,4.2,8,324.0,1,8.0
11193,13479,17051.0,323.0,5481.87,1719.49,2381.0,46465.62,1252.22,100.0,27,2,1,2,17,523000,1,1,1.0,1,4140.0,6574.31,90525.0,0.0,27083.4,53985.0,70.0,15,48505.0,46365.04,102344.5,2,13,45361.0,53375.53,81466.0,4,103,468.0,Y,11605.77,current,M,47,LOW,27.0,10,247.0,0,7.0
11194,16042,16510.0,3073.0,139422.6,1689.68,1182.0,11355.3,15631.0,1.0,28,29,48,15,39,483000,1,1,1.0,1,1581000.0,170989.0,6100.0,3735.0,116252.5,45695.0,11.0,4,31891.0,115772.72,17824.0,2,8,24061.0,1088.1,11697.13,12,35,19106.0,Y,5271.01,current,M,32,LOW,12.0,2,743.0,1,8.0
11195,19654,13769.0,17372.45,4225.0,9624.84,3550.0,90290.0,1961.32,16.0,2,84,4,15,53,199999,1,1,1.0,1,213557.15,470000.0,50000.0,-4679.0,42358.88,153687.0,52.0,17,65728.0,86215.45,11189.0,17,67,36128.71,19445.0,50330.0,49,96,27043.05,Y,24911.14,current,M,62,HIGH,4.2,10,536.0,1,9.0
11196,8945,216162.0,6582.55,8762.0,8187.5,7587.57,7567.59,607.0,136.0,77,60,50,21,1,303000,1,1,1.0,1,101891.25,470000.0,126001.0,5730.0,2728.06,21435.75,22.0,26,38190.0,109414.51,518583.0,3,7,28372.0,129018.17,59204.0,5,36,7080.0,Y,13064.97,current,M,35,MEDIUM,1.5,7,713.0,1,10.0
11197,3740,14844.0,317.0,814.0,2570.54,5706.0,33868.445,4405.0,4.0,10,35,1,12,80,599000,1,1,1.0,1,101891.25,237365.38,68000.0,0.0,31957.37,30528.0,46.0,2,14608.0,41115.68,98808.0,9,36,6575.0,39121.94,102098.66,4,11,41326.0,Y,96.73,current,M,53,MEDIUM,13.200000000000001,2,595.0,0,18.0
11198,13134,4040.0,13663.8,4950.77,4937.07,942.0,2998.0,737.0,5.0,23,49,52,7,8,513000,1,1,1.0,1,50040.0,37000.0,6146.0,-5998.43994,19341.06,855.0,7.0,2,11145.0,16169.87,60202.0,2,5,19404.0,47946.08,14259.36,1,9,12608.0,Y,2278.26,current,M,220,MEDIUM,200.0,1,355.0,1,18.0
11199,10776,17585.0,1807.0,21097.2,10456.0,2188.5,8101.0,901.25,2.0,4,89,12,1,4,293000,1,1,1.0,1,45000.0,64491.0,536.0,7478.0,60946.25,815881.0,95.0,9,35117.0,17460.35,70424.0,5,29,2412000.0,178418.01,3304.0,4,104,15478.0,Y,9991.65,current,M,36,LOW,9.600000000000001,9,801.0,0,9.0
11200,575,5066.0,48573.14,7008.0,19626.31,1318.0,8550.0,41199.0,19.0,3,5,1,4,2,35000,1,1,1.0,1,166331.66,52985.43,23032.0,10770.0,9818.19,99520.0,46.0,3,23656.0,48891.0,354301.0,3,171,59265.0,18413.5,314383.0,2,11,1201.0,Y,157951.88,current,M,66,LOW,13.8,8,743.0,1,8.0
11201,19081,2837.0,34051.92,64804.0,8398.85,1125.0,18216.0,963.0,50.0,5,44,24,2,53,59000,1,1,1.0,1,471.05,130000.0,891.0,173.0,99153.76,26583.0,17.0,2,96905.0,35222.23,21181.0,2,59,37846.0,383236.74,127756.0,5,28,9721.0,Y,2804.47,current,M,67,MEDIUM,47.0,8,737.0,1,20.0
11202,9008,16148.0,13876.0,2116.0,39598.0,2561.0,4242.44,1634.91,2.0,9,1,47,1,3,256000,1,1,1.0,1,19265.4,1475000.0,30000.0,8572.0,118907.12,53262.0,9.0,7,27858.0,18178.67,199126.0,11,36,14726.0,31784.32,43276.0,47,0,9760.0,Y,1559.16,current,M,28,LOW,0.8,1,631.0,1,17.0
11203,7330,10149.0,15827.42,1741.0,9799.99,6550.5,62301.0,36786.03,56.0,83,3,1,17,13,199000,1,1,1.0,1,213557.15,165970.9,694.0,-3506.17993,31424.86,55048.0,62.0,3,33246.0,49859.43,36675.0,1,6,23446.0,44159.55,38593.0,21,24,173268.0,Y,123101.25,current,M,39,MEDIUM,19.0,10,244.0,1,13.0
11204,15681,18630.0,50860.2,12408.0,1866.0,1827.0,6965.0,32970.42,7.0,18,86,5,6,34,167000,1,1,1.0,1,9395.3,96096.0,5797.0,-4679.0,38022.9,47653.0,24.0,26,71795.0,108454.68,16853.0,1,7,148280.0,21230.31,31606.0,10,24,23447.0,Y,5333.82,current,M,42,LOW,11.0,7,737.0,0,8.0
11205,19094,4370.0,13950.0,253.0,17597.6,116.0,14573.0,592.0,67.0,1,89,25,4,41,429000,1,1,1.0,1,81872.65,160498.0,3975.0,5439.0,25413.22,83586.0,16.0,6,34593.0,8684.0,55025.0,6,8,56421.0,128237.22,38154.14,4,32,7582.5,Y,5284.68,current,M,66,MEDIUM,36.800000000000004,2,805.0,0,17.0
11206,7629,16948.0,22944.47,914.4,5989.42,4726.96,18866.4,21256.33,4.0,43,4,8,55,3,494000,1,1,1.0,1,668728.4,69370.0,230000.0,8723.0,65876.75,14323.0,4.0,1,38795.0,11659.3,71502.0,3,81,207044.0,20047.26,484.0,9,49,171500.0,Y,1005.98,current,M,27,MEDIUM,0.7000000000000001,6,801.0,1,17.0
11207,1661,13193.0,1424.76,63524.77,19193.13,992.0,5350.37,455.0,10.0,71,60,1,18,8,467000,1,1,1.0,1,40440.4,66.0,500.0,1332.0,26271.5,37004.0,6.0,36,26345.29,71767.85,17160.0,43,171,12383.0,42423.49,102666.0,3,1,30570.0,Y,1943.33,current,M,38,LOW,18.0,5,594.0,1,18.0
11208,13019,18733.0,6399.0,9716.0,812.0,6212.53,12148.105,8648.0,6.0,13,13,6,1,1,480000,1,1,1.0,1,60800.0,200926.0,68000.0,-5998.43994,25955.66,60754.0,67.0,5,45114.9,14069.24,52760.0,43,0,35667.0,80656.99,45309.5,2,1,23900.0,Y,2895.71,current,F,53,LOW,9.9,4,867.0,1,4.0
11209,17005,10044.0,19240.8,4866.0,5402.0,3106.25,25511.81,3532.0,16.0,66,44,1,9,68,25000,1,1,1.0,1,5809950.0,148150.33,936.0,12415.0,94504.1,79245.21,20.0,26,33583.0,17604.68,87069.71,7,2,82682.0,265154.13,29999.0,5,3,40700.0,Y,5040.54,current,M,64,HIGH,4.4,8,737.0,0,2.0
11210,19615,335981.0,15657.84,1279.0,34703.12,1392.0,29601.0,860.0,26.0,2,13,2,6,3,410000,1,1,1.0,1,71191.8,390700.0,36114.0,2008.0,38343.0,123507.0,43.0,1,15332.0,12104.0,41914.0,2,171,14957.0,59574.81,50876.0,21,103,19940.0,Y,12980.68,current,M,118,LOW,19.6,7,249.0,0,19.0
11211,3220,18116.0,12936.0,42350.9,846.92,284.0,8654.83,2440.46,57.0,10,87,2,7,11,110000,1,1,1.0,1,544500.0,143000.0,100000.0,20513.0,26817.4,81290.0,91.0,1,59990.0,16042.01,149233.0,3,8,81870.0,44157.5,14154.5,7,76,240442.65,Y,56018.48,current,M,53,MEDIUM,26.400000000000002,9,683.0,1,3.0
11212,14880,105892.0,52405.76,37268.0,416.5,4031.0,26434.0,28845.23,12.0,2,9,48,2,30,525000,1,1,1.0,1,151000.0,205000.0,15756.0,10455.0,57867.88,46585.0,35.0,19,105873.61,437367.8,21032.0,5,42,47131.0,23510.89,19235.5,22,10,80853.0,Y,5263.99,saving,M,32,MEDIUM,4.800000000000001,7,249.0,1,18.0
11213,17852,2524.0,22866.4,4416.5,10455.0,395.0,3039.0,956.0,1.0,46,67,48,5,20,845000,1,1,1.0,1,684495.7,51531.0,16068.0,-5998.43994,23252.62,69254.0,59.0,7,37083.0,149505.28,121505.0,31,67,14700.0,7838.0,15744.16,2,1,35714.0,Y,17969.47,current,M,62,MEDIUM,25.200000000000003,9,538.0,0,17.0
11214,3479,223176.0,315.0,2400.0,70509.7,2639.6,6002.85,5246.0,5.0,77,87,7,27,98,49999,1,1,1.0,1,4039029.9,24703.0,28912.0,6613.0,40918.89,68223.0,90.0,7,30383.0,19352.5,44393.0,6,108,14726.0,48483.93,97242.79,21,72,22863.0,Y,599.6,current,M,66,MEDIUM,13.8,5,887.0,0,14.0
11215,17635,9582.0,1734.59,6855.0,933.59,50523.8,13174.09,904.0,8.0,83,53,20,4,2,302000,1,1,1.0,1,9649.6,110135.86,78309.0,-6301.0,85187.85,9225.0,4.0,1,11674.0,34010.96,313822.86,1,63,20879.0,73788.12,2029.75,4,32,3777.0,Y,5057.21,saving,F,66,MEDIUM,27.6,4,683.0,0,17.0
11216,19878,1182.0,24187.0,1832.92,1471.5,9447.93,1082.0,5242.0,9.0,1,2,1,3,56,100000,1,1,1.0,1,1208.25,267421.4,678.0,4063.0,20167.22,250986.0,77.0,35,76153.0,14899.29,60596.89,6,8,29655.0,112318.19,48176.0,12,75,61651.0,Y,1459.17,current,F,33,MEDIUM,11.700000000000001,2,748.0,0,6.0
11217,248,380.0,21434.0,25065.34,1412.6,1412.0,9722.0,5305.0,57.0,3,42,60,17,8,184000,1,1,1.0,1,28844.0,74599.9,33330.0,20324.0,56936.25,41796.0,9.0,2,72354.0,15423.62,18198.0,4,20,28611.25,99988.0,46264.15,62,58,18524.0,Y,2145.0,current,M,40,MEDIUM,20.0,2,809.0,1,20.0
11218,12006,19764.0,2717.08,5864.97,3326.58,7056.0,1572.095,7949.48,26.0,22,6,22,3,47,52000,1,1,1.0,1,30895.44,506383.85,25728.0,5340.0,47759.38,49660.0,3.0,7,233827.0,50021.0,175258.08,2,63,45348.0,32927.03,48756.0,2,50,420.0,Y,860.57,saving,M,38,LOW,16.2,10,523.0,1,6.0
11219,5670,17246.0,3643.28,1974.0,8290.1,236.12,7968.0,1129.0,1.0,23,84,2,27,34,507000,1,1,1.0,1,26360.0,64091.0,15654.0,0.0,90364.5,75886.0,11.0,18,6457.0,27013.99,10275.0,2,14,102615.0,50906.91,37997.75,49,103,48929.0,Y,12475.54,current,M,30,MEDIUM,10.0,7,771.0,1,7.0
11220,13466,3513.0,16398.83,986.0,12020.0,37338.0,33051.315,1486.0,100.0,3,64,15,2,5,67000,1,1,1.0,1,13849.4,24703.0,100000.0,1014.0,48115.25,48809.0,70.0,17,39174.0,25606.64,140253.0,3,8,101655.0,39840.7,18222.95,4,12,16860.0,Y,3686.45,saving,M,65,MEDIUM,9.0,1,866.0,1,20.0
11221,7641,12321.0,109874.39,7143.0,26054.6,5430.58,4684.0,950.0,4.0,10,89,30,15,5,523000,1,1,1.0,1,942327.7,27000.0,1097.0,5439.0,14988.24,27122.0,147.0,25,14169.0,1109.41,365066.5,1,171,27505.0,242579.95,58508.13,9,52,51889.0,Y,9983.52,current,M,36,LOW,3.2,5,805.0,1,11.0
11222,19341,7910.0,18051.19,26322.0,37112.5,1751.0,1502.785,2935.0,2.0,2,6,7,1,77,155000,1,1,1.0,1,70310.6,1194405.5,4895.0,20324.0,36639.58,25040.0,10.0,1,18763.0,22862.22,20077.0,4,82,216500.0,63448.64,258137.0,3,96,50415.22,Y,6793.09,saving,M,58,MEDIUM,30.400000000000002,2,643.0,1,6.0
11223,13669,101654.0,40352.63,284.0,814.82,1155.9,1813.13,3176.0,4.0,37,4,53,6,68,59000,1,1,1.0,1,825.0,117890.0,1727.0,5340.0,60313.0,30243.0,147.0,23,16639.0,31321.4,65887.0,2,6,15489.0,47942.24,71104.0,94,103,40604.0,Y,3750.0,saving,M,44,MEDIUM,4.800000000000001,6,508.0,1,16.0
11224,2149,9536.0,14100.0,4119.6,23477.64,11934.79,6016.0,2143.0,1.0,26,13,1,1,10,720000,1,1,1.0,1,2533020.0,32714.0,15477.0,5730.0,25548.0,59918.0,42.0,7,72241.0,86676.84,231964.0,43,50,23349.0,81551.93,30723.29,3,0,470.0,Y,425540.1,current,M,33,MEDIUM,6.5,9,300.0,1,14.0
11225,4802,13175.0,8051.13,19135.0,8742.32,649.0,7150.0,233.0,531.0,10,89,1,1,55,411000,1,1,1.0,1,48422.7,27000.0,711.0,9415.0,48112.75,148889.0,42.0,2,3210.01,43575.5,58752.0,11,171,11562.0,190389.26,70105.0,2,15,8538.0,Y,8467.11,current,M,32,LOW,1.2000000000000002,2,516.0,1,19.0
11226,6936,42882.0,5084.0,4314.88,112655.1,660.76,13167.0,700.0,12.0,18,47,23,15,3,518000,1,1,1.0,1,28844.0,100000.0,925.0,12174.0,35676.85,147348.0,63.0,4,208339.0,142739.77,13020.0,2,44,8531.0,17116.76,63806.0,8,68,30218.0,Y,1325.68,current,M,42,MEDIUM,2.2,9,249.0,1,15.0
11227,3432,130204.0,16789.52,1709.0,15399.87,3257.22,12400.25,354.0,4.0,10,87,47,2,55,263000,1,1,1.0,1,6440.0,5350.0,2214.0,-5942.0,46999.43,49115.0,20.0,0,28331.0,41669.06,120498.0,6,8,64207.0,44877.4,31554.0,4,103,70500.0,Y,8004.35,current,M,35,MEDIUM,4.5,7,620.0,0,4.0
11228,5078,18088.0,15827.08,9528.12,1535.0,6294.0,3514.88,10377.0,4.0,2,49,2,14,8,74100,1,1,1.0,1,10006.2,108145.0,825.0,-5942.0,48077.29,111846.0,11.0,1,166838.0,58217.8,60138.0,3,50,38822.0,12791.18,37319.0,36,52,13983.0,Y,9264.76,current,M,60,MEDIUM,8.0,1,516.0,1,12.0
11229,15845,20410.0,16781.8,7664.15,1751.01,4414.76,7977.25,11110.5,2.0,29,4,3,3,79,340000,1,1,1.0,1,298492.0,172131.0,851.0,1332.0,40738.73,187252.81,52.0,7,94567.0,16591.23,88208.0,3,20,32478.0,72636.59,47962.0,94,107,23580.0,Y,24911.14,saving,M,37,LOW,5.1000000000000005,9,963.0,1,5.0
11230,19153,339691.0,3585.02,352.0,3759.5,942.0,16210.2,9179.0,17.0,3,13,25,18,47,104000,1,1,1.0,1,1831780.84,170989.0,3975.0,6613.0,47810.85,11480.0,10.0,3,23349.0,50152.25,338101.0,9,7,46369.0,66833.8,19299.45,5,58,32718.0,Y,7611.69,current,M,33,MEDIUM,6.5,7,631.0,0,6.0
11231,13502,11263.0,4362.08,7944.0,11827.83,7292.0,17812.0,567.0,7.0,23,61,10,25,68,338000,1,1,1.0,1,21220.0,157000.0,15477.0,9415.0,135295.62,71967.0,36.0,3,22625.0,22449.59,27765.0,16,23,70.36,41492.18,81541.29,4,37,15088.0,Y,2308.07,current,M,32,LOW,10.8,4,966.0,0,18.0
11232,2392,2036.0,75470.76,7082.0,3037.0,9934.0,8102.34,9563.03,7.0,2,14,25,6,55,197000,1,1,1.0,1,937.0,41.26,4000.0,12415.0,4236.18,28014.87,10.0,3,12418.0,59822.72,36074.0,6,20,34337.0,144044.21,105154.0,3,52,26568.0,Y,10282.5,current,F,42,MEDIUM,15.4,2,575.0,1,14.0
11233,8860,16151.0,55352.71,10372.49,15293.91,2113.85,8400.44,4016.0,44.0,56,69,22,46,11,225000,1,1,1.0,1,38566.25,399.09,73217.0,6441.0,51097.0,10850.5,42.0,26,37123.0,58776.62,13145.27,43,27,149.0,311541.49,44338.0,4,73,16757.0,Y,7005.65,current,M,36,LOW,14.4,4,708.0,1,2.0
11234,10302,7515.0,32248.46,5444.54,14883.92,6570.0,8368.0,5038.75,6.0,3,89,57,3,8,134000,1,1,1.0,1,725446.38,822659.0,29542.0,5464.0,118073.65,111554.0,18.0,7,26332.0,9187.89,170100.0,1,25,19094.0,143193.24,40280.0,3,15,46363.0,Y,19485.85,current,M,56,MEDIUM,28.8,10,801.0,1,19.0
11235,19417,8592.0,2304.57,4750.0,12642.1,11070.0,398.52,3121.04,4.0,5,35,62,6,81,256000,1,1,1.0,1,568.8,163.14,25000.0,1332.0,54505.75,57155.0,11.0,1,22978.0,70138.22,71580.0,6,12,10752.0,62899.94,18805.0,3,63,25933.8,Y,757.46,current,M,221,LOW,100.5,1,270.0,1,18.0
11236,11935,11345.0,77693.59,3079.55,6188.8,3755.19,712.4,18766.0,57.0,26,6,45,27,3,298000,1,1,1.0,1,81872.65,342412.0,3000.0,5350.0,40885.5,351024.54,11.0,13,126843.0,44330.98,278056.0,2,14,28895.0,36168.88,82593.42,5,13,20441.0,Y,9860.41,current,M,33,MEDIUM,10.4,1,314.0,0,14.0
11237,9332,6929.0,1677.11,2080.0,6416.0,1178.0,17865.0,3778.0,3.0,84,10,44,4,41,72000,1,1,1.0,1,8758.2,2625.16,230000.0,2921.0,36113.25,16012.0,91.0,1,800000.0,29507.64,111533.0,1,7,43600.0,83965.13,1522749.68,21,58,20753.0,Y,99671.73,current,M,58,LOW,3.8000000000000003,6,882.0,1,10.0
11238,1381,100840.0,7367.75,3892.0,56485.82,9555.6,14512.0,1784.3,67.0,10,32,1,60,56,75000,1,1,1.0,1,9542.5,159308.0,48500.0,4314.0,24937.31,31277.0,9.0,15,22590.0,29648.78,29044.0,17,171,17308.0,46825.9,104777.0,19,11,45000.0,Y,26455.98,current,M,42,LOW,19.8,6,245.0,0,9.0
11239,9966,18058.0,17550.37,2782.94,4634.0,3031.04,3607.4,1109.58,12.0,2,64,2,62,39,599000,1,1,1.0,1,692000.0,506383.85,68000.0,1500.0,38900.08,16754.0,5.0,5,14908.0,269368.62,110428.0,10,44,32109.0,9249.0,6913.0,5,22,14650.0,Y,25872.58,current,M,36,MEDIUM,6.4,2,566.0,1,19.0
11240,69,5932.0,28218.1,13353.4,849.0,2162.76,9147.14,463.73,24.0,39,5,1,17,2,575000,1,1,1.0,1,5045.13,232524.0,25002.0,5730.0,99153.76,24068.0,1.0,1,76174.0,434662.7,81230.0,3,70,48764.0,44257.53,68745.81,7,9,32768.0,Y,5999.04,current,M,30,LOW,6.0,7,519.0,1,5.0
11241,18102,2626.0,19365.86,13741.0,678.91,157.0,17443.0,7029.64,1.0,77,50,2,1,34,87000,1,1,1.0,1,4230125.0,100934.0,49975.0,8572.0,32109.04,109400.0,82.0,7,48600.0,3978.0,240463.97,6,11,18922.0,109009.31,85737.0,42,25,3887.0,Y,4418.76,current,M,32,LOW,6.0,6,643.0,0,19.0
11242,19193,17152.0,12968.0,4416.5,4194.0,10246.0,3185.0,1602.0,5.0,66,74,20,9,26,371000,1,1,1.0,1,4614669.901,77965.0,8417.0,4795.0,9344.0,43909.0,69.0,2,10349.25,56099.99,82735.0,23,13,27415.0,47978.9,77745.86,4,67,19351.09,Y,889.05,current,M,62,MEDIUM,21.0,3,653.0,1,5.0
11243,14391,3824.0,1539.0,43191.12,5266.28,728.75,26203.41,10750.97,24.0,66,50,18,1,34,528000,1,1,1.0,1,327324.9,161648.0,678.0,5773.0,1798.85,28744.39,46.0,31,34812.0,21682.5,6053.0,2,7,22549.0,26928.0,264567.0,6,11,77236.0,Y,3121.44,saving,M,118,LOW,9.8,7,945.0,0,8.0
11244,3652,19071.0,3916.24,1652.0,18147.68,5338.0,24816.0,4957.28,67.0,10,13,50,25,41,256000,1,1,1.0,1,19087.6,51531.0,8417.0,0.0,25004.92,69337.0,59.0,15,32990.0,592270.0,154489.0,6,86,99586.0,43296.77,59204.0,42,10,35494.25,Y,2145.67,current,M,62,LOW,21.0,3,249.0,1,19.0
11245,10073,10867.0,2861.52,1352.5,6048.15,360.97,1875.0,822.93,24.0,30,44,50,51,14,143000,1,1,1.0,1,272677.25,111000.0,678.0,2921.0,63706.1,26901.0,11.0,30,23208.0,183690.44,27758.0,0,171,53850.0,125910.51,45864.0,5,80,60799.0,Y,514.29,current,F,28,MEDIUM,4.0,9,243.0,1,3.0
11246,5900,5261.0,1407.0,6944.5,27050.46,2109.0,23916.0,19134.89,8.0,6,72,1,60,4,98000,1,1,1.0,1,205595.43,154121.9,825.0,5340.0,57752.02,20195.0,4.0,31,33163.0,6500.0,5012.0,2,8,57750.0,118163.56,76024.72,49,13,33258.0,Y,9563.55,current,M,34,LOW,5.6000000000000005,2,863.0,1,6.0
11247,16765,15766.0,10389.02,1515.0,76498.0,2837.84,14340.29,2532.0,100.0,77,50,50,18,34,510000,1,1,1.0,1,328504.5,338430.0,6966.0,5730.0,29309.54,133493.0,90.0,6,24160.0,75294.83,173189.0,2,46,21159.0,244898.08,52490.0,3,7,37767.0,Y,253.24,current,M,28,LOW,6.4,5,123.0,0,2.0
11248,15815,13290.0,9795.0,882.13,34941.11,6515.64,22660.71,17200.0,12.0,26,47,2,12,17,293000,1,1,1.0,1,89104.12,1513335.0,11580.0,0.0,95790.79,137138.0,32.0,0,25522.0,12752.0,357473.14,6,75,28923.0,10019.76,21714.5,9,38,180827.0,Y,4217.66,current,F,35,LOW,12.0,8,485.0,1,5.0
11249,11459,11006.0,7136.5,11663.0,568.5,454.0,24939.85,6234.8,2.0,37,5,1,4,3,400000,1,1,1.0,1,6100.0,52985.43,1630.0,6885.0,40625.43,68478.0,42.0,5,57258.0,24207.38,128063.0,5,20,162500.0,29320.51,78486.0,117,38,26496.0,Y,1044.96,saving,M,46,MEDIUM,13.0,2,259.0,1,17.0
11250,3758,18912.0,16084.88,9384.21,7246.0,7871.0,2063.0,2756.02,4.0,3,3,11,5,8,125000,1,1,1.0,1,7089.7,141473.07,130000.0,-5998.43994,13387.47,35456.0,59.0,1,59990.0,39487.5,539351.0,50,81,52664.0,19004.92,19363.07,4,21,25580.0,Y,3284.42,saving,M,58,LOW,34.2,8,882.0,0,2.0
11251,557,1182.0,14587.84,2307.67,9097.5,2150.0,801.265,1563.0,60.0,34,35,1,55,55,358000,1,1,1.0,1,21511.8,234459.4,927.0,10455.0,19521.0,479050.0,24.0,2,58408.0,34376.79,30243.0,0,81,24777.0,198778.13,58034.27,7,133,38578.0,Y,1237.82,current,F,60,MEDIUM,36.0,1,445.0,0,4.0
11252,17236,5265.0,33719.73,1529.0,53443.0,3078.75,42083.775,7458.82,80.0,10,4,25,12,1,720000,1,1,1.0,1,9649.6,156215.3,711.0,35346.0,251445.08,19372.0,29.0,3,15639.0,43177.13,229.5,2,70,17000.0,99891.83,11475.0,2,7,21090.0,Y,761.32,current,M,223,HIGH,60.900000000000006,5,743.0,0,10.0
11253,17007,18061.0,8683.49,4253.0,3962.25,13847.8,65493.5,4965.0,37.0,8,50,25,4,98,256000,1,1,1.0,1,1859872.2,71256.0,519.0,3897.0,25001.24,15239.0,11.0,5,10564.0,118410.53,86324.0,3,20,21456.97,40671.35,11574.0,38,76,35333.0,Y,43731.81,current,M,62,MEDIUM,21.0,7,307.0,1,10.0
11254,2506,9559.0,7840.11,1289.0,3394.49,2810.0,2270.55,226.0,12.0,11,82,2,18,81,525000,1,1,1.0,1,568.8,13299.0,300500.0,8572.0,13073.1,51363.0,16.0,26,24850.0,37503.4,256477.0,42,8,23462.0,30749.05,99782.5,4,76,20133.0,Y,17057.76,current,M,53,HIGH,19.8,5,818.0,1,11.0
11255,19034,16893.0,23567.0,9673.14,5232.06,14156.41,2897.0,4544.0,57.0,30,44,42,2,17,125000,1,1,1.0,1,0.35,730000.0,49975.0,1500.0,47003.77,84839.0,42.0,4,24879.0,16005.75,150085.0,43,81,19243.0,50111.64,16056.0,3,11,20602.0,Y,2895.71,current,M,34,MEDIUM,5.6000000000000005,3,355.0,1,16.0
11256,6715,13491.0,1239.0,13900.2,61790.5,10550.82,1641.0,2959.0,6.0,77,4,8,31,47,104000,1,1,1.0,1,39758.95,399.09,25508.0,5464.0,6002.76,56580.0,4.0,3,36032.0,33161.14,12098.0,47,1,134103.0,37162.33,33797.0,4,24,81202.0,Y,5854.55,current,M,66,MEDIUM,13.8,2,464.0,1,14.0
11257,7010,15984.0,18078.69,4263.0,3652.5,3167.97,9547.0,1928.63,8.0,3,35,2,15,1,329000,1,1,1.0,1,59703.93,385218.7,492.0,-4679.0,33178.01,13515.0,22.0,1,32761.0,50430.63,164025.36,2,25,19859.0,10054.0,116612.88,4,28,11443.0,Y,11689.31,current,F,44,MEDIUM,14.4,5,355.0,0,6.0
11258,6349,15751.0,18931.0,2404.0,7720.0,32482.83,20723.0,834.0,8.0,2,7,20,2,39,39000,1,1,1.0,1,58928.67,119831.0,126001.0,2500.0,9760.48,174990.09,16.0,1,16845.0,49072.88,24917.0,2,42,119000.0,84248.0,29298.59,49,12,38710.0,Y,2847.27,current,M,60,LOW,4.0,4,858.0,1,4.0
11259,10221,297502.0,12534.5,2536.0,4927.0,782.85,16867.7,7334.29,1.0,23,4,1,2,3,507000,1,1,1.0,1,42892.75,82907.34,12016.0,7478.0,27688.88,118483.52,16.0,5,19399.0,23249.76,15710.0,1,20,10333.0,41727.86,13102.0,47,79,776.0,Y,362.15,current,M,34,MEDIUM,8.4,5,299.0,1,4.0
11260,3591,5487.0,72193.7,812.0,40431.48,5923.0,15581.0,2384.7,17.0,66,50,17,2,4,293000,1,1,1.0,1,48675.31,95000.0,68000.0,19453.0,27253.45,90226.0,4.0,35,16141.0,13310.5,72291.0,10,20,27394.6,244886.04,70602.0,47,63,16900.0,Y,1612.5,current,F,37,LOW,17.0,3,488.0,1,11.0
11261,3356,16620.0,2792.04,4019.3,5264.5,12383.53,41584.44,899.4,4.0,30,13,2,4,4,232000,1,1,1.0,1,5045.13,50000.0,2019.0,-5942.0,89847.25,40950.01,6.0,4,24000.0,9004.62,17574.0,1,2,11397.0,29141.26,148337.79,5,11,6951.6,Y,15232.25,current,M,66,MEDIUM,27.6,6,818.0,0,16.0
11262,12263,12586.0,85405.6,18896.13,1318.52,5744.68,92626.59,5346.72,8.0,16,74,1,2,5,267000,1,1,1.0,1,173.8,96096.0,65000.0,5773.0,7527.75,20437.0,24.0,1,76.14,36573.99,1048.0,2,20,485000.0,57655.15,20508.0,7,32,13754.0,Y,3364.53,current,M,66,MEDIUM,27.6,6,644.0,1,2.0
11263,1305,18890.0,11701.28,13361.0,4126.4,2226.73,21804.22,3525.0,5.0,29,82,48,12,2,329000,1,1,1.0,1,39853.9,16671.0,8764.0,-4679.0,116676.39,53106.0,95.0,2,30745.0,60164.0,132804.5,1,5,249000.0,84701.24,241649.23,2,52,51800.0,Y,29939.65,saving,M,28,MEDIUM,4.0,10,394.0,1,18.0
11264,332,4234.0,11626.25,5993.0,5294.79,3394.5,1552.21,2001.0,60.0,85,35,7,1,34,336000,1,1,1.0,1,229435.05,95081.0,49975.0,1332.0,29316.78,138154.0,18.0,35,19513.0,20267.21,10239.0,43,46,20413.0,14929.11,378244.5,2,13,38358.0,Y,18383.91,current,F,33,LOW,10.4,3,737.0,1,17.0
11265,1864,297313.0,45591.71,31684.0,6956.47,6081.04,11930.0,4845.54,4.0,17,46,39,9,17,324000,1,1,1.0,1,8370.8,150410.0,300500.0,1444.0,98325.96,36741.0,5.0,1,20351.0,12079.68,578.91,0,50,25366.0,93316.25,26954.0,3,11,100.0,Y,5655.28,current,F,53,MEDIUM,13.200000000000001,5,516.0,1,16.0
11266,15305,14523.0,15240.62,7432.05,7114.69,7344.06,848.0,3711.0,92.0,13,35,1,31,14,400000,1,1,1.0,1,94127.1,138475.4,49000.0,2921.0,26823.88,26641.0,42.0,36,44898.0,105106.72,51117.0,17,7,110619.0,28811.64,60142.91,21,73,65426.0,Y,890.99,current,M,32,MEDIUM,10.8,3,867.0,1,13.0
11267,19861,13708.0,15657.84,3925.02,14838.62,5394.0,1842.0,1503.0,100.0,10,16,2,1,75,222000,1,1,1.0,1,306.4,24000.0,768.0,-5439.0,8404.9,41604.0,10.0,6,12469.0,2479.0,207509.0,0,23,178243.0,5317.75,40328.35,5,24,39693.0,Y,5847.93,current,M,29,MEDIUM,9.0,6,860.0,1,15.0
11268,8609,19705.0,16084.88,9408.0,44983.08,94.1,1966.85,8617.0,5.0,6,110,45,3,9,303000,1,1,1.0,1,161704.0,67555.67,925.0,2351.0,52741.84,17843.0,70.0,2,22929.0,215758.0,68240.0,4,12,22551.0,92172.23,25710.8,10,11,123940.0,Y,14164.8,current,M,31,LOW,5.5,1,855.0,1,14.0
11269,3482,13846.0,923.0,4271.2,34526.35,8138.25,7645.68,10210.0,20.0,26,48,42,11,34,170000,1,1,1.0,1,21220.0,39833.19,73217.0,6885.0,55662.15,83059.0,10.0,4,86852.0,23288.23,14787.0,24,81,33420.0,8635.5,35587.5,3,106,57343.0,Y,7362.18,saving,F,66,MEDIUM,13.8,10,640.0,1,4.0
11270,7818,27030.0,5265.52,23128.0,9054.33,6793.43,6189.0,74146.0,17.0,61,135,25,2,37,225000,1,1,1.0,1,28.5,24000.0,38599.0,-4664.0,26027.52,48453.0,16.0,2,67601.0,31725.66,169247.87,3,86,30357.0,60792.45,72396.88,94,52,94316.0,Y,217403.63,current,M,32,MEDIUM,10.8,6,737.0,1,16.0
11271,19903,3266.0,6582.55,25330.02,4117.07,5816.0,2879.0,35392.8,1.0,8,74,4,3,1,240000,1,1,1.0,1,4230125.0,35421.67,78309.0,6409.0,82185.75,3245.0,46.0,3,51061.0,36172.89,28597.0,1,108,19457.0,81514.17,65522.0,94,3,989.0,Y,9563.55,current,M,34,MEDIUM,8.4,8,883.0,0,18.0
11272,2348,344322.0,3480.77,3335.0,7487.85,1897.0,2109.75,3821.0,2.0,46,35,1,9,41,380000,1,1,1.0,1,36122.87,65070.0,1209.0,-4324.0,283366.0,80305.0,63.0,2,60677.0,80982.64,17786.0,43,8,36803.0,371209.77,22269.0,12,32,3612.0,Y,2170.57,current,F,35,MEDIUM,13.5,6,516.0,1,13.0
11273,6990,16282.0,6042.83,1536.0,1517.0,141.0,12096.1,2685.0,2.0,4,72,2,27,67,576000,1,1,1.0,1,60800.0,180000.0,25000.0,7478.0,38940.75,102924.0,39.0,13,1378.0,31851.74,4796.86,2,81,18868.0,92095.1,75487.0,11,21,96042.89,Y,169.0,saving,M,35,MEDIUM,13.5,2,683.0,1,7.0
11274,780,8885.0,60007.29,5061.0,21498.0,5744.68,6263.44,232.0,6.0,46,46,4,3,6,371000,1,1,1.0,1,22086.05,190887.4,583.0,-5998.43994,36503.98,130735.0,11.0,30,94264.0,15818.0,53955.9,2,25,23833.0,481629.98,198910.0,21,25,34270.0,Y,946.55,current,M,30,MEDIUM,4.0,10,855.0,1,18.0
11275,3794,5396.0,5129.75,988.72,3985.6,1062.97,1932.5,3357.0,4.0,47,14,21,1,3,402000,1,1,1.0,1,11027.5,257406.7,583.0,6916.0,223.75,212717.0,18.0,3,17950.0,47011.7,46446.76,6,9,8180.0,21494.61,43543.0,36,42,9336.0,Y,12353.73,current,F,55,MEDIUM,14.0,2,796.0,1,5.0
11276,13963,59550.0,2600.765,4846.89,3470.13,5396.96,55528.5,501.24,10.0,5,74,2,62,5,306000,1,1,1.0,1,53374.97,278360.16,298472.0,5464.0,31271.53,38643.0,11.0,1,23029.0,14678.84,20023.0,4,4,39423.0,102780.0,5377.13,2,58,100689.0,Y,12046.4,current,F,31,HIGH,5.5,2,464.0,1,11.0
11277,16478,1499.0,14061.48,2340.23,5275.38,1646.0,17499.0,3636.0,57.0,77,14,47,51,56,423000,1,1,1.0,1,937.0,409168.15,1018.0,-3053.0,47345.68,132489.0,11.0,23,39750.0,106815.0,759757.0,0,171,24756.0,111981.0,99248.0,117,73,53513.0,Y,73133.11,current,F,34,LOW,5.6000000000000005,9,966.0,1,15.0
11278,19119,1119.0,10983.0,5653.07,128717.0,10159.0,70892.745,2454.9,531.0,4,7,2,2,17,447000,1,1,1.0,1,5383.25,16583.84,73217.0,5439.0,19878.63,39528.0,77.0,31,16594.0,77379.0,21829.0,5,63,79950.0,65251.14,45414.33,1,73,122697.0,Y,3004.61,current,M,55,LOW,14.0,7,354.0,1,15.0
11279,7051,120109.0,2544.0,26322.0,28391.42,7426.48,12399.0,8706.0,66.0,10,2,24,3,5,100000,1,1,1.0,1,4400.0,64491.0,9570.0,1444.0,19527.0,38872.0,11.0,3,227.0,3151.73,43914.5,2,13,56693.0,39781.82,57316.41,7,124,41975.0,Y,235.49,current,M,63,MEDIUM,25.8,6,537.0,1,20.0
11280,19893,16841.0,53546.81,1060.36,5391.0,4781.84,21623.815,3176.0,17.0,7,2,21,14,75,147000,1,1,1.0,1,10006.2,64491.0,787.0,0.0,36857.41,545407.0,6.0,26,63858.0,37053.43,14616.0,7,171,48345.0,77752.25,481.29,10,9,44226.0,Y,10033.1,current,F,42,MEDIUM,19.8,9,737.0,1,8.0
11281,19515,13344.0,9258.0,3016.0,2066.93,3172.0,30505.525,1801.77,52.0,83,59,1,25,34,17000,1,1,1.0,1,384550.05,191000.0,825.0,7478.0,75750.07,24247.0,147.0,26,42588.0,65743.79,50047.0,4,44,55500.0,9896.14,37613.0,16,18,21246.0,Y,86.8,current,F,46,MEDIUM,5.2,1,299.0,0,10.0
11282,19363,12146.0,22700.13,2582.4,86756.4,773.0,2808.845,5124.0,2.0,99,87,6,4,1,290000,1,1,1.0,1,60050.0,15300.0,610000.0,9415.0,18247.06,115034.0,6.0,4,15628.0,38598.29,2074.0,2,42,152348.0,20149.0,23421.5,3,52,42222.0,Y,15814.77,current,M,34,MEDIUM,1.4000000000000001,9,771.0,1,14.0
11283,8552,17514.0,18069.78,34886.72,30202.25,440.51,2565.52,4933.0,8.0,83,18,17,2,39,184000,1,1,1.0,1,568.8,82907.34,908.0,20324.0,295977.44,328480.0,35.0,1,57544.0,18207.83,53783.5,3,11,37492.0,50111.02,15002.5,8,7,191700.0,Y,116.08,current,M,47,MEDIUM,13.5,5,245.0,0,8.0
11284,1200,12586.0,34352.54,1515.0,79742.0,8987.96,6483.0,1842.0,57.0,23,44,2,25,56,44000,1,1,1.0,1,107686.46,93.35,29542.0,6885.0,74555.08,340194.0,42.0,7,35485.0,58280.2,42852.0,7,11,3368.0,14649.0,141077.38,4,63,17866.0,Y,1650.39,current,M,56,MEDIUM,3.6,4,966.0,1,11.0
11285,16632,19377.0,6596.26,3731.0,2019.96,616.0,1216.0,389.0,24.0,46,1,82,1,2,167000,1,1,1.0,1,76780.0,784499.0,925.0,-4679.0,68429.5,367699.99,10.0,7,55412.0,77243.5,95278.0,2,171,19975.54,46329.06,26764.0,16,13,37211.0,Y,6559.11,current,M,66,MEDIUM,32.2,4,366.0,0,18.0
11286,8145,17973.0,18879.96,3562.0,8800.42,4758.0,6713.0,4536.0,67.0,83,2,82,3,1,224000,1,1,1.0,1,4323.0,1194405.5,16114.0,5730.0,63414.62,24250.0,46.0,1,37494.0,60177.0,39645.0,1,82,39500.0,54433.1,130071.21,47,8,39966.0,Y,1563.66,current,M,60,MEDIUM,40.0,2,647.0,1,20.0
11287,16911,9975.0,4907.0,2805.37,2607.0,4181.0,1582.0,1677.0,19.0,37,135,42,44,3,378000,1,1,1.0,1,94643.15,132324.01,300500.0,-6301.0,41310.23,4418.0,11.0,36,94.41,13451.63,115644.0,6,108,53897.0,2489.0,55279.0,6,8,860.0,Y,188.65,current,M,62,LOW,8.4,3,525.0,0,5.0
11288,17066,207043.0,2513.23,57262.0,74409.37,12109.0,23710.1,8506.19,7.0,34,47,5,2,3,576000,1,1,1.0,1,526.25,122000.0,13873.0,19765.0,8842.25,209675.0,52.0,0,18229.9,52353.87,44974.0,3,77,67060.0,22381.23,645105.75,8,54,48444.12,Y,2080.41,current,M,39,LOW,11.4,2,928.0,1,19.0
11289,12772,16834.0,4107.0,1425.0,16388.95,502.5,2243.775,2740.04,9.0,99,87,41,1,18,300000,1,1,1.0,1,41070.0,26000.0,14904.0,20513.0,12149.0,58897.03,89.0,31,20480.0,16683.0,66642.0,2,59,57632.0,112794.11,127099.0,8,6,100183.0,Y,4259.59,current,M,46,LOW,7.800000000000001,10,249.0,1,20.0
11290,1451,16588.0,7179.0,3625.0,26758.81,5038.15,19202.5,14661.51,56.0,84,13,2,4,16,44000,1,1,1.0,1,10725.8,51850.0,30000.0,9827.0,29541.44,120609.0,4.0,4,11598.0,46972.29,18733.0,9,75,101655.0,6972.0,552937.48,4,52,23351.0,Y,192.98,current,F,38,LOW,9.0,7,537.0,0,7.0
11291,7125,309700.0,16131.0,22079.65,66291.78,1688.64,2240.0,30020.0,31.0,2,110,2,2,75,44000,1,1,1.0,1,204585.76,278360.16,56305.0,20324.0,28194.64,80223.5,42.0,30,19735.0,119638.64,107504.76,2,63,40892.0,25453.45,90372.0,12,50,1810.0,Y,5864.65,current,M,51,HIGH,18.6,2,969.0,1,18.0
11292,12447,114013.0,9833.65,15261.0,15290.52,644.2,19848.575,12042.09,25.0,93,87,7,21,98,329000,1,1,1.0,1,81284.7,60481.0,1526.0,6409.0,14514.45,33040.61,15.0,4,40294.0,44059.04,45474.08,3,9,35434.0,64641.75,37113.0,3,11,26721.0,Y,12163.45,current,M,56,MEDIUM,10.8,9,464.0,0,8.0
11293,14843,5925.0,19301.78,1958.0,2760.0,11379.1,19843.0,463.73,12.0,93,29,35,2,17,345000,1,1,1.0,1,6100.0,18300.0,130000.0,-5942.0,35789.48,37586.62,3.0,1,38822.0,115987.9,117696.95,3,8,24446.0,2056107.09,43474.0,18,18,13800.0,Y,2244.32,current,M,62,MEDIUM,8.4,5,801.0,1,19.0
11294,3063,394774.0,6251.0,3102.49,6787.91,4550.86,4042.0,994.0,4.0,22,44,7,2,42,102000,1,1,1.0,1,65887.8,278360.16,12000.0,0.0,32041.32,19475.0,37.0,26,70695.0,21718.0,20110.0,43,75,157688.0,69644.64,67043.0,117,18,31383.0,Y,31014.61,current,F,47,MEDIUM,16.2,1,503.0,0,17.0
11295,2103,97537.0,15620.0,7221.0,99428.0,8913.0,4413.0,1634.91,6.0,10,89,1,2,1,366000,1,1,1.0,1,9462.2,50000.0,768.0,5730.0,37615.0,191584.38,11.0,26,14364.0,35477.38,762640.73,10,20,18528.0,77237.33,47610.78,49,8,21432.0,Y,5094.62,current,M,47,LOW,24.3,3,247.0,0,7.0
11296,15220,165896.0,2171.0,588.01,2415.02,741.0,2595.25,3501.5,531.0,36,67,42,1,39,184000,1,1,1.0,1,89908.8,295150.9,5905.0,173.0,40843.03,873608.92,22.0,4,17511.0,26090.0,40910.0,6,5,71944.0,2471.25,294.0,10,12,21800.0,Y,2566.83,saving,F,42,MEDIUM,22.0,8,737.0,0,9.0
11297,19402,15268.0,7770.79,3431.0,9730.88,5282.0,17059.0,110.5,2.0,81,67,17,1,68,293000,1,1,1.0,1,8758.2,180000.0,2644.0,10210.0,33655.75,351605.0,16.0,3,51372.0,20198.0,27940.0,1,1,69415.0,22747.0,15377.0,47,24,39900.0,Y,1036.67,current,F,30,MEDIUM,9.0,3,325.0,1,18.0
11298,7129,15545.0,13389.69,1496.0,7390.0,2483.78,18952.0,19546.33,25.0,11,30,2,1,41,49999,1,1,1.0,1,670875.0,12000.0,3792.0,-4679.0,85621.2,89299.0,16.0,33,23720.0,43666.0,173503.56,6,7,52756.0,173027.66,87105.0,9,6,66396.0,Y,1636.88,current,M,33,MEDIUM,9.1,7,713.0,1,20.0
11299,8205,18134.0,17782.64,1980.0,1436.71,318.0,7970.0,79043.0,6.0,11,10,24,2,62,302000,1,1,1.0,1,47936.43,41813.0,48950.0,-3625.0,97429.87,50134.0,2.0,1,107765.0,213.52,31947.0,7,36,57049.0,157639.47,18004.0,13,80,134.0,Y,11408.97,current,M,64,MEDIUM,39.6,3,968.0,1,17.0
11300,9311,14401.0,589.29,8762.0,1585.4,785.0,5561.0,664.45,53.0,23,60,19,1,1,167000,1,1,1.0,1,825.0,200926.0,126001.0,8723.0,33187.88,274437.0,70.0,13,57630.0,24825.56,23574.35,45,20,43270.0,74791.17,4878.0,21,21,25395.0,Y,64043.88,current,M,56,MEDIUM,36.0,6,355.0,1,18.0
11301,4270,339089.0,2099.0,10750.0,17682.33,360.0,28923.915,4817.0,1.0,84,49,18,3,44,383000,1,1,1.0,1,89104.12,26000.0,126001.0,1500.0,50573.0,79198.0,2.0,1,47061.91,29847.88,57749.0,10,6,30417.0,15511.76,31011.0,11,32,27430.0,Y,3916.55,current,M,38,LOW,16.2,5,805.0,1,5.0
11302,9447,12344.0,9044.57,387.93,34703.12,1212.0,10182.37,4363.0,3.0,5,14,62,4,20,72000,1,1,1.0,1,15939.83,3084.5,2019.0,7478.0,12046.25,41295.0,42.0,3,43405.0,132239.03,47245.0,4,27,50985.0,166653.72,45911.0,1,11,25657.0,Y,9515.39,current,M,62,LOW,33.6,5,248.0,1,18.0
11303,8011,100545.0,34050.0,445.0,1649.64,10723.0,27564.475,29748.06,3.0,6,30,11,2,79,319000,1,1,1.0,1,960000.0,545000.0,25524.0,-4664.0,17035.37,54126.0,43.0,0,38795.0,50900.0,47509.0,3,82,98988.0,40049.53,269339.0,2,106,24993.0,Y,9806.01,current,F,32,HIGH,9.600000000000001,9,771.0,1,4.0
11304,10204,11742.0,4911.24,21572.24,11526.61,899.0,1761.0,1485.0,6.0,32,59,26,25,13,74100,1,1,1.0,1,74899.55,170989.0,30011.0,3735.0,28105.04,6096.0,42.0,26,33626.9,54350.16,169785.68,1,25,11372.0,34057.87,120208.25,3,35,58236.0,Y,1497.46,current,M,28,MEDIUM,5.6000000000000005,7,656.0,0,10.0
11305,19188,15501.0,37873.18,11335.3,5155.22,2320.95,2806.0,11233.0,5.0,6,3,3,25,25,483000,1,1,1.0,1,186189.0,82907.34,11379.0,6885.0,111802.0,25395.5,4.0,30,64151.0,102918.48,46037.66,2,11,23768.0,78203.71,21216.18,2,57,28601.0,Y,3364.53,saving,M,33,LOW,10.4,4,270.0,1,17.0
11306,4587,327010.0,2660.0,5979.58,10712.0,36939.0,29426.21,11604.0,5.0,26,74,57,18,5,480000,1,1,1.0,1,977377.25,267421.4,22000.0,12415.0,55471.75,21792.0,7.0,3,37355.0,7187.0,70637.0,11,20,88260.0,81132.44,143885.0,49,7,5835.0,Y,5784.71,current,M,47,MEDIUM,18.900000000000002,4,249.0,0,9.0
11307,12600,662.0,3621.15,36486.56,9004.25,6457.62,48101.35,3142.0,7.0,5,27,22,18,1,198000,1,1,1.0,1,510.6,177795.8,5797.0,5340.0,57226.24,59034.03,52.0,6,31036.0,45350.45,13232.0,70,8,34658.0,66345.88,22726.0,58,6,5400.0,Y,10394.81,current,M,40,LOW,18.0,8,766.0,1,18.0
11308,1394,18233.0,11648.44,3118.0,23348.27,8263.59,8616.0,976.0,6.0,3,47,7,18,2,276000,1,1,1.0,1,270.0,17000.0,12000.0,6441.0,270190.45,68327.73,11.0,36,43731.0,82525.13,130216.0,1,29,42205.0,96871.51,41594.0,8,83,77220.0,Y,586.03,saving,M,42,MEDIUM,19.8,10,123.0,1,19.0
11309,13729,137312.0,6115.15,1024.0,24747.18,431.0,17545.365,5124.0,7.0,10,50,2,38,1,293000,1,1,1.0,1,41883.6,470000.0,15756.0,1931.0,15142.66,48826.0,37.0,19,13138.0,166698.12,98690.0,6,82,17686.0,25502.05,31977.5,3,58,66650.0,Y,35578.2,current,M,47,HIGH,24.3,7,623.0,1,19.0
11310,14736,123816.0,17625.98,3835.95,40266.14,7201.4,13930.0,10505.0,6.0,3,5,3,25,67,125000,1,1,1.0,1,25976.2,35000.0,536.0,6885.0,832553.76,41006.0,5.0,35,32288.0,123334.35,55306.0,50,63,38901.0,111446.75,98731.0,7,79,31469.9,Y,22356.14,current,M,37,LOW,10.200000000000001,2,748.0,1,12.0
11311,19138,823.0,8385.67,5431.86,14963.0,4255.76,19659.0,4189.0,10.0,10,52,18,18,47,378000,1,1,1.0,1,13180.0,10701.0,96497.0,5439.0,53891.45,74731.16,91.0,2,18936.63,17914.74,37243.36,9,20,6022.0,28740.75,126290.0,21,103,40081.0,Y,9880.09,current,M,66,MEDIUM,4.6000000000000005,6,956.0,1,8.0
11312,7040,6062.0,2373.69,1936.02,2022.54,6315.81,8373.31,1004.0,7.0,1,59,60,1,4,533000,1,1,1.0,1,1910215.0,93.35,787.0,1444.0,46238.02,54906.0,69.0,36,49928.0,9522.0,17620.75,43,7,29756.0,12205.36,38865.72,9,63,12841.0,Y,2459.15,current,M,33,MEDIUM,13.0,9,296.0,1,5.0
11313,10622,14978.0,1532.38,4165.0,2062.78,592.68,4947.9,7911.32,26.0,16,74,53,1,1,505000,1,1,1.0,1,8043.25,232524.0,2841.0,-6301.0,57387.56,50571.0,79.0,30,145655.0,70735.29,44344.0,4,21,62933.0,15984.35,133776.0,3,12,18000.0,Y,6073.28,current,M,44,HIGH,4.800000000000001,6,488.0,1,10.0
11314,18182,7900.0,13195.61,233.26,6268.17,8505.89,14573.0,1222.0,52.0,3,1,2,1,18,16000,1,1,1.0,1,67833.35,446457.0,2644.0,2351.0,136715.13,40484.0,46.0,3,11446.05,33590.75,40072.0,3,25,29516.0,53813.79,25828.75,94,76,81738.0,Y,7613.93,current,M,46,LOW,15.600000000000001,3,535.0,1,16.0
11315,3069,14402.0,22855.19,1556.1,8815.84,1744.4,7729.0,5470.0,9.0,23,60,5,38,41,17000,1,1,1.0,1,24832.0,78050.0,100000.0,-5942.0,79232.05,23307.0,10.0,2,35117.0,66121.02,20078.0,6,82,63585.0,118522.06,300690.0,58,21,80853.0,Y,14573.7,current,M,35,MEDIUM,6.0,5,766.0,1,17.0
11316,7598,69.0,2606.15,76.0,28724.4,9956.0,7652.0,3250.0,56.0,4,46,5,3,3,326000,1,1,1.0,1,5809950.0,267421.4,927.0,5340.0,3420.83,4235.0,103.0,35,73394.0,88620.36,11834.0,3,171,26172.0,38264.0,35432.0,3,9,18999.0,Y,4555.0,current,M,58,LOW,11.4,9,385.0,1,19.0
11317,2570,17586.0,26299.0,1703.0,1825.93,870.0,63794.0,623.0,53.0,5,48,21,15,2,350000,1,1,1.0,1,87526.1,172131.0,2644.0,1500.0,32970.64,114551.0,10.0,31,4531.0,103318.88,103504.0,1,8,37970.0,25109.08,55493.0,3,80,109500.0,Y,8174.36,current,M,37,MEDIUM,13.600000000000001,6,922.0,1,9.0
11318,4921,224537.0,13637.24,581.64,6144.5,1624.0,11407.56,7659.0,1.0,1,50,15,9,98,518000,1,1,1.0,1,100284.85,1971236.9,14904.0,35346.0,48551.77,180653.0,87.0,13,52574.0,7200.0,76166.0,0,86,111.35,28773.91,188186.21,14,18,27632.0,Y,4248.92,saving,M,53,LOW,3.3000000000000003,3,299.0,1,7.0
11319,5395,13988.0,7519.975,932.0,4453.18,366.0,4082.175,21605.0,6.0,1,44,47,38,3,188000,1,1,1.0,1,506688.65,895000.0,90525.0,0.0,81007.22,64626.0,20.0,3,31518.0,41228.0,1104.0,4,63,13501.0,112919.29,176397.08,2,113,336894.0,Y,3391.2,current,F,38,LOW,18.0,10,928.0,0,19.0
11320,1501,15657.0,5352.31,5108.0,372.0,9914.92,3564.0,1355.05,1.0,17,82,3,18,31,98000,1,1,1.0,1,15772650.74,100934.0,80000.0,9827.0,23332.25,21327.37,55.0,5,15002.0,30282.0,10040.0,2,75,41674.0,37172.38,100792.09,3,7,55844.0,Y,9310.5,current,M,66,MEDIUM,27.6,7,363.0,0,12.0
11321,4710,19672.0,2857.2,2479.9,11495.5,40826.0,12676.54,2997.44,66.0,36,72,17,2,16,375000,1,1,1.0,1,153410.0,84.32,891.0,-5998.43994,24757.87,86613.0,5.0,3,18867.0,12215.78,23027.0,4,81,22682.0,30151.0,502.0,7,36,37008.0,Y,8982.2,current,F,27,LOW,4.2,6,683.0,1,3.0
11322,18160,7409.0,51414.24,3687.65,33174.15,4400.9,30746.0,39568.0,5.0,32,4,1,1,41,447000,1,1,1.0,1,11878.6,784499.0,15654.0,5773.0,387331.82,187473.0,52.0,5,48719.0,30282.0,63881.0,12,20,64207.0,12205.36,78959.0,3,42,17894.0,Y,4598.38,current,M,35,MEDIUM,10.5,5,968.0,0,11.0
11323,7476,8897.0,299208.0,8591.0,1067.0,1149.53,5929.84,4886.19,10.0,71,59,53,38,2,125000,1,1,1.0,1,825.0,369448.8,8333.0,1411.0,15268.95,65805.51,84.0,4,70750.0,75841.6,155483.33,3,86,26235.0,12108.76,21738.0,12,1,36970.83,Y,1937.81,current,M,35,MEDIUM,4.5,7,426.0,1,11.0
11324,4889,17590.0,9205.84,4314.88,2301.0,3339.25,375.0,1342.0,2.0,50,7,42,26,55,232000,1,1,1.0,1,293418.75,1631.11,48950.0,1429.0,25607.48,72208.0,2.0,1,85430.0,26831.5,39629.0,42,20,30525.0,20862.43,119672.25,49,113,76965.0,Y,13313.61,current,M,34,MEDIUM,7.0,2,620.0,1,8.0
11325,11510,141173.0,33572.01,4489.0,28755.05,768.0,4910.31,624.0,10.0,1,49,15,11,34,302000,1,1,1.0,1,41070.0,545000.0,2156.0,24326.0,77161.0,86951.0,69.0,35,18357.0,231255.0,56807.0,0,78,83170.0,25045.93,13421.0,3,0,19794.0,Y,9626.51,saving,M,53,LOW,9.9,1,485.0,0,12.0
11326,17419,12686.0,2984.5,988.0,2545.44,6377.0,1905.25,5019.55,44.0,10,27,1,20,98,272000,1,1,1.0,1,5383.25,32714.0,925.0,6441.0,302889.75,34735.0,35.0,6,15315.0,41577.47,12167.86,1,13,23178.0,14981.16,62104.0,3,50,139414.0,Y,2260.64,saving,F,42,MEDIUM,6.6000000000000005,6,233.0,1,5.0
11327,17061,5278.0,4554.91,9197.62,8561.5,6538.0,6291.25,2236.0,5.0,18,27,25,16,13,74100,1,1,1.0,1,123134.77,64491.0,655.0,1444.0,216769.95,57966.0,90.0,28,296080.0,10957.0,16854.0,23,50,55129.0,4231.39,64742.75,8,43,24514.0,Y,26172.65,saving,M,28,LOW,6.4,6,386.0,1,14.0
11328,14435,440.0,16721.445,314.88,3549.28,1532.95,4048.0,4216.0,1.0,36,5,8,2,31,184000,1,1,1.0,1,1349.1,162288.3,25000.0,3897.0,83317.96,805.0,24.0,26,30207.0,25841.02,46382.0,11,21,10175.0,30390.56,21645.0,16,1,132307.0,Y,5114.67,current,M,40,MEDIUM,10.0,8,802.0,0,20.0
11329,4610,24866.0,60992.13,3068.0,4665.04,2218.73,1078.0,8925.2,531.0,36,653,44,7,4,35800,1,1,1.0,1,45463.0,280000.0,10271.0,14509.0,56054.56,34452.0,35.0,5,29660.0,282764.89,599.0,5,171,21288.6,203746.25,19810.0,11,9,17695.0,Y,530.29,current,M,58,MEDIUM,19.0,1,713.0,1,9.0
11330,9792,286797.0,2797.34,255.0,2808.5,161.0,9267.0,2274.0,2.0,85,19,4,25,37,129000,1,1,1.0,1,238733.0,110135.86,1266.0,-5942.0,46122.76,386245.0,11.0,1,29671.0,9629.76,104291.98,4,12,126063.0,32482.76,77443.0,14,38,60019.0,Y,534.68,saving,M,51,MEDIUM,21.700000000000003,2,685.0,1,20.0
11331,16075,346746.0,16084.88,1398.0,653.5,8033.84,6928.0,290.0,19.0,81,87,3,31,22,586000,1,1,1.0,1,3938.25,54388.23,550.0,844.0,35724.5,78329.0,42.0,30,25563.0,163331.25,220015.0,4,44,55852.0,111980.78,37384.0,4,2,30107.0,Y,10681.94,current,M,46,LOW,15.600000000000001,8,454.0,1,12.0
11332,3286,18892.0,7073.51,1060.36,2253.31,290.0,9092.0,566.0,56.0,99,48,10,1,47,525000,1,1,1.0,1,4941.45,98110.0,1633.0,1992.0,18039.96,530660.0,39.0,4,87332.0,189521.18,103.0,3,5,37765.0,85897.42,45678.0,8,38,12971.0,Y,748.94,saving,F,46,LOW,20.8,2,370.0,1,15.0
11333,6896,1742.0,31111.99,3213.0,11166.66,2031.0,2452.0,593.0,60.0,8,70,20,1,9,576000,1,1,1.0,1,2.13,482147.0,4000.0,1954.0,92509.06,60221.0,77.0,2,46100.0,158842.0,71580.0,43,108,88260.0,108352.3,47595.0,49,2,48877.0,Y,10503.73,current,M,63,LOW,38.7,10,446.0,0,14.0
11334,11498,119707.0,5592.66,3349.18,5383.13,1254.0,32843.52,3137.0,29.0,10,59,24,9,34,358000,1,1,1.0,1,298492.0,257406.7,230000.0,-5998.43994,59224.1,119886.0,43.0,5,29817.0,35614.49,20555.0,0,13,131680.61,86135.0,184416.42,93,10,152743.0,Y,9488.5,current,M,60,LOW,24.0,10,506.0,1,14.0
11335,5554,15056.0,4444.485,1012.51,18167.0,1926.4,8191.0,3067.36,531.0,30,4,52,1,30,199999,1,1,1.0,1,13180.0,1187335.5,33774.0,20324.0,3268.67,92728.3,6.0,3,28829.0,15858.5,65059.0,11,4,17641.0,47091.5,22458.0,41,12,64331.0,Y,285.23,current,F,27,MEDIUM,4.9,5,867.0,0,16.0
11336,3514,18776.0,2534.0,1594.0,5576.64,3649.0,4049.825,2288.0,8.0,13,50,5,38,54,358000,1,1,1.0,1,58928.67,1628.0,96497.0,-4664.0,73640.23,17679.5,6.0,2,5249.0,63240.0,28494.0,2,23,26901.0,22753.11,115829.0,2,18,10355.0,Y,7703.7,current,M,66,MEDIUM,18.400000000000002,3,801.0,1,17.0
11337,1315,19072.0,15731.66,2998.53,4427.63,182.0,10289.0,2127.0,4.0,99,59,15,4,2,216000,1,1,1.0,1,117168.65,39833.19,96558.0,2337.0,130265.16,128058.0,8.0,36,18775.0,39797.26,86829.2,4,20,4968.0,77428.8,70135.0,21,14,43577.0,Y,111.45,current,M,47,MEDIUM,2.7,4,536.0,1,16.0
11338,3463,388478.0,69247.0,379.42,4865.0,15602.0,23970.7,576.73,10.0,9,9,50,44,39,59000,1,1,1.0,1,471.05,93.35,1515.0,2000.0,39227.64,382673.0,17.0,0,142500.0,44281.0,55837.03,71,20,36940.0,7755.93,35471.0,13,13,10619.0,Y,32848.01,saving,M,38,HIGH,14.4,5,354.0,0,5.0
11339,3487,290127.0,32737.31,4068.0,52416.68,2572.0,4534.73,525.0,6.0,10,10,1,2,22,34000,1,1,1.0,1,4230125.0,12000.0,768.0,3983.0,135176.24,54872.6,7.0,14,19718.0,100955.32,572247.0,6,13,12330.0,21063.1,20835.97,2,38,30107.0,Y,9362.14,current,M,120,MEDIUM,20.0,7,385.0,1,6.0
11340,5583,296553.0,7031.0,201544.79,3059.44,9991.76,12877.0,441.0,3.0,43,4,30,31,47,397000,1,1,1.0,1,685580.0,61022.63,72000.0,3897.0,24931.0,24936.0,39.0,1,21972.0,58524.75,39611.0,5,82,56458.0,135966.72,44229.0,36,15,68552.0,Y,276.26,current,F,34,MEDIUM,5.6000000000000005,5,924.0,1,15.0
11341,16051,141281.0,45117.45,1685.0,6289.0,660.76,3033.01,20277.0,1.0,77,117,10,14,47,381000,1,1,1.0,1,13659.0,234459.4,230000.0,-6885.0,17009.22,65619.68,77.0,13,40722.0,18017.63,46222.0,9,12,66190.0,60674.42,211941.0,5,24,22315.0,Y,12163.45,current,M,30,LOW,4.0,5,685.0,1,17.0
11342,17478,19711.0,18704.96,23128.0,3961.6,188.52,3470.0,4191.0,531.0,43,4,26,11,98,47000,1,1,1.0,1,17530.7,43397.0,539.0,5439.0,23591.25,35897.0,11.0,11,18406.0,30065.22,30540.5,1,26,16540.0,19710.5,54358.0,21,8,55974.0,Y,21946.12,current,F,46,HIGH,2.6,3,485.0,1,20.0
11343,950,11656.0,19887.0,8272.19,544.54,5091.0,2176.35,71638.0,19.0,11,59,1,71,8,351000,1,1,1.0,1,151000.0,186474.96,73217.0,-5998.43994,277719.41,129258.0,11.0,5,19595.0,41246.83,42718.0,3,50,27116.0,6292.75,18303.0,40,40,18168.0,Y,146.61,current,M,40,LOW,10.0,3,299.0,1,6.0
11344,3233,14235.0,2833.52,3102.49,219152.52,21269.0,1017.0,11734.35,19.0,1,27,1,1,16,75000,1,1,1.0,1,148705.0,210651.4,28913.0,14509.0,31779.29,44489.04,0.0,1,165200.0,10132.0,117843.0,3,81,16863.0,14844.0,50330.0,12,113,16102.59,Y,935086.81,saving,M,50,MEDIUM,15.0,7,554.0,1,8.0
11345,1251,115.0,28706.28,5614.0,33514.0,713.84,14060.0,1962.0,7.0,10,35,3,46,9,232000,1,1,1.0,1,65640.0,67555.67,13873.0,5464.0,42858.05,28062.98,11.0,5,77569.0,68413.0,285007.62,4,63,19959.0,15509.34,45236.49,6,3,126970.0,Y,276.99,current,M,42,MEDIUM,15.4,1,743.0,0,10.0
11346,18660,319093.0,4607.46,24837.02,75580.46,6582.14,7411.035,1751.0,1.0,11,61,24,15,80,329000,1,1,1.0,1,13643.8,106398.0,12000.0,1089.0,132034.75,24828.0,0.0,0,31105.3,131169.0,311.0,6,77,17394.0,19647.0,39248.5,58,11,37842.0,Y,17539.98,saving,M,35,MEDIUM,13.5,3,737.0,1,7.0
11347,2062,303.0,6890.295,362.0,5952.15,11207.44,1273.0,1771.0,12.0,66,112,5,1,1,595000,1,1,1.0,1,7089.7,143000.0,33774.0,-5998.43994,148497.08,34514.0,90.0,3,20985.72,121855.16,260240.0,43,20,40823.0,46898.9,95463.0,4,79,123997.0,Y,2873.41,current,M,50,MEDIUM,27.0,7,860.0,0,4.0
11348,4481,309643.0,10908.11,6852.0,387.0,541.0,2511.1,3789.0,136.0,30,87,4,25,30,206000,1,1,1.0,1,2173459.0,21698.0,2158.0,3897.0,72310.41,97392.0,17.0,33,102.0,25456.63,97721.0,1,13,7009.0,244654.35,122978.0,10,75,4340.0,Y,8528.42,current,M,37,HIGH,15.3,4,485.0,1,5.0
11349,19135,211982.0,57814.12,8389.0,1422.0,4505.0,4467.0,9034.01,3.0,1,49,57,18,1,520000,1,1,1.0,1,22712.85,5351.0,15756.0,6885.0,71834.94,14248.0,23.0,5,37040.0,117390.25,35518.0,1,20,44245.0,14628.78,24222.0,62,35,54017.0,Y,132997.39,current,M,40,MEDIUM,2.0,3,254.0,1,15.0
11350,6130,6264.0,251802.23,1591.0,7243.83,10454.75,1185.095,935.0,25.0,37,23,2,1,1,199999,1,1,1.0,1,45036.0,633323.83,527.0,1465.0,3158.25,21306.0,42.0,33,35146.0,108895.12,33152.5,2,108,50172.95,39580.44,21326.0,21,24,24065.0,Y,4288.13,current,F,66,MEDIUM,23.0,8,445.0,1,13.0
11351,9801,14770.0,8948.18,5614.0,14794.25,4585.19,13891.0,494.0,6.0,6,9,1,25,30,520000,1,1,1.0,1,568.8,50000.0,583.0,12415.0,18796.2,23756.0,27.0,2,25.88,12317.31,21348.0,23,46,51470.0,45392.54,49641.0,7,83,53671.0,Y,1311.11,current,M,28,LOW,6.4,4,748.0,1,16.0
11352,8529,1637.0,11927.36,3614.01,33843.22,3121.8,625.21,11472.0,6.0,10,44,48,62,47,272000,1,1,1.0,1,1112.4,165970.9,891.0,0.0,6987.0,79104.5,69.0,0,16498.0,41880.23,10837.76,1,20,72441.0,115313.06,45864.0,5,38,31610.0,Y,3342.06,current,F,66,LOW,36.800000000000004,8,748.0,1,14.0
11353,11262,9683.0,5985.2,1194.57,12522.0,431.0,16121.0,1074.94,8.0,18,9,1,2,54,507000,1,1,1.0,1,4120.0,470000.0,126001.0,0.0,18343.95,20982.0,24.0,7,51772.0,45724.47,13232.0,3,46,30171.0,44129.4,310462.63,2,113,26721.0,Y,7561.77,current,F,39,MEDIUM,3.8000000000000003,9,299.0,1,15.0
11354,1221,217096.0,6226.16,5436.89,15817.96,3536.38,9441.02,10542.0,17.0,8,4,8,1,2,329000,1,1,1.0,1,568.8,455873.9,583.0,-5439.0,43754.2,25648.78,70.0,36,32035.61,68544.36,327444.75,10,12,71248.18,42731.54,99669.0,4,80,21497.0,Y,69.55,saving,M,69,MEDIUM,19.6,5,536.0,1,16.0
11355,2575,18805.0,77693.59,6634.0,8989.86,8482.0,10423.0,7779.0,66.0,23,50,18,2,98,483000,1,1,1.0,1,50550.5,376600.5,3850.0,4889.0,7716.25,65535.0,3.0,9,20015.0,65122.0,126706.0,1,20,56547.0,114477.3,14449.0,49,0,31047.0,Y,14080.64,current,M,49,LOW,23.200000000000003,9,914.0,1,15.0
11356,1295,404504.0,31707.84,1350.67,7911.92,11209.0,3395.79,1159.0,15.0,77,67,2,6,47,650000,1,1,1.0,1,4834.55,42723.0,2184.0,19765.0,27903.73,53985.0,4.0,26,2.0,51231.6,24342.31,4,2,6546.66,60396.09,133946.0,21,10,37553.0,Y,2980.48,current,M,40,HIGH,8.0,10,805.0,0,2.0
11357,4181,36877.0,3449.97,6855.0,7867.95,4871.55,2569.0,757.0,10.0,7,35,22,18,81,381000,1,1,1.0,1,961924.8,560000.0,300500.0,0.0,21969.25,116782.0,20.0,1,74646.0,19160.0,52311.7,6,20,67048.0,56669.65,17425.0,7,124,19196.0,Y,672.41,current,M,53,MEDIUM,13.200000000000001,8,799.0,0,5.0
11358,3451,17107.0,14504.85,5023.0,3416.0,26804.0,8912.0,7949.48,19.0,10,50,7,4,47,249000,1,1,1.0,1,63247.65,10465.48,68000.0,4795.0,56900.72,76698.0,11.0,7,40800.0,117506.0,222828.0,31,7,47625.0,149501.04,9600.0,6,50,15868.0,Y,18261.92,current,M,40,MEDIUM,6.0,6,503.0,0,12.0
11359,15429,17850.0,15185.0,2880.01,15155.91,911.41,2429.28,574.59,17.0,46,2,5,3,42,232000,1,1,1.0,1,31454.1,267421.4,3570.0,5464.0,49066.0,53416.0,11.0,1,66456.0,32696.43,85602.0,2,23,16016.0,46890.86,71816.0,4,3,24076.0,Y,10158.25,current,M,66,HIGH,9.200000000000001,6,485.0,1,5.0
11360,13761,297414.0,8626.45,4735.61,2637.0,4053.5,6690.0,9812.0,3.0,128,7,8,2,1,255000,1,1,1.0,1,1235.85,992890.32,12016.0,0.0,22478.99,77991.0,48.0,15,68695.0,41232.51,21354.0,2,12,81117.0,105135.14,92316.0,1,38,13706.0,Y,2506.89,current,M,47,MEDIUM,27.0,9,525.0,1,19.0
11361,6330,7982.0,67399.22,1090.0,10076.24,11209.0,51143.5,1911.0,67.0,13,84,53,1,5,345000,1,1,1.0,1,94643.15,118976.0,34550.0,6885.0,168052.0,23979.0,69.0,0,27740.0,39712.25,25649.0,43,20,29785.0,74201.38,211123.25,4,11,6517.12,Y,7282.64,current,M,47,MEDIUM,24.3,9,708.0,1,17.0
11362,4756,19766.0,24063.635,1628.0,136336.23,561.0,10832.5,3896.0,10.0,5,50,8,25,47,44000,1,1,1.0,1,39851.93,119831.0,550.0,6916.0,47625.84,36958.0,20.0,2,26074.0,15516.6,173636.0,4,17,46668.0,45231.48,60848.0,11,37,210.0,Y,42678.97,current,M,46,MEDIUM,23.400000000000002,2,805.0,0,16.0
11363,15463,14399.0,922.01,2570.07,72253.47,8410.0,6735.0,12134.27,8.0,17,86,57,21,79,414000,1,1,1.0,1,1035.0,1372927.14,550.0,24326.0,19278.8,23865.0,90.0,15,168292.0,24472.0,41598.0,10,20,31205.0,48556.77,29154.5,4,133,101528.0,Y,1262.12,current,F,38,LOW,5.4,7,860.0,0,2.0
11364,12865,14859.0,59697.57,12202.0,5657.2,3808.0,3735.245,5032.92,6.0,34,72,2,2,11,74100,1,1,1.0,1,0.35,158000.0,2130.0,2351.0,17413.0,31282.0,38.0,36,153080.0,15075.0,33210.0,0,1,83711.0,40049.53,42723.0,4,15,50628.0,Y,1522.69,current,F,33,MEDIUM,2.6,9,516.0,0,19.0
11365,15304,96.0,12345.48,10319.0,8848.0,27510.33,14938.055,465.0,66.0,23,4,2,6,16,293000,1,1,1.0,1,225823.8,194099.3,183999.0,6441.0,33682.36,97647.0,35.0,4,26720.0,71969.56,19962.0,5,25,8077.0,11097.45,293.0,7,2,56842.01,Y,866.93,current,M,66,MEDIUM,32.2,9,588.0,1,19.0
11366,3445,180341.0,7354.86,4290.15,6819.91,1800.1,9037.0,2306.0,1.0,85,16,50,2,1,26000,1,1,1.0,1,977377.25,116000.0,25524.0,-5439.0,111468.25,370428.0,67.0,1,34648.0,67442.64,102738.0,3,108,87330.0,46018.0,84334.0,12,61,17368.0,Y,271.66,saving,M,33,MEDIUM,7.800000000000001,1,855.0,0,6.0
11367,7177,4083.0,6695.44,4345.52,7312.78,11721.86,11416.0,6719.58,31.0,18,14,8,71,79,167000,1,1,1.0,1,1727970.9,66.0,25524.0,4063.0,19981.88,21331.0,12.0,1,213400.0,39487.5,145970.36,5,1,82.91,27897.62,297042.16,4,65,55959.0,Y,15318.75,current,M,46,HIGH,5.2,8,737.0,1,12.0
11368,1350,18018.0,6890.295,125.85,5675.04,6563.02,41344.44,11432.0,104.0,5,46,25,1,4,660000,1,1,1.0,1,4120.0,75000.0,12337.0,5439.0,90919.11,48084.3,46.0,0,36342.0,132313.08,10361.0,3,12,52500.0,204932.61,12316.0,22,50,102034.0,Y,12995.79,current,M,33,MEDIUM,13.0,8,883.0,1,9.0
11369,11875,8372.0,13065.67,29373.0,1132.5,925.0,9428.49,10377.0,2.0,10,89,7,4,62,375000,1,1,1.0,1,40440.4,157624.24,583.0,-5715.49022999999,259709.56,95825.0,42.0,36,34648.0,93716.97,22665.37,5,36,31515.0,66082.75,52322.0,42,80,20735.0,Y,5169.95,saving,F,34,HIGH,2.8000000000000003,3,864.0,0,9.0
11370,10536,6285.0,7476.0,3999.0,4060.0,5251.0,2489.035,7898.0,24.0,18,67,8,9,42,129000,1,1,1.0,1,28844.0,429273.4,1018.0,3897.0,46083.65,35099.91,7.0,0,60677.0,72045.09,173449.02,2,84,47550.0,131680.0,44824.0,13,58,75.0,Y,18164.27,current,F,37,MEDIUM,11.9,8,268.0,1,18.0
11371,8643,12368.0,5552.0,8011.0,16665.56,2337.15,2157.07,5400.0,531.0,85,112,8,6,4,523000,1,1,1.0,1,8043.25,77000.0,30000.0,6885.0,33844.5,128378.0,42.0,5,28966.0,197484.13,30028.0,3,8,55986.0,44546.79,201792.0,4,83,8629.0,Y,1181.47,current,M,40,MEDIUM,14.0,7,516.0,0,20.0
11372,7318,959.0,6875.78,5714.0,3579.56,908.0,1134.0,9115.6,18.0,10,50,4,4,47,315000,1,1,1.0,1,567914.67,49000.0,2156.0,553.0,20171.17,33262.0,11.0,1,58727.0,46533.3,66902.0,11,31,11670.0,123021.28,64318.0,8,21,29980.0,Y,15210.93,current,M,29,MEDIUM,3.6,4,464.0,1,15.0
11373,14769,13260.0,21508.0,2150.01,7081.92,18421.84,4349.25,1891.0,26.0,34,71,2,2,1,375000,1,1,1.0,1,2184.0,35000.0,5797.0,-5439.0,54863.21,70067.0,89.0,7,16530.0,48484.09,62700.0,3,171,78500.0,38991.28,174192.0,5,12,23226.0,Y,12555.57,current,M,58,HIGH,26.6,10,583.0,1,14.0
11374,3224,5439.0,27741.5,1637.0,6378.85,1050.7,12335.88,868.5,6.0,23,30,2,12,81,100000,1,1,1.0,1,3380.0,6.0,96558.0,35346.0,28131.5,41704.5,84.0,1,25446.0,80574.0,78013.86,30,89,73887.94,8515.5,4652.75,10,52,61378.03,Y,3301.18,current,F,28,MEDIUM,4.0,4,464.0,1,15.0
11375,3109,1672.0,7931.0,6496.05,427.5,5282.0,8022.12,108319.0,1.0,26,61,57,1,12,528000,1,1,1.0,1,77947.52,27000.0,583.0,8362.0,43894.52,120619.0,4.0,1,30308.43,117006.58,18513.0,0,5,7047.05,17990.55,27745.0,11,25,117554.0,Y,15454.55,current,M,221,LOW,100.5,6,464.0,1,12.0
11376,7761,2652.0,12162.3,1002.0,2493.6,3063.0,12137.805,1876.0,44.0,6,30,15,2,11,425000,1,1,1.0,1,67833.35,105000.0,492.0,8723.0,43482.05,77173.0,10.0,36,147257.0,35068.58,224587.13,70,5,22815.0,51882.54,25445.0,12,104,17424.0,Y,1749.35,current,M,56,LOW,36.0,6,508.0,1,6.0
11377,13220,274.0,16947.25,13968.0,17588.13,6710.36,2980.52,18671.15,7.0,43,135,1,2,56,375000,1,1,1.0,1,4941.45,1372927.14,23032.0,20790.0,42383.26,82254.0,43.0,5,13376.0,15803.66,61493.23,0,20,33038.0,43296.77,71211.34,4,79,26003.0,Y,3009.11,current,M,50,LOW,15.0,6,254.0,0,2.0
11378,19983,12337.0,12333.32,713.0,19135.91,1763.0,7433.82,367.0,12.0,66,1,24,25,17,167000,1,1,1.0,1,54860.05,2436.91,230000.0,2000.0,74506.75,420164.0,23.0,19,96954.0,7948.0,215942.0,50,8,18656.0,16405.77,46599.38,4,65,73787.0,Y,215.05,current,M,35,MEDIUM,13.5,9,644.0,1,8.0
11379,9468,14339.0,342847.9,1624.65,5746.93,11209.0,1135.02,805.0,1.0,77,82,3,12,79,461000,1,1,1.0,1,12.19,399.09,38599.0,4795.0,42156.86,38412.38,24.0,5,17335.0,177975.2,10076.0,4,75,53988.0,4710.07,103110.25,8,75,49.0,Y,9367.03,current,M,60,HIGH,16.0,8,858.0,0,9.0
11380,151,19748.0,11792.0,2407.6,9147.97,1412.0,1659.5,1080.0,7.0,84,1,5,9,11,143000,1,1,1.0,1,89908.8,78744.56,10635.0,4795.0,41970.25,37254.0,70.0,4,16430.0,69244.76,208581.0,3,63,24222.0,26998.12,180168.0,117,39,28961.0,Y,2543.52,saving,M,33,LOW,7.800000000000001,7,123.0,1,6.0
11381,1446,11363.0,127684.38,1119.44,1173.0,12274.1,8546.0,828.04,66.0,11,3,35,25,67,293000,1,1,1.0,1,8043.25,455873.9,825.0,20513.0,25020.0,2993.0,24.0,5,154154.0,18008.05,31708.5,45,13,20819.81,11705.0,85677.0,2,32,60052.0,Y,43328.78,saving,M,55,HIGH,31.5,6,908.0,1,13.0
11382,18088,15002.0,29784.97,1945.28,2431.54,6745.0,25951.0,426.81,44.0,23,50,3,11,1,366000,1,1,1.0,1,8370.8,186474.96,100000.0,12299.0,953.25,49262.0,11.0,3,16421.0,793.0,81843.0,47,4,26415.0,40981.35,109317.0,58,22,31525.0,Y,5968.39,current,M,33,MEDIUM,2.6,3,503.0,1,20.0
11383,2280,341821.0,32138.77,255.0,23467.21,284.0,4392.0,863.0,7.0,93,7,24,4,6,138000,1,1,1.0,1,115.45,190887.4,462.0,1992.0,28053.0,60220.37,10.0,3,38113.0,12736.4,84491.0,2,81,47550.0,79793.8,28846.0,4,12,27531.0,Y,50798.28,current,M,33,MEDIUM,3.9000000000000004,1,802.0,1,10.0
11384,2337,7147.0,26869.21,14625.5,7588.26,1403.0,7023.0,4203.0,7.0,22,49,1,2,6,326000,1,1,1.0,1,140291.6,88482.8,78309.0,8723.0,76708.11,42852.0,69.0,31,69000.0,40876.0,144701.0,23,108,10081.0,97310.04,100581.0,3,24,24076.0,Y,24650.28,current,F,58,MEDIUM,11.4,10,506.0,0,9.0
11385,9248,17487.0,146049.64,5440.2,14683.0,20586.0,2470.9,1939.81,1.0,65,13,2,44,56,483000,1,1,1.0,1,124064.65,278360.16,25002.0,20790.0,203.25,26345.0,24.0,35,20669.0,16637.21,25339.0,6,8,47592.0,21263.98,5070.0,5,38,18496.0,Y,605.95,current,M,46,MEDIUM,2.6,2,766.0,0,11.0
11386,2098,5163.0,12174.73,7311.0,7345.42,34127.04,5123.13,3667.0,28.0,77,30,1,2,47,362000,1,1,1.0,1,903003.0,110175.0,3792.0,8723.0,59660.25,57101.0,12.0,1,11670.0,165676.48,148793.5,6,20,67825.0,8653.0,41839.0,4,73,13313.0,Y,36788.75,current,M,33,MEDIUM,5.2,2,516.0,1,7.0
11387,16047,19928.0,29107.41,621.0,431.0,56390.5,13768.52,975.0,44.0,67,79,3,2,47,47000,1,1,1.0,1,20141240.0,109000.0,1515.0,3897.0,30059.25,120768.0,11.0,19,24485.17,14118.7,49046.0,47,11,66288.0,25188.75,37327.69,12,11,43480.0,Y,60009.15,current,M,34,LOW,5.6000000000000005,5,700.0,1,15.0
11388,17955,138461.0,21904.96,18730.92,4798.23,3550.0,2897.0,2189.0,64.0,20,3,26,2,6,300000,1,1,1.0,1,138272.2,12971.0,19400.0,1444.0,79307.35,59918.0,10.0,0,49730.0,77829.98,73413.0,1,34,193349.0,145975.25,18503.0,47,11,19410.9,Y,5804.29,current,M,28,LOW,6.4,7,270.0,1,15.0
11389,6376,14349.0,619.0,32789.08,5972.2,21195.65,16161.055,8189.0,4.0,43,3,2,3,11,59000,1,1,1.0,1,115818.74,46500.0,73217.0,10455.0,32029.3,58897.03,2.0,3,25677.0,25739.36,691.0,3,78,20309.0,39041.48,60855.0,4,61,12.0,Y,35966.64,current,M,27,MEDIUM,2.1,5,801.0,1,3.0
11390,1568,93901.0,1665.0,6580.0,6132.65,3819.0,9863.29,3240.0,12.0,13,19,5,2,47,98000,1,1,1.0,1,53374.97,1475000.0,3570.0,6885.0,117769.89,189227.0,32.0,31,22983.0,7316.23,100126.0,45,29,43073.0,15844.09,30450.88,49,12,25657.0,Y,1936.07,current,M,36,MEDIUM,6.4,9,535.0,0,3.0
11391,6395,14701.0,19578.95,426.0,16712.43,870.42,40602.0,28757.0,531.0,30,85,5,55,8,510000,1,1,1.0,1,13279.75,100000.0,505.0,1992.0,67608.25,26433.0,5.0,4,10996.0,21361.76,15637.91,1,14,61.4,13523.72,17055.0,14,83,1215.0,Y,4500.13,current,M,35,LOW,10.5,1,748.0,1,10.0
11392,13312,177549.0,31240.0,3438.0,2633.84,6865.0,7610.0,293.0,67.0,2,13,1,15,3,400000,1,1,1.0,1,46451.38,148150.33,25728.0,0.0,25141.0,144388.0,0.0,2,14124.0,8756.75,14995.0,1,86,21830.0,16105.97,56687.13,3,8,27447.0,Y,23029.76,current,F,35,LOW,6.0,3,582.0,1,5.0
11393,12173,12362.0,1665.0,11063.0,2739.0,4300.25,3616.0,10750.97,4.0,71,6,5,1,4,340000,1,1,1.0,1,47024.8,134000.0,2019.0,1500.0,49215.5,2562.0,7.0,1,46720.0,36821.55,27883.0,31,8,200815.17,40660.46,56125.0,4,6,650.0,Y,2513.63,current,M,37,MEDIUM,10.200000000000001,1,488.0,1,16.0
11394,6546,656.0,5931.77,1491.79,17299.94,5140.0,14836.0,4751.83,531.0,23,82,50,1,1,130000,1,1,1.0,1,8758.2,3.59,20887.0,-12179.0,178155.52,143690.75,42.0,19,49431.0,3542.84,156304.51,45,12,31403.0,237301.89,251038.0,4,0,129992.0,Y,19390.71,current,M,29,LOW,9.0,7,370.0,1,3.0
11395,8300,18774.0,42523.85,12538.0,1689.68,5102.0,5386.295,19048.0,67.0,30,13,4,6,1,100000,1,1,1.0,1,48230.5,545000.0,20887.0,2000.0,26785.29,10278.95,59.0,4,23188.0,15509.25,24340.81,0,6,100136.0,18106.26,79088.35,5,8,55202.0,Y,5458.3,current,M,35,LOW,4.5,7,466.0,1,18.0
11396,4581,15678.0,825.92,29373.0,38436.6,272.0,4584.0,1010.0,44.0,3,49,1,27,26,28000,1,1,1.0,1,325024.6,106398.0,3570.0,0.0,218383.57,13419.15,4.0,1,95057.0,5565.01,106501.0,11,38,43511.0,72418.84,199264.7,43,6,13200.0,Y,3097.38,current,M,30,MEDIUM,6.0,6,700.0,1,12.0
11397,8615,933.0,3329.0,7063.0,3552.0,802.58,3095.775,1425.37,2.0,26,1,24,23,12,720000,1,1,1.0,1,51291.45,100934.0,30071.0,-4664.0,35344.25,98970.0,12.0,7,116213.0,31370.3,248976.0,47,5,53491.0,64056.02,28438.5,47,9,55959.0,Y,3184.71,current,F,28,MEDIUM,4.800000000000001,7,583.0,1,2.0
11398,3902,17536.0,14220.21,621.0,14359.11,3344.26,6909.3,1437.0,12.0,99,86,7,7,79,660000,1,1,1.0,1,89908.8,19.39,25728.0,13135.0,97650.0,345258.0,35.0,2,17938.0,53710.18,61303.0,5,26,32281.0,6998.0,28165.0,2,104,16421.0,Y,12608.0,current,F,29,MEDIUM,0.9,3,801.0,1,2.0
11399,15253,218087.0,11870.0,3025.04,14530.73,4586.13,19018.17,511.0,25.0,22,4,2,1,3,49000,1,1,1.0,1,46730.2,257406.7,4458.0,1500.0,149673.64,28490.0,11.0,3,24118.0,23830.75,130112.0,31,8,12451.0,137557.33,56902.08,2,10,66758.0,Y,1395.23,current,M,33,MEDIUM,13.0,10,523.0,1,12.0
11400,14168,82414.0,4238.9,3451.57,13148.5,2215.0,3583.0,7780.0,3.0,36,35,1,14,3,206000,1,1,1.0,1,1112.4,106398.0,1727.0,6885.0,41524.83,74390.0,46.0,9,28351.0,61034.09,199854.36,9,171,50140.0,14055.0,37520.0,5,14,24387.0,Y,12386.44,saving,F,53,LOW,19.8,8,887.0,1,18.0
11401,18035,923.0,9416.21,29926.25,12022.49,2248.0,7467.0,464.73,531.0,81,7,57,11,55,27000,1,1,1.0,1,70310.6,88482.8,1166.0,-5715.49022999999,117100.52,10018.0,18.0,6,16305.0,23753.5,91962.5,20,9,100268.0,77251.79,21645.0,40,6,23795.0,Y,4839.48,current,M,33,MEDIUM,11.700000000000001,2,355.0,0,18.0
11402,8949,11195.0,24966.81,248.0,90726.35,4300.25,1048.79,8626.22,12.0,36,5,7,2,81,256000,1,1,1.0,1,291969.2,52991.0,4000.0,1500.0,57093.25,20012.0,32.0,3,22131.0,162102.51,80716.0,4,20,6575.0,112318.19,35725.0,3,9,21224.0,Y,1623.51,current,M,46,MEDIUM,7.800000000000001,7,700.0,1,2.0
11403,17542,40440.0,4428.0,3332.48,5298.0,10215.0,4473.0,1498.42,12.0,10,27,18,8,1,351000,1,1,1.0,1,39851.93,13299.0,20000.0,6885.0,28691.43,82961.0,4.0,19,37073.0,18605.0,50223.0,30,78,21150.0,302270.6,61457.58,1,36,21434.0,Y,7842.77,current,M,58,MEDIUM,34.2,2,249.0,0,20.0
11404,3741,319035.0,13807.0,2093.0,537.53,1675.21,5322.7,2138.0,3.0,6,52,24,4,9,579000,1,1,1.0,1,61186.36,54388.23,68000.0,12163.0,107626.19,60338.0,77.0,35,18005.0,18495.78,19665.0,45,20,52586.0,27265.0,111578.5,3,73,21090.0,Y,5064.66,current,M,33,MEDIUM,1.3,7,866.0,1,14.0
11405,18002,18391.0,99909.49,12041.0,9996.0,2053.89,3470.0,11893.0,8.0,56,64,3,56,34,375000,1,1,1.0,1,151000.0,32000.0,6000.0,0.0,55415.2,5514.0,42.0,3,96954.0,35518.21,29912.5,10,86,23406.0,58766.0,5267.0,6,13,148304.0,Y,6238.19,current,M,40,LOW,2.0,3,748.0,1,13.0
11406,19908,8442.0,31064.0,1730.0,8525.08,3540.0,1446.0,4536.0,5.0,6,67,17,4,1,402000,1,1,1.0,1,148705.0,278360.16,16114.0,20324.0,71838.74,48297.23,94.0,35,30397.0,39712.22,70100.0,2,28,26003.15,40711.5,80627.0,9,78,19347.0,Y,4518.44,current,M,49,MEDIUM,29.0,1,626.0,0,2.0
11407,5188,12679.0,68921.0,3552.5,42941.84,1100.0,2717.055,1365.0,5.0,6,47,5,5,53,191000,1,1,1.0,1,138272.2,35421.67,12105.0,-5998.43994,48464.0,28839.0,72.0,26,44379.0,153806.88,793523.0,1,20,14085.0,4137.0,188186.21,13,18,49089.0,Y,35766.51,saving,F,53,LOW,6.6000000000000005,3,623.0,0,3.0
11408,9874,6087.0,9846.21,5113.0,4036.43,5918.0,4021.0,15292.85,5.0,2,50,82,56,81,400000,1,1,1.0,1,1895.04,60040.0,25000.0,-5998.43994,157418.61,72100.0,62.0,2,26367.0,13656.25,160685.92,5,78,26.25,32927.25,214040.0,8,39,49923.0,Y,7700.66,current,M,56,MEDIUM,25.200000000000003,2,606.0,1,17.0
11409,11790,19455.0,5227.02,6751.0,24293.61,21768.0,104082.79,1248.0,15.0,10,10,4,1,1,138000,1,1,1.0,1,61186.36,237365.38,28912.0,14509.0,57510.95,27448.0,18.0,0,72475.0,13163.5,20870.0,0,63,10527.0,38829.48,20949.0,43,120,149.79,Y,3657.64,current,M,32,LOW,3.6,1,801.0,1,2.0
11410,9304,11973.0,24893.0,109864.75,1998.0,2512.18,6301.11,13651.0,531.0,36,47,57,2,54,47000,1,1,1.0,1,130319.0,172678.56,23500.0,4512.0,14177.59,97649.5,11.0,5,63611.0,159010.89,164072.5,70,108,47641.0,105135.14,48357.0,21,12,12120.0,Y,2089.26,current,M,47,MEDIUM,8.1,2,653.0,1,9.0
11411,14760,495.0,5086.5,12643.0,3179.99,3864.0,6642.0,18671.15,4.0,3,49,7,3,4,19000,1,1,1.0,1,4110.0,12971.0,2214.0,12415.0,19487.25,48329.0,42.0,5,61214.0,8585.79,119718.0,5,63,103317.0,43027.49,108839.63,94,1,19754.0,Y,104770.2,current,F,34,MEDIUM,4.2,3,623.0,0,13.0
11412,13167,11707.0,14694.065,231.0,16082.97,1318.0,3067.0,11991.75,3.0,9,1,1,3,5,393000,1,1,1.0,1,9717.55,280000.0,5981.0,-5942.0,89605.39,213564.5,40.0,3,20.0,224060.02,77180.36,4,50,44154.0,52805.0,118.0,3,10,25354.0,Y,2847.25,current,F,32,LOW,12.0,6,351.0,1,17.0
11413,13132,17830.0,6012.45,1915.0,41663.53,1023.0,19448.67,5346.72,4.0,50,1,2,4,47,84000,1,1,1.0,1,26335.7,227697.61,2184.0,6916.0,38721.12,3604.83,1.0,7,27152.0,1730.48,130393.75,5,1,2838.0,22549.38,58367.0,36,18,24773.0,Y,7026.41,current,M,35,MEDIUM,4.5,6,447.0,0,10.0
11414,18620,17783.0,11975.32,397.0,20776.5,3981.0,5535.235,17737.5,7.0,19,50,10,1,4,44000,1,1,1.0,1,48422.7,970000.0,766.0,1332.0,15284.1,331582.0,11.0,29,23566.0,10417.0,19310.0,4,171,35500.0,28478.5,723472.7,5,63,403.0,Y,82.34,current,M,46,MEDIUM,26.0,10,723.0,1,10.0
11415,14323,206338.0,6574.23,47895.69,24284.11,7559.91,20963.92,1068.0,1.0,23,50,30,44,98,461000,1,1,1.0,1,8758.2,78744.56,25000.0,-4664.0,109.5,36359.0,18.0,1,31176.0,58695.36,49521.36,5,23,23520.0,57338.73,20482.0,3,124,12866.0,Y,18383.91,current,F,37,MEDIUM,1.7000000000000002,1,685.0,1,16.0
11416,12836,8256.0,5104.69,858.0,34887.34,2767.93,4019.0,811.0,5.0,10,50,39,1,18,461000,1,1,1.0,1,83400.3,245000.0,96558.0,-4324.0,25887.83,29051.0,6.0,19,39728.0,127177.78,49111.87,3,8,12120.2,47941.0,194381.75,9,79,16865.0,Y,18542.51,current,M,49,MEDIUM,23.200000000000003,1,700.0,1,17.0
11417,16706,17268.0,7120.26,729.0,5616.17,1284.0,998.55,517.0,17.0,23,1,1,1,9,391000,1,1,1.0,1,825.0,15300.0,24094.0,-5439.0,28535.25,54824.0,89.0,1,44833.0,51788.0,70831.0,47,14,26950.0,34730.14,70482.79,117,103,26331.0,Y,147.84,current,M,33,MEDIUM,10.4,7,945.0,1,10.0
11418,3903,301699.0,118734.83,311.04,6245.13,1892.0,6313.43,1164.0,19.0,3,4,7,5,1,523000,1,1,1.0,1,5045.13,66.0,25524.0,5773.0,78064.0,216395.0,42.0,13,26343.0,4512.88,103436.0,5,4,44334.0,61055.5,50175.5,6,12,10274.0,Y,14717.84,current,M,47,MEDIUM,8.1,10,454.0,1,2.0
11419,2627,12596.0,6385.48,355.0,1910.0,9697.0,4981.7,8806.0,2.0,2,1,7,6,30,98000,1,1,1.0,1,1940.45,1084598.7,16215.0,-5439.0,14749.13,18271.0,11.0,26,30649.0,57692.37,98052.0,3,67,55308.0,12376.0,37768.0,49,3,124903.0,Y,135606.3,current,M,27,MEDIUM,1.4000000000000001,9,370.0,1,18.0
11420,19109,18853.0,5475.1,10527.25,1713.0,79601.9,2267.94,2537.74,6.0,7,20,8,2,2,98000,1,1,1.0,1,31845.5,31730.49,2644.0,-4679.0,97840.93,65708.0,70.0,0,49300.0,7470.82,27750.0,50,20,23768.0,49928.0,26985.0,3,0,280000.0,Y,17498.33,current,M,66,MEDIUM,13.8,6,488.0,1,15.0
11421,18979,124690.0,341866.0,2423.0,11274.35,3439.22,10686.45,2726.0,59.0,20,67,47,14,9,19000,1,1,1.0,1,205595.43,1038364.76,50000.0,8362.0,201004.76,25268.0,35.0,1,35535.0,47011.7,34483.0,3,20,21000.0,333865.95,42760.0,11,38,32009.0,Y,103.76,current,M,55,MEDIUM,14.0,3,316.0,1,20.0
11422,7337,304773.0,25267.45,6578.0,4897.5,2371.0,14686.0,329.0,67.0,3,16,30,21,5,84000,1,1,1.0,1,213557.15,25404.0,90525.0,6885.0,270462.0,6028.0,6.0,13,77566.0,256917.75,115688.98,0,1,90755.0,38298.5,8284.0,4,103,16417.0,Y,12833.16,current,M,29,MEDIUM,5.4,8,969.0,0,18.0
11423,12382,13119.0,8886.68,484.02,4840.06,2077.5,2010.67,6833.0,14.0,27,82,1,4,56,400000,1,1,1.0,1,41441.27,157624.24,925.0,6916.0,216769.95,92293.04,5.0,3,16285.0,55428.75,430494.86,3,9,14121.0,3164.41,58189.0,13,12,20190.0,Y,12904.95,current,M,67,MEDIUM,18.8,2,445.0,1,19.0
11424,6868,14638.0,60470.41,1837.0,22132.92,5534.47,934.04,3926.0,8.0,26,87,1,25,55,480000,1,1,1.0,1,384550.05,15036.0,851.0,9415.0,39361.17,34537.0,36.0,23,75500.0,41232.51,5873.0,6,29,47538.0,57021.0,329939.91,3,11,40967.0,Y,4583.09,current,M,53,LOW,3.3000000000000003,5,385.0,1,6.0
11425,8551,213194.0,794.0,14745.21,25078.52,13351.0,30087.3,1188.0,10.0,99,47,25,2,68,518000,1,1,1.0,1,24832.0,45769.27,1266.0,-6885.0,93942.56,119535.0,46.0,9,30308.43,49416.0,4221.5,24,5,53508.0,38382.51,882.0,36,73,126970.0,Y,7125.81,current,M,35,MEDIUM,13.5,7,911.0,1,17.0
11426,9484,90288.0,8193.15,7008.0,6780.95,1875.8,1052.0,2520.0,3.0,3,67,4,15,1,147000,1,1,1.0,1,5809950.0,120000.0,583.0,0.0,39381.0,49421.0,39.0,4,24485.0,13645.0,3522.0,3,11,39391.0,37162.98,48731.28,62,63,100439.0,Y,43068.88,current,M,62,LOW,16.8,4,537.0,1,3.0
11427,12502,125569.0,20336.5,3614.01,39780.1,2876.0,557.0,6390.0,43.0,10,32,15,15,68,100000,1,1,1.0,1,510.6,86000.0,5797.0,5340.0,117.0,42063.0,103.0,1,18807.0,86207.38,318036.0,43,20,58036.0,38217.77,28255.47,94,7,185883.0,Y,203077.2,current,M,46,MEDIUM,2.6,6,249.0,1,8.0
11428,8104,6675.0,11971.93,2525.94,14316.2,1341.0,24578.2,3800.79,92.0,66,72,24,2,8,304000,1,1,1.0,1,472.0,16583.84,30011.0,173.0,32662.75,95653.0,46.0,1,22622.0,179983.0,72129.0,4,82,19247.0,43919.58,92431.5,7,12,21302.0,Y,0.0,current,M,28,LOW,3.2,9,324.0,1,8.0
11429,3459,85312.0,12184.6,4882.5,43351.0,1045.85,3295.5,3191.6,1.0,22,10,42,36,12,112000,1,1,1.0,1,94493.75,1155000.0,6738.0,-5439.0,23314.75,128058.0,3.0,33,11376.0,150981.98,64383.0,4,23,45238.34,85629.25,541767.03,47,120,495390.0,Y,1553.16,current,F,47,MEDIUM,2.7,3,836.0,1,5.0
11430,16279,7742.0,2217.6,11638.0,3176.5,315.0,6750.0,2185.0,7.0,47,35,24,26,1,199999,1,1,1.0,1,3575.5,118983.0,5905.0,26601.0,80229.29,73663.0,12.0,4,20903.0,129024.7,78500.5,7,20,34420.0,21983.34,24427.0,4,76,70707.0,Y,4677.62,saving,M,55,LOW,24.5,5,386.0,1,11.0
11431,14066,6702.0,29407.74,10557.0,623.0,4154.03,246.0,928.0,6.0,1,13,44,7,8,524000,1,1,1.0,1,1641785.0,500358.79,12016.0,6885.0,48545.74,165.18,52.0,33,56667.0,30765.85,34072.0,2,69,32452.0,91066.0,119346.69,117,21,30468.0,Y,5069.27,saving,M,35,HIGH,1.5,9,647.0,1,16.0
11432,11523,15788.0,1202.0,10292.0,1652.0,13210.76,22165.0,7054.0,44.0,10,29,8,1,30,53000,1,1,1.0,1,10006.2,142608.5,3975.0,-6301.0,49629.25,5802.0,95.0,2,33759.0,171133.65,33296.0,70,13,26172.0,46555.21,288809.01,7,12,20434.0,Y,37245.39,current,F,37,LOW,15.3,1,269.0,1,6.0
11433,6613,12730.0,77693.59,10166.67,1318.52,15250.81,8216.55,2216.0,6.0,17,52,4,1,77,127500,1,1,1.0,1,180615.02,52098.99,938.0,12415.0,97581.91,46863.38,40.0,36,72186.0,40675.52,49356.0,6,75,48516.0,55227.06,94765.5,1,58,21501.0,Y,6661.36,current,M,32,HIGH,1.2000000000000002,10,355.0,0,8.0
11434,17743,298770.0,6025.0,8386.0,6882.0,1545.0,13350.5,4776.42,4.0,22,50,1,62,1,378000,1,1,1.0,1,33664.3,150000.0,49975.0,1500.0,76597.31,37772.0,40.0,2,175932.0,140327.32,16676.0,4,81,13487.0,104559.25,90199.0,5,104,62677.0,Y,5318.64,current,M,66,MEDIUM,36.800000000000004,8,511.0,0,8.0
11435,7592,2737.0,17891.0,5706.24,523.0,964.0,10907.12,5787.0,44.0,18,10,3,3,47,378000,1,1,1.0,1,10535967.5,482147.0,925.0,8572.0,28822.89,28744.39,89.0,6,28704.0,26321.44,34791.0,11,25,84211.0,67987.08,30377.0,13,11,12843.0,Y,2777.77,current,F,33,MEDIUM,2.6,9,796.0,1,2.0
11436,12049,13902.0,2991.78,863.05,33690.33,6931.14,11113.5,492.0,104.0,10,72,30,36,80,184000,1,1,1.0,1,13180.0,190887.4,30071.0,-6301.0,40816.12,65078.0,0.0,19,42530.0,46463.0,181137.72,4,108,19627.0,55356.82,27258.0,1,38,63834.0,Y,2896.24,saving,M,56,LOW,36.0,1,802.0,1,13.0
11437,7940,7973.0,229785.6,2977.0,16619.45,1256.25,9430.0,779.0,19.0,28,86,3,1,98,190000,1,1,1.0,1,3950.0,355000.0,6100.0,2921.0,17488.0,56689.91,10.0,2,40692.0,70014.23,41066.5,43,11,22169.0,58808.5,81555.0,4,124,69906.0,Y,1434.53,current,F,47,LOW,8.1,6,249.0,0,12.0
11438,12948,10731.0,42227.6,948.0,24304.12,277.1,2392.0,1252.22,1.0,26,23,2,1,5,530000,1,1,1.0,1,48675.31,242827.0,183999.0,3735.0,54210.25,31347.84,40.0,1,43033.0,25775.0,18599.0,43,8,62933.0,36134.0,19016.0,4,75,420.0,Y,4957.79,current,M,53,MEDIUM,3.3000000000000003,1,683.0,1,10.0
11439,5547,16006.0,4061.71,8929.64,48802.77,1811.92,3185.0,7285.0,8.0,83,10,20,1,17,268000,1,1,1.0,1,825.0,52991.0,8943.86,-12179.0,54160.32,46631.76,55.0,3,39412.0,105738.71,56324.0,3,70,88260.0,222598.14,39494.0,2,39,66943.0,Y,7048.38,current,F,46,LOW,5.2,1,447.0,1,18.0
11440,9718,4689.0,64476.2,1635.52,3495.0,3297.2,2976.9,804.0,531.0,10,19,42,23,47,147000,1,1,1.0,1,123295.4,3.59,2156.0,1411.0,47485.0,331921.27,11.0,4,24197.0,25775.0,11868.0,2,30,30902.0,62152.5,44133.0,6,11,315.0,Y,108.52,current,M,40,LOW,16.0,4,685.0,1,10.0
11441,13255,173789.0,1069.93,3079.55,20797.65,22686.32,16406.0,11923.0,63.0,83,50,2,31,55,17000,1,1,1.0,1,11878.6,43021.0,3975.0,1931.0,10209.04,90106.24,42.0,36,35439.0,117506.0,88866.86,47,171,20709.0,54150.33,51036.0,3,63,102795.25,Y,4004.23,current,M,50,MEDIUM,3.0,6,454.0,1,20.0
11442,12257,7337.0,9018.07,11059.0,7032.22,1707.04,2763.0,2699.0,26.0,56,82,3,71,47,378000,1,1,1.0,1,75240.45,32000.0,18257.0,24326.0,100015.25,300222.61,46.0,7,26954.0,177068.5,34415.0,5,59,29538.0,45960.74,174613.76,2,124,315.0,Y,5299.11,current,M,34,LOW,4.2,6,746.0,1,18.0
11443,7776,56828.0,2328.22,10101.0,3696.58,9049.0,4829.0,2935.0,4.0,10,47,3,2,5,67000,1,1,1.0,1,225823.8,25404.0,4367.0,0.0,16092.0,166345.0,39.0,14,11210.0,3506.5,80796.0,43,171,21600.0,54701.61,21772.0,58,96,71683.0,Y,1679.01,saving,M,66,MEDIUM,23.0,7,658.0,1,9.0
11444,17099,289482.0,33390.85,2570.07,548.0,1688.64,2431.995,393.0,4.0,9,5,2,1,47,340000,1,1,1.0,1,36122.87,3.0,4895.0,-6301.0,294012.01,25685.0,2.0,36,23770.0,102366.67,42353.0,1,12,41952.0,26289.67,407449.41,12,1,20373.0,Y,1632.6,current,M,58,MEDIUM,22.8,1,248.0,0,8.0
11445,1218,9631.0,55707.94,1103.8,10338.9,1691.3,8517.0,26860.0,31.0,4,20,52,2,42,525000,1,1,1.0,1,3938.25,145000.0,24717.0,-4664.0,55692.88,312724.06,16.0,35,77470.0,129445.52,36708.0,45,20,35543.0,22836.24,882.0,5,11,28950.0,Y,9222.13,current,M,33,LOW,3.9000000000000004,10,801.0,0,16.0
11446,8732,13251.0,37540.93,445.0,2003.95,5560.0,11114.89,6843.0,43.0,71,49,2,2,1,391000,1,1,1.0,1,568.8,50000.0,908.0,2351.0,25190.96,51879.81,22.0,3,111297.0,1292.23,34676.38,3,5,29988.0,16573.0,108129.0,40,22,65799.0,Y,9513.07,current,M,47,MEDIUM,2.7,7,883.0,0,12.0
11447,11232,13201.0,12384.27,4846.89,27005.0,2399.0,914.0,1581.0,4.0,14,10,1,2,30,359000,1,1,1.0,1,48422.7,157624.24,5540.0,1014.0,2260.25,65231.0,18.0,0,17280.0,29627.0,107455.79,1,8,38500.0,122736.25,73422.38,2,63,2154.0,Y,8883.7,current,M,53,HIGH,9.9,7,370.0,1,16.0
11448,18084,12809.0,1853.07,5691.52,15588.49,4942.05,827.0,13049.0,1.0,50,87,47,60,54,125000,1,1,1.0,1,105453.65,117890.0,508.0,0.0,38623.45,24385.0,42.0,26,52695.0,72443.8,144748.0,1,6,54646.0,119075.73,1035.0,94,52,45062.0,Y,3870.35,current,M,32,MEDIUM,8.4,1,633.0,0,4.0
11449,3321,16167.0,616.0,588.01,311.06,8066.3,30451.6,901.0,63.0,16,72,1,37,8,98000,1,1,1.0,1,1359.3,42000.0,10973.0,1079.0,128768.25,65642.0,7.0,26,145655.0,37185.41,15894.0,0,108,21725.0,194341.65,24160.0,2,9,552.0,Y,4057.32,current,M,60,LOW,20.0,3,614.0,0,13.0
11450,9899,16690.0,24561.28,18730.92,9116.61,1117.61,4928.0,18067.0,43.0,66,44,3,18,67,156000,1,1,1.0,1,2008232.55,234459.4,48950.0,9415.0,59660.25,78117.0,147.0,23,6100.0,44190.48,235234.97,3,75,20500.0,28337.95,32663.0,12,79,10881.0,Y,20487.22,current,M,60,HIGH,32.0,1,771.0,1,10.0
11451,18323,4772.0,45432.25,8241.77,16300.56,1897.0,7023.0,24190.82,9.0,3,32,1,3,8,555000,1,1,1.0,1,506688.65,11897.0,12016.0,2819.0,127879.22,185224.25,2.0,9,37630.0,16936.16,29703.0,7,20,36725.0,45307.68,96813.0,7,113,2659.0,Y,1786.49,current,M,42,MEDIUM,15.4,6,331.0,1,2.0
11452,16009,295284.0,30765.4,966.0,8316.36,494.04,921.0,511.0,5.0,2,84,48,1,17,98000,1,1,1.0,1,11878.6,182359.2,25000.0,-6885.0,44743.75,18082.0,3.0,2,12075.0,50575.84,56411.61,6,6,37517.0,35794.26,47003.0,47,10,14321.0,Y,7337.4,saving,M,40,LOW,16.0,1,858.0,0,10.0
11453,15840,206304.0,16194.13,5280.0,12402.98,2374.0,193701.045,3501.5,6.0,77,59,8,1,13,391000,1,1,1.0,1,291969.2,1425000.0,30011.0,0.0,52403.52,290009.13,62.0,7,84789.0,120517.0,11800.0,2,108,348255.0,18578.0,720.0,8,36,14833.0,Y,493359.74,current,M,28,LOW,5.6000000000000005,2,750.0,1,2.0
11454,12842,129844.0,3141.0,8243.4,5540.29,11988.89,14973.89,3235.0,6.0,2,50,44,18,2,471000,1,1,1.0,1,68640.0,96096.0,462.0,2921.0,50654.97,13014.0,39.0,2,50417.0,21548.83,367.74,2,81,18100.0,77005.6,568.0,1,12,48788.0,Y,263.58,current,M,37,MEDIUM,17.0,7,927.0,1,13.0
11455,10920,3630.0,1054.18,704.81,7921.0,7965.0,4247.5,2773.0,14.0,6,48,60,9,28,186000,1,1,1.0,1,27316.5,25000.0,2156.0,5439.0,110183.75,26483.0,42.0,2,80199.0,74636.1,26867.0,0,108,11761.0,25520.0,13099.79,21,106,23789.0,Y,614.16,current,M,28,MEDIUM,6.4,8,883.0,1,2.0
11456,8282,4160.0,36337.33,4225.52,18392.0,7108.76,3068.89,2510.0,25.0,18,49,2,26,10,59000,1,1,1.0,1,811.0,26884.0,50000.0,-5715.49022999999,44161.63,93150.84,36.0,3,86623.0,49690.8,287111.0,1,34,38546.0,78598.4,33165.0,6,18,50310.0,Y,4658.01,current,M,40,MEDIUM,6.0,1,710.0,1,5.0
11457,12511,81992.0,14027.5,3234.03,10310.0,4857.65,5273.0,1773.0,124.0,6,71,1,1,10,595000,1,1,1.0,1,9118.35,117890.0,1630.0,1992.0,58096.7,5202.0,7.0,19,12171.0,239746.11,130216.0,3,6,60985.0,27484.06,247064.0,2,32,33913.0,Y,2063.91,current,M,35,MEDIUM,7.5,6,762.0,1,4.0
11458,8618,10046.0,4286.86,9010.56,1173.0,232.0,5238.6,1029.0,6.0,3,35,2,1,3,530000,1,1,1.0,1,45036.0,159415.3,13533.0,-5998.43994,68485.5,219993.0,86.0,2,73765.5,26009.5,281924.48,6,171,14121.0,81395.18,87572.0,4,11,207.0,Y,9376.39,current,M,62,MEDIUM,29.400000000000002,5,525.0,1,17.0
11459,17104,17093.0,14950.99,16815.5,10071.0,1934.0,8212.14,1751.0,2.0,47,16,5,2,54,518000,1,1,1.0,1,67833.35,96096.0,90525.0,-3506.17993,31534.31,15397.0,55.0,36,52732.0,43819.14,98808.0,1,6,34922.0,62782.46,18277.0,6,3,67351.0,Y,25012.47,current,M,47,LOW,21.6,4,428.0,0,8.0
11460,3579,17304.0,53015.37,3549.0,15263.78,1161.0,1688.0,524.76,60.0,6,1,5,2,2,20000,1,1,1.0,1,116122.65,109000.0,23500.0,1992.0,154.32,66942.0,11.0,36,43731.0,79871.88,10095.0,50,63,36367.0,204386.43,107231.52,36,17,20420.0,Y,946.22,current,M,28,MEDIUM,1.6,3,300.0,0,3.0
11461,12176,14054.0,34135.0,35766.02,5290.5,9508.7,7991.01,7987.0,16.0,10,29,60,2,8,0,1,1,1.0,1,78472.48,69370.0,36114.0,1014.0,55092.25,97156.0,55.0,1,99743.0,35617.5,18310.0,1,20,57356.0,39755.05,67894.5,2,21,1006.0,Y,35696.73,current,M,49,LOW,29.0,6,805.0,1,10.0
11462,11777,19397.0,29308.0,3017.0,34429.74,3478.36,48660.63,25078.55,8.0,10,90,48,36,64,467000,1,1,1.0,1,13929.95,76157.6,33774.0,5773.0,73194.89,26811.0,90.0,36,24372.0,27941.78,33221.0,1,63,17641.0,99348.25,345244.48,21,37,80478.0,Y,5763.45,current,M,25,HIGH,4.5,3,535.0,1,8.0
11463,8594,11543.0,14440.54,5225.26,3000.91,3464.0,5280.58,1058.0,25.0,99,47,42,1,41,19000,1,1,1.0,1,100284.85,172678.56,3975.0,5350.0,25084.25,29930.0,5.0,1,23923.0,86643.32,37460.0,6,14,410852.0,68267.56,121350.24,40,79,168640.0,Y,8846.29,current,M,47,LOW,13.5,10,503.0,1,8.0
11464,2353,18310.0,2370.45,10039.0,34887.34,4809.0,11195.445,2384.7,12.0,43,4,8,25,3,403000,1,1,1.0,1,39853.9,393201.39,50000.0,0.0,171139.09,170847.8,89.0,36,23183.0,19856.05,72615.5,4,8,50172.95,47125.23,3561.22,3,26,15911.0,Y,34723.41,current,M,66,MEDIUM,46.0,5,855.0,1,8.0
11465,7151,7768.0,32829.0,10755.76,5351.0,7762.0,18233.0,3501.5,2.0,66,50,47,21,8,255000,1,1,1.0,1,2014.8,138732.3,26241.0,3735.0,47795.27,17049.0,46.0,0,50112.0,19819.0,22594.5,1,1,41231.0,31732.0,56718.0,94,63,173268.0,Y,4634.27,current,M,63,MEDIUM,4.3,1,330.0,1,8.0
11466,19820,289597.0,1980.0,1745.4,44879.63,1763.0,18215.8,8023.0,100.0,10,10,2,14,8,366000,1,1,1.0,1,1235.85,68663.61,15654.0,2000.0,46329.37,25963.0,11.0,4,90328.0,19606.88,261878.0,9,25,28147.0,22881.87,51684.0,22,7,40673.0,Y,4540.43,current,M,44,MEDIUM,24.0,5,700.0,1,14.0
11467,11565,19413.0,1707.0,482.0,53525.58,1216.0,4083.0,8393.0,2.0,99,23,23,4,1,523000,1,1,1.0,1,299294.61,222222.0,26241.0,0.0,48948.61,50139.0,35.0,1,25997.0,38910.0,52784.0,4,81,21281.0,46193.52,179613.0,4,76,2390.0,Y,9310.74,current,M,66,HIGH,46.0,4,966.0,0,7.0
11468,11087,128151.0,12162.3,2465.0,3710.0,5759.51,4220.52,2124.19,10.0,36,49,7,2,4,366000,1,1,1.0,1,55620.0,35421.67,8333.0,6916.0,51648.99,17014.91,43.0,7,22305.0,42135.0,90699.0,1,75,18747.0,88789.56,29002.0,12,2,44415.0,Y,4441.49,current,M,30,HIGH,8.0,9,911.0,1,18.0
11469,8637,295508.0,46481.95,4275.53,33822.22,558.01,5981.38,3526.67,4.0,17,112,11,15,2,147000,1,1,1.0,1,71191.8,138475.4,3975.0,5464.0,65935.81,106895.0,46.0,13,19360.0,35057.14,68755.3,1,20,93227.0,725787.06,100839.79,13,9,36403.0,Y,10917.28,current,M,37,MEDIUM,1.7000000000000002,7,454.0,0,8.0
11470,17311,405933.0,3710.08,6917.83,17947.91,3306.0,14573.0,3808.0,4.0,42,2,19,24,56,472000,1,1,1.0,1,13732.93,134890.0,8929.0,2337.0,45030.85,51637.0,6.0,2,139879.0,29805.2,130182.0,1,42,34549.0,190521.75,54352.0,62,12,23836.0,Y,316.09,current,F,35,LOW,10.5,4,945.0,1,19.0
11471,17190,10610.0,19887.0,1372.32,44916.0,2491.44,4285.0,513.75,2.0,5,10,57,5,44,98000,1,1,1.0,1,47.35,100934.0,45000.0,-5715.49022999999,29052.32,68142.0,42.0,3,35525.0,49272.0,7128.0,0,81,50820.0,10710.88,28968.0,6,39,35408.95,Y,7242.44,current,M,33,HIGH,9.1,9,503.0,1,14.0
11472,2254,1200.0,3073.01,780.46,780.0,12715.87,7189.92,5244.0,17.0,85,50,4,17,67,293000,1,1,1.0,1,32951.25,13299.0,155205.0,-4664.0,56737.78,126.86,43.0,4,28783.0,11372.52,153808.0,17,5,26565.0,179545.08,7648.0,47,36,33921.0,Y,2481.04,current,M,60,LOW,8.0,2,254.0,1,4.0
11473,19721,87373.0,11878.0,7503.0,92075.27,9555.6,24611.0,10860.14,44.0,16,9,1,31,98,430000,1,1,1.0,1,9608.3,385218.7,1097.0,-3506.17993,108512.78,95125.5,22.0,1,24907.0,29994.22,74023.81,3,21,152348.0,22254.98,34880.5,3,36,18180.0,Y,15970.31,current,M,32,MEDIUM,8.4,2,863.0,1,3.0
11474,344,8293.0,7970.44,15425.16,32693.56,79601.9,7513.505,5398.0,1.0,26,84,3,2,34,44000,1,1,1.0,1,5004.0,31033.0,492.0,-5715.49022999999,29854.25,55824.5,3.0,35,86079.0,43172.27,33840.61,2,82,11050.0,62438.88,39839.75,1,12,37189.0,Y,4057.32,current,M,28,LOW,3.2,1,430.0,1,5.0
11475,5942,11948.0,19896.0,555.0,14835.09,1975.29,1552.21,308.0,32.0,5,35,30,11,30,80000,1,1,1.0,1,58834.74,470000.0,579.0,10210.0,16334.13,87200.07,23.0,19,22754.0,1441.0,21661.0,3,5,16885.0,53214.86,39018.5,2,11,27531.0,Y,3535.53,current,M,66,MEDIUM,46.0,1,653.0,0,6.0
11476,17074,293363.0,36637.79,505.0,4491.0,1973.0,10640.64,113773.0,4.0,1,87,1,1,54,125000,1,1,1.0,1,720551.4,97000.0,3570.0,977.0,31254.25,66707.0,18.0,31,77582.0,38767.9,45294.0,4,171,22702.0,16794.0,29813.0,49,75,32834.0,Y,5056.54,current,M,33,MEDIUM,10.4,5,536.0,0,7.0
11477,2519,4942.0,3874.94,11555.0,8176.0,7437.0,6474.835,7281.0,2.0,3,1,8,9,2,13000,1,1,1.0,1,34635.25,295150.9,12016.0,5773.0,57960.76,40031.0,20.0,13,17663.0,40238.73,30080.0,2,25,11388.0,38843.34,72611.0,6,18,27047.0,Y,13829.63,current,M,37,MEDIUM,10.200000000000001,10,723.0,0,19.0
11478,6159,8407.0,1613.91,16031.0,1377.04,1775.58,4801.0,1815.0,12.0,56,9,2,4,13,383000,1,1,1.0,1,20747.5,784499.0,527.0,0.0,62159.05,45219.16,42.0,13,23278.0,53275.76,29249.0,1,6,20346.0,119564.03,50269.0,10,11,50282.0,Y,10169.44,current,M,30,MEDIUM,6.0,6,685.0,0,15.0
11479,10747,11685.0,7326.85,6069.0,43247.27,7884.29,15354.3,1955.52,2.0,34,5,1,1,6,290000,1,1,1.0,1,130319.0,165970.9,126001.0,5464.0,26047.43,65642.0,42.0,26,14909.0,45506.37,69271.0,8,40,28204.0,25606.0,37705.0,4,3,27821.0,Y,2380.74,current,M,30,MEDIUM,5.0,2,485.0,0,7.0
11480,307,1730.0,2251.0,1978.0,4989.86,9210.51,9180.0,20133.12,44.0,23,59,7,9,1,402000,1,1,1.0,1,720551.4,399.09,579.0,-7652.0,120940.37,31733.01,103.0,19,18624.0,24158.5,2195.0,6,11,15504.0,132706.0,9600.0,36,1,15924.0,Y,350.35,current,M,29,LOW,6.300000000000001,3,299.0,1,7.0
11481,501,7108.0,1406.84,402.0,3873.0,9404.63,23640.8,1822.0,5.0,18,52,17,6,47,39000,1,1,1.0,1,3252.6,191000.0,27809.0,10455.0,161014.54,42333.44,46.0,1,31094.2,71635.54,45512.0,0,42,13230.0,45015.44,58336.0,12,65,91126.97,Y,12575.63,current,M,47,MEDIUM,18.900000000000002,8,249.0,1,7.0
11482,13177,4322.0,8636.51,8084.0,14899.53,354.0,11930.0,5294.03,2.0,30,102,10,55,56,371000,1,1,1.0,1,39851.93,202560.0,48374.0,6916.0,33304.57,110136.0,55.0,13,26006.0,193694.27,54310.0,43,4,94339.0,7755.93,15084.0,2,80,20082.0,Y,1269.4,current,M,53,LOW,16.5,10,743.0,1,13.0
11483,11780,11135.0,26008.75,11143.04,1599.0,5619.66,6567.0,834.0,6.0,84,87,3,1,34,306000,1,1,1.0,1,825.0,6574.31,130000.0,2921.0,48758.96,650266.0,9.0,4,43404.0,50468.59,6044.5,6,82,1275.0,233871.91,50556.0,14,12,29078.0,Y,58788.88,saving,M,36,MEDIUM,4.800000000000001,9,748.0,1,20.0
11484,12126,18027.0,16000.54,2290.57,7261.36,6763.0,31090.0,908.0,6.0,19,49,22,6,16,293000,1,1,1.0,1,1502126.3,385218.7,13873.0,5730.0,30095.25,2191.88,16.0,4,26252.0,13536.95,84290.0,2,17,16967.0,38332.5,1723.0,21,6,53742.0,Y,1005.98,current,M,53,MEDIUM,33.0,1,799.0,1,14.0
11485,7060,10114.0,8249.27,2078.81,17985.16,1118.0,2673.0,4950.0,17.0,27,47,20,37,47,472000,1,1,1.0,1,15961.9,138017.0,126001.0,12174.0,74009.75,31282.0,79.0,18,23673.0,20741.76,47770.0,2,23,17087.36,40809.0,715.0,9,58,68290.0,Y,2950.65,saving,M,35,MEDIUM,3.0,5,558.0,0,11.0
11486,10102,4918.0,11401.22,229255.0,52798.0,2485.0,2396.2,13343.34,7.0,43,11,54,4,98,313000,1,1,1.0,1,76122.87,76365.24,23500.0,0.0,3863.0,28399.0,42.0,15,148165.0,1730.48,59373.5,1,9,1.88,39713.38,162805.0,9,18,2474.0,Y,809610.48,current,M,27,LOW,5.6000000000000005,9,464.0,1,19.0
11487,3712,222.0,922.0,1756.59,5155.79,9284.0,67476.0,52104.09,92.0,601,1,18,1,91,212500,1,1,1.0,1,1146.0,446457.0,4895.0,14509.0,94781.58,174990.09,35.0,23,27026.77,57127.49,48159.5,4,67,59584.0,99988.0,65861.0,47,32,37234.0,Y,4976.62,current,M,32,LOW,8.4,5,799.0,1,10.0
11488,14624,2372.0,6473.9,14320.02,9010.0,9989.95,3295.0,2326.0,10.0,25,35,24,1,5,87000,1,1,1.0,1,23221.65,82907.34,15756.0,-5439.0,30793.6,23544.0,4.0,36,35814.0,4147.0,12718.5,5,25,30112.0,21903.0,8262.0,49,83,1340.0,Y,8519.52,current,M,37,MEDIUM,5.1000000000000005,2,539.0,0,18.0
11489,16787,5404.0,1062.43,3708.0,270.0,3155.32,10628.6,9346.0,2.0,22,135,1,1,18,138000,1,1,1.0,1,130319.0,861640.54,248000.0,12174.0,68552.96,72412.5,62.0,4,31626.0,5982.6,12098.0,2,108,270456.0,27916.49,32131.0,47,104,26964.78,Y,3198.54,current,F,47,MEDIUM,21.6,4,269.0,1,3.0
11490,6898,5644.0,51787.4,1957.0,11947.0,502.5,2322.56,13780.0,10.0,23,49,1,4,1,298000,1,1,1.0,1,2.13,1475000.0,51520.0,8723.0,34877.15,328.0,2.0,2,35728.0,105635.51,45572.25,6,20,28528.59,70826.94,36116.0,14,52,148650.0,Y,249082.97,current,M,37,MEDIUM,1.7000000000000002,5,503.0,0,14.0
11491,1208,1057.0,8016.12,21104.39,6687.27,3447.0,14016.43,4010.0,1.0,9,135,1,4,4,286000,1,1,1.0,1,116122.65,120000.0,96558.0,-6301.0,22582.4,93353.0,77.0,5,40685.0,54319.19,87657.0,4,44,41272.0,152782.21,15024.0,36,3,41191.0,Y,1178.67,current,M,27,LOW,3.5,8,805.0,1,6.0
11492,10480,7093.0,5961.19,232.6,30335.37,2523.96,14389.02,41199.0,16.0,3,135,2,2,39,369000,1,1,1.0,1,568.8,74599.9,1611.0,6916.0,28822.89,52192.0,77.0,6,49934.0,1862.0,17667.5,43,17,29622.0,53375.53,67102.79,21,58,76284.0,Y,143.83,current,F,28,MEDIUM,3.2,8,713.0,0,16.0
11493,5777,17711.0,788.09,4868.31,10904.59,11070.0,2883.925,1896.0,63.0,65,44,82,6,2,447000,1,1,1.0,1,16317860.0,25404.0,4699.0,0.0,51075.47,17014.91,7.0,13,96641.0,21782.72,17277.0,17,77,155040.0,16023.75,33334.0,12,24,31498.0,Y,13.36,current,M,35,HIGH,15.0,7,464.0,1,11.0
11494,19156,402524.0,6371.36,10189.76,9617.6,3339.25,27067.0,3526.67,6.0,99,50,8,9,3,0,1,1,1.0,1,3638.25,64491.0,2214.0,-6301.0,531.88,82677.0,48.0,29,63212.0,263833.87,74205.0,1,20,58613.83,29413.78,101399.0,2,24,31901.0,Y,1320.12,current,M,38,MEDIUM,1.8,2,374.0,1,6.0
11495,2468,6107.0,17417.01,2800.21,5615.8,564.0,60544.535,2726.0,10.0,30,87,4,44,34,256000,1,1,1.0,1,2014.8,19000.0,28985.0,19765.0,23230.43,50353.0,62.0,6,15506.0,60897.0,98435.0,2,8,8003.0,31167.96,1522749.68,49,24,40013.0,Y,6278.31,saving,M,27,LOW,5.6000000000000005,8,855.0,0,18.0
11496,19026,19887.0,739.0,5071.52,3296.73,3507.92,27643.0,6032.0,12.0,2,3,8,55,1,276000,1,1,1.0,1,526.25,74599.9,183999.0,14509.0,11486.92,13954.0,42.0,2,22817.0,675058.05,75296.0,8,63,33888.0,119097.75,29710.43,7,83,14563.0,Y,1227.98,current,M,29,MEDIUM,8.1,6,883.0,1,5.0
11497,9497,289740.0,6650.24,1493.0,6392.3,11615.93,3361.3,5299.0,16.0,93,47,25,25,47,45000,1,1,1.0,1,124064.65,121927.8,2214.0,8723.0,90364.5,24338.27,16.0,13,148617.0,21199.99,24028.75,5,59,23661.0,50216.84,62104.0,9,38,95883.0,Y,5999.78,current,M,118,MEDIUM,49.0,1,867.0,1,13.0
11498,5121,302162.0,4266.0,5575.0,6853.77,5870.0,25960.0,3326.0,4.0,10,82,2,1,4,192000,1,1,1.0,1,4500.0,12000.0,1135.0,3735.0,40981.18,45363.0,50.0,3,29877.0,24762.52,62135.0,2,108,65245.0,84135.45,43773.0,22,32,27367.0,Y,2361.0,current,M,64,MEDIUM,13.200000000000001,3,855.0,0,17.0
11499,11391,11583.0,22538.79,5977.0,46027.41,5219.0,3199.0,1676.0,1.0,1,27,2,5,64,548000,1,1,1.0,1,165907.57,43200.0,13873.0,12415.0,18638.77,48732.0,42.0,25,23193.0,79841.44,52306.0,43,108,33873.0,33596.02,69543.2,3,12,13401.0,Y,2670.77,current,M,32,MEDIUM,4.800000000000001,7,713.0,1,9.0
11500,3791,99241.0,9216.73,4222.99,34735.0,101.0,2641.85,1155.0,1.0,18,13,44,16,29,16000,1,1,1.0,1,7089.7,41813.0,12000.0,977.0,124996.22,369031.0,69.0,5,101000.0,133659.0,296236.5,3,69,29300.0,142115.61,165543.0,21,73,36783.0,Y,1875.47,current,M,47,MEDIUM,8.1,7,748.0,1,11.0
11501,19311,290897.0,1890.34,923.0,666.52,24278.0,9722.0,6509.0,66.0,2,73,50,4,14,402000,1,1,1.0,1,4400.0,15300.0,12000.0,19765.0,31885.25,14261.0,22.0,36,22541.0,56738.89,7687.0,7,59,3016.0,89134.52,33275.0,4,104,4165.0,Y,33888.25,current,M,44,MEDIUM,7.2,3,887.0,1,20.0
11502,9978,15749.0,3358.0,6748.0,36066.58,9308.01,5125.0,3303.12,4.0,47,1,3,9,56,287000,1,1,1.0,1,42460.6091,337000.0,5591.0,1444.0,22991.92,39190.5,57.0,3,78982.0,13333.0,465379.0,2,30,98988.0,137346.74,3075.0,7,9,24513.0,Y,22219.32,current,M,35,MEDIUM,9.0,6,723.0,0,2.0
11503,15382,2010.0,4979.0,3040.0,16700.82,368.0,100747.0,944.0,28.0,14,59,50,7,4,329000,1,1,1.0,1,225823.8,43021.0,24619.0,2500.0,74282.3,178095.0,20.0,1,25980.0,38217.01,35948.0,2,20,30718.0,48401.38,28476.0,8,18,14890.0,Y,2661.69,current,M,53,HIGH,19.8,8,503.0,1,13.0
11504,6764,1175.0,9459.23,6866.0,4356.49,4634.0,424.06,681.0,4.0,66,49,2,1,1,524000,1,1,1.0,1,1831780.84,376694.91,105000.0,20324.0,10639.29,102545.0,95.0,1,17808.0,33053.13,45004.53,3,29,41590.0,32700.47,18668.5,3,80,30172.0,Y,6990.29,current,M,63,MEDIUM,4.3,10,801.0,0,15.0
11505,5986,129318.0,10799.85,11044.0,8127.79,4481.75,7893.72,3102.0,531.0,36,84,1,16,1,170000,1,1,1.0,1,684495.7,1244.14,183999.0,553.0,128493.3,355532.45,43.0,26,235844.0,69708.19,131619.0,17,20,40692.0,23416.25,28443.0,9,32,720000.0,Y,28111.95,current,M,46,HIGH,20.8,1,867.0,1,5.0
11506,19172,95575.0,12421.865,4120.0,7943.5,11110.93,9411.0,4401.8,26.0,23,16,42,25,2,595000,1,1,1.0,1,2002.36,51000.0,2841.0,1500.0,5474.79,23974.0,69.0,36,14909.0,41690.95,30540.5,43,108,16216.0,13546.0,57171.58,3,80,164.13,Y,9432.9,current,M,35,MEDIUM,3.0,6,233.0,0,5.0
11507,18824,5879.0,15192.55,4245.0,42528.57,10945.09,16308.0,3559.0,56.0,2,18,1,4,47,204000,1,1,1.0,1,960000.0,1752254.0,925.0,2337.0,123360.61,20476.85,3.0,3,242348.0,27169.0,9709.0,2,30,24566.0,121417.84,18542.63,12,63,72228.41,Y,3024.85,current,M,46,LOW,20.8,10,268.0,1,5.0
11508,12692,20201.0,2348.16,5295.04,13178.0,56390.5,20727.65,7458.82,9.0,71,4,4,11,81,136000,1,1,1.0,1,1581000.0,150000.0,230000.0,6885.0,56811.15,44957.0,103.0,1,17484.0,57281.39,30487.05,4,12,22917.0,26998.12,12854.0,11,32,29412.0,Y,5271.01,current,M,50,MEDIUM,18.0,1,723.0,1,8.0
11509,3237,6104.0,16658.31,12202.0,22449.76,10238.5,2014.53,11432.0,6.0,2,29,39,11,1,406000,1,1,1.0,1,881.0,67555.67,73217.0,-6301.0,104823.68,15611.0,46.0,2,34087.0,127.78,57402.59,4,6,20325.0,27056.5,98228.88,117,57,36242.0,Y,3896.44,current,M,33,MEDIUM,13.0,10,708.0,1,3.0
11510,19382,296156.0,10689.7,8762.0,11571.64,8354.33,29968.17,1485.0,63.0,5,29,1,3,56,574000,1,1,1.0,1,21745.0,117890.0,768.0,19765.0,38953.92,17128.0,36.0,1,37545.0,46351.18,118141.5,43,13,6100.89,45567.09,54046.0,2,49,162518.0,Y,17.31,current,M,28,LOW,4.0,7,958.0,1,6.0
11511,2721,174767.0,601.0,6308.0,3168.0,8980.91,9478.68,4337.0,12.0,18,4,5,5,20,232000,1,1,1.0,1,9649.6,29479.0,73217.0,6885.0,43419.11,18858.0,55.0,4,54434.52,31321.4,7130.0,2,20,18390.0,40410.41,151008.37,4,18,1810.0,Y,109931.63,current,M,66,LOW,23.0,9,805.0,0,14.0
11512,15920,16421.0,29335.2,23119.0,3089.88,2166.0,4571.71,4544.0,57.0,1,84,57,14,1,47000,1,1,1.0,1,960000.0,267421.4,16068.0,5730.0,95810.45,91400.83,20.0,36,24900.0,56116.0,17433.5,5,8,21457.0,10048.75,47877.0,13,21,40305.0,Y,12002.8,current,M,56,MEDIUM,32.4,2,904.0,1,5.0
11513,15195,319035.0,4596.0,10719.76,14663.54,2344.0,6374.0,1911.0,2.0,13,10,48,60,3,338000,1,1,1.0,1,115818.74,35000.0,100000.0,6885.0,5323.25,28533.0,8.0,2,168292.0,3122.0,121084.37,20,24,35436.0,1636.87,101995.0,49,63,27043.0,Y,4430.1,saving,M,34,LOW,7.0,8,710.0,1,18.0
11514,1352,14638.0,4797.07,13141.3,1712.29,10309.0,1022.0,13889.0,14.0,26,64,1,26,6,125000,1,1,1.0,1,7455797.87,64491.0,155205.0,1444.0,117864.02,59093.0,18.0,3,68234.0,411083.08,17862.0,43,12,98988.0,801381.75,28792.5,3,42,57610.0,Y,1659.02,current,M,56,MEDIUM,7.2,4,643.0,1,19.0
11515,5013,298610.0,1918.535,103419.65,9799.99,916.0,7988.0,1050.27,4.0,42,67,7,3,8,59000,1,1,1.0,1,720551.4,465000.0,936.0,35346.0,55653.24,5079.0,42.0,11,25365.0,123982.21,24007.0,47,6,108000.0,11338.25,50158.0,44,11,23216.0,Y,36141.77,current,M,32,MEDIUM,6.0,7,575.0,0,15.0
11516,11195,169897.0,11362.61,9997.0,22029.95,5416.4,2436.0,1660.0,16.0,6,35,1,1,9,127500,1,1,1.0,1,1910215.0,5350.0,183999.0,-4679.0,37361.34,33818.0,4.0,14,78056.0,192.64,388.05,9,14,7081.0,202688.12,49567.0,1,14,35241.0,Y,2305.47,current,F,42,LOW,11.0,7,575.0,1,17.0
11517,11071,89573.0,28688.0,2087.0,2391.0,2266.0,3435.02,1881.0,8.0,29,19,1,46,4,19000,1,1,1.0,1,34249.0,157000.0,3000.0,-12179.0,120940.37,116281.0,6.0,1,39844.0,40384.76,127882.0,9,63,96243.0,10212.17,76661.0,4,32,99755.0,Y,4268.48,saving,M,63,LOW,30.1,1,233.0,0,9.0
11518,16963,88183.0,28247.24,3791.28,4064.91,4038.0,30596.55,7048.0,4.0,5,50,18,3,8,306000,1,1,1.0,1,1038501.78,393982.1,33774.0,5773.0,71654.15,134691.0,90.0,27,20303.0,133659.0,102738.0,2,7,20832.0,23423.0,91949.0,4,12,75467.0,Y,7565.15,current,M,60,LOW,12.0,4,620.0,1,15.0
11519,12423,236835.0,29223.2,1800.02,537.53,5157.49,3672.0,1097.0,4.0,23,84,53,2,11,480000,1,1,1.0,1,2008232.55,399.09,678.0,-4664.0,44578.6,155904.0,16.0,35,49050.0,144149.48,76362.0,2,8,74900.0,86741.83,150025.0,94,9,18291.0,Y,10903.02,current,F,53,HIGH,29.700000000000003,1,372.0,1,4.0
11520,1150,166709.0,1764.0,7673.34,10626.92,1926.86,22766.0,5420.08,9.0,27,48,1,36,47,379000,1,1,1.0,1,716556.5,470000.0,12337.0,2337.0,30403.41,20921.0,1.0,1,12115.0,95955.5,51290.0,3,108,28351.0,50111.64,161343.0,6,32,1500.0,Y,2277.64,current,M,35,HIGH,12.0,6,538.0,0,19.0
11521,7450,1547.0,104947.94,424.3,121074.15,1524.6,26590.5,2646.0,4.0,8,1,3,1,42,402000,1,1,1.0,1,5210.85,39833.19,16215.0,3897.0,153894.28,40384.75,62.0,11,22125.0,60720.63,123081.41,42,7,18842.0,5341.3,37989.33,7,12,14957.0,Y,762.31,current,M,51,MEDIUM,24.8,3,506.0,1,15.0
11522,13291,324774.0,17705.33,5602.0,2425.69,5816.0,7399.0,2875.0,1.0,30,13,18,1,2,555000,1,1,1.0,1,76122.87,347.19,130000.0,12415.0,52707.92,28679.0,42.0,7,37118.0,5520.92,38661.0,2,108,100807.0,57992.13,24739.75,12,9,438929.0,Y,33450.0,current,M,46,MEDIUM,13.0,9,658.0,1,6.0
11523,8390,567.0,18123.0,5691.52,13246.93,3607.9,1956.2,5741.0,5.0,43,82,22,18,11,28000,1,1,1.0,1,2014.8,85058.0,48500.0,1332.0,40596.63,75292.0,23.0,36,13761.0,17079.25,25232.0,3,108,19277.0,104309.4,168314.0,94,11,144000.0,Y,3704.56,saving,M,42,LOW,8.8,1,370.0,1,18.0
11524,1140,11963.0,8390.5,4694.0,2501.0,570.66,11340.0,4006.0,12.0,4,19,45,2,11,378000,1,1,1.0,1,5688.0,53749.0,300500.0,167.0,35724.5,44378.0,16.0,1,29647.0,4120.0,68182.0,43,25,25813.0,36829.39,962.82,8,63,81936.44,Y,17964.91,current,M,53,MEDIUM,9.9,7,516.0,1,2.0
11525,11291,16643.0,25893.45,827.0,4206.56,22304.86,2556.0,11821.0,6.0,23,84,3,44,56,650000,1,1,1.0,1,73010.0,110135.86,25000.0,-6885.0,64189.43,54882.0,3.0,29,18019.0,73427.25,55145.0,20,0,26368.0,77234.0,48497.0,62,3,33903.0,Y,29587.56,saving,M,40,LOW,16.0,5,606.0,1,14.0
11526,10228,8275.0,58824.0,3311.0,27050.46,1886.0,2641.85,2976.5,1.0,43,42,48,1,47,371000,1,1,1.0,1,30895.44,17000.0,155205.0,0.0,60809.35,116182.18,20.0,29,38600.0,2919.44,271101.0,12,171,3368.0,500196.0,23768.0,3,49,35053.0,Y,2381.96,current,M,30,MEDIUM,1.0,1,766.0,1,20.0
11527,300,18274.0,13912.99,6069.0,12524.1,12633.0,9152.13,8629.0,57.0,84,84,1,2,1,516000,1,1,1.0,1,48624.7,64491.0,51520.0,6885.0,17757.59,79914.21,67.0,15,32560.0,26537.26,5870.0,47,108,34983.0,302963.32,514886.0,11,1,55970.0,Y,21946.12,saving,M,35,MEDIUM,15.0,4,537.0,1,12.0
11528,11830,4945.0,1655.69,4225.52,27715.87,1646.0,1364.205,1350.0,8.0,43,5,2,2,8,467000,1,1,1.0,1,5809950.0,64215.6,39389.0,6613.0,36108.89,46649.0,36.0,36,24226.0,81585.64,31708.5,43,46,17680.0,7564.5,11716.0,1,10,18439.5,Y,6238.19,current,M,55,MEDIUM,14.0,7,700.0,0,8.0
11529,1880,17728.0,23919.45,2239.4,1232.0,1108.0,6053.0,1216.0,16.0,84,3,48,4,39,338000,1,1,1.0,1,15079.5,3.0,891.0,1992.0,112911.5,3120.0,4.0,31,77830.0,36370.0,1138.0,50,8,88260.0,67511.55,26873.0,4,83,24829.0,Y,64043.88,current,F,37,MEDIUM,10.200000000000001,3,658.0,1,17.0
11530,10087,16407.0,1703.09,2465.0,4082.2,3307.0,2270.55,1022.0,44.0,99,44,1,55,54,423000,1,1,1.0,1,827.31,8000.0,25000.0,2000.0,152005.74,80668.09,23.0,26,59800.0,34020.0,137651.0,2,11,34440.0,65336.4,89787.0,19,58,137454.0,Y,3028.98,current,M,220,MEDIUM,40.0,5,858.0,1,10.0
11531,11850,322378.0,2717.08,835.6,18128.72,2010.0,16940.535,3035.65,2.0,3,19,5,6,80,302000,1,1,1.0,1,5004.0,482147.0,13873.0,418.0,43945.31,9083.0,17.0,25,15224.0,258019.95,100244.38,2,108,22830.0,95759.75,40066.0,21,12,23580.0,Y,2437.5,current,M,32,MEDIUM,3.6,9,799.0,1,7.0
11532,2945,8762.0,18879.96,846.8,57980.0,4319.0,34262.0,4552.0,12.0,7,9,3,62,3,102000,1,1,1.0,1,36368.7,376600.5,500.0,5464.0,68415.76,23167.0,11.0,36,20363.0,27653.0,180274.0,43,9,51998.38,6972.0,45068.0,16,9,11529.0,Y,611.08,saving,M,47,MEDIUM,21.6,3,867.0,1,10.0
11533,15831,10509.0,2428.76,10816.08,9118.67,5725.3,4512.5,2088.0,1.0,17,7,8,12,39,383000,1,1,1.0,1,2.13,537476.4,49000.0,-5998.43994,664028.73,68105.0,4.0,1,74587.0,3978.0,23151.0,19,11,14078.0,21105.93,7744.79,14,13,75980.0,Y,20893.21,current,M,49,LOW,20.3,8,537.0,1,3.0
11534,815,4773.0,13012.0,12701.75,8170.01,947.0,5538.0,4086.52,124.0,10,5,8,37,2,599000,1,1,1.0,1,970271.35,184514.0,4367.0,886.0,15107.0,202329.0,11.0,5,115.44,9030.5,44321.0,2,59,1029.92,67339.89,19690.5,6,54,9910.0,Y,269.03,current,M,67,LOW,28.200000000000003,9,249.0,0,13.0
11535,7969,16400.0,7350.28,944.0,10446.0,2792.3,16785.54,7285.0,1.0,3,82,1,2,17,400000,1,1,1.0,1,7438.11,82907.34,39389.0,6916.0,125369.14,72591.0,4.0,35,21669.0,81653.12,28740.0,2,29,27088.0,2945.0,194853.01,11,24,71892.0,Y,31564.64,current,F,32,MEDIUM,10.8,3,325.0,0,11.0
11536,3645,15011.0,10790.57,1446.0,2212.14,4574.0,9722.0,1969.0,19.0,1,29,22,44,37,520000,1,1,1.0,1,3070.5,93.35,2644.0,5439.0,2126.22,27881.0,42.0,6,54587.0,49093.32,306892.26,3,20,214495.0,31834.75,91055.25,62,21,21360.0,Y,2961.88,current,M,66,MEDIUM,13.8,2,723.0,1,10.0
11537,4781,1340.0,15711.58,10704.0,12410.48,284.0,21524.0,6432.0,24.0,43,29,1,12,1,178000,1,1,1.0,1,497317.93,157624.24,3792.0,6885.0,34481.65,186000.0,55.0,3,198650.0,36471.64,50786.71,2,6,43436.0,42109.17,35140.0,6,75,54533.14,Y,24040.56,current,M,55,MEDIUM,28.0,1,537.0,1,6.0
11538,10074,13663.0,17550.37,21787.0,21834.09,53198.05,3303.0,971.02,67.0,8,64,3,2,1,195000,1,1,1.0,1,54453.8,12971.0,3792.0,-5439.0,64648.34,103330.0,11.0,5,727.43,2172.0,116111.21,2,1,8470.0,208689.5,112213.0,4,7,48727.0,Y,2742.86,current,M,53,MEDIUM,9.9,6,233.0,1,7.0
11539,2444,3915.0,19779.555,2703.0,9132.37,666.0,49837.03,7220.0,6.0,26,4,2,3,1,256000,1,1,1.0,1,472.0,1038364.76,130000.0,-6885.0,63811.6,30065.0,11.0,30,35506.0,39089.0,35239.0,10,20,52700.0,22476.45,77747.0,19,63,20695.0,Y,838.31,current,M,53,MEDIUM,26.400000000000002,4,958.0,0,12.0
11540,18624,12170.0,6077.68,1944.0,537.53,44371.4,4727.28,3963.0,8.0,4,4,2,25,37,304000,1,1,1.0,1,140262.4,120000.0,48374.0,3897.0,36328.79,31833.2,32.0,35,23552.0,36572.5,117751.0,1,63,37019.0,87596.79,18021.0,2,12,32151.0,Y,3668.3,current,M,58,LOW,15.200000000000001,10,123.0,1,7.0
11541,8033,9416.0,14566.75,3795.0,2238.0,3476.14,3712.0,1065.0,4.0,17,82,1,4,13,579000,1,1,1.0,1,192215.0,18300.0,130000.0,1500.0,226812.08,23728.0,90.0,4,192836.0,101525.94,35553.0,0,81,22547.0,22853.22,29651.51,2,58,56483.0,Y,461.06,current,M,60,MEDIUM,40.0,7,748.0,1,14.0
11542,18796,13911.0,10790.57,3262.0,1671.0,18445.29,10410.13,16846.0,3.0,5,46,44,55,2,524000,1,1,1.0,1,192428.25,110135.86,825.0,2921.0,54428.43,148889.0,43.0,2,36509.0,28927.3,19048.0,2,14,29218.0,52458.46,50327.0,5,42,52979.0,Y,1618.99,current,M,55,MEDIUM,14.0,9,448.0,1,3.0
11543,11046,15569.0,2498.3,883.8,2597.5,399.24,44141.32,11275.0,19.0,84,49,42,1,47,173000,1,1,1.0,1,1263221.7,11772.76,5797.0,3897.0,8581.38,31282.0,77.0,7,40036.0,80517.39,34241.0,43,20,41634.0,4137.0,198910.0,8,104,65169.0,Y,11391.81,saving,M,58,MEDIUM,26.6,6,643.0,1,4.0
11544,11913,1008.0,15287.98,5677.0,3321.37,1075.92,7408.0,1929.0,32.0,56,60,45,3,10,477000,1,1,1.0,1,73010.0,2400000.0,48374.0,1500.0,30105.25,57916.8,18.0,4,10969.0,30309.23,95771.0,4,171,50100.0,27783.02,33554.41,6,14,108060.0,Y,6208.01,saving,M,51,LOW,12.4,4,613.0,1,12.0
11545,11293,4829.0,46508.0,13289.76,9022.0,5079.0,13032.0,2189.0,8.0,85,59,30,2,6,272000,1,1,1.0,1,34635.25,71256.0,30000.0,0.0,37846.25,54875.0,89.0,7,19871.0,36406.48,15660.0,3,63,551.0,102179.56,308.0,6,52,276.0,Y,11210.95,current,M,35,LOW,3.0,2,536.0,1,14.0
11546,563,394191.0,4453.28,1266.0,43512.5,13312.0,5987.06,3535.0,10.0,32,87,1,4,39,272000,1,1,1.0,1,5809950.0,223379.4,12016.0,6916.0,115957.73,25467.0,63.0,5,18145.0,14646.35,15272.0,0,24,103000.0,89847.25,17616.0,62,113,22521.0,Y,15454.55,saving,M,46,MEDIUM,15.600000000000001,4,867.0,1,19.0
11547,2568,231670.0,5307.0,178.0,15746.06,910.0,39701.805,8007.0,3.0,71,74,3,60,5,147000,1,1,1.0,1,4230125.0,57345.0,20000.0,-4679.0,25353.92,111604.91,11.0,19,26465.0,18776.0,64402.36,5,69,40984.0,54150.33,131671.26,6,76,54351.0,Y,5661.83,current,M,32,MEDIUM,4.800000000000001,5,737.0,1,4.0
11548,13892,7194.0,47167.92,87.0,6430.0,14410.0,39806.0,1821.0,12.0,22,1,1,6,5,411000,1,1,1.0,1,3938.25,30453.0,126001.0,-5439.0,4381.2,114551.0,5.0,7,27640.0,49747.84,86285.0,20,7,15803.0,33449.5,259360.3,58,21,55189.67,Y,11634.97,saving,M,47,HIGH,13.5,5,799.0,1,2.0
11549,19074,7193.0,3270.77,95.0,15114.44,4498.0,5343.0,29164.0,1.0,2,50,6,2,79,784000,1,1,1.0,1,58928.67,23651.4,15477.0,0.0,12046.25,26811.0,36.0,36,40735.0,18412.0,84686.0,9,8,35550.0,73694.21,15705.0,6,106,40940.0,Y,40.28,saving,M,37,LOW,13.600000000000001,4,346.0,1,14.0
11550,18647,6264.0,12231.61,5751.23,1190.0,290.0,6237.045,411.0,7.0,84,72,60,62,2,255000,1,1,1.0,1,977377.25,64091.0,6000.0,173.0,19483.78,12970.0,20.0,3,132160.0,67374.6,19739.38,5,108,69934.0,25125.44,25828.75,3,79,15666.0,Y,2421.87,saving,M,37,MEDIUM,15.3,2,536.0,1,20.0
11551,4928,19754.0,10210.3,2057.0,8335.7,4086.62,6833.975,1205.0,6.0,8,89,8,28,13,448000,1,1,1.0,1,3247.5,470000.0,2158.0,-4679.0,1599.25,550061.0,11.0,2,37646.0,48197.11,184529.0,70,14,67691.0,68074.4,33441.0,2,18,64354.0,Y,11342.82,saving,M,37,LOW,6.800000000000001,1,921.0,1,10.0
11552,9263,6087.0,2880.39,7009.0,3748.0,3692.0,2973.75,4463.41,57.0,26,84,2,1,80,556000,1,1,1.0,1,15079.5,50000.0,1727.0,7478.0,50853.99,45012.0,4.0,13,158645.0,5012.69,55626.0,11,20,16306.0,590092.14,16324.0,21,18,27894.0,Y,238.81,current,F,58,MEDIUM,15.200000000000001,3,539.0,1,4.0
11553,10647,17028.0,16078.2,6972.0,3756.0,6808.99,1826.64,3765.8,5.0,30,29,7,1,30,173000,1,1,1.0,1,2008232.55,200926.0,68000.0,-6281.37987999999,168897.8,144278.0,11.0,3,34237.0,40907.66,5280.0,7,8,25972.0,5875.0,28984.0,4,73,45935.0,Y,8932.72,current,M,223,LOW,20.3,7,713.0,0,12.0
11554,16586,13664.0,2834.94,6407.0,31565.5,4833.6,1903.185,7762.6,52.0,10,87,8,3,34,1000000,1,1,1.0,1,39851.93,105000.0,50000.0,1931.0,79841.28,223963.0,5.0,13,19110.0,36305.88,131862.0,1,18,40147.32,40444.33,38101.0,93,80,24917.0,Y,132.47,current,M,55,MEDIUM,35.0,3,363.0,0,2.0
11555,3548,6003.0,22988.0,25074.55,1221.12,10154.0,40986.0,1538.0,3.0,10,67,1,2,12,256000,1,1,1.0,1,34635.25,138017.0,23500.0,-12179.0,47625.84,40224.0,32.0,19,15639.0,27298.07,79430.25,2,105,19610.0,42239.4,2506172.0,6,22,1275.0,Y,1313.07,current,M,40,LOW,14.0,6,924.0,1,19.0
11556,17504,8780.0,13078.99,3497.0,3947.58,79802.0,45417.47,329.0,7.0,19,6,53,2,3,268000,1,1,1.0,1,36122.87,785115.94,936.0,-6335.0,23955.66,48397.0,4.0,7,86631.0,64353.87,21461.0,11,59,31385.0,15905.55,81782.8,6,57,46416.0,Y,2741.87,saving,M,53,LOW,16.5,6,259.0,1,16.0
11557,16337,15982.0,5475.1,8798.39,81840.16,4481.75,20655.44,132120.0,10.0,85,38,18,36,31,255000,1,1,1.0,1,77855.0,2300000.0,925.0,1411.0,52403.52,126060.0,41.0,4,35953.0,92215.44,159698.0,0,21,13766.0,31399.74,1384.84,14,12,46200.0,Y,27068.39,saving,M,35,MEDIUM,13.5,4,743.0,1,4.0
11558,9740,3123.0,7277.08,1156.7,34471.0,64496.5,4245.3,2075.52,57.0,9,72,25,1,8,784000,1,1,1.0,1,825.0,26884.0,11580.0,1411.0,39949.94,49720.0,18.0,5,19915.0,22068.48,43079.36,7,17,20949.0,21778.95,52773.17,2,18,10881.0,Y,614.53,saving,M,40,HIGH,8.0,9,883.0,1,17.0
11559,971,11565.0,7813.0,8266.0,25625.02,3730.5,22342.8,167.0,16.0,77,14,44,2,68,375000,1,1,1.0,1,167.5,82907.34,183999.0,10210.0,45093.76,27461.99,36.0,4,200000.0,20248.4,33249.0,1,69,22587.0,167.6,40416.0,18,24,944.0,Y,3798.9,current,M,33,LOW,13.0,6,614.0,1,18.0
11560,18188,15593.0,7003.1,1401.35,20601.0,2186.14,3782.79,1109.58,7.0,50,23,7,6,11,522000,1,1,1.0,1,8370.8,760470.3,300500.0,6885.0,51150.0,200154.0,32.0,6,22680.0,16435.36,54182.0,9,27,23224.0,2964.18,11477.0,3,18,26817.0,Y,39716.63,current,M,31,MEDIUM,5.5,8,653.0,1,3.0
11561,19027,39098.0,26986.5,2820.87,3098.42,65.0,1340.2,2912.0,26.0,13,10,8,55,2,155000,1,1,1.0,1,249060.0,18300.0,48374.0,-3625.0,39069.91,36204.0,55.0,7,51846.0,18045.0,754747.0,5,4,30545.0,12884.63,360718.87,2,0,35324.0,Y,9636.27,current,M,35,LOW,15.0,5,537.0,1,6.0
11562,14827,12836.0,75659.69,1818.0,16343.73,12289.0,25951.0,27224.5,44.0,7,4,30,2,6,170000,1,1,1.0,1,39851.93,12971.0,126001.0,553.0,64006.07,40158.0,42.0,3,39422.0,11109.64,781239.0,70,13,33500.0,62191.64,64097.0,9,83,388145.0,Y,1161.6,current,M,42,MEDIUM,8.8,5,574.0,1,20.0
11563,17468,1484.0,12426.91,139.86,3869.87,2156.0,2673.0,11893.0,5.0,71,112,3,55,12,369000,1,1,1.0,1,20177.4,38173.0,2214.0,6885.0,26450.09,26752.0,11.0,1,13745.0,38815.39,293.36,2,20,14344.0,59563.26,40222.0,43,21,52674.0,Y,1923.16,current,M,66,MEDIUM,46.0,4,713.0,1,14.0
11564,11654,1864.0,5215.11,3602.82,4572.34,3929.5,9397.25,3525.0,100.0,7,44,5,55,79,378000,1,1,1.0,1,46962.5,42723.0,33774.0,-6885.0,35932.2,170629.0,103.0,1,24888.0,4118.0,163745.84,3,63,31581.0,60015.24,108305.88,8,39,75326.0,Y,2145.0,current,M,28,HIGH,4.800000000000001,2,889.0,1,4.0
11565,15100,15884.0,18759.0,7664.15,13284.88,436.0,18554.71,9313.05,4.0,81,1,11,38,1,371000,1,1,1.0,1,690.0,191000.0,12016.0,977.0,117841.75,239376.76,69.0,5,20614.0,31269.51,36107.04,47,8,52664.0,169418.93,35817.02,7,32,65092.0,Y,193466.5,saving,M,66,MEDIUM,4.6000000000000005,4,485.0,1,17.0
11566,7783,98778.0,36794.84,408.0,21287.42,1286.0,4382.0,1255.52,136.0,11,4,5,6,81,429000,1,1,1.0,1,213557.15,53749.0,891.0,3897.0,13665.0,99647.5,43.0,1,293262.0,79172.75,44671.0,47,81,18875.0,65198.88,589586.0,47,133,19119.4,Y,3395.94,current,M,34,MEDIUM,8.4,3,799.0,0,3.0
11567,5497,120261.0,9078.34,18242.72,10256.5,11835.0,4615.97,1432.0,14.0,83,16,2,12,67,402000,1,1,1.0,1,5383.25,280000.0,508.0,12174.0,64355.49,31282.0,0.0,13,15928.0,22891.0,2785.0,2,36,23708.0,73016.0,229437.75,4,11,20235.0,Y,12002.8,saving,M,51,MEDIUM,3.1,5,535.0,1,2.0
11568,13534,13223.0,47131.2,6243.02,32760.13,35847.0,5334.42,8363.88,6.0,601,59,3,2,2,304000,1,1,1.0,1,22086.05,64091.0,12016.0,6916.0,30275.53,409.0,89.0,3,52600.0,18317.6,65018.0,2,108,2168.0,428617.88,108129.0,40,32,64190.0,Y,1819.85,current,M,62,MEDIUM,12.600000000000001,9,966.0,1,19.0
11569,10830,7809.0,22444.0,12254.86,14220.0,16999.17,3681.0,2853.02,57.0,8,4,82,1,47,20000,1,1,1.0,1,12.35,32000.0,19081.0,-5439.0,8745.68,10238.0,103.0,28,28595.0,38495.77,250344.36,8,59,87393.63,534850.74,130715.0,2,32,21622.0,Y,5243.43,current,M,50,LOW,3.0,7,950.0,1,20.0
11570,6627,7888.0,58205.0,13454.86,8722.36,1837.52,1792.17,1410.0,531.0,84,38,1,44,47,74100,1,1,1.0,1,47450.2,119898.8,49000.0,5340.0,48017.39,10231.0,62.0,23,22604.0,103740.35,250284.86,6,108,32810.0,6746.55,65060.0,47,11,36576.0,Y,249082.97,saving,M,30,MEDIUM,6.0,4,748.0,1,13.0
11571,12122,9243.0,2326.0,13515.0,13689.82,6658.0,3784.69,236.0,100.0,3,59,2,18,8,16000,1,1,1.0,1,9646.5,120000.0,643.0,5350.0,35535.0,40677.0,42.0,2,31354.0,128909.0,38536.0,5,8,24357.0,25033.6,19675.0,5,7,169712.95,Y,19282.63,current,M,49,MEDIUM,29.0,8,969.0,0,4.0
11572,2384,175680.0,16488.88,457.0,199379.84,17378.0,28407.995,8831.0,1.0,8,44,2,15,77,26000,1,1,1.0,1,1035.0,235.17,4000.0,7478.0,109656.06,94656.0,87.0,1,13128.0,79190.27,98202.0,2,28,263400.0,38028.41,68287.0,5,12,38499.0,Y,76.61,current,M,60,LOW,8.0,7,626.0,1,18.0
11573,2940,3845.0,5888.17,11814.16,1579.0,882.91,2860.295,1361.0,101.0,23,6,21,44,1,47000,1,1,1.0,1,13180.0,66.0,12000.0,2819.0,34903.5,60944.0,147.0,3,32628.0,76986.25,7659.0,2,2,11832.0,161751.41,33591.0,43,50,3386.0,Y,544.31,current,M,30,MEDIUM,4.0,8,366.0,1,13.0
11574,18413,16635.0,1649.0,4227.0,2781.99,3257.22,9145.97,24190.82,44.0,84,82,44,14,2,329000,1,1,1.0,1,4614669.901,3651922.3,16114.0,0.0,44632.82,23756.0,11.0,4,95545.0,15381.0,174704.0,6,81,23014.0,26897.97,175935.05,9,32,3177897.0,Y,12190.43,current,M,120,MEDIUM,40.0,1,708.0,1,3.0
11575,18056,331768.0,5129.75,9597.37,1118.28,4426.95,29989.22,1677.0,19.0,71,49,8,3,58,104000,1,1,1.0,1,9462.2,25404.0,1515.0,6885.0,67027.0,118256.0,4.0,9,31181.0,20624.64,114418.0,70,12,3016.0,56349.56,52431.5,13,12,24768.0,Y,37032.91,current,M,35,MEDIUM,9.0,3,867.0,1,11.0
11576,15727,8922.0,1717.5,349.0,36244.17,1354.0,5215.0,2165.0,19.0,30,5,25,9,41,375000,1,1,1.0,1,86865.0,108168.0,183999.0,35346.0,33806.0,20421.0,11.0,36,36860.0,13333.0,6023.35,9,81,2382.0,38918.5,39762.0,3,3,21960.0,Y,2793.56,current,M,34,MEDIUM,9.8,3,802.0,1,15.0
11577,100,12875.0,64476.2,4969.04,31780.68,6977.09,8616.0,7010.0,9.0,10,74,1,1,47,270000,1,1,1.0,1,12869465.0,105000.0,24251.0,5340.0,34193.0,78970.0,5.0,1,12961.0,22187.0,2743.0,1,86,4501.0,63238.95,124415.0,40,75,11083.0,Y,2292.61,current,M,33,MEDIUM,7.800000000000001,2,865.0,1,5.0
11578,14387,345182.0,30246.0,20390.17,9004.25,808.0,6060.4,7220.0,19.0,10,50,1,36,75,525000,1,1,1.0,1,5809950.0,43.0,1727.0,6916.0,23722.6,1334.0,50.0,2,50106.0,23161.06,146517.0,9,20,18372.0,62794.5,87853.0,3,106,28825.0,Y,18261.92,current,M,50,MEDIUM,6.0,4,488.0,0,15.0
11579,7695,8670.0,47131.2,10790.75,6954.0,6279.0,4247.5,928.34,57.0,16,27,8,2,11,139999,1,1,1.0,1,1674.4,48087.25,50000.0,-4664.0,30047.74,2168.06,69.0,1,22580.0,39003.42,20408.0,4,81,29043.06,684748.16,31247.0,4,75,17082.0,Y,22621.56,current,M,66,MEDIUM,27.6,5,536.0,1,17.0
11580,7155,6682.0,1041.0,2341.0,21287.66,1661.0,4583.0,12057.18,1.0,10,72,3,71,8,378000,1,1,1.0,1,4614669.901,470000.0,50000.0,12299.0,19573.32,12493.0,35.0,36,31403.0,14012.0,23951.0,43,82,74900.0,160165.94,67161.0,5,58,77220.0,Y,2954.17,current,M,46,LOW,18.2,8,247.0,1,16.0
11581,9568,170095.0,10782.0,4685.0,10961.33,4642.0,7401.48,511.0,1.0,99,19,52,27,79,177000,1,1,1.0,1,443.36,674291.83,100000.0,977.0,46267.46,108826.38,11.0,9,17175.0,13552.63,11475.0,23,8,344356.0,79732.01,24256.0,4,113,48538.0,Y,594.05,current,F,35,MEDIUM,4.5,8,243.0,1,10.0
11582,13364,6334.0,7476.0,2136.0,34703.12,3936.0,33423.9,26595.0,1.0,2,135,21,1,36,556000,1,1,1.0,1,68640.0,10947.0,508.0,6441.0,58948.0,61585.0,90.0,2,25278.0,4108.0,12250.0,4,12,17061.0,92832.34,50961.0,4,6,15580.0,Y,0.0,current,M,32,HIGH,1.2000000000000002,3,354.0,1,15.0
11583,3234,4373.0,20352.85,7303.0,6854.01,1548.34,3996.0,5721.0,12.0,29,18,21,7,86,150000,1,1,1.0,1,21511.8,97523.61,925.0,-5439.0,41330.73,56428.0,39.0,5,31695.0,36220.96,271189.0,6,28,200500.0,244752.15,194857.0,6,54,74146.0,Y,781.77,current,F,47,HIGH,2.7,2,505.0,1,14.0
11584,10978,391347.0,2008.0,3867.0,1783.0,6284.0,9377.5,1129.52,19.0,99,74,1,2,1,375000,1,1,1.0,1,39853.9,35000.0,16068.0,1411.0,18076.77,72222.0,18.0,17,51801.0,116074.75,79005.0,2,20,108816.0,144686.93,25981.0,14,65,37550.0,Y,5804.29,current,M,47,LOW,2.7,4,245.0,0,7.0
11585,1949,3858.0,8300.5,8190.92,4732.99,3023.0,452.0,3587.0,6.0,66,4,12,44,3,47000,1,1,1.0,1,265809.85,376694.91,565.0,-6885.0,25353.92,43271.02,52.0,6,33019.0,139869.88,1614.0,11,20,21095.0,55435.5,9839.72,8,12,20100.0,Y,237.04,saving,M,33,MEDIUM,5.2,8,653.0,0,19.0
11586,5892,19277.0,31375.23,7047.0,5471.61,293.0,12929.0,6829.18,8.0,2,112,26,7,6,255000,1,1,1.0,1,105453.65,35000.0,36114.0,4314.0,55921.18,723589.0,16.0,35,2475.0,727095.31,36852.0,6,8,11541.0,31248.17,109650.0,7,8,73713.0,Y,24487.48,current,M,53,MEDIUM,6.6000000000000005,6,805.0,1,11.0
11587,19825,869.0,3074.0,6518.46,37057.53,3464.0,7243.0,17889.0,26.0,10,46,60,2,79,338000,1,1,1.0,1,22086.05,33700.0,4699.0,3983.0,7248.25,16551.0,11.0,1,12029154.0,22184.5,3165.0,45,5,13278.0,44440.72,1026939.5,3,68,45062.0,Y,6744.25,current,M,37,LOW,11.9,10,523.0,1,18.0
11588,11153,205576.0,1357.44,12764.0,10296.09,8616.0,22245.0,1627.41,4.0,66,1,17,16,47,114000,1,1,1.0,1,116771.25,992890.32,20887.0,1411.0,25854.42,23294.0,4.0,5,59413.0,16484.26,42769.25,1,81,28036.0,131776.95,56022.0,5,12,84866.0,Y,1364.09,current,M,221,LOW,160.8,10,626.0,1,17.0
11589,19433,8600.0,10662.32,5962.0,7867.95,2376.6,2287.47,1425.37,2.0,34,50,7,27,64,170000,1,1,1.0,1,196885.0,15000.0,50000.0,-4679.0,17736.25,37427.0,39.0,7,33958.0,24935.19,13459.0,70,42,16452.0,45618.39,70697.29,2,12,75798.0,Y,4654.22,current,M,29,LOW,1.8,4,966.0,1,14.0
11590,8454,17260.0,47845.75,2030.52,962.0,3598.0,335.0,14810.14,136.0,18,3,3,2,34,524000,1,1,1.0,1,10006.2,180000.0,12016.0,1089.0,31577.0,66352.0,70.0,7,6198.0,53325.63,16370.0,70,82,27167.0,39586.75,8114.0,8,37,27640.0,Y,1529.31,current,M,27,MEDIUM,4.9,1,424.0,1,8.0
11591,15574,14134.0,11945.2,556.02,20276.75,4728.0,152.0,9034.01,56.0,9,29,1,9,30,222000,1,1,1.0,1,116122.65,455873.9,711.0,1079.0,32448.27,30851.0,63.0,35,22153.0,8544.0,22229.0,2,46,77764.0,37110.38,76268.88,12,14,138440.0,Y,123.06,current,M,28,MEDIUM,0.8,7,485.0,1,4.0
11592,11321,16607.0,15509.0,3877.0,1333.0,5407.0,90290.0,1533.0,4.0,10,72,5,9,1,98000,1,1,1.0,1,1349.1,234459.4,2214.0,5773.0,60244.17,241057.0,4.0,1,117748.0,5300.0,130695.0,17,50,23708.0,152825.19,238192.0,9,12,41952.0,Y,7269.19,current,M,37,MEDIUM,8.5,9,523.0,0,18.0
11593,6758,12757.0,19589.65,11958.61,49359.04,77831.56,431.92,14101.71,67.0,3,52,21,3,4,75000,1,1,1.0,1,6014.12,165916.18,78309.0,1444.0,60547.88,99880.0,10.0,31,21730.0,120271.2,33620.0,0,104,310000.0,25373.16,40630.0,14,15,16762.0,Y,6186.48,current,M,35,MEDIUM,12.0,2,268.0,1,20.0
11594,7133,5623.0,1734.59,10852.0,23211.54,6838.5,3850.32,875.0,56.0,10,64,1,5,2,525000,1,1,1.0,1,384550.05,51000.0,1097.0,0.0,49356.68,30176.4,4.0,3,39422.0,94167.38,15384.0,3,8,27397.0,50552.0,6673.5,8,10,37330.0,Y,898.29,current,M,32,HIGH,8.4,8,558.0,1,13.0
11595,723,163531.0,2729.62,4882.5,5440.0,317.78,20139.0,27724.06,2.0,84,3,7,3,41,49999,1,1,1.0,1,291969.2,30453.0,1633.0,-5439.0,8879.0,58072.0,11.0,13,34567.0,44033.09,279523.72,7,42,28154.0,40347.0,22266.0,7,80,54365.0,Y,7129.67,saving,M,27,LOW,3.5,3,883.0,1,16.0
11596,12494,13211.0,12310.9,7009.0,6870.49,10321.0,52807.37,7597.0,60.0,26,16,3,15,1,138000,1,1,1.0,1,13730.0,16000.0,4000.0,2921.0,29091.0,113546.0,20.0,4,130832.0,42265.47,262783.0,7,82,23569.0,8681.97,75030.0,40,27,50759.0,Y,61649.29,current,M,30,MEDIUM,9.0,6,446.0,0,14.0
11597,1364,304678.0,18718.94,588.01,13520.0,1827.12,4512.0,1176.0,7.0,10,35,4,2,25,84000,1,1,1.0,1,47450.2,1034285.63,655.0,5464.0,29416.84,78970.0,89.0,1,42370.84,67826.56,27512.0,31,36,21293.78,161735.98,59055.0,94,13,62396.0,Y,695.48,current,M,29,MEDIUM,5.4,5,866.0,1,16.0
11598,7104,7740.0,4682.81,1822.24,3031.89,5906.6,1472.0,806.0,29.0,71,72,7,17,77,352000,1,1,1.0,1,2173459.0,46500.0,908.0,7984.0,98935.18,169871.0,46.0,9,102.0,39182.88,39573.0,50,7,16610.0,49959.89,25205.0,9,32,58720.0,Y,5248.63,current,M,33,MEDIUM,11.700000000000001,3,269.0,1,16.0
11599,19605,12314.0,24840.5,11056.0,119507.51,4118.0,2712.63,795.0,100.0,34,10,20,3,1,481000,1,1,1.0,1,34249.0,88482.8,23500.0,0.0,34944.0,183372.85,103.0,36,58727.0,79971.0,4148625.0,43,87,39401.0,58713.98,54171.0,12,67,19869.0,Y,4027.68,current,M,58,MEDIUM,38.0,7,594.0,0,2.0
11600,5972,1755.0,44220.87,12801.29,2000.3,5282.0,15905.01,22414.0,80.0,26,7,4,26,56,20000,1,1,1.0,1,48624.7,50034.93,25639.0,1444.0,13904.0,20179.0,52.0,3,23597.0,52081.86,42667.0,31,44,10613.0,47043.89,71249.0,7,43,26933.0,Y,102216.02,saving,M,46,MEDIUM,18.2,1,267.0,1,14.0
11601,1243,86344.0,38698.85,23616.15,2577.0,1257.0,4103.52,2404.82,4.0,37,16,48,3,80,193730,1,1,1.0,1,48624.7,74599.9,68000.0,2921.0,38595.05,356359.13,77.0,33,13548.0,37588.1,167907.36,7,42,27652.0,93915.96,142976.0,21,12,141318.0,Y,16545.28,current,M,37,LOW,10.200000000000001,7,750.0,1,6.0
11602,15526,126980.0,26668.9,14320.02,2628.0,5507.0,2752.0,2708.0,531.0,3,135,1,2,47,13000,1,1,1.0,1,19265.4,7576.0,731.0,-4679.0,28691.15,45739.0,6.0,1,21100.0,44753.5,104709.0,1,84,4750.0,44732.79,68851.2,7,113,60799.0,Y,675.38,current,M,47,MEDIUM,24.3,1,269.0,0,9.0
11603,11207,16859.0,14035.36,2484.83,18032.33,7391.12,2547.05,1425.37,10.0,99,4,1,3,14,49999,1,1,1.0,1,55700.0,12000.0,583.0,12415.0,33663.75,14226.0,5.0,3,6694.0,18493.0,19721.0,2,108,54405.0,77877.39,66584.0,3,83,17116.0,Y,170978.53,saving,M,36,MEDIUM,4.800000000000001,10,968.0,1,2.0
11604,19672,9417.0,5447.6,10994.14,8058.86,7426.48,15383.135,1922.0,531.0,10,87,3,38,1,290000,1,1,1.0,1,170590.75,217074.0,96558.0,553.0,22685.61,45837.0,35.0,6,19107.0,77243.5,25225.0,2,82,59319.0,78180.08,179613.0,21,21,20908.0,Y,18261.92,current,M,53,MEDIUM,26.400000000000002,4,658.0,0,17.0
11605,8329,19763.0,26289.93,13276.0,28604.09,6714.0,2862.0,7987.0,67.0,93,1,48,2,4,330000,1,1,1.0,1,4120.0,210651.4,50000.0,6916.0,25274.38,59826.1,11.0,15,67144.0,14059.41,453936.28,5,171,16600.0,25455.75,39502.38,41,12,49479.0,Y,18777.76,saving,F,222,MEDIUM,80.80000000000001,4,123.0,1,19.0
11606,16861,19903.0,33086.4,10544.0,31944.6,3443.0,16527.0,1655.0,136.0,14,10,18,38,12,100000,1,1,1.0,1,41.4,289469.58,583.0,977.0,99200.71,33423.0,91.0,1,45553.0,36865.75,45461.0,5,75,43073.0,97927.7,37226.0,7,106,20160.0,Y,907.03,current,M,44,LOW,2.4000000000000004,2,505.0,1,18.0
11607,19520,5473.0,21273.76,5529.96,2169.5,1160.06,2425.53,1110.05,50.0,84,82,24,1,1,467000,1,1,1.0,1,116.0,172131.0,25849.0,8572.0,102114.98,61166.0,36.0,26,21924.0,37035.15,21016.0,5,86,42641.8,116209.25,47126.5,21,12,201.0,Y,2670.77,current,M,66,MEDIUM,41.400000000000006,6,684.0,1,6.0
11608,6003,9078.0,46887.03,12538.0,27733.5,11744.48,3119.0,34860.0,29.0,93,112,2,55,62,84000,1,1,1.0,1,1665.0,42000.0,6146.0,2008.0,19311.07,56225.39,10.0,19,22105.0,4046.0,30220.0,0,14,26067.0,51993.28,28954.0,14,103,35053.0,Y,15124.42,current,F,35,LOW,15.0,9,626.0,0,18.0
11609,16196,119777.0,923.0,8481.5,57562.7,465.86,78539.06,515.0,7.0,13,23,1,9,11,252000,1,1,1.0,1,270.0,138732.3,4699.0,-6885.0,65896.84,91065.0,5.0,1,23090.0,49815.83,26297.12,11,9,17971.0,76650.94,139396.0,21,68,18298.0,Y,4587.38,current,M,42,MEDIUM,13.200000000000001,2,516.0,1,16.0
11610,5800,24872.0,9191.0,1807.0,16465.7,9410.15,16912.15,22520.0,531.0,10,13,47,4,1,290000,1,1,1.0,1,272677.25,95081.0,492.0,1931.0,81568.39,109619.56,70.0,1,176879.0,28487.0,25649.0,1,9,79009.0,201911.54,152696.0,6,18,19694.0,Y,4085.63,saving,M,38,MEDIUM,10.8,10,394.0,1,8.0
11611,16210,8631.0,12059.4,2270.01,18599.0,3311.14,3989.97,3493.0,136.0,5,85,21,5,47,49000,1,1,1.0,1,327324.9,96096.0,12000.0,-4679.0,37517.88,35314.0,15.0,3,21150.0,24919.86,56807.0,7,63,107835.0,14912.08,21786.0,5,79,21636.0,Y,27583.22,current,M,56,LOW,10.8,1,801.0,1,5.0
11612,17908,17290.0,75358.0,7039.0,7712.44,232.88,5119.0,8641.0,8.0,39,64,26,25,13,287000,1,1,1.0,1,6.164,3.0,500718.0,6260.0,45160.0,873608.92,4.0,4,22178.0,42277.99,140253.0,4,30,4816.0,21167.38,314383.0,39,11,18708.0,Y,13343.33,current,M,37,MEDIUM,11.9,4,631.0,1,16.0
11613,3936,12265.0,9265.98,5849.0,2817.0,5248.0,16161.055,5269.47,531.0,83,6,35,3,47,340000,1,1,1.0,1,385.0,60040.0,3975.0,3735.0,47587.0,15936.0,36.0,5,67000.0,4512.88,153054.0,45,18,270456.0,31103.73,51671.5,9,83,18298.0,Y,7607.69,current,M,39,MEDIUM,11.4,2,245.0,1,4.0
11614,489,15002.0,29272.03,875.0,1187.0,2223.6,14325.34,1030.0,6.0,37,71,7,1,34,19000,1,1,1.0,1,5809950.0,15300.0,15000.0,5773.0,168765.17,15669.0,52.0,3,41566.0,262616.18,47842.24,0,82,24301.0,49764.11,109429.75,28,6,24134.0,Y,31370.76,current,M,36,MEDIUM,1.6,7,366.0,1,16.0
11615,8349,3486.0,2591.0,183.0,6004.96,3112.37,3185.0,32970.42,6.0,10,4,24,55,16,17000,1,1,1.0,1,15250.79,1084598.7,3975.0,-6281.37987999999,120528.74,21755.0,5.0,36,39174.0,49096.41,5485.47,43,108,15200.0,108064.92,21050.0,62,24,37252.0,Y,7374.37,current,M,30,MEDIUM,6.0,2,710.0,1,8.0
11616,2617,100881.0,19891.73,20734.3,38263.66,8686.0,5429.0,589.52,8.0,50,3,3,11,1,67000,1,1,1.0,1,6940.0,176487.6,550.0,3897.0,3246.56,87662.0,147.0,30,42386.0,192.64,52613.86,1,13,14885.0,101111.24,9926.0,3,21,18299.0,Y,2366.8,current,M,33,HIGH,10.4,4,249.0,1,11.0
11617,10537,12622.0,21983.5,6041.0,4170.53,2193.0,20679.0,7762.6,12.0,11,50,48,36,81,186000,1,1,1.0,1,2242.35,120154.1,12337.0,12174.0,14787.75,141564.0,1.0,3,23360.0,25862.92,52715.0,6,77,65967.0,42489.07,31071.5,18,24,17403.0,Y,7607.23,current,F,66,LOW,27.6,7,653.0,1,9.0
11618,13814,16141.0,14891.92,139.86,8420.96,3903.98,10057.75,2075.52,37.0,23,50,1,62,1,155000,1,1,1.0,1,55700.0,65480.0,183999.0,-5942.0,40940.25,125308.0,39.0,30,62484.0,24846.33,6279.0,43,20,83107.0,67399.66,16417.0,10,11,62247.0,Y,9064.39,current,M,42,LOW,17.6,1,386.0,1,15.0
11619,5394,13269.0,3476.0,373.0,3482.0,4556.23,488.0,3102.0,6.0,37,5,15,27,1,147000,1,1,1.0,1,2184.0,6.0,68000.0,6885.0,35147.25,76308.85,42.0,35,82.91,59420.35,78500.5,1,8,16914.0,20124.0,25898.0,7,50,196908.0,Y,143480.94,current,M,34,MEDIUM,5.6000000000000005,2,445.0,0,11.0
11620,8928,14912.0,4596.0,1399.0,60399.0,26607.0,40358.04,3896.0,1.0,26,19,8,2,2,378000,1,1,1.0,1,41441.27,117890.0,155205.0,1245.0,97323.64,37872.0,17.0,15,23201.0,35760.0,106800.0,5,4,108816.0,26710.25,62336.25,2,96,73668.0,Y,287.81,current,M,28,LOW,3.2,7,710.0,1,19.0
11621,9226,20047.0,31737.28,4271.0,65268.24,2462.0,28302.605,1209.0,10.0,30,9,1,2,26,225000,1,1,1.0,1,8758.2,30007.0,3570.0,1931.0,150785.1,136235.0,7.0,36,49334.0,6754.59,134956.0,5,82,18544.0,25033.6,75624.0,7,100,202664.0,Y,3679.49,current,M,32,MEDIUM,2.4000000000000004,7,818.0,0,13.0
11622,14436,11036.0,4571.92,25546.8,48937.9,1748.0,1124.82,428.52,4.0,4,10,7,9,10,565000,1,1,1.0,1,19.95,15000.0,16114.0,1444.0,263316.52,27249.0,16.0,0,228121.0,5439.5,48199.0,17,11,28518.0,29874.58,143117.54,7,38,39926.0,Y,2107.29,current,M,40,MEDIUM,12.0,6,866.0,1,9.0
11623,12078,220624.0,16657.5,5234.05,24465.85,1050.7,35078.0,3854.0,43.0,56,112,1,1,13,147000,1,1,1.0,1,154363.25,90829.65,23500.0,1014.0,155886.0,32251.81,90.0,4,83457.0,40053.52,68755.3,11,171,8879.0,97685.61,30457.0,21,32,6066.0,Y,1032.51,saving,M,47,MEDIUM,18.900000000000002,1,710.0,0,12.0
11624,884,1275.0,18855.47,2294.72,11166.66,106.0,15252.0,987.89,2.0,1,46,1,25,1,147000,1,1,1.0,1,60050.0,51531.0,15477.0,2921.0,5944.76,59569.0,5.0,4,134811.0,52151.0,18989.5,5,86,14304.0,34755.99,47934.0,10,7,38578.0,Y,1388.5,current,M,34,MEDIUM,2.8000000000000003,2,743.0,1,9.0
11625,6131,10306.0,11899.34,976.01,20995.01,34158.95,33848.79,566.0,44.0,3,13,2,55,42,595000,1,1,1.0,1,593.2,5439.0,96558.0,7478.0,45144.0,39917.0,4.0,2,25186.0,9662.0,138075.0,43,89,21334.0,17794.02,50120.0,5,49,18270.0,Y,3094.29,current,M,27,LOW,7.0,9,506.0,1,7.0
11626,11549,11470.0,4918.22,8851.0,1403.93,1468.0,8256.6,4061.0,1.0,10,4,3,27,4,30000,1,1,1.0,1,685580.0,242827.0,825.0,6916.0,4194.9,31212.0,42.0,26,21290.0,206056.0,20840.0,6,26,134252.0,51015.14,86684.16,2,12,32721.0,Y,3544.7,current,F,44,MEDIUM,19.200000000000003,9,454.0,1,10.0
11627,2331,181457.0,65368.0,5333.0,6212.86,3110.54,4479.81,20418.28,3.0,23,7,1,4,98,358000,1,1,1.0,1,9717.55,180000.0,618.0,167.0,72237.94,37017.0,11.0,19,43797.0,26885.88,144033.0,1,4,172.14,53991.49,121112.0,21,87,44239.0,Y,5231.49,current,M,38,MEDIUM,7.2,4,583.0,1,19.0
11628,4164,2665.0,19810.72,5534.5,12067.1,10370.0,18632.34,15269.0,6.0,5,82,48,1,1,1000000,1,1,1.0,1,87526.1,822659.0,48950.0,5340.0,9651.5,49835.6,55.0,35,119508.0,17827.0,23131.0,43,50,10469.0,51090.22,18827.0,12,8,100439.0,Y,10362.83,current,M,60,MEDIUM,24.0,5,330.0,1,18.0
11629,871,13721.0,4946.75,10190.9,62460.0,2591.21,7045.315,5705.0,57.0,23,4,1,14,2,581000,1,1,1.0,1,111.4,51445.0,4458.0,-4679.0,22740.0,34170.0,70.0,2,27199.0,69174.54,98764.0,43,8,20780.0,11840.0,201792.0,3,18,20143.0,Y,8329.77,current,M,27,MEDIUM,0.7000000000000001,9,574.0,1,7.0
11630,10866,3583.0,13795.46,1403.52,7440.87,2430.77,7150.0,1015.0,1.0,66,47,2,23,1,272000,1,1,1.0,1,7089.7,69370.0,25000.0,-5998.43994,72719.0,149202.09,11.0,13,13303.0,25201.13,136371.0,45,69,0.25,87881.76,74125.8,5,83,84739.0,Y,2829.86,current,M,35,MEDIUM,3.0,6,505.0,1,18.0
11631,9729,82429.0,14794.0,20021.0,51059.76,2061.0,2791.21,2062.0,16.0,3,70,20,7,77,170000,1,1,1.0,1,81872.65,157000.0,49975.0,-5998.43994,44410.25,111554.0,6.0,4,12665.0,258215.22,370736.09,3,20,64207.0,23220.14,5070.0,12,12,69900.0,Y,2789.89,current,M,42,MEDIUM,17.6,5,762.0,0,14.0
11632,3053,91662.0,6990.76,38221.57,1176.93,25120.0,7998.0,252.0,26.0,32,89,1,1,47,67000,1,1,1.0,1,471.05,221000.0,50000.0,167.0,41667.88,12119.0,32.0,33,39742.0,30076.71,263708.11,4,30,107738.0,55241.12,18111.0,2,103,99031.0,Y,302.27,saving,M,60,LOW,24.0,5,799.0,0,15.0
11633,17351,12265.0,3028.47,5197.0,1929.0,796.0,5731.515,1453.0,10.0,8,49,62,1,20,157000,1,1,1.0,1,2.13,49000.0,4198.0,5439.0,24635.84,23177.91,18.0,36,738874.0,85676.54,65141.0,23,82,6094.0,211485.21,53516.65,117,12,49366.43,Y,41366.49,current,M,42,HIGH,8.8,1,485.0,1,20.0
11634,13087,5386.0,30561.42,4017.0,83143.0,621.0,379.48,4919.0,57.0,18,82,1,2,9,173000,1,1,1.0,1,15279.79,15300.0,14904.0,-3506.17993,41303.33,28998.0,18.0,15,71614.0,67504.65,10790.37,3,82,14192.0,208804.67,41103.25,18,3,102799.0,Y,13353.12,current,F,37,LOW,5.1000000000000005,10,683.0,1,11.0
11635,13762,322.0,49990.02,4537.71,6786.0,1076.29,29848.0,442.27,6.0,66,84,53,60,2,139000,1,1,1.0,1,8531560.0,93.35,28913.0,12415.0,23933.36,99264.0,55.0,0,67000.0,36577.24,97570.0,9,49,41100.0,16894.76,42429.0,7,22,34272.0,Y,15217.78,current,M,28,MEDIUM,4.0,10,725.0,1,8.0
11636,3268,11502.0,18704.96,10876.11,27027.76,8564.48,15359.15,16482.0,19.0,84,3,8,7,2,522000,1,1,1.0,1,1727970.9,1425000.0,798.0,553.0,38463.0,27289.0,40.0,5,39867.0,2923.0,16370.0,6,12,28233.0,40111.0,32014.0,3,0,117741.0,Y,10498.63,saving,M,30,MEDIUM,6.0,2,911.0,1,16.0
11637,12730,12414.0,13550.0,6348.7,4989.86,2174.0,9855.38,10511.0,24.0,84,4,50,55,26,17000,1,1,1.0,1,1238.65,194099.3,15654.0,-5715.49022999999,43894.52,5057.0,39.0,4,29200.0,61287.0,48847.86,30,171,121087.0,136634.13,48141.0,8,103,12723.0,Y,7375.92,current,F,33,LOW,5.2,3,594.0,1,13.0
11638,5380,686.0,1589.5,4850.0,3147.07,1363.8,15357.0,4103.19,59.0,99,23,1,15,42,155000,1,1,1.0,1,138272.2,16375.0,16215.0,-3053.0,28472.21,27532.37,32.0,3,49887.0,70061.87,14280.0,23,171,14730.0,33078.79,31291.0,3,50,357528.95,Y,7287.35,current,F,28,LOW,1.6,8,656.0,1,8.0
11639,11509,3648.0,7378.92,10130.61,6211.59,320.52,18544.535,1625.0,19.0,93,7,50,20,34,272000,1,1,1.0,1,81284.7,470000.0,19400.0,5730.0,166673.22,8196.0,11.0,29,47857.0,516491.05,45792.0,1,20,29316.0,4710.07,58438.79,5,8,33755.37,Y,9466.04,current,M,47,HIGH,2.7,7,638.0,0,5.0
11640,3369,10608.0,5843.57,4308.0,23002.94,5199.76,5741.0,4005.0,1.0,1,35,1,2,86,359000,1,1,1.0,1,12328.75,69370.0,230000.0,12174.0,103301.0,35706.8,70.0,14,16218.0,35142.54,52543.0,17,50,59820.0,146466.84,126491.0,5,83,210.0,Y,1001.46,current,M,55,MEDIUM,35.0,8,867.0,1,6.0
11641,407,99295.0,3751.13,12643.0,4070.0,744.0,19982.35,638.0,26.0,23,4,4,11,3,199999,1,1,1.0,1,20141240.0,142608.5,183999.0,2008.0,8520.89,229218.16,35.0,2,26950.0,2811.0,134658.0,43,89,12329.0,43761.27,193502.0,8,54,41952.0,Y,3356.76,current,M,39,MEDIUM,3.8000000000000003,5,683.0,1,3.0
11642,16355,8947.0,77733.96,18294.16,4468.5,24041.13,11084.38,2727.0,44.0,85,7,1,2,16,353000,1,1,1.0,1,68640.0,537476.4,50000.0,5773.0,31608.0,20999.6,6.0,4,23160.0,144149.48,156446.0,2,171,15156.0,56650.6,183794.0,6,21,155924.0,Y,2353.85,current,M,28,MEDIUM,1.6,3,583.0,1,16.0
11643,4378,18127.0,2378.44,98.0,35029.0,8297.25,17759.0,221.0,6.0,3,44,42,36,70,533000,1,1,1.0,1,384550.05,53749.0,105000.0,3735.0,9278.0,50542.0,10.0,4,16074.99,67444.0,88656.0,43,30,31492.0,28689.4,37954.0,47,104,20003.0,Y,16256.92,saving,M,40,MEDIUM,2.0,8,658.0,1,3.0
11644,8828,18005.0,11693.5,7177.5,37652.05,9447.93,3941.0,2109.0,4.0,18,110,1,1,67,408000,1,1,1.0,1,13180.0,154121.9,68000.0,4314.0,36322.37,36326.26,103.0,2,17057.0,45251.64,67370.11,2,26,6546.66,2945.0,21203.0,3,96,21898.0,Y,7909.83,current,M,62,MEDIUM,33.6,7,537.0,1,2.0
11645,974,304930.0,5245.0,719.01,38436.6,4934.88,40934.0,3015.01,60.0,71,47,24,37,70,480000,1,1,1.0,1,5215.0,42000.0,2644.0,12174.0,192480.94,25659.0,50.0,1,69995.0,78634.94,112928.65,5,24,55502.0,69371.21,38095.5,93,80,66817.0,Y,5035.17,saving,M,25,MEDIUM,1.0,6,583.0,1,16.0
11646,18057,339590.0,5859.155,17008.01,1878.84,629.1,356.03,17167.0,7.0,29,6,30,46,3,373000,1,1,1.0,1,185669.2,35421.67,4198.0,-4679.0,166673.22,95653.0,10.0,5,6060.0,3361.35,93514.5,2,81,179347.0,29944.58,24545.0,3,14,36397.0,Y,4943.44,current,M,27,MEDIUM,1.4000000000000001,4,536.0,1,14.0
11647,8867,12663.0,13733.0,18730.92,3240.0,2386.0,1513.0,10860.14,5.0,36,89,22,46,47,85500,1,1,1.0,1,37916.0,2300000.0,1727.0,-4664.0,16679.85,28733.49,4.0,7,62484.0,26831.5,51610.0,16,50,312379.0,26170.57,61203.8,3,11,64733.0,Y,12555.57,current,M,222,LOW,20.200000000000003,7,485.0,1,15.0
11648,16892,9834.0,4397.0,11358.0,7256.67,9995.48,5106.8,389.0,9.0,71,48,11,11,26,352000,1,1,1.0,1,2533020.0,6574.31,15477.0,6885.0,5975.95,3245.0,55.0,17,63212.0,32602.34,24738.59,4,24,19989.0,45713.55,64567.63,16,10,36640.0,Y,2501.88,current,M,32,MEDIUM,1.2000000000000002,2,623.0,1,14.0
11649,18444,18884.0,6309.91,22853.0,5165.36,3179.0,14063.46,1485.0,3.0,23,27,44,44,56,359000,1,1,1.0,1,3638.25,1628.0,8764.0,6885.0,19474.37,10235.41,12.0,2,52543.0,45160.62,18471.0,1,18,7328.85,80.88,41305.0,62,18,260.0,Y,4594.35,current,M,66,MEDIUM,18.400000000000002,10,880.0,1,10.0
11650,12969,297528.0,800.03,2773.0,6445.0,4115.0,61988.59,19134.89,1.0,99,5,4,4,34,184000,1,1,1.0,1,720551.4,95081.0,1526.0,8572.0,90245.43,22492.0,80.0,4,44433.0,106288.0,69381.86,70,11,25120.0,11167.0,45732.0,6,67,112.0,Y,672.41,current,M,35,MEDIUM,9.0,5,799.0,1,10.0
11651,934,742.0,5274.68,4617.0,20944.44,143.0,4049.63,1486.0,26.0,8,29,6,9,67,170000,1,1,1.0,1,27747.0,194099.3,298472.0,2337.0,25575.0,26991.0,62.0,6,16445.0,5613.0,706338.0,2,171,50634.0,26734.67,43543.0,5,21,10040.39,Y,10384.21,current,M,32,HIGH,7.2,4,656.0,1,4.0
11652,7692,21989.0,9361.47,268.0,8195.5,353.2,10798.51,1616.0,16.0,27,19,2,51,34,50900,1,1,1.0,1,41883.6,390700.0,54101.0,5773.0,96510.28,37114.5,18.0,13,11446.05,428325.89,48068.0,10,108,69866.0,49663.78,45526.5,3,8,30210.0,Y,19665.01,current,M,35,MEDIUM,7.5,1,958.0,1,11.0
11653,13252,395422.0,18399.41,20529.0,18413.2,7839.0,24172.0,637.0,6.0,29,14,1,2,3,402000,1,1,1.0,1,720551.4,211406.19,3570.0,6885.0,25979.0,93299.0,16.0,2,51761.0,84615.47,31247.0,43,17,42568.0,34157.78,182725.0,3,12,33303.0,Y,9674.74,current,M,37,MEDIUM,13.600000000000001,3,656.0,1,10.0
11654,6029,8461.0,6027.0,715.0,42208.37,4581.89,2428.0,2440.46,19.0,36,2,35,21,77,232000,1,1,1.0,1,4323.0,128314.74,908.0,2351.0,77294.85,54169.0,3.0,4,14310.0,19016.44,36815.0,4,8,37429.0,32636.75,68630.0,3,103,25131.0,Y,20728.62,current,M,63,MEDIUM,30.1,5,454.0,1,17.0
11655,12828,1329.0,62177.93,9643.0,72254.62,15838.92,1399.5,554.0,124.0,10,61,3,1,9,190000,1,1,1.0,1,568.8,289469.58,14754.0,12163.0,12116.0,51637.0,46.0,1,24552.0,245177.0,70702.0,43,7,35516.0,26728.0,34305.15,2,49,256626.0,Y,4866.36,current,M,66,MEDIUM,46.0,10,465.0,1,7.0
11656,17538,320545.0,90247.3,2805.93,45713.42,4410.52,14315.0,1962.0,92.0,23,49,2,4,9,453000,1,1,1.0,1,98062.5,470000.0,12560.0,8723.0,31383.6,34683.0,5.0,1,34801.0,103045.81,22758.19,7,20,71603.59,45489.73,79957.26,14,103,33936.0,Y,2256.5,current,M,53,HIGH,9.9,9,535.0,0,19.0
11657,6487,1468.0,4811.52,521.0,2962.0,10782.85,839.0,1222.0,57.0,6,47,20,14,34,47000,1,1,1.0,1,81142.25,1423567.1,8764.0,6613.0,66820.52,20400.0,5.0,1,14908.0,10631.0,75078.09,9,8,2986.68,45643.69,4870.0,36,18,27670.0,Y,21141.74,current,M,36,MEDIUM,8.0,9,355.0,1,20.0
11658,19738,8242.0,16430.03,1420.76,13488.0,1286.0,26090.85,3067.36,6.0,13,50,10,8,2,53000,1,1,1.0,1,3638.25,482147.0,22000.0,2351.0,93.25,60494.0,10.0,1,43961.0,18183.05,91039.0,6,8,60009.0,45307.68,38516.17,2,32,22636.0,Y,31014.61,saving,M,38,HIGH,18.0,2,249.0,0,2.0
11659,11608,14481.0,9169.57,37365.92,21834.09,4326.96,11407.56,3906.0,14.0,5,6,11,7,8,100000,1,1,1.0,1,25506.67,50000.0,3792.0,1992.0,68453.08,18042.0,35.0,3,10022.2,117006.58,121505.0,1,20,16814.2,11334.0,29164.0,10,83,28676.0,Y,5360.29,saving,M,38,MEDIUM,16.2,9,743.0,1,19.0
11660,17202,394178.0,64418.14,677.34,4356.49,1310.59,438.0,2994.76,56.0,2,3,1,2,1,524000,1,1,1.0,1,42460.6091,143000.0,49975.0,2921.0,30466.82,41006.0,46.0,36,40171.0,43276.77,24323.0,3,14,31630.0,37985.39,17229.0,94,68,29471.0,Y,399.46,current,M,64,LOW,13.200000000000001,5,866.0,1,17.0
11661,10796,10976.0,67234.0,8087.0,3239.27,3593.0,3025.15,9007.04,7.0,65,50,4,4,56,124000,1,1,1.0,1,47.35,5241.0,20000.0,6885.0,30559.27,79479.74,0.0,26,90207.0,46933.05,131002.5,43,25,22945.0,216193.5,86421.0,117,113,14715.0,Y,6121.8,current,M,32,MEDIUM,1.2000000000000002,4,265.0,1,8.0
11662,13022,26488.0,3585.02,6738.89,13418.88,1882.44,4718.0,623.0,8.0,67,4,1,31,1,167000,1,1,1.0,1,0.35,96096.0,90525.0,1332.0,38147.39,35194.0,2.0,1,22126.0,50321.38,23790.0,43,18,58476.0,11688.81,21495.0,1,52,23223.0,Y,2861.2,current,M,42,MEDIUM,4.4,2,269.0,1,9.0
11663,3172,338071.0,11612.14,1447.0,16175.35,1878.0,2076.85,1632.0,5.0,56,72,7,6,1,190000,1,1,1.0,1,28827.73,15375.23,230000.0,10210.0,39363.38,132721.0,11.0,0,49921.0,30981.6,46421.0,2,171,20558.0,259951.53,54941.18,22,63,15484.0,Y,10923.95,current,M,58,MEDIUM,34.2,6,928.0,1,3.0
11664,18571,90.0,66016.11,9214.0,60475.0,188.0,35310.74,6586.0,57.0,18,49,3,4,12,153000,1,1,1.0,1,95.0,69370.0,183999.0,5730.0,84577.79,232494.0,1.0,31,25952.0,100428.45,104291.98,1,5,52121.0,70283.99,181392.0,3,63,22500.0,Y,15147.59,current,M,53,LOW,19.8,8,503.0,1,17.0
11665,3420,5316.0,13242.0,643.85,21523.05,6539.0,14942.11,492.0,29.0,22,6,4,1,54,114000,1,1,1.0,1,117168.65,82907.34,130000.0,1332.0,48613.49,103670.0,11.0,43,227800.0,37796.24,22274.0,5,6,22333.0,90540.5,82218.0,6,57,24998.69,Y,971.98,current,M,53,MEDIUM,19.8,8,698.0,1,9.0
11666,9397,102359.0,2749.26,1042.0,1922.75,42546.75,3771.515,5513.0,10.0,83,17,4,7,12,286000,1,1,1.0,1,63073.6,2436.91,11379.0,1465.0,9055.0,218502.0,3.0,2,10766.0,515800.74,50201.0,9,70,33782.0,17673.36,52887.79,1,57,15084.0,Y,12030.62,current,M,118,LOW,78.4,4,748.0,1,2.0
11667,4993,6001.0,58172.5,1073.52,18114.83,50144.16,1110.0,6308.88,28.0,30,11,5,2,1,472000,1,1,1.0,1,13849.4,11982.0,11580.0,-4664.0,2049.31,2562.0,11.0,3,60040.0,5841.0,85602.0,9,3,290554.33,59757.09,27785.0,4,35,47357.0,Y,1466.23,current,M,31,LOW,1.1,1,867.0,1,2.0
11668,7699,34393.0,3300.35,5138.0,45651.28,6834.14,11285.0,52104.09,124.0,23,87,3,11,67,576000,1,1,1.0,1,47450.2,165970.9,155205.0,4795.0,87240.0,76204.11,8.0,5,19779.0,661147.51,2502.0,16,63,83170.0,239433.92,35750.5,9,35,23238.0,Y,1880.43,saving,F,39,MEDIUM,5.7,3,445.0,0,2.0
11669,11513,287115.0,11604.4,4095.0,9702.23,3981.0,3982.0,5269.47,4.0,99,20,26,55,3,100000,1,1,1.0,1,165907.57,110175.0,16114.0,3897.0,26785.29,43746.0,55.0,3,55412.0,14097.56,149080.91,9,13,40757.0,4681.27,35164.0,10,100,48560.0,Y,9906.15,current,M,33,MEDIUM,3.9000000000000004,4,330.0,1,3.0
11670,1554,4787.0,8994.62,20978.0,8268.0,4586.13,9761.0,36724.0,1.0,85,59,1,15,42,127500,1,1,1.0,1,19866.0,1400000.0,28913.0,-5998.43994,68141.49,91008.16,62.0,1,20739.0,80122.4,29763.0,45,171,23195.0,5774.32,184484.0,94,50,33762.0,Y,5588.16,current,M,30,LOW,1.0,5,801.0,1,7.0
11671,16797,6798.0,6155.07,1944.0,3617.59,7174.0,1641.0,4356.0,10.0,10,653,8,25,3,192000,1,1,1.0,1,55700.0,143000.0,12337.0,167.0,32616.5,11791.0,77.0,7,69590.0,41556.88,20315.0,6,70,61783.0,508882.66,1768645.21,3,42,12841.0,Y,642.86,saving,M,46,MEDIUM,26.0,7,748.0,0,18.0
11672,6051,170308.0,633.5,6890.42,17757.86,1366.9,48204.5,12087.0,12.0,2,27,5,2,1,294000,1,1,1.0,1,50040.0,190887.4,5905.0,5439.0,14748.52,41024.43,16.0,4,52472.0,8886.44,135164.0,2,2,25662.0,1441130.0,437063.0,14,49,93503.0,Y,6786.95,saving,M,42,MEDIUM,13.200000000000001,7,955.0,1,19.0
11673,8456,19025.0,9111.25,9775.0,15767.77,4557.0,10275.77,4850.0,57.0,13,1,30,3,34,152000,1,1,1.0,1,13668.25,15300.0,5591.0,2337.0,123275.06,74731.16,3.0,36,32978.0,8696.98,15581.0,43,6,61302.87,49702.25,951555.0,94,100,54979.0,Y,216.25,current,F,33,HIGH,10.4,1,683.0,0,2.0
11674,10976,5033.0,6070.67,142905.29,4316.67,7250.0,872.0,1870.0,17.0,6,49,20,1,10,27000,1,1,1.0,1,462720.0,278904.9,527.0,7478.0,47485.0,22038.0,29.0,2,11880.0,31566.27,463431.0,5,11,32076.0,70695.22,15155.0,42,72,36132.0,Y,7728.83,current,M,32,LOW,9.600000000000001,6,354.0,1,9.0
11675,1518,11562.0,133495.0,4245.0,2934.56,2651.58,3997.0,475.0,7.0,30,60,22,25,2,402000,1,1,1.0,1,3938.25,154121.9,1052.0,12415.0,106959.41,1595.35,90.0,5,124460.0,66710.61,255821.93,43,87,22815.0,14466.31,150440.0,4,18,44188.0,Y,843.3,current,M,35,MEDIUM,15.0,3,639.0,1,20.0
11676,1956,15888.0,2609.08,1597.54,15113.5,86.0,6958.0,12468.2,2.0,7,11,1,6,5,307000,1,1,1.0,1,51031.4,3.59,925.0,1245.0,31266.12,13645.0,18.0,13,9801.95,35883.32,177639.0,3,20,12927.51,149232.32,25747.0,47,14,113699.0,Y,2543.52,current,M,34,MEDIUM,2.8000000000000003,4,771.0,0,5.0
11677,9460,18204.0,28156.37,10981.22,547.52,16490.0,2079.05,2683.35,3.0,46,112,2,1,5,98000,1,1,1.0,1,39851.93,190887.4,96497.0,20790.0,59896.76,14789.0,57.0,31,6060.0,104045.68,184532.0,31,42,18320.0,110301.27,62336.25,19,79,44239.0,Y,5057.53,current,M,53,MEDIUM,23.1,5,867.0,1,15.0
11678,790,4736.0,31691.0,11044.0,4781.02,4274.84,5843.0,1981.0,60.0,60,7,21,25,4,483000,1,1,1.0,1,75240.45,278360.16,2841.0,-5942.0,9121.0,71509.0,103.0,3,507.0,48365.05,144104.0,2,1,17751.0,32291.5,25133.0,94,32,33822.0,Y,0.0,current,M,35,LOW,13.5,5,249.0,1,3.0
11679,1068,5163.0,1918.96,6997.0,2699.0,1423.0,3457.555,7153.0,7.0,10,74,44,18,70,400000,1,1,1.0,1,137553.95,500358.79,51520.0,-5942.0,67940.48,34764.41,11.0,6,25541.0,24029.0,79829.0,45,16,114004.0,35173.5,10133.0,12,12,24448.0,Y,85671.46,saving,M,37,MEDIUM,1.7000000000000002,3,656.0,1,2.0
11680,12674,772.0,13940.0,608.0,9915.68,6279.0,314.0,2163.57,2.0,34,4,24,2,56,581000,1,1,1.0,1,11878.6,39833.19,300500.0,2337.0,11162.97,81654.0,29.0,1,43797.0,117828.87,28756.0,11,12,31740.0,42119.05,170175.0,5,58,121870.0,Y,1925.19,current,M,31,MEDIUM,9.9,10,887.0,0,19.0
11681,15977,8148.0,8873.36,100.0,93285.0,13972.3,19002.0,1838.0,25.0,67,7,1,7,5,47000,1,1,1.0,1,34249.0,482147.0,4699.0,167.0,13836.0,99264.0,2.0,0,13760.0,72037.62,90847.0,11,28,27466.0,110222.2,22301.8,3,50,32721.0,Y,3480.56,current,M,44,LOW,24.0,4,454.0,1,20.0
11682,745,4119.0,58113.64,1921.0,15326.91,1179.0,2436.0,4951.0,10.0,83,16,1,6,5,164000,1,1,1.0,1,54860.05,170989.0,4000.0,0.0,93780.71,8321.75,11.0,5,78736.0,82926.09,17396.5,6,26,11111.0,116609.84,53376.0,7,73,20277.0,Y,1814.73,current,M,31,LOW,6.6000000000000005,10,809.0,1,18.0
11683,2726,13783.0,21189.0,1981.36,22749.0,15724.72,9456.0,2684.5,2.0,23,46,1,6,55,87000,1,1,1.0,1,165907.57,278360.16,5797.0,977.0,86032.47,25185.0,147.0,1,84459.0,78764.42,34020.0,70,50,144960.0,94678.89,91445.0,6,32,102799.0,Y,3220.7,current,M,30,MEDIUM,8.0,8,867.0,1,19.0
11684,4939,18240.0,9800.1,5077.0,43933.21,5672.0,3322.52,4010.0,6.0,37,19,50,1,2,1000000,1,1,1.0,1,10008.0,19000.0,908.0,5439.0,22237.6,102428.88,11.0,2,30445.0,51788.32,50879.0,5,82,45486.0,33153.54,43531.0,40,68,29600.0,Y,9839.62,current,M,34,MEDIUM,1.4000000000000001,6,698.0,1,2.0
11685,7115,14990.0,36457.37,2669.27,3602.02,4759.0,3799.0,2468.0,24.0,2,7,4,1,8,402000,1,1,1.0,1,89908.8,162288.3,891.0,1014.0,28476.77,18575.0,4.0,1,35630.0,27734.17,19191.63,43,81,17832.0,110373.07,32024.0,1,0,24119.56,Y,35176.14,current,M,27,MEDIUM,2.1,7,454.0,1,16.0
11686,17844,343071.0,9241.52,4946.0,3729.44,5951.76,22660.71,4368.74,60.0,66,7,48,44,6,430000,1,1,1.0,1,229435.05,992890.32,155205.0,3897.0,4236.18,46560.0,42.0,17,1260.0,98746.0,465379.0,47,82,30318.0,35140.72,23434.0,21,58,38898.0,Y,4474.35,current,M,37,MEDIUM,11.9,10,507.0,1,15.0
11687,9880,8369.0,31101.2,35971.0,6456.99,1036.0,23162.055,5237.0,531.0,14,44,8,62,98,147000,1,1,1.0,1,2595.81,93.35,12560.0,5464.0,27985.25,20023.0,46.0,36,31552.0,437367.8,6576.0,6,20,32940.0,2226.42,49972.5,117,61,101397.0,Y,14675.72,current,M,37,LOW,1.7000000000000002,10,683.0,0,8.0
11688,15493,975.0,11446.63,2113.9,1974.87,3578.0,15157.0,4080.0,6.0,99,4,1,1,81,337000,1,1,1.0,1,13643.8,440000.0,33774.0,-12179.0,276064.39,48227.91,89.0,6,43797.0,52829.61,624932.0,1,13,29218.0,101766.73,6122.0,3,32,18764.0,Y,3351.93,current,M,27,LOW,0.7000000000000001,4,723.0,1,13.0
11689,14669,12881.0,14827.5,1185.5,7073.79,11448.52,4250.225,74146.0,14.0,66,64,24,15,1,378000,1,1,1.0,1,116.0,190887.4,183999.0,6916.0,21687.0,65152.0,43.0,2,44024.0,2826.38,75846.0,9,8,11186.0,183956.07,172376.0,2,14,171.0,Y,1328.57,current,F,33,LOW,3.9000000000000004,2,700.0,0,17.0
11690,15953,11549.0,4294.0,5191.0,2761.0,38552.03,1875.0,29748.06,24.0,65,38,1,2,6,370000,1,1,1.0,1,6014.12,6.0,12000.0,977.0,74362.82,409.0,7.0,29,63843.0,44169.33,32267.0,5,63,30635.0,547067.86,32989.0,3,2,51488.0,Y,1875.47,saving,M,63,LOW,38.7,10,927.0,1,12.0
11691,17993,7958.0,31919.29,2405.9,7286.24,20101.0,17030.0,11160.0,15.0,7,61,2,3,47,47000,1,1,1.0,1,41070.0,633323.83,12016.0,2921.0,83223.86,24235.0,4.0,7,23197.0,41639.97,210532.0,0,108,991623.0,34055.24,109406.8,3,106,16957.0,Y,2178.01,current,M,66,MEDIUM,18.400000000000002,1,270.0,1,7.0
11692,2534,20191.0,7880.54,1774.02,4682.93,1594.0,43883.01,6870.0,19.0,99,3,4,25,79,301000,1,1,1.0,1,39758.95,170989.0,73501.0,2351.0,16038.5,23247.0,0.0,2,59304.0,61608.92,34365.0,8,81,37429.0,107872.9,112179.0,7,13,16757.0,Y,2251.82,saving,M,32,MEDIUM,12.0,4,700.0,1,5.0
11693,10673,16014.0,4979.0,3546.98,3461.0,2376.6,20454.0,3565.0,6.0,3,13,20,18,98,147000,1,1,1.0,1,165907.57,10767.53,8764.0,-5942.0,356988.22,31866.65,42.0,4,50392.0,19321.26,32866.0,16,20,12000.0,93109.03,50667.0,41,37,119952.0,Y,161.23,current,M,27,MEDIUM,5.6000000000000005,10,928.0,1,12.0
11694,6458,10374.0,6077.68,311.62,19021.11,17570.01,18570.0,5299.0,8.0,5,10,52,6,47,167000,1,1,1.0,1,55458.53,1400000.0,4895.0,-6281.37987999999,57686.51,38350.0,94.0,35,47964.0,37377.25,70681.0,5,20,18783.0,78598.4,176402.82,4,12,18119.0,Y,8398.3,saving,M,222,HIGH,141.4,10,247.0,1,16.0
11695,17590,7917.0,23771.86,958.0,4606.5,2711.0,5186.2,236.0,3.0,14,102,48,4,1,403000,1,1,1.0,1,8758.2,25404.0,4699.0,1444.0,83560.9,34452.0,5.0,4,120284.0,37390.77,151083.0,50,7,21933.0,8681.97,60901.0,2,12,2400.0,Y,3888.42,current,M,53,MEDIUM,29.700000000000003,9,801.0,1,17.0
11696,3513,16627.0,21034.71,844.96,110947.78,3354.5,26203.41,1342.0,43.0,81,13,15,5,9,25000,1,1,1.0,1,0.61,1244.14,105000.0,20324.0,38332.76,200195.26,40.0,6,104470.0,129905.0,285397.37,45,5,30008.0,29095.41,62104.0,40,79,495390.0,Y,8387.2,current,M,40,HIGH,20.0,3,566.0,1,19.0
11697,18379,950.0,17017.21,1912.35,1333.0,6872.0,17365.87,3891.73,6.0,1,2,8,2,5,35800,1,1,1.0,1,3638.25,86000.0,18389.0,2351.0,8160.89,34207.0,90.0,3,19557.0,55884.11,48537.0,5,108,28115.0,38362.54,41723.0,11,10,34130.0,Y,1620.51,current,M,33,MEDIUM,10.4,3,685.0,1,8.0
11698,15911,15874.0,3626.0,3818.0,10559.39,1356.25,949.0,7354.0,4.0,71,38,21,2,8,20000,1,1,1.0,1,6100.0,130000.0,59414.0,17397.0,47087.29,78937.0,22.0,7,39494.43,29205.85,120498.0,4,11,38441.0,39204.63,545122.36,3,12,39696.0,Y,1869.33,current,M,55,LOW,10.5,8,723.0,1,18.0
11699,9485,294039.0,895.03,2370.0,1546.0,3484.0,2964.5,517.0,4.0,99,72,60,71,30,17000,1,1,1.0,1,2008232.55,118976.0,28912.0,167.0,106605.65,68914.0,42.0,36,56225.0,24585.29,171.15,1,27,30545.0,28513.93,46.0,13,10,11932.0,Y,220.56,current,F,69,MEDIUM,49.0,8,385.0,1,17.0
11700,3979,339435.0,1062.43,615.0,7150.72,359.86,7742.46,6234.8,10.0,3,82,1,2,55,408000,1,1,1.0,1,28482.5,446457.0,7162.0,10455.0,55930.83,54005.0,18.0,1,84962.0,76973.0,83177.0,7,8,35694.0,98712.02,31727.0,42,79,16808.0,Y,34723.41,current,M,223,MEDIUM,162.4,5,485.0,1,12.0
11701,8916,18981.0,15054.0,875.0,32653.01,12875.0,18705.0,9450.85,1.0,1,4,52,1,79,138000,1,1,1.0,1,9608.3,30453.0,5905.0,6441.0,81392.21,30045.0,18.0,6,19735.0,48365.05,18257.0,1,46,18917.0,34162.0,441044.54,19,103,65535.0,Y,6990.29,current,M,66,LOW,36.800000000000004,7,812.0,1,16.0
11702,2938,302.0,6368.58,4222.99,17121.95,5706.0,2352.0,20455.0,3.0,128,72,53,4,42,150000,1,1,1.0,1,331.2,167870.79,4895.0,-5942.0,14514.45,96431.25,39.0,3,25677.0,4136.0,287623.68,11,1,88260.0,35473.0,51059.36,2,21,25453.0,Y,1174.41,current,M,33,MEDIUM,2.6,5,966.0,1,2.0
11703,5568,1381.0,1489.31,3327.8,22340.0,10182.91,2254.0,8697.0,43.0,9,6,60,1,2,329000,1,1,1.0,1,8043.25,274285.17,768.0,-5998.43994,90245.43,193990.0,42.0,26,42846.0,153501.88,22636.0,20,29,12712.0,30238.43,16606.0,12,21,19240.0,Y,4619.92,current,M,35,LOW,12.0,10,723.0,1,15.0
11704,16230,6931.0,9006.0,1059.4,5613.63,549.0,1186.235,2928.0,8.0,43,9,2,6,1,50900,1,1,1.0,1,70310.6,470000.0,639.0,3897.0,13555.54,33303.0,35.0,30,43405.0,364893.84,23051.0,9,49,34922.0,81350.71,39504.0,14,1,20928.0,Y,5763.45,current,F,42,MEDIUM,17.6,10,693.0,1,6.0
11705,5135,18860.0,94673.52,2155.0,19514.97,248.9,5518.0,4552.0,531.0,34,89,1,4,39,47000,1,1,1.0,1,253302.0,1423567.1,22000.0,-5942.0,17783.57,51208.0,5.0,2,78056.0,13527.0,39951.5,2,81,24222.0,32255.98,127017.0,3,63,33194.0,Y,12533.31,current,M,120,LOW,60.0,10,536.0,1,7.0
11706,5763,10675.0,16362.0,2135.0,15592.0,2150.3,58875.715,3002.0,12.0,1,50,62,6,34,139000,1,1,1.0,1,185669.2,78386.0,13873.0,-4679.0,32324.62,66836.12,90.0,3,11875.0,52637.84,10251.0,6,29,39500.0,13043.35,184936.0,3,24,31400.0,Y,5247.41,current,M,61,MEDIUM,8.200000000000001,3,488.0,0,12.0
11707,7364,10125.0,103367.42,1399.0,2525.97,33392.85,23449.0,3926.0,26.0,47,44,21,12,1,28000,1,1,1.0,1,115.45,82907.34,51520.0,1465.0,32343.68,18271.0,22.0,3,20450.0,34069.71,399.0,6,13,43134.0,183852.99,59714.5,12,63,78797.0,Y,3184.71,current,M,44,MEDIUM,2.4000000000000004,6,753.0,1,13.0
11708,14437,10925.0,3460.0,2134.72,6345.09,978.77,2495.7,2141.0,43.0,1,67,1,4,12,352000,1,1,1.0,1,4323.0,52098.99,2158.0,5439.0,208.0,80668.09,69.0,6,20644.0,55040.93,64994.0,45,59,23120.0,25170.9,38503.0,3,38,31896.0,Y,1841.3,current,M,44,MEDIUM,12.0,1,685.0,1,7.0
11709,2200,19988.0,39093.0,42400.0,23010.0,2047.0,9676.915,2971.0,1.0,11,4,2,15,1,425000,1,1,1.0,1,825.0,72796.1,57899.0,3560.0,93780.71,26653.0,18.0,4,38128.0,164499.85,56250.5,4,4,48649.0,125470.92,36046.0,7,11,50630.0,Y,4163.52,current,M,62,MEDIUM,16.8,7,743.0,1,15.0
11710,14374,2084.0,15370.54,13998.0,12133.97,9366.0,2961.5,5476.0,12.0,69,89,8,55,54,199999,1,1,1.0,1,65887.8,242827.0,643.0,6441.0,48936.26,530660.0,46.0,30,146872.0,43820.0,34761.0,4,25,20942.0,27776.59,74465.5,7,83,37569.0,Y,3206.16,current,M,53,MEDIUM,6.6000000000000005,5,864.0,0,13.0
11711,19387,205345.0,7711.0,720.0,13418.88,10945.09,2206.575,4041.0,6.0,11,44,47,4,2,579000,1,1,1.0,1,153410.0,221000.0,825.0,-6885.0,82184.42,124008.0,11.0,4,102262.0,48431.5,49860.92,3,82,21871.0,1077.0,31374.13,4,104,18960.0,Y,235019.8,saving,M,35,MEDIUM,12.0,9,966.0,1,20.0
11712,402,388203.0,2979.0,3377.91,3828.92,15533.0,16138.0,1050.27,24.0,10,23,8,1,12,102000,1,1,1.0,1,21220.0,148150.33,5797.0,1500.0,37896.13,26784.0,18.0,13,143692.0,37333.78,190749.0,9,28,41860.0,94341.66,20773.5,4,17,22896.0,Y,141479.73,current,M,33,MEDIUM,2.6,4,653.0,1,9.0
11713,592,177883.0,9335.0,2537.0,1512.32,7905.83,17575.725,1841.35,100.0,6,89,47,2,3,408000,1,1,1.0,1,223000.0,470000.0,13533.0,0.0,116739.77,20476.85,4.0,2,29907.0,15422.85,153570.0,5,20,13830.0,99992.38,295778.79,3,50,18855.0,Y,6283.1,current,M,47,LOW,21.6,3,683.0,1,9.0
11714,4389,3604.0,7392.0,6583.0,522.0,13439.0,14573.0,2860.0,8.0,9,14,6,2,41,140000,1,1,1.0,1,368412.25,110135.86,16004.0,12163.0,15767.0,252106.77,22.0,3,26919.0,7407.36,23261.0,9,7,63197.0,22774.17,7276.0,2,96,41752.0,Y,40.28,current,M,32,MEDIUM,8.4,3,394.0,1,2.0
11715,3875,10623.0,24335.7,492.0,7453.91,232.88,2959.0,4659.0,19.0,84,6,53,12,56,520000,1,1,1.0,1,21220.0,119831.0,16004.0,14509.0,46166.49,12413.0,42.0,2,101397.0,17149.99,451098.0,31,20,37376.0,30370.94,23150.0,49,43,42648.0,Y,33095.75,current,M,28,MEDIUM,7.2,2,626.0,0,7.0
11716,2482,14358.0,1782.25,17273.26,4781.23,1157.0,7637.0,8467.62,6.0,29,49,4,31,79,587000,1,1,1.0,1,60050.0,54395.0,11379.0,2351.0,91869.67,99159.75,12.0,36,50364.68,31781.81,27246.0,0,63,15370.0,39767.11,10301.0,10,32,41656.0,Y,82201.48,current,M,28,MEDIUM,0.8,6,686.0,0,9.0
11717,16958,18061.0,9481.58,4950.77,23716.9,525.0,9949.555,3192.0,10.0,25,4,8,2,98,403000,1,1,1.0,1,59703.93,176487.6,38599.0,20513.0,32054.94,6800.4,84.0,26,34035.0,74341.12,10275.0,0,1,59584.0,17637.16,147868.0,2,42,22729.0,Y,1348.0,current,M,33,MEDIUM,9.1,8,330.0,1,11.0
11718,8131,293425.0,1368.0,2512.52,898.47,1458.0,12395.97,745.0,29.0,47,135,24,3,1,421000,1,1,1.0,1,5215.0,119831.0,5981.0,14509.0,113245.66,1203.0,11.0,7,14807.0,65946.0,26867.0,5,6,32788.0,51292.1,110087.0,7,25,44992.0,Y,15086.1,current,M,35,MEDIUM,6.0,1,355.0,1,7.0
11719,17366,12712.0,21681.0,1584.0,6720.84,1256.25,15829.0,3181.45,44.0,56,13,8,5,68,263000,1,1,1.0,1,684495.7,64491.0,23032.0,0.0,79063.97,69044.19,5.0,36,44435.0,20730.0,21710.0,2,82,41140.0,45733.94,62403.93,94,13,52560.0,Y,1745.15,current,F,40,LOW,18.0,1,723.0,1,10.0
11720,1435,9658.0,51892.76,916.93,7872.45,564.0,988.0,696.0,531.0,22,50,57,2,64,371000,1,1,1.0,1,291969.2,51000.0,12337.0,1522.0,30900.38,112334.64,22.0,28,20343.68,22061.78,204477.61,1,171,51975.0,146953.3,34207.5,47,124,1450.0,Y,389.68,current,M,47,MEDIUM,13.5,4,865.0,1,2.0
11721,10760,3403.0,16273.08,3950.78,4511.42,48879.0,2500.0,21126.0,1.0,14,5,2,1,4,232000,1,1,1.0,1,1146.0,1030000.0,24619.0,5464.0,128240.97,16213.0,42.0,0,122228.0,177216.35,100078.0,47,4,118523.0,36858.81,44719.58,5,67,26848.77,Y,19691.69,current,M,42,HIGH,8.8,2,737.0,1,3.0
11722,10130,14970.0,2046.58,6189.05,5342.39,2499.0,2881.96,29164.0,2.0,11,5,4,1,30,154000,1,1,1.0,1,6440.0,399.09,2156.0,1079.0,68953.25,38187.0,18.0,3,33954.0,57046.61,161885.76,1,171,37498.0,44522.0,54171.0,3,22,36537.0,Y,5836.27,current,M,53,LOW,9.9,1,346.0,0,9.0
11723,5648,117392.0,4440.36,284.0,32037.4,3968.22,3405.175,2143.0,10.0,30,64,24,1,55,378000,1,1,1.0,1,825.0,180000.0,1255.0,5730.0,32302.87,105458.0,42.0,19,44739.0,23360.17,20610.0,6,9,59291.0,72264.88,64274.0,3,8,60769.0,Y,194.46,saving,F,32,MEDIUM,9.600000000000001,10,887.0,1,11.0
11724,4630,1635.0,26069.02,4686.0,5923.25,3294.0,8418.0,5346.72,26.0,3,89,50,3,47,16000,1,1,1.0,1,3575.5,650000.0,105000.0,2921.0,6601.0,1154.0,3.0,2,31925.0,22507.0,169211.0,4,46,99798.0,45336.75,572213.96,43,7,24566.0,Y,4297.86,saving,M,30,MEDIUM,1.0,1,516.0,0,14.0
11725,15059,27029.0,5227.02,1041.73,7400.03,2024.76,4267.35,10137.04,67.0,65,4,18,1,8,84000,1,1,1.0,1,196885.0,267421.4,610000.0,1014.0,168897.8,24247.0,39.0,36,19595.0,87545.35,37531.0,0,70,35604.0,12052.55,58696.0,3,24,23346.0,Y,3645.62,current,M,67,LOW,28.200000000000003,4,911.0,1,3.0
11726,1128,16617.0,16658.31,5492.0,19595.49,14298.0,6110.0,10036.0,19.0,128,50,30,55,54,102000,1,1,1.0,1,1831780.84,152.87,8417.0,2351.0,36639.58,66095.95,4.0,4,27541.0,89079.69,29271.5,4,6,30543.0,58559.73,73578.0,2,3,21505.0,Y,876.79,current,M,46,MEDIUM,26.0,9,575.0,1,12.0
11727,19726,17067.0,10517.645,263.2,6431.64,14614.13,2239.93,4461.0,8.0,10,27,1,7,13,256000,1,1,1.0,1,1665.0,119451.0,5797.0,26601.0,37470.11,71441.0,82.0,36,21366.0,103668.25,10095.0,20,20,21350.0,58539.98,342188.0,2,96,48727.0,Y,9434.34,current,M,38,LOW,10.8,8,465.0,1,20.0
11728,15541,9493.0,5941.75,3025.04,12522.0,2699.77,6483.0,2704.8,12.0,60,3,57,4,79,27000,1,1,1.0,1,204585.76,62606.0,155205.0,24326.0,41531.42,83369.0,11.0,5,16218.0,73438.19,41695.0,2,70,42377.0,342683.04,28014.0,6,25,27786.0,Y,7884.91,current,M,51,MEDIUM,15.5,9,448.0,1,9.0
11729,4970,307677.0,7894.16,2964.0,182789.68,6457.62,2880.44,11472.0,66.0,2,82,47,15,47,520000,1,1,1.0,1,73010.0,110135.86,492.0,0.0,22551.5,59918.0,69.0,31,26003.0,161293.0,338101.0,1,82,30098.0,38383.77,69178.0,2,11,46210.0,Y,2060.45,current,M,53,MEDIUM,23.1,1,249.0,1,19.0
11730,1628,294028.0,17085.74,6852.0,10312.5,3680.0,5217.91,23629.3,7.0,5,135,1,7,2,83000,1,1,1.0,1,41070.0,39833.19,300500.0,20513.0,72564.81,18830.57,91.0,36,26259.0,110480.0,72647.39,11,171,17774.0,60599.21,41099.8,117,64,50884.0,Y,1247.23,current,M,54,LOW,3.4000000000000004,2,249.0,1,8.0
11731,5989,15926.0,16653.97,2812.0,20140.0,1697.22,15486.0,24252.88,4.0,84,59,4,4,47,79000,1,1,1.0,1,6100.0,3.0,3792.0,553.0,68.25,127139.0,4.0,3,15151.0,15221.88,17306.0,50,9,20741.0,148856.97,22746.87,47,15,28179.0,Y,2567.54,saving,M,33,LOW,11.700000000000001,4,867.0,0,8.0
11732,4160,328230.0,10812.39,74497.84,1832.66,2327.0,2994.5,5246.0,12.0,44,72,3,2,1,293000,1,1,1.0,1,1518.0,184514.0,57899.0,-5942.0,91476.44,41599.0,90.0,2,22249.0,129868.95,30083.76,2,59,33184.0,33985.72,25992.5,9,78,39969.0,Y,2125.87,current,M,64,LOW,13.200000000000001,8,330.0,0,17.0
11733,821,6699.0,1057.5,2287.52,17931.48,2855.0,7354.74,13421.77,5.0,39,1,52,2,34,147000,1,1,1.0,1,322.02,52991.0,49975.0,6885.0,28796.0,30864.98,57.0,26,20242.0,14184.92,21275.0,2,23,26828.0,33167.39,49942.79,9,79,32367.0,Y,191.29,current,F,34,MEDIUM,12.600000000000001,10,485.0,0,17.0
11734,12604,16156.0,64681.69,373.0,26505.01,15384.76,8982.215,3440.53,29.0,30,47,18,2,98,408000,1,1,1.0,1,1424.5,278904.9,1135.0,4856.0,43362.64,125127.0,35.0,7,33466.0,47253.4,3186.0,9,42,12361.0,12869.19,58791.79,6,73,17308.0,Y,2796.08,saving,M,60,MEDIUM,28.0,7,448.0,1,2.0
11735,18196,3782.0,120601.07,2252.08,13819.7,450.0,39321.0,8637.0,1.0,1,32,60,2,3,150000,1,1,1.0,1,11878.6,176487.6,48950.0,167.0,28450.13,31790.0,10.0,43,63758.0,713310.02,71580.0,2,34,33641.0,538476.35,8776.0,62,83,112562.0,Y,88.19,current,M,27,MEDIUM,1.4000000000000001,7,684.0,0,7.0
11736,2304,142491.0,18091.15,4808.95,20386.74,3137.4,14557.16,18956.0,19.0,19,2,1,4,1,191000,1,1,1.0,1,4110.0,82942.0,73217.0,173.0,156493.98,35386.0,5.0,1,27514.0,13768.75,7064.0,7,20,42940.0,52116.02,16195.38,8,68,99065.0,Y,0.0,current,M,34,LOW,9.8,6,485.0,1,16.0
11737,13758,371.0,16045.86,6276.0,23284.0,8987.96,3667.54,9686.46,9.0,14,7,48,1,41,59000,1,1,1.0,1,293418.75,470000.0,4895.0,7478.0,149662.25,40950.01,7.0,1,133924.0,8001.0,110957.57,3,27,22675.0,1077.0,42122.0,19,1,144100.0,Y,1033.85,current,M,47,MEDIUM,5.4,1,536.0,1,7.0
11738,9869,168217.0,157378.77,49519.45,10810.0,4578.0,7729.0,3839.03,14.0,22,2,53,46,2,423000,1,1,1.0,1,30895.44,278904.9,15756.0,0.0,10590.75,58631.0,23.0,33,36977.0,130306.82,220178.0,9,12,63554.9,534850.74,21655.0,49,50,16280.0,Y,4723.74,current,M,38,HIGH,3.6,3,374.0,0,4.0
11739,15066,15155.0,6410.38,1440.0,18479.15,1284.0,826.15,14701.0,5.0,26,13,2,18,1,192000,1,1,1.0,1,750.6,30436.0,3570.0,1014.0,60414.11,17349.0,46.0,5,8182.0,79993.59,48390.0,23,81,14358.0,34886.85,53168.5,94,13,43037.0,Y,8450.54,current,M,46,MEDIUM,18.2,1,653.0,1,13.0
11740,13366,4887.0,15596.91,16117.0,9333.0,3021.0,10878.0,916.0,16.0,5,82,2,4,4,483000,1,1,1.0,1,73010.0,31871.49,28985.0,12415.0,23286.63,68825.0,91.0,36,16493.0,33652.0,57235.0,0,63,63585.0,97643.11,56680.0,1,63,48520.0,Y,3426.58,current,M,55,MEDIUM,3.5,2,614.0,1,17.0
11741,16687,8837.0,33213.93,8267.65,14105.82,18252.45,14141.0,7754.0,44.0,26,117,62,21,3,403000,1,1,1.0,1,9646.5,157624.24,56305.0,10455.0,105460.3,44901.0,11.0,36,5608.4,71777.14,24582.0,23,5,16492.0,110189.5,25461.0,3,35,14900.0,Y,4555.69,current,M,47,MEDIUM,18.900000000000002,7,860.0,1,9.0
11742,4886,7498.0,12176.0,19348.0,1141.0,7304.0,12568.18,792.32,6.0,27,47,3,5,41,272000,1,1,1.0,1,4230125.0,15300.0,33774.0,5340.0,73972.6,20920.0,40.0,5,21783.0,14533.5,130216.0,47,25,97634.0,49082.0,51671.5,4,7,29438.0,Y,16436.11,saving,M,47,LOW,16.2,1,799.0,1,17.0
11743,13851,137903.0,57460.58,1114.0,32272.18,3755.0,20443.36,1255.52,12.0,30,78,1,51,81,53000,1,1,1.0,1,368412.25,335948.0,28912.0,2921.0,23435.03,30906.0,84.0,3,280861.0,24871.75,101245.0,35,29,64663.0,40711.5,59203.0,4,0,48440.0,Y,16763.63,current,M,33,HIGH,2.6,5,713.0,0,7.0
11744,17226,13437.0,11291.2,325.0,1530.0,1232.0,3782.79,10970.04,8.0,11,72,42,4,8,272000,1,1,1.0,1,474401.25,25404.0,90525.0,2921.0,24150.48,94477.75,29.0,36,156000.0,10254.99,4002.0,9,50,17613.0,150968.0,1522749.68,42,79,19086.0,Y,4664.47,saving,M,38,LOW,3.6,3,535.0,1,14.0
11745,818,3502.0,46481.95,7223.0,912.0,10463.0,37317.03,3771.34,100.0,601,6,18,11,13,472000,1,1,1.0,1,4039029.9,42000.0,4699.0,-6301.0,9747.75,52545.0,7.0,35,17684.0,146966.81,87096.0,47,50,28115.0,51268.44,35914.0,4,42,32666.0,Y,8551.84,current,M,34,LOW,1.4000000000000001,7,725.0,1,11.0
11746,11127,18900.0,718.0,9657.13,6264.5,2392.0,1089.0,4178.6,44.0,30,50,4,1,56,579000,1,1,1.0,1,0.35,185000.0,43798.0,35346.0,6804.25,64239.08,18.0,2,93626.0,26543.67,35948.0,2,44,29624.0,26998.12,73195.0,22,11,31655.0,Y,256.58,current,M,40,HIGH,2.0,4,863.0,1,5.0
11747,10790,17431.0,17096.23,6942.0,2412.08,5725.3,20031.02,6412.0,63.0,22,4,25,31,64,263000,1,1,1.0,1,47.35,10000.0,3570.0,0.0,37984.86,28263.0,84.0,4,31000.0,10562.0,48763.11,5,9,18119.0,40275.0,74510.0,6,12,21360.0,Y,7644.63,current,M,38,MEDIUM,7.2,9,314.0,0,13.0
11748,8767,12407.0,15513.66,4963.41,6848.0,455.0,2556.5,1355.05,1.0,22,20,8,55,2,272000,1,1,1.0,1,127004.3,48087.25,126001.0,20513.0,94.5,65107.0,27.0,55,30100.0,29640.58,39662.0,11,44,31600.0,28198.75,26225.0,62,75,150058.0,Y,108.62,current,M,66,LOW,13.8,10,588.0,1,17.0
11749,5208,8730.0,6248.59,8332.0,19956.33,4326.0,9635.255,2075.52,63.0,31,4,3,7,5,533000,1,1,1.0,1,9118.35,465000.0,565.0,0.0,31090.66,15489.0,11.0,36,8560.33,247676.0,88688.71,5,7,22628.0,75153.71,20971.0,2,32,67045.0,Y,1715.31,current,M,34,LOW,4.2,4,766.0,1,5.0
11750,5405,28811.0,66533.71,64470.75,13495.37,10061.34,2253.43,23270.0,56.0,29,64,20,1,58,78000,1,1,1.0,1,5215.0,822659.0,5540.0,-5942.0,10096.0,15749.0,10.0,1,27784.0,17914.74,84730.0,2,8,110997.0,31863.2,20166.0,5,83,5691.58,Y,229.68,current,M,120,LOW,70.0,7,233.0,1,11.0
11751,11625,14990.0,584.0,948.0,9452.5,671.0,1808.0,6117.0,63.0,10,60,22,3,56,112000,1,1,1.0,1,40440.4,267421.4,2214.0,1079.0,19130.06,48301.0,16.0,33,44434.0,20360.0,34072.0,1,20,16225.0,187136.34,74984.0,42,101,21090.0,Y,5009.94,current,M,46,HIGH,20.8,5,814.0,0,18.0
11752,10763,6678.0,18420.83,4846.72,11019.0,2800.0,3809.0,1637.0,14.0,22,16,1,2,6,119000,1,1,1.0,1,291969.2,195506.79,25508.0,3897.0,178155.52,38681.81,3.0,35,13007.0,43577.57,37538.0,1,4,53946.0,73199.75,135572.0,49,73,35895.0,Y,668.79,current,M,33,LOW,3.9000000000000004,2,723.0,1,5.0
11753,9267,15223.0,61663.0,5522.89,35854.0,1309.0,1932.5,443.0,33.0,29,87,47,9,8,28000,1,1,1.0,1,12057.2,76157.6,583.0,12415.0,122393.51,20061.0,11.0,7,348511.0,13565.58,87007.0,1,77,48345.0,18098.47,33200.0,6,13,17228.0,Y,734.74,current,F,30,MEDIUM,3.0,2,351.0,0,14.0
11754,9076,8983.0,6197.03,23712.0,5391.0,1764.31,3291.0,5237.0,26.0,50,29,5,2,47,45000,1,1,1.0,1,41883.6,86000.0,11580.0,1079.0,93550.74,193724.0,39.0,0,58281.0,18761.0,37052.0,8,12,27375.0,22071.0,269.0,18,76,40679.0,Y,5449.51,current,M,47,LOW,27.0,9,537.0,0,13.0
11755,9716,365.0,10476.0,2666.95,992.04,422.06,64001.01,21126.0,8.0,71,52,8,36,81,595000,1,1,1.0,1,2533020.0,157000.0,33774.0,167.0,354252.38,74992.76,52.0,0,17644.0,27288.35,36224.0,9,82,126063.0,36250.61,91970.0,14,24,11478.0,Y,1394.66,current,M,62,MEDIUM,4.2,7,372.0,1,2.0
11756,17570,18211.0,6807.12,2140.0,848.22,4027.0,19045.0,8056.0,6.0,30,85,5,1,6,461000,1,1,1.0,1,1518.0,560000.0,126001.0,-6885.0,155909.33,2279968.41,4.0,15,22103.0,1154.0,18759.42,4,8,21402.0,22124.0,61092.1,3,42,169000.0,Y,1783.04,saving,F,42,MEDIUM,11.0,10,371.0,1,4.0
11757,696,4782.0,6580.5,1459.0,31304.0,1081.61,26744.02,668.31,66.0,8,82,48,37,2,125000,1,1,1.0,1,115818.74,15957.0,28913.0,14509.0,37630.79,98064.91,10.0,3,33833.0,411083.08,170851.63,0,4,22615.0,117069.93,48177.0,3,83,226905.0,Y,3761.29,current,M,62,MEDIUM,16.8,3,805.0,0,18.0
11758,651,1071.0,7286.0,1974.0,15399.87,122.0,26672.51,3684.0,10.0,71,82,1,6,10,225000,1,1,1.0,1,156875.0,82907.34,90525.0,16455.0,128228.19,37415.6,16.0,13,85070.0,28455.0,35177.0,5,13,42641.8,30662.0,28880.0,6,83,18044.0,Y,2412.63,current,M,34,LOW,7.0,6,503.0,0,4.0
11759,811,16995.0,14492.0,1978.0,12403.69,877.0,2431.995,2727.0,12.0,5,84,47,15,4,400000,1,1,1.0,1,38362.5,34120.0,14754.0,2921.0,70473.39,78428.0,40.0,36,74787.0,58992.26,33105.57,1,50,162500.0,243787.74,349244.74,36,2,28990.0,Y,3323.63,current,M,32,LOW,6.0,3,394.0,0,7.0
11760,19669,6998.0,10812.39,5693.23,7756.48,5478.56,4225.375,7787.0,66.0,43,72,1,4,25,366000,1,1,1.0,1,3938.25,33700.0,30000.0,0.0,11502.43,28216.24,18.0,36,96640.0,36477.67,97884.0,1,3,26605.0,4953.7,40259.5,1,32,53002.0,Y,1404.5,current,F,40,MEDIUM,20.0,9,686.0,0,3.0
11761,4862,39262.0,15536.24,11624.91,8406.11,974.0,5718.09,10137.04,24.0,99,67,52,2,55,425000,1,1,1.0,1,39851.93,19000.0,96558.0,6885.0,875.25,276368.5,18.0,3,24492.0,20323.0,50786.71,3,108,19180.0,34541.47,132.0,4,10,67691.0,Y,111.45,current,M,30,MEDIUM,6.0,1,299.0,1,10.0
11762,5679,16239.0,7821.44,100.0,34036.14,5172.03,6472.555,1361.1,10.0,22,62,15,1,12,195000,1,1,1.0,1,674356.31,8407.46,90525.0,2921.0,26412.48,59689.0,70.0,35,30317.0,86517.77,29691.0,5,8,38678.0,106834.68,31240.0,6,63,25973.0,Y,6353.09,current,M,37,HIGH,13.600000000000001,3,766.0,1,7.0
11763,10342,14284.0,1515.85,469.42,4254.11,1179.0,1486.0,3625.9,10.0,16,5,1,15,26,255000,1,1,1.0,1,4323.0,105000.0,891.0,1954.0,147466.37,13219.0,42.0,35,16255.0,80447.45,258610.0,2,82,48537.22,43737.46,19280.0,7,106,23654.0,Y,6070.15,current,M,37,MEDIUM,6.800000000000001,9,330.0,1,5.0
11764,17412,286629.0,6253.0,10039.0,13807.35,3264.1,2425.53,62973.2,6.0,85,1,17,46,1,523000,1,1,1.0,1,7636.41,222222.0,728.0,4795.0,26010.5,205838.0,46.0,3,27592.0,37216.5,154489.0,70,25,93811.0,59968.68,45736.0,3,11,171.0,Y,1628.76,current,M,40,HIGH,20.0,7,737.0,1,13.0
11765,405,5199.0,35665.9,14954.46,11614.55,3464.0,2234.0,3184.0,2.0,11,9,2,2,47,397000,1,1,1.0,1,1459500.0,49000.0,37274.0,3481.0,38013.92,14878.0,39.0,6,32611.0,17621.47,154160.0,2,23,581.0,44857.9,23019.0,2,6,37750.49,Y,65.29,current,M,60,MEDIUM,4.0,6,249.0,1,6.0
11766,1654,9056.0,12765.66,1285.0,5056.34,10558.0,2235.1,1253.0,56.0,6,30,10,6,6,533000,1,1,1.0,1,30382.2,992890.32,28912.0,14509.0,34155.47,33613.0,95.0,6,96303.0,81769.34,17323.0,6,20,67798.0,18003.1,47292.75,7,11,15134.0,Y,2426.02,current,M,42,MEDIUM,15.4,4,801.0,1,8.0
11767,10726,5063.0,13819.9,9797.0,27894.98,182.0,12570.0,701.0,1.0,5,9,7,31,12,125000,1,1,1.0,1,48796.45,119898.8,248000.0,1954.0,58045.81,106427.59,40.0,2,11376.0,23233.5,301116.04,4,20,20904.0,69162.77,79656.0,4,49,207.0,Y,3510.97,saving,M,46,MEDIUM,7.800000000000001,5,818.0,1,19.0
11768,3888,3058.0,2345.0,3027.0,23419.0,10307.84,6406.66,1216.0,136.0,23,117,4,1,1,423000,1,1,1.0,1,165907.57,6574.31,16114.0,10210.0,25668.55,27287.0,12.0,19,36633.0,273.95,200165.1,3,13,13600.0,31026.04,16179.55,9,22,86035.0,Y,11083.59,current,M,66,MEDIUM,18.400000000000002,10,245.0,1,9.0
11769,7755,10075.0,20719.48,371.0,1209.0,3843.0,2050.2,630.0,6.0,128,16,22,2,55,17000,1,1,1.0,1,800.8,150159.0,768.0,-5998.43994,610.5,61925.0,36.0,7,33759.0,239746.11,30781.0,2,69,19703.0,32041.38,41882.75,117,58,22250.0,Y,16297.37,current,M,32,LOW,12.0,1,927.0,1,20.0
11770,1772,14173.0,10743.0,17053.25,1116.95,2906.66,7724.72,9331.68,6.0,11,6,44,4,17,19000,1,1,1.0,1,4.5,143000.0,25000.0,-5715.49022999999,118352.39,26846.0,8.0,26,39355.0,114055.01,10312.0,0,171,41095.0,1369.0,58864.0,21,80,36850.0,Y,2566.83,current,M,28,MEDIUM,3.2,8,355.0,1,14.0
11771,3091,11396.0,15287.98,1536.0,1183.66,16785.0,5217.91,209.12,4.0,128,50,1,60,2,74100,1,1,1.0,1,12510.0,197800.0,24250.0,5730.0,91214.5,44765.67,11.0,4,46422.0,17840.13,60356.38,0,24,164331.0,20614.88,15916.27,5,73,21719.0,Y,26179.16,current,F,42,LOW,19.8,2,465.0,0,13.0
11772,8750,17465.0,2799.75,559.0,9068.0,12917.35,2066.0,4305.09,4.0,66,13,42,2,9,353000,1,1,1.0,1,199690.5,5000000.0,28912.0,173.0,59108.43,36923.0,62.0,4,72191.0,79541.46,29392.5,1,28,21643.0,8597.01,29632.0,10,57,31725.0,Y,7826.88,current,M,46,MEDIUM,20.8,10,454.0,1,8.0
11773,263,31422.0,29118.48,231.0,1705.0,3879.0,3107.55,11160.0,10.0,36,6,1,46,7,494000,1,1,1.0,1,140262.4,43397.0,908.0,8572.0,41813.09,33577.0,10.0,7,21474.0,17826.58,40639.0,3,14,8450.0,27246.65,103680.0,9,58,58472.0,Y,412.92,saving,M,32,MEDIUM,12.0,7,325.0,1,16.0
11774,2056,138630.0,1296.84,3711.0,17124.34,4611.84,18215.8,7223.4,10.0,2,74,17,4,8,426000,1,1,1.0,1,39851.93,185000.0,49975.0,5730.0,53236.09,40518.0,11.0,3,213400.0,86756.67,79251.0,8,20,85423.0,95451.16,211941.0,3,32,63000.0,Y,2633.92,current,M,27,MEDIUM,7.0,3,486.0,0,19.0
11775,6944,17724.0,815.5,6200.23,2236.0,1653.0,21900.0,1058.0,7.0,5,50,62,2,81,345000,1,1,1.0,1,546565.5,58473.56,96558.0,6885.0,24414.02,50057.0,147.0,33,5249.0,49812.62,22456.0,4,81,6332.0,22516.59,4139.0,2,65,26132.0,Y,16175.0,current,M,63,LOW,21.5,8,858.0,1,17.0
11776,4809,13771.0,21508.0,3327.8,81840.16,1503.0,2423.5,200.0,531.0,10,86,42,25,47,147000,1,1,1.0,1,1895.04,11982.0,12000.0,6916.0,81501.94,28490.0,22.0,7,21890.0,195114.56,65834.75,4,171,25068.0,40763.0,24604.0,3,106,286534.0,Y,5503.63,current,M,62,LOW,21.0,2,614.0,1,14.0
11777,12127,39212.0,60992.13,966.0,11974.0,4550.86,5252.655,1961.78,19.0,85,653,1,2,79,87000,1,1,1.0,1,1664.4,161648.0,5981.0,5464.0,5810.83,117.38,103.0,30,18339.0,2919.44,179040.0,2,25,62780.0,54861.68,11299.0,1,58,54400.0,Y,2260.64,current,M,53,LOW,33.0,8,536.0,0,13.0
11778,18829,18488.0,26800.38,46980.1,3270.12,12957.0,4181.64,3199.0,6.0,6,52,24,55,47,199999,1,1,1.0,1,8758.2,50000.0,36000.0,6885.0,20303.1,64239.08,69.0,2,26051.0,11389.87,39838.0,9,34,162156.0,89737.18,19241.0,2,11,26933.0,Y,11840.42,current,M,30,LOW,8.0,7,445.0,1,9.0
11779,15013,93645.0,18972.68,5617.0,3392.26,10805.19,6527.0,705.55,1.0,10,35,18,3,1,147000,1,1,1.0,1,41883.6,87578.0,10973.0,4795.0,15726.0,16612.34,52.0,4,28385.0,22927.57,46102.0,2,23,32865.0,109550.42,96662.0,7,15,50310.0,Y,427.14,saving,M,42,MEDIUM,11.0,4,355.0,1,20.0
11780,11723,16889.0,12554.44,1165.0,11835.0,3631.4,11333.695,6829.18,531.0,3,117,4,62,81,199999,1,1,1.0,1,34648.75,470000.0,565.0,-6885.0,48464.0,7248.0,42.0,36,53202.0,23594.33,167180.0,2,5,20237.0,91160.58,20492.0,3,38,357952.0,Y,9508.75,current,M,34,LOW,11.200000000000001,7,860.0,1,5.0
11781,12614,130739.0,12276.47,19945.12,51148.41,2476.0,470.0,1725.0,124.0,71,49,3,5,16,139999,1,1,1.0,1,3549.85,96096.0,787.0,1992.0,8926.92,59952.0,12.0,36,446504.0,107321.04,4096.0,1,11,84836.0,37222.88,42531.0,93,39,137562.0,Y,6219.9,current,M,36,LOW,1.6,1,614.0,1,6.0
11782,12731,225988.0,26119.0,6355.16,1428.77,5776.0,11211.71,1721.0,1.0,32,5,4,2,98,381000,1,1,1.0,1,28844.0,760470.3,711.0,-4679.0,280638.32,32024.0,2.0,14,53742.0,31080.87,26727.4,35,11,54410.0,31899.68,5748.0,3,79,1275.0,Y,2583.17,current,F,53,MEDIUM,6.6000000000000005,1,269.0,1,8.0
11783,11184,134165.0,17045.0,1254.0,9288.0,2243.3,35675.0,3558.3,31.0,3,82,8,60,18,16000,1,1,1.0,1,94493.75,19000.0,2019.0,0.0,45679.03,252890.0,4.0,1,243061.0,33037.92,74825.0,3,7,12712.0,2279.0,20656.92,1,54,35408.95,Y,13486.59,saving,M,120,MEDIUM,50.0,4,249.0,0,3.0
11784,7807,15710.0,4421.06,8463.61,14130.71,1578.13,1995.03,6344.0,2.0,1,29,4,21,98,184000,1,1,1.0,1,249060.0,95081.0,492.0,1411.0,30466.82,79178.0,103.0,3,18440.0,10935.88,84185.0,30,82,63554.9,40266.69,67873.77,9,68,38242.0,Y,7449.8,current,M,56,MEDIUM,3.6,8,535.0,1,20.0
11785,15709,15577.0,14428.5,10351.5,1543.97,3584.0,32011.5,3314.0,9.0,77,4,25,51,1,199999,1,1,1.0,1,81872.65,29479.0,130000.0,0.0,13057.6,43560.5,24.0,13,26428.0,29418.63,24297.0,3,50,20097.0,139612.0,12149.58,5,18,28752.5,Y,3696.16,current,M,60,LOW,24.0,10,623.0,1,16.0
11786,15767,14305.0,1866.42,2531.0,28344.31,6279.0,2627.34,7153.0,10.0,14,19,1,1,58,147000,1,1,1.0,1,871.5,165000.0,300000.0,-6885.0,15018.35,17685.0,63.0,30,23815.0,126690.05,30426.0,43,87,16378.71,58428.68,57308.0,11,13,36958.0,Y,13043.34,current,M,220,LOW,160.0,4,801.0,0,7.0
11787,1978,19732.0,4672.61,4489.0,17527.79,5407.0,1022.0,2871.0,18.0,99,105,42,11,4,267000,1,1,1.0,1,77855.0,585268.17,18389.0,1079.0,6291.25,18284.0,32.0,15,203689.35,15476.01,15373.8,31,81,115620.0,147961.0,144186.0,3,61,97.0,Y,4066.18,current,M,32,MEDIUM,7.2,4,623.0,1,12.0
11788,1360,6997.0,2545.44,10621.73,974.13,12040.0,2246.0,7992.47,60.0,23,23,1,3,34,47000,1,1,1.0,1,942327.7,78050.0,550.0,167.0,65313.82,15646.0,10.0,9,10564.0,41382.0,114880.18,43,8,21482.0,64601.36,43912.43,21,58,40073.0,Y,1458.48,current,M,53,MEDIUM,19.8,6,269.0,1,6.0
11789,9668,204960.0,9169.57,19666.0,6375.3,2133.79,6780.0,5386.0,12.0,3,10,30,9,3,476000,1,1,1.0,1,22086.05,200926.0,508.0,3897.0,48789.99,116362.71,52.0,1,32835.0,42835.49,50149.0,5,17,4407.0,63228.33,18955.0,21,12,37842.0,Y,3983.18,current,M,47,HIGH,5.4,1,355.0,1,17.0
11790,5541,17312.0,8198.03,7433.0,10007.43,12320.4,31154.11,908.0,12.0,10,74,1,1,1,199999,1,1,1.0,1,31524.4,446457.0,300500.0,-3506.17993,19156.89,7843.94,103.0,4,15315.0,104133.44,119258.0,9,20,17785.0,75323.28,33849.59,94,73,58236.0,Y,2050.17,saving,M,47,MEDIUM,24.3,10,355.0,1,13.0
11791,1694,10005.0,38206.63,1143.52,13948.0,48879.0,833.0,8910.0,7.0,30,44,24,25,77,84000,1,1,1.0,1,46451.38,172131.0,10973.0,1332.0,142979.7,90204.0,7.0,1,55354.0,28113.5,56595.0,3,82,14441.0,21177.08,194853.01,3,72,44239.0,Y,3181.79,current,M,40,LOW,20.0,10,424.0,1,13.0
11792,11124,135983.0,31687.22,5339.44,9570.5,8898.0,472.0,841.6,10.0,81,30,50,16,98,232000,1,1,1.0,1,52506.0,3084.5,5540.0,0.0,124647.9,50244.0,46.0,13,24136.0,68592.0,90949.0,17,171,54800.0,9121.77,46393.0,47,104,47400.0,Y,9322.56,current,M,33,LOW,6.5,5,371.0,1,2.0
11793,1220,18573.0,44204.03,7700.01,573.05,3951.0,4009.0,12743.0,6.0,7,67,47,2,4,462000,1,1,1.0,1,204585.76,150159.0,230000.0,6916.0,52419.0,18291.0,16.0,6,13441.0,6437.16,104042.0,3,25,11554.0,658.5,89381.58,3,106,12416.0,Y,3309.76,saving,M,37,MEDIUM,10.200000000000001,6,737.0,1,7.0
11794,5980,8475.0,6035.99,13206.31,3652.5,10509.03,6269.31,12670.16,59.0,2,2,3,14,2,352000,1,1,1.0,1,384550.05,26001.0,28912.0,2351.0,55033.19,7243.0,11.0,23,38259.0,48936.53,55779.39,45,108,28127.16,25185.0,19112.0,36,58,87706.0,Y,371.36,saving,M,34,MEDIUM,8.4,1,261.0,1,5.0
11795,6132,96353.0,16903.86,13289.76,5295.0,7905.83,3155.0,8672.0,2.0,5,64,4,25,1,236000,1,1,1.0,1,811.0,93.35,8764.0,8723.0,939.75,43451.0,24.0,4,21970.0,60163.89,30187.0,31,81,3900.0,177252.23,78777.0,5,50,37211.0,Y,171.2,current,M,33,MEDIUM,13.0,4,860.0,1,10.0
11796,6335,1945.0,76566.0,2666.95,26685.96,794.64,1022.0,40907.0,19.0,66,7,1,21,79,467000,1,1,1.0,1,567914.67,15300.0,56184.0,14509.0,24142.47,23302.0,57.0,7,15269.0,73457.7,209275.0,2,40,14726.0,246813.63,10050.0,11,26,73668.0,Y,14652.49,current,M,39,LOW,15.200000000000001,9,683.0,1,19.0
11797,18090,9556.0,5374.37,1181.6,5972.2,7419.85,28302.0,2160.0,6.0,8,23,30,56,5,352000,1,1,1.0,1,12869465.0,343342.9,300000.0,5730.0,93484.24,42200.0,52.0,4,77595.0,143627.65,119671.0,3,82,14304.0,2122.0,33892.88,3,32,49000.25,Y,13511.62,current,M,53,MEDIUM,16.5,1,743.0,1,17.0
11798,18503,223551.0,11125.5,7907.0,10331.12,1594.0,883.1,525.0,14.0,85,4,50,1,22,375000,1,1,1.0,1,3247.5,43397.0,48374.0,1992.0,102090.1,146093.0,42.0,3,159847.0,37491.0,100187.0,7,13,357994.0,36200.3,15109.43,94,7,12400.0,Y,216.25,saving,M,29,MEDIUM,0.9,8,330.0,1,3.0
11799,18233,13840.0,6251.0,8173.7,989.93,1227.1,47608.35,155149.0,2.0,27,14,4,9,54,494000,1,1,1.0,1,1500.0,95658.0,68000.0,903.0,7821.51,127610.86,2.0,15,49828.0,19897.75,170117.0,4,82,22293.0,35232.19,40573.0,14,120,100439.0,Y,7449.8,current,M,28,MEDIUM,7.2,2,249.0,1,5.0
11800,13909,83641.0,9282.22,1022.0,3533.96,3680.0,5465.0,1439.0,44.0,67,38,24,5,31,27000,1,1,1.0,1,139323.25,165000.0,68000.0,5340.0,31180.81,427895.0,42.0,4,41715.0,61670.8,267904.41,43,171,32383.0,47698.0,127296.6,5,15,23352.0,Y,657.38,current,F,55,LOW,3.5,5,647.0,1,16.0
11801,11808,181742.0,5423.0,435.0,27719.0,1087.39,3450.5,1427.0,9.0,22,38,8,5,47,287000,1,1,1.0,1,111.0,16363.0,12016.0,2337.0,176.2,19074.0,11.0,29,34064.0,52206.46,136536.57,50,6,19931.0,84797.05,43020.0,3,13,377905.0,Y,5257.67,current,M,49,LOW,23.200000000000003,2,966.0,1,11.0
11802,15466,19806.0,5781.3,4622.03,10284.01,1980.25,18706.205,3378.0,4.0,9,35,6,44,56,650000,1,1,1.0,1,22086.05,15036.0,3975.0,12415.0,76784.77,23643.0,69.0,9,49942.0,68733.6,88989.0,11,82,25603.0,343.35,69215.0,12,9,17954.0,Y,168.83,current,M,47,MEDIUM,27.0,2,330.0,0,18.0
11803,10977,139885.0,3006.5,736.0,893.0,3409.0,3781.0,9175.0,44.0,32,59,50,28,21,579000,1,1,1.0,1,4731.1,76365.24,48950.0,16455.0,18247.06,7826.5,70.0,29,6931.87,17413.26,247.0,3,20,21950.0,35173.5,3045.0,3,11,30219.0,Y,8567.56,saving,M,46,MEDIUM,2.6,7,314.0,1,14.0
11804,3180,10617.0,1911.57,510.0,15877.76,176.0,5217.91,141.0,16.0,77,3,48,62,37,303000,1,1,1.0,1,47936.43,201000.0,16004.0,-3506.17993,95656.59,41289.11,90.0,2,22557.0,24199.0,230261.0,1,171,97500.0,26235.13,144428.0,3,96,78690.0,Y,940.72,current,M,32,LOW,1.2000000000000002,1,247.0,1,8.0
11805,19572,4538.0,4324.0,10809.0,2570.25,6658.0,708.0,10137.04,7.0,36,7,18,4,17,141000,1,1,1.0,1,496065.0,200926.0,25728.0,-3506.17993,22333.27,28116.88,2.0,1,102327.0,47443.0,32682.0,2,20,24734.0,101476.27,65961.5,1,65,33142.0,Y,104770.2,current,M,51,MEDIUM,21.700000000000003,6,363.0,1,8.0
11806,8878,14590.0,13931.0,13199.0,15836.0,23542.0,3938.0,10666.0,4.0,77,35,8,4,6,536000,1,1,1.0,1,41070.0,429273.4,25111.0,12174.0,73353.67,27697.88,6.0,2,35296.0,65855.0,460041.0,35,9,35083.0,115108.29,45051.0,9,100,8750.0,Y,6399.75,current,M,35,MEDIUM,3.0,6,424.0,1,5.0
11807,5713,322001.0,2453.85,15279.61,2431.85,3228.0,2080.205,1198.0,2.0,99,4,22,1,6,233000,1,1,1.0,1,52209.5,343342.9,12337.0,0.0,15710.06,44418.5,90.0,36,34144.0,74400.55,24648.0,7,108,33420.0,26437.0,153838.0,21,83,10650.0,Y,1054.26,current,M,37,LOW,8.5,10,354.0,0,7.0
11808,15829,176281.0,6007.87,2258.31,33146.53,357.73,14312.0,7597.0,26.0,83,67,53,6,79,232000,1,1,1.0,1,39851.93,195088.0,5905.0,6613.0,96338.0,186407.86,77.0,3,193672.0,45671.0,83367.0,9,20,82497.0,343.35,33894.5,53,11,41066.0,Y,16.91,current,M,33,MEDIUM,11.700000000000001,1,921.0,1,19.0
11809,9619,13506.0,3861.91,988.72,25810.09,45480.88,3158.0,1112.0,5.0,5,74,3,3,8,255000,1,1,1.0,1,39851.93,52985.43,25000.0,-5942.0,37367.76,113695.0,59.0,11,21973.0,61100.05,40283.0,16,69,13221.0,23512.0,4706.0,1,7,24082.0,Y,9758.48,saving,M,58,HIGH,15.200000000000001,7,508.0,1,17.0
11810,10390,140148.0,99338.94,6065.9,2392.0,3611.0,2880.885,7153.0,6.0,1,44,21,18,56,358000,1,1,1.0,1,55700.0,992890.32,2214.0,14509.0,20912.36,36559.0,40.0,1,137226.55,111660.75,6219.0,45,171,42642.0,80939.24,1116119.68,38,11,67331.0,Y,4400.32,current,M,47,HIGH,13.5,7,945.0,0,8.0
11811,5496,10152.0,9337.0,21328.0,13266.04,4123.01,4225.375,11714.0,124.0,2,44,3,5,64,167000,1,1,1.0,1,47.45,152664.0,536.0,-3625.0,44953.41,113870.88,16.0,4,18646.0,82005.69,38306.61,1,20,11404.82,25991.5,27827.0,47,11,45912.0,Y,9739.84,current,M,33,MEDIUM,6.5,7,737.0,1,20.0
11812,9885,18639.0,18684.22,5509.71,13178.0,1434.0,8907.5,200.0,17.0,1,50,5,9,2,382000,1,1,1.0,1,5809.2,273221.0,711.0,-4679.0,8786.25,170874.09,32.0,3,11406.0,6099.0,146414.0,5,20,41559.0,107933.33,113558.0,14,63,34768.0,Y,6817.89,saving,M,47,MEDIUM,5.4,2,658.0,0,19.0
11813,5130,16934.0,37028.14,402.0,6416.0,4043.63,7329.225,2007.0,24.0,32,14,1,51,11,20000,1,1,1.0,1,10006.2,170989.0,536.0,0.0,37722.0,93097.0,24.0,1,14346.0,19565.68,35251.0,7,12,141361.0,57404.53,104398.0,3,58,24191.0,Y,4176.31,current,M,36,MEDIUM,3.2,8,249.0,1,15.0
11814,19481,17.0,3316.72,17925.04,2376.97,5248.0,2400.46,31440.88,531.0,3,9,8,11,44,373000,1,1,1.0,1,1104223.35,110000.0,936.0,3897.0,38354.05,60040.0,35.0,7,28248.0,75841.6,11734.97,17,11,14579.8,44337.0,103974.64,5,76,211500.0,Y,5299.11,current,M,36,MEDIUM,16.0,3,799.0,1,12.0
11815,2578,2605.0,1171.92,307.0,4586.9,947.0,2894.0,1956.0,9.0,43,60,17,16,98,393000,1,1,1.0,1,4110.0,725761.7,2644.0,19453.0,71436.17,15646.0,46.0,35,30605.0,7235.21,68391.76,43,82,33224.0,29071.76,652.0,7,7,14741.0,Y,3471.72,current,M,33,LOW,11.700000000000001,7,274.0,1,18.0
11816,7638,2145.0,16403.97,267.0,6206.0,1643.5,3813.5,1159.0,531.0,20,46,20,11,3,371000,1,1,1.0,1,1235.85,861640.54,13533.0,-5998.43994,12573.13,28907.0,62.0,1,21090.0,602782.05,30811.0,2,67,29647.0,114477.3,57109.0,6,58,79174.0,Y,1682.73,current,M,55,MEDIUM,35.0,10,863.0,1,20.0
11817,9401,19208.0,4504.12,1341.74,5208.85,253293.0,3075.0,2303.0,2.0,23,44,8,7,22,400000,1,1,1.0,1,2100.0,446457.0,3850.0,-5998.43994,21025.0,50742.0,18.0,23,15958.0,79970.07,27419.0,4,7,19015.0,15418.6,20406.0,36,63,33606.0,Y,3148.74,current,M,38,MEDIUM,12.600000000000001,5,958.0,1,18.0
11818,4484,857.0,370.0,1899.0,1176.93,3294.0,21368.875,831.88,18.0,10,44,12,60,80,49999,1,1,1.0,1,130319.0,118976.0,1526.0,1500.0,64097.5,62821.0,29.0,35,66443.0,43311.83,460041.0,3,82,29461.0,43310.5,4262.0,21,63,22375.0,Y,4735.69,current,M,35,MEDIUM,3.0,3,536.0,1,10.0
11819,5555,16604.0,3740.0,3552.0,71255.69,11658.0,25951.0,17737.5,6.0,6,135,47,18,1,188000,1,1,1.0,1,39851.93,3651000.0,14904.0,24326.0,90130.75,87904.35,18.0,1,18285.0,39794.5,9474.0,43,42,20642.0,121474.09,30520.0,117,38,23608.0,Y,571.05,current,M,58,LOW,15.200000000000001,7,683.0,0,13.0
11820,9436,6035.0,5687.78,830.0,16581.73,8980.91,5072.61,2629.84,31.0,2,4,25,14,3,188000,1,1,1.0,1,8043.25,200926.0,2019.0,5773.0,55921.18,55778.5,90.0,3,86663.0,26973.46,106251.0,43,8,85177.0,37408.23,69215.0,12,21,15002.0,Y,3741.27,current,M,47,MEDIUM,24.3,1,535.0,1,18.0
11821,12515,11660.0,16165.74,4240.0,5213.0,18421.84,4496.0,2043.3,2.0,20,50,20,15,7,337000,1,1,1.0,1,55700.0,71944.5,5540.0,20324.0,46611.62,37082.0,3.0,31,17713.0,22329.22,39246.15,20,78,15932.0,37985.53,86020.0,4,65,18280.5,Y,3020.19,current,M,66,MEDIUM,32.2,5,346.0,1,7.0
11822,358,38800.0,14250.35,4613.0,17174.01,781.0,2246.08,10137.04,44.0,67,5,42,71,8,430000,1,1,1.0,1,154363.25,12971.0,6966.0,1411.0,276064.39,23404.0,42.0,35,46454.54,15297.88,287111.0,1,25,23948.0,533.0,11072.0,8,65,181.79,Y,830.71,current,M,33,HIGH,2.6,2,723.0,1,5.0
11823,5055,11967.0,2756.0,8202.86,2583.0,1423.5,15186.385,22633.42,7.0,5,2,39,26,54,400000,1,1,1.0,1,39851.93,115000.0,4198.0,24326.0,164562.98,19056.0,10.0,30,30116.0,3506.5,85422.0,43,26,14722.0,87262.58,131670.0,5,107,117988.0,Y,1344.62,current,M,53,MEDIUM,26.400000000000002,8,485.0,0,19.0
11824,5574,2597.0,6919.5,1405.09,57301.58,7316.1,3554.47,9812.0,1.0,30,4,52,12,70,329000,1,1,1.0,1,28844.0,185097.6,768.0,7478.0,209945.53,409.0,40.0,0,37478.0,96225.49,12511.0,11,82,18626.0,114436.6,32520.0,16,10,18670.0,Y,1748.28,current,M,32,MEDIUM,3.6,9,537.0,1,17.0
11825,2488,14869.0,5358.5,5533.68,6563.76,3363.35,1561.76,13587.37,66.0,10,59,3,6,1,44000,1,1,1.0,1,241.65,347.19,183999.0,6916.0,317329.5,95048.0,9.0,1,31176.0,20633.66,33817.0,2,14,270.0,186773.76,156419.06,4,73,27801.0,Y,9906.15,current,M,35,LOW,3.0,5,969.0,1,12.0
11826,16767,4416.0,1902.0,22647.0,5932.24,1034.0,8054.0,13889.0,14.0,77,50,60,15,2,293000,1,1,1.0,1,1865892.0,200926.0,694.0,-5715.49022999999,67419.97,887085.85,43.0,3,26888.0,57997.0,93992.0,0,20,31000.0,47432.73,45736.0,1,50,25716.0,Y,25246.26,current,M,62,MEDIUM,33.6,10,658.0,1,20.0
11827,7191,9237.0,3181.84,13206.31,12189.79,1980.61,16685.5,11233.0,4.0,36,30,48,2,31,17000,1,1,1.0,1,510.6,337000.0,2841.0,1992.0,37624.13,16719.0,55.0,3,70980.0,28680.0,20364.24,45,86,16604.0,10751.57,28098.0,9,11,38613.0,Y,22679.42,current,F,32,LOW,4.800000000000001,3,394.0,1,17.0
11828,3430,20268.0,3513.81,3118.0,3868.42,1637.92,9143.0,1680.36,6.0,61,29,52,3,4,17000,1,1,1.0,1,360978.37,25404.0,936.0,1014.0,23578.11,52601.0,67.0,17,15224.0,77083.49,24983.0,10,12,34442.0,26998.54,113806.0,3,106,81202.0,Y,8227.39,current,M,35,LOW,6.0,3,486.0,1,9.0
11829,6641,338855.0,587.27,3459.52,4357.48,9049.0,25468.74,3096.1,531.0,77,7,18,15,10,75000,1,1,1.0,1,22712.85,257406.7,130000.0,-4679.0,1069742.94,32593.9,18.0,5,14386.0,51156.0,5344.35,70,11,11388.0,42723.0,47970.07,7,10,30976.0,Y,9858.4,current,F,66,MEDIUM,27.6,1,743.0,1,10.0
11830,6908,13129.0,7864.57,1720.5,9561.0,92676.0,4636.0,2229.0,1.0,13,14,25,18,47,358000,1,1,1.0,1,14574.8,76365.24,768.0,1332.0,122796.51,59013.0,11.0,31,49828.0,288033.58,78246.0,43,20,51998.38,46081.07,64840.0,21,58,15473.0,Y,7898.79,saving,M,33,MEDIUM,5.2,7,233.0,1,13.0
11831,6745,8740.0,92096.8,1272.66,33844.0,248.9,7154.3,1841.35,26.0,65,71,4,4,10,198000,1,1,1.0,1,9255.43,409168.15,25524.0,6916.0,68261.4,699.0,42.0,4,24765.0,7597.0,31708.5,11,50,21028.0,150651.07,12031.0,8,58,44167.0,Y,3203.2,current,F,35,LOW,3.0,7,802.0,0,18.0
11832,10241,21593.0,28558.25,10291.4,17374.17,909.86,5288.75,768.0,2.0,56,44,1,17,4,138000,1,1,1.0,1,21220.0,429273.4,5540.0,2819.0,53139.88,19268.0,18.0,31,66443.0,53455.44,4002.0,17,20,12922.0,31866.33,138403.0,4,96,39483.0,Y,2783.46,current,M,28,LOW,3.2,2,684.0,1,18.0
11833,3101,13550.0,12891.74,2868.0,943.62,1318.0,5673.025,8038.0,1.0,19,3,4,4,10,471000,1,1,1.0,1,13668.25,121927.8,11379.0,977.0,18096.0,124816.0,77.0,2,81099.0,74566.29,110639.0,2,12,41283.0,171451.81,48520.0,3,3,18721.0,Y,1969.6,current,M,28,MEDIUM,5.6000000000000005,7,366.0,1,5.0
11834,15283,20150.0,30765.4,325.52,23284.0,1049.5,3479.4,4629.0,10.0,10,13,7,1,4,494000,1,1,1.0,1,32951.25,117729.97,24619.0,5350.0,112014.64,40465.0,42.0,1,23937.0,41556.88,3968.0,4,8,84144.0,25965.18,17824.0,7,22,39696.0,Y,454.56,saving,M,33,LOW,2.6,10,537.0,1,15.0
11835,4987,12371.0,12056.25,7487.0,13268.22,3936.0,41688.0,23197.0,5.0,601,110,44,1,2,429000,1,1,1.0,1,1488748.8,78386.0,4699.0,-12179.0,42338.17,21946.0,42.0,1,118626.0,42327.64,334234.0,5,171,23603.0,23521.76,5318.0,3,133,2659.0,Y,4730.46,saving,M,56,MEDIUM,25.200000000000003,8,623.0,0,7.0
11836,15275,20093.0,22319.48,3332.48,7221.94,13469.0,3735.245,98.0,7.0,2,9,53,31,1,350000,1,1,1.0,1,566914.0,32714.0,19400.0,6916.0,118528.87,29918.0,147.0,7,67691.0,144979.67,45632.19,2,49,22861.0,108486.02,19277.59,21,12,35231.0,Y,3543.23,current,M,56,LOW,3.6,9,683.0,0,8.0
11837,15902,393216.0,15086.0,1532.0,3699.31,1271.75,12836.0,6170.0,57.0,1,3,17,4,17,507000,1,1,1.0,1,26360.0,18000.0,539.0,1992.0,5040.4,437892.0,5.0,26,33710.0,36560.0,32511.0,2,25,13217.0,124925.28,10047.0,4,24,28175.0,Y,3426.58,current,F,37,MEDIUM,15.3,3,700.0,1,6.0
11838,2283,212312.0,13381.85,6041.0,6613.28,6035.0,5832.04,4177.0,59.0,23,35,1,2,18,378000,1,1,1.0,1,5809950.0,237365.38,519.0,167.0,2358.04,31323.37,10.0,33,36184.43,7015.5,107481.36,1,108,30080.0,19614.45,101399.0,47,21,17621.0,Y,1364.13,current,M,35,MEDIUM,6.0,7,628.0,0,6.0
11839,6156,3459.0,6554.5,5979.58,2783.0,4379.0,1830.23,11767.49,4.0,20,2,42,46,3,471000,1,1,1.0,1,4039029.9,82907.34,4812.0,3897.0,31817.56,239.82,20.0,3,19430.0,66459.38,88598.0,6,108,25963.0,23931.0,86020.0,12,10,85832.42,Y,18822.15,current,M,32,LOW,2.4000000000000004,6,270.0,0,14.0
11840,12022,11536.0,18984.84,8796.0,25856.0,888.0,16940.535,9252.24,4.0,84,49,52,4,8,381000,1,1,1.0,1,449275.0,159415.3,2158.0,-5715.49022999999,24123.23,45993.0,42.0,5,27736.0,29939.16,33591.26,35,12,68662.0,14175.33,68162.29,39,63,28961.0,Y,10731.63,current,M,53,MEDIUM,26.400000000000002,5,858.0,1,20.0
11841,1307,298385.0,73073.14,6137.6,1707.0,21538.0,9417.5,967.0,4.0,23,27,2,4,5,533000,1,1,1.0,1,98543.96,143000.0,2156.0,2008.0,217133.05,171625.0,39.0,2,162535.0,126076.14,65265.0,9,82,40582.0,60095.0,50324.0,2,76,33258.0,Y,9432.43,current,M,42,LOW,11.0,8,805.0,1,16.0
11842,13547,307201.0,25427.31,15551.34,35116.28,4892.95,8832.425,622.59,9.0,23,1,2,4,1,244000,1,1,1.0,1,328504.5,273221.0,1209.0,-5942.0,89663.25,39521.14,42.0,0,12139.0,25372.36,15237.0,2,25,23803.0,328445.4,22860.0,16,18,12786.0,Y,4037.31,current,F,39,HIGH,1.9000000000000001,3,314.0,0,18.0
11843,5526,332125.0,16304.885,1706.0,18297.99,11170.92,2342.0,1109.58,2.0,601,82,25,51,20,430000,1,1,1.0,1,13732.93,470000.0,20887.0,12174.0,238022.61,69149.0,5.0,2,78060.0,123334.35,17238.0,6,28,15803.0,132681.72,188937.96,2,58,25870.0,Y,13371.4,current,M,40,LOW,6.0,1,737.0,1,14.0
11844,1608,5793.0,10538.58,1725.0,3518.91,5336.14,8594.55,21605.0,57.0,5,72,53,1,1,225000,1,1,1.0,1,20177.4,25404.0,1036.0,35346.0,85077.21,16719.0,3.0,7,53000.0,74005.5,141.57,6,25,109323.0,259595.99,305786.5,21,18,32003.0,Y,1608.74,current,M,66,LOW,4.6000000000000005,4,623.0,0,14.0
11845,2821,1650.0,9169.57,2596.27,1655.9,11640.4,4684.0,619.52,10.0,23,3,7,25,2,83000,1,1,1.0,1,7089.7,273221.0,48950.0,1444.0,27597.51,36923.0,84.0,3,26367.0,144262.91,49199.0,30,63,110842.0,394137.37,25671.0,49,133,61739.0,Y,6437.48,current,M,39,MEDIUM,7.6000000000000005,7,911.0,0,17.0
11846,14233,18880.0,2482.9,5909.01,17844.86,5735.54,2425.53,1845.0,1.0,18,53,48,11,54,530000,1,1,1.0,1,48422.7,95000.0,927.0,5439.0,39186.9,66982.33,23.0,5,10349.25,59420.35,77200.0,0,8,17471.0,31240.44,200919.58,4,58,25682.0,Y,1619.33,current,M,42,MEDIUM,17.6,6,799.0,1,2.0
11847,5910,271.0,7350.28,1985.0,6875.83,8925.0,795.72,6539.0,6.0,43,110,48,5,79,362000,1,1,1.0,1,15961.9,730000.0,24094.0,553.0,17922.86,102957.5,24.0,1,35200.0,193520.98,143261.0,9,29,99075.0,43693.75,5587.0,14,73,292089.0,Y,15217.78,current,M,118,MEDIUM,39.2,9,254.0,1,14.0
11848,4940,17518.0,9113.58,972.0,1355.15,3649.0,16527.0,6294.0,3.0,9,14,24,1,37,423000,1,1,1.0,1,15079.5,29479.0,80000.0,12965.0,76339.76,49933.0,35.0,7,2750.0,55881.82,20237.0,35,108,34030.0,39424.0,61413.09,14,21,50325.0,Y,571.05,current,M,33,LOW,13.0,9,867.0,1,3.0
11849,4242,5310.0,8492.39,3141.0,2187.14,2078.34,9989.0,13271.0,53.0,47,7,24,6,16,50900,1,1,1.0,1,41883.6,106309.1,50000.0,-3506.17993,100848.8,39978.0,11.0,2,22622.0,36993.53,26756.0,6,81,156312.0,487948.59,289639.0,40,79,17995.0,Y,9.23,current,M,30,MEDIUM,8.0,9,245.0,1,2.0
11850,8178,2238.0,9337.0,32843.55,379.4,1005.0,3379.255,16532.0,7.0,77,82,57,2,98,303000,1,1,1.0,1,937.0,82907.34,12337.0,-4679.0,1286.85,42211.0,2.0,4,65605.0,23635.5,77068.0,9,28,65538.0,34000.17,50598.0,21,24,31153.0,Y,935.32,current,F,29,LOW,5.4,4,247.0,1,6.0
11851,15976,6713.0,2965.0,8602.0,11070.38,2069.53,12929.0,1112.0,66.0,43,112,3,60,42,345000,1,1,1.0,1,70310.6,63000.0,5540.0,2351.0,158995.65,19248.0,40.0,1,33759.0,227100.0,75187.34,2,78,27088.0,55033.37,31647.0,2,32,170616.84,Y,2290.4,current,M,64,LOW,35.2,3,254.0,0,2.0
11852,13144,6496.0,14587.0,632.0,13668.92,1223.0,10957.0,868.5,92.0,1,64,18,2,4,579000,1,1,1.0,1,9784.1,32000.0,73501.0,977.0,20909.19,44566.0,16.0,33,58727.0,437367.8,46012.0,4,108,58758.0,13996.96,19568.0,18,3,37378.0,Y,5458.3,current,M,63,MEDIUM,8.6,10,372.0,0,9.0
11853,9850,304638.0,1289.59,1141.0,6341.89,5430.58,2891.73,20277.0,531.0,2,50,44,3,17,358000,1,1,1.0,1,4765000.0,10701.0,4812.0,-12179.0,150803.94,164793.0,39.0,4,85254.0,91257.03,156290.0,2,5,9698.77,61117.5,41731.0,7,15,36242.0,Y,231.2,current,M,46,LOW,10.4,1,593.0,1,7.0
11854,9613,8470.0,1176.0,2266.0,9715.0,4948.0,7977.25,12272.22,6.0,46,67,3,1,54,98000,1,1,1.0,1,36368.7,32000.0,4000.0,24326.0,33067.0,85935.0,16.0,5,49942.0,36223.02,37676.0,6,6,31879.0,97700.06,37598.0,1,49,17184.0,Y,6748.5,current,F,66,MEDIUM,32.2,7,614.0,1,14.0
11855,14421,94284.0,9867.21,466.0,11456.5,5225.5,9429.0,6953.0,100.0,23,3,2,3,1,371000,1,1,1.0,1,41883.6,15300.0,49975.0,10210.0,83223.86,58072.0,90.0,3,46136.0,92598.57,84953.0,5,20,33211.0,51731.0,85665.0,42,63,35633.0,Y,5114.67,current,M,37,MEDIUM,15.3,7,488.0,1,12.0
11856,17657,2909.0,7026.22,6785.0,528.0,18419.25,2925.0,426.81,67.0,46,49,2,1,1,477000,1,1,1.0,1,94493.75,120000.0,13873.0,1429.0,74474.93,169063.0,2.0,13,39636.0,13378.0,53841.42,8,14,99150.0,50196.18,21934.66,12,11,26460.0,Y,30927.27,current,M,58,LOW,3.8000000000000003,4,708.0,1,11.0
11857,5388,20198.0,23451.34,100.0,5856.82,5590.0,12599.0,15861.0,7.0,23,17,47,38,1,411000,1,1,1.0,1,942327.7,95081.0,3792.0,-4324.0,33086.55,34747.21,46.0,30,36794.0,8601.59,78013.86,1,171,98482.0,25789.87,19241.0,16,1,75452.0,Y,4168.58,current,M,46,MEDIUM,2.6,2,683.0,1,6.0
11858,8641,84275.0,27701.75,24249.85,807.03,3500.79,2875.0,721.0,25.0,10,7,1,4,3,233000,1,1,1.0,1,1895.04,142608.5,500.0,12174.0,117885.0,39724.0,42.0,4,71934.0,24013.88,81623.5,5,0,32550.0,35348.97,215122.0,1,42,1275.0,Y,14294.14,current,M,32,MEDIUM,3.6,8,269.0,1,15.0
11859,13474,11734.0,17225.68,15352.25,4933.0,2747.82,16869.625,743.0,3.0,29,82,1,9,4,170000,1,1,1.0,1,76780.0,2436.91,19081.0,20513.0,44503.34,115087.0,18.0,13,51171.0,26077.54,112459.0,5,50,19194.0,69644.64,50187.96,94,35,55267.0,Y,196.96,current,M,58,HIGH,11.4,5,588.0,0,18.0
11860,4388,14569.0,6869.86,2998.9,2981.16,1586.16,9092.0,224.0,8.0,20,14,1,2,98,402000,1,1,1.0,1,111.0,15300.0,27809.0,8572.0,28532.59,49461.0,63.0,3,146785.0,75905.0,5678.0,2,6,80375.0,61755.1,9306.0,12,10,41333.0,Y,27955.06,current,M,35,MEDIUM,9.0,6,863.0,1,5.0
11861,10745,11459.0,51158.81,4058.0,15625.79,6755.0,9061.955,4446.0,2.0,25,9,50,2,4,47000,1,1,1.0,1,11878.6,1513335.0,2156.0,4512.0,162787.14,55290.0,3.0,4,24846.0,10355.0,20056.0,4,82,14294.0,90963.3,38127.0,5,32,36369.0,Y,37955.1,current,M,53,LOW,13.200000000000001,7,799.0,1,11.0
11862,12893,3631.0,8299.59,3349.78,2623.77,1888.0,2449.505,2075.57,7.0,6,3,53,21,30,167000,1,1,1.0,1,199690.5,170989.0,126001.0,-3506.17993,56815.08,114057.02,36.0,17,68695.0,312874.02,61936.0,2,5,18264.0,4617.0,21281.0,13,18,31148.0,Y,1626.1,current,M,60,HIGH,8.0,5,762.0,0,13.0
11863,3298,343297.0,6220.31,1092.21,26676.32,1426.0,5068.0,1022.0,92.0,6,16,8,3,58,50900,1,1,1.0,1,2008232.55,370000.0,4367.0,1014.0,3787.04,46462.0,62.0,13,18906.0,25370.53,49687.0,2,20,35819.0,61231.32,164853.0,8,76,113000.0,Y,2257.87,current,F,35,MEDIUM,12.0,4,647.0,0,4.0
11864,10779,9371.0,8951.39,5481.87,2146.8,2449.25,5203.0,15066.0,29.0,8,49,1,6,68,528000,1,1,1.0,1,1500.0,25404.0,25000.0,19453.0,32992.3,54425.0,3.0,26,23039.0,12858.0,69381.86,1,25,14220.0,12096.5,325358.33,117,32,60887.0,Y,2162.74,current,M,33,MEDIUM,13.0,7,355.0,1,7.0
11865,12980,36965.0,1860.0,9836.0,4060.0,93849.0,6476.5,5130.3,101.0,36,87,1,18,98,184000,1,1,1.0,1,151000.0,15957.0,1143.0,-5439.0,29401.67,36148.0,46.0,4,73430.0,113173.72,29142.0,5,20,25571.0,70815.13,13489.0,14,8,34254.0,Y,10923.95,current,M,32,MEDIUM,9.600000000000001,2,700.0,1,4.0
11866,2915,13136.0,812.0,7884.0,16694.0,6920.0,65391.0,6117.0,1.0,18,70,60,55,5,102000,1,1,1.0,1,111.0,150000.0,51520.0,277.0,149982.24,102124.0,90.0,36,60856.0,36288.76,70844.0,9,28,65887.0,175523.63,37113.0,12,11,327.0,Y,807.95,current,M,64,MEDIUM,17.6,8,963.0,1,10.0
11867,16131,4093.0,10689.7,8506.0,59285.0,4658.44,7865.9,4895.0,6.0,2,35,42,17,20,326000,1,1,1.0,1,115818.74,409808.0,13533.0,277.0,3564.0,65642.0,29.0,1,54783.0,247676.0,43760.08,50,108,193000.0,42513.7,22405.0,7,36,155924.0,Y,942.97,saving,M,30,LOW,6.0,10,723.0,1,9.0
11868,362,5248.0,5362.82,182.0,55161.58,23395.62,3535.0,10942.0,2.0,50,71,20,1,26,302000,1,1,1.0,1,1581000.0,187788.1,2644.0,6885.0,11090.75,28839.0,29.0,3,1071967.0,29122.0,26727.4,2,20,5675.0,29767.75,56790.0,117,106,33120.0,Y,7563.45,current,F,33,MEDIUM,3.9000000000000004,3,351.0,1,17.0
11869,13429,1701.0,14644.43,1428.0,1416.5,4870.59,5929.0,1008.73,124.0,1,2,60,62,30,267000,1,1,1.0,1,3638.25,53749.0,12500.0,5439.0,13060.97,59330.5,35.0,36,46525.0,34844.0,69858.52,6,5,21262.0,21881.23,897.68,8,39,14974.0,Y,4759.7,saving,M,47,LOW,10.8,5,626.0,0,19.0
11870,17831,10633.0,3363.65,2929.29,12211.63,794.64,214.0,368.0,100.0,3,38,60,9,3,49999,1,1,1.0,1,25976.2,26884.0,3570.0,10455.0,76802.9,85935.0,11.0,36,26666.0,35812.64,40245.0,3,34,27116.0,71400.75,15520.0,21,58,26304.0,Y,5933.54,current,M,30,MEDIUM,9.0,6,623.0,1,14.0
11871,4812,206919.0,11945.88,994.2,14595.48,124.31,1577.99,3519.0,3.0,10,13,42,2,26,298000,1,1,1.0,1,5210.85,482147.0,6100.0,5773.0,34429.04,141398.0,10.0,1,24165.0,13174.29,17193.05,19,3,41590.0,56624.0,130260.0,3,38,169712.95,Y,3248.85,current,M,30,MEDIUM,3.0,4,921.0,1,14.0
11872,8422,16138.0,11284.15,624.0,10615.05,1697.22,23048.0,579.0,4.0,30,67,21,4,2,167000,1,1,1.0,1,2100.0,12971.0,230000.0,20513.0,39825.94,2540902.41,18.0,3,72351.0,18738.72,26550.0,1,82,77619.0,40128.14,8030.0,22,49,20287.0,Y,34670.03,current,M,30,LOW,6.0,4,883.0,1,11.0
11873,10651,11281.0,34051.92,11044.0,4245.84,122.0,3778.0,530.31,100.0,14,74,2,8,3,406000,1,1,1.0,1,48675.31,464261.6,90525.0,20513.0,31869.25,212717.0,12.0,3,42734.0,20816.11,26875.0,43,5,8750.0,67070.7,64659.0,7,7,276.0,Y,19691.69,current,M,42,LOW,11.0,10,269.0,1,16.0
11874,16570,11414.0,8939.36,441.06,10465.11,10061.34,47598.0,3487.61,26.0,99,27,5,56,44,525000,1,1,1.0,1,1417886.15,110135.86,12016.0,2921.0,9782.92,21302.0,11.0,5,27199.0,40179.98,28352.0,43,11,96451.0,197191.0,24705.0,2,63,135317.0,Y,4059.29,current,M,33,MEDIUM,2.6,10,974.0,1,3.0
11875,12733,2890.0,26830.0,626.94,34449.58,1590.0,358.0,4965.0,17.0,2,17,3,26,1,31000,1,1,1.0,1,89908.8,42723.0,2019.0,1444.0,57855.03,24565.38,0.0,0,54560.0,11216.0,205257.0,1,63,25484.0,35308.11,62422.0,3,83,20274.0,Y,6164.32,current,M,60,MEDIUM,16.0,5,523.0,1,11.0
11876,3011,316510.0,15894.0,1656.0,7161.3,8482.0,7281.125,2146.0,44.0,4,17,1,9,98,402000,1,1,1.0,1,39851.93,88482.8,825.0,6916.0,48881.4,60427.8,39.0,26,40823.0,15146.11,84195.0,3,35,22670.0,154679.36,70410.0,7,32,60332.0,Y,3291.24,current,F,42,LOW,17.6,9,743.0,0,18.0
11877,2764,8998.0,13250.69,8202.86,6101.075,8701.0,9411.0,5258.0,32.0,4,13,1,56,42,378000,1,1,1.0,1,3070.5,245000.0,492.0,1500.0,88254.35,174990.09,4.0,13,34733.0,142200.28,59283.0,43,82,84650.0,66416.15,39119.0,58,7,19684.0,Y,1318.73,current,M,51,LOW,31.0,8,945.0,1,20.0
11878,18357,13511.0,94293.0,6526.0,456.0,2257.0,1461.25,10107.0,2.0,10,64,24,25,6,100000,1,1,1.0,1,199690.5,248710.0,508.0,7478.0,106396.85,47295.0,7.0,17,13533.0,324641.0,40565.0,1,50,102795.25,76381.39,30055.35,2,6,424727.0,Y,13840.05,current,M,44,LOW,21.6,7,516.0,0,15.0
11879,17253,5177.0,5522.38,1221.0,6018.48,4668.47,2046.0,1677.0,2.0,29,8,3,1,22,84000,1,1,1.0,1,73010.0,462000.0,539.0,6613.0,12255.75,59304.5,16.0,33,100093.0,19537.25,8186.0,5,78,205558.0,92747.74,205269.52,2,24,37800.0,Y,8551.84,current,M,33,HIGH,11.700000000000001,6,233.0,0,5.0
11880,17894,11479.0,30137.78,1725.0,23907.37,13210.76,7671.0,1361.0,26.0,23,5,1,31,6,533000,1,1,1.0,1,48624.7,11982.0,1018.0,1444.0,100503.33,55298.0,91.0,2,28955.0,78314.37,34353.0,1,171,17945.0,275923.71,127347.75,6,14,33868.0,Y,4735.69,current,M,62,MEDIUM,37.800000000000004,7,267.0,1,18.0
11881,8941,18458.0,13912.99,15279.61,16465.7,2181.0,11084.38,4422.0,1.0,99,16,17,4,98,579000,1,1,1.0,1,4110.0,104000.0,12337.0,5730.0,9979.07,19045.0,46.0,13,617059.0,105890.39,8296.0,0,9,43191.0,34337.07,232185.0,62,21,18600.0,Y,1230.25,current,M,28,MEDIUM,4.0,7,355.0,1,17.0
11882,9672,16214.0,6226.91,980.44,21148.8,4008.39,6725.75,2829.0,50.0,36,64,1,46,55,75000,1,1,1.0,1,568.8,190887.4,15756.0,3897.0,58832.15,21113.0,91.0,4,56196.33,37491.0,153050.0,2,67,197123.0,49378.92,23768.0,2,96,13404.0,Y,8956.84,current,M,37,MEDIUM,3.4000000000000004,8,537.0,1,11.0
11883,3312,16583.0,149055.97,9277.44,12298.64,46021.0,6787.63,2507.4,7.0,29,4,6,1,2,100000,1,1,1.0,1,86865.0,25404.0,2019.0,8572.0,131610.0,72648.32,12.0,1,47857.0,42400.0,39290.46,2,20,22920.0,15245.0,474282.63,21,63,52560.0,Y,1332.19,saving,M,50,MEDIUM,3.0,1,698.0,0,5.0
11884,12810,1716.0,14061.48,137.0,100178.18,1586.16,3194.5,253.0,15.0,13,1,4,4,41,315000,1,1,1.0,1,1235.85,93.35,3975.0,1522.0,116353.89,28371.0,23.0,11,176879.0,8966.45,156304.51,2,14,105847.0,68738.92,16583.86,12,38,21720.0,Y,10018.72,saving,F,33,MEDIUM,3.9000000000000004,7,812.0,0,11.0
11885,3856,9382.0,16273.08,4060.0,2811.75,3347.0,8659.0,6833.0,10.0,29,30,2,1,14,371000,1,1,1.0,1,327324.9,234459.4,15756.0,0.0,15510.1,39366.5,16.0,3,26670.0,64922.3,59097.0,0,16,14344.0,85126.5,22688.06,13,58,24606.0,Y,9432.43,current,M,60,MEDIUM,40.0,4,748.0,1,15.0
11886,2637,14397.0,8748.03,21572.24,19942.8,777.57,12032.6,11008.99,8.0,26,2,47,3,47,408000,1,1,1.0,1,2.13,560000.0,2019.0,20324.0,89391.28,2123631.89,42.0,3,35146.0,50191.13,12467.0,2,8,43026.0,29430.0,183.0,8,103,48122.0,Y,3067.72,current,M,66,LOW,18.400000000000002,7,269.0,1,12.0
11887,1187,15456.0,4881.94,908.5,9933.0,1148.0,1598.4,1111.0,12.0,34,1,8,3,62,350000,1,1,1.0,1,28.5,157000.0,12500.0,6885.0,36481.55,119359.0,40.0,5,68309.0,55243.28,53978.0,45,6,28127.16,33913.64,16510.58,6,83,47857.0,Y,20166.34,current,F,50,LOW,21.0,3,647.0,1,8.0
11888,18517,331884.0,316.0,1290.0,31449.31,1117.2,33671.5,1894.0,6.0,66,60,8,6,9,423000,1,1,1.0,1,55700.0,142608.5,6100.0,-5998.43994,141970.21,73097.0,40.0,4,42315.0,24874.35,36954.0,43,38,26615.0,99883.45,107847.73,7,11,42533.0,Y,1055.04,saving,M,27,MEDIUM,4.9,2,700.0,1,2.0
11889,19739,9102.0,7382.6,2125.0,1976.63,2354.0,23710.1,29748.06,44.0,65,47,30,1,8,587000,1,1,1.0,1,22086.05,93.35,8333.0,1332.0,69285.24,24040.0,18.0,0,19855.0,100421.87,40254.0,1,82,25790.0,55420.0,7648.0,10,8,40216.0,Y,85789.65,current,M,32,MEDIUM,8.4,8,921.0,1,6.0
11890,3355,12073.0,5664.01,2130.0,3001.2,1533.0,3206.0,4653.01,17.0,30,35,44,11,1,134000,1,1,1.0,1,766011.5,59306.0,891.0,-5715.49022999999,60119.92,102134.0,42.0,4,40793.0,49265.09,44597.34,6,29,55223.0,50507.29,18913.0,36,113,24899.0,Y,4073.65,current,M,62,MEDIUM,4.2,7,274.0,1,19.0
11891,10379,123359.0,32602.0,999.5,5031.5,2445.84,6835.0,30180.0,1.0,1,135,5,2,34,97000,1,1,1.0,1,68640.0,157000.0,3546.0,-6885.0,56737.78,61443.0,55.0,3,41662.0,126237.63,39347.66,70,20,61182.0,39163.5,58916.0,6,106,30781.27,Y,2927.65,current,M,58,LOW,22.8,10,594.0,1,5.0
11892,14034,37451.0,19826.265,1176.2,61695.63,913.4,21009.26,200112.0,124.0,37,38,3,6,47,47000,1,1,1.0,1,32951.25,385218.7,15756.0,5730.0,25210.23,96431.25,48.0,3,63053.0,13754.3,37450.0,47,4,20942.0,144495.52,8235.0,40,13,571.0,Y,1028.42,current,M,35,HIGH,4.5,5,583.0,1,18.0
11893,3603,16785.0,24727.69,7925.0,1893.15,3767.72,60175.89,321.0,92.0,85,60,8,4,54,369000,1,1,1.0,1,8758.2,446457.0,5981.0,1332.0,39269.0,60093.19,8.0,6,204000.0,24619.64,32560.0,43,82,28693.27,61794.0,167526.0,8,83,75439.0,Y,525.77,current,M,34,MEDIUM,11.200000000000001,7,486.0,0,14.0
11894,7732,19541.0,6632.92,5347.85,31527.5,7459.1,21900.0,4610.61,19.0,5,44,1,25,7,124000,1,1,1.0,1,506688.65,33668.0,12337.0,35346.0,72661.7,48227.91,4.0,4,16568.0,141483.75,12161.0,2,14,90536.0,52800.03,27400.0,4,21,38700.0,Y,5072.08,current,M,33,MEDIUM,13.0,5,249.0,1,2.0
11895,10505,92.0,2887.19,16231.49,18128.72,1586.16,5252.655,4732.0,3.0,10,59,50,44,1,212500,1,1,1.0,1,299037.15,15036.0,1633.0,20324.0,41584.47,104520.0,32.0,0,33321.0,107127.0,5483.0,70,20,581.0,165105.95,74358.0,12,32,40081.0,Y,10625.77,current,M,38,MEDIUM,9.0,3,249.0,1,2.0
11896,14627,688.0,3844.43,4494.0,27534.53,23903.5,7343.05,1848.83,16.0,99,59,1,2,3,68000,1,1,1.0,1,568.8,274285.17,100000.0,-3625.0,230297.79,82190.09,82.0,26,119062.0,37185.41,72997.5,1,20,30413.0,18003.1,11833.0,12,12,79744.0,Y,10112.03,current,M,66,HIGH,41.400000000000006,5,505.0,1,15.0
11897,4006,5542.0,28663.0,2887.89,52303.2,11615.0,14661.77,2825.0,8.0,50,13,7,56,81,84000,1,1,1.0,1,4941.45,93.35,3570.0,0.0,105787.24,89717.0,20.0,19,24386.0,56122.51,9145.0,5,8,19703.0,25357.75,38035.75,14,58,119952.0,Y,783.94,current,M,47,MEDIUM,24.3,8,518.0,1,13.0
11898,14449,12634.0,16191.35,250.47,16382.3,1844.0,3979.55,7779.0,9.0,25,4,25,14,30,15000,1,1,1.0,1,7089.7,15395.48,12560.0,6885.0,44355.55,31091.9,41.0,2,40977.0,27750.5,27550.0,7,7,54792.0,20501.8,71179.0,4,18,9879.0,Y,9276.1,current,M,47,LOW,16.2,6,966.0,1,4.0
11899,13979,20199.0,15730.0,4846.89,6831.0,174.0,41877.0,2245.0,32.0,77,67,10,12,34,139000,1,1,1.0,1,8256.6,500358.79,29542.0,4795.0,17899.5,12493.0,46.0,5,34322.0,418.86,93.0,2,2,23728.0,43612.0,27867.9,6,36,16595.0,Y,1869.33,current,M,30,MEDIUM,5.0,9,867.0,0,2.0
11900,3565,894.0,1085.0,183.0,16571.16,6081.04,2959.0,3121.04,44.0,10,67,1,48,20,307000,1,1,1.0,1,4839.6,234459.4,579.0,12163.0,15018.35,40739.0,11.0,1,90000.0,22068.48,46000.0,43,13,14121.0,230629.25,30378.0,2,83,22772.0,Y,17136.42,current,M,47,MEDIUM,2.7,10,325.0,1,6.0
11901,6369,22960.0,9282.22,4815.0,10401.57,4077.54,5505.0,2638.0,10.0,9,2,1,25,1,156000,1,1,1.0,1,94493.75,106398.0,5591.0,19453.0,43228.5,36314.0,42.0,0,17623.0,69811.32,22622.0,5,18,69009.0,80799.5,30958.98,2,1,80358.0,Y,39725.97,current,F,33,MEDIUM,6.5,6,748.0,1,8.0
11902,1679,9478.0,5334.26,7349.28,38776.4,6781.03,2270.55,1611.5,25.0,77,44,1,3,1,326000,1,1,1.0,1,1859872.2,64309.52,825.0,-6301.0,16068.0,49752.0,18.0,2,21290.0,202811.39,29139.0,2,86,65967.0,87933.24,49979.0,4,18,15038.0,Y,6243.86,current,M,66,LOW,13.8,7,486.0,1,5.0
11903,10811,1161.0,32826.21,3110.85,16158.47,279.0,12266.0,554.0,2.0,10,20,1,2,8,599000,1,1,1.0,1,165907.57,142608.5,5905.0,-4679.0,29316.67,24290.27,20.0,30,48000.0,28910.0,49679.5,47,82,8509.0,29544.04,37901.0,6,18,886.0,Y,1622.02,current,M,33,MEDIUM,11.700000000000001,4,924.0,1,11.0
11904,9572,9569.0,65415.0,1548.0,45668.43,2160.0,864.0,19810.0,66.0,11,4,1,12,4,102000,1,1,1.0,1,46730.2,51445.0,2156.0,-5998.43994,59343.0,46765.0,46.0,2,19517.0,24170.88,182908.0,6,7,55981.0,61862.0,37096.0,39,50,32650.0,Y,4066.18,current,M,42,MEDIUM,6.6000000000000005,8,385.0,1,4.0
11905,12358,6695.0,2943.0,12701.75,23369.38,5816.0,17210.835,12803.75,1.0,29,7,2,16,47,46000,1,1,1.0,1,151000.0,1475000.0,6100.0,-5942.0,24700.75,58301.0,35.0,3,60173.0,60927.4,5083.2,3,2,43853.0,38750.68,243522.0,3,18,39850.0,Y,11181.03,current,M,49,LOW,20.3,9,454.0,0,9.0
11906,1161,7198.0,9318.04,1999.37,13027.7,19091.01,15763.5,2488.0,5.0,8,60,2,60,2,80000,1,1,1.0,1,130319.0,13299.0,798.0,6613.0,104671.85,66274.0,10.0,5,26717.0,119922.65,41079.0,9,12,23500.0,23571.84,192811.0,6,104,41705.0,Y,17201.73,current,M,33,LOW,9.1,10,488.0,0,13.0
11907,13282,22046.0,3349.68,2549.9,2542.0,3139.9,1281.56,2647.42,10.0,10,23,26,4,47,16000,1,1,1.0,1,2.13,251131.79,610000.0,-4612.00977,60001.08,40484.0,29.0,3,17587.0,26746.5,153026.0,1,59,23088.0,64718.07,51985.19,4,12,2368.0,Y,1210.18,current,M,63,MEDIUM,38.7,10,683.0,0,19.0
11908,14316,7953.0,20913.0,27738.94,1832.66,6986.93,20382.7,7274.0,5.0,26,73,30,1,42,120000,1,1,1.0,1,568.8,39833.19,25524.0,277.0,50528.7,514107.0,2.0,5,63728.0,481.0,31640.0,31,70,48000.0,119374.68,164573.0,2,80,46972.0,Y,1135.51,current,M,37,LOW,13.600000000000001,3,534.0,0,18.0
11909,18350,100734.0,4643.79,2870.15,4881.0,2916.91,2659.0,41877.5,136.0,99,72,30,25,5,52000,1,1,1.0,1,9608.3,273221.0,57899.0,12415.0,65162.04,79566.0,10.0,4,39031.0,36780.0,196.74,5,8,263400.0,41889.66,41864.0,2,49,18200.0,Y,519.38,saving,F,47,LOW,27.0,10,723.0,1,17.0
11910,18292,12910.0,120601.07,5114.2,9782.0,7260.5,28656.72,4912.0,4.0,77,4,5,1,34,579000,1,1,1.0,1,13929.95,85300.0,14754.0,5464.0,14022.88,70771.0,52.0,3,23349.0,7219.66,9113.0,2,7,12857.0,472.0,113985.54,7,32,68048.0,Y,2687.4,current,M,37,LOW,3.4000000000000004,8,737.0,1,13.0
11911,12620,6189.0,43195.98,3358.0,482.0,14130.0,5593.725,2376.0,1.0,17,5,2,2,68,19000,1,1,1.0,1,81284.7,108788.0,90525.0,277.0,148310.55,208588.0,6.0,0,21614.0,62109.42,57065.0,2,82,27869.0,28298.52,63026.08,21,11,48560.0,Y,4418.76,saving,M,47,LOW,13.5,4,331.0,0,10.0
11912,12491,139538.0,2712.84,865.0,8428.2,9149.15,28302.0,379.0,8.0,10,4,82,31,98,234000,1,1,1.0,1,1112.4,60040.0,13873.0,-5942.0,184613.03,43132.92,62.0,26,117752.0,103211.5,20377.0,43,5,71698.0,11972.88,18955.0,4,18,15340.0,Y,12320.39,current,M,222,MEDIUM,20.200000000000003,9,606.0,1,4.0
11913,19912,856.0,684.0,1121.0,10237.59,4906.0,1626.0,614.0,26.0,36,13,24,27,17,375000,1,1,1.0,1,881.0,71256.0,5540.0,10210.0,32817.22,42859.99,29.0,2,1249.0,10880.0,287254.0,2,171,38019.22,44428.74,44752.0,94,35,35714.0,Y,1311.11,current,M,29,MEDIUM,5.4,2,386.0,0,3.0
11914,1491,15907.0,18442.38,1837.0,3553.96,3516.0,282.0,4653.01,6.0,1,74,2,3,98,304000,1,1,1.0,1,137260.8,251131.79,655.0,5773.0,18258.43,96709.91,46.0,4,19861.0,39988.75,258.0,3,81,52971.0,9524.0,21495.0,4,1,18032.0,Y,32889.01,current,M,33,LOW,11.700000000000001,2,863.0,1,10.0
11915,18165,18294.0,5730.93,64804.0,3495.0,3337.94,111681.22,2785.0,56.0,8,4,21,3,81,75000,1,1,1.0,1,81284.7,74599.9,130000.0,5340.0,32791.85,62104.0,147.0,0,26070.0,29209.56,123081.41,6,23,55220.0,62956.7,20703.0,6,61,28752.5,Y,1584.63,current,M,34,LOW,4.2,2,818.0,0,8.0
11916,6559,7037.0,2988.76,5347.85,6373.0,9318.7,33578.105,2033.0,25.0,5,52,44,3,1,28000,1,1,1.0,1,16387435.0,992890.32,13873.0,26601.0,89678.96,144266.5,46.0,26,17713.0,230642.95,45474.08,6,4,19688.0,32133.14,50500.0,94,49,30418.0,Y,4126.35,current,M,32,MEDIUM,6.0,7,748.0,1,15.0
11917,6232,11833.0,24592.7,34247.53,12805.32,6781.03,14237.165,903.0,6.0,7,49,1,4,34,75000,1,1,1.0,1,33664.3,119445.0,100000.0,-6301.0,165076.55,222183.0,16.0,5,22587.0,204403.06,74023.81,9,9,67634.0,109852.36,91724.0,4,7,30500.0,Y,3000.41,current,M,44,MEDIUM,7.2,3,683.0,1,7.0
11918,18877,8535.0,26980.9,2134.72,46926.02,2406.0,5713.41,8112.99,4.0,1,5,3,1,9,256000,1,1,1.0,1,12315.0,19.39,24619.0,-5439.0,45601.0,28533.0,12.0,7,35274.0,54024.0,29044.0,2,24,217640.0,87488.2,32881.0,13,22,10903.0,Y,1620.51,current,M,35,MEDIUM,4.5,4,538.0,1,14.0
11919,16867,14616.0,28156.37,2686.01,13284.88,2047.0,864.0,11893.12,7.0,5,4,20,2,62,16000,1,1,1.0,1,98543.96,1187335.5,5591.0,6916.0,28105.04,41493.0,52.0,31,30863.0,101657.37,305082.0,70,4,5577.0,55336.22,21655.0,4,83,21960.0,Y,747.23,current,M,47,MEDIUM,10.8,3,799.0,1,13.0
11920,7426,4698.0,647.47,3463.04,15803.95,1454.0,14016.43,1144.44,531.0,50,13,3,2,1,147000,1,1,1.0,1,291969.2,235.17,30040.0,1332.0,7338.45,37467.0,42.0,1,39422.0,175123.95,39363.0,2,108,43900.0,17116.76,8963.0,11,10,22720.0,Y,1533.47,current,M,33,MEDIUM,9.1,5,588.0,1,9.0
11921,13126,5513.0,1088.06,3009.8,64009.72,1548.34,4938.09,3070.0,2.0,10,61,4,1,70,483000,1,1,1.0,1,6440.0,1194405.5,105000.0,20324.0,15015.47,46255.0,8.0,6,18757.0,13291.53,18862.73,2,6,103000.0,39370.59,65124.25,2,2,92482.0,Y,2323.42,current,M,42,MEDIUM,4.4,2,506.0,1,4.0
11922,13063,5723.0,75689.0,5179.74,1649.0,8398.0,1394.53,868.5,10.0,10,27,24,36,56,44000,1,1,1.0,1,10006.2,242827.0,14904.0,-4679.0,13766.25,126797.5,147.0,19,17288.0,127190.75,57111.63,2,8,15167.0,117295.53,14549.0,5,1,97.0,Y,1819.85,current,M,47,LOW,16.2,3,623.0,1,8.0
11923,11477,8608.0,18367.0,11523.44,1782.0,12069.11,16637.43,3070.0,4.0,34,112,8,2,56,371000,1,1,1.0,1,12850544.36,130660.0,3570.0,-4664.0,39342.34,27382.5,10.0,2,78056.0,10005.42,36091.43,2,23,30098.0,11334.18,178197.0,6,79,69169.0,Y,9505.85,current,M,47,LOW,2.7,3,908.0,0,17.0
11924,18032,19338.0,7705.54,5822.0,31470.0,145272.42,1107.0,1503.0,7.0,77,5,48,1,68,345000,1,1,1.0,1,48422.7,1194405.5,49975.0,844.0,3868.0,63069.0,77.0,1,44200.0,169.88,38211.38,3,27,450000.0,67201.5,31367.0,4,63,49468.0,Y,3352.38,current,M,29,MEDIUM,6.300000000000001,7,964.0,1,9.0
11925,15794,5276.0,11774.43,3036.0,1612.85,2337.15,42973.0,332.28,44.0,17,9,8,9,4,378000,1,1,1.0,1,568.8,165970.9,25000.0,12174.0,137731.5,92777.0,29.0,26,49673.0,22867.79,56.0,5,50,61622.0,37052.5,102964.0,11,113,197514.0,Y,930.0,current,M,37,LOW,15.3,7,516.0,0,14.0
11926,5366,392.0,24966.81,8733.93,21634.3,1157.0,2754.0,4776.42,1.0,85,67,5,60,11,232000,1,1,1.0,1,13732.93,110175.0,11379.0,173.0,33561.0,116876.97,46.0,3,344.0,37792.98,29798.0,43,4,20224.0,23666.51,55390.2,5,12,27884.0,Y,208.06,current,F,53,LOW,33.0,3,886.0,1,3.0
11927,18108,18617.0,12147.78,220.75,24113.0,738.0,2511.1,10279.0,8.0,77,29,5,6,1,17000,1,1,1.0,1,23221.65,67555.67,45000.0,12965.0,44747.85,85935.0,7.0,29,41254.0,102723.63,60463.0,4,7,23569.0,3550.0,165543.0,12,12,34279.0,Y,3117.74,current,M,47,LOW,24.3,4,653.0,1,6.0
11928,6438,7739.0,39693.93,4843.0,25384.32,2700.0,1756.38,3828.2,7.0,23,10,35,1,3,114000,1,1,1.0,1,291969.2,3084.5,12016.0,-4679.0,79081.41,57605.0,9.0,2,21159.0,26885.12,45015.0,2,82,28765.0,100752.42,77164.0,8,103,17249.0,Y,529.89,current,M,47,MEDIUM,27.0,4,883.0,1,18.0
11929,19833,10315.0,20479.94,1985.08,17299.94,8826.17,1704.0,745.0,531.0,6,47,3,51,2,520000,1,1,1.0,1,9255.43,470000.0,12016.0,10455.0,27125.0,27950.0,39.0,1,23770.0,53835.56,30837.24,9,14,35203.0,4710.07,175504.0,3,25,62085.0,Y,16545.28,current,M,62,LOW,8.4,10,799.0,1,19.0
11930,2910,18181.0,27145.0,2849.0,4359.99,558.01,913.78,10792.56,92.0,2,29,47,1,5,576000,1,1,1.0,1,146931.8,218670.0,3975.0,1500.0,12143.52,33316.0,42.0,4,53109.0,52151.0,20417.0,1,14,124950.0,15643.0,43143.0,39,18,40542.0,Y,5341.23,current,M,47,MEDIUM,13.5,9,244.0,0,6.0
11931,17203,8889.0,13876.0,7268.0,13756.5,565.0,8149.0,3782.0,531.0,71,11,5,2,47,296000,1,1,1.0,1,12.19,440000.0,25524.0,1332.0,191780.0,41153.0,80.0,1,23317.0,370718.76,39976.0,17,27,24422.0,59460.49,11171.0,4,32,59413.0,Y,6756.42,current,F,40,MEDIUM,14.0,4,799.0,0,2.0
11932,3795,19307.0,25135.52,1754.0,5675.04,13155.0,2491.0,7697.0,67.0,3,47,24,21,68,267000,1,1,1.0,1,199690.5,6.0,4000.0,6916.0,228032.23,25694.0,42.0,23,18470.0,24798.99,69324.0,1,12,38989.0,38724.63,20783.0,3,18,18849.0,Y,6756.42,current,M,53,MEDIUM,19.8,2,653.0,1,6.0
11933,11095,17891.0,8393.0,7664.15,991.45,364.0,20116.87,568.0,10.0,38,7,1,1,2,190000,1,1,1.0,1,17402.2,218670.0,3850.0,12163.0,10523.84,21266.0,103.0,1,25353.0,30532.55,66672.0,7,6,18643.0,38083.25,28676.0,5,76,129018.0,Y,795.04,current,M,30,MEDIUM,4.0,9,908.0,1,13.0
11934,2432,4905.0,18560.26,20586.0,55464.99,2784.8,17124.4,5441.0,44.0,23,74,8,4,1,199999,1,1,1.0,1,94127.1,182359.2,6000.0,5340.0,61844.52,91928.0,6.0,36,42644.0,197421.13,759757.0,1,4,13766.0,20149.0,21232.0,94,8,83069.0,Y,8359.12,saving,M,30,MEDIUM,10.0,3,325.0,0,5.0
11935,2829,10801.0,2292.5,6619.0,14130.71,10083.25,25595.125,2520.0,7.0,26,87,1,2,2,17000,1,1,1.0,1,42460.6091,1752254.0,60000.0,1465.0,135173.75,59554.77,18.0,43,159847.0,74356.78,4148625.0,20,12,197993.98,55873.58,43635.0,49,68,29825.0,Y,3312.4,current,M,30,MEDIUM,2.0,3,956.0,1,3.0
11936,1669,8952.0,2609.08,811.0,14918.07,17302.0,13262.005,940.05,17.0,42,1,8,14,79,156000,1,1,1.0,1,2014.8,31033.0,16004.0,6885.0,162787.14,37711.41,11.0,5,194049.0,28137.0,34292.0,6,86,17876.0,17327.36,36778.73,94,58,166000.0,Y,756.7,current,M,28,HIGH,5.6000000000000005,9,801.0,0,3.0
11937,3679,170849.0,67550.6,4818.0,491.0,1524.6,9397.25,1654.0,8.0,8,14,15,24,75,112000,1,1,1.0,1,21745.0,50700.0,130000.0,3897.0,124647.9,53379.13,42.0,36,19157.0,44033.09,86080.91,45,25,44915.0,50364.01,125626.27,3,83,46548.0,Y,1893.93,saving,F,33,MEDIUM,13.0,2,454.0,1,12.0
11938,17241,12462.0,9312.94,456.0,27034.0,318.0,2916.98,15472.21,1.0,8,50,1,2,20,302000,1,1,1.0,1,81284.7,446457.0,3975.0,903.0,362353.14,37226.0,20.0,26,26087.0,1998844.5,29828.5,7,25,132082.0,22410.71,35062.74,117,6,16969.0,Y,8957.93,current,M,47,MEDIUM,27.0,5,537.0,1,19.0
11939,19858,7508.0,2574.63,2132.0,19723.0,4177.0,13318.87,6170.0,3.0,36,82,1,3,3,119000,1,1,1.0,1,46730.2,280000.0,78309.0,4795.0,21027.61,47169.0,87.0,6,79337.09,30826.13,97330.0,4,63,41101.0,58988.14,26497.0,6,18,12647.0,Y,8141.93,current,M,38,MEDIUM,1.8,4,324.0,1,4.0
11940,3057,16545.0,426.0,6532.0,12704.45,5450.7,6955.845,17939.52,12.0,36,14,50,1,8,34000,1,1,1.0,1,225823.8,60040.0,711.0,6916.0,7183.29,50244.0,42.0,11,57410.0,17107.28,25901.0,4,105,38157.0,99847.46,128693.0,21,27,73492.0,Y,5094.62,current,F,118,LOW,19.6,4,883.0,1,6.0
11941,1345,4239.0,3527.54,1499.4,7272.85,3347.0,1423.88,609.43,101.0,2,50,47,25,47,212500,1,1,1.0,1,124929.75,110135.86,8943.86,6916.0,22460.47,933699.0,12.0,15,35761.0,11650.94,27069.0,4,29,33328.0,115337.64,30604.1,9,39,18640.5,Y,1081.94,current,M,58,MEDIUM,38.0,4,516.0,1,14.0
11942,10780,97762.0,8012.16,6104.3,45187.0,10204.52,4620.21,1792.06,4.0,42,35,17,2,41,232000,1,1,1.0,1,3950.0,116000.0,300500.0,6885.0,54413.51,36039.0,18.0,0,68314.0,79541.46,20722.0,43,81,40552.0,195941.12,35933.76,117,7,22746.0,Y,227.13,current,M,42,MEDIUM,11.0,8,658.0,0,4.0
11943,1900,29634.0,46850.6,1289.0,34258.61,4887.0,420.27,2141.0,7.0,11,89,19,2,54,402000,1,1,1.0,1,60050.0,143000.0,1052.0,173.0,48948.61,62786.0,16.0,9,20119.0,19355.0,30598.0,9,8,143859.0,144667.07,112108.25,3,80,57577.0,Y,34723.41,current,M,42,MEDIUM,11.0,7,805.0,1,8.0
11944,476,18159.0,53569.97,4010.42,8347.67,10834.97,3660.215,4066.0,4.0,16,46,15,14,47,114000,1,1,1.0,1,871.5,14000.0,15756.0,13135.0,21168.5,83059.0,7.0,1,9321.0,24957.75,26312.0,1,171,99.87,139612.0,98251.0,13,24,27939.0,Y,6443.24,current,M,64,HIGH,26.400000000000002,9,536.0,1,19.0
11945,12378,12689.0,41279.9,1641.72,2295.0,366.0,2108.78,4203.0,10.0,23,52,8,1,4,102000,1,1,1.0,1,153410.0,134000.0,49975.0,-5998.43994,55197.26,252722.0,16.0,13,32971.0,56454.07,8283.0,9,44,21567.0,499295.18,32188.0,3,103,14830.0,Y,18.59,current,M,62,MEDIUM,33.6,2,748.0,1,18.0
11946,315,11950.0,38698.0,3617.59,16324.0,2629.2,1527.29,772.0,5.0,7,4,1,1,1,234000,1,1,1.0,1,2184.0,760470.3,5905.0,2921.0,20756.5,13423.0,10.0,30,16854.0,5439.5,108209.0,3,20,23500.0,110804.8,34579.0,36,11,42640.0,Y,297.01,current,M,28,MEDIUM,1.6,9,801.0,1,14.0
11947,14499,171356.0,817.0,13206.31,6486.0,4557.0,1351.5,1361.1,2.0,3,19,5,60,5,595000,1,1,1.0,1,53530.07,3.0,68000.0,5439.0,15729.65,107806.0,16.0,9,15183.0,10684.53,78375.0,2,24,84402.0,29136.22,283563.54,4,80,121870.0,Y,9466.04,current,M,32,MEDIUM,4.800000000000001,10,858.0,1,8.0
11948,16484,6628.0,35560.0,5677.0,3821.34,7374.2,2491.0,2236.0,16.0,38,5,3,3,98,375000,1,1,1.0,1,384550.05,465000.0,610000.0,6441.0,312495.32,52953.0,40.0,26,29647.0,25869.09,843024.0,2,6,3125.0,62899.94,115829.0,12,12,52042.0,Y,1657.55,current,M,32,MEDIUM,6.0,7,882.0,1,11.0
11949,18312,290082.0,2665.48,9282.69,4716.36,941.68,1903.185,413.0,12.0,16,67,6,4,26,109000,1,1,1.0,1,2100.0,1084598.7,105000.0,0.0,80616.9,20089.0,11.0,0,52750.0,61882.0,30034.0,47,75,62816.0,70944.02,100903.5,4,18,65256.0,Y,98.34,saving,M,30,MEDIUM,2.0,8,911.0,0,16.0
11950,6835,7534.0,1025.5,19561.36,18282.23,3743.0,4796.11,484.0,18.0,2,6,1,21,56,358000,1,1,1.0,1,67833.35,64491.0,68000.0,0.0,48551.77,37144.0,11.0,26,19421.0,75786.15,94382.26,3,11,190123.0,60396.09,31069.0,22,80,64750.0,Y,4388.67,saving,M,60,LOW,12.0,2,523.0,1,20.0
11951,4807,19430.0,109874.39,23146.0,4612.13,1434.0,6081.76,4858.0,7.0,26,112,3,18,42,350000,1,1,1.0,1,105453.65,29479.0,954.0,1332.0,15830.7,80245.0,147.0,19,16218.0,19919.39,58123.0,1,40,13543.0,39132.0,63509.0,13,106,22729.0,Y,3367.42,current,M,42,MEDIUM,8.8,1,525.0,1,19.0
11952,13108,10120.0,33917.05,2461.0,20827.6,7513.0,4801.0,79043.0,104.0,128,59,8,3,10,102000,1,1,1.0,1,3967.5,25172.0,5540.0,4795.0,21651.0,115287.91,43.0,23,97328.0,4755.54,17153.4,2,21,21704.0,71816.66,76268.88,43,39,61717.0,Y,403.81,current,M,220,MEDIUM,100.0,8,801.0,1,13.0
11953,19413,1172.0,16362.0,361.0,31413.44,713.84,4847.0,4463.41,19.0,10,50,1,17,79,100000,1,1,1.0,1,83688.0,53749.0,925.0,1500.0,33632.27,26674.0,11.0,26,29200.0,21003.33,50098.0,1,81,2168.0,177707.11,210981.39,8,104,35241.0,Y,4313.07,current,M,47,MEDIUM,18.900000000000002,1,623.0,1,7.0
11954,13352,141176.0,5328.84,13451.35,9363.45,39796.09,3426.0,583.0,14.0,10,112,41,60,1,378000,1,1,1.0,1,4834.55,1187335.5,2214.0,2351.0,68532.81,1497.0,42.0,3,65177.0,25499.75,24340.81,70,12,94500.0,29135.3,9335.0,19,79,123997.0,Y,5218.06,current,M,28,MEDIUM,1.6,1,366.0,1,16.0
11955,8221,87026.0,12468.94,7284.16,14420.34,5209.75,4547.0,3126.0,29.0,10,4,17,2,6,337000,1,1,1.0,1,10535967.5,1024477.47,694.0,6885.0,43069.25,101569.5,40.0,4,23642.0,19898.5,52967.0,2,4,14358.0,109739.82,61668.38,3,79,73713.0,Y,1324.33,current,M,35,MEDIUM,7.5,5,346.0,1,8.0
11956,11347,8159.0,9111.25,4060.0,9991.79,656.67,7259.0,10666.0,10.0,5,29,8,2,3,120000,1,1,1.0,1,32877.41,184514.0,12000.0,0.0,12255.75,33316.0,70.0,2,32089.0,11954.0,34662.0,2,20,28765.0,11826.94,21566.0,40,50,24566.0,Y,12778.23,current,F,62,HIGH,12.600000000000001,10,249.0,1,16.0
11957,10149,9391.0,62761.07,4226.6,40727.9,3939.0,998.68,6308.48,10.0,5,3,1,1,3,87000,1,1,1.0,1,53374.97,10947.0,13533.0,1931.0,133633.82,30873.97,79.0,2,16502.0,25148.75,148034.0,7,28,2985.0,78743.64,24920.08,3,8,12292.0,Y,17100.89,current,M,36,MEDIUM,16.0,5,428.0,0,20.0
11958,6340,30663.0,12820.11,15068.0,27641.0,6279.0,334.0,5237.0,8.0,26,67,5,25,8,400000,1,1,1.0,1,168.75,205000.0,24000.0,553.0,5873.33,23434.97,36.0,36,24434.0,49364.45,8033.0,1,108,31501.0,6972.0,5342.0,7,39,35494.42,Y,13118.67,current,M,223,MEDIUM,162.4,9,860.0,1,6.0
11959,17891,6980.0,1460.1,690.01,3195.58,577.93,70835.0,4684.13,2.0,9,3,4,18,8,337000,1,1,1.0,1,137260.8,53749.0,4458.0,12415.0,43754.2,91513.5,15.0,13,26612.0,47613.39,17288.0,1,171,4035.0,41506.21,32503.59,8,12,152212.0,Y,4900.3,current,F,47,MEDIUM,8.1,8,644.0,1,14.0
11960,18055,170273.0,4647.0,885.5,15093.42,100564.0,3027.0,1029.0,52.0,37,3,3,24,80,350000,1,1,1.0,1,71020.5,267421.4,36114.0,173.0,31168.62,65046.47,39.0,36,24935.0,65913.07,2168.0,5,8,103753.0,65411.5,11665.0,8,32,66778.0,Y,8387.2,current,M,53,MEDIUM,16.5,9,385.0,1,15.0
11961,18392,117180.0,8059.0,3622.59,16675.79,36179.35,15782.75,4824.38,6.0,10,67,10,12,44,306000,1,1,1.0,1,51291.45,134890.0,19081.0,1500.0,38435.0,65355.25,90.0,6,13428.0,46136.53,26821.0,2,108,32803.0,107825.21,783.0,7,32,178274.0,Y,26132.06,current,M,118,MEDIUM,98.0,8,937.0,1,15.0
11962,8640,16844.0,61339.12,1446.0,16932.98,1227.1,6744.97,204.0,10.0,36,27,3,1,1,576000,1,1,1.0,1,168.75,267421.4,28913.0,3735.0,22843.0,12061.88,42.0,9,64192.0,45350.45,54943.0,2,20,14999.0,9655.76,157972.0,3,3,49686.0,Y,602746.37,current,M,39,MEDIUM,7.6000000000000005,7,623.0,1,17.0
11963,7985,13597.0,67183.18,9621.0,15498.0,2913.65,11475.87,1564.0,4.0,84,50,1,1,3,293000,1,1,1.0,1,249060.0,148150.33,73501.0,6441.0,31621.75,28668.0,15.0,1,34307.0,126223.65,80326.5,7,82,23873.0,4285.55,3313.0,2,65,28651.0,Y,8118.68,current,M,58,LOW,22.8,9,537.0,1,12.0
11964,10133,11513.0,6330.86,2873.0,6654.0,2491.44,926.0,9934.61,124.0,8,14,1,25,34,25000,1,1,1.0,1,4230125.0,157624.24,96558.0,3897.0,663.25,54113.0,79.0,2,102695.25,30377.01,195055.2,1,20,11738.0,82035.55,106380.0,44,107,11529.0,Y,18175.75,current,M,29,MEDIUM,2.7,5,866.0,1,13.0
11965,6436,28431.0,11792.0,3164.77,4976.44,151.01,10063.0,3225.98,6.0,14,3,2,3,3,366000,1,1,1.0,1,1581000.0,376694.91,768.0,-4324.0,63654.0,106985.68,82.0,15,14442.0,57122.88,13341.0,50,20,29516.0,91456.75,14449.0,6,103,15989.0,Y,5999.78,current,M,47,LOW,13.5,8,582.0,1,10.0
11966,3055,18120.0,10075.81,6101.9,7467.93,4815.93,10984.0,3963.0,3.0,43,112,3,11,1,519000,1,1,1.0,1,20747.5,156215.3,3975.0,5350.0,169801.36,22808.0,77.0,3,38262.0,34480.61,55952.85,3,108,38535.25,1985.5,54244.18,94,68,62979.0,Y,4583.62,current,M,66,MEDIUM,18.400000000000002,6,259.0,1,5.0
11967,11141,17528.0,3159.62,1289.0,19193.13,87479.0,5590.0,3096.1,1.0,30,89,8,12,70,44000,1,1,1.0,1,91.6,187788.1,3570.0,167.0,16633.44,1194.0,62.0,0,34957.0,34630.29,130032.0,43,69,44338.96,15134.88,114337.0,8,18,25394.0,Y,4634.27,current,M,30,MEDIUM,4.0,4,713.0,1,10.0
11968,9193,400.0,25654.91,2862.48,17820.16,16077.96,247.52,3150.8,2.0,9,4,3,25,13,170000,1,1,1.0,1,5809950.0,343342.9,4367.0,7478.0,33288.2,69473.75,77.0,36,17319.0,197484.13,27189.13,4,18,77500.0,9249.0,320536.84,46,11,6878.0,Y,3850.84,current,M,53,MEDIUM,16.5,1,866.0,1,7.0
11969,12318,287119.0,5227.0,5146.0,3955.0,2445.84,8331.0,3015.01,12.0,30,49,62,1,81,232000,1,1,1.0,1,9542.5,254348.9,20000.0,6885.0,30900.38,40237.0,46.0,13,23451.0,86207.38,52784.0,43,21,37190.83,18664.09,133191.0,12,22,35895.0,Y,890.99,current,M,30,LOW,1.0,6,354.0,1,15.0
11970,15269,4762.0,8370.25,3825.0,36299.36,146229.0,11365.105,577.8,4.0,77,87,1,6,8,152000,1,1,1.0,1,111.0,64491.0,78309.0,1500.0,106063.51,30197.0,40.0,0,54611.0,81904.88,130497.0,3,50,89161.0,171508.5,28059.0,4,83,59859.0,Y,23366.64,current,M,29,LOW,4.5,8,538.0,1,11.0
11971,10171,7939.0,31642.0,421.0,12803.2,645.03,11174.0,12206.08,10.0,18,50,22,1,80,595000,1,1,1.0,1,15279.79,3084.5,300500.0,167.0,11405.0,96434.44,16.0,5,27018.0,41727.0,88905.0,3,29,88907.0,30974.7,50041.0,47,8,47740.0,Y,1909.01,current,M,220,LOW,100.0,9,743.0,1,12.0
11972,17059,16337.0,3916.24,894.0,957.0,4002.77,32143.495,2790.0,4.0,20,1,3,55,81,232000,1,1,1.0,1,449275.0,6574.31,90525.0,1332.0,27573.44,25026.0,43.0,35,1846.36,76986.25,127032.93,6,20,36914.0,3777.84,40039.0,4,12,19278.0,Y,3593.73,current,M,47,MEDIUM,10.8,5,966.0,1,16.0
11973,10134,5363.0,11504.28,2407.6,1333.0,8980.91,8566.71,5046.0,24.0,128,82,52,3,4,293000,1,1,1.0,1,13659.0,234459.4,183999.0,1014.0,15935.23,25574.0,91.0,1,15101.0,3333.74,20056.0,3,38,4750.0,12127.99,20458.0,21,3,14798.0,Y,5247.31,current,M,30,MEDIUM,1.0,1,683.0,1,11.0
11974,10030,18080.0,29913.5,4085.08,21177.17,2700.0,11441.5,17570.22,124.0,18,6,1,27,5,191000,1,1,1.0,1,568.8,4550727.2,16215.0,-6281.37987999999,1599.25,71104.64,69.0,36,45583.0,23051.77,15164.0,2,46,74310.0,39297.67,12783.5,3,25,44448.97,Y,8425.43,saving,M,33,MEDIUM,5.2,4,643.0,1,16.0
11975,11779,14651.0,9271.22,1915.0,1700.0,1380.12,3935.0,17570.22,9.0,5,50,2,14,11,199999,1,1,1.0,1,5215.0,98110.0,936.0,1992.0,64312.13,18619.0,2.0,19,34282.0,15728.0,5064.0,2,59,21600.0,95058.24,29409.0,13,12,53513.0,Y,2677.11,current,M,40,MEDIUM,6.0,4,505.0,1,5.0
11976,7733,499.0,17269.88,908.5,640.34,381.0,2625.31,1085.0,66.0,4,82,53,23,2,340000,1,1,1.0,1,199690.5,50034.93,57899.0,1500.0,26450.09,11035.0,42.0,6,39543.16,57913.57,79275.0,3,8,22254.0,32071.0,25820.25,16,79,68552.0,Y,25375.27,current,M,30,LOW,4.0,2,249.0,1,15.0
11977,3872,6916.0,36606.0,5468.0,6808.19,908.0,1860.08,25239.0,100.0,65,49,4,2,17,483000,1,1,1.0,1,13180.0,60481.0,93651.0,1089.0,107097.07,149332.0,8.0,26,15867.0,121735.63,84185.0,2,82,73902.0,44449.63,2506172.0,94,106,16190.0,Y,2586.28,current,M,37,HIGH,13.600000000000001,4,505.0,1,2.0
11978,3266,19199.0,3988.43,4754.99,57740.05,2665.0,15181.27,3962.0,6.0,99,3,2,3,11,187000,1,1,1.0,1,871.5,96096.0,18257.0,14509.0,24402.46,34118.5,11.0,1,2000.0,30119.0,52995.0,11,20,50150.0,4199.0,44840.0,3,80,22356.0,Y,157226.45,current,M,33,MEDIUM,2.6,8,799.0,0,19.0
11979,3320,14165.0,1813.04,2861.21,16447.6,12633.0,1381.5,2768.0,17.0,5,10,48,3,79,395000,1,1,1.0,1,3030975.0,194099.3,300500.0,12163.0,35932.95,19060.0,11.0,0,20245.0,91223.39,40407.0,43,1,7672.0,2003.0,28712.0,49,8,183.0,Y,78966.76,current,M,55,LOW,17.5,8,355.0,1,14.0
11980,6399,7287.0,5362.82,423.0,1757.06,4337.6,987.0,908.0,56.0,5,87,1,1,22,59000,1,1,1.0,1,970271.35,7242.09,925.0,3897.0,15974.66,25123.0,42.0,7,21339.0,13409.88,371841.0,35,20,19572.0,173804.39,53260.0,2,83,150006.83,Y,33874.7,current,M,46,LOW,7.800000000000001,8,818.0,1,6.0
11981,19767,232769.0,56700.0,4214.62,19635.7,13561.0,3088.475,6949.0,4.0,84,16,4,4,55,525000,1,1,1.0,1,134985.0,160498.0,583.0,-5715.49022999999,59867.85,203819.0,55.0,23,52574.0,23674.5,9766.0,6,9,17755.0,59437.75,40389.93,3,18,38177.0,Y,2504.19,current,F,30,MEDIUM,8.0,6,508.0,0,5.0
11982,12714,27574.0,3124.0,39125.0,11710.0,2876.0,1305.14,334.22,12.0,29,4,2,37,98,358000,1,1,1.0,1,3080625.0,278360.16,5905.0,-4664.0,531768.0,66317.0,22.0,31,48029.0,101782.11,76324.5,0,1,16382.0,22965.81,28770.0,2,57,171.0,Y,169.0,current,M,56,MEDIUM,3.6,9,355.0,1,2.0
11983,17473,3423.0,6248.59,1939.0,48593.0,68.1,5518.0,4536.0,24.0,85,7,22,1,10,58000,1,1,1.0,1,48675.31,376694.91,48950.0,553.0,67039.32,30006.0,62.0,1,16161.0,136301.61,78373.0,43,44,44333.0,68670.17,285.0,43,12,23434.0,Y,2237.55,current,M,47,MEDIUM,5.4,9,353.0,1,16.0
11984,8639,5200.0,316.0,5533.68,6373.0,5906.6,11004.0,7531.0,10.0,47,50,1,4,47,167000,1,1,1.0,1,154363.25,142608.5,1036.0,-5998.43994,62313.75,10265.0,11.0,3,30863.0,109082.7,23528.0,3,8,86644.0,22753.11,75800.0,117,52,62966.0,Y,3097.11,current,F,53,MEDIUM,9.9,7,249.0,0,10.0
11985,11847,17539.0,20967.85,9089.0,16296.72,1165.38,4317.0,4441.0,44.0,5,14,4,25,47,272000,1,1,1.0,1,86865.0,190887.4,3792.0,5340.0,10124.0,38957.5,4.0,30,62550.0,19478.13,201064.0,11,34,40472.65,171303.67,3413.0,2,67,79464.0,Y,2013.53,current,M,27,MEDIUM,6.300000000000001,1,245.0,1,10.0
11986,15716,126240.0,1860.86,3717.0,1408.0,364.0,2516.0,1841.35,8.0,22,49,5,2,4,345000,1,1,1.0,1,223000.0,992890.32,60000.0,2337.0,21257.88,23938.88,2.0,3,14345.0,53459.55,26890.0,43,20,19454.0,40259.0,149290.0,5,32,33384.0,Y,3994.23,current,F,58,MEDIUM,19.0,9,640.0,0,4.0
11987,197,8545.0,10889.0,2289.0,8437.5,7151.0,5584.0,3313.0,44.0,26,4,10,51,47,518000,1,1,1.0,1,24832.0,201000.0,1630.0,977.0,45988.48,45427.0,7.0,1,62550.0,32510.18,11955.0,30,20,98500.0,44046.89,194857.0,3,50,145370.0,Y,1304.11,current,M,62,LOW,29.400000000000002,6,558.0,1,17.0
11988,10350,14445.0,24019.47,17900.0,2392.985,8682.0,10245.61,2537.74,4.0,85,59,3,14,1,471000,1,1,1.0,1,13732.93,201000.0,16004.0,5340.0,44464.6,67412.28,10.0,6,46626.0,86041.55,45512.0,5,8,15573.0,69868.25,39399.58,117,58,48439.0,Y,9348.46,saving,M,66,MEDIUM,13.8,8,614.0,0,16.0
11989,19269,299005.0,8600.34,9760.0,46581.69,7133.0,14247.0,1132.04,25.0,7,87,1,71,41,345000,1,1,1.0,1,13849.4,31871.49,13873.0,1500.0,35927.67,399431.16,32.0,9,16818.0,65941.11,124261.0,43,18,42741.0,38742.99,21334.0,62,67,81767.0,Y,104.86,saving,M,53,LOW,13.200000000000001,1,647.0,0,17.0
11990,10459,12313.0,26755.86,5628.21,8676.8,5647.0,7329.05,2725.0,4.0,10,38,22,3,74,98000,1,1,1.0,1,2184.0,14000.0,68000.0,5773.0,15052.4,431088.0,3.0,4,26029.0,37308.06,8078.0,3,59,36803.0,205064.4,187.0,94,11,6997.68,Y,6614.04,current,M,61,MEDIUM,36.9,10,464.0,1,2.0
11991,7253,13129.0,14351.79,139.86,24196.0,5430.58,3938.0,4802.8,17.0,4,89,3,1,55,212500,1,1,1.0,1,53374.97,13299.0,48950.0,8723.0,104928.62,20346.0,77.0,9,77290.0,40136.81,34564.0,17,6,109045.0,13821.9,51527.0,11,21,74243.0,Y,2629.87,saving,M,66,MEDIUM,27.6,5,656.0,1,19.0
11992,7525,18889.0,865.7,2178.96,70509.7,1993.16,2429.28,4772.0,10.0,42,19,48,1,1,164000,1,1,1.0,1,3101.3,1372927.14,12000.0,-6301.0,74468.25,83053.0,42.0,19,35467.0,24035.98,72925.0,6,12,17953.0,17044.55,135738.0,47,13,19824.0,Y,940.72,current,M,28,MEDIUM,4.800000000000001,9,249.0,1,7.0
11993,290,18565.0,11776.13,2938.52,9586.74,3951.0,8967.02,17501.0,10.0,5,2,60,2,39,68250,1,1,1.0,1,105453.65,65174.0,12672.0,4314.0,2316.03,27071.0,17.0,3,217598.0,69374.0,75658.68,45,1,21063.0,48082.78,50212.13,2,79,19086.0,Y,1481.81,current,M,35,MEDIUM,15.0,6,743.0,1,13.0
11994,7086,11179.0,101296.31,1839.01,59522.8,871.6,21111.5,958.0,14.0,22,67,24,1,1,124000,1,1,1.0,1,1053411.2,30453.0,4895.0,9827.0,22138.0,47512.0,1.0,3,63101.0,25022.11,369090.0,2,171,28832.0,28636.42,7681.0,4,83,40081.0,Y,15866.63,current,M,32,MEDIUM,12.0,3,314.0,0,19.0
11995,2178,18126.0,14725.63,3531.0,39993.24,2110.5,32843.52,10979.0,531.0,128,59,4,1,34,423000,1,1,1.0,1,26335.7,191000.0,69493.0,12415.0,24684.45,37896.0,55.0,7,22575.0,15675.72,43993.0,5,25,24446.0,46296.17,63.5,2,79,50687.39,Y,8786.83,saving,M,62,MEDIUM,25.200000000000003,2,743.0,1,19.0
11996,1733,13575.0,17680.1,7432.05,3755.55,1345.3,697.0,6836.0,16.0,23,67,45,36,6,366000,1,1,1.0,1,140291.6,76157.6,96558.0,1411.0,25861.52,24839.0,42.0,1,50869.0,91592.0,76646.5,10,14,6637.0,13821.9,245.0,5,113,16417.0,Y,2220.07,current,F,47,MEDIUM,18.900000000000002,6,385.0,1,16.0
11997,1617,13754.0,7042.81,4857.0,7847.85,8390.0,14584.8,5278.0,63.0,3,74,18,4,70,30000,1,1,1.0,1,1466675.0,43397.0,1097.0,2337.0,11408.93,66880.86,18.0,35,18406.0,402803.09,50831.0,30,20,7615.0,23234.0,51804.23,21,11,718.0,Y,15092.7,current,M,42,LOW,11.0,8,523.0,1,6.0
11998,5425,10124.0,21540.71,1839.01,13176.99,8132.3,5563.18,8656.0,1.0,67,44,48,37,81,483000,1,1,1.0,1,115818.74,11982.0,25524.0,10455.0,18096.0,14105.0,27.0,36,10838.01,82324.3,85914.0,5,82,24621.0,22138.0,25033.6,6,75,513622.0,Y,3686.45,saving,M,33,MEDIUM,6.5,10,394.0,0,19.0
11999,510,19170.0,3321.72,2929.29,1900.0,3166.0,7645.99,7697.0,16.0,83,9,3,2,79,20000,1,1,1.0,1,124064.65,63000.0,5981.0,5439.0,62726.53,82677.0,23.0,3,18360.0,20693.15,29828.5,0,14,61622.0,14185.0,241394.0,42,42,103334.0,Y,4099.05,current,M,37,LOW,11.9,5,639.0,1,19.0
12000,6838,237255.0,5810.42,17053.25,3299.85,2832.0,4690.3,16800.0,1.0,83,1,15,55,47,369000,1,1,1.0,1,98543.96,120000.0,24250.0,-4679.0,12037.25,18255.0,18.0,5,27912.0,5263.82,31095.5,50,5,20920.0,30432.75,51217.0,2,79,30036.0,Y,11413.55,saving,M,29,MEDIUM,5.4,8,713.0,0,17.0
12001,16237,19402.0,2599.08,190.0,42189.46,7806.94,3092.8,2829.0,124.0,18,50,25,1,67,0,1,1,1.0,1,30382.2,16375.0,1762.0,-5942.0,58162.0,104949.38,90.0,36,44341.0,20181.89,32893.0,4,171,45989.0,29154.14,58825.25,22,113,38578.0,Y,198398.87,current,M,58,LOW,15.200000000000001,3,882.0,1,16.0
12002,18492,2474.0,18793.125,399.0,9715.0,7052.27,7094.43,1456.82,19.0,36,4,2,2,42,403000,1,1,1.0,1,89908.8,48087.25,6100.0,1992.0,10665.0,19056.0,42.0,0,34702.0,60373.75,109119.0,70,2,99306.0,9946.14,34510.0,8,6,23870.0,Y,7970.4,current,M,28,HIGH,4.0,8,836.0,1,8.0
12003,17519,169002.0,15185.0,10140.5,5229.0,10310.76,2133.0,1414.0,2.0,9,5,30,2,8,147000,1,1,1.0,1,9118.35,20500.0,13873.0,0.0,28152.52,39510.46,42.0,33,53000.0,34941.5,16104.0,2,14,26.25,5660.61,23999.0,3,11,15141.0,Y,23455.4,current,M,29,MEDIUM,2.7,5,771.0,1,12.0
12004,13856,305194.0,7452.23,2871.0,6166.01,9817.88,18706.205,7259.0,12.0,23,47,15,2,42,104000,1,1,1.0,1,173732.5,30453.0,5797.0,19765.0,54094.0,24774.0,74.0,19,35275.0,61882.0,52604.0,24,7,46796.0,192388.21,49302.0,21,11,30684.0,Y,2441.86,current,M,37,MEDIUM,13.600000000000001,4,355.0,1,8.0
12005,7275,6135.0,12485.0,325.52,50147.36,11043.8,5450.43,783.0,6.0,47,30,57,4,34,845000,1,1,1.0,1,48624.7,16375.0,300500.0,24326.0,59239.45,60033.0,16.0,1,12924.0,21833.21,202220.0,1,20,61230.0,72484.62,22179.0,21,39,46999.0,Y,7896.13,current,F,118,MEDIUM,49.0,4,864.0,1,9.0
12006,7954,14024.0,10805.75,277.0,4897.5,11043.8,12792.0,14305.2,10.0,5,19,1,3,10,143000,1,1,1.0,1,160.2,6.0,938.0,-6301.0,56277.26,18665.0,42.0,7,234297.0,49227.0,17386.0,5,8,14420.0,144510.27,243554.0,5,18,26234.0,Y,2943.07,current,M,33,LOW,6.5,2,299.0,0,17.0
12007,16885,2132.0,17562.71,1786.0,28187.5,2698.91,5172.0,10860.14,5.0,14,112,2,1,13,371000,1,1,1.0,1,8556.25,57345.0,54101.0,5773.0,69082.24,234082.96,23.0,5,38678.0,25868.55,87824.3,4,82,68110.0,89502.96,73203.0,47,28,20832.0,Y,617.24,current,M,53,MEDIUM,23.1,4,331.0,1,5.0
12008,4092,31577.0,28464.0,11287.0,5172.61,5870.0,29027.8,3002.0,2.0,3,32,20,18,56,17000,1,1,1.0,1,12328.75,1971236.9,1001.0,-6281.37987999999,78542.2,134766.46,90.0,5,22824.0,22768.67,164623.0,0,36,22152.0,50552.0,120126.24,1,3,10148.0,Y,107.95,current,M,69,MEDIUM,39.2,9,643.0,0,9.0
12009,6143,1096.0,5362.71,8920.0,21085.0,9962.0,17708.24,846.0,100.0,8,60,7,12,44,480000,1,1,1.0,1,12869465.0,409168.15,183999.0,6885.0,31728.25,24817.0,55.0,1,312000.0,100294.52,42296.0,3,0,39423.0,142122.55,40248.0,6,79,114132.0,Y,4384.97,current,M,37,MEDIUM,6.800000000000001,7,886.0,1,4.0
12010,18420,1277.0,6606.89,34714.0,4638.17,1029.0,41743.0,7762.6,6.0,99,50,3,36,1,450000,1,1,1.0,1,31845.5,150000.0,50000.0,3897.0,23894.0,186665.0,147.0,3,45135.0,25456.63,169211.0,1,70,37498.0,88768.85,75276.0,3,65,28313.0,Y,471.77,current,M,33,MEDIUM,5.2,10,683.0,1,13.0
12011,16930,206461.0,20650.89,418.0,7725.0,4481.75,9832.095,19783.0,531.0,27,71,3,12,54,300000,1,1,1.0,1,59703.93,2625.16,711.0,6409.0,71343.15,118593.0,32.0,35,22184.0,26784.97,55569.0,11,30,33415.0,120068.01,201362.0,8,80,13050.0,Y,7824.86,current,M,61,MEDIUM,32.800000000000004,4,737.0,0,13.0
12012,19779,2669.0,7694.08,2742.0,23185.0,3037.88,38359.0,308.0,4.0,50,9,2,1,67,480000,1,1,1.0,1,94127.1,280000.0,26241.0,5464.0,11162.97,43625.0,10.0,31,52288.0,21682.97,64244.0,2,20,62286.0,58847.88,87886.0,7,106,57661.0,Y,19439.66,current,M,120,MEDIUM,50.0,8,316.0,0,16.0
12013,17952,14789.0,5704.93,10361.8,14817.66,3808.66,4246.5,3605.42,2.0,6,49,1,51,8,199999,1,1,1.0,1,71191.8,186218.0,3850.0,17397.0,100640.24,17701.0,11.0,35,36358.0,5671.82,42308.0,2,13,16436.0,18526.0,100932.92,47,65,25495.0,Y,5312.47,current,M,33,MEDIUM,3.9000000000000004,2,748.0,1,19.0
12014,631,16104.0,15424.03,8287.0,55344.0,3444.96,2093.54,197.0,10.0,99,72,1,2,53,552000,1,1,1.0,1,70310.6,77000.0,643.0,12415.0,67069.0,265020.7,77.0,3,26950.0,32239.39,9068.0,1,82,27878.93,38619.44,40280.0,42,49,25000.0,Y,2654.87,current,M,46,LOW,7.800000000000001,9,488.0,1,20.0
12015,524,9672.0,47809.64,7303.0,2217.46,287.0,1131.0,9812.0,7.0,4,5,8,46,55,581000,1,1,1.0,1,75000.0,5241.0,33774.0,17397.0,20398.25,104211.0,46.0,35,17400.0,58104.14,127370.0,3,171,17641.0,52805.0,29514.0,6,65,41785.0,Y,3447.9,current,M,33,MEDIUM,1.3,3,355.0,0,8.0
12016,2674,429.0,20733.0,6855.0,780.0,21968.91,17288.18,8688.0,2.0,11,38,5,2,8,44000,1,1,1.0,1,4140.0,34120.0,50000.0,5464.0,27608.66,4120.0,18.0,4,25319.0,16946.76,130962.0,1,82,24900.0,28190.67,44763.0,9,11,23457.0,Y,12780.44,current,M,220,LOW,180.0,3,424.0,1,20.0
12017,12237,16244.0,43225.5,4882.5,663.0,2810.0,14989.48,3519.67,4.0,3,17,3,2,8,298000,1,1,1.0,1,14574.8,1084598.7,51520.0,-5439.0,8533.46,61986.0,6.0,1,15584.0,100294.52,31964.5,5,4,45391.0,46902.81,184484.0,7,80,44009.0,Y,2670.0,current,M,30,MEDIUM,1.0,8,658.0,0,12.0
12018,7049,16763.0,13876.0,1289.0,1442.53,4197.0,1548.65,15861.0,19.0,10,47,60,55,47,378000,1,1,1.0,1,48675.31,1372927.14,155205.0,1992.0,120356.38,48461.0,6.0,35,65577.18,23803.55,35031.36,17,24,242.0,53928.75,12826.0,7,104,22267.0,Y,12320.39,current,F,118,MEDIUM,19.6,5,639.0,1,5.0
12019,15745,8788.0,10088.77,1192.0,3788.99,4444.25,34267.45,2575.0,100.0,47,9,7,4,53,301000,1,1,1.0,1,59703.93,43397.0,3570.0,35346.0,208698.74,130010.0,18.0,1,68695.0,15972.75,75078.09,43,25,73808.0,121048.46,200774.0,6,76,16947.0,Y,37319.13,saving,F,44,MEDIUM,9.600000000000001,5,860.0,1,4.0
12020,13246,210043.0,5147.3,2817.8,17241.5,2110.5,2935.0,2704.8,531.0,1,47,3,31,10,290000,1,1,1.0,1,34443.0,42723.0,3975.0,0.0,30004.0,56278.0,10.0,4,20916.0,49791.59,40662.0,2,13,19129.0,6111.75,14633.25,2,58,36592.0,Y,2652.0,current,M,37,MEDIUM,5.1000000000000005,10,713.0,1,20.0
12021,7120,18087.0,2613.63,4770.0,13900.92,152.1,2016.0,1982.0,7.0,99,29,3,38,4,267000,1,1,1.0,1,1982892.29,87578.0,500.0,5730.0,123998.24,198923.0,18.0,55,17846.0,36909.75,6134.85,1,5,89323.0,95308.71,3064.0,2,11,1912.0,Y,4651.09,current,M,55,HIGH,24.5,9,247.0,0,17.0
12022,18219,1235.0,14876.0,24079.93,4586.9,1454.0,20132.245,56120.0,6.0,27,4,1,4,53,138000,1,1,1.0,1,6.164,185000.0,2644.0,3735.0,64904.66,98610.0,46.0,15,16446.0,39439.67,58223.0,0,8,560.0,4294.0,37341.0,6,50,69402.0,Y,5117.03,current,M,62,MEDIUM,16.8,8,921.0,1,20.0
12023,17638,14071.0,176584.68,3567.0,3698.09,3335.0,61117.72,5150.0,10.0,23,2,2,15,9,98000,1,1,1.0,1,270.0,191000.0,500718.0,19765.0,33057.16,81069.04,18.0,1,23446.0,49565.02,155887.0,71,23,55040.0,165605.93,25330.0,1,9,29536.0,Y,14643.69,current,M,35,MEDIUM,6.0,3,796.0,0,3.0
12024,9199,116866.0,4187.0,196.0,16571.16,4284.0,7543.0,376.0,6.0,22,46,1,26,3,87000,1,1,1.0,1,151606.65,19000.0,938.0,-5715.49022999999,69064.77,344187.0,42.0,3,26306.0,12124.24,620185.0,4,20,28127.16,58277.65,29974.35,3,38,275000.0,Y,1181.47,current,M,47,LOW,27.0,3,858.0,1,17.0
12025,19279,127.0,57706.47,2456.0,15870.01,3468.92,960.1,1109.58,7.0,10,10,3,1,5,453000,1,1,1.0,1,803155.7,107692.0,1630.0,1079.0,74170.74,3222.0,63.0,4,19859.0,154704.21,85003.63,4,82,48345.0,91297.09,500.0,2,39,336894.0,Y,7793.59,saving,M,38,LOW,7.2,1,945.0,1,10.0
12026,14043,9639.0,24180.05,5114.2,11696.01,1460.0,28385.0,5613.0,531.0,30,50,18,2,44,272000,1,1,1.0,1,89294.6,91747.0,33774.0,1992.0,325.0,331602.58,49.0,3,36670.0,26302.0,697.0,5,27,13747.56,45870.93,15630.0,12,7,44378.0,Y,281943.98,saving,M,40,MEDIUM,14.0,5,643.0,1,15.0
12027,5274,37296.0,14386.78,11662.0,1077.36,7617.83,45417.47,6309.67,25.0,47,19,4,3,6,202500,1,1,1.0,1,370776.0,42723.0,30011.0,5340.0,44958.28,41871.0,42.0,2,60759.0,48234.81,83577.0,23,69,39652.0,108715.52,21645.0,2,39,165407.0,Y,2885.68,current,F,34,MEDIUM,4.2,7,700.0,0,3.0
12028,3401,16833.0,6111.02,3527.97,2057.0,4151.6,35673.0,2638.0,100.0,31,87,1,25,70,98000,1,1,1.0,1,199690.5,350000.0,230000.0,-6885.0,67.25,31819.0,42.0,29,19847.0,93383.09,22914.0,45,78,11404.82,46151.58,50608.0,46,32,55970.0,Y,3063.69,saving,M,118,MEDIUM,68.60000000000001,10,922.0,1,10.0
12029,3798,9741.0,28832.62,3477.6,252.0,12604.99,28302.0,326.0,26.0,18,11,7,2,17,50900,1,1,1.0,1,6440.0,157000.0,3570.0,1992.0,8914.08,73940.0,103.0,2,63771.0,194303.51,43568.0,6,59,121500.0,265417.72,481.29,1,72,15630.0,Y,416.21,current,M,62,MEDIUM,42.0,2,523.0,1,13.0
12030,19461,2356.0,1579.0,1017.5,8316.36,5623.84,10929.55,6288.0,12.0,44,112,3,5,2,378000,1,1,1.0,1,942327.7,51445.0,3570.0,8572.0,79079.63,33613.0,32.0,3,59542.0,82448.0,124889.73,9,67,24637.0,32927.03,21267.0,2,80,14255.0,Y,5521.08,current,M,60,MEDIUM,4.0,3,755.0,1,8.0
12031,7174,925.0,100647.0,2287.52,16982.76,5991.0,2999.075,12803.75,4.0,1,70,39,18,98,34000,1,1,1.0,1,9608.3,12000.0,3792.0,12174.0,113481.88,47207.27,52.0,1,27623.0,76018.0,74205.0,8,44,28637.0,10828.0,59840.0,21,106,24004.0,Y,2643.11,current,F,62,LOW,8.4,6,805.0,1,14.0
12032,2881,16340.0,6473.91,16300.0,351.0,5346.0,6248.71,4080.0,5.0,10,2,22,1,3,510000,1,1,1.0,1,151000.0,15000.0,2214.0,-5942.0,10096.0,79566.0,147.0,2,27238.0,74400.55,46907.0,2,171,21298.0,16897.46,77393.61,94,73,7582.5,Y,6756.42,current,F,50,MEDIUM,12.0,10,299.0,1,12.0
12033,16763,337562.0,19209.0,2602.0,4976.44,3875.0,17874.0,4544.0,531.0,10,35,8,2,54,510000,1,1,1.0,1,11878.6,15036.0,43908.0,418.0,68189.24,77891.0,8.0,0,111591.0,42369.63,30127.0,0,24,47592.0,42147.66,57421.0,10,100,45666.0,Y,3697.59,current,M,35,MEDIUM,4.5,7,799.0,0,8.0
12034,3690,2428.0,19365.86,56085.6,2264.0,5519.0,6991.0,1767.0,6.0,10,13,42,24,6,350000,1,1,1.0,1,2184.0,77965.0,68000.0,6441.0,88887.21,60709.01,147.0,5,94567.0,26734.21,32373.0,2,82,14300.0,60095.0,10947.0,12,7,93546.0,Y,1238.64,current,M,60,LOW,40.0,2,299.0,1,9.0
12035,4738,16182.0,4331.0,1165.0,7073.79,10307.84,5626.96,2154.0,26.0,10,38,1,1,56,533000,1,1,1.0,1,13730.0,82907.34,3975.0,5340.0,27644.01,33652.0,62.0,1,21528.0,16372.96,33966.0,4,12,151726.0,61297.71,36198.0,6,1,62367.0,Y,2125.87,current,M,62,HIGH,25.200000000000003,6,864.0,1,20.0
12036,11089,3729.0,26691.5,4058.0,13261.0,4652.5,39321.0,266.0,24.0,10,59,60,2,9,575000,1,1,1.0,1,13180.0,465000.0,2019.0,-4664.0,123231.0,20643.0,62.0,4,51680.0,17774.43,71535.0,3,7,94472.0,30684.76,23309.0,42,8,28870.0,Y,7023.02,saving,M,64,MEDIUM,17.6,7,299.0,1,14.0
12037,6885,343284.0,4786.0,2860.37,35455.2,2484.0,24384.465,4301.0,50.0,10,89,48,7,47,156000,1,1,1.0,1,4839.6,295150.9,130000.0,2000.0,41681.4,26227.0,10.0,36,30383.0,39233.0,31496.0,3,8,54200.0,9101.4,20048.0,6,14,54979.0,Y,4217.66,saving,M,30,MEDIUM,7.0,1,922.0,1,12.0
12038,16967,4170.0,16078.2,5207.0,4586.9,5699.0,23281.25,2212.92,8.0,5,30,50,11,31,100000,1,1,1.0,1,325024.6,100934.0,16114.0,173.0,36167.79,31410.0,89.0,4,1250.0,89559.68,28973.0,2,70,134103.0,39524.58,75094.0,6,18,33324.0,Y,193466.5,current,M,33,MEDIUM,13.0,9,956.0,1,10.0
12039,16504,6326.0,14032.78,637.9,9618.71,871.6,30889.0,3685.0,7.0,10,46,2,62,56,306000,1,1,1.0,1,5004.0,162288.3,60000.0,-5439.0,192999.59,42287.0,4.0,0,15670.0,23923.79,97905.0,12,12,76611.0,170251.16,20811.25,2,22,32350.0,Y,263.31,current,M,33,MEDIUM,2.6,9,372.0,1,6.0
12040,3433,11143.0,43195.98,7284.15,1196.0,15163.23,128077.86,212.44,53.0,3,5,1,14,2,750000,1,1,1.0,1,825.0,409168.15,49975.0,10210.0,122796.51,64732.0,16.0,0,28039.0,31907.9,31092.17,43,7,27822.0,227.0,40831.25,3,49,20535.0,Y,4313.77,current,F,30,MEDIUM,10.0,2,710.0,1,5.0
12041,9703,5166.0,3103.0,4391.71,23284.88,348.99,1568.56,1654.5,10.0,3,1,15,2,13,45000,1,1,1.0,1,684495.7,38928.0,105000.0,553.0,60919.85,36080.0,42.0,23,31285.0,18045.0,149898.0,43,20,25150.0,50477.06,15117.66,2,0,45384.0,Y,4809.75,current,M,64,MEDIUM,13.200000000000001,10,858.0,0,3.0
12042,14310,25314.0,3861.91,5449.86,4109.02,1469.0,11597.0,15173.75,100.0,43,1,50,4,10,371000,1,1,1.0,1,24129.0,273221.0,11545.0,5340.0,37094.0,18825.0,52.0,26,111297.0,29052.69,103585.95,1,12,4968.0,42107.41,244224.0,12,11,109400.0,Y,10992.02,current,M,28,MEDIUM,1.6,4,355.0,1,7.0
12043,8429,5466.0,23010.28,9902.0,3148.0,1537.6,3254.0,6294.0,136.0,10,4,48,44,98,400000,1,1,1.0,1,23669.0,1400000.0,28912.0,-4324.0,13144.44,16807.0,20.0,2,48098.0,58570.48,29648.0,45,40,23195.0,48453.75,430.0,14,80,8538.0,Y,6478.98,saving,M,49,LOW,5.800000000000001,6,245.0,0,10.0
12044,2460,5412.0,3736.7,3846.0,707.0,11846.74,2732.0,11923.0,26.0,18,74,5,21,81,152000,1,1,1.0,1,977377.25,14000.0,3792.0,-6301.0,3787.04,49262.0,9.0,0,26179.0,37390.77,88636.0,70,16,48621.0,26307.5,100824.76,4,6,205641.0,Y,299.7,current,M,53,MEDIUM,13.200000000000001,9,354.0,1,10.0
12045,12322,20223.0,66120.54,4372.65,2495.0,17053.16,2585.86,1798.19,7.0,3,4,8,55,80,125000,1,1,1.0,1,9624.6,52098.99,5905.0,8572.0,34335.65,194139.38,70.0,1,59990.0,19843.36,385.91,70,171,36362.0,107413.07,76361.19,5,12,295000.0,Y,103.37,current,M,33,MEDIUM,3.9000000000000004,10,626.0,0,16.0
12046,9405,294736.0,13244.28,2509.0,8720.68,11760.45,31908.5,4514.0,4.0,5,4,2,14,11,530000,1,1,1.0,1,213557.15,24000.0,18257.0,6885.0,29042.17,134002.0,18.0,1,37076.0,14983.45,158029.62,5,70,171370.0,790150.48,50761.0,4,76,11443.0,Y,15210.93,current,F,47,MEDIUM,24.3,8,233.0,1,3.0
12047,1117,205269.0,2324.52,5976.0,5140.0,7268.4,12051.6,912.0,53.0,5,67,42,55,17,216000,1,1,1.0,1,4614669.901,172131.0,26241.0,35346.0,61737.81,39148.0,62.0,3,15458.0,29179.34,39324.0,43,7,40552.0,37230.29,20995.4,3,0,15656.0,Y,6820.43,current,M,34,HIGH,9.8,1,324.0,1,17.0
12048,12982,17262.0,23853.86,1004.0,7920.93,1100.0,9896.0,770.0,8.0,37,85,4,7,8,462000,1,1,1.0,1,233727.15,59306.0,24094.0,1465.0,97112.0,1254.01,11.0,2,16789.0,458.5,55143.0,3,25,44915.0,59530.32,48933.0,21,18,49613.0,Y,904.34,current,M,47,MEDIUM,16.2,7,867.0,1,2.0
12049,18147,2288.0,38969.34,801.0,5355.5,7426.48,5374.0,428.52,7.0,10,13,1,3,4,70000,1,1,1.0,1,1215.0,95000.0,130000.0,5730.0,28759.59,72629.0,10.0,26,16706.0,24199.0,39534.0,11,6,43134.0,43646.0,70410.0,36,1,18370.0,Y,354.2,current,M,32,LOW,8.4,10,818.0,0,5.0
12050,4684,7392.0,28706.28,6845.44,26006.1,11974.77,4673.48,36698.0,8.0,84,64,18,1,1,471000,1,1,1.0,1,347309.75,895000.0,711.0,8723.0,32842.85,28712.0,40.0,1,20536.0,88140.2,49426.87,45,18,85359.2,6950.0,22456.0,12,104,860.0,Y,4448.69,current,M,29,MEDIUM,5.4,3,506.0,1,4.0
12051,6092,15668.0,2597.5,2817.8,5906.0,99.0,944.0,332.28,63.0,29,14,1,18,62,267000,1,1,1.0,1,20049.0,784499.0,4458.0,5730.0,11162.97,13983.0,90.0,26,54716.0,106438.75,37238.0,2,1,4501.0,136179.26,65961.5,40,73,8554.0,Y,11406.69,saving,M,35,MEDIUM,10.5,8,594.0,1,17.0
12052,15662,12234.0,4244.0,3552.0,4033.75,6324.92,3838.0,3606.0,4.0,23,72,8,2,2,512000,1,1,1.0,1,89908.8,54388.23,1209.0,5773.0,168799.5,60198.0,42.0,55,23459.0,15846.07,193768.0,1,38,31578.0,42443.76,161472.79,3,36,55108.0,Y,1252.25,current,M,32,MEDIUM,3.6,1,583.0,1,16.0
12053,14519,3230.0,20569.14,2171.0,5322.55,2249.73,13590.91,5610.0,28.0,20,20,26,14,22,461000,1,1,1.0,1,111.0,33668.0,100000.0,1014.0,62347.0,33062.0,40.0,4,41731.0,89641.0,37056.0,11,20,20237.0,124503.0,165543.0,1,24,42067.0,Y,9797.91,current,M,47,MEDIUM,10.8,2,748.0,1,2.0
12054,16663,4963.0,20569.14,1030.0,17339.25,777.57,1832.46,227.0,6.0,5,60,4,12,37,552000,1,1,1.0,1,6440.0,105000.0,16114.0,20513.0,67568.46,11352.0,46.0,1,48332.0,28319.0,105048.22,43,16,700000.0,6779.0,15916.27,3,32,15809.0,Y,1552.29,current,M,35,MEDIUM,3.0,9,516.0,0,19.0
12055,8763,4001.0,8171.25,6274.01,9034.82,2357.05,17210.835,5960.0,6.0,3,13,24,7,80,528000,1,1,1.0,1,22086.05,76365.24,24619.0,16455.0,62205.75,10701.5,20.0,11,22557.0,5406.0,75658.68,3,29,42377.0,46918.37,17714.0,5,18,12608.0,Y,2724.55,current,M,29,MEDIUM,4.5,8,805.0,0,7.0
12056,12562,34955.0,20439.76,16300.0,17784.44,7508.35,16956.38,779.0,92.0,8,7,20,1,37,267000,1,1,1.0,1,13849.4,330001.0,462.0,-5439.0,52787.25,52649.0,11.0,3,17197.0,161597.86,39175.37,4,12,48496.0,175063.42,155936.0,6,21,24626.0,Y,23857.24,current,F,62,MEDIUM,37.800000000000004,10,595.0,1,17.0
12057,4448,3852.0,1341.76,2878.0,16617.96,2376.6,21304.285,8132.0,10.0,10,4,47,2,8,564000,1,1,1.0,1,158135.2,31000.0,183999.0,-4664.0,17113.23,569160.92,70.0,6,49.0,24219.87,55511.0,12,35,25717.0,476193.42,141143.0,42,120,182542.0,Y,3215.66,current,M,33,MEDIUM,3.9000000000000004,10,883.0,1,20.0
12058,11517,3743.0,34781.75,843.7,20521.67,8297.25,1252.66,3331.0,29.0,85,71,3,1,67,16000,1,1,1.0,1,825.0,31000.0,25000.0,12415.0,38033.0,27114.0,91.0,13,35549.0,58638.13,50578.0,17,24,22802.0,46897.51,116082.0,36,1,25043.0,Y,2045.8,current,M,222,MEDIUM,181.8,4,233.0,0,11.0
12059,9115,126084.0,812.0,1927.0,11526.61,1871.45,4345.31,15631.0,6.0,84,67,21,1,56,467000,1,1,1.0,1,60800.0,120154.1,23160.0,-5439.0,103197.18,5362.0,89.0,3,40199.0,23898.5,135268.0,9,82,117144.0,83154.0,74510.0,44,75,17865.0,Y,8441.45,current,F,35,LOW,15.0,7,523.0,0,15.0
12060,18557,2680.0,2044.02,1703.0,28780.91,17038.61,3668.025,2615.0,531.0,22,117,53,18,6,483000,1,1,1.0,1,942327.7,42723.0,73217.0,8723.0,43023.5,62218.0,5.0,7,50922.0,6478.0,38661.0,1,29,435000.0,49693.13,161626.23,5,18,66688.32,Y,971.01,current,M,39,LOW,11.4,10,866.0,0,13.0
12061,700,13037.0,13459.2,1070.84,6814.6,1346.0,3851.0,4072.0,32.0,56,4,18,3,4,289000,1,1,1.0,1,8758.2,64215.6,694.0,7478.0,86802.71,286.77,42.0,9,28974.0,47507.56,407045.0,1,63,25662.0,40435.46,39494.0,6,7,42067.0,Y,4956.97,current,M,47,MEDIUM,27.0,5,748.0,0,2.0
12062,4972,16343.0,14686.91,2805.93,12946.885,211.73,1239.82,9012.3,14.0,71,4,47,5,8,100000,1,1,1.0,1,13180.0,393982.1,96558.0,3897.0,57973.0,40171.0,10.0,6,110185.0,38437.86,495206.0,6,29,61783.0,1303496.46,10627.0,117,50,15493.0,Y,7207.11,saving,M,34,MEDIUM,8.4,4,372.0,0,9.0
12063,1758,171985.0,758.41,2621.0,12522.0,870.42,6628.0,958.0,100.0,77,67,41,1,42,329000,1,1,1.0,1,72937.76,119831.0,28913.0,6409.0,63554.0,33305.5,11.0,5,76174.0,19068.72,70100.0,4,108,13387.0,72766.62,60142.91,21,22,74946.0,Y,2165.93,current,M,39,LOW,19.0,9,799.0,1,5.0
12064,18024,306669.0,3042.0,2929.29,21658.0,8826.17,20963.92,2274.0,32.0,29,49,3,7,17,35000,1,1,1.0,1,26360.0,6574.31,583.0,4512.0,20125.45,41025.0,7.0,4,6178.0,33951.5,60348.87,3,27,36592.0,16289.0,15469.85,6,57,34338.0,Y,6934.09,saving,M,39,HIGH,1.9000000000000001,5,623.0,1,3.0
12065,4583,10990.0,7495.8,16561.89,4199.31,348.99,21654.0,3561.0,1.0,23,23,11,3,67,345000,1,1,1.0,1,169.4,6.0,925.0,-3625.0,145242.18,73940.0,103.0,1,27731.0,26678.76,51352.0,23,81,33901.0,64851.3,25018.0,6,37,217.0,Y,19024.21,current,M,49,MEDIUM,8.700000000000001,9,385.0,1,17.0
12066,18991,4002.0,32829.0,740.5,685.93,2337.15,12053.6,3583.0,14.0,13,50,39,2,30,79000,1,1,1.0,1,36368.7,200015.58,130000.0,6613.0,149959.0,54527.0,46.0,26,27510.0,33599.5,29595.0,47,34,97769.0,24132.15,40683.0,3,32,21227.0,Y,9797.91,current,F,33,MEDIUM,3.9000000000000004,1,385.0,1,3.0
12067,5091,12105.0,25066.0,4736.96,42782.07,3414.0,983.0,7830.1,12.0,23,61,3,28,53,720000,1,1,1.0,1,871.5,69370.0,15654.0,3897.0,21253.66,9083.0,18.0,0,35341.0,177975.2,30663.5,42,26,735.0,11283.0,976.21,3,52,57907.0,Y,203077.2,saving,M,47,LOW,24.3,7,243.0,1,17.0
12068,15732,10570.0,22658.0,3362.0,21834.09,1622.8,5826.5,16532.0,2.0,10,47,5,1,1,378000,1,1,1.0,1,148705.0,67555.67,78309.0,2921.0,33741.92,106668.0,11.0,3,21461.0,37623.22,157103.0,11,11,17429.0,51759.97,14154.5,22,79,69906.0,Y,5331.17,current,M,42,MEDIUM,17.6,1,614.0,1,5.0
12069,6797,401693.0,4168.8,18893.68,3399.0,6755.0,1178.5,7531.0,6.0,8,29,50,27,2,371000,1,1,1.0,1,31454.1,87578.0,29542.0,5464.0,35440.75,83107.0,2.0,25,39979.74,155059.0,28279.0,30,82,40285.0,39416.78,5794.0,14,12,17324.0,Y,2947.76,current,M,33,MEDIUM,10.4,3,270.0,1,11.0
12070,14979,123800.0,1864.85,5909.01,1733.5,6036.64,15774.0,5296.0,17.0,61,49,30,25,80,579000,1,1,1.0,1,39851.93,163.14,105000.0,6916.0,95070.06,28116.88,42.0,7,37011.0,139816.04,60024.0,2,42,43093.0,74201.38,7648.0,3,63,178274.0,Y,5785.14,current,M,44,LOW,14.4,6,454.0,1,17.0
12071,18866,397935.0,12763.48,16393.0,3961.6,8954.26,34869.67,16105.0,1.0,66,19,17,1,6,586000,1,1,1.0,1,36368.7,110135.86,1630.0,12415.0,43250.13,20999.6,10.0,13,45556.0,20577.69,178515.0,1,8,72011.0,55059.3,113806.0,7,6,26132.0,Y,8551.84,current,M,34,HIGH,12.600000000000001,3,628.0,0,16.0
12072,14544,300972.0,48337.8,6751.0,10397.22,23993.92,12993.99,13343.34,57.0,7,44,39,9,44,426000,1,1,1.0,1,8758.2,446457.0,73217.0,2351.0,14943.25,54280.0,69.0,2,66456.0,434662.7,5870.0,23,70,14579.8,27388.72,526.0,7,3,99031.0,Y,13037.1,current,M,36,MEDIUM,11.200000000000001,10,538.0,1,11.0
12073,7770,17504.0,25470.65,1944.0,55394.75,2346.76,26789.86,3492.0,8.0,65,110,30,1,8,423000,1,1,1.0,1,32200.0,238000.0,26241.0,-4679.0,15335.44,30524.0,16.0,31,12500.0,19211.0,61283.0,4,108,30629.0,15011.29,5130.0,22,61,54137.0,Y,13859.69,saving,M,53,MEDIUM,6.6000000000000005,8,485.0,1,10.0
12074,15844,288101.0,7294.08,3366.0,6695.76,1717.0,963.0,1322.0,28.0,77,72,48,1,1,184000,1,1,1.0,1,20049.0,63173.17,16068.0,2337.0,170509.89,65191.0,40.0,1,50364.68,18466.84,54373.0,47,9,20836.0,78637.23,94863.0,22,113,51353.0,Y,1835.72,current,F,42,MEDIUM,6.6000000000000005,2,623.0,0,9.0
12075,5538,5573.0,1573.75,27835.0,2964.7,3446.76,7991.01,11923.0,3.0,29,4,24,7,42,383000,1,1,1.0,1,48796.45,110135.86,49975.0,6885.0,72718.8,27248.0,11.0,1,28961.0,92575.66,109022.0,35,171,31403.0,19743.19,98248.28,3,24,50761.0,Y,26.74,saving,M,34,HIGH,8.4,3,911.0,1,6.0
12076,2347,1945.0,10525.77,23789.28,8194.99,2544.52,7208.0,5441.0,26.0,23,60,2,12,2,147000,1,1,1.0,1,19866.0,64491.0,25639.0,6916.0,44422.03,117709.89,90.0,1,22604.0,36044.0,389501.0,2,7,75.59,140458.0,63232.92,2,0,14687.0,Y,271.66,current,M,28,MEDIUM,0.8,8,683.0,0,10.0
12077,9969,96745.0,8350.0,578.0,6013.07,12274.1,7880.79,3060.0,57.0,10,3,8,14,30,293000,1,1,1.0,1,36368.7,446457.0,48374.0,167.0,55921.18,69688.0,46.0,7,29543.0,88798.52,46985.0,1,4,37498.0,11368.66,30406.0,7,0,66063.0,Y,1749.29,saving,M,37,MEDIUM,6.800000000000001,2,249.0,1,20.0
12078,19224,15427.0,1748.0,4494.0,180336.83,6572.0,10829.0,25239.0,8.0,32,50,2,6,12,87000,1,1,1.0,1,11827.75,223379.4,768.0,-4324.0,15213.92,59447.0,90.0,23,41260.0,14802.1,127628.21,3,50,15571.0,92747.74,67520.0,11,18,8554.0,Y,21895.84,current,M,42,MEDIUM,22.0,3,684.0,1,12.0
12079,4488,20210.0,6115.15,15759.0,2169.5,15484.0,9018.71,1290.06,10.0,26,89,7,1,1,329000,1,1,1.0,1,82.4,152664.0,1727.0,24326.0,41242.81,244465.0,5.0,31,24968.0,76973.0,15941.0,6,50,102500.0,41204.4,139829.44,3,61,50201.0,Y,5905.4,current,M,30,MEDIUM,6.0,2,270.0,0,18.0
12080,8210,17907.0,3607.92,699.0,4581.0,4927.23,13376.52,16682.93,4.0,128,64,8,2,30,267000,1,1,1.0,1,77855.0,100000.0,9570.0,167.0,21828.6,70065.0,72.0,0,35200.0,44837.55,52141.0,7,6,20910.0,6471.92,46520.0,7,12,50140.0,Y,843.3,current,M,33,LOW,11.700000000000001,7,658.0,1,8.0
12081,13805,11955.0,6100.46,268.0,581.0,3140.0,831.0,11839.32,44.0,32,13,4,1,37,44000,1,1,1.0,1,1215.0,88482.8,579.0,5340.0,45697.49,181089.94,43.0,26,94300.0,51715.23,21242.0,4,5,29314.0,53790.5,11056.5,6,32,404.0,Y,13210.0,current,M,27,MEDIUM,1.4000000000000001,2,907.0,1,9.0
12082,17403,5098.0,2623.55,152026.44,13953.2,1167.95,2922.0,2938.0,63.0,50,19,3,3,21,45000,1,1,1.0,1,39851.93,172678.56,1255.0,5730.0,755.0,32531.0,11.0,19,13817.0,30986.78,50427.05,6,13,12124.0,1988.0,2779.0,3,106,55220.0,Y,14299.53,current,M,42,HIGH,22.0,4,626.0,1,12.0
12083,14118,444.0,5058.6,7487.0,8674.83,1392.0,9272.0,3501.5,25.0,2,72,1,2,1,520000,1,1,1.0,1,1349.1,6.0,16114.0,9415.0,6098.25,63367.5,1.0,2,46459.0,44107.0,96232.88,23,11,84650.0,123738.43,412.0,21,80,384.0,Y,941.67,current,M,33,MEDIUM,2.6,7,883.0,0,12.0
12084,5835,213996.0,19062.0,2849.0,7326.0,9471.95,15941.665,4858.0,2.0,47,50,3,37,17,216000,1,1,1.0,1,186189.0,125090.58,925.0,-5998.43994,25662.62,5092.0,20.0,0,13952.0,32014.25,194888.45,4,23,197993.98,59856.56,97612.0,94,52,16879.0,Y,6935.16,current,M,55,LOW,31.5,8,511.0,1,11.0
12085,12919,38049.0,9821.0,10557.0,3089.88,2298.56,5646.0,1834.08,3.0,77,48,11,1,42,17000,1,1,1.0,1,1910215.0,197800.0,50000.0,6916.0,34721.0,74013.0,42.0,13,118964.0,34519.84,77340.0,24,70,581.0,16048.0,67425.0,6,0,24810.0,Y,40438.02,current,M,30,LOW,10.0,7,743.0,0,9.0
12086,10330,8223.0,42866.54,7361.0,15293.91,248.9,7406.25,2226.02,2.0,1,2,18,1,1,481000,1,1,1.0,1,166331.66,16671.0,300000.0,6916.0,9634.68,36631.0,12.0,3,42989.0,92441.76,9134.58,2,27,20031.0,31038.15,19764.75,7,1,32157.0,Y,5218.06,current,F,30,MEDIUM,6.0,7,355.0,1,5.0
12087,16333,19967.0,901.0,11327.9,5876.57,10307.84,10883.5,29798.0,17.0,77,74,1,2,3,232000,1,1,1.0,1,39851.93,150410.0,300500.0,1089.0,20984.64,77451.22,1.0,7,21694.0,57530.66,32690.0,31,29,46922.0,18530.65,120058.0,5,11,82510.0,Y,8778.76,current,M,223,MEDIUM,101.5,7,737.0,1,7.0
12088,6969,15794.0,3222.6,8194.0,15316.56,3370.0,14478.0,4953.0,7.0,19,49,10,1,17,100000,1,1,1.0,1,185669.2,900000.0,641.0,5773.0,94470.7,249191.0,50.0,36,27600.0,47141.83,191198.0,9,8,16554.0,38326.87,27324.0,12,83,81936.44,Y,8898.03,current,M,33,LOW,6.5,5,485.0,1,10.0
12089,17409,5204.0,29866.9,9052.0,10810.0,2851.78,9548.84,715.0,2.0,30,10,1,12,80,58000,1,1,1.0,1,1488748.8,68663.61,2214.0,0.0,84608.2,56163.0,4.0,7,39817.41,28130.0,10443.0,5,49,266610.0,89509.0,49646.99,3,65,832.0,Y,3656.18,saving,M,35,MEDIUM,7.5,9,969.0,1,8.0
12090,8806,9761.0,4599.0,6249.24,12149.12,857.0,3680.885,4141.3,5.0,38,105,47,11,81,378000,1,1,1.0,1,39851.93,138475.4,25524.0,-6885.0,82492.11,18563.0,7.0,2,198650.0,70383.0,20315.0,2,70,81536.0,16412.0,99477.5,5,12,21961.0,Y,3181.22,current,M,47,MEDIUM,13.5,2,385.0,1,16.0
12091,11570,19901.0,16060.0,1097.0,2138.89,10507.42,1486.52,658.0,2.0,4,23,3,2,79,27000,1,1,1.0,1,59703.93,4550727.2,16004.0,19765.0,19981.88,325351.85,67.0,26,12166.0,47813.59,35375.04,6,25,18868.0,34563.76,30314.0,6,58,92991.0,Y,3218.98,current,M,35,MEDIUM,3.0,10,685.0,1,11.0
12092,4357,168742.0,83537.5,4963.41,16007.0,8398.0,7541.975,1715.23,19.0,47,47,2,46,55,10000,1,1,1.0,1,30895.44,376600.5,5905.0,2000.0,22138.0,63571.0,11.0,13,25.88,180536.0,59759.0,4,59,2750.0,59659.75,142533.0,36,12,18270.0,Y,11127.21,saving,M,53,MEDIUM,6.6000000000000005,7,801.0,1,8.0
12093,40,102181.0,8930.15,1955.0,6542.84,608.79,23340.0,11923.0,6.0,85,27,15,3,54,427000,1,1,1.0,1,1910215.0,17000.0,16004.0,-5998.43994,92621.62,3868.88,36.0,36,147172.0,49875.27,20615.0,1,82,29785.0,1325.0,30162.47,49,10,4165.0,Y,365.09,current,M,38,MEDIUM,18.0,4,258.0,1,18.0
12094,11136,13031.0,4399.78,6407.0,14234.12,6847.0,1007.0,658.0,101.0,23,71,3,3,4,579000,1,1,1.0,1,204585.76,280000.0,527.0,14509.0,45086.91,71430.0,72.0,7,23317.0,36575.0,57773.86,1,14,17445.0,106669.22,42705.0,6,11,18699.0,Y,5838.39,current,M,223,LOW,142.1,5,575.0,0,15.0
12095,5990,8179.0,1578.62,6748.0,4070.0,23993.92,4351.115,7949.48,6.0,22,3,2,4,2,575000,1,1,1.0,1,41883.6,86000.0,925.0,6613.0,39269.0,87099.0,12.0,2,27943.0,21706.88,49403.0,4,20,35302.0,70186.12,20276.0,13,2,16947.0,Y,601.19,current,M,47,MEDIUM,5.4,9,355.0,1,2.0
12096,8895,20173.0,53569.97,17272.0,2633.88,559.27,8256.6,2150.0,24.0,71,82,42,6,17,453000,1,1,1.0,1,154363.25,71944.5,10973.0,6885.0,56491.88,84022.5,69.0,3,54240.0,184593.5,15221.0,1,7,23011.0,34335.75,28084.0,12,10,132307.0,Y,12555.57,current,M,30,LOW,10.0,4,743.0,1,17.0
12097,93,13490.0,52076.84,3486.0,67119.95,1491.0,10372.0,8560.56,44.0,90,67,15,3,42,272000,1,1,1.0,1,690857.42,85058.0,3975.0,6885.0,117656.75,35839.0,67.0,2,26279.0,15476.01,130195.0,2,77,37397.0,41858.5,42185.0,94,124,69924.0,Y,3181.79,current,M,60,LOW,40.0,5,245.0,0,2.0
12098,9290,333376.0,51095.04,1352.5,4491.0,652.5,10730.735,2875.0,7.0,16,32,1,4,1,27000,1,1,1.0,1,298492.0,52985.43,24094.0,10455.0,13680.76,49858.0,4.0,3,25050.0,21706.42,29852.0,1,70,25503.0,38362.54,5146.0,6,35,75270.0,Y,2226.93,saving,M,37,HIGH,10.200000000000001,8,653.0,1,13.0
12099,2890,4632.0,29696.8,5129.93,5031.38,1662.0,6367.0,15856.0,2.0,36,1,1,6,55,406000,1,1,1.0,1,2720.0,1425000.0,1374.0,1444.0,12421.68,112313.0,16.0,3,12643.0,33112.88,62195.3,2,29,33594.0,107413.07,6590.0,38,50,19172.0,Y,1424.24,current,M,34,MEDIUM,12.600000000000001,5,653.0,1,2.0
12100,5270,10319.0,12486.12,5234.05,21572.97,10507.42,2738.275,2040.0,2.0,29,72,45,12,8,80000,1,1,1.0,1,22086.05,68663.61,30040.0,12174.0,63137.01,64302.0,11.0,26,28017.0,33712.18,27803.0,3,108,20767.0,119148.97,27003.79,11,83,37595.0,Y,5736.75,saving,M,33,MEDIUM,9.1,9,958.0,0,5.0
12101,15955,224588.0,11248.23,28035.0,8144.5,11468.0,8373.0,981.0,92.0,4,50,53,4,8,329000,1,1,1.0,1,52209.5,200926.0,3975.0,10455.0,28702.56,33357.0,4.0,26,20866.0,22351.0,34380.24,5,50,30098.0,17673.36,299393.5,4,113,21188.0,Y,5888.22,current,M,29,MEDIUM,6.300000000000001,8,506.0,1,12.0
12102,16474,346737.0,10757.3,5489.44,19555.68,6841.3,11606.04,3906.69,10.0,29,13,47,36,26,286000,1,1,1.0,1,111.4,184514.0,694.0,5730.0,74468.25,29186.0,16.0,2,12671.17,208.28,29828.5,2,27,4598.0,107565.3,58705.0,22,106,253225.0,Y,10384.21,current,M,66,MEDIUM,32.2,4,355.0,1,8.0
12103,9266,137403.0,47753.27,461.0,40088.03,22751.0,7991.01,1300.0,16.0,85,23,2,3,30,371000,1,1,1.0,1,2173459.0,36880.0,50000.0,12415.0,22604.2,61030.0,9.0,3,19052.0,100294.52,25066.0,1,12,16540.0,590092.14,110087.0,4,32,28651.0,Y,15970.31,current,F,34,MEDIUM,7.0,6,446.0,0,9.0
12104,13356,10082.0,49091.94,12152.84,32181.0,10533.4,26932.54,449.0,7.0,6,112,6,1,42,255000,1,1,1.0,1,806.25,87578.0,711.0,1444.0,35721.71,129672.0,68.0,0,69562.0,52693.89,294602.0,4,28,19567.0,90552.86,737.29,49,52,12614.0,Y,2121.13,current,M,27,MEDIUM,5.6000000000000005,1,324.0,1,15.0
12105,9368,306860.0,2313.005,1811.0,5608.84,8980.91,50322.0,1263.0,44.0,10,6,50,15,1,472000,1,1,1.0,1,1665.0,15036.0,5822.0,10210.0,32247.25,153687.0,42.0,0,14909.0,27688.75,443440.0,1,20,66377.0,19323.71,101094.0,4,38,26199.0,Y,216279.69,saving,M,47,MEDIUM,13.5,6,710.0,1,14.0
12106,4736,16746.0,19159.64,5058.0,30335.37,10595.75,1698.24,937.95,4.0,71,1,1,62,18,301000,1,1,1.0,1,11878.6,2400000.0,1036.0,1992.0,8879.25,5272.0,5.0,35,15440.0,48670.73,60033.0,1,20,51360.0,125387.89,65932.33,7,32,122461.0,Y,18397.72,current,M,37,MEDIUM,11.9,8,485.0,1,15.0
12107,15103,11427.0,37758.79,17337.38,997.25,4374.0,1253.0,23315.26,12.0,26,4,1,3,36,28000,1,1,1.0,1,526.25,7194.0,18389.0,173.0,12907.75,65619.68,2.0,2,30056.0,26339.5,73139.0,3,63,146972.0,2874.0,17128.0,3,42,20396.0,Y,1143.0,current,M,47,MEDIUM,5.4,4,523.0,0,20.0
12108,16402,8315.0,3783.1,10966.59,3579.56,53198.05,4989.0,2647.42,8.0,10,50,1,15,53,402000,1,1,1.0,1,811000.0,191000.0,766.0,20790.0,5555.3,42743.0,4.0,15,65144.0,34625.63,21323.0,2,23,16432.0,61055.5,211475.0,6,14,26418.0,Y,2488.23,current,M,64,MEDIUM,44.0,6,887.0,1,15.0
12109,9457,219151.0,6720.47,3215.81,519.0,1341.0,29848.0,236.0,26.0,71,4,25,2,1,383000,1,1,1.0,1,54453.8,4550727.2,925.0,6885.0,44055.13,43391.0,11.0,35,35117.0,40711.75,22949.0,2,6,42075.0,37236.8,58932.0,2,26,55076.0,Y,2997.68,current,M,60,MEDIUM,4.0,5,258.0,1,15.0
12110,3035,7289.0,3312.0,4622.03,8100.55,2011.0,26457.0,1068.0,14.0,42,71,35,2,1,301000,1,1,1.0,1,115.45,30453.0,50000.0,3421.0,27287.85,48029.0,69.0,31,41698.0,242704.47,87156.0,6,1,135864.0,43913.72,72295.0,12,63,8900.0,Y,426.33,current,M,42,MEDIUM,22.0,5,858.0,1,2.0
12111,8452,4770.0,31661.68,1533.68,33092.1,22628.3,5732.0,4463.41,124.0,2,9,57,4,10,472000,1,1,1.0,1,4435.0,13299.0,1036.0,-3506.17993,44328.86,16213.0,77.0,6,77569.0,4160.0,50047.0,3,17,149.0,2618.8,9298.0,7,27,58628.0,Y,62629.97,current,M,44,HIGH,12.0,4,558.0,1,16.0
12112,18654,16157.0,72940.99,1132.0,11419.2,3484.0,2379.0,562.5,57.0,2,87,2,1,4,510000,1,1,1.0,1,64410.0,50000.0,38599.0,2819.0,73032.0,44530.0,12.0,4,56196.33,136899.75,281.19,45,171,63554.9,41485.46,14769.0,19,83,55660.0,Y,3574.27,current,M,49,HIGH,11.600000000000001,7,613.0,1,18.0
12113,753,909.0,4492.19,3863.48,2958.44,7170.0,23640.8,205.0,92.0,18,67,52,27,8,98000,1,1,1.0,1,204585.76,35000.0,90525.0,2000.0,53864.34,37114.0,89.0,1,22879.0,37471.01,759757.0,47,81,55083.0,18098.47,23643.33,6,42,14255.0,Y,10625.77,current,M,25,HIGH,2.0,8,488.0,1,8.0
12114,6305,9323.0,6889.0,10130.61,2284.0,3400.0,5731.515,9928.8,5.0,23,4,15,3,3,134000,1,1,1.0,1,3247.5,358480.64,6100.0,5730.0,153861.52,108206.0,43.0,4,13548.0,25895.22,33369.5,23,8,27166.0,7584.0,21160.0,94,83,30000.0,Y,21968.57,current,F,66,MEDIUM,18.400000000000002,6,855.0,1,18.0
12115,754,19087.0,1245.035,5979.58,35854.0,4161.0,16483.04,12042.09,15.0,3,50,15,9,28,302000,1,1,1.0,1,684495.7,278904.9,8417.0,-5998.43994,7000.5,51149.0,17.0,1,21086.0,90734.76,18198.0,47,81,12124.0,47919.49,22578.5,6,104,46644.0,Y,1266.53,current,M,25,MEDIUM,1.0,7,814.0,1,8.0
12116,16555,6053.0,12491.4,1994.0,12445.0,1729.04,13615.845,265.0,4.0,10,35,42,2,22,170000,1,1,1.0,1,1488748.8,176487.6,4895.0,6409.0,36070.88,381548.0,7.0,4,214.0,553.5,40254.0,6,5,39143.0,3114.8,15266.0,21,11,59167.0,Y,4472.14,current,M,32,MEDIUM,7.2,10,488.0,0,3.0
12117,15161,105679.0,3611.42,1944.0,4207.78,796.0,5830.195,3192.0,43.0,128,38,1,55,10,49999,1,1,1.0,1,26335.7,251131.79,93651.0,-5998.43994,139852.04,42200.0,12.0,3,18414.0,91486.0,36974.48,5,8,19100.0,154679.36,78967.58,3,15,66817.0,Y,5289.67,current,M,40,MEDIUM,2.0,7,299.0,0,9.0
12118,18198,19600.0,20660.26,14550.0,12616.44,24804.75,9902.58,14226.23,92.0,2,44,48,55,4,102000,1,1,1.0,1,36697150.0,470000.0,4198.0,0.0,16252.7,21821.0,32.0,13,13822.0,1509.96,5904.0,4,40,200284.0,142579.63,50575.0,49,65,27701.0,Y,2783.46,current,M,40,MEDIUM,10.0,3,748.0,1,12.0
12119,11247,17276.0,67183.18,4239.0,28429.41,2330.0,29113.235,426.0,67.0,7,19,60,12,9,212500,1,1,1.0,1,2216.0,1475000.0,30071.0,5464.0,149982.24,45341.01,18.0,3,259969.0,77243.5,73773.0,1,20,24944.0,137119.36,62442.0,18,11,26670.0,Y,9472.02,current,M,47,MEDIUM,24.3,2,464.0,1,11.0
12120,18458,7645.0,7997.0,19264.0,756.92,6934.1,21329.56,1885.0,44.0,3,50,2,1,2,324000,1,1,1.0,1,130319.0,32714.0,4000.0,167.0,7324.89,34136.0,32.0,19,78060.0,30138.93,127020.5,7,171,13000.0,81395.18,283563.54,3,10,4580.0,Y,1896.31,current,M,55,LOW,3.5,6,454.0,1,2.0
12121,8674,11459.0,4198.89,1541.0,23613.67,13768.0,5614.0,4262.0,6.0,128,72,52,25,4,202500,1,1,1.0,1,7713.51,65174.0,12000.0,290.0,757648.12,29476.0,6.0,3,67706.0,81477.49,22227.0,7,27,4750.0,13706.75,36864.0,94,61,24314.0,Y,1820.38,saving,M,42,LOW,17.6,9,614.0,0,11.0
12122,11029,8781.0,2775.0,2857.0,5580.3,2632.0,11526.3,6611.7,19.0,23,110,30,56,1,520000,1,1,1.0,1,12010.0,51445.0,130000.0,-5998.43994,32017.0,77959.0,18.0,3,59078.0,26838.76,11707.0,3,1,21457.0,529717.49,10353.0,3,24,12193.0,Y,1141.16,current,M,36,LOW,16.0,7,503.0,1,15.0
12123,8092,330546.0,21405.0,4176.0,10207.11,2491.44,16940.535,688.0,2.0,36,29,1,2,26,232000,1,1,1.0,1,6440.0,208652.0,24619.0,1444.0,32664.19,41025.0,2.0,36,28842.0,26077.54,6278.0,12,8,19031.0,16459.87,57199.0,3,39,13813.0,Y,1634.17,current,M,35,MEDIUM,7.5,9,710.0,0,6.0
12124,7172,210950.0,23030.61,666.0,1880.17,2149.25,8099.84,13191.0,52.0,23,44,4,2,1,519000,1,1,1.0,1,825.0,52985.43,130000.0,1245.0,38022.9,69258.0,91.0,5,24077.0,21569.16,85115.0,9,82,26693.42,32862.12,144132.0,2,133,31153.0,Y,9698.08,saving,M,28,MEDIUM,5.6000000000000005,5,883.0,0,3.0
12125,11456,10462.0,9126.89,3925.02,6132.03,690.48,10366.0,2437.0,6.0,23,10,2,5,12,39000,1,1,1.0,1,99984.83,38173.0,500.0,0.0,36449.81,45811.0,16.0,17,617059.0,53960.46,369090.0,43,11,12322.0,32498.62,81906.07,14,18,31901.0,Y,1648.33,current,M,37,MEDIUM,6.800000000000001,4,626.0,1,13.0
12126,5318,5928.0,945.31,7791.0,3000.91,13131.0,22468.42,14900.52,6.0,26,4,1,1,8,381000,1,1,1.0,1,59703.93,142608.5,25000.0,-5942.0,31468.34,20294.78,10.0,3,18392.0,22862.22,184001.77,6,75,17472.0,12524.0,1143826.64,22,1,21047.0,Y,7805.45,current,M,44,MEDIUM,2.4000000000000004,10,331.0,0,7.0
12127,19897,1182.0,8418.85,168.5,12032.83,4783.08,18724.5,2875.0,10.0,47,13,50,25,17,187000,1,1,1.0,1,154363.25,95081.0,2644.0,1992.0,72444.5,67716.0,69.0,31,35656.0,31660.84,69134.74,9,1,55149.0,34565.81,22274.0,4,106,237058.83,Y,2804.87,current,M,42,LOW,6.6000000000000005,1,647.0,1,16.0
12128,5107,18151.0,10835.0,7222.0,5614.42,2133.79,10913.0,8243.0,7.0,19,29,8,31,18,302000,1,1,1.0,1,111.4,25404.0,100000.0,9415.0,38635.06,45360.0,55.0,13,40757.0,77083.49,47100.0,42,8,1029.92,10620.16,62929.0,47,10,22419.0,Y,8275.32,current,M,32,MEDIUM,4.800000000000001,6,882.0,1,7.0
12129,14834,12690.0,6672.08,3503.05,2360.85,6323.0,6982.72,10107.0,9.0,29,59,3,45,2,525000,1,1,1.0,1,443.36,278904.9,96558.0,35346.0,9634.68,98207.0,11.0,1,88815.0,41138.75,58149.0,2,44,193787.0,133470.75,56093.04,1,18,3386.0,Y,21488.64,saving,M,38,MEDIUM,5.4,7,713.0,1,2.0
12130,8518,5165.0,25793.63,7664.15,9805.81,1733.86,4723.945,743.0,8.0,65,30,24,2,6,16000,1,1,1.0,1,1831780.84,170989.0,787.0,0.0,66374.36,36806.18,103.0,35,9190.0,27470.52,12765.0,1,78,28595.0,154040.92,203160.0,8,11,83578.0,Y,14529.0,current,M,66,HIGH,46.0,4,466.0,0,20.0
12131,9149,14990.0,7551.465,7925.0,16784.22,11110.93,3302.685,3331.0,2.0,18,19,4,1,77,197000,1,1,1.0,1,13730.0,21698.0,519.0,5439.0,28031.56,17401.21,4.0,0,43578.0,67388.75,210164.86,43,108,24900.0,56362.52,35587.5,3,124,108884.0,Y,757.46,current,M,223,MEDIUM,81.2,9,805.0,1,19.0
12132,12175,19985.0,2795.45,1905.0,1735.37,7717.0,33258.0,3922.0,19.0,36,47,47,5,17,467000,1,1,1.0,1,526.25,200000.0,6100.0,20513.0,28005.98,97503.42,35.0,7,27256.0,84628.17,12950.0,5,8,20200.0,25672.7,45002.5,5,13,19172.0,Y,79975.4,current,M,60,LOW,36.0,1,243.0,1,6.0
12133,11594,9042.0,13507.21,3375.0,20637.86,6920.0,31681.865,2883.66,1.0,56,2,3,27,79,17000,1,1,1.0,1,41883.6,210651.4,14904.0,10455.0,15962.01,30207.0,89.0,0,51270.0,82687.35,29784.87,24,4,14304.0,21587.0,30743.5,10,49,88978.0,Y,426.33,current,M,37,MEDIUM,6.800000000000001,8,233.0,1,17.0
12134,7856,14220.0,5007.0,2232.84,9473.6,2344.0,5508.495,27985.1,24.0,2,73,17,6,12,358000,1,1,1.0,1,9118.35,25404.0,891.0,8723.0,51364.42,278050.0,90.0,1,156853.61,191666.58,37006.0,3,81,4035.0,76093.94,25361.0,7,18,0.06,Y,0.0,current,M,50,MEDIUM,15.0,9,928.0,1,15.0
12135,5216,172597.0,28665.8,3562.0,16307.44,1684.1,20775.0,24252.88,1.0,10,18,2,31,1,494000,1,1,1.0,1,7089.7,237365.38,655.0,-6301.0,103736.01,187746.0,11.0,7,52050.0,65978.7,311332.0,43,23,10000000.0,16794.0,211.0,5,18,122701.0,Y,6228.81,current,F,55,MEDIUM,14.0,9,801.0,1,9.0
12136,12187,15023.0,2030.0,14497.0,23192.0,4116.81,8563.65,2860.5,44.0,5,60,1,1,47,169000,1,1,1.0,1,2666.4,230000.0,5905.0,6885.0,91967.46,40546.87,103.0,5,4030.0,36010.11,363.86,3,26,82238.0,102846.28,10047.0,5,54,46416.0,Y,4281.37,saving,M,64,MEDIUM,35.2,10,505.0,0,14.0
12137,6427,214676.0,1665.0,3017.0,3381.71,4783.08,29982.0,3762.0,6.0,13,19,2,1,47,293000,1,1,1.0,1,140291.6,83402.0,15477.0,-6885.0,42778.5,6137.0,46.0,1,18082.0,16169.87,19653.0,4,171,41198.0,173555.13,102687.0,10,50,55108.0,Y,10245.86,current,M,63,MEDIUM,8.6,6,525.0,1,20.0
12138,2546,13144.0,5674.23,1970.39,35853.59,1392.0,9584.0,1128.9,9.0,1,5,41,4,8,329000,1,1,1.0,1,181073.75,470000.0,4367.0,5773.0,15720.75,44951.0,20.0,25,33647.0,20090.0,20969.37,1,20,34259.0,40895.79,5146.0,94,103,563445.0,Y,574.76,saving,M,61,MEDIUM,12.3,2,883.0,0,12.0
12139,1862,312619.0,4304.0,2280.0,9980.61,5207.04,13696.0,6240.65,24.0,18,50,18,38,1,267000,1,1,1.0,1,298492.0,446457.0,19176.0,-4664.0,122562.6,97392.0,11.0,13,43130.0,21856.97,31011.0,2,23,32474.0,102287.05,727.0,4,65,107436.0,Y,752.32,current,M,27,MEDIUM,4.2,7,536.0,1,18.0
12140,4699,85321.0,16494.01,82275.0,13213.43,4652.5,1815.0,9654.0,6.0,36,5,1,3,7,84000,1,1,1.0,1,270.0,446457.0,16004.0,3323.0,95392.2,26811.0,8.0,7,51574.0,28448.92,258927.38,42,63,23705.0,44849.83,27399.0,12,15,14325.0,Y,1514.08,current,M,29,MEDIUM,8.1,10,488.0,1,10.0
12141,4849,7810.0,15538.37,9597.37,496.92,3892.52,3554.47,5623.4,12.0,7,82,5,2,5,26000,1,1,1.0,1,82.4,2436.91,12016.0,-5998.43994,43931.0,73584.0,69.0,7,12039.0,2152.0,49460.0,6,2,49612.0,100622.74,10728.5,14,18,350.0,Y,5231.49,saving,F,38,MEDIUM,7.2,1,640.0,0,9.0
12142,7098,286413.0,1068.36,6899.99,19137.69,7101.0,13964.11,396.0,15.0,14,10,50,11,26,232000,1,1,1.0,1,1674.4,59306.0,300500.0,3897.0,12761.51,37829.0,5.0,26,96303.0,22345.16,36645.0,43,59,18767.0,149501.04,39360.0,2,1,35782.0,Y,8982.2,current,M,30,HIGH,6.0,9,505.0,0,7.0
12143,13426,46921.0,9337.0,894.0,32900.88,10090.0,31394.0,2237.2,4.0,10,7,25,1,18,369000,1,1,1.0,1,2184.0,15036.0,550.0,14509.0,22545.35,13219.0,59.0,25,20778.29,52313.21,48914.36,2,5,50835.0,38265.78,60351.0,2,11,53961.0,Y,1557.69,current,F,55,MEDIUM,17.5,3,858.0,1,16.0
12144,562,290209.0,4775.12,2825.28,46340.0,6821.0,4603.0,755.31,101.0,5,30,2,3,47,39000,1,1,1.0,1,10006.2,116533.0,505.0,4795.0,128279.25,39623.52,40.0,17,19032.0,161420.93,157654.0,2,82,161357.0,15351.35,34983.76,94,11,41752.0,Y,1186.9,saving,M,62,MEDIUM,16.8,3,270.0,1,8.0
12145,15344,15739.0,1172.0,3033.6,29545.54,1341.0,6881.81,8806.0,26.0,2,72,1,17,31,518000,1,1,1.0,1,291969.2,93.35,3975.0,553.0,124688.0,26102.0,55.0,43,168075.0,64684.0,21734.0,6,36,25484.0,59846.7,89787.0,5,87,22889.0,Y,4286.13,saving,M,33,MEDIUM,1.3,7,408.0,1,4.0
12146,7473,311367.0,2257.34,844.96,22445.85,2120.47,1216.0,2203.35,32.0,1,32,11,3,56,327000,1,1,1.0,1,27316.5,5000000.0,230000.0,-4664.0,173480.5,91893.0,42.0,6,38317.0,388190.96,15237.0,50,20,7615.0,27566.2,95228.0,36,13,34739.0,Y,12601.41,current,M,55,MEDIUM,3.5,1,812.0,1,15.0
12147,2069,6401.0,47646.93,4778.0,5302.0,1524.0,7576.0,2638.0,5.0,22,38,47,2,11,329000,1,1,1.0,1,15772650.74,18000.0,73217.0,6885.0,33288.2,107682.0,7.0,3,48299.0,59275.84,43281.0,2,5,100.86,112071.49,58438.79,117,58,8629.0,Y,55161.6,current,M,55,MEDIUM,21.0,5,447.0,0,16.0
12148,16476,19671.0,40568.0,3604.0,7802.39,15535.1,1151.0,6843.0,4.0,39,9,2,1,22,528000,1,1,1.0,1,102.95,90829.65,60000.0,6885.0,40443.0,62338.21,36.0,7,55725.0,124499.39,46424.5,4,20,44059.0,32530.02,706.15,3,8,24909.0,Y,9508.75,saving,M,36,MEDIUM,3.2,6,454.0,1,6.0
12149,14321,2507.0,6807.12,4524.0,11495.5,1620.0,17163.0,2615.0,15.0,30,44,1,55,42,528000,1,1,1.0,1,811.0,216932.5,105000.0,5773.0,271902.16,65599.23,1.0,19,36100.0,69693.41,79169.0,2,14,1600.0,57470.76,58597.38,2,32,15626.0,Y,1651.82,current,M,30,MEDIUM,2.0,1,708.0,1,6.0
12150,14105,52.0,11792.7,7223.0,8133.16,894.0,3206.0,1826.0,44.0,2,69,53,62,80,58000,1,1,1.0,1,250631.8,148150.33,768.0,0.0,5616.0,55113.0,77.0,36,22679.0,7248.5,15231.0,6,35,50611.0,119912.0,261286.0,14,106,42580.0,Y,3510.35,current,M,35,HIGH,10.5,1,394.0,1,12.0
12151,3493,15474.0,6792.29,625.0,84272.63,1767.0,2173.0,2942.22,4.0,1,60,50,18,30,555000,1,1,1.0,1,72.0,1372927.14,60000.0,4795.0,22022.24,161511.0,69.0,13,94450.0,12108.99,35031.36,20,2,67060.0,48710.0,180189.58,10,36,46074.0,Y,104.5,current,M,37,MEDIUM,6.800000000000001,3,713.0,1,8.0
12152,13100,15747.0,3628.5,6820.0,55344.0,4346.5,30087.3,38792.9,44.0,66,44,2,44,17,53000,1,1,1.0,1,1234298.9,157624.24,4812.0,553.0,1161.82,8543.0,42.0,15,53200.0,41999.18,7034.0,3,25,7476.25,5801.45,88422.0,4,26,795.0,Y,852877.86,current,M,66,MEDIUM,41.400000000000006,9,631.0,1,20.0
12153,8090,6834.0,8767.0,1565.74,6206.0,733.0,3373.65,2663.0,32.0,10,6,8,5,26,173000,1,1,1.0,1,204585.76,234459.4,2156.0,6916.0,38319.12,44997.0,0.0,23,47403.0,36780.0,44478.0,4,108,76924.0,96871.51,50699.0,5,39,41685.0,Y,6922.52,current,M,28,MEDIUM,5.6000000000000005,5,588.0,1,13.0
12154,14383,4552.0,11601.0,11269.0,8347.67,28274.0,14311.0,6870.0,53.0,26,48,2,25,1,329000,1,1,1.0,1,31454.1,93.35,300500.0,1465.0,16956.43,152525.0,4.0,5,32349.0,49690.8,6366.0,43,171,77595.0,28932.52,18222.95,14,21,120211.0,Y,5416.88,current,M,40,MEDIUM,16.0,2,265.0,0,20.0
12155,9260,10478.0,6960.32,20258.0,3731.53,1214.52,33547.57,3575.0,2.0,1,112,60,2,44,256000,1,1,1.0,1,47651495.0,11772.76,100000.0,0.0,152005.74,44303.0,5.0,1,35953.0,1571.6,54658.0,0,81,83127.0,104376.86,1508.0,3,73,169000.0,Y,4452.63,current,M,37,LOW,5.1000000000000005,2,299.0,1,20.0
12156,9319,4704.0,1834.0,26889.0,518.67,3686.0,6331.0,13319.0,15.0,3,4,4,3,56,293000,1,1,1.0,1,120781.35,60040.0,26241.0,5464.0,26389.76,116901.88,10.0,3,28065.0,19842.7,105655.98,4,1,33037.0,56669.65,111534.5,93,10,22556.21,Y,18801.29,current,M,32,MEDIUM,9.600000000000001,10,330.0,1,18.0
12157,8042,7734.0,4350.68,6041.0,29272.35,3167.97,3275.0,2514.41,24.0,66,60,2,21,80,293000,1,1,1.0,1,3247.5,142608.5,34550.0,1500.0,256730.16,25230.0,32.0,7,65144.0,78115.43,29182.0,3,20,8450.0,54250.87,35933.76,1,83,16947.0,Y,2172.56,saving,M,30,HIGH,7.0,5,523.0,0,18.0
12158,8571,10321.0,67095.85,251.0,1476.0,1451.02,5563.18,6738.0,12.0,3,50,57,3,5,272000,1,1,1.0,1,3070.5,536874.6,462.0,8723.0,134587.0,85227.88,11.0,7,33427.0,189521.18,35178.0,2,59,45989.0,54963.52,76742.5,94,42,19694.0,Y,13389.77,current,M,42,MEDIUM,8.8,6,809.0,1,9.0
12159,13687,222258.0,8056.16,997.3,64856.74,1578.13,7576.0,3075.52,8.0,10,50,4,25,79,402000,1,1,1.0,1,39851.93,369448.8,33774.0,173.0,19042.0,115875.0,95.0,4,35514.0,30910.0,294701.0,5,11,193000.0,89572.49,399368.52,49,100,18999.0,Y,756.17,current,M,33,HIGH,11.700000000000001,5,743.0,1,8.0
12160,2150,7053.0,21052.7,2155.0,9974.84,5082.0,8613.77,3033.36,66.0,84,87,53,14,79,306000,1,1,1.0,1,977377.25,337000.0,908.0,1992.0,3228.0,37506.0,20.0,36,14124.0,36419.11,89082.0,2,6,63554.9,112284.87,23677.0,47,36,33391.0,Y,2471.66,current,M,33,MEDIUM,10.4,7,249.0,0,13.0
12161,19124,6735.0,44430.18,5263.0,10120.0,9366.0,39237.0,2893.25,14.0,50,16,48,5,11,42000,1,1,1.0,1,13849.4,77965.0,15756.0,5439.0,40826.88,83479.0,20.0,2,16305.0,24622.27,61887.5,43,1,18126.0,169239.29,199758.0,7,63,82000.0,Y,3578.17,current,M,30,MEDIUM,5.0,8,507.0,1,13.0
12162,18975,4446.0,4145.56,2347.0,38768.15,467.49,1659.5,1090.16,29.0,9,67,41,25,17,523000,1,1,1.0,1,36368.7,992890.32,13873.0,-4679.0,26219.96,46680.0,84.0,1,27826.0,122254.75,16840.0,16,82,90755.0,132473.71,26596.5,58,37,36180.0,Y,60.45,current,M,27,MEDIUM,5.6000000000000005,5,700.0,1,5.0
12163,1056,9157.0,2126.26,141.0,2884.0,2305.78,9145.97,7262.0,10.0,30,50,30,63,34,102000,1,1,1.0,1,165907.57,65174.0,25000.0,12415.0,786572.16,115525.0,46.0,26,35610.0,51124.0,42043.0,9,20,33594.0,22389.39,78385.66,94,3,40255.0,Y,7316.45,current,M,42,MEDIUM,15.4,1,296.0,1,19.0
12164,7549,16353.0,16996.475,139.86,29818.58,3006.92,4382.0,4446.0,32.0,3,20,57,1,8,293000,1,1,1.0,1,1112.4,10465.48,13873.0,6916.0,76216.83,91069.0,18.0,4,21985.0,2092773.58,79387.14,1,20,85989.0,144667.07,1871.93,3,50,59634.0,Y,9925.36,current,M,120,MEDIUM,80.0,7,638.0,1,3.0
12165,8387,10449.0,22389.03,2857.0,19554.84,1592.0,12379.45,8305.0,531.0,2,17,26,9,3,184000,1,1,1.0,1,45036.0,237365.38,15477.0,9415.0,134757.93,58897.03,67.0,31,18295.0,21877.5,13935.0,2,6,19946.0,22567.0,35188.0,14,103,20143.0,Y,6127.45,current,F,40,LOW,2.0,7,523.0,0,11.0
12166,14067,91468.0,9662.31,5721.83,2899.0,3431.35,5451.0,950.0,100.0,27,87,22,3,4,271000,1,1,1.0,1,102.95,32714.0,37274.0,-6335.0,104842.84,29787.0,72.0,3,46713.0,213279.42,176072.0,17,8,26203.0,42990.64,59831.0,62,73,29547.0,Y,1122.28,current,M,36,MEDIUM,12.8,5,748.0,1,14.0
12167,17277,9551.0,5178.0,4060.0,19650.79,448.0,3070.0,1755.0,32.0,71,16,6,36,17,34000,1,1,1.0,1,83688.0,116533.0,80000.0,-3506.17993,15433.0,128632.0,70.0,19,56606.0,5200.0,11989.0,45,11,16901.0,47091.5,26640.28,3,22,33188.0,Y,2151.78,current,F,33,LOW,11.700000000000001,9,508.0,0,4.0
12168,18807,88805.0,58871.0,4340.54,46798.0,676.5,2099.0,1427.0,3.0,11,10,57,1,8,369000,1,1,1.0,1,328504.5,161648.0,300500.0,7478.0,48112.75,60089.0,39.0,3,17477.0,119350.33,91039.0,1,69,9909.0,43404.0,85885.0,4,103,17861.0,Y,1137.39,current,M,32,MEDIUM,4.800000000000001,4,631.0,0,11.0
12169,2571,104390.0,35920.08,2651.33,39022.0,411.0,2952.54,831.0,1.0,25,5,41,4,5,48000,1,1,1.0,1,99984.83,58473.56,12500.0,903.0,23041.3,34153.0,7.0,4,50111.0,71003.5,23654.0,7,11,48281.0,101212.0,47922.0,4,52,20133.0,Y,2481.04,saving,M,60,LOW,8.0,7,867.0,0,3.0
12170,4226,301283.0,41031.81,3410.92,7367.36,2270.63,22293.375,6041.0,6.0,3,71,57,56,3,303000,1,1,1.0,1,3080625.0,82907.34,5540.0,-6885.0,35927.67,73572.0,2.0,0,41350.0,24359.0,30175.36,4,20,20416.0,57292.57,1720.1,94,24,24343.0,Y,41.68,current,M,58,LOW,3.8000000000000003,3,537.0,0,8.0
12171,11997,8645.0,24465.04,261.0,15043.92,3031.04,8508.66,23237.5,43.0,27,67,5,6,3,518000,1,1,1.0,1,65887.8,257406.7,23500.0,12415.0,8661.04,10440.0,63.0,14,132755.0,10742.48,90474.0,4,12,100001.0,24687.98,209562.5,3,80,15794.0,Y,5126.26,current,M,31,LOW,1.1,8,914.0,0,3.0
12172,18547,11261.0,23070.95,7036.0,14626.0,1902.0,1332.0,3176.0,1.0,84,44,10,1,2,358000,1,1,1.0,1,2666.4,17000.0,33330.0,1500.0,30273.0,36258.19,1.0,0,41662.0,104186.79,204780.29,2,6,57456.6,85997.93,100614.0,47,0,24705.0,Y,2605.36,current,M,42,LOW,2.2,4,355.0,0,7.0
12173,3159,6048.0,5245.0,6042.01,3794.39,2576.0,6340.0,1416.0,101.0,36,59,82,2,17,98000,1,1,1.0,1,3080625.0,18300.0,96497.0,-5998.43994,37147.25,40950.01,18.0,35,122777.0,15533.24,60941.0,17,38,129450.69,199754.42,37795.0,2,79,20229.0,Y,13183.12,saving,M,44,MEDIUM,4.800000000000001,7,485.0,1,18.0
12174,17325,5196.0,12118.0,3777.5,13651.0,8297.25,7602.0,15631.0,25.0,26,102,3,4,22,595000,1,1,1.0,1,89908.8,96096.0,2644.0,-5998.43994,68304.39,1468.62,20.0,19,55423.0,39741.5,43924.0,6,82,41926.0,4950.75,74496.0,14,15,940.0,Y,2617.46,saving,M,58,LOW,26.6,2,614.0,1,5.0
12175,12464,18483.0,10731.59,12071.25,30524.8,1653.0,5127.07,2740.04,8.0,23,1,45,16,98,304000,1,1,1.0,1,5809950.0,65174.0,2156.0,12965.0,5192.86,79721.0,2.0,3,42846.0,30706.0,64203.0,7,82,12712.0,42569.28,272424.94,2,113,124284.0,Y,5321.05,current,F,34,MEDIUM,1.4000000000000001,7,923.0,1,15.0
12176,17163,2225.0,2640.0,3066.01,13737.29,6781.03,11199.58,3528.0,63.0,1,1,8,15,9,293000,1,1,1.0,1,18451.05,1971236.9,3975.0,-5439.0,27573.44,239649.0,12.0,2,27670.0,116250.93,130605.0,2,82,19031.0,17031.19,35362.0,5,39,56660.0,Y,17424.16,current,F,47,MEDIUM,2.7,5,233.0,1,17.0
12177,11707,12033.0,1002.74,901.73,2013.08,808.0,72270.5,795.0,6.0,18,6,50,37,42,19000,1,1,1.0,1,720551.4,60040.0,126001.0,5464.0,26207.03,60264.92,103.0,7,68094.0,56706.19,58767.81,1,1,23948.0,83554.47,100824.76,4,50,22758.0,Y,25263.16,saving,M,49,HIGH,11.600000000000001,5,864.0,1,11.0
12178,17507,975.0,4133.0,331.0,13514.31,384.0,2113.0,8831.0,6.0,7,14,50,20,42,98000,1,1,1.0,1,1982892.29,19000.0,300500.0,7478.0,32826.39,45401.0,11.0,1,11913.0,18931.46,417819.45,7,30,17960.0,92440.32,474.83,4,1,41702.0,Y,755.17,current,M,53,LOW,23.1,4,860.0,1,14.0
12179,16900,2764.0,4911.255,3229.0,40633.4,2699.77,9640.0,21421.0,1.0,1,20,35,3,4,35000,1,1,1.0,1,15961.9,141473.07,610000.0,-5998.43994,29982.57,95859.0,55.0,14,38950.0,771208.0,79875.82,3,81,55308.0,80799.5,60855.0,3,73,22349.0,Y,10511.09,current,F,222,LOW,60.6,1,914.0,1,8.0
12180,18112,11030.0,8512.0,5533.68,6501.0,2696.0,7101.0,916.0,67.0,36,35,48,4,1,232000,1,1,1.0,1,156875.0,20098.0,24619.0,19765.0,37457.0,50192.0,1.0,36,26725.0,56448.0,378381.0,1,50,51975.0,13282.88,45424.0,11,8,28601.0,Y,5767.74,current,F,60,MEDIUM,40.0,3,805.0,1,17.0
12181,2553,11624.0,20967.85,26889.0,9497.49,5699.0,37605.0,1885.0,10.0,4,19,4,3,47,255000,1,1,1.0,1,156875.0,98110.0,768.0,6885.0,70152.44,21632.37,4.0,1,15506.0,43840.6,112307.0,43,12,24061.0,128265.53,26574.69,13,63,36397.0,Y,6241.35,saving,M,27,LOW,7.0,3,330.0,1,10.0
12182,19910,23854.0,10088.77,6463.95,19259.34,11209.0,5236.0,2305.5,7.0,26,71,7,3,6,524000,1,1,1.0,1,166331.66,22400.0,73217.0,2351.0,105113.39,10146.0,8.0,2,29200.0,79864.5,61374.81,17,1,27923.0,312832.4,28918.25,15,104,20.0,Y,4249.56,current,M,39,HIGH,9.5,10,536.0,0,12.0
12183,6626,339978.0,10297.04,1192.0,9980.61,1367.85,3841.25,967.0,44.0,99,50,2,1,11,518000,1,1,1.0,1,21511.8,187788.1,33774.0,12415.0,31081.49,216770.95,11.0,7,67000.0,28279.0,166350.49,4,12,43406.0,50216.84,11.88,5,1,26194.0,Y,8978.61,current,M,63,MEDIUM,25.8,10,503.0,1,15.0
12184,13607,8889.0,5534.0,21549.75,35830.21,3187.8,1985.775,9270.0,8.0,66,16,1,2,58,226000,1,1,1.0,1,102.95,68663.61,6738.0,-4679.0,127.36,34621.0,12.0,26,25765.0,45038.0,94902.6,2,63,226428.0,130.93,35135.0,2,80,19192.0,Y,7029.36,current,M,66,LOW,36.800000000000004,3,924.0,1,2.0
12185,12465,51250.0,24265.14,2372.0,7969.84,16785.0,1123.52,3636.0,92.0,29,10,1,2,10,114000,1,1,1.0,1,11878.6,343342.9,4367.0,3735.0,23901.78,24959.0,35.0,4,41245.0,21376.53,29703.0,45,82,86800.0,14197.0,9166.0,21,18,10137.0,Y,4329.03,current,M,33,MEDIUM,5.2,9,858.0,0,17.0
12186,4720,12305.0,1266.31,2003.0,1249.0,3536.38,990.72,936.06,16.0,71,35,22,2,17,329000,1,1,1.0,1,39851.93,97000.0,25524.0,6885.0,12013.29,24558.0,16.0,4,14385.0,116939.2,21092.0,31,63,162500.0,42731.54,27299.0,3,104,96042.89,Y,87.21,saving,M,69,MEDIUM,49.0,2,818.0,0,13.0
12187,16255,176146.0,64229.56,780.46,58079.58,658.0,1118.6,6234.8,136.0,3,4,45,44,42,290000,1,1,1.0,1,192428.25,255000.0,1515.0,5730.0,214.88,14841.0,18.0,4,20890.0,13780.5,271189.0,4,25,23149.7,11438.52,44077.66,6,11,46999.0,Y,3112.24,current,M,47,LOW,10.8,5,454.0,1,19.0
12188,1953,16503.0,1449.0,5977.0,2066.52,5984.0,5225.5,1109.58,1.0,10,64,1,15,1,263000,1,1,1.0,1,26360.0,6.0,2156.0,173.0,39584.62,18629.0,16.0,7,42523.0,29294.72,52784.0,2,44,19703.0,30824.11,33835.0,2,12,33761.0,Y,7864.1,current,M,32,MEDIUM,4.800000000000001,7,516.0,1,19.0
12189,15480,9777.0,16823.22,2968.01,11053.65,3109.3,5998.0,12868.0,9.0,26,19,1,44,8,390000,1,1,1.0,1,10562.45,52098.99,18257.0,2921.0,25847.21,16175.0,77.0,18,12791.0,119922.65,228919.0,4,20,38953.0,86405.22,35047.0,3,65,99995.0,Y,2896.73,saving,M,49,LOW,17.400000000000002,5,488.0,1,13.0
12190,1851,5037.0,14757.68,1541.0,9363.45,364.0,17451.1,14881.0,7.0,99,102,8,56,47,47000,1,1,1.0,1,47024.8,162288.3,643.0,5464.0,161463.0,47230.78,91.0,3,18720.0,7940.88,17114.0,4,27,9750.0,29136.25,47978.82,3,11,30435.0,Y,3044.03,current,M,66,MEDIUM,46.0,2,258.0,1,11.0
12191,9993,2648.0,1018.54,2493.04,5507.0,4561.32,13310.55,2449.0,531.0,3,44,24,37,14,461000,1,1,1.0,1,15079.5,278904.9,57899.0,-6281.37987999999,31545.99,15013.0,69.0,3,28935.0,56654.75,130158.0,2,171,63302.0,11826.94,39175.5,39,25,32367.0,Y,4754.51,current,M,37,MEDIUM,15.3,2,855.0,0,20.0
12192,16807,7521.0,65760.51,521.0,17597.6,5995.0,1905.25,6992.0,29.0,3,42,1,14,1,510000,1,1,1.0,1,45463.0,24000.0,583.0,0.0,29673.71,26350.0,46.0,9,19132.0,61882.0,220430.56,30,82,26878.0,10541.92,39515.0,3,8,32357.0,Y,3190.88,current,M,30,MEDIUM,4.0,1,628.0,1,15.0
12193,787,12354.0,3798.965,2275.0,23396.92,547.0,9874.0,2088.0,16.0,37,13,8,44,67,199999,1,1,1.0,1,81872.65,117890.0,655.0,5773.0,35880.37,50015.0,77.0,31,54933.0,192631.0,75296.0,20,63,38610.0,20712.0,14130.0,5,11,71513.0,Y,1612.3,current,M,37,LOW,6.800000000000001,7,801.0,1,20.0
12194,10552,11752.0,3437.29,6221.0,2973.5,3983.0,10334.0,1959.08,26.0,32,35,3,55,62,738000,1,1,1.0,1,4421274.0,111500.0,72000.0,553.0,62211.25,444298.0,4.0,3,17819.0,170925.17,37655.0,43,81,35502.0,52895.09,42185.0,6,8,14405.0,Y,4863.5,current,M,32,MEDIUM,8.4,6,957.0,1,3.0
12195,3439,16182.0,17093.12,209.68,1187.42,639.0,16956.38,5398.0,57.0,93,27,3,14,8,49999,1,1,1.0,1,1900.0,446457.0,14904.0,0.0,3255.25,10174.0,36.0,7,59830.0,40256.34,64175.0,2,44,103500.0,54241.25,214040.0,2,80,13785.8,Y,3935.04,current,M,62,MEDIUM,25.200000000000003,9,539.0,1,4.0
12196,11216,7997.0,26949.04,4802.15,13520.0,3506.0,3448.5,3754.97,7.0,1,42,39,36,7,402000,1,1,1.0,1,14781.5,900000.0,1633.0,-4679.0,8443.76,95653.0,23.0,36,27623.0,23758.5,19825.0,6,25,32940.0,109195.38,10537.0,3,42,15607.0,Y,1588.6,current,M,47,MEDIUM,8.1,3,369.0,1,14.0
12197,9549,14664.0,45377.0,10319.0,16807.54,7849.29,8430.86,1216.0,10.0,13,27,10,18,39,25000,1,1,1.0,1,105453.65,2436.91,8417.0,0.0,20900.06,22475.9,103.0,36,68896.0,56490.02,197692.75,19,31,85761.0,40316.94,146202.14,40,52,129992.0,Y,196.96,current,M,37,LOW,17.0,8,374.0,0,4.0
12198,3492,390634.0,7216.24,7747.91,1012.26,40.0,1989.24,32432.0,6.0,10,3,44,3,4,139999,1,1,1.0,1,140262.4,10465.48,4000.0,12415.0,31606.0,104.0,18.0,2,69836.0,46913.4,54110.0,31,13,32488.0,9473.0,38975.5,5,52,31449.0,Y,9801.22,current,M,46,LOW,7.800000000000001,4,446.0,0,5.0
12199,13140,334001.0,993.0,2405.0,2475.0,1513.0,15818.22,820.3,44.0,22,5,7,31,10,16000,1,1,1.0,1,50040.0,273221.0,954.0,26601.0,376.25,36326.26,18.0,2,59542.0,130955.56,120421.0,6,23,35803.0,59846.95,23225.0,49,103,2730.0,Y,3502.11,current,M,35,MEDIUM,10.5,6,508.0,0,18.0
12200,4878,7500.0,19714.5,5113.0,9315.71,5157.49,4933.0,2346.94,1.0,66,89,10,9,98,472000,1,1,1.0,1,684495.7,170989.0,8333.0,903.0,20555.19,29293.0,12.0,31,33453.0,60426.0,59201.66,5,1,9750.0,227858.69,20351.0,2,42,60627.0,Y,4915.97,current,M,49,LOW,17.400000000000002,3,882.0,1,3.0
12201,1521,10261.0,3823.0,2525.94,2560.19,402.0,17396.58,1758.42,10.0,10,72,47,2,98,402000,1,1,1.0,1,674356.31,822659.0,12016.0,0.0,38944.91,49413.0,11.0,19,103334.0,108895.12,26587.0,43,67,26878.0,44449.63,45911.0,5,104,71283.0,Y,3192.17,saving,M,49,LOW,2.9000000000000004,1,385.0,1,20.0
12202,14614,302348.0,23706.67,3260.0,5188.26,3836.0,35034.7,2537.74,1.0,2,7,53,6,34,375000,1,1,1.0,1,497317.93,88482.8,2214.0,14509.0,50612.25,169812.0,29.0,43,193672.0,41938.5,27774.0,2,20,17405.0,136347.68,125470.83,4,58,69000.0,Y,3847.15,current,M,39,HIGH,7.6000000000000005,5,447.0,1,5.0
12203,8202,18908.0,3746.0,2960.13,16171.13,10569.0,4198.0,2973.0,57.0,30,13,1,14,1,371000,1,1,1.0,1,21511.8,223379.4,130000.0,7478.0,85327.37,13322.91,90.0,9,69435.0,134288.65,533828.5,1,171,13817.0,54666.13,64181.0,62,11,123.09,Y,941.03,current,M,31,LOW,3.3000000000000003,1,698.0,1,18.0
12204,8176,14833.0,36637.79,8200.0,2456.15,10945.09,33868.445,1746.0,7.0,14,35,3,2,1,84000,1,1,1.0,1,12.19,119898.8,492.0,0.0,7228.53,157017.0,12.0,2,17280.0,45596.52,163267.0,4,42,21910.0,7140.0,49574.5,9,67,8628.0,Y,685.28,current,M,44,MEDIUM,16.8,6,256.0,1,15.0
12205,18936,4210.0,16593.5,1147.0,219152.52,4536.0,1378.28,1774.84,4.0,3,67,18,2,55,47000,1,1,1.0,1,238733.0,116000.0,30000.0,35346.0,49578.75,53416.0,42.0,13,29174.0,44314.25,67084.0,3,70,19404.0,14275.75,62770.0,6,73,295000.0,Y,22588.43,current,M,32,MEDIUM,9.600000000000001,9,505.0,0,18.0
12206,6435,17604.0,14107.27,1308.0,25300.45,180.0,3974.49,6288.0,1.0,9,6,21,2,9,170000,1,1,1.0,1,9717.55,1024477.47,75000.0,8362.0,51805.0,29093.44,36.0,7,20426.0,47076.48,165980.0,31,81,14968.0,27179.0,32535.5,8,106,54406.0,Y,155444.93,current,M,44,MEDIUM,14.4,3,538.0,1,4.0
12207,13811,16086.0,34051.92,806.0,12607.95,2876.0,67374.48,1364.14,4.0,29,3,3,55,80,184000,1,1,1.0,1,192215.0,87578.0,6100.0,7478.0,17658.29,45032.0,42.0,29,242287.0,45251.64,151364.0,2,70,43191.0,35410.44,85197.06,2,58,44099.0,Y,7372.68,current,M,66,LOW,18.400000000000002,8,523.0,0,15.0
12208,6455,2417.0,884.0,36242.82,2163.33,3965.0,3589.99,3188.5,10.0,2,102,8,1,91,213000,1,1,1.0,1,57395.5,350000.0,56305.0,4856.0,196900.04,26554.0,90.0,0,26367.0,130716.98,210164.86,70,81,20444.0,78225.72,73822.0,3,1,74000.0,Y,1425.15,current,M,31,HIGH,3.3000000000000003,1,516.0,0,2.0
12209,19982,319816.0,2553.0,7050.21,10062.7,29884.0,13628.0,2647.42,3.0,66,74,25,2,79,100000,1,1,1.0,1,4930.2,9866.01,43798.0,-12179.0,36167.81,101342.0,42.0,4,39236.0,42127.8,47069.0,1,82,245433.0,53991.86,23788.0,6,39,19667.0,Y,3287.8,current,M,31,HIGH,2.2,8,615.0,1,5.0
12210,17616,7424.0,6027.0,9339.02,2762.23,2801.36,6881.81,70.0,6.0,66,49,1,11,30,350000,1,1,1.0,1,27316.5,12971.0,300500.0,-5942.0,29613.28,9645.0,55.0,0,95057.0,1199.38,24723.08,5,171,100136.0,33064.0,7608.0,3,106,106845.0,Y,9698.08,current,F,27,LOW,7.0,8,385.0,1,15.0
12211,17114,141731.0,6076.54,18225.0,1529.0,417.0,6790.0,6693.0,3.0,8,20,2,55,98,100000,1,1,1.0,1,3938.25,172678.56,508.0,5340.0,93668.15,310321.0,62.0,1,17530.0,50622.83,21489.0,9,27,249500.0,66031.91,31932.13,3,106,32717.0,Y,688.75,current,M,50,MEDIUM,24.0,5,588.0,0,17.0
12212,2262,9842.0,4984.64,2570.07,52596.5,1903.6,11084.38,2138.0,16.0,93,50,3,44,30,147000,1,1,1.0,1,1112.4,861640.54,50000.0,6885.0,46865.63,419387.0,4.0,3,31789.0,41984.21,264618.37,12,59,5458.48,87480.5,75360.0,40,1,61645.0,Y,4149.45,current,M,44,LOW,4.800000000000001,1,370.0,1,17.0
12213,1683,435.0,8776.0,18672.34,6561.94,2068.8,524.59,4982.0,9.0,10,10,1,62,3,190000,1,1,1.0,1,1146.0,680956.4,68000.0,1444.0,25584.0,22272.0,77.0,4,54806.0,21478.81,102460.0,2,25,195732.0,33312.5,105788.29,2,32,45680.0,Y,3558.0,current,M,58,MEDIUM,22.8,9,331.0,1,20.0
12214,15986,16335.0,4088.81,1641.0,3349.07,1343.74,5376.2,1061.0,19.0,10,89,15,2,5,286000,1,1,1.0,1,137260.8,2400000.0,800.0,173.0,118820.43,33591.0,11.0,31,53200.0,16702.78,45004.53,2,70,20741.0,31741.0,27927.0,4,3,42533.0,Y,6077.25,current,F,27,LOW,2.1,8,924.0,1,10.0
12215,924,12216.0,2409.0,356.0,4732.99,13561.0,32923.34,1511.3,10.0,81,35,1,15,1,395000,1,1,1.0,1,45036.0,157624.24,130000.0,0.0,8500.0,1573.0,4.0,0,102695.25,69064.11,50343.0,4,14,59319.0,44449.63,67155.0,10,133,45324.0,Y,209.23,current,M,40,MEDIUM,12.0,7,258.0,1,12.0
12216,9021,8426.0,40719.23,4667.0,5190.5,357.73,4636.0,7881.0,14.0,99,102,10,4,2,49999,1,1,1.0,1,8370.8,48087.25,130000.0,2337.0,110645.67,77386.0,6.0,6,33500.0,11749.72,53479.0,2,63,63750.0,46886.0,32278.0,94,65,428.0,Y,7611.69,current,M,67,MEDIUM,47.0,1,448.0,1,18.0
12217,11145,17154.0,12535.73,1988.0,19785.0,10834.97,10348.065,11506.0,7.0,3,35,1,4,12,429000,1,1,1.0,1,28844.0,76365.24,78309.0,9827.0,23230.43,68512.0,29.0,55,100470.0,261760.81,14913.0,2,6,136503.0,43449.4,15444.0,94,61,49800.0,Y,2675.44,saving,M,66,MEDIUM,27.6,7,945.0,1,19.0
12218,230,13265.0,2064.6,2372.0,14809.48,840.35,19064.5,699.1,2.0,2,30,5,3,1,520000,1,1,1.0,1,102.95,29479.0,8060.0,173.0,32800.31,33151.48,40.0,2,60720.0,77511.37,25223.5,45,38,16000.0,37767.66,397873.08,4,58,50000.0,Y,946.63,current,M,62,MEDIUM,29.400000000000002,7,370.0,0,19.0
12219,16651,938.0,8879.2,10166.67,5056.34,404.0,8860.0,6829.18,124.0,30,35,1,15,62,69000,1,1,1.0,1,47299.5,172131.0,68000.0,5773.0,5422.5,18370.5,12.0,3,35694.0,82448.0,25173.5,1,12,100093.0,114477.3,71267.5,9,21,39938.0,Y,4894.29,current,M,46,MEDIUM,18.2,10,269.0,1,13.0
12220,16818,2832.0,21059.62,1247.0,3630.0,1160.06,10936.82,1725.0,10.0,18,82,1,2,1,147000,1,1,1.0,1,48675.31,64491.0,768.0,553.0,18102.0,24119.0,11.0,3,45733.0,16365.0,100022.0,3,8,53350.0,23105.0,34594.0,2,104,7213.0,Y,319598.66,current,M,33,LOW,7.800000000000001,5,325.0,1,11.0
12221,11944,4669.0,8776.0,171.0,5355.0,1099.9,4576.32,959.27,7.0,50,135,25,16,79,27000,1,1,1.0,1,41070.0,64491.0,33950.0,-402.0,49787.31,62794.0,42.0,3,63470.0,32808.15,49461.0,1,20,17238.0,27781.08,50435.0,3,39,20999.0,Y,10815.9,current,M,38,MEDIUM,5.4,6,254.0,0,4.0
12222,4821,12159.0,10812.39,11217.0,3543.77,1622.8,10500.0,21189.3,92.0,46,50,50,23,4,520000,1,1,1.0,1,99984.83,446457.0,16215.0,3481.0,70179.87,57509.02,11.0,4,70150.0,18063.2,54085.0,1,8,34556.0,1041.0,90588.7,3,80,254219.0,Y,1592.35,current,M,222,MEDIUM,20.200000000000003,9,805.0,1,18.0
12223,3733,2654.0,25891.0,14766.0,7603.87,6798.45,13553.14,16335.0,63.0,9,61,1,1,11,371000,1,1,1.0,1,2184.0,68663.61,28912.0,6409.0,35696.5,31497.0,11.0,26,20951.0,1199.38,79020.0,70,46,51360.0,131075.92,68042.0,5,87,240442.65,Y,24891.82,current,M,32,MEDIUM,9.600000000000001,9,968.0,1,14.0
12224,11199,30060.0,3935.0,6162.0,1969.0,7101.0,20679.0,935.0,7.0,99,1,24,71,2,20000,1,1,1.0,1,871.5,70000.0,126001.0,553.0,166673.22,96286.11,46.0,3,46203.0,80659.64,142406.62,20,89,40017.0,50258.13,138403.0,2,24,102799.0,Y,4839.48,current,M,66,MEDIUM,4.6000000000000005,4,243.0,0,6.0
12225,19829,106834.0,48573.14,449.0,23002.94,5478.56,11166.08,108013.0,6.0,10,47,41,2,30,461000,1,1,1.0,1,568.8,36880.0,38599.0,1411.0,23592.3,14981.0,103.0,6,334921.0,55881.73,17794.44,43,70,27409.0,50814.09,19140.0,12,0,38470.0,Y,2565.27,current,M,44,MEDIUM,12.0,9,966.0,1,15.0
12226,4639,4319.0,3311.0,758.0,9913.16,4190.0,3307.0,20455.0,2.0,18,5,4,2,1,784000,1,1,1.0,1,81872.65,3084.5,579.0,14509.0,54413.51,45621.38,42.0,7,44155.0,34077.48,16676.0,2,29,75392.0,73996.23,37366.0,4,18,117554.0,Y,54534.71,current,M,66,MEDIUM,27.6,3,723.0,1,20.0
12227,14935,136988.0,10289.88,1822.24,1583.27,4177.0,3565.0,11886.0,5.0,2,35,30,16,12,401000,1,1,1.0,1,4039029.9,234459.4,16068.0,2921.0,57312.77,53349.0,4.0,1,13822.0,46197.37,40407.0,3,29,34017.0,45618.39,103575.0,7,24,30573.0,Y,79.93,current,M,33,LOW,1.3,4,723.0,1,11.0
12228,4191,16304.0,11399.37,15551.34,86332.0,7914.0,10829.0,813.59,7.0,16,67,4,4,18,172000,1,1,1.0,1,23669.0,470000.0,1266.0,903.0,33821.01,5202.0,91.0,7,22679.0,26568.23,311332.0,1,20,22746.0,55835.5,330.0,36,58,18553.0,Y,1608.74,current,M,33,MEDIUM,2.6,7,859.0,1,10.0
12229,1578,13485.0,11546.44,3257.0,4064.91,11209.0,30336.5,1046.0,1.0,47,3,3,2,47,533000,1,1,1.0,1,48675.31,14000.0,8060.0,0.0,79461.97,10278.95,103.0,7,29598.0,36223.02,24488.0,43,50,1333.0,32817.0,251362.85,5,104,16421.0,Y,24523.68,current,M,42,MEDIUM,11.0,10,539.0,0,14.0
12230,19352,8702.0,1066.74,196.0,19802.28,589.0,960.1,325.0,20.0,99,84,3,1,47,425000,1,1,1.0,1,22086.05,52991.0,1515.0,20790.0,178986.08,37694.0,5.0,5,39995.0,1010827.7,30205.0,6,8,17117.0,102879.75,25612.01,12,61,1017.0,Y,1986.75,current,M,32,MEDIUM,7.2,1,355.0,1,11.0
12231,13090,11847.0,8662.71,2268.0,6753.0,2598.0,41584.44,4080.0,57.0,30,87,1,18,1,97000,1,1,1.0,1,39851.93,1194405.5,2214.0,5730.0,103783.05,86304.86,43.0,17,24567.0,215758.0,39662.0,9,171,14875.0,84135.45,185642.0,94,38,30027.0,Y,1775.44,current,M,34,MEDIUM,9.8,10,937.0,1,6.0
12232,5097,16500.0,2057.0,502.58,12841.92,11276.0,39701.805,1913.0,20.0,2,61,3,16,11,302000,1,1,1.0,1,139323.25,93.35,8060.0,7478.0,31411.63,103787.5,87.0,1,36764.0,36981.25,259503.0,0,11,38652.0,110984.0,28751.0,47,75,470.0,Y,145336.51,current,M,44,HIGH,9.600000000000001,4,867.0,1,10.0
12233,7912,386.0,4907.7,4328.0,7490.07,4934.88,8576.83,293.0,4.0,10,49,2,4,22,184000,1,1,1.0,1,58928.67,77000.0,13873.0,5340.0,71.25,92989.0,4.0,1,18392.0,235469.0,29605.0,43,82,74515.0,59379.92,85140.95,47,12,32098.0,Y,1114.05,saving,M,219,MEDIUM,159.20000000000002,10,710.0,1,13.0
12234,14217,6801.0,45456.03,16685.96,9972.14,2151.0,239.0,11533.5,17.0,10,16,50,1,13,293000,1,1,1.0,1,1359.3,273221.0,130000.0,10455.0,46954.98,35431.0,23.0,5,28961.0,53363.42,42296.0,10,28,61559.0,58101.0,31797.0,47,25,60932.12,Y,256.52,current,M,60,LOW,32.0,1,860.0,1,6.0
12235,9578,3611.0,10080.0,3986.0,11976.0,232.88,6653.1,1564.0,1.0,8,46,1,3,62,340000,1,1,1.0,1,12328.75,40000.0,90525.0,1465.0,19999.48,22423.02,5.0,36,41698.0,80588.17,221497.0,0,78,13600.0,12439.39,60923.0,7,21,28874.0,Y,3583.18,current,F,33,MEDIUM,1.3,7,248.0,1,8.0
12236,14276,18777.0,33086.4,13714.87,605.0,362.59,2455.0,24399.0,10.0,47,4,21,27,1,338000,1,1,1.0,1,89908.8,95000.0,891.0,3897.0,23228.77,58205.83,90.0,35,31675.0,41302.89,55511.0,7,42,24527.0,54511.66,30377.0,47,42,48375.0,Y,988.41,current,F,33,MEDIUM,11.700000000000001,9,488.0,1,11.0
12237,18124,2775.0,26885.58,49725.0,1295.43,2871.98,8883.0,6653.0,26.0,32,84,50,27,1,255000,1,1,1.0,1,13180.0,212907.7,126001.0,19453.0,20496.25,43930.0,32.0,3,13597.0,77238.64,30285.5,3,8,77057.0,50894.83,58825.25,12,0,21434.0,Y,967.45,current,M,56,LOW,18.0,3,505.0,1,10.0
12238,4223,13776.0,18133.76,2782.94,65605.0,3376.5,12491.0,1231.5,101.0,1,67,10,8,1,44000,1,1,1.0,1,42460.6091,71256.0,731.0,6885.0,8879.0,35711.0,8.0,7,26750.0,57138.76,10243.0,50,12,1043.76,22107.03,49887.0,5,32,364365.0,Y,19485.85,saving,M,33,MEDIUM,9.1,6,299.0,1,12.0
12239,14984,400242.0,20439.76,160.0,6717.42,21768.0,4518.005,13342.7,6.0,22,60,3,3,20,371000,1,1,1.0,1,9462.2,4550727.2,3570.0,10210.0,35172.59,38174.0,18.0,3,20050.0,8378.63,115393.03,50,20,33717.0,84783.79,83615.0,93,11,11735.0,Y,10362.83,current,M,66,MEDIUM,18.400000000000002,9,623.0,0,9.0
12240,3757,11582.0,13199.0,57.0,9617.6,8195.11,8145.0,5697.0,100.0,3,16,15,1,41,66000,1,1,1.0,1,55700.0,77000.0,28912.0,-5998.43994,35676.85,35013.0,46.0,5,124884.0,79871.88,112113.0,45,20,22025.0,97495.68,7541.0,4,106,29081.0,Y,1593.64,current,M,33,MEDIUM,9.1,10,244.0,0,5.0
12241,6910,136824.0,11329.0,26230.0,32900.88,2903.75,8633.015,4957.28,4.0,18,82,24,56,3,461000,1,1,1.0,1,1665.0,482147.0,49975.0,4889.0,18384.94,17700.81,16.0,35,52120.0,32613.74,59802.0,0,20,69669.0,105302.0,51600.6,4,50,50759.0,Y,2193.41,saving,F,66,LOW,36.800000000000004,7,805.0,0,13.0
12242,8632,19826.0,7921.05,11805.26,20140.0,7419.85,1689.0,5861.4,6.0,9,3,3,4,16,47000,1,1,1.0,1,82.4,134890.0,15000.0,1931.0,52700.86,143334.05,7.0,26,24439.0,147024.67,57783.37,35,13,23088.0,46500.75,52112.0,2,73,23467.0,Y,2328.27,saving,M,61,MEDIUM,36.9,6,245.0,1,7.0
12243,12120,14129.0,14021.39,3829.0,15870.01,2151.0,20723.0,9034.01,6.0,6,35,57,6,7,129000,1,1,1.0,1,60800.0,375000.0,155205.0,3735.0,143583.16,161568.3,11.0,3,23935.0,30108.21,23746.0,2,67,35257.0,56624.0,20482.0,94,7,60305.0,Y,3293.58,current,M,37,MEDIUM,3.4000000000000004,10,966.0,1,10.0
12244,2654,19828.0,632.0,14954.46,31334.0,11974.77,5352.895,3326.0,7.0,128,50,1,3,1,461000,1,1,1.0,1,94493.75,27000.0,2158.0,-4679.0,62130.13,107756.71,46.0,2,13750.0,54112.32,30325.0,1,63,144000.0,12190.7,45982.0,6,24,21919.0,Y,281943.98,saving,M,28,MEDIUM,7.2,6,743.0,0,10.0
12245,9428,170294.0,5140.75,827.0,2741.5,1939.0,5744.43,14249.71,8.0,85,89,20,1,17,67000,1,1,1.0,1,101891.25,1024477.47,13873.0,1992.0,80732.76,73940.0,35.0,5,16018.0,187627.89,27838.0,47,11,8700.0,41384.78,40910.29,4,28,24533.0,Y,3548.1,saving,M,30,LOW,2.0,10,299.0,1,4.0
12246,4067,330699.0,9975.0,1020.0,6526.9,8785.92,1287.0,22433.79,2.0,26,16,19,4,22,124000,1,1,1.0,1,115.45,376694.91,1209.0,5340.0,33083.74,49571.5,3.0,13,63795.0,196473.16,71102.0,7,8,50150.0,35923.0,41832.25,7,104,49359.0,Y,13264.5,saving,M,27,MEDIUM,6.300000000000001,8,766.0,1,19.0
12247,3993,17731.0,5660.84,1344.92,12298.64,23554.0,14822.09,499.4,5.0,10,32,4,3,80,525000,1,1,1.0,1,8209320.0,77000.0,4000.0,886.0,21651.0,99647.5,103.0,35,43554.0,637205.07,28298.0,1,27,26054.0,47330.89,62463.0,44,15,36221.0,Y,731.3,current,M,67,MEDIUM,4.7,6,355.0,1,15.0
12248,5635,17044.0,13444.84,4096.0,23185.0,13012.85,6104.0,7581.0,6.0,34,50,1,60,42,378000,1,1,1.0,1,384550.05,152664.0,130000.0,-5439.0,56605.28,155394.0,5.0,30,28135.0,109249.09,118445.0,30,104,19050.0,19221.75,10921.0,94,79,99995.0,Y,11431.31,current,F,60,LOW,20.0,7,448.0,1,17.0
12249,5269,57575.0,19254.08,411.0,23396.92,784.0,4764.47,2933.0,15.0,27,59,8,37,42,302000,1,1,1.0,1,56.0,13299.0,51520.0,3983.0,30275.53,16470.0,7.0,9,30368.0,24013.88,169.86,8,8,36362.0,69921.68,54051.0,6,80,33416.5,Y,3400.98,current,M,42,MEDIUM,22.0,8,685.0,1,3.0
12250,15067,136530.0,6769.17,1730.0,1412.0,873.0,3057.0,609.2,28.0,5,29,48,2,4,147000,1,1,1.0,1,1955.6,822659.0,825.0,-6281.37987999999,209331.99,11035.0,90.0,31,21488.0,13310.5,30325.0,2,7,27409.0,233427.33,52601.5,12,65,22327.0,Y,2156.14,current,M,58,MEDIUM,7.6000000000000005,4,249.0,1,16.0
12251,9844,3515.0,9457.0,12480.0,23658.45,4504.87,22419.84,1784.3,37.0,3,64,3,3,17,391000,1,1,1.0,1,1234298.9,68663.61,3570.0,8572.0,3255.78,29275.0,63.0,0,36850.0,72846.85,34393.0,9,81,14294.0,18793.51,52417.5,93,67,13360.0,Y,1353.73,current,M,46,MEDIUM,10.4,6,799.0,1,19.0
12252,18614,180578.0,7133.59,2290.57,2216.5,4033.0,4420.0,11199.28,56.0,1,20,57,3,3,34000,1,1,1.0,1,15279.79,80489.0,3570.0,-5998.43994,40177.59,39735.5,16.0,2,75622.0,34643.76,1270.0,2,36,64663.0,92689.23,194381.75,13,49,23990.0,Y,2252.52,current,F,34,HIGH,5.6000000000000005,1,372.0,1,5.0
12253,13178,441.0,13147.85,248.69,507.0,1586.16,6295.475,7780.0,24.0,23,13,4,1,3,147000,1,1,1.0,1,6440.0,38928.0,4198.0,-5439.0,85014.63,30127.0,57.0,35,49222.25,95955.5,39137.95,1,14,38546.0,13844.76,75510.0,4,15,21498.0,Y,116.08,current,M,27,MEDIUM,3.5,6,575.0,1,14.0
12254,17466,16737.0,2778.41,767.0,846.92,1144.0,12069.85,6707.91,29.0,1,67,50,1,36,190000,1,1,1.0,1,34443.0,760470.3,49975.0,-5942.0,19128.08,41727.0,18.0,0,40685.0,34941.5,18733.0,31,81,41613.0,35193.5,46716.0,11,1,33593.0,Y,7209.41,current,M,58,MEDIUM,7.6000000000000005,5,245.0,1,20.0
12255,15433,6708.0,8258.71,4213.29,45770.58,2228.5,3725.5,4317.0,52.0,23,72,35,15,30,466000,1,1,1.0,1,671039.05,7194.0,610000.0,2921.0,34269.26,17401.21,70.0,1,46598.0,38560.57,82627.0,2,81,22742.92,73315.67,17902.79,117,1,36717.0,Y,3997.21,current,F,35,MEDIUM,15.0,9,969.0,0,10.0
12256,3104,2310.0,25470.65,31971.03,1989.76,3816.0,8832.425,2138.0,23.0,77,9,44,37,98,59000,1,1,1.0,1,5809950.0,76365.24,100000.0,20324.0,44743.75,105466.0,7.0,5,23188.0,21540.2,35694.0,2,2,19094.0,17924.0,22382.75,2,133,17783.0,Y,1041.81,current,M,30,LOW,10.0,10,594.0,1,13.0
12257,10234,214164.0,26154.08,758.42,7837.17,2801.36,1245.0,908.0,7.0,77,50,24,6,2,228000,1,1,1.0,1,13732.93,64491.0,3000.0,-5715.49022999999,236691.2,29480.0,16.0,19,20082.0,20631.25,39662.0,43,78,1043.76,186773.76,83082.0,1,58,31934.0,Y,2729.89,saving,M,30,LOW,9.0,9,300.0,1,19.0
12258,3760,340440.0,35581.12,2816.0,1658.96,2976.0,5633.0,2065.0,6.0,50,3,1,17,8,17000,1,1,1.0,1,148705.0,237365.38,925.0,8572.0,110356.67,63910.0,55.0,36,99318.0,65710.0,64744.36,2,171,41657.0,44352.21,29902.0,5,11,15607.0,Y,6283.1,current,M,55,LOW,17.5,9,623.0,1,17.0
12259,13838,55388.0,17665.0,9186.0,34594.95,1585.0,2145.0,2165.0,26.0,23,74,3,1,70,35000,1,1,1.0,1,95.0,61022.63,130000.0,-5998.43994,75050.81,44846.0,42.0,1,18520.0,67932.45,24551.85,8,171,24269.0,120427.5,114954.0,18,1,16120.0,Y,7362.18,current,M,66,HIGH,23.0,2,860.0,1,15.0
12260,14006,1122.0,9665.74,6023.0,9314.39,21968.91,3312.52,1338.0,531.0,3,9,8,31,3,49999,1,1,1.0,1,66191.5,760470.3,4458.0,-6301.0,79335.94,50229.0,29.0,5,16411.0,170925.17,136704.0,6,104,31323.0,147961.0,28751.0,117,38,18971.0,Y,1924.02,saving,M,32,LOW,10.8,1,801.0,0,9.0
12261,18543,183155.0,3861.91,1994.0,50670.0,2157.0,44959.74,1891.0,56.0,10,59,24,2,47,255000,1,1,1.0,1,684495.7,1543.85,16215.0,6885.0,45382.38,5375.0,10.0,2,34826.0,515800.74,47100.0,42,2,63554.9,62019.57,25106.0,2,11,23443.0,Y,94.7,current,M,33,MEDIUM,5.2,2,374.0,1,18.0
12262,7720,2969.0,3067.12,14178.27,17844.86,8898.0,3132.43,20499.0,1.0,1,117,2,1,98,403000,1,1,1.0,1,30895.44,194099.3,183999.0,-4641.77979,914.25,30456.0,42.0,19,25388.0,56044.75,35889.0,2,63,4598.0,3629.88,15916.27,5,15,22720.0,Y,1265.95,current,M,32,MEDIUM,8.4,7,305.0,1,5.0
12263,6802,15995.0,13006.7,8032.0,18202.0,1160.06,3177.615,2959.0,4.0,44,59,10,31,80,124000,1,1,1.0,1,4731.1,53749.0,766.0,26601.0,21131.25,54052.0,52.0,4,28751.0,29780.72,15094.0,2,78,53946.0,2470.0,50212.09,11,76,57951.0,Y,7568.89,current,M,37,MEDIUM,10.200000000000001,5,249.0,1,6.0
12264,3901,112.0,13321.5,2831.0,24092.77,2057.0,4566.57,1772.0,1.0,3,85,2,1,13,329000,1,1,1.0,1,12057.2,160498.0,5797.0,19453.0,23724.25,5202.0,11.0,3,34799.0,24253.5,315338.61,2,29,40657.0,167.6,715.0,117,18,25043.0,Y,1202.53,current,M,35,MEDIUM,6.0,2,249.0,1,14.0
12265,4814,11589.0,2838.09,4573.0,32407.28,1468.0,17357.75,617.0,6.0,26,49,2,26,17,98000,1,1,1.0,1,39851.93,194099.3,11580.0,4889.0,89453.5,109685.0,18.0,6,38886.0,97179.58,17396.5,3,34,39408.0,696129.37,242701.0,11,18,24742.0,Y,694.83,current,M,38,MEDIUM,9.0,6,708.0,1,20.0
12266,5650,6175.0,5362.92,3304.11,2682.0,22231.0,9191.31,1222.0,6.0,10,74,1,1,4,164000,1,1,1.0,1,20049.0,64491.0,22000.0,12174.0,1307.21,59908.0,67.0,1,72879.6,24581.04,88780.09,11,36,77619.0,34280.06,122486.29,3,11,43127.0,Y,5635.16,current,M,55,MEDIUM,31.5,6,254.0,1,9.0
12267,18788,3368.0,995.5,11739.0,33979.35,2107.0,524.38,15647.48,24.0,36,13,2,16,5,125000,1,1,1.0,1,7089.7,20500.0,5797.0,14509.0,94.25,176514.0,77.0,5,37032.0,74486.31,37427.0,8,29,34337.0,111446.75,18950.64,3,103,55682.0,Y,4957.79,current,M,35,LOW,13.5,7,249.0,1,5.0
12268,16411,6041.0,1502.75,2820.87,83029.0,424.0,921.0,11858.04,6.0,71,35,53,1,1,371000,1,1,1.0,1,9784.1,12257.0,641.0,6885.0,60593.45,28067.0,46.0,5,83907.0,346195.8,16431.0,3,7,24357.0,66968.37,147684.92,6,50,22422.0,Y,7373.56,current,M,42,MEDIUM,15.4,8,269.0,1,15.0
12269,11495,11880.0,10117.36,3549.0,8827.01,2461.55,13206.18,2556.0,7.0,32,50,2,9,2,100000,1,1,1.0,1,46730.2,13299.0,1036.0,0.0,42811.6,6188.74,24.0,0,21100.0,67984.24,59701.0,8,5,9988.0,41061.41,23896.0,22,10,38700.0,Y,99671.73,current,F,47,MEDIUM,8.1,5,369.0,1,18.0
12270,6114,5444.0,17397.92,919.0,58924.0,36186.0,3145.0,20908.0,53.0,5,64,1,3,86,35800,1,1,1.0,1,1665.0,482147.0,43798.0,2351.0,27496.0,100975.0,89.0,6,11913.0,205653.26,21242.0,70,28,16000.0,56161.65,43107.59,2,11,23795.0,Y,1.99,current,F,47,MEDIUM,10.8,6,259.0,1,13.0
12271,18443,9875.0,45996.41,5764.25,13566.0,9627.0,26166.96,8288.0,8.0,1,71,5,4,3,25000,1,1,1.0,1,39851.93,52991.0,30011.0,6916.0,197566.4,75120.0,42.0,7,54493.0,51656.36,59979.0,1,20,17994.0,182504.51,330013.0,2,39,12587.0,Y,452.76,current,M,31,LOW,3.3000000000000003,4,658.0,1,20.0
12272,10564,7130.0,13846.0,38932.03,1734.52,14868.76,277.0,3096.1,31.0,29,1,20,1,30,300000,1,1,1.0,1,28482.5,267421.4,3975.0,-5715.49022999999,13854.25,113885.0,55.0,19,9400.0,34314.13,138272.8,6,8,15173.0,57404.12,55607.38,58,18,383554.0,Y,227.13,current,M,36,LOW,11.200000000000001,2,708.0,1,2.0
12273,18592,11847.0,5658.0,805.0,16721.97,2630.0,23488.0,1101.14,6.0,10,5,1,46,16,369000,1,1,1.0,1,34112.0,278360.16,2019.0,0.0,89453.5,37114.0,12.0,4,75721.0,64195.0,23326.0,43,171,20007.0,59486.96,43198.0,58,13,22849.0,Y,3197.91,current,F,53,MEDIUM,3.3000000000000003,7,963.0,1,6.0
12274,5759,3141.0,3577.16,2791.19,82906.62,7228.54,5106.0,2927.0,8.0,10,4,7,6,1,87000,1,1,1.0,1,41441.27,71944.5,539.0,1992.0,89682.36,33712.0,11.0,17,23160.0,7808.0,107086.38,50,6,33533.0,20672.4,5581.0,5,7,65480.0,Y,1328.66,current,M,44,LOW,24.0,8,537.0,0,3.0
12275,16034,336573.0,9126.89,331.0,8525.08,2965.6,6367.0,3074.0,2.0,10,10,23,55,30,199999,1,1,1.0,1,27316.5,160498.0,787.0,5730.0,42782.99,234135.4,10.0,2,48850.0,30760.13,34753.07,0,7,28913.0,78908.64,43046.0,2,58,18200.0,Y,1316.38,current,M,53,MEDIUM,19.8,1,512.0,1,5.0
12276,2766,774.0,9210.0,13220.37,5629.81,4414.76,1036.0,3718.67,1.0,43,69,1,44,80,199000,1,1,1.0,1,2.13,674291.83,8333.0,12299.0,91461.36,50393.0,35.0,2,22848.0,27199.39,27332.81,5,2,32354.0,23057.26,69641.0,2,24,54400.0,Y,29532.89,current,M,42,MEDIUM,22.0,4,354.0,0,6.0
12277,11933,16029.0,46812.92,4011.0,2425.69,2374.0,3859.1,5257.0,10.0,5,4,5,4,98,581000,1,1,1.0,1,98062.5,245000.0,183999.0,3897.0,39917.0,76938.0,46.0,19,15528.0,69831.35,2715.0,8,12,247558.0,26985.66,59014.75,3,50,53211.0,Y,2641.25,current,M,38,MEDIUM,3.6,10,249.0,1,9.0
12278,13885,13244.0,19648.89,727.0,85255.3,463.0,3477.63,4351.0,24.0,18,64,52,2,1,17000,1,1,1.0,1,291969.2,107692.0,12000.0,5439.0,33395.72,2223.72,2.0,2,49579.0,396384.63,88688.0,3,12,28241.4,134466.49,136694.0,2,8,4690.0,Y,8969.81,current,M,40,MEDIUM,12.0,5,355.0,1,8.0
12279,400,343210.0,82650.05,934.0,33323.75,908.0,8281.42,743.0,1.0,43,74,47,2,34,375000,1,1,1.0,1,380.0,330001.0,550.0,1500.0,272349.58,28626.0,41.0,13,23648.0,44040.59,26038.0,4,81,81000.0,33905.46,87875.0,5,18,21100.0,Y,29078.21,current,M,37,MEDIUM,15.3,5,244.0,1,2.0
12280,7513,89471.0,3861.77,2600.0,2884.0,1733.86,15762.06,6512.0,28.0,1,7,3,44,1,480000,1,1,1.0,1,115.45,730000.0,126001.0,6885.0,50387.4,30058.0,29.0,3,39424.0,47035.8,15638.93,2,70,0.97,60992.0,39392.0,94,103,66329.0,Y,11303.59,saving,M,38,HIGH,1.8,7,922.0,0,8.0
12281,18471,2522.0,6304.28,8447.0,15043.74,8182.63,66934.0,9812.0,4.0,50,13,2,2,17,467000,1,1,1.0,1,165907.57,82907.34,28912.0,6916.0,45455.0,308112.0,42.0,0,10799.0,36908.75,81198.0,1,11,29918.0,34493.45,424676.0,94,80,18585.0,Y,1899.49,current,M,47,MEDIUM,10.8,10,536.0,1,13.0
12282,9746,10952.0,23413.6,7172.0,42548.0,23554.0,3319.67,557.0,1.0,17,7,1,1,30,87000,1,1,1.0,1,750.6,130000.0,25524.0,6885.0,38219.54,68389.0,42.0,1,14610.0,47307.28,279233.51,47,13,32788.0,33289.0,105679.43,8,104,51287.0,Y,2145.0,current,M,53,MEDIUM,26.400000000000002,5,331.0,0,9.0
12283,9586,7072.0,11250.46,1548.37,294.0,2162.0,7342.0,6857.0,6.0,16,1,18,37,47,17000,1,1,1.0,1,72937.76,191000.0,11580.0,-5998.43994,25584.0,139891.23,4.0,1,38407.0,17651.1,301.48,43,6,27646.1,12033.0,394374.0,8,1,35656.0,Y,16857.89,current,M,27,MEDIUM,0.7000000000000001,1,244.0,1,9.0
12284,15055,16715.0,9832.0,4694.0,4601.3,8278.13,14509.0,1914.0,2.0,128,60,47,4,10,286000,1,1,1.0,1,568.8,52991.0,1052.0,12174.0,14275.88,22847.0,32.0,4,70695.0,303257.1,53236.0,2,63,66132.0,38149.0,57174.0,11,96,24805.0,Y,3156.86,current,M,63,MEDIUM,8.6,5,883.0,0,2.0
12285,19834,236264.0,25316.49,14654.2,4658.52,6038.72,13955.98,7973.0,5.0,10,44,5,3,31,170000,1,1,1.0,1,13849.4,409808.0,57899.0,167.0,54699.05,72100.0,147.0,1,15557.0,75922.0,103436.0,35,78,26075.0,14579.15,101259.0,3,24,46210.0,Y,4149.45,current,M,60,MEDIUM,20.0,2,538.0,1,20.0
12286,12934,4386.0,3425.98,997.0,14732.5,507.0,6234.6,2638.0,3.0,26,38,1,9,3,58000,1,1,1.0,1,39851.93,5241.0,33950.0,12163.0,43910.46,46255.0,0.0,4,21347.0,94051.12,41962.03,6,82,25736.0,34873.0,28147.0,47,8,732220.0,Y,7362.18,current,M,61,LOW,8.200000000000001,6,684.0,1,3.0
12287,18389,37462.0,13592.95,1790.0,40633.4,20101.0,541.0,6930.69,44.0,10,27,1,2,34,555000,1,1,1.0,1,384550.05,385218.7,37274.0,2921.0,33216.06,57104.0,11.0,6,22655.0,271566.82,105499.0,2,84,52063.0,79402.75,32989.0,18,1,44992.0,Y,5367.88,current,M,40,LOW,14.0,1,503.0,1,13.0
12288,1766,10629.0,2695.0,13730.52,8267.59,2598.0,1185.095,2555.3,7.0,2,87,4,3,80,494000,1,1,1.0,1,683316.0,120154.1,43798.0,14509.0,37918.29,9969.14,147.0,1,17399.0,18704.0,32203.86,6,21,19050.0,108126.7,70625.0,16,61,95767.0,Y,3874.3,current,M,46,HIGH,7.800000000000001,4,620.0,1,9.0
12289,6257,12811.0,19369.92,1289.0,2808.5,5925.0,1565.5,2344.0,7.0,3,72,1,31,47,472000,1,1,1.0,1,825.0,245000.0,15477.0,1332.0,150182.23,16568.0,3.0,1,18362.0,7218.0,678.0,4,12,36666.0,305110.15,102074.52,6,0,19507.0,Y,15865.89,current,M,37,MEDIUM,5.1000000000000005,8,631.0,1,13.0
12290,16058,222585.0,22700.13,354.0,3340.66,19192.6,4837.24,3111.0,1.0,8,32,5,1,2,13000,1,1,1.0,1,250631.8,26000.0,49975.0,5773.0,27059.15,158095.0,38.0,1,49425.0,90705.1,66152.0,2,171,24828.0,58654.77,18077.0,4,50,87100.0,Y,8042.6,current,M,49,LOW,5.800000000000001,10,686.0,1,16.0
12291,14739,14544.0,9416.21,6308.0,142719.84,3309.5,19202.5,2384.7,3.0,18,11,30,5,30,199999,1,1,1.0,1,493682.5,11982.0,565.0,2000.0,92621.62,29324.0,36.0,4,27608.0,25084.0,100126.0,3,20,64207.0,44862.04,59321.31,2,57,245.0,Y,10529.87,current,M,35,MEDIUM,3.0,4,424.0,1,20.0
12292,1392,16209.0,4238.9,3926.0,9431.0,330.9,9890.26,3751.7,6.0,1,35,10,2,2,400000,1,1,1.0,1,39851.93,165970.9,126001.0,-6885.0,10101.25,2121.0,43.0,6,29287.0,7795.11,93773.0,0,20,20369.0,8662.9,97282.0,8,18,31133.38,Y,1143.4,current,M,37,LOW,15.3,8,454.0,0,5.0
12293,15435,1048.0,15519.89,2849.0,1666.4,8980.91,2022.0,3223.0,18.0,3,7,3,56,3,393000,1,1,1.0,1,105453.65,1024477.47,300500.0,5773.0,36167.79,65598.0,16.0,4,12029154.0,28967.43,4397.0,70,20,30619.0,52895.09,35468.0,10,65,446.0,Y,4605.68,saving,M,35,LOW,3.0,3,523.0,1,10.0
12294,1085,2591.0,2384.12,2150.01,1528.62,5190.0,3263.77,6919.0,6.0,10,4,17,3,3,453000,1,1,1.0,1,111.0,1425000.0,12016.0,0.0,92954.13,144388.0,46.0,2,21258.0,21840.0,63896.0,9,8,142385.0,16993.82,26713.0,1,18,9721.0,Y,3471.68,current,M,32,MEDIUM,2.4000000000000004,10,268.0,1,10.0
12295,12470,528.0,8610.52,4780.0,14835.09,4906.0,10245.61,22520.0,7.0,42,50,42,3,79,362000,1,1,1.0,1,46451.38,429273.4,30000.0,8362.0,24807.35,40222.0,22.0,3,88931.0,24169.0,33069.75,6,20,27088.0,45143.06,44362.0,8,39,28425.0,Y,2271.12,current,M,35,MEDIUM,3.0,1,963.0,1,12.0
12296,143,20191.0,19635.0,4740.0,27034.0,4444.25,1186.235,15472.21,5.0,47,5,47,1,67,87000,1,1,1.0,1,9220.2,100934.0,105000.0,903.0,18127.77,98207.0,29.0,36,12102.7,542698.94,85214.0,3,81,93600.0,28583.0,101145.5,21,124,49775.27,Y,989.03,saving,M,42,LOW,2.2,1,867.0,1,19.0
12297,11160,7095.0,15033.94,11420.0,206711.85,461.0,14228.17,196.1,2.0,1,71,17,18,37,256000,1,1,1.0,1,189802.75,636413.11,19081.0,-4664.0,95790.79,43626.41,20.0,7,23956.0,27527.08,81614.46,2,11,33989.0,42282.07,5403.0,5,10,15002.0,Y,14643.69,current,M,33,MEDIUM,7.800000000000001,10,710.0,1,16.0
12298,13127,102.0,12859.33,614.0,2120.0,803.0,2995.64,2575.38,6.0,1,67,5,6,8,319000,1,1,1.0,1,28844.0,20098.0,48950.0,6916.0,26599.66,26991.0,39.0,7,37860.0,67007.2,54570.0,4,6,12329.0,77034.75,47877.0,19,13,31404.0,Y,4980.52,current,M,30,MEDIUM,3.0,7,882.0,1,13.0
12299,18058,6226.0,2361.42,3362.0,31903.2,9210.51,23710.1,16482.0,136.0,29,1,20,4,11,188000,1,1,1.0,1,115.45,17000.0,891.0,12415.0,271902.16,65497.95,11.0,26,63350.0,26459.71,119671.0,1,34,76924.0,83060.75,241581.68,6,11,26304.0,Y,1656.29,current,M,32,MEDIUM,2.4000000000000004,10,536.0,1,19.0
12300,7250,17967.0,3299.72,10876.11,11872.0,2698.91,19919.0,1955.52,18.0,9,19,3,3,41,670000,1,1,1.0,1,747610.0,12929.0,100000.0,9415.0,157438.73,102784.0,11.0,31,33221.0,20601.25,32422.0,1,82,13600.0,137636.24,24655.0,94,107,341.0,Y,6945.0,current,M,66,MEDIUM,18.400000000000002,9,330.0,1,4.0
12301,17234,209011.0,63214.8,1711.0,5022.5,182.28,7194.94,11991.75,7.0,30,5,8,14,2,369000,1,1,1.0,1,81872.65,3651922.3,925.0,5439.0,125913.54,21269.0,55.0,6,59830.0,20683.92,144138.0,17,1,36398.0,5341.3,523031.56,44,2,35436.0,Y,5371.53,saving,M,37,MEDIUM,13.600000000000001,4,887.0,1,12.0
12302,12764,7913.0,16084.5,5845.0,2578.0,30673.12,16416.24,17576.0,26.0,66,4,53,6,68,247000,1,1,1.0,1,87526.1,12971.0,49975.0,3897.0,95622.68,119886.0,10.0,1,800000.0,260987.04,154489.0,3,11,20592.0,26723.96,263604.22,4,7,17884.0,Y,4452.63,saving,M,37,HIGH,13.600000000000001,1,864.0,0,10.0
12303,16707,128849.0,5245.0,42400.0,14838.62,429.0,15763.5,3700.0,5.0,1,9,57,9,26,232000,1,1,1.0,1,825.0,165000.0,20887.0,4314.0,43222.17,10287.0,5.0,3,22046.0,242485.4,35805.0,2,67,26942.0,297444.0,51485.29,94,103,36369.0,Y,319598.66,current,F,66,LOW,27.6,10,644.0,0,17.0
12304,13969,4375.0,14052.92,4225.08,27015.5,5991.0,32843.52,2304.0,2.0,1,59,3,15,13,369000,1,1,1.0,1,9542.5,205032.06,12016.0,3897.0,37624.13,67600.0,103.0,36,18380.5,5375.0,53291.0,45,50,73532.0,39723.69,40756.0,11,76,28826.0,Y,4196.15,saving,M,32,LOW,4.800000000000001,10,447.0,0,2.0
12305,2984,520.0,26009.25,284.0,45693.46,964.0,4082.175,492.0,6.0,19,3,2,12,3,27000,1,1,1.0,1,94127.1,1372927.14,18389.0,6409.0,75115.75,28548.0,18.0,2,242287.0,8380.0,37169.0,2,20,27397.0,63924.54,157524.5,7,14,70500.0,Y,256.58,current,M,33,HIGH,9.1,4,796.0,1,4.0
12306,5527,174119.0,17135.88,5886.0,12605.4,1618.0,29145.93,491.81,6.0,37,18,1,21,25,315000,1,1,1.0,1,743915.3,150000.0,4367.0,-5439.0,19747.25,58953.0,7.0,4,17336.0,32916.07,144066.0,7,108,283640.0,29644.0,54529.38,2,24,28247.0,Y,3164.34,current,F,30,LOW,10.0,3,638.0,1,8.0
12307,3642,10489.0,2199.5,982.0,142097.0,30843.0,3735.245,4957.28,5.0,23,38,1,44,10,114000,1,1,1.0,1,1865892.0,184514.0,50000.0,-4679.0,30729.39,79244.0,43.0,9,88930.0,42547.67,53362.96,11,8,98988.0,53723.21,30156.0,43,49,10881.0,Y,27955.06,current,F,37,HIGH,8.5,1,249.0,1,16.0
12308,1981,184.0,17077.0,3332.48,17188.18,475.0,1396.0,4317.0,2.0,26,4,1,31,1,403000,1,1,1.0,1,4230125.0,15957.0,48950.0,5439.0,28744.32,288212.0,91.0,26,23967.0,72941.43,13048.0,3,38,102500.0,68333.0,177990.0,11,68,795.0,Y,33874.7,current,M,46,MEDIUM,5.2,6,265.0,0,7.0
12309,7475,14536.0,1123.97,787.62,10697.0,3641.0,3392.0,1489.0,531.0,22,87,50,25,17,44000,1,1,1.0,1,506688.65,536874.6,1515.0,-4612.00977,25348.5,64328.0,89.0,36,19026.0,157500.5,22355.0,1,82,55498.0,36573.23,69751.0,5,83,10800.0,Y,20966.96,current,M,40,LOW,4.0,9,796.0,1,14.0
12310,18837,35092.0,11881.5,11814.16,8794.65,3182.0,1034.45,2061.0,26.0,17,27,15,2,79,525000,1,1,1.0,1,6440.0,157624.24,183999.0,35346.0,66020.25,30541.0,4.0,3,44341.0,5076.75,58639.22,4,75,25276.0,3504.0,100910.57,9,63,252105.0,Y,4165.67,current,M,35,LOW,4.5,8,464.0,1,9.0
12311,57,11263.0,5784.61,26764.29,13495.32,20372.58,3177.615,10377.0,6.0,4,52,50,1,42,199999,1,1,1.0,1,58834.74,961916.9,24094.0,5350.0,64247.68,53648.97,10.0,1,1420.0,24935.19,29014.35,1,34,281169.0,30200.0,26185.0,3,63,20229.0,Y,17992.58,current,M,34,MEDIUM,8.4,8,911.0,1,14.0
12312,3339,17395.0,8079.61,9621.0,45147.17,1782.2,2173.0,13587.37,44.0,29,86,1,51,75,170000,1,1,1.0,1,1895.04,79828.0,14904.0,5773.0,12731.56,149840.0,4.0,30,59103.0,138618.93,68960.0,24,9,23849.51,54550.52,50158.0,2,7,30418.0,Y,29577.19,current,M,63,MEDIUM,38.7,5,575.0,1,3.0
12313,15255,224157.0,1504.95,1236.0,2551.97,1271.75,33301.87,7950.93,4.0,10,2,45,4,53,84000,1,1,1.0,1,81284.7,200926.0,12000.0,-5439.0,26229.25,26152.88,42.0,7,36100.34,48925.95,76871.67,6,26,24136.0,25463.51,5264.0,16,18,38700.0,Y,2748.24,current,M,28,LOW,0.8,9,743.0,1,8.0
12314,4477,17865.0,11503.48,19656.0,9624.84,7850.71,577.15,728.75,2.0,9,50,2,2,98,400000,1,1,1.0,1,510.6,159415.3,1611.0,6613.0,10427.42,56976.07,11.0,0,29560.0,13161.0,39459.74,3,82,14187.0,33016.7,46476.0,5,24,16219.0,Y,8398.3,current,M,222,LOW,80.80000000000001,10,698.0,1,15.0
12315,17674,101339.0,102337.2,2949.0,10218.81,152.1,29707.0,2519.0,100.0,128,35,48,6,31,414000,1,1,1.0,1,115.45,143000.0,13873.0,-5439.0,144443.74,20373.0,6.0,3,13600.0,44899.08,103148.0,42,1,23100.0,16511.0,55157.0,10,0,6086.0,Y,784.73,current,M,30,MEDIUM,10.0,5,372.0,1,20.0
12316,10862,165873.0,64418.14,3473.0,3524.51,30843.0,27160.76,2652.0,6.0,26,64,1,31,81,17000,1,1,1.0,1,6558.8,390700.0,4000.0,1411.0,56546.5,277536.0,7.0,6,109701.0,30065.22,179984.37,4,28,101655.0,16137.0,56921.33,49,49,19017.0,Y,2876.85,current,M,33,MEDIUM,3.9000000000000004,7,523.0,0,9.0
12317,4608,20012.0,16465.63,41324.0,89227.87,3187.8,7940.77,4328.0,5.0,2,38,47,1,8,49999,1,1,1.0,1,13279.75,15300.0,18389.0,-3625.0,165979.37,151397.0,147.0,5,29580.0,6871.45,21824.0,7,50,20979.0,53705.15,42372.5,4,65,22661.0,Y,550.46,current,M,44,MEDIUM,12.0,1,536.0,1,11.0
12318,2714,13145.0,6174.68,462.0,7496.66,3851.0,733.28,12602.0,5.0,99,5,1,4,1,494000,1,1,1.0,1,39851.93,143000.0,50000.0,1444.0,34481.65,29269.0,69.0,36,26298.0,14059.41,35938.24,0,7,51924.0,23373.76,28990.0,3,3,20850.0,Y,5412.0,current,M,27,LOW,2.1,5,488.0,1,5.0
12319,19099,19482.0,7600.16,844.96,43708.56,8066.3,786.0,9917.15,136.0,10,67,1,1,79,199999,1,1,1.0,1,1581000.0,68663.61,2644.0,1411.0,37691.89,10066.0,16.0,4,40018.0,33038.02,23151.0,5,11,10625.0,6399.36,20796.0,21,63,30206.0,Y,5072.08,current,M,33,MEDIUM,1.3,2,245.0,1,15.0
12320,10987,15289.0,5674.23,9845.98,34113.89,13439.0,8953.0,2472.0,19.0,3,79,3,1,1,352000,1,1,1.0,1,347309.75,385218.7,610000.0,1500.0,38002.17,10592125.0,69.0,29,56997.0,26885.88,38605.5,4,29,20844.0,304259.73,264567.0,19,22,29078.0,Y,210.37,current,M,36,MEDIUM,1.6,10,256.0,1,2.0
12321,11438,9680.0,33550.21,1818.0,60399.0,13285.0,4720.3,6235.94,44.0,10,110,47,5,54,0,1,1,1.0,1,42460.6091,64491.0,768.0,2337.0,57579.57,117066.0,6.0,4,275606.54,61034.09,171745.92,1,7,4870.0,36635.0,32566.0,5,76,35714.0,Y,5955.73,current,M,47,MEDIUM,5.4,10,394.0,1,5.0
12322,3317,6901.0,5786.0,9444.56,2021.53,1874.0,1403.0,7274.0,3.0,23,44,24,6,79,340000,1,1,1.0,1,154363.25,506383.85,8417.0,1444.0,6002.76,39835.0,46.0,1,22758.0,42054.52,336062.0,3,105,25538.0,259951.53,94545.0,94,12,59859.0,Y,834.32,current,M,62,LOW,16.8,6,254.0,1,12.0
12323,15996,18728.0,2094.0,10190.9,16350.755,4556.23,12889.52,246.0,5.0,32,47,60,2,1,74100,1,1,1.0,1,41070.0,108145.0,300500.0,12415.0,62205.75,41913.0,32.0,2,42938.19,146823.17,30285.0,5,69,73902.0,44449.63,22025.1,12,42,14600.0,Y,1112.62,current,M,42,MEDIUM,22.0,1,519.0,1,2.0
12324,10458,16466.0,5669.0,318.72,5515.005,2133.55,11293.0,3891.73,3.0,32,1,1,31,56,575000,1,1,1.0,1,253302.0,88482.8,105000.0,6885.0,5714.46,11336.0,10.0,9,44961.0,41732.7,61986.0,2,1,51344.0,45341.0,20482.0,3,57,3361.0,Y,6554.99,current,M,47,LOW,18.900000000000002,10,922.0,1,2.0
12325,10722,1183.0,71147.21,314.88,8835.87,28591.0,4935.09,3528.0,5.0,30,4,2,2,17,391000,1,1,1.0,1,1349.1,369448.8,768.0,5340.0,33917.75,85132.0,42.0,0,29909.54,23432.5,27940.0,45,8,28683.0,172218.26,101345.37,21,3,2250.0,Y,11933.35,current,M,53,MEDIUM,3.3000000000000003,6,123.0,0,14.0
12326,18003,9758.0,20946.8,4552.0,6268.17,2098.0,6324.0,533.0,531.0,83,44,1,2,1,369000,1,1,1.0,1,140291.6,11772.76,300500.0,0.0,689.0,25474.0,4.0,31,37377.0,17261.41,36644.25,2,11,29253.0,25383.25,45361.0,21,104,40100.0,Y,4398.02,current,M,34,HIGH,2.8000000000000003,8,629.0,1,15.0
12327,7213,14905.0,39567.67,2136.0,3114.0,5647.0,10705.565,84351.0,6.0,5,9,47,5,79,104000,1,1,1.0,1,506688.65,400000.0,508.0,173.0,38506.25,46373.0,20.0,5,13600.0,47179.94,11047.0,5,31,38989.0,204932.61,38821.0,42,12,42681.0,Y,2847.27,current,M,47,MEDIUM,5.4,1,267.0,1,15.0
12328,9975,13783.0,6823.94,8202.86,39567.06,10000.33,22981.5,1489.0,6.0,37,2,8,2,4,35000,1,1,1.0,1,40804.75,25404.0,72000.0,-12179.0,25164.93,281271.0,11.0,31,45425.0,135514.84,63773.0,2,4,31385.0,20589.8,52665.93,7,113,41241.0,Y,13298.25,current,M,35,LOW,10.5,1,805.0,1,8.0
12329,15687,237916.0,20260.07,2328.81,15801.0,1239.0,3479.4,9812.0,5.0,26,3,7,1,2,74100,1,1,1.0,1,380.0,172678.56,1036.0,20513.0,6121.25,13350.0,7.0,78,19007.0,21335.26,32659.5,4,29,60448.0,35961.0,121112.0,21,61,18775.0,Y,4575.39,saving,M,35,MEDIUM,15.0,8,385.0,1,14.0
12330,11659,19350.0,117488.32,4319.0,21329.83,5914.6,11956.0,59345.0,17.0,5,13,1,4,55,576000,1,1,1.0,1,13668.25,65174.0,508.0,-4612.00977,53362.0,26252.0,11.0,2,57530.0,81776.92,82635.07,1,5,63302.0,39840.7,42825.0,11,9,15215.0,Y,8021.85,saving,F,38,HIGH,5.4,10,801.0,0,18.0
12331,9757,15076.0,4801.56,8168.26,2368.31,7806.94,2421.83,2341.58,12.0,23,23,3,3,81,579000,1,1,1.0,1,53530.07,52098.99,28985.0,1992.0,62747.15,123052.05,55.0,14,18808.0,68934.17,49076.0,9,7,34360.0,253.0,9203.0,9,15,41441.0,Y,2464.89,current,M,39,MEDIUM,19.0,9,537.0,1,19.0
12332,4027,304279.0,12385.43,7727.0,16126.0,2404.04,12589.965,1999.0,531.0,66,13,4,18,16,267000,1,1,1.0,1,12869465.0,56000.0,105000.0,16455.0,24280.55,7512.25,42.0,29,348511.0,7542.45,15671.0,16,42,21039.0,104559.25,26487.0,9,1,17471.0,Y,13210.0,current,M,66,MEDIUM,32.2,2,723.0,1,9.0
12333,11844,98288.0,25252.3,3658.01,14721.7,2174.0,9008.23,326.0,66.0,10,35,48,2,62,98000,1,1,1.0,1,127004.3,1084598.7,15654.0,173.0,77772.01,50057.0,18.0,1,27152.0,9187.89,47669.0,10,18,24064.0,297444.0,82383.0,12,0,32342.0,Y,12353.45,current,M,33,MEDIUM,1.3,8,398.0,0,11.0
12334,12135,132310.0,84216.37,972.0,4060.11,3154.0,4938.09,1467.0,7.0,4,35,5,2,47,358000,1,1,1.0,1,47.45,760571.3,300000.0,2921.0,20679.48,235076.0,4.0,3,3700.0,94860.22,63881.0,4,7,35502.0,107523.73,33695.0,13,0,18200.0,Y,1303.14,current,M,50,MEDIUM,27.0,5,508.0,1,16.0
12335,12292,338069.0,12717.65,18225.0,10347.72,252.0,8375.5,11110.5,43.0,3,4,1,5,98,218000,1,1,1.0,1,1360.0,157000.0,583.0,-4612.00977,84259.83,23653.0,46.0,2,27784.0,40384.76,226762.0,20,82,21600.0,83379.03,898.0,4,65,141014.42,Y,1202.53,current,M,31,HIGH,3.3000000000000003,3,911.0,1,7.0
12336,6518,4304.0,18763.82,5572.0,8102.5,2824.0,35379.62,24148.83,10.0,23,102,1,6,37,319000,1,1,1.0,1,825.0,280000.0,3975.0,-4664.0,4907.25,115767.0,42.0,26,15269.0,175123.95,41438.83,2,81,25066.0,128505.31,72191.0,47,103,35662.0,Y,0.0,current,M,37,LOW,15.3,5,966.0,1,20.0
12337,2966,5124.0,35910.37,5947.0,3299.85,6176.52,3425.0,47769.21,4.0,93,50,20,12,68,410000,1,1,1.0,1,13668.25,90829.65,18389.0,3735.0,96932.5,91586.0,7.0,3,35341.0,17058.96,44130.18,7,20,21380.0,34730.14,46118.0,7,104,84910.0,Y,2217.06,current,M,51,LOW,15.5,3,370.0,0,10.0
12338,5368,178774.0,30383.74,7009.0,3024.93,915.0,14547.0,72627.0,10.0,3,20,1,55,30,59000,1,1,1.0,1,668728.4,545000.0,33774.0,-4324.0,24890.4,18151.0,91.0,7,20004.0,41910.5,39700.5,1,6,168876.0,263755.26,112242.0,3,104,240442.65,Y,60.45,current,M,37,MEDIUM,13.600000000000001,7,508.0,1,7.0
12339,5847,169633.0,48113.72,2984.88,2597.17,252.0,14942.11,4207.0,7.0,10,72,24,4,26,581000,1,1,1.0,1,185669.2,64491.0,891.0,5730.0,18516.92,16275.0,3.0,1,33022.0,15463.5,82692.0,9,5,34926.0,93155.91,35776.13,38,73,256626.0,Y,13895.89,current,F,33,HIGH,3.9000000000000004,10,950.0,1,13.0
12340,10161,8625.0,3075.0,1467.0,2758.0,211.73,6820.42,167311.0,66.0,10,4,8,21,1,49999,1,1,1.0,1,78472.48,232235.65,768.0,-5439.0,48155.95,13605.0,16.0,4,31675.0,23824.0,16983.0,0,34,11539.0,40660.46,13020.0,11,80,18585.0,Y,21718.02,current,F,27,MEDIUM,5.6000000000000005,10,685.0,1,15.0
12341,11716,14765.0,9784.4,10381.0,2919.8,1043.65,17467.85,3563.0,4.0,30,20,8,60,34,381000,1,1,1.0,1,48675.31,12000.0,16114.0,35346.0,145.25,48854.0,42.0,2,12964.0,15913.25,20970.96,8,20,51420.0,1382.45,26211.0,62,67,76902.0,Y,2392.58,current,F,66,MEDIUM,46.0,5,653.0,1,7.0
12342,19641,8024.0,1860.0,21855.31,28074.34,2980.59,5784.655,4859.0,43.0,9,11,2,23,10,47000,1,1,1.0,1,1112.4,234459.4,3975.0,9415.0,170157.86,119642.0,11.0,6,112721.0,99339.41,22140.0,5,5,14278.0,13763.0,94237.0,9,12,49300.0,Y,706.24,current,M,35,MEDIUM,13.5,2,354.0,1,15.0
12343,18902,5786.0,81462.11,4475.99,2431.54,2513.0,17357.75,7240.0,4.0,23,105,2,31,13,155000,1,1,1.0,1,510.6,16583.84,29542.0,-5715.49022999999,4674.39,24067.0,42.0,4,25273.0,122026.78,84321.0,4,20,36900.0,52305.15,41037.04,94,63,75980.0,Y,823693.26,current,M,223,MEDIUM,121.80000000000001,3,324.0,0,3.0
12344,6749,31192.0,3463.07,14521.33,198508.0,1392.0,2636.76,11110.5,29.0,61,4,22,18,56,59000,1,1,1.0,1,68640.0,360000.0,1446.0,-5942.0,36333.36,45042.0,67.0,36,28783.0,20693.15,50253.0,1,20,97769.0,725787.06,7612.0,49,52,119952.0,Y,3741.27,saving,M,35,LOW,12.0,8,710.0,0,15.0
12345,1775,12438.0,8994.76,182.0,9460.82,1023.15,15157.0,779.0,2.0,5,50,1,5,5,289000,1,1,1.0,1,48422.7,100934.0,23500.0,-4679.0,650516.15,43204.16,11.0,43,82655.0,86041.55,90314.0,1,89,54800.0,45341.0,107577.0,7,52,46846.0,Y,71201.77,current,M,53,LOW,9.9,7,755.0,0,5.0
12346,7683,179354.0,9335.0,1274.43,415.0,18445.29,7909.52,11781.0,2.0,23,14,30,4,1,383000,1,1,1.0,1,1910215.0,397463.9,54101.0,1444.0,61966.51,18672.0,11.0,3,37503.0,89614.16,54623.0,43,7,20780.0,48058.0,752.0,3,8,6123.0,Y,1731.09,current,M,32,LOW,1.2000000000000002,10,445.0,1,2.0
12347,12060,17877.0,11349.69,9655.0,1209.0,5597.43,1306.26,3007.39,44.0,36,3,51,51,30,54000,1,1,1.0,1,61186.36,31730.49,25728.0,0.0,24402.46,26964.0,24.0,2,12924.0,17310.88,41782.0,2,82,42234.0,39380.56,32283.75,9,38,12440.0,Y,10731.63,current,F,47,LOW,5.4,3,305.0,1,2.0
12348,4198,20021.0,16210.85,1197.26,20601.0,448.0,4603.0,10014.0,2.0,601,4,20,1,2,494000,1,1,1.0,1,13180.0,5350.0,230000.0,5340.0,35516.0,435744.66,103.0,3,24006.0,35614.49,268.5,3,6,52950.0,157376.1,172315.67,117,63,21814.0,Y,1703.33,current,M,28,LOW,3.2,8,631.0,1,18.0
12349,12007,2502.0,61944.72,2606.78,52034.46,1076.29,10705.565,21927.62,19.0,128,61,17,4,1,467000,1,1,1.0,1,52209.5,470000.0,300500.0,2337.0,8926.92,15907.0,63.0,6,18168.0,25091.13,302243.0,11,108,15633.0,51759.97,8178.0,5,42,80853.0,Y,11634.97,saving,M,27,MEDIUM,1.4000000000000001,6,299.0,1,17.0
12350,18895,304583.0,16196.92,5097.46,10045.31,3748.5,8676.0,1677.0,92.0,30,30,3,1,3,599000,1,1,1.0,1,2008232.55,110135.86,130000.0,6613.0,44864.25,45558.0,11.0,1,2000000.0,72978.72,78174.88,9,108,9988.0,22509.91,49053.5,12,1,78690.0,Y,2861.2,current,M,55,LOW,21.0,5,623.0,1,10.0
12351,11916,128262.0,1172.93,16025.0,3016.37,2447.0,11340.0,7644.68,10.0,10,49,1,21,13,109000,1,1,1.0,1,2100.0,267421.4,24619.0,5340.0,42358.88,80696.0,4.0,5,26065.0,106949.34,37948.0,4,20,28277.0,34863.35,52711.89,21,18,14715.0,Y,1006.67,current,M,40,LOW,12.0,5,299.0,1,9.0
12352,9650,17593.0,5227.0,1178.1,20941.89,2609.0,2012.0,2997.44,44.0,10,23,8,6,36,303000,1,1,1.0,1,298492.0,545000.0,3000.0,6885.0,27249.12,32003.0,18.0,36,47910.0,35832.78,25537.0,35,11,14999.0,109209.72,82383.0,13,13,72980.0,Y,514.29,saving,M,53,MEDIUM,9.9,2,503.0,1,19.0
12353,6008,6723.0,8209.58,3805.4,11470.23,29884.0,2952.54,5683.0,7.0,30,29,7,1,20,255000,1,1,1.0,1,8209320.0,335948.0,130000.0,5340.0,11376.73,39266.67,52.0,7,19320.0,136610.0,45163.75,9,63,198500.0,725787.06,33901.0,62,83,989.0,Y,4272.78,current,M,66,HIGH,41.400000000000006,6,802.0,1,5.0
12354,5766,8695.0,19065.915,220.73,780.0,4562.14,2799.89,2121.72,12.0,6,16,17,1,47,520000,1,1,1.0,1,19.95,132324.01,925.0,-4679.0,77870.53,102134.0,7.0,23,168292.0,352.0,153834.0,4,9,32641.0,16387.0,44824.0,3,107,17752.0,Y,1351.41,current,M,29,MEDIUM,0.9,10,511.0,1,6.0
12355,14901,207152.0,1188.0,14674.0,3715.65,2892.7,6965.0,3081.0,6.0,3,10,47,36,3,315000,1,1,1.0,1,68640.0,10767.53,25639.0,-5998.43994,208031.24,57086.0,52.0,2,48750.0,39794.5,130.66,0,35,13138.0,30263.17,2727.0,4,22,10892.0,Y,9906.15,current,M,62,HIGH,8.4,1,269.0,1,9.0
12356,18933,4294.0,3463.07,1006.0,2909.22,3985.54,5172.0,7274.52,4.0,6,3,10,18,98,466000,1,1,1.0,1,192478.0,43397.0,183999.0,35346.0,60012.13,61055.05,4.0,30,110344.0,30087.11,67243.74,11,46,15803.0,7719.71,49040.5,47,50,18044.0,Y,11923.1,current,M,47,MEDIUM,13.5,8,464.0,1,13.0
12357,7035,35533.0,2299.55,5947.0,9471.27,51389.0,1151.0,10036.0,19.0,30,50,3,36,81,466000,1,1,1.0,1,526.25,17000.0,1526.0,9415.0,36333.36,21588.0,7.0,15,156049.0,82132.46,39120.0,1,21,230.0,33161.51,502.0,9,32,36473.0,Y,3332.96,current,M,37,MEDIUM,3.4000000000000004,5,684.0,0,4.0
12358,8525,2716.0,10351.55,3509.0,27982.36,1524.6,15870.82,24190.82,5.0,3,50,41,1,98,369000,1,1,1.0,1,26335.7,38173.0,28985.0,20513.0,79964.5,18219.38,77.0,1,26969.0,95022.15,39978.0,3,20,29506.0,2122.0,44418.0,117,103,18721.0,Y,135.08,current,M,47,MEDIUM,2.7,1,259.0,1,3.0
12359,1253,16378.0,3418.0,6990.5,453.5,690.48,9621.3,629.0,3.0,36,5,18,56,47,302000,1,1,1.0,1,298492.0,100000.0,25508.0,977.0,62396.66,21476.62,57.0,4,46951.0,18970.34,41865.0,1,25,109323.0,32482.76,182543.0,1,96,44339.0,Y,2247.7,saving,M,55,MEDIUM,10.5,5,314.0,1,16.0
12360,5902,308122.0,41998.07,614.0,2287.0,1325.0,7645.68,4503.7,5.0,83,35,48,5,37,59000,1,1,1.0,1,10562.45,760470.3,925.0,1500.0,39686.25,54058.0,11.0,55,36349.29,61146.05,36589.0,2,6,28292.0,77234.0,27288.0,7,133,34039.0,Y,4575.39,current,M,35,MEDIUM,12.0,3,454.0,1,8.0
12361,1887,3429.0,24204.0,3518.0,4438.94,609.8,2769.775,3700.0,53.0,5,3,62,3,70,358000,1,1,1.0,1,270.0,19000.0,10973.0,0.0,66448.3,23515.0,20.0,31,27875.0,10256.69,21323.0,7,20,124950.0,54421.34,87182.0,6,7,35190.0,Y,10041.81,saving,F,33,MEDIUM,1.3,2,866.0,1,20.0
12362,3353,19062.0,1135.95,1709.0,1248.17,970.6,8094.0,28845.23,16.0,29,7,21,1,26,75000,1,1,1.0,1,1112.4,267421.4,56305.0,173.0,30248.55,77162.0,18.0,3,20495.0,278456.74,68728.11,31,20,67691.0,41494.5,26577.0,27,68,16583.0,Y,6945.0,current,M,30,LOW,1.0,5,485.0,1,10.0
12363,3847,4767.0,16557.11,2226.0,19882.72,411.0,6430.0,23237.5,14.0,25,46,20,51,3,256000,1,1,1.0,1,78472.48,240000.0,565.0,4063.0,11060.96,79785.0,11.0,4,35000.0,21752.06,81026.0,1,28,29882.0,78091.2,22458.0,40,104,23268.0,Y,5218.06,current,M,62,HIGH,42.0,2,966.0,1,3.0
12364,6347,1996.0,5760.0,1334.02,646.93,10507.42,32695.0,9900.72,1.0,10,10,1,1,9,0,1,1,1.0,1,903003.0,158000.0,1515.0,-6281.37987999999,17313.12,41054.07,55.0,6,40723.0,56738.89,97700.0,9,59,15735.0,44717.61,217490.77,27,58,13172.61,Y,44134.21,current,M,42,LOW,2.2,7,683.0,1,15.0
12365,11820,2246.0,2858.64,10829.0,11872.0,15838.92,2602.895,2288.77,25.0,1,102,2,1,53,138000,1,1,1.0,1,41441.27,3651000.0,68000.0,6885.0,35975.06,21994.0,7.0,4,17490.0,64760.68,27230.5,50,25,74695.0,130901.2,110441.0,2,50,144708.0,Y,482.96,current,M,47,MEDIUM,2.7,7,385.0,1,18.0
12366,16299,11389.0,7452.23,4681.5,79926.92,4887.0,8488.58,5019.55,63.0,3,9,42,17,70,329000,1,1,1.0,1,1235.85,223379.4,583.0,1992.0,42425.0,4252.38,4.0,6,22819.0,48138.96,49410.37,0,108,15759.0,177239.57,132.0,13,22,69650.03,Y,1789.02,current,M,30,LOW,3.0,9,488.0,1,5.0
12367,4241,12356.0,7880.96,13987.0,1120.3,1897.0,14307.71,634.0,8.0,30,86,18,20,79,134000,1,1,1.0,1,331.2,189246.0,28912.0,3897.0,31437.72,48296.0,39.0,5,72227.0,34810.55,73629.5,0,25,99422.75,27916.49,37716.0,8,106,13038.0,Y,2876.85,current,M,32,MEDIUM,12.0,8,683.0,0,12.0
12368,6874,319538.0,1627.755,6453.0,46632.65,34987.0,3974.49,3410.0,10.0,66,74,2,60,26,272000,1,1,1.0,1,1424.5,5351.0,24000.0,0.0,297406.0,39589.59,4.0,1,1378.0,24509.32,110839.4,4,5,39391.0,34185.93,75487.0,22,103,11740.0,Y,19102.38,current,M,58,LOW,15.200000000000001,9,299.0,0,7.0
12369,8815,18142.0,22988.0,1084.0,4482.77,9700.74,10263.0,13650.3,52.0,43,67,3,9,47,293000,1,1,1.0,1,493682.5,64091.0,927.0,5773.0,7254.25,24394.0,36.0,1,33879.0,88847.88,72483.0,1,171,23500.0,74201.38,39213.0,3,18,22886.0,Y,1177.83,current,M,35,MEDIUM,4.5,10,814.0,0,10.0
12370,10352,1829.0,67234.0,10091.23,410.29,337.92,20588.04,3501.5,43.0,26,50,48,15,26,256000,1,1,1.0,1,48675.31,21698.0,30000.0,1444.0,14361.48,3868.88,41.0,26,23720.0,48855.41,146853.0,5,6,22169.0,52503.52,133477.0,47,57,630.67,Y,263.31,current,M,42,MEDIUM,2.2,9,233.0,1,10.0
12371,7672,1997.0,923.0,2413.0,44034.86,50144.16,18141.75,2163.57,6.0,23,6,7,5,68,524000,1,1,1.0,1,55700.0,82907.34,500718.0,26601.0,427063.01,34151.0,67.0,7,95200.0,7729.8,105766.83,35,20,12922.0,37106.97,31367.0,1,113,58236.0,Y,3451.49,current,M,63,LOW,43.0,6,330.0,0,14.0
12372,8603,56198.0,1389.5,2031.0,3579.56,8898.0,8002.0,5242.0,26.0,10,35,1,11,70,576000,1,1,1.0,1,73010.0,117890.0,57899.0,5340.0,48391.25,35220.0,42.0,35,14443.0,37053.43,147063.0,16,14,35557.0,33554.33,20336.0,2,50,37550.0,Y,984.17,current,M,33,MEDIUM,13.0,4,244.0,0,13.0
12373,1541,7819.0,16352.01,10529.89,6694.0,986.68,6137.11,6390.0,57.0,25,4,8,4,81,435000,1,1,1.0,1,9255.43,165970.9,73217.0,0.0,96244.48,43193.42,10.0,7,21750.0,85296.45,4174.0,9,50,59584.0,507282.0,34126.0,4,36,30159.0,Y,262.41,current,M,47,MEDIUM,2.7,5,860.0,0,3.0
12374,8683,40594.0,10057.4,487.64,4418.01,12642.41,6257.25,2327.0,6.0,16,89,26,9,55,371000,1,1,1.0,1,15279.79,117890.0,500.0,1465.0,146983.19,57933.0,35.0,2,14300.0,30964.75,29561.0,8,20,54412.0,98082.72,37410.0,6,63,21924.0,Y,3414.21,current,M,66,LOW,41.400000000000006,1,658.0,1,11.0
12375,17020,140939.0,31651.84,5614.0,4127.58,9404.63,11166.08,10529.0,12.0,34,16,48,15,39,104000,1,1,1.0,1,684495.7,560000.0,18257.0,6885.0,32954.25,271848.0,46.0,3,14248.0,7948.0,14324.42,9,171,24384.0,77677.43,94470.0,19,42,97709.0,Y,618.33,current,M,37,LOW,1.7000000000000002,9,966.0,1,4.0
12376,6117,2455.0,41360.0,2812.0,6843.0,1640.46,14347.0,4885.75,4.0,47,35,4,1,1,576000,1,1,1.0,1,2974.75,117890.0,12337.0,8572.0,6769.85,75820.5,15.0,23,101443.0,93845.18,131264.0,4,108,77484.0,57292.57,249.0,11,80,36056.0,Y,2997.68,current,M,32,MEDIUM,2.4000000000000004,9,593.0,1,11.0
12377,4098,7458.0,10779.7,10506.0,6885.54,9555.6,8580.51,2826.13,3.0,8,50,10,2,30,54000,1,1,1.0,1,1674.4,895000.0,1526.0,-6335.0,111817.83,70819.0,20.0,2,28870.0,12338.62,17298.0,2,20,30852.0,83154.0,10377.83,2,10,132065.0,Y,2221.74,current,M,27,MEDIUM,4.9,9,424.0,1,8.0
12378,4083,6489.0,24407.0,1002.0,14276.67,1428.28,11308.2,428.52,5.0,36,105,12,7,39,34000,1,1,1.0,1,1910215.0,30436.0,16004.0,1444.0,76554.67,41446.0,52.0,30,20667.0,23810.63,56112.38,2,20,12977.0,136484.77,84562.0,11,24,55189.67,Y,3391.2,current,M,33,LOW,2.6,4,445.0,1,12.0
12379,4550,128550.0,4794.0,2448.0,1024.0,2286.45,7970.0,11604.0,4.0,84,6,30,5,56,152000,1,1,1.0,1,160.2,58473.56,49975.0,-5439.0,48430.4,38273.0,55.0,1,12819.0,36589.87,37191.0,2,171,52877.0,29300.52,19588.0,49,50,27884.0,Y,2025.23,current,M,47,HIGH,21.6,10,354.0,1,13.0
12380,11131,17627.0,1312.92,634.0,2206.01,1871.45,15173.25,1563.0,7.0,10,50,2,25,1,595000,1,1,1.0,1,168.75,105000.0,23500.0,-5998.43994,41415.62,75875.0,42.0,36,22612.0,79076.0,170.5,1,24,17830.0,70615.83,207744.25,117,83,74832.0,Y,11018.75,saving,M,29,LOW,5.4,1,448.0,1,16.0
12381,16129,9916.0,21189.0,5431.86,5570.0,963.24,7940.0,3074.0,15.0,10,4,1,1,47,525000,1,1,1.0,1,354.5,730000.0,18389.0,-4664.0,49118.36,80232.0,35.0,7,33578.0,86844.8,115263.25,43,20,31465.0,69868.25,119319.0,47,39,19642.0,Y,748.94,current,F,66,LOW,36.800000000000004,9,924.0,0,4.0
12382,14199,15696.0,29884.8,2044.66,53587.53,2549.0,22744.03,517.0,124.0,11,29,3,2,10,47000,1,1,1.0,1,78472.48,15395.48,90525.0,6885.0,27183.68,240769.7,68.0,33,42466.0,90783.2,710.62,5,11,11346.0,342683.04,31374.13,12,58,282034.0,Y,23954.24,current,M,44,HIGH,12.0,2,385.0,1,16.0
12383,19608,181446.0,5272.54,5431.86,1086.45,1045.4,6629.78,3782.0,44.0,23,27,1,18,1,170000,1,1,1.0,1,6440.0,674291.83,536.0,12965.0,22211.31,70775.0,4.0,2,14850.0,116899.24,38211.38,2,23,37336.0,599348.98,64079.0,11,18,148506.0,Y,831.99,current,M,27,LOW,7.0,5,354.0,1,5.0
12384,13344,3079.0,31014.47,548.1,4665.8,5607.28,4432.0,6667.0,10.0,85,32,1,15,58,338000,1,1,1.0,1,13180.0,201000.0,12500.0,3897.0,42068.61,75874.0,4.0,6,121000.0,149505.28,38262.0,12,4,53000.0,14413.59,39511.62,4,1,131623.0,Y,4586.34,current,F,58,LOW,26.6,10,922.0,1,6.0
12385,9722,9936.0,21175.36,2372.0,4978.99,490.5,17416.0,886.58,25.0,6,4,1,55,79,341000,1,1,1.0,1,5809950.0,22400.0,536.0,-4679.0,19729.72,22185.0,18.0,2,36759.0,36380.64,90736.0,71,8,53350.0,39998.13,760.0,40,75,94.0,Y,16623.69,current,M,47,MEDIUM,18.900000000000002,2,537.0,0,12.0
12386,8446,9004.0,29212.5,1253.0,16844.43,403.24,7438.0,15647.48,1.0,47,9,2,1,4,371000,1,1,1.0,1,140291.6,1187335.5,100000.0,12174.0,1712.25,114057.02,42.0,2,68489.0,18524.66,102738.0,0,59,2168.0,24544.29,32283.75,94,83,33150.0,Y,4197.87,current,M,37,MEDIUM,8.5,5,883.0,0,16.0
12387,3511,9042.0,7155.105,19739.44,34601.65,4197.0,1956.2,2567.35,4.0,36,59,18,4,56,59000,1,1,1.0,1,5383.25,2300000.0,12000.0,2921.0,25398.54,81191.0,8.0,7,800000.0,47072.02,19343.0,24,5,92000.0,97273.37,161999.79,49,11,18524.0,Y,2025.21,current,M,46,LOW,10.4,6,249.0,1,12.0
12388,10437,4278.0,22542.36,14682.5,7039.0,10096.02,20066.0,3782.0,56.0,10,87,24,1,6,243000,1,1,1.0,1,19866.0,117890.0,768.0,-5439.0,192320.87,218172.0,11.0,9,29031.0,538041.23,50257.0,3,28,19010.0,59150.0,39471.0,5,8,24813.0,Y,1772.46,current,M,28,LOW,4.0,10,538.0,1,12.0
12389,6024,20119.0,2733.21,1831.97,17204.39,20106.64,4864.0,3613.42,1.0,10,29,17,27,80,315000,1,1,1.0,1,39758.95,108145.0,183999.0,2351.0,17564.25,62639.0,63.0,9,45488.0,67996.25,79602.0,4,28,151726.0,30187.25,111536.0,12,22,74976.0,Y,7542.51,current,F,28,MEDIUM,1.6,8,924.0,0,13.0
12390,17734,13355.0,70307.73,4123.0,3949.5,10575.06,3554.47,20418.28,50.0,99,7,19,25,1,453000,1,1,1.0,1,23221.65,42000.0,24094.0,5340.0,21486.47,70351.42,18.0,1,62484.0,36093.5,128886.6,1,108,148817.0,293132.53,22391.0,2,1,19609.0,Y,16447.45,current,M,40,LOW,16.0,9,385.0,1,6.0
12391,13209,18495.0,4539.76,18225.0,1792.96,3694.0,63493.26,574.59,10.0,26,10,24,9,79,375000,1,1,1.0,1,15250.79,464261.6,29542.0,0.0,18384.13,81431.24,147.0,2,15344.0,31458.28,105215.57,45,6,42179.0,40937.02,80637.5,5,0,26234.0,Y,31.3,current,M,33,MEDIUM,2.6,5,314.0,1,3.0
12392,3568,16438.0,23243.59,1285.0,26614.83,1764.31,3117.3,2463.0,7.0,23,10,1,6,26,528000,1,1,1.0,1,293418.75,46500.0,28912.0,844.0,15018.35,55659.38,23.0,2,47364.0,2857.8,103405.0,6,7,144960.0,33895.52,21819.92,58,63,8476.0,Y,119.01,current,M,53,HIGH,19.8,3,516.0,1,17.0
12393,17857,211510.0,1534.0,39739.0,9624.84,2892.7,6889.3,6953.0,59.0,4,19,20,4,34,505000,1,1,1.0,1,38362.5,93.35,30040.0,1500.0,45779.03,17894.0,46.0,19,10736.0,6526.82,7350.0,23,86,25813.0,27958.69,108305.88,47,61,93503.0,Y,2051.16,current,M,35,LOW,6.0,8,508.0,1,2.0
12394,8481,5739.0,17538.2,3398.0,3277.55,2113.13,31951.91,3625.9,7.0,77,67,1,2,54,240000,1,1,1.0,1,6440.0,142608.5,33950.0,1444.0,30519.54,17408.0,42.0,26,40977.0,7963.43,47761.0,6,59,12771.0,172934.76,32932.0,21,24,16219.0,Y,11391.81,current,M,28,MEDIUM,7.2,2,516.0,1,20.0
12395,2930,14759.0,3076.0,10078.0,21834.0,986.68,12458.11,1102.92,6.0,10,59,52,1,3,366000,1,1,1.0,1,54201.87,222222.0,4812.0,12415.0,31012.0,104311.0,90.0,5,19326.0,150448.9,44118.38,2,5,29101.0,45428.25,111655.66,4,58,24386.0,Y,2220.07,current,M,47,MEDIUM,10.8,10,628.0,1,17.0
12396,8576,98602.0,29676.76,1588.0,29736.15,3386.67,2880.44,8418.5,37.0,5,10,2,6,4,512000,1,1,1.0,1,137260.8,7194.0,3850.0,553.0,29597.61,59961.0,32.0,3,47809.0,278.5,9730.0,1,17,56643.0,94173.91,3202.0,6,103,36555.0,Y,401.56,current,M,64,LOW,22.0,7,505.0,1,8.0
12397,5432,9685.0,9044.57,4802.15,7917.14,992.0,13845.855,8007.0,66.0,5,16,1,3,68,391000,1,1,1.0,1,3638.25,10701.0,536.0,-5715.49022999999,23195.88,32411.0,32.0,4,63861.44,56397.77,252032.0,17,84,52500.0,26437.0,1205.0,6,83,14334.0,Y,12833.65,current,M,29,MEDIUM,4.5,5,574.0,1,13.0
12398,14912,15861.0,5288.93,3000.78,780.0,2904.0,8229.0,11355.0,63.0,10,87,1,62,79,494000,1,1,1.0,1,41883.6,1024477.47,1515.0,24326.0,47148.05,36559.0,90.0,31,20909.0,90729.13,42023.0,47,24,95971.0,48550.75,21410.0,47,113,31525.0,Y,13295.23,current,M,36,LOW,4.800000000000001,5,882.0,1,3.0
12399,15425,5576.0,25170.0,2987.75,13671.55,1926.0,4913.69,223.0,1.0,10,3,1,55,70,337000,1,1,1.0,1,42460.6091,76157.6,59747.0,20513.0,31320.56,22056.0,1.0,3,14945.0,50298.83,59431.0,2,12,113882.0,31730.57,72580.0,6,83,21636.0,Y,56.85,current,M,66,MEDIUM,32.2,2,454.0,1,10.0
12400,12627,86390.0,3335.51,23589.66,6275.43,2248.0,2421.49,1058.0,6.0,23,13,42,71,4,303000,1,1,1.0,1,942327.7,39833.19,6100.0,35346.0,138276.8,19836.0,18.0,1,25567.0,46196.5,24028.75,43,108,23088.0,95399.85,35142.0,21,14,26224.0,Y,942.97,current,M,33,LOW,7.800000000000001,9,539.0,1,14.0
12401,12833,4857.0,21508.0,9716.0,6992.92,364.0,10342.12,3052.0,5.0,36,27,22,25,42,109000,1,1,1.0,1,67833.35,208652.0,155205.0,5439.0,41320.72,47777.2,42.0,1,30444.0,6730.44,89358.0,43,40,1250.0,87748.43,97105.76,4,10,18849.0,Y,3654.34,current,M,55,MEDIUM,35.0,8,753.0,0,6.0
12402,2725,3147.0,3859.16,739.58,11533.5,11049.0,4908.87,1111.0,100.0,84,13,19,55,81,329000,1,1,1.0,1,58928.67,879134.4,500718.0,1500.0,37502.51,37915.0,4.0,30,291000.0,27822.5,69202.0,1,12,8213.0,59379.92,20276.0,8,103,3040.0,Y,4430.1,current,M,28,MEDIUM,4.800000000000001,9,506.0,1,4.0
12403,8037,15241.0,4352.05,8894.43,14725.59,6918.92,486.0,3314.0,6.0,30,135,53,55,11,139000,1,1,1.0,1,9649.6,12971.0,49975.0,35346.0,53207.0,118594.29,91.0,11,18961.0,31030.0,219069.5,6,11,28115.0,42847.19,12652.0,7,113,75452.0,Y,12030.62,current,M,46,MEDIUM,7.800000000000001,7,516.0,1,17.0
12404,2556,154.0,11067.09,6485.25,42017.65,5563.0,6863.0,27985.1,19.0,43,13,50,2,8,47000,1,1,1.0,1,39853.9,25404.0,130000.0,6916.0,137088.26,65535.0,37.0,3,82114.0,30035.73,67074.48,31,63,37846.0,369.0,57285.0,2,75,106.0,Y,1733.28,saving,M,34,MEDIUM,11.200000000000001,10,631.0,1,5.0
12405,12540,325896.0,11881.5,25744.96,12798.83,1866.0,50463.0,940.0,18.0,36,44,1,3,68,232000,1,1,1.0,1,20747.5,82907.34,500718.0,277.0,85017.48,58769.0,16.0,36,14452.0,31175.25,62978.12,70,171,28595.0,51304.05,113711.0,7,7,28247.0,Y,35812.33,current,M,55,MEDIUM,24.5,5,488.0,1,15.0
12406,10389,16225.0,10594.8,423.0,3703.96,942.0,15615.38,3104.0,3.0,6,64,1,5,16,16000,1,1,1.0,1,2184.0,21577.06,936.0,7478.0,168799.5,26302.0,42.0,7,29640.0,76338.0,26794.0,4,12,24571.0,15039.18,23262.0,43,106,43587.0,Y,3889.05,current,M,40,MEDIUM,14.0,8,537.0,0,6.0
12407,9616,19980.0,7532.0,482.0,2122.0,4833.6,131823.53,30385.0,44.0,4,7,2,1,4,483000,1,1,1.0,1,4120.0,43021.0,24619.0,-5942.0,25051.75,21209.0,18.0,4,85216.0,50424.32,20426.0,2,5,76920.0,22138.0,39353.0,13,0,11446.0,Y,7880.97,current,F,32,LOW,12.0,5,574.0,1,15.0
12408,14659,395345.0,43034.0,6366.0,1947.5,1423.5,6575.98,1820.1,7.0,84,49,4,56,5,152000,1,1,1.0,1,120285.0,117729.97,550.0,0.0,5783.57,63091.02,42.0,30,32915.0,15725.21,145970.36,1,27,30097.0,1077.0,36864.0,2,11,21740.0,Y,2997.68,current,M,32,LOW,6.0,1,249.0,1,17.0
12409,14779,14073.0,6174.55,979.0,5928.38,4282.82,16406.0,22068.77,6.0,9,5,50,55,70,225000,1,1,1.0,1,2008232.55,464261.6,33774.0,1465.0,33376.96,121119.0,42.0,15,119774.0,64031.74,25926.0,1,5,33000.0,90288.8,13619.0,47,7,11480.0,Y,3106.52,saving,M,32,LOW,7.2,8,693.0,1,3.0
12410,3857,5109.0,18759.0,1572.68,3595.0,1738.96,19871.67,5762.0,100.0,3,7,1,37,2,127500,1,1,1.0,1,39851.93,165970.9,3570.0,20513.0,3175.18,41434.7,15.0,7,131353.39,26885.12,404155.0,0,28,27562.0,60612.57,29680.68,3,106,164848.0,Y,393.03,saving,F,32,LOW,7.2,8,710.0,0,17.0
12411,8837,8493.0,9212.19,876.32,8123.74,15202.0,1938.0,167.0,2.0,20,44,1,14,2,525000,1,1,1.0,1,50040.0,7051.99,3975.0,0.0,47592.31,15232.0,5.0,26,50983.0,79076.0,30220.0,1,63,62211.9,80436.46,16412.0,6,38,39834.0,Y,6603.9,current,M,40,LOW,4.0,10,867.0,1,11.0
12412,2417,17079.0,8213.46,735.49,4556.64,4838.73,935.935,4619.0,6.0,1,50,15,4,10,290000,1,1,1.0,1,140262.4,470000.0,1633.0,10455.0,13676.5,833981.0,41.0,31,90378.0,54505.01,121290.42,6,50,207044.0,10990.78,145341.0,12,17,94.0,Y,3020.19,current,M,47,LOW,16.2,5,296.0,1,19.0
12413,2339,11005.0,17594.5,6674.8,2431.85,989.0,8236.0,564.0,2.0,26,10,20,7,18,483000,1,1,1.0,1,15279.79,165970.9,1018.0,6916.0,40521.64,90424.44,4.0,26,25886.0,7729.8,24225.86,2,1,63993.0,201693.48,455.0,11,22,41213.0,Y,286.67,saving,F,47,MEDIUM,2.7,7,258.0,1,11.0
12414,5982,7639.0,16897.0,6852.0,12625.95,1882.44,28448.99,441.0,56.0,4,49,39,18,1,555000,1,1,1.0,1,299294.61,280000.0,38599.0,14509.0,29541.44,38936.0,90.0,5,38473.0,13091.79,62700.0,43,6,28683.0,46885.41,58740.35,5,50,21992.84,Y,407.55,current,M,47,MEDIUM,21.6,8,269.0,1,5.0
12415,11237,7546.0,7134.0,627.1,4933.0,182.0,2967.0,1165.0,2.0,128,6,1,4,9,670000,1,1,1.0,1,21511.8,120000.0,68000.0,1444.0,70531.93,36003.7,4.0,26,46626.0,52081.86,30268.0,47,20,251364.0,10357.26,101632.0,93,3,17953.0,Y,2256.15,saving,M,34,MEDIUM,7.0,3,685.0,0,15.0
12416,6077,315647.0,6197.03,1703.0,13130.9,1962.08,22027.73,40728.0,1.0,16,19,1,5,8,267000,1,1,1.0,1,331.2,223379.4,20000.0,1332.0,190393.52,200195.26,7.0,31,327000.0,387834.91,30268.0,47,23,99.36,30824.11,29409.0,40,12,31900.0,Y,9782.27,current,M,53,MEDIUM,16.5,6,354.0,1,13.0
12417,1042,321.0,17076.37,3079.55,26774.08,4659.5,14478.0,1672.0,101.0,10,9,1,3,47,391000,1,1,1.0,1,48624.7,232524.0,11580.0,5464.0,222790.0,41727.0,46.0,5,90572.0,6754.59,43453.38,11,21,28292.0,15990.0,36097.0,3,63,86256.0,Y,323.7,current,M,60,HIGH,40.0,4,708.0,0,18.0
12418,13510,10755.0,9574.0,9528.12,13038.11,2699.77,7694.395,2802.3,12.0,26,72,21,1,68,46000,1,1,1.0,1,8531560.0,253000.0,33774.0,5773.0,87598.75,198745.0,39.0,2,14269.0,36370.0,12088.0,70,82,38960.0,229713.92,17066.6,40,50,26568.0,Y,2980.38,current,M,47,LOW,27.0,8,606.0,1,6.0
12419,6755,174233.0,7370.54,32843.55,4260.2,831.0,22241.025,10308.4,5.0,3,14,8,6,2,371000,1,1,1.0,1,98062.5,134000.0,1515.0,1500.0,271647.0,74051.89,23.0,4,43628.0,76529.3,14305.88,2,8,18842.0,40875.76,25361.0,5,49,8348.0,Y,2825.87,current,M,38,MEDIUM,18.0,3,269.0,1,16.0
12420,4885,18914.0,1908.0,2102.75,26454.7,6209.0,3439.26,315.75,7.0,26,13,22,3,14,480000,1,1,1.0,1,293418.75,232235.65,925.0,12163.0,63469.47,79104.5,46.0,1,13920.0,270635.2,16178.0,11,8,37559.0,10687.75,6170.0,8,49,41933.0,Y,4388.67,current,M,35,MEDIUM,15.0,8,771.0,1,7.0
12421,17106,3170.0,72187.12,3602.82,54605.5,3339.25,8028.0,4897.0,531.0,11,2,44,6,10,300000,1,1,1.0,1,419327.23,25404.0,300500.0,1444.0,196900.04,37050.0,52.0,3,31325.0,40578.22,36359.0,4,70,1029.92,23862.6,103175.0,4,24,40860.0,Y,1874.26,current,M,40,MEDIUM,14.0,8,766.0,1,13.0
12422,12354,19773.0,11887.0,1429.0,9004.25,3700.79,6833.975,3700.0,24.0,71,20,60,5,4,50900,1,1,1.0,1,165907.57,118983.0,643.0,2921.0,21640.67,33805.0,69.0,7,51606.0,63248.05,21852.52,3,8,16878.0,57250.16,84031.0,22,0,18200.0,Y,57828.93,current,M,47,LOW,16.2,3,633.0,1,19.0
12423,15819,5742.0,4975.0,632.0,3518.91,1858.0,12484.0,12134.27,4.0,16,74,8,3,1,169000,1,1,1.0,1,825.0,7216.53,50000.0,19453.0,25465.43,72412.5,38.0,2,74400.0,192.64,36107.04,4,5,32971.0,72816.02,6913.0,4,18,25870.0,Y,1534.93,current,M,33,LOW,11.700000000000001,8,447.0,1,6.0
12424,9858,12006.0,3133.15,3311.0,44747.44,3908.14,3564.0,2067.0,6.0,2,3,2,4,4,306000,1,1,1.0,1,12510.0,1372927.14,51520.0,7478.0,12118.0,20195.0,77.0,26,91381.0,115736.48,23676.0,4,20,100500.0,29454.96,39792.99,6,6,22224.0,Y,29888.42,current,M,32,MEDIUM,1.2000000000000002,10,814.0,1,16.0
12425,7734,9226.0,1566.33,3726.0,3638.0,17376.76,17163.0,3137.0,10.0,10,3,30,62,2,160000,1,1,1.0,1,10535967.5,169779.0,5540.0,-4664.0,27223.83,19027.33,84.0,15,53002.71,12046.08,53603.0,3,50,40984.0,34008.48,59203.0,117,100,44172.0,Y,1092.96,current,M,25,MEDIUM,2.5,5,314.0,0,4.0
12426,4150,8831.0,4558.5,8525.0,3392.26,1744.4,13663.0,31854.92,14.0,23,50,5,1,11,533000,1,1,1.0,1,1727970.9,1475000.0,5591.0,3897.0,12184.0,3189.0,55.0,26,33840.0,31615.31,100170.0,47,25,14413.0,85710.68,46316.75,3,18,36180.0,Y,324.16,current,M,35,MEDIUM,3.0,2,927.0,0,9.0
12427,687,334849.0,21405.0,8851.0,9868.0,88209.03,5456.85,9917.15,5.0,25,2,1,3,2,430000,1,1,1.0,1,331.2,184514.0,11545.0,2351.0,12629.0,34968.0,55.0,7,437010.0,201189.76,75250.0,6,50,38373.0,52805.0,25072.0,42,18,22863.0,Y,2391.74,current,M,49,MEDIUM,2.9000000000000004,4,505.0,1,20.0
12428,19149,10344.0,32138.77,14986.9,10230.77,2615.06,3844.0,17167.0,2.0,128,44,15,6,41,378000,1,1,1.0,1,670875.0,64491.0,678.0,13135.0,59839.53,47710.5,42.0,1,20974.0,3002.64,23490.32,7,82,13952.0,96101.44,29156.0,6,10,58840.0,Y,5971.57,current,F,33,LOW,7.800000000000001,1,606.0,0,19.0
12429,18193,290431.0,12082.0,4299.0,2544.58,278.44,58875.715,5641.7,1.0,5,4,48,2,30,102000,1,1,1.0,1,8209320.0,201000.0,130000.0,3323.0,54518.0,56561.55,46.0,17,47937.0,16460.0,72242.0,43,27,30472.0,7974.5,22700.0,21,11,15398.0,Y,10649.31,current,M,35,LOW,9.0,3,274.0,1,16.0
12430,9469,396761.0,2796.3,836.4,142719.84,4008.39,257102.9,23315.26,4.0,10,5,2,51,8,480000,1,1,1.0,1,2389800.0,7051.99,3975.0,20513.0,34773.88,40619.0,0.0,5,69308.0,61054.13,9113.0,4,49,12975.0,87207.03,54429.0,3,0,11564.0,Y,3778.61,current,M,36,LOW,8.0,6,653.0,1,5.0
12431,9923,301368.0,4641.5,20105.2,18303.0,22304.86,2197.5,53481.24,29.0,5,35,25,18,67,147000,1,1,1.0,1,48796.45,51445.0,908.0,5730.0,37468.25,16995.0,12.0,2,33.0,43050.63,22464.0,1,25,50002.0,114788.0,110663.0,3,103,50187.0,Y,9862.84,current,M,28,MEDIUM,4.800000000000001,6,922.0,0,14.0
12432,15755,3305.0,1042.0,1059.4,67119.95,6509.0,7407.84,2784.7,59.0,5,4,15,55,41,429000,1,1,1.0,1,942327.7,289469.58,30000.0,-6281.37987999999,35721.71,210529.0,32.0,19,19632.0,3396.66,99524.0,2,8,94635.0,22644.0,41843.0,16,1,41864.0,Y,4675.41,current,M,62,MEDIUM,4.2,5,259.0,0,9.0
12433,9093,406011.0,57531.67,14028.0,4168.62,7374.2,5376.2,2387.4,10.0,23,23,1,2,42,84000,1,1,1.0,1,213557.15,290000.0,13873.0,-5998.43994,93342.16,71084.0,2.0,2,19395.0,17393.62,67081.0,7,42,44334.0,32891.0,103129.5,2,18,28975.0,Y,14472.04,current,M,47,MEDIUM,13.5,2,537.0,1,20.0
12434,5418,16039.0,4279.21,2130.0,11727.5,439.9,3575.86,10539.65,44.0,5,16,3,9,20,453000,1,1,1.0,1,506688.65,15300.0,155205.0,-5998.43994,79307.35,20896.5,5.0,36,84642.0,1210025.36,57178.0,2,25,36092.0,8205.88,78463.0,47,18,48817.0,Y,4754.51,current,M,47,LOW,10.8,10,505.0,1,16.0
12435,8191,6500.0,4628.0,37711.69,9596.94,46021.0,27926.4,4191.0,7.0,3,3,2,5,25,199999,1,1,1.0,1,55.2,120000.0,1515.0,977.0,38953.92,19239.0,9.0,0,99998.0,46494.49,75377.49,17,8,40.24,242579.95,24285.0,7,38,38740.0,Y,4188.1,current,F,33,MEDIUM,11.700000000000001,8,866.0,1,13.0
12436,15390,4540.0,10593.53,9172.0,1816.85,1916.0,24384.465,6234.8,14.0,66,71,1,48,1,581000,1,1,1.0,1,1263221.7,152391.0,22000.0,10210.0,33738.56,9334.0,37.0,1,39721.0,166410.45,93247.33,4,5,40116.0,81903.06,72832.24,2,0,54365.0,Y,1674.09,current,M,28,LOW,4.0,10,623.0,1,15.0
12437,2166,7329.0,24425.03,1829.01,7025.0,892.0,35336.0,30830.69,531.0,10,5,18,1,67,28000,1,1,1.0,1,21511.8,48087.25,34550.0,10455.0,24853.37,181608.0,4.0,4,38913.0,403040.92,46450.0,3,12,32187.0,452.0,359665.0,19,8,22325.0,Y,13986.99,current,M,34,MEDIUM,4.2,5,274.0,1,13.0
12438,6081,369.0,21291.58,104.0,11663.22,3309.14,44141.32,38571.75,67.0,47,3,3,1,7,599000,1,1,1.0,1,5809950.0,470000.0,25524.0,2921.0,88584.32,14210.0,4.0,4,19392.0,19991.76,99385.0,5,25,40017.0,6746.55,11716.0,5,12,92018.0,Y,3488.51,current,M,38,LOW,12.600000000000001,10,244.0,1,12.0
12439,5837,691.0,56741.37,17337.38,6647.86,3259.0,3772.08,7898.0,7.0,8,7,1,2,3,599000,1,1,1.0,1,15079.5,27000.0,2214.0,2008.0,73353.67,49986.72,42.0,1,27954.0,48310.0,108209.0,5,21,27495.0,10212.17,65682.0,62,52,517.0,Y,8846.29,current,M,35,LOW,6.0,1,723.0,1,10.0
12440,8564,2808.0,21400.78,1110.0,163944.69,1758.0,1685.52,7183.0,15.0,11,3,2,27,56,83000,1,1,1.0,1,1581000.0,273221.0,12337.0,-12179.0,170509.89,42201.0,77.0,5,47676.0,5313.31,7918.95,1,6,30383.0,12028.43,93691.0,10,50,14534.0,Y,11717.93,current,M,32,LOW,9.600000000000001,5,299.0,1,18.0
12441,1005,11214.0,15147.0,6189.05,7255.06,4107.91,12459.64,9346.0,57.0,5,61,2,27,98,35800,1,1,1.0,1,2014.8,240000.0,4000.0,14509.0,17906.64,253388.0,18.0,3,42592.0,15918.0,221302.0,2,13,19989.0,243952.8,37953.06,8,80,14463.0,Y,2781.82,saving,M,27,MEDIUM,2.8000000000000003,5,523.0,1,16.0
12442,78,18866.0,26869.21,1629.96,7370.87,961.0,289.5,607.0,12.0,99,16,1,4,79,378000,1,1,1.0,1,30382.2,86000.0,11580.0,6916.0,39407.31,41822.42,5.0,4,39048.0,11092.42,9880.0,3,171,45600.0,21477.36,42512.0,7,65,14650.0,Y,21789.16,current,M,35,MEDIUM,1.5,9,245.0,1,20.0
12443,4078,11388.0,7409.19,1533.68,12570.0,248.9,17688.59,4552.0,10.0,2,19,30,3,10,198000,1,1,1.0,1,130319.0,147834.0,3000.0,3421.0,65089.0,950269.0,18.0,31,24296.0,131589.72,37705.0,2,18,32409.0,57099.65,20683.0,7,13,39129.0,Y,5576.25,current,M,27,MEDIUM,2.1,6,325.0,1,16.0
12444,14851,9782.0,18134.0,15159.78,5008.56,2464.56,2304.5,1401.0,29.0,3,48,3,1,1,191000,1,1,1.0,1,10006.2,18955.76,3792.0,-3625.0,32981.78,40659.0,4.0,13,18285.0,5253.0,57247.0,11,25,90329.0,145262.63,73575.0,11,79,20092.0,Y,256.58,current,M,58,HIGH,11.4,10,958.0,1,12.0
12445,16429,11141.0,22538.79,3546.98,12891.72,1849.09,3075.0,20418.28,50.0,23,64,18,4,68,49999,1,1,1.0,1,318640.58,189246.0,4367.0,12415.0,14273.78,76890.0,43.0,31,22929.0,67831.28,50223.0,45,8,24495.0,119576.9,73427.0,40,39,35788.26,Y,2328.27,current,M,33,LOW,9.1,3,351.0,1,14.0
12446,393,12231.0,28218.1,501.21,14649.85,23181.0,7781.54,423.73,9.0,29,67,57,31,54,345000,1,1,1.0,1,825.0,460000.0,462.0,20513.0,19370.08,37348.0,12.0,7,58692.0,98746.0,42412.0,3,82,26698.0,55581.0,16530.0,7,58,32916.0,Y,13210.0,saving,M,31,MEDIUM,5.5,5,503.0,1,2.0
12447,19236,13489.0,2096.68,1548.0,12937.11,1343.03,4462.0,387.06,16.0,5,87,1,6,1,232000,1,1,1.0,1,76122.87,429273.4,13533.0,167.0,24853.37,91873.0,35.0,7,16638.93,7366.27,100118.0,43,8,31585.0,8205.88,25385.0,7,7,31935.0,Y,3983.18,current,M,51,MEDIUM,9.3,1,886.0,0,20.0
12448,18854,18622.0,23390.0,3999.0,5161.57,1803.82,8633.015,1982.0,6.0,10,20,10,3,34,302000,1,1,1.0,1,101891.25,330001.0,49000.0,553.0,44792.63,7769.0,69.0,4,20955.0,29984.84,36074.0,11,27,125912.0,90597.6,221049.93,4,103,24813.0,Y,6069.58,current,M,222,MEDIUM,60.6,7,385.0,0,12.0
12449,1663,18090.0,23565.86,5280.0,4634.0,4291.4,1685.04,5251.0,24.0,19,9,2,62,47,461000,1,1,1.0,1,111.0,20000.0,731.0,1444.0,22961.0,90026.0,4.0,35,21783.0,153501.88,103187.0,7,42,19931.0,42274.0,11856.58,7,11,64368.0,Y,2829.86,current,M,28,MEDIUM,8.0,6,771.0,1,14.0
12450,2914,19752.0,5161.0,20945.08,12381.55,2179.0,3974.49,19546.33,531.0,10,4,1,1,47,44000,1,1,1.0,1,94127.1,95000.0,25524.0,1429.0,22153.0,180325.91,46.0,1,33491.0,41670.22,65427.72,3,5,20926.0,87477.14,29271.0,5,58,26033.0,Y,1170.49,current,M,27,LOW,2.1,4,911.0,1,17.0
12451,8499,236434.0,482.0,9494.0,3392.26,2223.6,5120.0,1252.22,531.0,66,87,1,21,4,400000,1,1,1.0,1,115.45,15000.0,25524.0,1522.0,59374.88,37095.0,32.0,1,42002.0,63367.5,32894.0,3,2,18573.0,7322.0,59306.0,3,58,20479.0,Y,7613.93,current,M,55,MEDIUM,17.5,4,330.0,0,11.0
12452,19696,168793.0,14351.79,1905.0,8676.8,2731.0,582.0,6728.0,2.0,99,50,3,6,67,400000,1,1,1.0,1,16250.2,130000.0,130000.0,886.0,35353.0,73000.0,42.0,29,48719.0,22720.0,27850.34,9,86,24216.0,376048.53,50575.0,4,22,22499.0,Y,1890.0,current,M,66,LOW,36.800000000000004,9,424.0,1,15.0
12453,8596,5867.0,55804.79,4616.33,2934.56,2892.7,4636.0,2229.5,10.0,10,29,6,55,21,784000,1,1,1.0,1,13659.0,330001.0,300500.0,1992.0,38395.56,16060.0,42.0,5,24968.0,95670.71,47859.0,2,12,125303.0,166420.77,47345.0,21,10,9261.0,Y,2257.87,current,M,27,LOW,7.0,5,372.0,1,15.0
12454,7965,16897.0,1703.0,632.0,2928.1,1864.29,6233.85,449.0,6.0,30,64,20,9,80,375000,1,1,1.0,1,720551.4,1194405.5,13873.0,-4664.0,48834.2,33393.0,90.0,2,22458.4,282764.89,31092.17,9,20,93879.4,56705.71,138614.53,9,1,12299.0,Y,4313.07,current,M,63,MEDIUM,25.8,9,394.0,0,4.0
12455,11075,1944.0,6488.18,10719.76,38423.86,74007.0,25537.74,7950.93,32.0,46,6,1,6,36,199999,1,1,1.0,1,88.0,12257.0,25728.0,6916.0,63469.47,94718.0,3.0,25,23724.0,14111.75,30060.0,1,20,10350.0,23978.5,147191.0,4,38,23603.8,Y,210.37,current,M,32,MEDIUM,8.4,6,864.0,1,16.0
12456,11358,18305.0,4571.92,11624.91,14273.0,4221.0,5424.77,7071.71,14.0,93,71,2,46,1,114000,1,1,1.0,1,50040.0,134000.0,1633.0,1014.0,6091.25,39309.0,7.0,4,67355.0,53325.63,93786.0,0,27,35516.0,51799.75,28897.25,62,73,32003.0,Y,1998.63,current,M,32,MEDIUM,4.800000000000001,8,574.0,1,4.0
12457,13239,225.0,21729.425,5947.0,14359.11,1423.5,4006.905,3565.0,50.0,8,72,15,9,1,53000,1,1,1.0,1,65977430.0,545000.0,43798.0,5340.0,26774.24,14877.0,147.0,2,50357.0,59866.46,22606.65,3,12,68762.72,3576.83,251188.25,8,63,27301.0,Y,2256.0,current,F,32,LOW,4.800000000000001,4,525.0,1,14.0
12458,2609,1904.0,11537.88,13829.0,15868.07,733.0,7662.205,656.0,4.0,32,50,7,37,91,47000,1,1,1.0,1,15079.5,121927.8,51520.0,-5439.0,19577.11,8053.0,24.0,36,14385.0,29240.72,44700.5,1,50,110997.0,26876.62,35667.29,43,32,21740.0,Y,36.2,current,M,55,MEDIUM,28.0,7,445.0,1,10.0
12459,19796,299345.0,6168.68,16783.18,1265.0,1882.44,3226.0,2522.0,5.0,23,5,15,21,1,112000,1,1,1.0,1,443.36,43397.0,1166.0,2921.0,30776.17,61314.42,20.0,5,74953.0,109211.86,207883.0,16,81,9265.0,53208.16,58377.0,4,52,60569.0,Y,4037.92,current,M,42,LOW,17.6,1,771.0,1,11.0
12460,4268,11911.0,10474.39,11073.19,6312.0,2026.0,5158.085,4328.0,1.0,23,89,24,6,20,380000,1,1,1.0,1,12510.0,2436.91,14754.0,10210.0,19977.95,45511.0,3.0,1,1071967.0,27535.1,21323.0,43,8,188000.0,16024.9,33143.0,14,11,50000.0,Y,9666.74,current,F,120,LOW,70.0,4,633.0,1,6.0
12461,7950,87825.0,61802.23,8292.8,2596.0,2700.0,565.52,7912.13,531.0,99,27,19,3,47,345000,1,1,1.0,1,825.0,88482.8,583.0,-402.0,249016.84,52597.0,46.0,3,57837.0,17799.96,41959.37,6,108,42884.0,76563.58,77546.0,62,0,561.0,Y,27731.02,current,M,32,MEDIUM,4.800000000000001,10,683.0,1,13.0
12462,3664,137807.0,1084.93,13508.51,7750.22,1076.29,3302.685,144.0,26.0,16,13,3,3,1,52000,1,1,1.0,1,33784.35,326326.9,25639.0,9415.0,42313.77,69467.0,48.0,4,34623.0,96981.94,22783.0,6,171,92590.0,21102.79,43771.26,2,8,392434.0,Y,65.49,current,M,32,MEDIUM,3.6,6,924.0,0,17.0
12463,7869,15629.0,24410.73,4963.41,2619.0,6626.31,8281.42,5647.0,14.0,2,78,2,63,98,19000,1,1,1.0,1,94127.1,111000.0,68000.0,-3506.17993,84547.25,16176.0,43.0,2,26954.0,96120.76,65090.0,0,8,22236.0,42417.2,127812.1,3,50,75804.0,Y,27091.76,current,M,63,MEDIUM,4.3,6,653.0,1,4.0
12464,17783,15333.0,27398.0,7221.0,15691.84,1836.65,1041.0,1751.0,63.0,29,35,3,51,44,25000,1,1,1.0,1,6100.0,470000.0,1630.0,3897.0,1169.5,54188.0,46.0,3,13734.0,46320.64,27195.5,0,59,27768.0,21402.0,21069.0,1,103,21538.0,Y,3184.71,current,F,51,MEDIUM,18.6,1,523.0,0,4.0
12465,10690,33738.0,66305.0,32402.0,4123.93,4161.0,4372.0,2344.0,32.0,84,44,1,4,4,84000,1,1,1.0,1,127004.3,31730.49,4458.0,2921.0,61094.1,4645.0,4.0,17,50677.0,78314.37,64913.0,4,27,38740.0,23870.2,16634.0,21,50,20712.0,Y,1360.05,current,M,63,LOW,34.4,3,537.0,1,6.0
12466,8472,2601.0,19338.04,2612.0,16466.16,1133.0,1300.57,59345.0,6.0,10,16,30,2,1,147000,1,1,1.0,1,15939.83,176487.6,300500.0,167.0,27428.05,77506.95,87.0,1,13160.0,24611.25,75291.0,2,7,53744.0,37427.37,62131.0,42,40,30780.0,Y,4310.82,saving,M,31,LOW,6.6000000000000005,9,613.0,1,20.0
12467,18680,18398.0,15718.0,68684.77,12776.11,14004.19,3908.0,2204.0,4.0,84,1,1,55,5,155000,1,1,1.0,1,101891.25,114.74,519.0,24326.0,25571.0,7522.0,12.0,1,184710.0,14361.0,31564.0,1,20,4598.0,35888.57,10378.0,94,43,501.0,Y,12995.79,current,M,28,LOW,3.2,4,658.0,1,19.0
12468,4104,16505.0,9694.0,5977.0,128515.43,11379.1,2241.615,1676.0,1.0,36,61,5,3,42,358000,1,1,1.0,1,544500.0,280000.0,26241.0,-5942.0,34930.25,285079.48,70.0,3,52831.0,12614.52,24270.0,2,84,18264.0,17264.08,29680.68,42,12,27908.0,Y,64602.96,current,M,44,MEDIUM,21.6,6,254.0,1,13.0
12469,19334,2240.0,11555.0,1652.0,6216.19,9723.0,5415.52,6843.0,9.0,14,69,50,9,5,10000,1,1,1.0,1,23669.0,16671.0,2156.0,-6301.0,31903.88,192321.0,46.0,0,44500.0,42135.0,224587.13,0,78,6595.0,187001.87,113711.0,21,32,28137.0,Y,174.66,current,F,60,HIGH,8.0,6,485.0,1,12.0
12470,8503,87173.0,35669.48,10147.0,17682.33,3236.11,513.6,2951.0,50.0,85,7,18,3,58,252000,1,1,1.0,1,127004.3,242827.0,12000.0,-5715.49022999999,188017.86,28881.36,90.0,5,24898.0,1441.0,370684.0,50,171,30962.0,8290.0,39471.0,40,38,24638.0,Y,29143.23,current,F,37,LOW,13.600000000000001,3,299.0,1,8.0
12471,14227,4246.0,5843.37,986.0,12544.62,7592.0,3039.0,1012.0,8.0,77,29,8,27,1,579000,1,1,1.0,1,46730.2,79828.0,3975.0,-4324.0,59660.25,199413.0,15.0,33,291262.0,388190.96,17987.0,4,11,24556.93,10326.0,86741.0,3,21,50628.0,Y,2882.85,current,M,33,MEDIUM,5.2,2,748.0,1,9.0
12472,5288,140300.0,21400.59,26764.29,39165.53,11733.25,2925.0,4463.41,6.0,18,7,10,14,6,518000,1,1,1.0,1,747610.0,107692.0,798.0,-4664.0,21885.32,50250.18,7.0,15,81874.0,19782.57,57906.0,5,11,15110.0,29498.29,84244.0,6,12,30684.0,Y,2215.15,current,F,220,MEDIUM,160.0,8,863.0,1,10.0
12473,8983,11174.0,6821.0,11335.3,1475.85,25722.37,4436.0,462.0,4.0,9,7,1,14,47,13000,1,1,1.0,1,3967.5,500000.0,90525.0,6613.0,18384.13,46786.39,38.0,30,22541.0,53270.81,262.5,1,8,25938.0,68522.31,60960.0,7,13,41752.0,Y,4811.63,current,M,32,LOW,10.8,8,710.0,1,10.0
12474,11725,16465.0,24815.99,13678.07,21108.0,16738.51,2624.0,4455.0,5.0,5,6,52,7,9,327000,1,1,1.0,1,143383.7,19000.0,694.0,0.0,51097.0,60209.0,52.0,35,227800.0,147992.75,38015.0,24,20,14010.0,66000.69,45877.0,93,12,15969.0,Y,3045.55,current,M,53,MEDIUM,16.5,2,801.0,1,13.0
12475,11590,4173.0,16870.67,18558.6,6804.18,2209.21,19582.78,1439.7,16.0,9,44,1,5,98,170000,1,1,1.0,1,19265.4,51850.0,1001.0,1931.0,48112.75,49849.15,89.0,23,18365.0,47463.5,49214.0,43,6,31578.0,48743.5,962.0,62,124,84415.5,Y,1210.4,current,M,38,MEDIUM,1.8,8,371.0,1,15.0
12476,16388,86987.0,47809.64,4381.31,4632.0,1076.29,13046.035,6504.0,53.0,10,117,1,1,54,44000,1,1,1.0,1,39851.93,93.35,1097.0,0.0,52941.73,24923.0,8.0,1,22103.0,18189.25,26152.0,6,21,17354.0,40084.84,109845.0,49,14,58012.0,Y,1077.08,saving,M,118,MEDIUM,9.8,3,883.0,1,10.0
12477,5137,9119.0,3103.0,5355.13,25300.45,1343.0,56694.0,646.0,3.0,22,6,41,3,9,98000,1,1,1.0,1,291969.2,68663.61,2156.0,977.0,50595.25,567741.0,4.0,4,17819.0,34941.5,52755.0,1,81,197993.98,49.0,760.0,5,25,31020.0,Y,11342.82,current,M,34,MEDIUM,2.8000000000000003,5,488.0,1,8.0
12478,11274,5637.0,874.7,5258.0,2832.69,852.02,6357.47,2059.0,14.0,30,30,8,9,64,47000,1,1,1.0,1,265809.85,30007.0,50000.0,-5942.0,76552.82,52087.0,2.0,23,23208.0,321534.55,39700.5,4,7,84402.0,21137.14,19957.0,21,73,19125.0,Y,8443.85,current,M,33,MEDIUM,9.1,9,710.0,1,3.0
12479,5346,14986.0,27870.25,4226.6,6067.44,1100.0,3482.49,5038.75,100.0,66,10,3,3,98,784000,1,1,1.0,1,3380.0,330001.0,130000.0,1500.0,37896.13,36028.0,11.0,4,38262.0,22507.0,224.43,4,11,23069.0,65392.0,104555.0,2,40,139414.0,Y,2201.83,current,M,33,MEDIUM,1.3,4,626.0,1,9.0
12480,7280,615.0,24795.1,13394.0,2856.78,5463.68,4511.0,89.0,5.0,2,20,2,3,68,150000,1,1,1.0,1,10725.8,7576.0,5540.0,0.0,23786.76,14742.0,11.0,1,27592.0,19998.15,41117.0,3,108,10202.0,242857.12,57582.88,94,24,45122.0,Y,8450.54,current,M,66,MEDIUM,13.8,5,858.0,1,9.0
12481,19591,9736.0,43316.87,625.0,24429.87,2681.03,4245.3,1140.0,66.0,10,46,1,3,70,369000,1,1,1.0,1,45036.0,189246.0,8929.0,1931.0,30584.88,41075.0,18.0,9,77509.0,22507.0,103436.0,6,7,24163.0,78091.2,24290.0,4,11,16250.0,Y,5755.15,current,M,60,MEDIUM,16.0,10,966.0,0,20.0
12482,16247,18117.0,6175.0,6495.0,3222.77,9598.56,1540.0,16846.0,12.0,4,35,15,18,2,522000,1,1,1.0,1,52209.5,189246.0,8417.0,20324.0,8125.25,72293.0,42.0,6,92810.0,46086.9,76584.45,3,5,148817.0,25357.75,329826.5,40,1,123000.0,Y,9439.53,current,M,65,HIGH,22.5,7,958.0,1,5.0
12483,7204,223.0,9017.88,2508.0,14533.48,5122.0,3615.1,5246.0,2.0,9,48,7,18,4,362000,1,1,1.0,1,1910215.0,917881.54,891.0,2500.0,40476.16,12163.0,11.0,19,52831.0,53460.16,107190.0,8,82,26108.0,49533.2,95276.0,62,63,12416.0,Y,4196.15,current,M,33,MEDIUM,3.9000000000000004,6,683.0,1,11.0
12484,11645,10221.0,2165.05,15927.0,6352.52,2952.0,16223.0,815.0,44.0,36,4,4,3,2,252000,1,1,1.0,1,75240.45,340000.0,30071.0,5439.0,14514.45,10086.0,90.0,26,65772.0,74022.32,32422.0,9,7,40.24,5827.0,20481.0,40,73,8900.0,Y,16100.18,current,M,62,MEDIUM,42.0,9,445.0,0,5.0
12485,16881,4202.0,1672.0,3964.75,15494.0,8244.8,2736.66,24190.82,7.0,22,35,47,3,2,85000,1,1,1.0,1,2002.36,222222.0,33330.0,7478.0,36785.57,81922.0,22.0,36,33221.0,11381.92,60425.05,45,81,14032.0,30425.64,4390.33,12,25,19038.0,Y,6077.25,current,M,53,LOW,33.0,4,809.0,1,6.0
12486,4053,17651.0,1041.96,3917.0,15399.87,11658.0,4673.48,14776.0,28.0,39,53,8,31,81,44000,1,1,1.0,1,72383.25,25404.0,15756.0,6885.0,15018.0,67559.0,82.0,5,43584.0,53270.81,104451.11,2,59,518.01,131075.92,39263.0,6,76,26808.0,Y,10967.4,current,M,37,LOW,1.7000000000000002,9,394.0,1,15.0
12487,18384,164850.0,10998.18,17160.57,7008.62,2629.2,20963.92,9563.03,6.0,9,38,3,3,7,11000,1,1,1.0,1,250631.8,760470.3,678.0,5730.0,31719.0,111332.87,46.0,4,27757.0,219565.69,21242.0,7,16,31117.0,60415.0,23365.0,3,8,2600000.0,Y,3754.73,current,M,42,LOW,15.4,3,638.0,1,18.0
12488,17087,106577.0,17140.12,3829.0,2593.5,6865.0,2996.5,1326.0,136.0,6,60,25,3,70,284000,1,1,1.0,1,137260.8,77965.0,30000.0,12415.0,32019.0,69428.0,62.0,15,11080.0,66379.81,29146.28,45,24,51929.0,47745.0,49250.25,5,13,46096.0,Y,15970.31,saving,M,37,MEDIUM,17.0,10,245.0,0,10.0
12489,18029,15663.0,4294.0,17337.38,5034.29,1318.0,3031.4,1955.52,28.0,77,38,2,3,98,240000,1,1,1.0,1,551439.2,25404.0,54101.0,6885.0,28853.75,52472.0,43.0,43,52050.0,15196.0,36581.0,6,12,36759.0,26914.14,15515.0,3,7,14090.0,Y,131226.86,current,M,32,MEDIUM,9.600000000000001,10,355.0,0,8.0
12490,17870,17952.0,57604.77,1087.0,13082.77,5229.7,560.57,1914.0,57.0,10,51,2,25,47,290000,1,1,1.0,1,8531560.0,197800.0,16215.0,-5439.0,603266.23,28781.0,5.0,35,23937.0,352.0,8174.0,1,12,55083.0,7007.29,83998.0,3,104,9837.0,Y,5354.97,saving,M,35,MEDIUM,9.0,2,743.0,1,11.0
12491,10262,8375.0,19867.1,12764.0,669.0,4107.91,3841.52,696.0,5.0,13,105,30,44,1,427000,1,1,1.0,1,15772650.74,52000.0,4699.0,1411.0,1029.5,18416.0,11.0,14,291262.0,18183.05,32591.0,7,46,25793.0,22853.22,45296.5,117,32,291255.0,Y,51574.23,saving,M,35,MEDIUM,7.5,4,268.0,0,9.0
12492,12094,8554.0,13510.56,3302.0,785.0,592.68,4462.0,1955.52,7.0,7,71,2,55,4,429000,1,1,1.0,1,825.0,95081.0,5797.0,-5998.43994,129845.43,21169.0,103.0,36,21083.0,8964.75,63695.0,4,5,58840.0,34828.09,122869.0,12,25,34256.0,Y,104.86,current,M,62,HIGH,25.200000000000003,4,595.0,1,18.0
12493,11390,19409.0,1860.86,19038.16,34946.23,25572.0,42122.65,87.0,531.0,34,46,7,1,55,74100,1,1,1.0,1,77855.0,120000.0,68000.0,-5715.49022999999,30959.88,122532.0,63.0,2,10577.0,248209.69,96098.0,7,59,41776.0,27027.0,91735.0,10,49,72951.0,Y,5219.88,current,F,29,MEDIUM,0.9,2,958.0,1,18.0
12494,8063,6755.0,10552.36,17900.0,27152.56,1509.0,44897.0,3431.0,136.0,84,4,2,12,58,337000,1,1,1.0,1,472.0,93.35,1143.0,2351.0,21090.0,97278.5,42.0,19,70980.0,76013.5,3968.0,2,63,23014.0,2394.0,79286.0,14,21,55844.0,Y,866.93,current,M,62,LOW,42.0,9,372.0,1,6.0
12495,9799,7909.0,7520.01,9647.57,9387.5,22429.71,26341.0,4411.0,15.0,128,46,7,51,47,104000,1,1,1.0,1,27316.5,6574.31,25111.0,9415.0,22789.42,125559.0,147.0,4,34262.0,127569.22,20419.15,4,20,23518.82,97852.75,40318.58,6,3,24606.0,Y,85671.46,current,M,32,MEDIUM,2.4000000000000004,7,363.0,0,16.0
12496,4169,338177.0,6712.78,27848.0,3059.44,3354.5,4048.0,4108.5,101.0,19,4,3,4,6,127500,1,1,1.0,1,8758.2,2300000.0,13873.0,6885.0,58681.0,51637.0,38.0,1,17280.0,34993.52,33152.5,5,25,71944.0,107514.0,25807.0,2,68,14250.0,Y,5196.34,saving,M,33,HIGH,10.4,4,254.0,1,8.0
12497,3737,849.0,99303.46,5009.13,414.19,6570.04,3475.665,12824.0,44.0,65,7,47,2,47,87000,1,1,1.0,1,1831780.84,45769.27,49900.0,-5998.43994,120640.5,125559.0,39.0,4,10095.0,91486.0,4045.73,1,34,410852.0,76832.56,15197.0,5,18,42533.0,Y,1280.0,current,M,38,MEDIUM,3.6,4,371.0,1,19.0
12498,3571,1753.0,26717.83,5481.87,3427.09,140.24,27643.0,3531.0,15.0,3,72,4,1,98,408000,1,1,1.0,1,747610.0,330001.0,1266.0,3735.0,45844.66,28419.0,29.0,25,22974.0,50017.88,70029.0,2,26,14410.0,19661.45,22860.0,94,18,24934.0,Y,4141.87,current,M,32,HIGH,2.4000000000000004,2,683.0,1,9.0
12499,17298,15785.0,15366.0,843.0,6464.54,18033.7,10129.65,6084.0,44.0,84,4,1,6,67,83000,1,1,1.0,1,384550.05,257406.7,2019.0,173.0,6760.25,61713.0,3.0,1,12139.0,116599.57,59212.0,43,82,11617.0,22048.94,100824.76,2,61,50093.0,Y,53665.34,current,M,46,MEDIUM,5.2,5,805.0,0,2.0
12500,9011,3348.0,25302.02,2618.06,523.0,7806.94,6512.44,912.0,25.0,10,38,3,11,20,448000,1,1,1.0,1,937.0,65174.0,7162.0,2351.0,41306.18,24250.72,10.0,4,34489.0,11749.72,39311.91,5,12,91891.0,123991.44,250382.0,1,113,96193.0,Y,47.75,current,M,30,MEDIUM,10.0,8,623.0,1,15.0
12501,7139,12238.0,19265.21,871.0,1406.56,15250.81,2420.0,5946.66,43.0,66,13,30,60,1,466000,1,1,1.0,1,2720.0,295150.9,4699.0,5340.0,13833.2,49556.18,2.0,2,29600.0,11662.0,266673.75,7,70,23120.0,29931.41,48497.0,47,76,572.0,Y,608.1,current,M,46,MEDIUM,5.2,8,249.0,0,17.0
12502,13587,6803.0,1031.92,6102.0,2745.2,77954.0,3894.0,3410.73,31.0,84,47,35,2,3,530000,1,1,1.0,1,2173459.0,120000.0,583.0,12163.0,526.0,427895.0,4.0,2,18663.0,119604.19,52660.0,4,8,36128.71,39670.99,200924.0,5,12,20133.0,Y,10332.0,current,M,120,LOW,30.0,2,516.0,0,6.0
12503,18869,10447.0,2085.8,10981.22,12743.12,2149.25,506.0,7675.23,25.0,47,50,24,25,13,27000,1,1,1.0,1,2184.0,64491.0,43798.0,6260.0,13223.5,22038.0,62.0,33,47279.0,44086.88,33597.0,9,7,64429.0,85151.95,90746.0,21,3,8629.0,Y,5057.53,current,M,35,MEDIUM,13.5,1,516.0,1,5.0
12504,5095,3304.0,86837.35,534.7,34388.26,329.0,3054.0,1474.0,2.0,8,4,1,24,12,494000,1,1,1.0,1,506688.65,2436.91,25524.0,-12179.0,93915.63,12032.0,11.0,33,66900.0,74493.24,24799.16,4,13,28520.28,43590.0,19694.0,62,32,640717.0,Y,721.01,current,M,47,MEDIUM,16.2,9,464.0,1,10.0
12505,7942,10959.0,122906.28,3917.0,8248.49,2731.0,13930.0,1171.0,8.0,50,5,1,9,14,300000,1,1,1.0,1,101891.25,33668.0,1036.0,5773.0,89682.36,45298.0,9.0,1,33262.0,34422.63,17985.0,0,40,14410.0,22519.8,50330.0,12,3,109349.0,Y,4709.12,current,M,51,MEDIUM,15.5,1,644.0,1,5.0
12506,343,125621.0,13114.87,5418.11,2328.73,7965.0,7060.53,4597.0,4.0,3,72,2,25,2,256000,1,1,1.0,1,140291.6,35421.67,33330.0,-5942.0,13550.25,62592.0,90.0,4,122.41,489283.38,32516.0,1,8,21028.0,100256.27,170615.0,8,75,400.0,Y,237.96,current,M,34,LOW,14.0,10,269.0,1,11.0
12507,9454,51198.0,7353.93,546.31,429.0,1168.0,5788.0,5289.0,5.0,50,4,21,3,2,75000,1,1,1.0,1,7089.7,9866.01,492.0,-4679.0,47795.27,16220.0,42.0,4,50782.0,30674.96,10040.0,6,108,91219.0,44589.76,42015.02,53,83,27967.0,Y,747.23,current,M,28,MEDIUM,0.8,8,911.0,1,4.0
12508,7977,10766.0,978.0,18318.0,37112.5,1075.92,3874.5,2143.0,100.0,85,67,18,44,3,447000,1,1,1.0,1,3101.3,38173.0,583.0,844.0,16992.09,75270.0,4.0,19,19341.0,148796.0,136271.0,0,35,138.67,48256.0,127812.1,47,76,117554.0,Y,8980.45,current,M,62,MEDIUM,4.2,8,966.0,0,3.0
12509,648,164682.0,8404.11,10540.2,314811.0,9095.0,13638.5,9055.18,50.0,8,72,24,4,62,124000,1,1,1.0,1,10006.2,376694.91,12000.0,0.0,38054.67,8728.0,77.0,35,58778.0,17604.68,48140.0,3,171,283399.0,97273.37,18275.0,1,1,40662.0,Y,5257.67,saving,M,46,LOW,20.8,8,366.0,1,2.0
12510,6696,5102.0,14027.5,25256.0,10446.0,2024.0,3400.0,1751.0,2.0,30,13,47,25,1,595000,1,1,1.0,1,21220.0,69370.0,33330.0,-4679.0,16810.87,97392.0,18.0,1,18011.0,15792.0,201374.1,1,6,775.0,120102.5,50556.84,5,24,43333.0,Y,19680.32,saving,M,66,MEDIUM,41.400000000000006,7,274.0,1,9.0
12511,12547,16455.0,7179.0,914.4,14115.0,357.73,732.0,2761.0,2.0,29,46,35,3,1,290000,1,1,1.0,1,690857.42,96096.0,825.0,6885.0,25724.66,102270.0,29.0,5,110302.0,28813.75,6023.5,4,46,18783.0,97495.0,36231.0,21,21,65983.0,Y,3180.51,current,M,60,LOW,12.0,9,737.0,1,17.0
12512,9463,16933.0,23757.86,415.0,2431.85,17570.01,6217.0,389.0,10.0,3,5,47,5,20,150000,1,1,1.0,1,146931.8,7216.53,1266.0,1500.0,24805.01,100342.0,5.0,4,9643.34,50468.59,3968.0,1,18,15147.0,20355.56,19604.0,5,18,8581.0,Y,429.79,current,M,53,MEDIUM,19.8,8,254.0,1,15.0
12513,12958,13277.0,22482.22,4381.31,16844.43,3802.97,3690.12,1255.52,7.0,36,64,1,15,8,263000,1,1,1.0,1,59703.93,237365.38,43798.0,-4679.0,26010.5,38643.0,11.0,4,77509.0,58093.91,113234.5,3,59,144740.0,141565.36,155260.38,3,106,71740.0,Y,1817.17,current,M,33,LOW,11.700000000000001,6,536.0,1,20.0
12514,1759,16154.0,1532.38,171.0,12015.39,4691.0,11314.0,2927.0,7.0,32,32,2,1,1,67000,1,1,1.0,1,124929.75,90829.65,73217.0,6916.0,98689.1,18416.0,69.0,35,96954.0,16229.3,51078.0,31,12,25049.0,233427.33,74208.0,3,6,109044.0,Y,2621.39,current,M,53,LOW,26.400000000000002,8,865.0,1,2.0
12515,10393,335142.0,8057.95,10427.61,34946.23,282.0,11355.3,221.73,4.0,17,87,21,2,26,34000,1,1,1.0,1,1910215.0,82907.34,711.0,-4679.0,34069.08,142314.0,2.0,1,33777.0,103902.25,181137.72,2,20,25927.0,72564.98,22499.0,22,13,34254.0,Y,6682.36,current,M,30,MEDIUM,1.0,4,267.0,1,13.0
12516,7564,405216.0,4835.0,4754.99,24553.2,720.4,4382.0,395.0,8.0,23,32,44,18,8,169000,1,1,1.0,1,48675.31,157000.0,130000.0,10210.0,4747.25,92525.0,18.0,3,1700.0,110979.55,64383.0,3,108,65190.0,83713.84,39335.0,9,106,31643.0,Y,35696.73,current,M,66,MEDIUM,41.400000000000006,2,370.0,1,10.0
12517,15835,20135.0,2874.14,46915.0,3955.53,12366.0,41344.44,15647.48,25.0,30,2,11,1,6,453000,1,1,1.0,1,105453.65,470000.0,768.0,1014.0,5074.0,55120.0,11.0,15,32761.0,97996.56,3210.67,2,20,88400.0,2338.7,4142.0,3,10,24899.0,Y,1101.37,current,M,31,MEDIUM,2.2,5,805.0,0,6.0
12518,15989,13530.0,19159.64,4416.5,4126.4,5054.0,1333.0,465.0,20.0,30,46,39,4,39,378000,1,1,1.0,1,516.8,165000.0,15756.0,1500.0,39522.5,13322.91,11.0,28,15621.0,51775.08,33228.91,1,40,66377.0,173546.81,11040.87,3,3,35633.0,Y,287.81,current,M,28,MEDIUM,3.2,5,865.0,1,18.0
12519,4614,389454.0,5931.77,3944.0,2437.0,152.1,7057.0,12379.0,43.0,83,46,50,1,79,290000,1,1,1.0,1,720551.4,156215.3,50000.0,-5942.0,32186.03,28221.0,69.0,36,64471.0,26812.43,213839.0,2,8,6870.0,53893.94,32395.0,12,32,75452.0,Y,783.94,current,M,42,MEDIUM,15.4,2,270.0,1,2.0
12520,18638,18057.0,1062.43,10102.08,8465.0,7435.4,44435.0,19546.33,7.0,9,50,20,5,30,47000,1,1,1.0,1,52209.5,267421.4,48950.0,5439.0,28194.64,133533.0,18.0,4,26969.0,99787.38,4484.0,2,63,15990.0,58505.03,73848.76,6,43,387883.0,Y,3465.52,current,M,222,MEDIUM,101.0,4,723.0,1,19.0
12521,15119,305191.0,2679.84,3048.0,4273.31,5590.2,3570.69,11215.0,12.0,18,52,25,4,1,167000,1,1,1.0,1,146931.8,20000.0,1633.0,1079.0,24806.21,97825.0,11.0,3,50200.0,96155.21,39495.0,2,20,8213.0,61666.61,74649.5,3,61,21113.0,Y,5861.8,current,M,66,MEDIUM,46.0,4,968.0,1,3.0
12522,2855,222136.0,10642.19,4585.88,49864.47,9598.56,26831.09,2537.74,4.0,85,71,1,5,2,525000,1,1,1.0,1,26335.7,76157.6,33330.0,1332.0,133900.11,19126.82,46.0,1,27050.0,55012.29,119280.0,2,81,22739.0,51201.25,74494.5,4,7,41785.0,Y,21789.16,current,M,60,LOW,16.0,4,614.0,1,17.0
12523,10938,10064.0,2111.0,4616.33,11356.0,13285.0,2484.0,1715.23,10.0,29,35,42,6,6,19000,1,1,1.0,1,253302.0,19000.0,16114.0,-5998.43994,69219.12,12968.0,11.0,27,39543.16,25868.55,5870.0,6,14,3900.0,53360.43,19835.36,6,10,49545.0,Y,6559.11,current,M,67,MEDIUM,42.300000000000004,1,445.0,1,9.0
12524,5164,10729.0,6654.07,23505.0,28688.5,2602.0,4310.32,87.0,32.0,10,59,1,1,70,481000,1,1,1.0,1,28844.0,992890.32,48950.0,-6301.0,29140.28,51746.0,42.0,2,111591.0,49953.29,35177.0,47,14,15432.0,89054.98,77331.0,19,63,34168.0,Y,15028.47,current,M,33,MEDIUM,10.4,9,914.0,1,4.0
12525,17999,173917.0,1751.54,3269.0,3392.26,782.85,5637.0,266.0,6.0,29,3,1,5,42,329000,1,1,1.0,1,81872.65,110000.0,5905.0,-4664.0,21848.0,25402.0,70.0,26,22091.0,25030.0,6150.0,9,108,43140.0,2056107.09,53960.0,3,106,15972.0,Y,57.67,saving,M,33,MEDIUM,3.9000000000000004,10,683.0,0,5.0
12526,1556,7803.0,14723.85,736.0,9000.59,2236.8,1851.995,6117.0,2.0,23,10,17,3,54,139999,1,1,1.0,1,12.19,1749.29,8417.0,0.0,72661.7,28403.5,147.0,3,54434.52,74766.0,36154.0,6,50,59834.0,21708.02,18043.0,13,50,251.0,Y,1516.85,current,M,42,MEDIUM,13.200000000000001,7,454.0,1,7.0
12527,647,176774.0,3547.3,32402.0,3585.48,7552.0,6675.47,2121.72,8.0,23,5,1,11,1,139999,1,1,1.0,1,16250.2,19000.0,1209.0,0.0,151777.26,106296.97,94.0,26,33175.0,133475.07,90949.0,1,14,73902.0,52458.46,209562.5,4,75,23346.0,Y,2641.25,current,M,222,MEDIUM,80.80000000000001,4,538.0,1,9.0
12528,9108,127893.0,6011.75,23789.28,658.12,8772.63,8676.0,4610.61,80.0,6,49,2,55,56,461000,1,1,1.0,1,41883.6,589.39,12016.0,4856.0,25147.61,12581.5,6.0,26,56606.0,28799.04,158324.0,7,20,79283.0,112264.85,2205.48,2,8,68192.0,Y,885.09,current,M,35,MEDIUM,13.5,10,867.0,1,2.0
12529,2954,45.0,10697.0,2686.01,47214.51,6324.92,15896.525,11991.75,44.0,4,4,1,24,4,156000,1,1,1.0,1,72937.76,15300.0,8417.0,10455.0,25481.98,20784.0,103.0,3,31891.0,102266.7,72644.0,5,26,48200.0,106000.25,76240.5,13,63,43856.0,Y,11690.0,current,M,38,MEDIUM,5.4,9,538.0,0,12.0
12530,16574,18999.0,3697.0,4033.94,1292.52,6403.0,4427.76,2638.0,1.0,10,13,2,9,75,510000,1,1,1.0,1,2184.0,172678.56,3792.0,20513.0,4865.62,83586.0,77.0,3,53202.0,6311.49,145254.0,45,82,31492.0,69521.75,39352.0,6,3,27036.0,Y,2231.46,current,F,66,MEDIUM,13.8,8,265.0,1,16.0
12531,18021,342483.0,19240.8,314.88,5435.07,256.54,932.52,1758.42,6.0,36,50,1,18,36,371000,1,1,1.0,1,249060.0,159415.3,825.0,12415.0,179742.39,20618.0,91.0,6,25388.0,47813.59,31992.0,3,5,20903.0,39419.5,62131.0,6,83,241771.0,Y,1748.3,current,M,31,MEDIUM,3.3000000000000003,10,606.0,1,18.0
12532,43,4983.0,10571.0,8920.0,9866.14,3297.2,11720.415,10281.36,44.0,43,87,20,1,58,421000,1,1,1.0,1,156875.0,156215.3,12000.0,20513.0,86600.93,89231.38,11.0,2,59186.0,26768.69,113183.0,1,11,25793.0,1802.82,45577.0,9,12,24058.0,Y,5200.29,current,F,47,MEDIUM,21.6,8,880.0,0,16.0
12533,13996,30375.0,27819.61,11335.3,24606.0,20372.58,327.0,9179.0,7.0,9,50,24,17,70,423000,1,1,1.0,1,78472.48,154121.9,16004.0,5730.0,25854.42,101385.0,42.0,26,123251.0,90240.35,35930.0,42,42,43560.0,167.6,156419.06,5,24,14715.0,Y,5646.55,current,M,30,HIGH,1.0,7,867.0,1,7.0
12534,18231,11824.0,9785.24,4420.96,3635.91,12978.38,539.56,7153.0,57.0,42,48,3,1,9,429000,1,1,1.0,1,4323.0,16375.0,24619.0,4856.0,45845.88,36775.42,4.0,36,42078.3,60644.28,53823.67,5,20,55040.0,40843.99,53284.0,4,75,37963.0,Y,8061.23,saving,M,32,MEDIUM,10.8,3,620.0,1,3.0
12535,11793,134935.0,25634.0,826.9,9368.92,3820.0,4297.255,233.0,25.0,23,38,10,7,1,199999,1,1,1.0,1,253302.0,95081.0,16114.0,2921.0,36875.6,43618.0,2.0,11,58249.0,21161.82,71362.0,2,7,10577.0,2446.2,19166.0,4,18,129004.0,Y,8883.7,current,M,220,MEDIUM,140.0,8,259.0,1,18.0
12536,845,334231.0,6796.35,8613.0,8088.67,812.0,5231.0,1322.0,29.0,4,38,3,36,75,435000,1,1,1.0,1,19265.4,267421.4,5000.0,-5942.0,74716.63,19056.0,7.0,4,77880.0,36903.33,51037.0,0,14,21754.0,190460.62,32967.0,2,25,72881.0,Y,9925.36,saving,M,47,LOW,16.2,3,801.0,1,16.0
12537,17691,8819.0,12963.67,7500.0,18251.98,248.9,17970.0,1208.0,6.0,43,67,1,8,47,489000,1,1,1.0,1,5383.25,295150.9,2130.0,-6301.0,80603.11,106656.78,11.0,3,32628.0,101525.94,15894.0,47,20,13501.0,38240.57,69543.2,58,63,28870.0,Y,1246.71,saving,M,58,MEDIUM,3.8000000000000003,8,882.0,1,9.0
12538,2461,4323.0,72486.59,684.9,4610.0,118.0,20139.0,11215.0,26.0,27,19,2,2,1,167000,1,1,1.0,1,123295.4,232524.0,12000.0,-4664.0,115230.08,8063.0,42.0,1,73270.0,39623.79,37903.5,3,63,27031.0,112657.96,44193.5,14,57,18904.0,Y,20586.84,current,M,64,LOW,39.6,1,684.0,1,12.0
12539,9310,15633.0,15187.0,3549.0,2678.59,921.09,1411.94,1564.0,67.0,18,29,57,4,75,378000,1,1,1.0,1,3101.3,125000.0,78309.0,35346.0,91213.67,10737.0,5.0,26,21933.0,44888.25,3526.34,7,46,44902.17,39295.28,42157.0,10,18,18622.0,Y,4354.47,current,M,35,MEDIUM,15.0,10,505.0,0,6.0
12540,18425,19377.0,5551.0,33286.77,6563.76,4953.76,10593.0,395.0,26.0,22,74,4,27,47,429000,1,1,1.0,1,937.0,97000.0,825.0,7478.0,58257.96,87942.0,0.0,19,22957.0,26165.75,73754.5,5,50,88380.0,56921.01,47675.0,3,8,41256.0,Y,16.85,current,F,30,LOW,5.0,7,969.0,1,11.0
12541,18153,7013.0,10848.58,9597.37,48294.09,226.0,14307.71,8970.01,3.0,5,44,3,2,4,28000,1,1,1.0,1,115.45,25404.0,69493.0,2337.0,59759.0,79104.5,41.0,35,12418.0,360245.26,163855.0,5,81,29941.0,17917.47,44077.66,16,104,35494.25,Y,93.43,current,F,28,MEDIUM,4.0,7,516.0,1,14.0
12542,4693,2816.0,5151.65,9273.03,35690.17,5984.0,6502.75,7479.0,5.0,10,35,50,31,8,44000,1,1,1.0,1,47.35,446457.0,16004.0,5773.0,24720.83,45919.64,147.0,26,52393.0,117994.99,260281.0,43,108,44061.0,46799.11,32572.0,21,6,16187.0,Y,3301.18,current,M,44,MEDIUM,12.0,1,371.0,1,11.0
12543,5816,6233.0,7154.56,469.42,51477.14,4464.52,43551.485,15479.0,7.0,3,27,4,2,16,271000,1,1,1.0,1,138272.2,77000.0,25000.0,19453.0,199.37,78155.0,12.0,7,169472.0,80447.45,1941.0,5,9,22861.0,29858.0,104383.0,21,67,79315.0,Y,4598.38,current,M,66,MEDIUM,4.6000000000000005,4,737.0,0,2.0
12544,7156,442.0,1981.69,10966.59,10218.81,3764.27,27513.3,1354.0,1.0,22,49,5,9,58,53000,1,1,1.0,1,60050.0,267421.4,14754.0,5439.0,54896.45,18479.0,4.0,2,34050.0,26302.0,56158.0,2,6,33733.0,22664.35,70287.0,22,39,15124.0,Y,17498.33,current,M,62,HIGH,8.4,2,866.0,1,13.0
12545,8144,3332.0,3270.77,15551.34,17515.48,2572.0,53329.45,3528.0,531.0,9,27,1,4,67,510000,1,1,1.0,1,1859872.2,244483.3,29542.0,1522.0,28157.0,121745.14,43.0,3,25401.0,33906.35,1264.0,7,11,16145.0,47826.25,75981.93,12,103,7638.0,Y,243141.04,current,M,223,LOW,60.900000000000006,4,683.0,1,9.0
12546,13971,174920.0,6330.86,4692.66,557.0,3494.0,2752.0,12686.0,92.0,8,79,18,3,3,27000,1,1,1.0,1,4720.0,50034.93,787.0,3897.0,348466.4,152795.0,46.0,2,46472.05,27440.93,126804.0,1,104,14040.0,12524.98,704.0,22,15,30371.0,Y,71201.77,current,M,35,MEDIUM,3.0,7,799.0,0,18.0
12547,6685,16483.0,16227.0,7592.0,101885.95,5178.25,7170.69,9068.0,5.0,14,14,2,2,1,393000,1,1,1.0,1,48675.31,267421.4,3570.0,3735.0,44653.74,152525.0,8.0,15,19107.0,36593.38,5870.0,3,50,20302.0,8100.17,2803.91,3,11,40379.0,Y,2481.04,current,M,66,LOW,9.200000000000001,7,937.0,1,19.0
12548,7628,124905.0,5227.0,526.01,21834.09,2428.0,36772.99,2237.2,6.0,26,84,11,18,98,599000,1,1,1.0,1,568.8,120000.0,925.0,13135.0,44560.47,97054.0,20.0,26,15240.0,133475.07,691.0,2,171,42568.0,321693.33,69074.06,3,18,39677.0,Y,10967.4,current,M,58,MEDIUM,3.8000000000000003,9,686.0,0,4.0
12549,6624,13452.0,87142.0,1994.0,3411.75,558.01,261.0,592.0,10.0,10,29,2,1,30,483000,1,1,1.0,1,161704.0,36359.0,711.0,-5942.0,45175.08,61455.5,3.0,1,22054.0,10021.17,33869.0,4,5,22236.0,45177.68,45051.0,4,7,22533.0,Y,427.57,current,M,28,LOW,4.800000000000001,3,454.0,1,13.0
12550,14687,3316.0,19290.56,5928.0,19488.88,856.0,975.42,5470.0,7.0,2,50,2,2,56,167000,1,1,1.0,1,96218.53,76365.24,583.0,8723.0,59422.45,81191.0,39.0,43,50677.0,78367.32,160957.0,31,1,45800.0,38028.41,143892.0,47,10,101458.09,Y,8463.59,saving,M,34,MEDIUM,9.8,10,914.0,1,16.0
12551,9001,19676.0,8213.46,16315.58,5967.0,2150.0,2984.95,2356.0,44.0,18,27,20,9,77,50900,1,1,1.0,1,101891.25,100934.0,1526.0,5350.0,24504.83,82426.0,79.0,1,20520.0,80589.0,126973.0,9,81,41391.0,109550.42,14441.0,47,1,19009.25,Y,2744.49,saving,M,30,MEDIUM,7.0,1,370.0,1,20.0
12552,3709,7796.0,3170.42,10651.97,5264.5,7806.94,20230.11,2346.94,28.0,36,67,1,6,12,505000,1,1,1.0,1,3247.5,195088.0,925.0,5439.0,23955.66,8815.26,42.0,26,22438.0,79971.0,80849.0,50,20,48669.0,145244.8,520896.0,10,49,36056.0,Y,855.62,current,F,55,MEDIUM,24.5,6,355.0,0,20.0
12553,10378,15611.0,12803.35,5454.0,21157.32,23116.0,7467.0,7458.82,44.0,10,35,57,23,86,44000,1,1,1.0,1,116122.65,82907.34,5540.0,-4324.0,913124.69,19505.0,11.0,2,200005.0,21352.92,30192.0,4,82,37376.0,76369.75,27701.0,4,18,5835.0,Y,1548.24,current,M,30,MEDIUM,4.0,7,249.0,0,3.0
12554,19456,6432.0,11720.0,18474.03,41535.51,6815.0,5123.255,91180.0,10.0,34,14,5,1,34,383000,1,1,1.0,1,47299.5,289469.58,183999.0,2337.0,262282.64,60610.42,11.0,7,17490.0,16483.0,57661.0,9,20,27711.0,18805.63,31606.0,4,104,24768.0,Y,19276.1,current,M,35,MEDIUM,6.0,1,464.0,1,9.0
12555,14275,20398.0,147860.72,1700.0,30125.23,1402.0,4017.72,1331.47,8.0,3,82,24,15,6,47000,1,1,1.0,1,5004.0,1752254.0,50000.0,167.0,58303.75,23664.0,11.0,4,21750.0,76060.07,114363.0,1,20,74797.0,25520.0,65879.89,3,15,55684.0,Y,8255.71,current,M,60,LOW,4.0,4,818.0,0,2.0
12556,16591,7685.0,10620.34,1087.0,7287.49,21096.75,52544.25,899.4,44.0,32,60,24,3,12,119000,1,1,1.0,1,102494.2,110135.86,68000.0,2000.0,87756.06,218521.0,36.0,3,61.91,69708.19,43118.0,2,13,32356.0,135966.72,36097.0,8,124,56930.0,Y,11181.03,saving,M,49,MEDIUM,14.5,10,638.0,1,17.0
12557,16667,6909.0,29784.97,6852.65,15583.75,14023.68,48532.44,1401.0,16.0,10,3,48,3,11,380000,1,1,1.0,1,3575.5,482147.0,2500.0,-12179.0,67431.73,24117.0,67.0,9,208339.0,99509.92,22902.33,45,11,20949.0,27689.6,27413.38,117,24,19351.09,Y,5950.98,current,M,40,HIGH,18.0,8,314.0,1,14.0
12558,8793,17561.0,1957.0,10913.0,5217.7,3425.0,9906.0,1260.0,43.0,10,2,1,3,2,301000,1,1,1.0,1,72383.25,19000.0,25000.0,3897.0,41334.57,199617.0,4.0,26,32459.0,1862.0,42112.0,2,63,24527.0,96259.13,10879.0,12,49,16280.0,Y,5039.82,current,M,29,HIGH,8.1,6,737.0,1,9.0
12559,14814,5584.0,2292.5,20098.0,14382.0,2901.0,11446.0,12272.22,44.0,83,29,60,15,30,293000,1,1,1.0,1,16100.0,238000.0,13873.0,-5998.43994,24711.0,49664.38,11.0,1,39187.62,155680.55,39564.0,9,35,189537.0,23556.94,454.84,4,120,39768.0,Y,2506.89,current,M,219,MEDIUM,39.800000000000004,5,750.0,1,13.0
12560,12244,101483.0,13012.0,2306.5,8132.8,16009.73,6257.25,9270.0,1.0,77,49,10,18,79,400000,1,1,1.0,1,76122.87,95081.0,908.0,3897.0,12761.51,20521.0,69.0,29,22105.0,135471.53,63001.0,1,50,19975.54,33588.0,10815.0,3,32,17239.0,Y,34723.41,current,M,30,MEDIUM,6.0,8,505.0,0,2.0
12561,880,919.0,6019.0,9760.0,14717.03,3307.0,19169.0,6733.0,56.0,77,1,1,6,30,650000,1,1,1.0,1,138272.2,536874.6,49975.0,6885.0,33844.5,12968.0,69.0,2,47726.0,21911.0,59701.0,4,46,21298.0,25376.75,114029.0,7,65,44956.0,Y,8631.17,current,M,53,LOW,33.0,9,247.0,1,10.0
12562,16391,10029.0,62808.0,5072.42,2634.0,894.0,1993.75,3606.0,531.0,9,5,41,36,64,198000,1,1,1.0,1,690.0,3.0,505.0,1522.0,19271.52,723589.0,12.0,2,12048.0,683250.28,41110.0,9,8,24192.0,31246.02,480.0,3,6,354.0,Y,6699.26,current,M,66,MEDIUM,9.200000000000001,3,354.0,0,10.0
12563,15898,167055.0,3363.16,14674.0,18147.68,1980.61,6598.76,1594.0,10.0,30,52,22,71,47,402000,1,1,1.0,1,120285.0,98110.0,51520.0,5730.0,54532.92,28889.13,15.0,1,2082.0,118640.99,46385.74,2,1,25950.0,21599.92,42654.0,19,6,34593.0,Y,3426.36,current,M,47,MEDIUM,5.4,8,799.0,1,16.0
12564,10653,7801.0,4096.33,1165.0,17605.89,1530.0,2998.0,6953.0,7.0,71,11,47,3,5,97000,1,1,1.0,1,684495.7,78744.56,954.0,-5439.0,46343.15,23997.0,11.0,19,45266.0,130306.82,24964.0,35,108,20380.89,3331.5,28476.0,3,58,44009.0,Y,8532.88,current,M,33,LOW,1.3,7,796.0,1,8.0
12565,10815,16571.0,42448.66,5962.0,12906.85,36179.35,13389.0,2285.68,3.0,43,4,18,44,8,212500,1,1,1.0,1,21511.8,25404.0,8060.0,903.0,153337.35,10543.0,11.0,36,91000.0,35057.14,59453.0,45,50,64151.0,31248.5,27187.0,7,50,29734.0,Y,2601.39,current,F,33,HIGH,5.2,8,799.0,1,16.0
12566,6204,345460.0,17397.92,3069.71,814.82,1707.04,11199.58,13004.6,12.0,38,82,1,7,58,155000,1,1,1.0,1,12.19,2436.91,230000.0,-3506.17993,29959.02,36510.0,11.0,26,100058.19,67019.0,41782.0,3,63,42186.0,45528.24,86421.0,2,38,17088.0,Y,3224.05,current,M,66,MEDIUM,41.400000000000006,1,644.0,1,9.0
12567,14905,8032.0,30722.96,2549.0,1917.0,3447.0,6710.0,3331.0,44.0,36,50,2,1,17,287000,1,1,1.0,1,55620.0,16583.84,610000.0,5773.0,23165.05,42645.0,103.0,43,35662.0,25424.68,33249.0,4,11,38323.0,25931.8,130785.0,36,49,40108.0,Y,1116.81,current,F,50,MEDIUM,18.0,10,523.0,0,15.0
12568,10525,95726.0,13167.57,5283.0,9354.0,6178.25,4079.63,12625.0,56.0,23,50,8,3,36,341000,1,1,1.0,1,89908.8,861640.54,12337.0,0.0,35330.0,73572.0,4.0,3,41090.0,67294.0,12526.0,1,77,11707.0,33588.0,44530.0,8,96,44020.0,Y,982.44,current,M,47,LOW,24.3,8,485.0,1,9.0
12569,3881,19851.0,2101.0,3925.02,11964.0,7207.34,6878.0,2207.0,26.0,66,49,53,2,2,273000,1,1,1.0,1,4614669.901,267421.4,12000.0,2351.0,55921.18,23667.18,11.0,36,23080.0,21893.5,143656.95,43,12,32951.0,22590.0,24681.03,117,73,18522.0,Y,1647.03,current,M,47,MEDIUM,27.0,1,538.0,1,20.0
12570,17593,10348.0,554.5,5277.9,52852.86,713.83,5100.47,272.08,2.0,42,35,57,3,62,450000,1,1,1.0,1,3575.5,90829.65,68000.0,0.0,92298.91,59633.0,52.0,26,59423.0,22346.36,45512.0,8,20,56799.0,29215.39,1205.0,6,18,37550.0,Y,6699.39,saving,F,30,MEDIUM,2.0,6,836.0,1,16.0
12571,2447,8660.0,1382.0,3554.4,33600.59,100564.0,3481.0,4310.0,59.0,10,67,10,1,30,373000,1,1,1.0,1,70310.6,278360.16,34550.0,7478.0,69316.08,20215.0,4.0,3,131499.0,32259.75,49213.0,2,4,32841.0,84306.39,79401.0,4,9,60645.0,Y,281943.98,current,M,32,MEDIUM,2.4000000000000004,10,809.0,1,15.0
12572,16836,402443.0,9501.0,643.85,322.0,7492.3,5979.0,1955.52,4.0,18,4,47,51,1,358000,1,1,1.0,1,144293.83,165970.9,20887.0,4314.0,229905.29,33550.0,46.0,1,37287.0,87787.19,179264.0,1,20,30658.0,13523.72,171820.51,94,1,50759.0,Y,63941.37,current,M,64,MEDIUM,22.0,8,743.0,1,19.0
12573,13117,14318.0,3109.96,1092.21,6808.19,3842.0,8534.0,1889.0,15.0,30,89,2,17,20,114000,1,1,1.0,1,48422.7,465000.0,12560.0,0.0,141052.95,55563.0,10.0,3,24313.0,54918.0,61374.81,1,171,19010.0,55241.0,6144.56,40,38,250526.0,Y,2633.92,current,M,39,LOW,13.3,7,516.0,1,6.0
12574,11610,170879.0,846.47,1100.3,66713.92,5352.5,3178.0,17358.0,18.0,3,71,18,7,30,119000,1,1,1.0,1,420.0,48087.25,1727.0,-3625.0,58554.0,40158.0,2.0,2,42893.0,44474.0,383264.0,2,6,26801.0,49711.24,203160.0,5,3,31508.0,Y,7602.27,current,M,40,HIGH,18.0,1,445.0,1,17.0
12575,6729,5726.0,123820.61,1724.0,5222.0,3628.25,5415.0,6041.0,60.0,23,4,1,3,10,581000,1,1,1.0,1,551439.2,536874.6,5905.0,1992.0,43721.59,65046.47,11.0,3,81294.4,46352.0,95390.0,6,81,19630.0,56028.1,135085.76,13,103,27492.0,Y,9337.06,current,M,47,LOW,18.900000000000002,10,623.0,1,4.0
12576,4377,18322.0,8560.0,17438.85,88613.48,12604.99,14573.0,1700.0,4.0,3,71,42,5,17,369000,1,1,1.0,1,2100.0,19.39,13873.0,7478.0,37470.11,253388.0,95.0,3,25182.0,6857.32,60081.0,3,20,27116.0,126746.24,26154.0,117,22,272.0,Y,12005.29,current,M,38,MEDIUM,7.2,8,523.0,1,4.0
12577,16968,84626.0,65608.0,5390.32,27074.18,5297.04,17355.0,1109.58,7.0,23,20,42,36,11,290000,1,1,1.0,1,13849.4,470000.0,641.0,0.0,7069.5,38554.0,46.0,17,28633.0,40290.26,34433.47,6,1,4229.0,2945.0,72659.0,2,63,25142.0,Y,71096.32,current,M,66,MEDIUM,27.6,5,536.0,0,15.0
12578,12448,17784.0,426.0,4033.94,20349.0,4439.0,142675.38,2028.0,19.0,81,16,1,25,98,408000,1,1,1.0,1,89908.8,12000.0,12560.0,10210.0,41635.81,39521.14,70.0,17,42795.0,37623.22,59645.0,3,49,54.0,17311.97,2525.5,2,12,29146.0,Y,1557.5,current,M,32,MEDIUM,10.8,9,698.0,1,9.0
12579,5612,6327.0,20912.0,4008.51,734.0,5715.0,4733.86,8467.62,531.0,8,16,17,14,64,75000,1,1,1.0,1,1038501.78,87578.0,155205.0,-5998.43994,93445.68,76985.91,69.0,36,36233.0,21330.17,106469.0,2,171,51998.38,11434.75,25405.0,6,21,31678.0,Y,16486.91,current,M,38,LOW,1.8,5,554.0,0,17.0
12580,9590,11548.0,9574.0,4622.03,1597.0,1592.0,21342.0,2738.0,7.0,9,38,30,3,54,393000,1,1,1.0,1,2014.8,96096.0,15756.0,-12179.0,63856.65,68743.2,9.0,1,21722.0,29714.66,7128.0,2,8,27711.0,117456.75,43952.0,21,0,46163.0,Y,16545.28,current,M,37,MEDIUM,5.1000000000000005,10,369.0,1,8.0
12581,12854,233.0,3042.0,4640.8,5414.0,4574.0,13134.34,34860.0,17.0,85,3,1,1,9,232000,1,1,1.0,1,10006.2,172131.0,5591.0,6409.0,27253.45,114968.5,46.0,5,18750.0,30480.3,48641.0,3,20,31930.0,23553.0,43234.75,94,11,989.0,Y,1646.99,current,M,33,LOW,13.0,6,956.0,1,13.0
12582,6954,15770.0,11897.66,2549.9,199379.84,7552.0,12039.0,47151.25,6.0,10,50,1,6,13,172000,1,1,1.0,1,18418.85,50000.0,4458.0,5439.0,6348.0,90339.0,42.0,3,59800.0,19506.24,933406.87,7,20,78500.0,205718.0,51181.83,9,1,19339.0,Y,2390.4,current,M,58,MEDIUM,30.400000000000002,6,801.0,1,15.0
12583,11147,166638.0,8937.38,2914.7,4891.0,5739.87,2569.0,2123.0,10.0,25,17,42,16,56,109000,1,1,1.0,1,127004.3,70164.0,2156.0,-4679.0,218383.57,106976.0,90.0,2,34199.0,176623.66,1138.0,2,20,9823.0,28740.75,95772.29,41,58,18524.0,Y,5588.16,current,M,33,LOW,5.2,3,506.0,1,19.0
12584,14837,20424.0,2884.0,4085.08,1878.08,12289.0,18612.0,4237.83,136.0,9,44,2,25,14,403000,1,1,1.0,1,4.5,38173.0,51520.0,19765.0,97437.04,159293.0,52.0,2,59190.0,18903.0,40961.0,0,20,130500.0,9706.67,218347.0,43,50,49809.0,Y,3490.38,current,M,60,LOW,24.0,1,683.0,1,3.0
12585,17703,313932.0,14247.58,75499.94,7467.36,11242.0,4119.0,74.0,3.0,13,38,8,2,8,525000,1,1,1.0,1,291969.2,545000.0,24094.0,14509.0,36449.81,126556.87,32.0,26,1378.0,235324.01,35789.0,2,20,10615.0,52773.69,90916.0,4,50,28676.0,Y,2698.31,current,M,40,MEDIUM,20.0,8,708.0,1,12.0
12586,1698,40251.0,7641.13,14625.5,2428.0,68878.55,18143.0,9313.05,17.0,23,50,1,3,68,293000,1,1,1.0,1,903003.0,31033.0,48374.0,-6281.37987999999,38642.36,99913.0,11.0,2,48214.0,92215.44,100816.0,35,1,61302.87,204932.61,21057.0,6,18,48727.0,Y,5138.79,current,M,223,MEDIUM,162.4,3,314.0,1,10.0
12587,7236,315689.0,21716.95,805.57,10854.73,302.0,8420.365,11506.0,10.0,23,9,3,56,56,483000,1,1,1.0,1,38362.5,60481.0,3570.0,4063.0,28869.01,25192.0,9.0,3,28344.0,95430.43,38955.0,1,6,13138.0,132685.0,77805.0,2,21,11903.0,Y,2055.04,saving,F,31,HIGH,8.8,10,535.0,0,12.0
12588,8865,17139.0,63214.8,10913.0,24356.195,9215.19,7609.0,6065.0,7.0,30,5,8,21,26,287000,1,1,1.0,1,15079.5,237365.38,583.0,2351.0,82023.27,64870.0,40.0,3,25324.0,28680.0,30067.0,5,78,38323.0,52292.68,26470.0,12,76,20587.0,Y,8980.53,current,M,47,MEDIUM,5.4,1,535.0,1,11.0
12589,17613,34604.0,2838.09,4156.53,8914.78,3755.0,5561.125,6219.79,531.0,77,13,7,21,53,44000,1,1,1.0,1,54860.05,53749.0,12611.0,553.0,72962.75,11456.75,42.0,4,67080.0,52666.17,55005.0,2,8,23948.0,37180.04,152203.76,42,50,16750.0,Y,18101.41,current,F,55,LOW,21.0,9,860.0,1,6.0
12590,3161,12703.0,12968.0,5160.29,12639.81,639.0,3455.5,10529.0,4.0,30,90,2,55,54,375000,1,1,1.0,1,800.8,25404.0,18257.0,-6301.0,43436.78,37535.0,3.0,19,31043.0,42911.44,151140.1,1,6,22815.0,27351.46,49509.88,2,3,226905.0,Y,7458.84,current,M,53,LOW,23.1,2,748.0,1,10.0
12591,12635,10037.0,1041.0,1763.0,25335.48,911.41,20876.645,1106.94,1.0,66,59,1,27,2,287000,1,1,1.0,1,825.0,70164.0,5540.0,2351.0,118293.0,44587.0,3.0,36,45063.0,26048.76,76552.0,10,171,17087.36,59581.4,50813.75,14,75,27581.0,Y,11131.41,current,M,44,MEDIUM,12.0,4,233.0,1,16.0
12592,7838,18485.0,59229.0,14261.0,415.75,3400.0,7467.0,423.73,26.0,10,13,20,1,62,186000,1,1,1.0,1,102494.2,157000.0,2156.0,16455.0,205455.04,26208.0,6.0,5,17511.0,160311.8,403889.29,2,27,73808.0,22527.0,16606.0,6,120,57190.0,Y,117.78,saving,M,38,LOW,16.2,8,269.0,1,14.0
12593,12190,339183.0,5140.0,2289.0,38645.74,3952.94,2108.0,379.0,1.0,5,4,20,46,13,330000,1,1,1.0,1,45463.0,273221.0,96497.0,-5998.43994,87598.75,27532.37,67.0,3,61766.0,43612.06,28593.0,19,23,90329.0,28811.64,25726.0,94,38,16480.0,Y,1717.55,current,M,37,LOW,15.3,3,537.0,1,17.0
12594,14835,5699.0,9936.7,7856.28,73629.66,5653.84,9147.14,2305.5,12.0,2,7,8,5,47,293000,1,1,1.0,1,61186.36,114.74,4895.0,-5942.0,224762.0,120752.0,46.0,2,31829.0,102430.7,16611.5,20,84,26820.0,47816.17,23436.94,7,14,20107.0,Y,66.49,current,M,32,HIGH,8.4,5,743.0,1,18.0
12595,10,304595.0,47635.36,26889.0,1418.42,886.5,6248.71,932.0,43.0,99,82,1,16,30,479000,1,1,1.0,1,4110.0,189246.0,36114.0,8572.0,20411.68,23747.0,18.0,5,396900.0,294673.03,11705.0,1,67,22876.0,114477.3,52773.17,7,7,22500.0,Y,762.99,current,M,44,MEDIUM,7.2,8,748.0,1,6.0
12596,2369,711.0,4525.9,2998.9,11870.69,23116.0,3197.975,332.28,43.0,26,32,3,2,53,324000,1,1,1.0,1,1665.0,85058.0,11580.0,0.0,6601.0,313.0,39.0,30,313439.0,82144.25,59831.5,1,50,24986.0,32286.5,21326.0,117,18,42872.0,Y,57828.93,current,M,30,MEDIUM,7.0,1,247.0,1,5.0
12597,15511,14587.0,8310.0,57.0,31174.61,339.4,4425.0,6452.0,63.0,26,32,11,1,1,11000,1,1,1.0,1,7089.7,121927.8,8417.0,-5715.49022999999,69726.84,228755.56,29.0,3,19784.03,17555.94,63308.41,3,21,5681.0,1570.0,36097.0,1,27,36403.0,Y,96145.48,current,M,36,LOW,16.0,4,485.0,1,16.0
12598,10111,8786.0,7531.33,226.0,7101.89,1058.85,2380.92,4776.52,60.0,17,38,54,11,4,25000,1,1,1.0,1,937.0,223379.4,19176.0,0.0,182918.21,40428.0,8.0,3,10996.0,54875.65,35788.0,0,81,130500.0,30201.82,112242.0,7,63,46258.0,Y,8291.21,current,M,64,LOW,39.6,1,966.0,1,7.0
12599,2022,339554.0,13057.21,922.02,1506.0,1403.0,27985.0,7820.0,66.0,77,67,5,18,1,84000,1,1,1.0,1,65640.0,66.0,50000.0,1500.0,162942.88,29830.0,11.0,3,18837.0,3569.49,25861.0,2,69,61331.0,253.0,109103.15,2,25,2744.36,Y,3301.18,current,M,25,MEDIUM,5.0,1,516.0,0,6.0
12600,12107,17846.0,18718.94,39073.76,3722.41,959.0,412.79,2742.0,37.0,3,50,50,18,2,565000,1,1,1.0,1,331.2,182359.2,2156.0,20790.0,3696.27,16901.0,10.0,17,57544.0,12614.52,63033.84,4,8,62491.0,156740.12,102168.0,3,14,97839.0,Y,3033.5,current,M,30,MEDIUM,1.0,2,658.0,1,8.0
12601,123,20033.0,7247.9,4426.0,2746.93,733.0,12877.0,2696.0,14.0,23,10,2,1,3,425000,1,1,1.0,1,825.0,43397.0,12000.0,-12179.0,354690.88,10190.0,0.0,1,25906.0,44781.75,72140.0,2,9,64820.0,1077.0,63267.0,3,27,12604.0,Y,271.66,current,M,47,MEDIUM,16.2,9,799.0,1,5.0
12602,626,10857.0,3770.97,18077.0,18833.95,14965.08,14878.0,1658.0,10.0,37,3,1,7,2,287000,1,1,1.0,1,42460.6091,400000.0,49975.0,8723.0,6251.0,79026.0,3.0,26,36776.0,3733.49,36623.5,4,20,74091.0,179545.08,89361.93,6,11,18429.0,Y,3917.78,current,F,60,LOW,20.0,1,683.0,1,9.0
12603,15001,6806.0,14153.26,3456.75,3753.06,2975.13,3439.26,17167.0,1.0,3,9,17,60,3,124000,1,1,1.0,1,134985.0,992890.32,12337.0,-5942.0,41118.1,128512.0,77.0,3,39355.0,30430.97,22338.5,3,6,33404.0,66888.28,29209.0,3,36,42322.0,Y,413.42,current,M,31,LOW,3.3000000000000003,1,713.0,0,8.0
12604,4230,17045.0,26456.4,6890.42,44831.6,1155.57,29601.0,7792.91,4.0,67,50,53,9,34,369000,1,1,1.0,1,1892440.0,1971236.9,12000.0,20324.0,5109.25,257.0,43.0,0,21461.0,20248.4,42799.68,7,108,30629.0,10089.0,92443.0,49,76,41432.0,Y,227.13,saving,M,40,MEDIUM,20.0,4,883.0,1,8.0
12605,10290,13482.0,16945.98,3350.0,34946.23,1357.61,4427.76,31440.88,17.0,30,14,42,2,47,378000,1,1,1.0,1,9646.5,52000.0,130000.0,12415.0,79307.35,24539.0,95.0,4,14786.0,173225.51,38136.0,4,171,14540.0,242579.95,61413.09,3,103,50507.0,Y,1454.88,current,F,44,LOW,24.0,7,713.0,0,3.0
12606,11607,2568.0,10456.0,2340.23,6402.0,1450.0,10052.0,2472.0,5.0,15,4,1,2,17,307000,1,1,1.0,1,20747.5,64491.0,96558.0,0.0,70234.88,16474.56,3.0,3,49803.0,115404.79,30227.0,1,82,25655.0,197191.0,18503.0,7,32,18522.0,Y,2189.44,saving,M,30,MEDIUM,4.0,2,299.0,0,10.0
12607,17963,12178.0,25601.0,103.0,4782.85,2024.76,29819.59,3501.5,2.0,71,61,1,4,6,255000,1,1,1.0,1,48624.7,46500.0,5797.0,-4679.0,33163.64,5202.0,103.0,3,34827.0,36621.69,51603.0,3,23,11906.0,101671.75,77617.0,21,104,38485.0,Y,1559.3,current,M,31,LOW,3.3000000000000003,1,957.0,1,14.0
12608,6439,6547.0,7921.05,263.2,19454.0,7374.2,6935.3,6234.8,29.0,32,9,2,56,6,240000,1,1,1.0,1,27078.09,61022.63,2214.0,2008.0,235430.34,28454.0,18.0,0,34949.0,29782.13,172140.91,2,75,30718.0,40049.46,40248.0,2,18,82462.0,Y,7057.94,current,M,32,LOW,4.800000000000001,10,802.0,1,4.0
12609,5921,6386.0,43034.0,5533.68,37127.97,5583.12,22027.73,3384.41,1.0,13,4,2,9,34,302000,1,1,1.0,1,716556.5,107692.0,56305.0,0.0,483177.96,24894.0,8.0,3,18330.0,11565.58,14457.5,12,5,65979.0,38298.5,194857.0,11,67,97830.0,Y,9906.15,current,M,33,LOW,2.6,9,683.0,1,15.0
12610,5249,85489.0,14945.74,2600.0,28384.95,4641.0,33547.57,3754.0,1.0,43,14,60,9,70,416000,1,1,1.0,1,124064.65,235.17,300500.0,1245.0,69267.53,134420.77,8.0,26,52472.0,61344.56,126732.0,45,8,53000.0,31110.05,26141.0,40,113,20820.0,Y,1748.28,current,M,47,MEDIUM,5.4,7,823.0,1,3.0
12611,6515,12007.0,40833.78,5617.0,13538.49,1876.5,22248.0,7854.0,6.0,3,52,1,27,1,533000,1,1,1.0,1,10562.45,93.35,12337.0,10455.0,20059.55,46935.0,38.0,26,31333.0,127242.51,25901.0,4,0,84694.82,42025.39,289225.0,8,38,66943.0,Y,13829.63,current,M,35,MEDIUM,15.0,5,818.0,1,2.0
12612,1509,3819.0,3216.0,3532.0,505.52,3456.0,18724.5,593.0,124.0,14,87,1,3,17,272000,1,1,1.0,1,9649.6,87578.0,13873.0,7478.0,40521.64,44989.0,62.0,1,13584.0,30543.12,192918.0,3,44,18316.0,31427.5,49130.0,47,96,36056.0,Y,1570.29,current,M,36,LOW,8.0,7,575.0,1,7.0
12613,7379,1657.0,36637.79,6170.82,13324.13,7382.0,16190.0,1365.0,10.0,18,47,8,2,20,68000,1,1,1.0,1,328504.5,455873.9,583.0,4856.0,19557.0,25474.0,22.0,36,43126.0,27804.78,30909.0,42,38,30613.0,61457.26,30189.0,7,28,196.93,Y,510.32,current,M,27,MEDIUM,2.1,4,394.0,1,5.0
12614,17719,13052.0,13760.87,4475.99,69112.0,7163.14,6680.0,1969.0,19.0,3,85,1,1,16,564000,1,1,1.0,1,31324.0,158000.0,5591.0,-4664.0,3420.83,54123.44,42.0,4,44956.0,107662.02,54631.0,20,82,34016.0,106326.47,118523.0,3,61,19904.0,Y,712.23,saving,M,28,MEDIUM,6.4,7,796.0,1,15.0
12615,11697,6958.0,5189.0,5979.58,3394.49,17038.61,7376.9,1229.87,10.0,11,6,48,27,98,505000,1,1,1.0,1,33784.35,156215.3,48950.0,-6301.0,242696.77,10066.0,69.0,2,32683.0,73307.45,32170.0,2,63,19684.0,80137.09,37701.86,58,13,55721.0,Y,9515.39,current,M,25,MEDIUM,2.0,9,355.0,1,7.0
12616,15694,7680.0,13663.09,1829.01,5019.37,26290.0,5657.04,5959.0,1.0,30,67,1,5,4,358000,1,1,1.0,1,2666.4,330001.0,20887.0,5439.0,300931.63,4058.0,55.0,17,22552.0,45886.08,81774.0,2,12,75058.0,244810.72,48732.0,13,58,31292.0,Y,4452.44,current,M,62,MEDIUM,4.2,5,249.0,1,9.0
12617,5079,38.0,10999.0,1324.6,1256.0,2286.45,2650.675,1751.0,101.0,17,13,21,1,13,403000,1,1,1.0,1,327324.9,43200.0,126001.0,6916.0,61228.54,28349.0,90.0,36,25980.0,22001.38,27750.0,9,86,33356.0,45155.68,19032.0,21,100,105042.0,Y,1418.84,current,M,32,LOW,7.2,4,914.0,0,18.0
12618,19216,10510.0,31683.87,24657.17,9118.67,2930.0,5766.0,4061.0,64.0,5,50,7,3,1,477000,1,1,1.0,1,526.25,46500.0,24125.0,-5439.0,8711.25,48285.0,29.0,0,16988.0,153501.88,37888.0,6,20,27415.0,256872.2,53145.0,1,50,87706.0,Y,1041.81,current,M,44,LOW,24.0,4,805.0,1,15.0
12619,11393,17378.0,46411.27,24377.49,519.0,3755.0,9430.0,5411.77,7.0,22,71,1,8,79,138000,1,1,1.0,1,4110.0,117890.0,631.0,-5998.43994,28629.88,103401.0,69.0,25,24372.0,74636.1,157049.0,5,108,36129.0,125934.89,48122.0,2,2,24573.0,Y,2136.51,current,M,34,LOW,9.8,5,424.0,0,7.0
12620,389,15262.0,29407.74,28530.86,2413.63,2223.6,12626.0,1361.0,8.0,71,60,53,3,17,290000,1,1,1.0,1,32951.25,267421.4,8417.0,20513.0,191828.29,27876.23,62.0,2,66346.0,52180.0,53243.0,50,171,35467.0,60915.47,16174.0,7,18,40581.0,Y,91.76,current,M,38,MEDIUM,14.4,4,628.0,1,5.0
12621,9410,20072.0,14769.71,4037.51,869.0,1544.75,44976.0,11070.0,2.0,23,6,4,17,11,426000,1,1,1.0,1,825.0,86000.0,851.0,4314.0,30189.25,48144.0,40.0,0,53665.0,105635.51,33591.26,3,8,23873.0,100554.39,198513.84,3,65,58686.0,Y,613.27,current,M,47,MEDIUM,21.6,8,249.0,1,12.0
12622,11721,18502.0,5900.24,8525.0,1030.0,1509.0,13928.0,221.0,5.0,10,7,17,6,8,391000,1,1,1.0,1,2008232.55,74599.9,19400.0,9415.0,46083.65,113546.0,32.0,13,10722.0,25499.75,32422.0,42,7,25014.0,30938.5,62803.0,49,49,470.0,Y,4354.14,current,M,28,MEDIUM,6.4,1,858.0,1,17.0
12623,4135,212869.0,121960.0,21248.99,15592.0,11615.93,5587.43,25250.0,56.0,23,27,2,17,17,480000,1,1,1.0,1,497317.93,248710.0,34550.0,4856.0,24507.87,71377.78,46.0,35,21687.0,103627.75,50589.0,2,171,40579.0,36003.14,56440.4,5,103,8548.0,Y,9283.21,current,M,56,MEDIUM,28.8,2,351.0,0,15.0
12624,7002,14436.0,4398.35,7932.09,3426.58,9085.0,17297.0,6109.0,6.0,26,29,4,3,7,453000,1,1,1.0,1,199690.5,237365.38,2019.0,0.0,30340.0,18049.0,24.0,7,24193.0,4120.0,16297.0,2,11,46466.0,13236.06,31382.0,4,11,10650.0,Y,39834.02,current,M,46,LOW,5.2,6,647.0,1,4.0
12625,16282,4140.0,4220.55,1957.0,12848.04,6657.97,5766.0,12335.3,57.0,71,74,1,31,4,576000,1,1,1.0,1,3638.25,470000.0,536.0,4889.0,160336.7,27421.0,90.0,17,18330.0,98270.84,85529.0,1,7,46098.0,36803.72,30189.0,9,79,73305.48,Y,1701.97,current,M,47,MEDIUM,2.7,10,809.0,1,16.0
12626,6508,18452.0,7750.0,7716.0,2815.5,7695.0,1275.36,944.0,4.0,6,61,1,1,3,461000,1,1,1.0,1,105750.0,134890.0,3570.0,1500.0,84639.86,20093.0,8.0,33,53241.0,25854.0,81623.5,11,14,63320.0,191784.8,25366.0,4,3,19317.0,Y,5208.25,current,M,40,MEDIUM,2.0,5,372.0,1,13.0
12627,17290,205862.0,37786.28,3663.0,3959.5,7331.0,480.0,3717.0,18.0,3,30,4,1,2,125000,1,1,1.0,1,251938.45,22400.0,16114.0,1465.0,183930.29,241057.0,4.0,43,36500.0,22655.44,38387.0,1,12,35552.0,65781.25,27636.5,58,107,40048.0,Y,13907.56,current,M,27,MEDIUM,6.300000000000001,3,743.0,1,18.0
12628,8648,1285.0,6834.52,572.52,8051.0,10397.78,1309.0,26624.0,66.0,77,4,5,1,2,74100,1,1,1.0,1,68908.5,82907.34,38599.0,6885.0,82353.93,38742.0,23.0,2,50922.0,13509.0,370684.0,3,108,24734.0,240700.85,53736.0,6,76,45889.0,Y,14643.69,current,M,62,LOW,8.4,10,801.0,1,9.0
12629,10549,97671.0,15366.0,6460.0,807.03,439.98,22702.0,17570.22,12.0,4,27,57,4,1,80000,1,1,1.0,1,29424.37,273221.0,4367.0,-3506.17993,23085.0,53507.14,70.0,23,1089.0,96981.94,57535.0,2,4,16560.0,20113.5,27216.0,94,52,35999.0,Y,32868.59,saving,M,47,MEDIUM,16.2,4,537.0,1,11.0
12630,19327,836.0,3994.87,5415.0,13629.85,5416.4,5618.75,2555.3,57.0,18,47,2,6,34,240000,1,1,1.0,1,937.0,17000.0,13873.0,-4664.0,33734.0,200494.54,55.0,1,42938.19,98080.65,79388.9,2,20,27612.0,46126.0,4641.0,7,24,50216.0,Y,36662.31,saving,M,28,MEDIUM,5.6000000000000005,6,836.0,1,19.0
12631,12151,10550.0,6607.5,6990.5,3561.95,618.0,7983.42,629.0,60.0,16,19,1,16,4,327000,1,1,1.0,1,160.2,150410.0,579.0,-4679.0,64308.37,47800.88,10.0,2,15874.0,20716.35,299901.0,47,171,23490.0,11884.54,90798.0,19,39,23352.0,Y,5968.39,current,M,30,MEDIUM,1.0,1,503.0,1,7.0
12632,323,7325.0,4211.76,5802.0,4093.27,12848.0,8311.0,17737.5,7.0,56,71,54,14,16,353000,1,1,1.0,1,98062.5,157000.0,130000.0,-5998.43994,103519.53,20030.0,40.0,36,43493.0,13716.24,55868.0,3,5,12313.0,61403.51,40217.19,5,24,22806.0,Y,2336.31,current,M,32,MEDIUM,6.0,6,836.0,0,2.0
12633,11384,19367.0,11822.43,5014.0,18011.0,1109.0,28309.01,1789.0,6.0,7,44,20,3,31,167000,1,1,1.0,1,250631.8,429273.4,508.0,3735.0,34481.65,75875.0,11.0,35,35146.0,25739.17,154859.0,4,63,60452.0,28746.25,31868.5,13,72,23602.0,Y,2058.3,current,M,44,MEDIUM,4.800000000000001,10,653.0,1,19.0
12634,10160,406502.0,12220.41,1420.0,3550.17,364.0,8724.425,3053.62,8.0,23,50,4,4,54,267000,1,1,1.0,1,6558.8,100934.0,126001.0,8572.0,26412.48,33439.0,16.0,3,228121.0,85631.28,31316.0,2,25,20369.0,26525.0,59507.56,49,79,19074.0,Y,2118.62,current,M,47,LOW,2.7,10,883.0,1,2.0
12635,1924,7499.0,7308.805,9797.0,21387.49,4561.32,3968.0,1010.0,44.0,29,50,52,7,1,193730,1,1,1.0,1,94493.75,58473.56,2019.0,-5715.49022999999,15107.0,377549.0,39.0,3,23881.0,35527.13,15660.0,5,5,20809.0,36829.39,10316.0,3,50,17078.0,Y,169.0,saving,M,47,MEDIUM,21.6,5,516.0,1,19.0
12636,13859,30695.0,26598.64,1060.36,5723.0,450.0,11365.105,21126.0,29.0,26,27,2,15,5,49999,1,1,1.0,1,4941.45,93.35,15654.0,6916.0,28452.36,43391.0,8.0,26,26096.0,23882.53,23387.0,17,20,128559.0,19556.01,34728.5,10,7,38578.0,Y,16635.19,current,M,29,HIGH,4.5,10,537.0,1,7.0
12637,14944,11233.0,54839.51,23561.21,1482.23,13997.0,468.4,4732.0,7.0,3,84,57,9,42,212500,1,1,1.0,1,1500.0,106398.0,2841.0,-3053.0,34718.73,83878.0,69.0,17,36540.0,54177.26,22325.0,11,81,13546.0,48761.75,58035.01,7,73,189147.0,Y,668.79,saving,M,53,MEDIUM,33.0,9,314.0,0,11.0
12638,15218,1029.0,4976.92,23902.24,56590.03,119.0,6507.0,7001.0,9.0,32,72,1,3,37,371000,1,1,1.0,1,46730.2,159415.3,98472.0,553.0,38958.32,72527.31,67.0,36,29907.0,32419.65,85982.0,2,171,18235.0,35478.08,72659.0,1,11,31300.0,Y,212.53,saving,M,34,MEDIUM,4.2,8,805.0,0,13.0
12639,19495,8514.0,23055.0,3349.18,10415.69,2491.44,1540.0,413.0,26.0,1,5,2,5,98,369000,1,1,1.0,1,1497586.08,79828.0,565.0,-6301.0,41982.09,10862.41,89.0,4,13482.0,58604.75,172268.0,1,7,1199.0,32500.85,53766.25,62,65,16634.0,Y,866.93,current,M,60,MEDIUM,28.0,2,743.0,0,14.0
12640,16608,2495.0,1748.97,3899.0,7329.42,4826.0,930.04,622.59,12.0,19,74,1,18,62,44000,1,1,1.0,1,825.0,3084.5,50000.0,10455.0,61259.64,96167.0,77.0,2,166838.0,21613.07,11386.0,70,4,103500.0,47356.52,47938.56,3,32,21675.0,Y,9160.41,current,M,66,LOW,23.0,8,424.0,0,9.0
12641,3012,177947.0,4642.0,12408.0,2233.93,2337.15,686.0,5279.61,12.0,4,35,24,18,56,114000,1,1,1.0,1,684495.7,116533.0,68000.0,4512.0,20714.0,328939.0,18.0,3,17197.0,27205.21,29198.0,2,171,20235.0,24739.89,1676.0,2,83,563445.0,Y,727.33,current,M,32,MEDIUM,4.800000000000001,5,538.0,1,9.0
12642,3589,16360.0,8251.49,39739.0,1065.0,963.24,8877.0,2897.0,4.0,26,4,11,4,56,143000,1,1,1.0,1,510.6,95081.0,68000.0,-6885.0,88309.73,32708.68,52.0,36,225.0,33161.14,59151.0,4,20,11775.0,29386.07,189980.0,3,80,31471.0,Y,22219.32,current,F,62,MEDIUM,37.800000000000004,8,818.0,0,13.0
12643,16271,5292.0,5961.445,219.0,3274.54,4783.08,11365.105,2007.0,4.0,23,87,53,6,3,523000,1,1,1.0,1,15250.79,46500.0,49975.0,-5998.43994,593299.76,5054.0,11.0,14,101475.0,197449.29,225.84,1,5,336405.0,137080.87,58934.63,2,13,80358.0,Y,7984.41,saving,M,64,MEDIUM,30.8,1,554.0,0,2.0
12644,18390,4379.0,94673.52,8229.02,27050.46,15533.0,17654.195,1437.0,2.0,43,112,3,1,8,100000,1,1,1.0,1,2014.8,186474.96,12000.0,10210.0,44227.5,35137.0,91.0,13,10736.0,48707.15,35434.72,9,7,32645.28,84135.45,53764.0,3,50,93600.0,Y,580.39,current,M,53,MEDIUM,16.5,2,244.0,1,14.0
12645,13823,6800.0,13512.0,12199.47,16844.43,1392.0,20132.245,863.0,63.0,23,117,2,23,34,198000,1,1,1.0,1,73010.0,144025.0,787.0,-5439.0,37379.53,167674.0,11.0,26,35629.0,30986.78,36354.23,1,1,52055.0,674996.52,59882.0,3,73,58236.0,Y,10795.66,current,M,42,MEDIUM,4.4,1,713.0,1,8.0
12646,3797,9130.0,5994.35,1058.28,21060.0,11163.64,5285.0,9928.8,12.0,9,11,25,17,34,272000,1,1,1.0,1,137260.8,38173.0,105000.0,0.0,80192.36,111117.0,42.0,2,9623.0,56044.75,69594.0,2,25,129842.0,14780.52,160302.0,6,8,65799.0,Y,1640.92,current,M,40,LOW,6.0,2,801.0,1,8.0
12647,12798,174178.0,32679.34,5440.2,9244.96,2191.0,2791.21,7199.0,60.0,99,89,2,51,4,341000,1,1,1.0,1,3247.5,11772.76,15654.0,2921.0,75395.5,68910.41,1.0,2,90572.0,31033.06,536000.0,5,8,1043.76,2842.5,10183.0,3,13,23603.8,Y,4843.28,current,M,56,LOW,21.6,6,748.0,1,11.0
12648,19479,215635.0,35615.25,3962.0,5365.84,703.0,6116.355,15647.48,1.0,23,64,57,15,47,302000,1,1,1.0,1,1466675.0,43397.0,248000.0,-4664.0,24174.65,80032.0,1.0,1,35606.0,53437.15,70680.0,45,7,36000.0,11803.02,38503.0,2,0,117588.0,Y,3220.7,saving,M,39,LOW,11.4,1,914.0,1,17.0
12649,14008,5820.0,34896.1,707.01,1209.0,7113.77,7467.0,1292.95,7.0,5,17,5,55,75,315000,1,1,1.0,1,165907.57,229809.2,2156.0,418.0,46996.29,740.0,55.0,33,2150.0,351288.99,76475.0,9,2,175750.0,16086.0,25658.99,8,103,20947.0,Y,963.72,saving,M,37,LOW,6.800000000000001,6,656.0,0,16.0
12650,1320,15394.0,18889.2,38099.0,3378.65,15250.81,4983.17,3011.52,6.0,6,60,11,31,47,47000,1,1,1.0,1,16317860.0,2625.16,631.0,3897.0,72310.41,37346.58,7.0,3,28268.0,40006.59,49325.94,1,17,25068.0,44255.62,99914.61,3,32,32132.0,Y,2823.36,current,M,33,MEDIUM,1.3,6,537.0,1,6.0
12651,11905,10333.0,15461.84,399.0,19904.5,2810.0,34328.2,2327.0,6.0,5,87,3,7,81,178000,1,1,1.0,1,7089.7,46500.0,61903.0,5340.0,3308.38,111489.59,18.0,13,44354.0,136063.14,15481.0,43,81,27167.0,16454.0,154100.0,62,11,65.0,Y,1283.11,current,F,32,MEDIUM,6.0,8,966.0,1,4.0
12652,6154,207836.0,47440.3,2651.0,17583.78,4002.77,11474.0,2187.0,12.0,14,49,4,4,70,232000,1,1,1.0,1,5210.85,138732.3,130000.0,6885.0,24744.88,48462.0,46.0,4,617059.0,22639.0,87375.0,11,20,214495.0,58662.53,7332.0,12,75,21133.25,Y,13991.02,current,M,35,MEDIUM,13.5,9,269.0,1,13.0
12653,11072,3847.0,13888.0,3455.09,7039.0,3128.0,16046.7,2285.68,136.0,50,2,1,3,53,293000,1,1,1.0,1,166331.66,455873.9,56305.0,5773.0,78529.25,46505.0,4.0,26,100774.0,46161.0,30227.0,9,8,16470.0,100355.25,53282.0,2,13,27758.0,Y,668.79,current,M,47,MEDIUM,18.900000000000002,3,809.0,1,20.0
12654,18397,6311.0,7423.99,3327.8,1136.71,4817.38,40269.08,3906.69,18.0,66,53,8,9,3,112000,1,1,1.0,1,370776.0,82907.34,20887.0,-6281.37987999999,57568.29,22183.5,3.0,5,24848.0,51124.0,70598.0,2,50,63426.0,63810.67,706.15,117,22,34022.0,Y,1606.22,current,F,53,MEDIUM,9.9,9,464.0,0,10.0
12655,727,13904.0,1853.07,10039.0,4273.31,5430.58,3841.0,4103.19,3.0,6,13,42,2,31,13000,1,1,1.0,1,5215.0,76365.24,4000.0,20324.0,22353.55,587100.0,32.0,1,11080.0,129905.0,24897.0,1,8,158592.0,249300.49,23209.0,7,12,45767.0,Y,20.1,saving,M,120,MEDIUM,50.0,4,519.0,1,2.0
12656,3865,214.0,9382.21,3201.0,18251.98,11296.0,3049.42,426.0,531.0,2,82,35,2,5,139999,1,1,1.0,1,13279.75,64491.0,183999.0,-5998.43994,5810.83,27033.0,10.0,2,3112.0,25325.79,6260.0,1,20,26172.0,183852.99,30575.58,12,35,83069.0,Y,9432.9,current,M,37,MEDIUM,15.3,7,814.0,1,15.0
12657,6528,8215.0,3628.5,6814.0,6645.64,4859.19,3654.0,2555.3,32.0,60,67,20,1,4,53000,1,1,1.0,1,127004.3,170989.0,96558.0,5464.0,52607.66,148380.91,67.0,3,167127.0,90798.54,71193.0,6,20,83123.0,76622.71,52417.5,94,106,31638.0,Y,9492.98,current,M,37,LOW,3.4000000000000004,3,969.0,1,2.0
12658,8341,305407.0,17045.0,6359.0,39993.24,3182.0,4495.48,16255.0,7.0,46,3,20,4,39,267000,1,1,1.0,1,87526.1,190887.4,155205.0,5340.0,65040.56,646225.0,55.0,6,37231.0,85322.5,430494.86,7,82,281169.0,70245.5,11162.0,6,11,161338.0,Y,23029.76,current,M,39,MEDIUM,13.3,1,863.0,1,16.0
12659,10956,293311.0,2727.0,1766.77,8994.56,4574.0,16355.9,928.34,32.0,6,50,20,2,9,523000,1,1,1.0,1,3938.25,39833.19,4367.0,6885.0,28209.0,42882.0,42.0,1,15899.0,78796.95,69858.52,1,46,41500.0,90552.86,29613.0,8,18,48840.0,Y,47627.46,current,M,62,LOW,25.200000000000003,6,324.0,1,17.0
12660,19960,9487.0,3343.56,1405.09,6998.68,4410.0,52807.37,13780.0,12.0,10,3,42,25,5,67000,1,1,1.0,1,474401.25,506383.85,33774.0,167.0,33234.68,130702.0,4.0,19,50014.0,27814.0,40215.0,0,171,25662.0,30187.38,188484.0,2,32,15607.0,Y,1534.93,current,M,30,MEDIUM,10.0,2,771.0,1,16.0
12661,16076,16612.0,4656.59,9214.0,30284.29,48381.0,1082.5,1547.18,43.0,10,86,2,2,2,290000,1,1,1.0,1,165907.57,119451.0,25000.0,0.0,36631.25,3120.0,2.0,5,67355.0,91506.35,27039.0,23,8,18088.0,53380.31,276893.68,39,52,21814.0,Y,1492.11,saving,M,46,MEDIUM,23.400000000000002,5,914.0,1,13.0
12662,2382,4117.0,5939.52,683.48,5608.84,14963.37,2973.75,1888.0,56.0,13,7,1,1,17,565000,1,1,1.0,1,41441.27,2625.16,29542.0,1079.0,22087.25,130093.0,40.0,19,30457.0,2159.0,24901.0,7,24,37023.0,34751.0,21718.0,3,13,81767.0,Y,25690.25,current,F,47,MEDIUM,5.4,5,355.0,0,3.0
12663,2026,20002.0,19290.56,1224.0,99428.0,1588.41,48204.5,1660.0,26.0,36,87,5,4,30,373000,1,1,1.0,1,15961.9,101.24,27809.0,1079.0,63811.6,76790.5,42.0,26,57703.0,34787.0,21662.0,20,42,197993.98,202014.63,90076.0,5,73,22587.0,Y,24504.69,current,F,40,MEDIUM,2.0,5,748.0,1,7.0
12664,1602,15614.0,14210.48,922.9,4061.01,1939.0,934.04,3477.0,50.0,99,4,24,6,47,300000,1,1,1.0,1,46962.5,636413.11,56305.0,1500.0,39684.91,73.36,46.0,4,29062.0,20430.0,16917.15,35,50,245433.0,34404.25,107866.0,62,103,14563.0,Y,261.01,current,M,32,MEDIUM,3.6,8,536.0,1,20.0
12665,5531,28860.0,25243.21,1804.0,11710.0,12238.6,24939.85,16682.93,56.0,3,47,2,1,6,650000,1,1,1.0,1,130319.0,1425000.0,2019.0,1500.0,46268.86,56011.5,52.0,9,12871.0,135918.88,30158.0,11,20,130.0,35309.0,36312.91,4,79,14829.09,Y,5064.66,current,M,66,MEDIUM,46.0,9,512.0,1,9.0
12666,16806,14379.0,10248.0,5133.25,4390.6,2157.0,6406.66,2207.0,7.0,36,59,1,26,31,359000,1,1,1.0,1,13762.5,358480.64,2156.0,903.0,197694.72,76698.0,22.0,29,21110.0,56099.99,27890.24,3,11,31372.0,44512.11,31554.0,5,1,59480.0,Y,2823.36,saving,M,31,LOW,2.2,1,424.0,1,7.0
12667,18467,16873.0,2044.02,13760.0,10008.23,11974.77,1974.0,2976.5,1.0,36,4,1,8,77,483000,1,1,1.0,1,272677.25,21698.0,60000.0,5773.0,13308.58,119725.0,46.0,19,12924.0,76617.3,84213.0,11,21,53988.0,305110.15,79380.0,21,79,100691.0,Y,10378.8,current,F,46,MEDIUM,5.2,4,805.0,1,14.0
12668,17037,4549.0,6373.82,469.0,8420.96,18072.0,10052.0,1661.0,9.0,9,49,48,1,31,340000,1,1,1.0,1,449275.0,380000.0,1611.0,-5715.49022999999,90304.04,18134.0,18.0,36,78577.0,28412.37,166879.0,3,82,79028.0,27774.98,26102.28,2,13,35294.0,Y,44380.43,saving,M,44,MEDIUM,24.0,1,818.0,0,13.0
12669,1144,16709.0,163880.62,39125.0,3340.14,1705.0,24271.84,9034.01,56.0,5,4,1,4,26,350000,1,1,1.0,1,2533020.0,237365.38,583.0,2921.0,100904.0,255331.0,79.0,7,17541.0,18017.63,104967.88,1,70,25843.0,360347.95,5837.0,49,113,25453.0,Y,4379.58,current,M,62,MEDIUM,8.4,2,866.0,0,14.0
12670,19075,346932.0,20782.85,3524.0,8670.71,3904.0,4017.72,1045.0,29.0,83,11,62,4,20,371000,1,1,1.0,1,127004.3,400000.0,954.0,8572.0,104421.47,17049.0,11.0,35,17141.0,98988.53,223975.44,1,50,31278.0,35173.5,37360.29,3,32,15055.0,Y,25699.93,current,F,66,MEDIUM,36.800000000000004,3,723.0,0,3.0
12671,7261,2091.0,6426.61,19561.36,6654.0,2808.79,5921.945,20169.3,4.0,5,35,1,3,70,198000,1,1,1.0,1,1518.0,245000.0,583.0,167.0,32790.55,37201.0,62.0,3,79029.0,57165.99,42935.0,7,70,25377.0,63810.67,48895.0,2,36,144100.0,Y,2129.6,current,M,55,MEDIUM,35.0,6,966.0,0,3.0
12672,14484,5629.0,13078.99,1289.0,4711.4,4266.0,2043.0,38039.35,12.0,128,74,3,62,10,581000,1,1,1.0,1,1269.2,100934.0,2214.0,0.0,76710.29,65883.57,70.0,5,93880.0,40937.95,24452.0,1,70,53710.0,58287.64,52102.11,5,104,30354.0,Y,2291.21,current,M,47,MEDIUM,8.1,1,958.0,1,18.0
12673,15245,1124.0,633.5,36242.82,1120.0,4019.0,67476.0,1483.0,16.0,2,1,5,55,1,845000,1,1,1.0,1,291969.2,3084.5,694.0,1014.0,99273.77,25282.0,6.0,35,39099.0,12305.0,56136.0,10,7,15446.0,10828.7,30476.0,7,38,53389.0,Y,145336.51,saving,M,33,MEDIUM,3.9000000000000004,4,762.0,0,13.0
12674,13539,9057.0,2184.0,1491.0,63098.17,6744.0,8382.0,1355.05,26.0,42,6,2,3,47,595000,1,1,1.0,1,526.25,6.0,33774.0,-5998.43994,55415.2,22847.0,42.0,17,41103.0,13145.41,65039.0,1,44,42667.0,40377.0,30483.5,47,18,13786.81,Y,1218.63,current,M,28,MEDIUM,2.4000000000000004,5,771.0,0,14.0
12675,7707,638.0,2885.0,2150.01,6113.52,1744.4,19535.1,1401.0,60.0,23,6,30,9,4,548000,1,1,1.0,1,94127.1,64091.0,13533.0,167.0,22962.85,12751.0,46.0,9,151896.0,29957.96,112928.65,5,29,18894.0,37958.37,26544.0,62,100,41774.0,Y,6353.09,current,M,60,MEDIUM,32.0,6,488.0,1,8.0
12676,14652,14252.0,4492.19,883.8,10230.5,4758.1,6666.44,2282.0,24.0,56,87,2,7,42,28000,1,1,1.0,1,251938.45,360000.0,2644.0,277.0,26054.55,15646.0,42.0,36,225479.0,64405.18,176330.83,0,24,23107.0,77102.0,36718.0,117,7,23443.0,Y,3585.54,current,M,32,LOW,8.4,6,911.0,0,7.0
12677,4021,18415.0,27483.07,10816.08,21147.91,3628.25,5788.8,4016.0,19.0,99,72,18,1,6,104000,1,1,1.0,1,19265.4,254348.9,13873.0,-3506.17993,6983.0,99767.0,42.0,35,28250.0,15375.0,76552.0,2,44,13404.0,55954.28,225791.0,4,42,23667.0,Y,7644.63,saving,M,28,MEDIUM,2.4000000000000004,7,969.0,1,19.0
12678,11951,35288.0,5752.65,2791.19,6530.5,219.0,697.0,16532.0,1.0,1,14,1,55,79,402000,1,1,1.0,1,977377.25,180000.0,583.0,553.0,3268.67,95078.0,63.0,4,16161.0,12624.8,172994.89,71,18,43880.0,29264.75,22960.0,3,1,199567.0,Y,6922.63,current,M,44,HIGH,21.6,9,968.0,1,10.0
12679,19946,2887.0,4353.0,49690.0,5855.06,3760.0,11750.0,2179.98,4.0,3,62,45,27,55,28000,1,1,1.0,1,384550.05,280000.0,539.0,1332.0,174994.68,48854.0,69.0,4,34918.0,21816.71,60079.0,4,20,43589.0,302270.6,62924.0,2,103,53940.0,Y,8571.41,current,F,29,LOW,1.8,7,385.0,1,9.0
12680,16136,336823.0,1866.42,2812.0,1587.0,46021.0,4009.0,27822.0,8.0,10,47,7,4,58,256000,1,1,1.0,1,42460.6091,182359.2,631.0,-5942.0,88918.93,97647.0,9.0,3,218500.0,263122.89,77908.0,5,12,66.0,103219.4,90991.0,36,3,560469.0,Y,544.31,current,M,49,MEDIUM,26.1,9,647.0,1,4.0
12681,11144,12620.0,4079.99,326.0,31304.0,4880.0,7158.25,5288.54,6.0,66,67,2,51,9,369000,1,1,1.0,1,290735.6,197800.0,56305.0,-5942.0,7469.54,59473.0,35.0,2,14375.0,30803.35,35349.12,5,12,335197.0,25578.25,18423.0,3,12,29981.0,Y,18101.41,current,M,33,LOW,10.4,1,538.0,1,3.0
12682,14025,395602.0,26436.0,8256.05,19739.34,5215.09,2312.0,6084.99,6.0,4,4,1,56,1,34000,1,1,1.0,1,40440.4,106398.0,16215.0,2351.0,137731.5,2103.0,90.0,36,35439.0,118952.15,115263.25,4,6,28313.0,73230.5,75925.39,5,11,119657.0,Y,3869.91,current,M,39,MEDIUM,19.0,1,299.0,0,2.0
12683,11814,3948.0,9636.58,986.0,11782.98,3555.24,15798.0,11233.0,5.0,30,46,1,18,70,129000,1,1,1.0,1,3967.5,32714.0,16114.0,35346.0,55615.92,62925.1,43.0,4,68700.0,158598.05,18548.0,47,28,66196.0,15388.55,97612.0,9,7,17953.0,Y,10213.44,current,M,38,LOW,9.0,9,454.0,1,13.0
12684,13149,13547.0,43751.27,4685.0,239.0,11417.6,3389.265,1955.52,6.0,31,27,42,9,1,150000,1,1,1.0,1,95.0,65174.0,30071.0,3323.0,10157.0,40494.0,42.0,2,23317.0,20444.64,173945.0,45,171,39981.0,23416.5,60223.0,5,76,20862.0,Y,1098.14,saving,M,58,LOW,26.6,9,762.0,1,14.0
12685,18141,13188.0,2526.07,3791.28,1250.3,9187.0,11942.0,6069.0,33.0,19,10,50,1,2,340000,1,1,1.0,1,116.0,2436.91,3792.0,-4324.0,105113.39,137066.83,42.0,26,24193.0,73537.73,69971.0,9,26,16436.0,39518.01,128460.05,21,76,19646.0,Y,2661.69,saving,M,30,MEDIUM,6.0,7,762.0,0,5.0
12686,9495,15709.0,2617.8,3884.65,11229.53,8980.91,29410.0,4524.3,50.0,34,44,2,2,17,66000,1,1,1.0,1,24832.0,399.09,49975.0,1992.0,115775.84,139860.0,36.0,19,50782.0,27329.25,40911.0,5,81,63302.0,134535.93,26163.01,12,113,16197.0,Y,430.81,current,M,37,HIGH,15.3,10,760.0,1,20.0
12687,10066,10683.0,10119.0,922.0,3392.26,1087.39,2038.0,11737.0,4.0,23,10,8,5,12,75000,1,1,1.0,1,41441.27,237365.38,500718.0,12965.0,54210.25,66346.0,79.0,3,15344.0,51790.89,38211.38,3,9,102124.0,42267.0,148993.96,41,13,178274.0,Y,12427.7,current,F,55,MEDIUM,17.5,1,614.0,1,8.0
12688,1691,20351.0,6944.54,277.0,827.26,5282.0,7431.36,501.0,23.0,93,135,2,21,13,373000,1,1,1.0,1,130319.0,237365.38,11379.0,2351.0,31864.25,144898.0,3.0,26,337.0,54505.01,2437.0,2,30,39385.0,5032.79,37542.5,36,83,21934.0,Y,5658.92,current,M,33,LOW,13.0,8,743.0,1,2.0
12689,4752,129897.0,961.52,9760.0,6843.0,2544.52,424.06,1873.0,25.0,10,5,1,2,1,263000,1,1,1.0,1,17377.25,385218.7,678.0,0.0,178679.0,50742.0,4.0,3,31515.0,27043.67,40334.0,1,20,43140.0,21369.46,50330.0,4,49,8950.0,Y,1582.33,saving,M,29,MEDIUM,5.4,2,330.0,1,2.0
12690,7751,344532.0,6554.5,8203.07,85730.73,6955.0,6161.0,15273.0,8.0,99,13,2,9,56,471000,1,1,1.0,1,1581000.0,244113.72,768.0,20513.0,51772.5,20413.0,38.0,4,47364.0,213.52,83244.86,31,2,67960.0,92946.15,9926.0,12,32,53513.0,Y,7607.69,current,M,35,MEDIUM,12.0,1,536.0,1,9.0
12691,15012,9225.0,5181.7,21787.0,31903.2,782.85,707.52,62.0,26.0,3,82,50,27,80,579000,1,1,1.0,1,5809950.0,241529.77,1727.0,9415.0,41970.25,57175.0,57.0,4,34827.0,20411.45,495206.0,3,105,29375.0,4181.3,225791.0,43,83,39930.0,Y,10003.87,current,M,29,MEDIUM,1.8,2,683.0,1,12.0
12692,3644,5065.0,6197.03,1443.9,4494.0,2406.0,16869.625,5470.0,6.0,27,78,21,1,13,199999,1,1,1.0,1,10562.45,1155000.0,15756.0,-6885.0,35451.41,109536.0,4.0,6,82126.0,117393.12,46022.0,1,82,33901.0,7934.0,25398.5,3,6,15809.0,Y,2287.14,saving,M,33,LOW,1.3,9,628.0,0,12.0
12693,3997,18485.0,69739.0,1804.0,2420.0,2503.0,8465.485,597.0,6.0,4,20,4,1,54,402000,1,1,1.0,1,111.4,1187335.5,28985.0,-5998.43994,224762.0,13156.0,32.0,4,295000.0,44616.26,52175.0,47,8,27850.0,23536.51,45424.0,2,12,1912.0,Y,82117.01,current,M,39,LOW,13.3,6,426.0,0,13.0
12694,13660,207002.0,33477.0,31273.0,24948.0,2191.0,3040.41,9199.0,2.0,22,59,2,44,58,188000,1,1,1.0,1,130319.0,25172.0,50000.0,553.0,10135.0,36176.0,18.0,0,27900.0,137.03,173583.0,1,21,21110.0,837599.49,16905.0,12,1,40604.0,Y,16391.71,current,F,33,MEDIUM,6.5,4,911.0,0,3.0
12695,9235,1960.0,13300.49,383.3,1585.4,2053.0,16564.83,937.0,57.0,18,5,2,51,1,327000,1,1,1.0,1,47936.43,180000.0,33774.0,26601.0,76699.08,805.0,63.0,5,84.0,83530.81,20327.5,9,171,22319.0,25470.66,44984.0,3,24,128600.95,Y,676.06,current,M,34,MEDIUM,2.8000000000000003,10,505.0,1,14.0
12696,12996,5026.0,23278.92,12980.0,9535.24,54538.0,4844.0,1729.0,3.0,6,35,10,25,81,390000,1,1,1.0,1,31454.1,680956.4,891.0,12174.0,26943.0,110796.0,40.0,7,31623.0,18270.47,47538.32,1,11,182646.0,40259.0,30971.0,22,18,20753.0,Y,238.75,current,F,58,MEDIUM,3.8000000000000003,6,525.0,1,9.0
12697,1685,17446.0,1153.7,15449.34,5282.95,5560.0,4165.52,4368.74,15.0,34,3,8,2,3,581000,1,1,1.0,1,293418.75,25404.0,6100.0,5350.0,58566.87,262395.0,10.0,30,37548.0,110326.15,57517.0,3,44,104784.0,37739.68,6394.0,58,32,25947.0,Y,2903.23,current,F,33,MEDIUM,7.800000000000001,6,265.0,0,18.0
12698,15111,1696.0,4412.84,1173.0,5287.0,1581.4,17360.0,3184.0,80.0,18,5,10,12,54,270000,1,1,1.0,1,825.0,655638.0,2841.0,5730.0,39240.28,10066.0,103.0,2,21769.0,1154.0,43221.0,4,89,15267.0,46018.0,30414.37,6,24,67440.0,Y,14335.3,current,M,36,MEDIUM,14.4,7,370.0,1,14.0
12699,11596,4165.0,3667.7,5554.0,7719.98,29664.0,19448.67,8635.0,2.0,77,6,3,2,26,17000,1,1,1.0,1,105453.65,506383.85,50000.0,3897.0,5752.08,91249.0,67.0,3,15207.0,11887.0,95102.0,2,171,63302.0,60095.0,255077.0,14,11,21719.0,Y,1237.82,current,M,63,LOW,25.8,2,887.0,0,7.0
12700,17814,18474.0,2472.0,23119.0,17951.62,4008.39,42362.7,11886.0,101.0,61,27,5,1,10,120500,1,1,1.0,1,942327.7,169779.0,54101.0,6916.0,41847.19,15864.05,11.0,31,28822.0,352.0,69636.0,31,171,33237.0,175063.42,13260.0,5,21,15490.35,Y,1748.28,current,M,35,MEDIUM,4.5,10,867.0,1,5.0
12701,7745,4003.0,3349.68,3503.05,12607.95,249.0,3233.0,12468.2,8.0,47,135,1,6,98,300000,1,1,1.0,1,161704.0,2400000.0,925.0,2337.0,37157.89,4120.0,52.0,43,39250.0,91850.24,53685.0,6,26,117144.0,23655.1,120035.0,4,32,58485.0,Y,2848.76,saving,M,30,MEDIUM,7.0,5,743.0,1,11.0
12702,13849,95961.0,36932.0,12404.0,3731.53,1229.0,5179.0,103639.0,12.0,14,8,1,6,58,240000,1,1,1.0,1,2014.8,3651922.3,24094.0,6916.0,2536.8,36154.5,55.0,4,33868.07,31162.54,7076.87,3,11,27426.0,138085.5,16046.0,49,3,77800.0,Y,15466.68,current,M,36,LOW,4.800000000000001,9,836.0,1,17.0
12703,10332,6694.0,5621.64,4686.0,11204.05,5215.09,3829.96,24190.82,5.0,3,50,5,25,80,170000,1,1,1.0,1,13762.5,134000.0,11545.0,12415.0,282340.42,79426.0,35.0,3,23895.0,89814.49,75125.36,2,82,35115.0,35869.63,91512.11,4,6,16750.0,Y,11431.31,current,M,25,LOW,3.0,10,710.0,0,18.0
12704,18284,5740.0,42523.85,15551.34,7884.48,18915.0,17201.515,24190.82,7.0,1,50,4,2,39,147000,1,1,1.0,1,165907.57,76365.24,14904.0,-5998.43994,200098.68,108586.02,46.0,19,32790.74,202498.19,16431.0,0,6,15458.0,4197.0,10164.0,8,36,60477.0,Y,19931.0,current,M,60,LOW,8.0,3,658.0,0,4.0
12705,10674,708.0,11887.0,4095.0,2055.82,3400.0,10885.0,6833.0,5.0,36,23,1,3,3,17000,1,1,1.0,1,23669.0,80489.0,1209.0,-4664.0,141599.25,45014.0,90.0,4,117591.0,69072.68,186151.26,12,27,52636.0,48760.77,36041.0,36,10,1340.0,Y,13511.62,current,M,33,MEDIUM,5.2,1,243.0,0,15.0
12706,5296,12355.0,3812.0,1254.0,3085.19,10735.05,16700.23,7898.0,28.0,11,7,1,1,7,304000,1,1,1.0,1,111.0,25404.0,583.0,3421.0,85669.13,35386.0,46.0,1,18603.0,67393.25,13640.0,4,2,15376.0,85326.34,20963.0,6,12,106000.0,Y,350.35,current,F,55,HIGH,35.0,8,351.0,0,17.0
12707,17130,11432.0,18134.0,1889.8,1487.35,4963.41,13605.0,3040.0,57.0,32,49,19,12,17,25000,1,1,1.0,1,99984.83,19000.0,2156.0,-3506.17993,76802.9,37498.2,69.0,1,36794.0,258215.22,33221.0,6,8,15990.0,1988.0,962.82,16,24,425.0,Y,145.71,current,M,33,MEDIUM,10.4,2,974.0,1,10.0
12708,7329,34195.0,57971.05,201544.79,1788.5,2982.0,11139.545,4139.0,28.0,18,17,24,44,1,34000,1,1,1.0,1,293418.75,182359.2,2156.0,5730.0,118985.25,32480.37,27.0,26,72449.63,139296.78,16557.0,2,63,3090.0,42991.03,16905.0,41,58,30588.0,Y,9862.84,current,F,220,MEDIUM,120.0,4,799.0,1,9.0
12709,14130,15852.0,9938.77,2493.04,4026.23,4941.76,399.5,3013.0,25.0,93,18,4,15,79,147000,1,1,1.0,1,10535967.5,610000.0,8417.0,6885.0,49089.17,46255.0,70.0,4,5175.0,42607.35,96183.0,2,17,39897.0,65411.5,102657.5,12,52,27986.0,Y,16927.93,current,M,33,MEDIUM,7.800000000000001,5,723.0,0,15.0
12710,19658,37084.0,21633.05,30757.5,40420.0,59735.78,3384.1,1625.0,57.0,13,29,39,25,2,378000,1,1,1.0,1,449.01,43397.0,25000.0,2351.0,46228.04,82474.91,147.0,2,53610.0,119470.04,22789.0,6,13,32940.0,39235.75,14031.0,94,106,151163.0,Y,602.7,current,M,53,LOW,3.3000000000000003,2,466.0,1,19.0
12711,7690,3175.0,1183.63,4281.1,29036.91,1500.65,11418.63,1774.84,136.0,77,85,1,1,54,125000,1,1,1.0,1,10008.0,40000.0,24619.0,1444.0,21131.25,1918.0,39.0,26,23528.0,224060.02,50116.0,2,82,52880.0,40792.63,20535.0,38,57,10274.0,Y,118315.93,current,M,40,MEDIUM,12.0,2,535.0,1,11.0
12712,15759,8715.0,3670.35,1200.9,69148.0,1227.1,589.0,1381.0,12.0,23,23,7,9,55,650000,1,1,1.0,1,1112.4,211406.19,583.0,2351.0,117809.6,144107.0,12.0,1,29200.0,48230.35,30220.0,1,7,30192.0,123981.77,18789.0,94,12,15885.0,Y,3544.7,current,M,62,MEDIUM,25.200000000000003,4,386.0,1,15.0
12713,13430,11221.0,47839.08,1684.96,9634.0,2337.15,9941.61,815.0,92.0,3,135,42,3,16,74100,1,1,1.0,1,825.0,326326.9,14754.0,1332.0,86032.47,45315.74,147.0,7,68896.0,12240.0,24481.0,8,49,106533.0,16567.64,55000.25,6,103,20270.0,Y,510.02,current,M,69,HIGH,24.5,7,324.0,1,16.0
12714,1545,19102.0,46075.8,12071.25,9996.0,5650.52,6889.3,658.0,5.0,77,49,62,9,2,302000,1,1,1.0,1,328504.5,58473.56,24250.0,-5998.43994,54999.93,76811.77,36.0,36,15263.0,27190.18,321517.0,7,11,95733.0,74206.89,71105.08,40,1,15002.0,Y,98.25,current,M,34,MEDIUM,2.8000000000000003,8,812.0,1,13.0
12715,17077,30.0,815.0,22853.0,19486.5,13997.0,17416.0,1885.0,25.0,29,60,42,55,8,505000,1,1,1.0,1,12.19,39833.19,50000.0,0.0,17226.88,6726.0,69.0,4,53025.0,85366.39,20353.0,3,4,1666.61,66931.2,51600.6,3,17,35108.0,Y,2571.43,current,M,35,LOW,10.5,8,354.0,1,11.0
12716,6547,7038.0,18824.68,1720.5,3559.26,453.72,66170.0,1897.0,19.0,66,7,1,4,86,202500,1,1,1.0,1,9751.5,152664.0,1001.0,2337.0,302970.73,764.0,46.0,1,16211.0,31084.13,58080.5,0,13,34248.0,163755.17,315309.0,47,49,31727.0,Y,3040.45,saving,F,36,HIGH,6.4,5,395.0,1,12.0
12717,13081,13733.0,2491.26,26648.45,16017.48,5861.0,3391.0,13372.36,1.0,5,3,1,62,7,169000,1,1,1.0,1,10535967.5,108145.0,3000.0,1465.0,54347.36,54673.0,1.0,4,26064.0,64155.64,34551.0,0,78,31740.0,45955.27,41321.0,47,83,15771.0,Y,38698.74,current,M,34,MEDIUM,8.4,6,748.0,1,14.0
12718,2412,4332.0,2293.42,1246.0,110947.78,1653.0,33316.37,326.0,6.0,2,49,4,1,1,102000,1,1,1.0,1,21220.0,118983.0,57899.0,5464.0,30855.74,11587.0,5.0,3,56575.08,34294.28,137508.0,2,8,27167.0,22917.16,42185.0,40,1,69950.0,Y,1432.88,current,M,30,MEDIUM,9.0,9,523.0,1,2.0
12719,7958,8496.0,10300.0,980.44,17818.89,2971.0,1998.74,3933.34,44.0,10,6,1,9,16,27000,1,1,1.0,1,2002.36,165000.0,183999.0,6441.0,36322.37,438.41,11.0,30,128674.0,22184.5,62909.0,31,17,23247.0,25763.11,22025.1,12,14,17579.0,Y,286.67,current,F,222,MEDIUM,20.200000000000003,5,385.0,1,9.0
12720,9728,14824.0,1321.17,5424.0,40141.87,28373.0,786.0,11821.0,5.0,93,14,42,26,1,845000,1,1,1.0,1,942327.7,157624.24,1611.0,5439.0,51799.93,125071.0,72.0,19,18435.0,81675.88,27322.56,1,78,202639.0,40049.53,32289.0,4,12,105995.0,Y,5823.66,current,F,40,MEDIUM,6.0,2,247.0,1,3.0
12721,15567,222135.0,38460.93,1645.55,234679.55,1707.04,13463.1,2935.0,6.0,50,44,4,2,79,114000,1,1,1.0,1,23221.65,335948.0,23500.0,2008.0,66113.98,132253.0,10.0,1,17757.0,5887.53,112877.5,43,6,57356.0,34565.81,44240.0,2,103,195757.0,Y,752.32,current,M,53,MEDIUM,3.3000000000000003,2,537.0,1,3.0
12722,9309,322260.0,11896.66,10720.0,5565.06,4794.27,2980.72,842.0,63.0,66,89,60,2,80,528000,1,1,1.0,1,2135000.0,100000.0,49975.0,1079.0,30548.61,26203.0,42.0,1,554490.0,14611.01,112326.0,6,70,44338.96,69521.75,20683.0,6,65,23589.0,Y,3421.97,current,M,28,MEDIUM,6.4,10,558.0,1,8.0
12723,2494,2933.0,20794.25,3247.0,24549.18,1662.0,4534.73,1107.65,531.0,20,16,5,9,31,375000,1,1,1.0,1,684495.7,120000.0,4895.0,2351.0,199.37,47356.0,5.0,1,38344.0,166698.12,26755.91,50,8,16753.0,28593.5,25612.01,49,133,140329.0,Y,2829.86,current,M,35,MEDIUM,6.0,1,801.0,1,8.0
12724,11320,39261.0,12090.68,23505.0,892.86,3392.25,16142.0,1426.0,531.0,2,46,5,2,79,112000,1,1,1.0,1,4720.0,79828.0,2644.0,2921.0,62313.75,76782.0,90.0,35,42304.0,8408.0,28911.58,1,16,35083.0,18895.88,34394.0,6,22,7000.0,Y,7644.63,current,M,37,MEDIUM,10.200000000000001,10,535.0,1,12.0
12725,5949,5816.0,12577.0,1730.0,238.94,6085.0,3244.0,23270.0,44.0,19,46,62,6,2,100000,1,1,1.0,1,1895.04,68663.61,2841.0,5730.0,27174.0,20214.0,12.0,19,33970.0,56006.5,52178.0,2,24,98245.0,105447.0,17394.0,47,104,40.0,Y,16320.52,current,M,42,LOW,17.6,5,771.0,0,2.0
12726,595,15530.0,2288.15,14851.0,774.0,20531.0,4267.35,903.0,6.0,17,67,82,1,10,371000,1,1,1.0,1,4941.45,31871.49,56184.0,20790.0,45072.86,30281.0,23.0,3,26954.0,35527.13,100170.0,6,86,62270.0,152825.19,53299.0,14,76,19583.0,Y,26842.33,saving,M,33,LOW,3.9000000000000004,6,924.0,1,9.0
12727,19755,124744.0,3908.67,10190.9,7639.0,1675.21,14514.17,728.75,10.0,99,6,20,4,17,303000,1,1,1.0,1,10535967.5,235.17,78309.0,24326.0,49959.51,16158.0,18.0,2,162000.0,41830.0,29703.0,5,4,124871.0,107364.99,69821.0,39,73,503.0,Y,2681.7,current,M,30,MEDIUM,9.0,2,708.0,1,9.0
12728,7726,5157.0,11635.63,1912.35,5391.0,5825.28,5580.04,533.0,14.0,99,30,1,2,42,143000,1,1,1.0,1,291969.2,143000.0,15477.0,-5998.43994,54160.32,91580.0,55.0,43,35200.0,21003.33,71128.0,43,14,17886.0,26914.14,439869.59,8,11,22108.0,Y,6942.94,current,M,34,MEDIUM,4.2,1,249.0,1,18.0
12729,4042,17204.0,29893.0,5311.0,27641.64,9447.93,19109.0,4893.0,25.0,42,71,18,55,1,263000,1,1,1.0,1,41883.6,13299.0,49000.0,6409.0,28498.28,95007.0,11.0,17,35686.0,84495.68,87799.0,7,82,33176.0,50702.0,40066.0,5,63,25830.0,Y,7023.02,current,M,60,HIGH,8.0,2,614.0,1,10.0
12730,6664,326084.0,1627.755,2008.69,48501.37,64406.87,15259.0,25269.0,14.0,17,3,17,2,54,263000,1,1,1.0,1,13668.25,33668.0,155205.0,7478.0,109157.8,72100.0,16.0,7,24366.0,35034.31,16910.0,4,82,98066.0,46038.33,59686.75,4,61,21508.63,Y,10906.5,current,F,53,MEDIUM,29.700000000000003,3,454.0,0,7.0
12731,13965,275.0,13234.93,12404.0,14165.07,3447.0,29601.0,30020.0,7.0,22,1,3,3,30,329000,1,1,1.0,1,331.2,157000.0,3000.0,8723.0,87952.75,100163.87,8.0,14,47077.0,28916.0,145775.0,4,25,79654.0,2255.27,233290.0,94,14,20735.0,Y,2066.65,saving,F,55,MEDIUM,7.0,5,454.0,1,15.0
12732,9126,9526.0,4993.45,2825.28,8991.35,2800.37,10361.0,3081.0,44.0,5,7,18,6,10,147000,1,1,1.0,1,0.35,117890.0,48950.0,903.0,21559.88,51228.0,18.0,0,63470.0,22298.34,37091.0,2,35,40390.0,36803.72,31647.0,49,79,38470.0,Y,12163.45,current,M,55,MEDIUM,3.5,5,536.0,1,13.0
12733,706,5811.0,11877.63,210.0,11628.12,362.59,5948.025,5446.0,3.0,7,16,24,44,67,373000,1,1,1.0,1,2.13,1752254.0,1052.0,4856.0,43538.28,24909.46,11.0,13,28697.0,16537.6,570103.5,43,7,26879.0,46871.14,46254.0,4,3,14065.0,Y,694.83,current,F,66,MEDIUM,13.8,2,258.0,0,17.0
12734,17518,9914.0,6175.0,2813.0,9977.56,6945.87,13959.5,3531.0,43.0,67,73,41,14,5,525000,1,1,1.0,1,298492.0,32000.0,25524.0,5730.0,48140.88,90380.77,62.0,36,67067.0,27320.0,49153.0,6,59,26280.0,66232.65,410958.0,4,52,35207.0,Y,5057.21,current,M,53,LOW,29.700000000000003,1,249.0,1,20.0
12735,10128,16785.0,10308.04,1777.02,5217.43,2462.98,2470.0,6707.91,10.0,67,135,1,4,6,581000,1,1,1.0,1,154363.25,18000.0,492.0,1992.0,32237.6,94718.0,4.0,6,26302.0,7808.0,45439.0,8,70,35083.0,102986.07,74208.0,4,65,27538.0,Y,3848.67,current,M,46,LOW,13.0,2,655.0,1,17.0
12736,11900,341814.0,8560.02,2861.21,10913.43,5245.0,192.0,886.58,56.0,5,71,42,15,2,112000,1,1,1.0,1,165907.57,119831.0,48500.0,-6301.0,78116.14,54712.0,16.0,1,66900.0,38742.81,43680.0,2,108,4234.0,73086.75,4390.33,117,32,26273.0,Y,963.72,saving,M,49,LOW,26.1,9,683.0,1,20.0
12737,9283,112756.0,3913.36,1165.3,33230.3,1934.0,17033.61,9812.0,531.0,46,23,5,6,1,156000,1,1,1.0,1,137260.8,48087.25,8060.0,8723.0,304239.12,28028.0,3.0,2,53025.0,45332.5,22750.0,31,108,25150.0,34862.88,45479.4,21,133,21971.0,Y,4172.03,current,M,40,MEDIUM,2.0,6,249.0,1,7.0
12738,19275,16161.0,17971.0,2703.0,6008.61,10407.5,4940.0,2899.0,7.0,2,7,22,2,9,232000,1,1,1.0,1,6030.65,500000.0,3000.0,12163.0,147841.34,23357.0,11.0,1,88890.0,191577.0,43213.0,1,5,72000.0,517884.65,153848.0,36,7,25453.0,Y,902.96,current,M,35,LOW,4.5,2,537.0,1,17.0
12739,7410,2305.0,3677.8,1370.0,54860.02,7426.48,3912.5,1048.66,1.0,99,49,1,5,1,599000,1,1,1.0,1,3405.0,31000.0,24619.0,1411.0,70278.25,61925.0,11.0,13,39438.0,112270.67,48641.0,23,8,27192.0,47698.0,58938.0,12,1,12971.0,Y,5071.32,current,M,47,LOW,16.2,4,265.0,1,4.0
12740,17935,10280.0,10470.94,1555.0,4200.0,9046.02,3266.335,5762.0,531.0,30,1,2,1,42,186000,1,1,1.0,1,12010.0,61022.63,300500.0,5773.0,47428.94,6414.0,12.0,4,291262.0,66403.85,30026.0,9,46,100637.46,115748.5,88454.29,4,32,1700.0,Y,7269.33,current,M,28,HIGH,4.0,10,249.0,1,17.0
12741,16653,124763.0,4304.0,12880.0,8268.0,6067.0,3401.0,29798.0,19.0,26,59,41,9,75,147000,1,1,1.0,1,71191.8,861640.54,73217.0,2337.0,79630.25,160910.5,42.0,1,20004.0,23393.5,29139.0,0,6,114004.0,13201.21,126400.0,4,38,37765.0,Y,91.76,current,M,221,MEDIUM,201.0,3,330.0,1,19.0
12742,19051,227399.0,6266.39,1944.0,6808.19,3996.32,1860.08,7199.0,26.0,23,51,20,1,64,134000,1,1,1.0,1,47936.43,1372927.14,100000.0,5730.0,40034.84,71800.96,35.0,4,12876.0,37979.16,41738.5,45,78,34208.0,154679.36,145462.3,22,73,48440.0,Y,688.07,current,M,29,MEDIUM,8.1,1,249.0,1,16.0
12743,14718,9899.0,5774.85,28530.86,8945.0,9308.01,22770.5,8650.0,44.0,32,16,18,2,54,483000,1,1,1.0,1,204585.76,61022.63,16114.0,-3506.17993,42135.97,115693.0,55.0,4,34651.0,18903.0,254156.0,11,42,52500.0,13616.57,19219.65,4,18,37260.0,Y,1516.88,current,M,29,LOW,2.7,10,958.0,0,14.0
12744,6121,333316.0,167434.74,6315.95,16622.5,3151.0,151.0,4957.28,6.0,10,84,24,16,10,461000,1,1,1.0,1,58928.67,82907.34,5797.0,10210.0,156675.48,145995.0,69.0,26,25278.31,55040.93,8113.0,0,8,45115.0,29194.59,50598.0,49,83,31108.0,Y,2474.28,current,M,33,MEDIUM,5.2,10,928.0,1,17.0
12745,7824,14569.0,893.92,18478.75,21519.32,1880.8,7774.85,10529.0,44.0,50,46,8,15,1,47000,1,1,1.0,1,7300.0,278904.9,30000.0,6916.0,4032.0,26894.5,11.0,26,11033.0,37754.08,107455.79,2,78,29053.0,41990.94,73393.54,2,0,24252.0,Y,227.13,current,M,66,HIGH,46.0,7,771.0,0,17.0
12746,15629,12239.0,12295.92,4781.82,8714.5,7555.0,10961.5,800.0,2.0,85,74,1,11,39,400000,1,1,1.0,1,743915.3,24000.0,2019.0,6885.0,933071.98,90362.0,77.0,26,46598.0,14111.75,9490.84,9,63,16378.71,47853.36,14794.0,3,49,164848.0,Y,383.26,saving,M,33,MEDIUM,7.800000000000001,1,537.0,1,19.0
12747,12593,18610.0,3183.93,2740.0,70329.97,3983.0,2725.0,3526.67,1.0,66,13,4,12,47,395000,1,1,1.0,1,41361.3,60040.0,6738.0,2921.0,24315.15,29342.0,6.0,31,34648.0,18866.1,15695.76,6,81,6426.0,59563.26,143165.0,3,38,31108.0,Y,5408.09,current,M,36,HIGH,8.0,2,299.0,1,6.0
12748,15667,13637.0,20212.78,3410.0,2525.51,1318.0,870.5,1914.0,17.0,4,4,24,1,44,300000,1,1,1.0,1,19.95,134890.0,24251.0,8572.0,107197.0,40624.0,95.0,19,54230.0,57683.36,43150.0,1,13,1529.0,24698.5,66984.18,5,113,750.0,Y,5183.31,current,M,49,HIGH,2.9000000000000004,6,249.0,1,3.0
12749,19049,16043.0,528.5,3853.75,61412.0,5619.66,9929.0,4624.68,8.0,37,27,2,4,54,287000,1,1,1.0,1,9624.6,300000.0,6000.0,1500.0,19128.08,161846.0,103.0,33,88512.0,104772.5,42342.0,6,78,16225.0,43253.72,23788.0,2,27,34130.0,Y,22102.38,current,M,33,MEDIUM,5.2,2,574.0,1,14.0
12750,15907,132843.0,14058.86,311.62,6648.01,7719.12,14006.17,93094.0,10.0,43,50,25,3,1,375000,1,1,1.0,1,137260.8,33700.0,15654.0,-5439.0,127.36,754700.0,90.0,1,23739.0,17115.3,30213.0,2,59,17296.0,62368.39,170471.0,117,12,38473.0,Y,9170.41,saving,M,33,MEDIUM,5.2,7,454.0,0,9.0
12751,19602,1349.0,1987.34,3831.0,10534.88,9334.85,10222.685,651.61,14.0,10,3,30,6,64,152000,1,1,1.0,1,4110.0,545000.0,3792.0,20324.0,32883.45,48317.0,48.0,13,30554.0,29630.7,143321.0,47,82,41776.0,15006.25,43241.98,94,9,52979.0,Y,4582.22,current,M,50,MEDIUM,12.0,5,536.0,0,9.0
12752,17865,313947.0,1040.62,3538.0,646.0,2465.92,32794.5,4893.0,17.0,1,44,42,2,79,272000,1,1,1.0,1,24832.0,6574.31,3792.0,-5942.0,73682.0,5252.0,2.0,3,16549.0,20221.5,11955.0,9,17,11388.0,26042.98,39032.5,4,18,36339.0,Y,18.59,saving,M,33,MEDIUM,6.5,4,937.0,1,2.0
12753,12473,11466.0,52076.84,263.2,9161.12,1285.08,4082.175,3203.34,6.0,18,71,1,1,1,10000,1,1,1.0,1,684495.7,1631.11,300500.0,553.0,28070.76,2106.0,42.0,2,5107.0,43495.41,13601.0,1,17,19975.54,177552.05,129993.0,6,50,452.0,Y,12046.4,saving,M,222,MEDIUM,101.0,3,485.0,1,2.0
12754,7467,18159.0,19062.0,4573.0,20941.89,4151.6,15581.0,5669.0,6.0,30,112,3,3,13,533000,1,1,1.0,1,22086.05,187788.1,12016.0,5773.0,29268.0,13362.0,52.0,13,11674.0,21706.42,44807.0,2,1,41267.0,170054.33,77443.0,9,58,14944.0,Y,10169.65,current,F,39,MEDIUM,9.5,2,864.0,0,8.0
12755,14193,12255.0,2348.16,4299.0,37673.54,516.98,1522.49,481.0,4.0,5,7,3,5,3,138000,1,1,1.0,1,937.0,93.35,130000.0,16455.0,48184.15,86537.0,22.0,5,31325.0,127767.0,14669.0,0,8,18225.0,167908.65,196080.0,3,0,33708.0,Y,2567.54,saving,M,39,LOW,5.7,10,957.0,1,16.0
12756,7448,2816.0,3565.0,7168.73,4203.78,18254.0,37042.0,4971.0,1.0,99,61,1,4,6,329000,1,1,1.0,1,37916.0,201000.0,12000.0,2351.0,25663.77,55563.0,77.0,26,1174.0,67504.65,31851.0,30,6,7593.0,40049.53,36148.0,4,22,18451.33,Y,6284.72,current,M,66,MEDIUM,36.800000000000004,2,713.0,1,18.0
12757,9357,183256.0,24627.2,49519.45,6018.48,304.0,2880.44,658.0,8.0,77,4,1,1,16,17000,1,1,1.0,1,903003.0,100934.0,33774.0,6916.0,60313.0,24225.0,72.0,36,18360.0,10021.17,23336.5,50,42,50140.0,25373.16,95780.85,3,83,16190.0,Y,117.88,current,M,37,LOW,5.1000000000000005,2,746.0,0,11.0
12758,8229,14858.0,80625.0,10790.75,7307.0,4313.14,4134.75,609.2,6.0,47,67,20,12,7,466000,1,1,1.0,1,40440.4,96096.0,583.0,2921.0,141599.25,64252.37,62.0,2,19454.0,76458.93,43926.0,1,13,36421.0,9782.0,21699.0,12,50,12440.0,Y,1557.5,current,F,56,MEDIUM,21.6,7,771.0,1,15.0
12759,18497,17451.0,95563.97,8920.3,4565.05,6578.5,1229.04,3033.36,67.0,2,5,2,2,26,190000,1,1,1.0,1,568.8,109000.0,300500.0,5730.0,21969.43,64732.0,4.0,26,179287.0,50118.0,135530.5,2,26,42500.0,68055.38,50282.0,6,58,50508.0,Y,13429.7,saving,M,46,MEDIUM,10.4,1,883.0,1,16.0
12760,4726,14898.0,5185.48,2086.1,10415.69,119.0,3004.5,12743.0,14.0,9,9,20,5,11,381000,1,1,1.0,1,6100.0,165970.9,50000.0,5773.0,59239.45,12673.0,42.0,19,32422.0,40907.66,43582.0,11,12,21800.0,96637.62,235488.0,4,73,55974.0,Y,4031.45,current,M,32,LOW,10.8,4,863.0,1,4.0
12761,18915,13096.0,4929.0,8061.0,34271.78,7502.0,21654.0,1576.99,2.0,1,2,2,4,70,34000,1,1,1.0,1,138272.2,82907.34,2644.0,844.0,47956.48,64646.0,103.0,3,20780.0,31458.28,177980.86,2,81,25979.0,35842.23,23883.0,3,8,32248.0,Y,14299.53,current,M,37,MEDIUM,8.5,3,683.0,0,5.0
12762,12090,10960.0,50927.04,4915.0,5008.56,12238.6,5772.6,9527.42,4.0,56,72,2,1,39,302000,1,1,1.0,1,47024.8,470000.0,19176.0,-6281.37987999999,125913.54,36989.0,29.0,33,14050.0,79735.06,23326.0,2,12,310000.0,91834.73,23209.0,12,63,691984.71,Y,9723.67,current,M,42,HIGH,2.2,10,511.0,0,8.0
12763,522,407946.0,15502.95,10913.0,5022.5,1509.0,21755.5,4618.0,6.0,29,67,1,55,2,391000,1,1,1.0,1,111.0,205032.06,50000.0,20513.0,209945.53,20292.0,0.0,13,51772.0,94084.84,28974.0,0,82,143859.0,136179.26,31668.0,93,103,79315.0,Y,617.24,current,M,35,MEDIUM,10.5,6,539.0,1,5.0
12764,1482,15491.0,4086.5,6042.01,7256.05,1660.0,4593.0,2339.77,6.0,2,87,4,1,13,303000,1,1,1.0,1,3070.5,35421.67,300500.0,6885.0,54396.5,548358.38,5.0,2,20880.0,82144.98,50879.0,5,26,48281.0,31019.33,50001.5,6,83,45083.0,Y,33489.8,current,M,33,MEDIUM,2.6,5,296.0,1,17.0
12765,7925,1382.0,6204.87,2879.0,10284.01,1811.92,19972.1,277.0,4.0,36,32,57,1,67,67000,1,1,1.0,1,4720.0,446457.0,12560.0,8572.0,33844.5,91893.0,4.0,0,178068.0,22534.47,42620.0,1,8,11404.82,38843.34,50324.0,3,78,586100.0,Y,92.96,current,M,32,LOW,8.4,7,700.0,1,19.0
12766,9119,7573.0,21508.0,22151.0,8549.19,3892.52,16157.045,1955.52,3.0,36,4,2,25,70,595000,1,1,1.0,1,26335.7,25404.0,5540.0,2921.0,42067.53,60181.0,4.0,7,55725.0,20599.35,26636.0,45,20,119000.0,205064.4,9007.0,2,32,22521.0,Y,3342.06,current,M,37,MEDIUM,11.9,2,464.0,1,19.0
12767,14898,220274.0,8096.08,4526.73,9363.45,2376.6,6483.695,2549.73,44.0,9,89,22,5,13,255000,1,1,1.0,1,16317860.0,162288.3,15756.0,1500.0,19827.5,89830.0,42.0,5,31900.0,10588.0,36684.0,0,4,67296.0,123216.75,525589.53,3,7,75889.0,Y,521.04,current,M,40,MEDIUM,14.0,5,860.0,0,16.0
12768,15985,116134.0,31807.41,3894.08,556.0,18437.0,33848.79,1101.14,14.0,1,27,18,4,16,152000,1,1,1.0,1,8209320.0,295150.9,925.0,5730.0,19999.48,151397.0,4.0,2,43895.0,65579.98,32963.0,2,9,10040.0,4567.28,68756.25,9,37,102126.0,Y,1674.09,current,F,33,LOW,7.800000000000001,1,921.0,0,20.0
12769,14424,545.0,12240.0,3425.18,5794.78,11326.0,12564.0,4620.0,10.0,2,44,82,46,2,403000,1,1,1.0,1,67833.35,119831.0,536.0,2351.0,145760.92,38758.0,23.0,1,33466.0,59340.88,48537.0,4,17,23301.0,33605.3,19604.0,36,50,157500.0,Y,1345.33,current,M,223,MEDIUM,40.6,5,683.0,1,19.0
12770,5953,293433.0,17077.0,1545.0,8420.96,6886.38,5643.0,9388.0,4.0,43,6,50,15,6,25000,1,1,1.0,1,46730.2,11982.0,73217.0,1931.0,50745.9,54821.0,62.0,26,20903.0,44356.0,212277.0,1,5,20000.0,2019.63,188937.96,6,12,21870.0,Y,18101.41,current,F,60,MEDIUM,4.0,8,937.0,1,2.0
12771,6045,15644.0,52035.95,2610.0,77795.6,2615.06,25988.0,25345.42,10.0,128,135,22,12,54,358000,1,1,1.0,1,62217.0,65174.0,12016.0,553.0,97437.04,54188.0,55.0,4,24845.0,43493.44,103504.0,0,82,94771.0,66241.75,59014.75,8,11,19904.0,Y,2644.15,current,M,53,MEDIUM,16.5,7,623.0,1,5.0
12772,3198,7352.0,20770.0,1951.94,11922.84,4803.47,6133.56,1813.0,12.0,5,50,48,1,6,104000,1,1,1.0,1,510.6,74599.9,5101.0,1014.0,99551.35,34049.0,70.0,43,25.59,99040.2,65164.8,1,50,31437.0,11149.54,23314.0,7,63,4714.58,Y,6786.95,current,M,62,MEDIUM,29.400000000000002,5,259.0,1,10.0
12773,10783,9903.0,46653.42,16783.18,6623.5,3106.25,5937.0,1955.52,56.0,8,84,62,3,75,371000,1,1,1.0,1,3549.85,165970.9,43798.0,-5998.43994,19514.18,59574.91,4.0,3,41662.0,50622.83,56328.5,43,171,72390.0,128169.35,180948.0,5,79,39170.0,Y,1505.11,current,F,33,LOW,1.3,3,623.0,1,7.0
12774,11113,93420.0,3926.55,1763.0,175773.37,14033.05,596.95,4986.0,1.0,7,86,50,12,3,141000,1,1,1.0,1,1360.0,794000.0,48950.0,16455.0,118619.75,15025.0,16.0,19,2190.0,25094.56,98389.0,5,77,125931.0,60415.0,15240.38,5,18,28590.0,Y,1028.42,current,M,33,MEDIUM,2.6,8,535.0,0,3.0
12775,19795,6311.0,18167.76,3831.0,8488.01,13656.21,1606.45,2296.0,1.0,93,46,7,7,80,139999,1,1,1.0,1,105453.65,201000.0,36114.0,0.0,22287.5,72270.0,67.0,9,38263.0,27050.28,27745.0,70,50,7453.0,57419.23,41280.0,2,18,17344.74,Y,1257.73,current,M,62,MEDIUM,42.0,10,355.0,1,20.0
12776,5007,4200.0,28156.37,3863.48,17638.16,8772.66,20192.0,40082.0,63.0,84,60,30,1,2,402000,1,1,1.0,1,668728.4,342412.0,100000.0,-5942.0,76263.25,31336.0,7.0,31,6481.0,136226.17,36326.0,2,13,27031.0,181654.07,15320.13,2,79,42648.0,Y,3015.36,current,M,39,LOW,5.7,3,762.0,0,16.0
12777,1734,19658.0,2044.1,5750.0,3669.52,4002.77,4089.29,20130.0,7.0,56,44,17,1,8,489000,1,1,1.0,1,937.0,482147.0,2130.0,26601.0,70613.0,26623.0,48.0,4,21896.0,87278.45,15198.04,3,25,20844.0,131519.0,14787.0,8,3,18724.1,Y,3592.45,current,M,36,LOW,6.4,7,385.0,1,19.0
12778,9275,8822.0,5318.76,3822.0,6695.76,8871.46,1485.6,5130.3,4.0,10,64,1,2,3,366000,1,1,1.0,1,76.0,16375.0,73217.0,2351.0,27704.07,136161.27,79.0,2,30514.73,30138.93,294715.0,0,63,78284.0,1325.0,68737.0,3,49,31727.0,Y,13582.85,saving,M,58,MEDIUM,38.0,9,516.0,0,10.0
12779,8504,15203.0,11317.0,542.0,2391.24,5597.0,392.0,23197.0,26.0,18,4,8,2,10,198000,1,1,1.0,1,510.6,141473.07,891.0,-12179.0,2936.0,89717.0,89.0,4,39422.0,61493.94,97705.0,2,23,14616.0,41990.94,55485.0,3,83,12120.0,Y,1869.33,current,M,63,MEDIUM,34.4,6,454.0,1,6.0
12780,15082,12905.0,15768.0,214.29,26215.71,2277.0,31558.0,23629.3,5.0,43,117,35,1,2,471000,1,1,1.0,1,28482.5,42000.0,1255.0,1411.0,17801.5,75876.0,41.0,5,34064.0,154393.1,14296.0,2,67,48089.0,40809.0,14634.09,2,67,38980.0,Y,110.91,saving,M,32,MEDIUM,9.600000000000001,7,525.0,1,13.0
12781,14161,315091.0,33510.45,189.0,10071.0,26242.91,3098.725,371.0,60.0,36,10,24,9,41,35800,1,1,1.0,1,489773.55,1244.14,787.0,-3625.0,43228.5,11963.0,5.0,4,54806.0,12533.37,33657.0,3,70,71847.0,81681.88,229815.0,2,50,388145.0,Y,7287.35,current,M,34,LOW,11.200000000000001,9,243.0,0,8.0
12782,3530,11166.0,17550.37,3726.0,15825.59,2513.0,1561.76,13402.0,5.0,65,86,4,51,47,267000,1,1,1.0,1,7455797.87,784499.0,11379.0,8572.0,588077.11,144266.5,10.0,2,45786.0,47205.73,238574.0,2,50,53400.0,28672.0,4326.41,94,50,10805.0,Y,0.0,current,M,35,MEDIUM,13.5,6,725.0,1,17.0
12783,16993,328492.0,11807.0,6295.96,7081.92,465.86,6926.8,9684.2,7.0,27,74,8,2,34,187000,1,1,1.0,1,3938.25,161648.0,8333.0,-4679.0,61004.14,131679.0,55.0,36,10396.0,22133.37,44283.0,17,82,121401.0,62663.59,73464.0,4,3,18560.0,Y,23455.4,current,F,42,HIGH,6.6000000000000005,9,536.0,0,10.0
12784,15941,18365.0,31072.13,11287.0,1568.0,1168.0,2199.12,6992.0,6.0,99,74,6,1,79,47000,1,1,1.0,1,81872.65,16000.0,96558.0,10455.0,110822.36,20331.0,22.0,13,52384.0,10808.73,2203.82,45,8,40285.0,44619.37,67140.0,3,65,66369.0,Y,5312.64,current,M,47,MEDIUM,2.7,1,748.0,1,19.0
12785,17603,4804.0,43677.38,18740.0,3542.5,15533.0,259.0,3906.69,56.0,9,9,50,1,70,494000,1,1,1.0,1,20177.4,223379.4,1036.0,5730.0,92881.89,109536.0,42.0,23,68896.0,37347.0,114450.5,4,82,208500.0,40938.54,57421.0,4,12,29446.0,Y,20728.62,saving,M,61,MEDIUM,36.9,4,488.0,0,7.0
12786,9109,298729.0,2962.1,2372.0,2074.5,1828.96,6780.0,10086.0,63.0,22,7,2,2,98,10000,1,1,1.0,1,322.02,347.19,49000.0,-4612.00977,24386.0,137690.41,70.0,1,18275.0,18563.0,80370.0,1,8,27208.0,78598.4,104400.0,5,106,29981.0,Y,10649.31,current,M,29,MEDIUM,1.8,7,394.0,0,15.0
12787,5175,6317.0,19690.89,1875.0,1863.53,1226.0,12627.13,2726.0,6.0,2,2,5,51,3,784000,1,1,1.0,1,35280.0,65174.0,565.0,-6301.0,51075.47,69383.0,43.0,30,28293.0,51295.13,48532.76,2,1,51265.0,48082.78,30577.0,49,12,18418.0,Y,47335.37,current,F,33,LOW,9.1,8,538.0,1,17.0
12788,10129,15673.0,12605.95,27835.0,1038.26,9864.95,9041.5,4690.48,4.0,128,20,1,4,1,366000,1,1,1.0,1,23669.0,54388.23,18389.0,2337.0,36028.11,49240.0,4.0,35,18277.0,63510.64,46562.0,2,23,30142.0,58038.97,12012.0,18,11,67500.0,Y,4829.91,saving,F,30,MEDIUM,2.0,10,366.0,0,8.0
12789,11656,512.0,9194.0,1289.0,3822.0,5430.58,2324.0,3188.5,17.0,36,74,2,6,25,119000,1,1,1.0,1,76122.87,19000.0,24619.0,6885.0,124948.17,13658.0,43.0,17,121396.0,612551.06,31822.07,1,44,900000.0,77076.0,41178.5,36,103,92500.0,Y,18862.4,current,M,34,MEDIUM,11.200000000000001,1,507.0,1,2.0
12790,4887,1889.0,11068.0,362.0,930.0,4379.0,5213.0,17045.0,7.0,2,89,18,3,3,34000,1,1,1.0,1,73010.0,128314.74,68000.0,3897.0,14768.75,74747.0,42.0,3,29300.0,40478.15,47067.0,9,8,67900.0,16038.39,77413.98,6,42,21443.0,Y,3597.0,current,M,40,MEDIUM,10.0,2,428.0,1,11.0
12791,8686,127098.0,219598.13,6209.0,33514.0,22738.64,5661.0,3854.0,3.0,17,44,15,31,22,293000,1,1,1.0,1,825.0,132324.01,16004.0,6916.0,2062.91,13231.0,12.0,26,30900.0,32267.17,66152.0,9,13,10625.0,206423.78,77935.86,5,38,20828.0,Y,2868.82,current,M,44,LOW,7.2,6,864.0,1,16.0
12792,18281,11767.0,12834.26,3552.0,1137.0,22738.64,710.2,11080.5,6.0,18,9,12,15,1,371000,1,1,1.0,1,4435.0,82907.34,8333.0,13135.0,23265.18,6027.0,42.0,15,56333.0,63592.75,50139.0,11,20,24372.0,83525.75,30460.0,49,63,28427.0,Y,708.97,current,M,29,LOW,1.8,5,748.0,1,2.0
12793,12687,5148.0,67550.6,57262.0,6337.5,1691.3,5314.18,8683.0,44.0,36,5,7,11,26,59000,1,1,1.0,1,3938.25,77000.0,230000.0,2000.0,6221.25,62087.91,24.0,6,9801.95,138462.93,157613.0,1,8,66258.0,65023.28,35744.0,8,18,116950.0,Y,2464.89,current,F,66,MEDIUM,27.6,6,969.0,1,18.0
12794,4728,8625.0,24561.28,3132.0,1216.19,3187.8,7355.31,2346.94,26.0,23,50,2,1,11,87000,1,1,1.0,1,8758.2,680956.4,4458.0,12965.0,22733.31,44166.0,55.0,3,21670.0,71635.54,59056.0,2,44,43589.0,35419.4,90166.0,14,50,80927.0,Y,470.72,current,M,44,MEDIUM,21.6,8,525.0,1,10.0
12795,707,17928.0,24084.32,703.0,82424.19,4197.0,1810.0,1527.0,7.0,1,72,2,4,4,524000,1,1,1.0,1,39851.93,132324.01,908.0,2921.0,91967.46,37250.0,18.0,7,54611.0,5127.0,71678.5,4,16,50140.0,33020.31,96334.0,4,106,32479.0,Y,6149.65,current,M,66,MEDIUM,46.0,6,505.0,1,9.0
12796,8258,2394.0,1426.0,49.0,8134.0,410.4,53676.85,11734.35,53.0,10,23,8,6,1,47000,1,1,1.0,1,81284.7,170989.0,5797.0,12415.0,41018.05,60911.88,103.0,2,25013.0,60545.95,111533.0,9,8,19529.0,49704.28,24249.0,3,104,28437.0,Y,12147.57,current,M,60,LOW,20.0,3,748.0,1,8.0
12797,2952,19057.0,1600.5,5873.0,4109.38,11489.52,66934.0,36786.03,44.0,65,50,4,3,20,39000,1,1,1.0,1,161704.0,38173.0,583.0,5464.0,60770.75,277383.62,3.0,3,39698.0,36797.37,200090.0,3,12,7384.0,19466.22,53361.0,47,79,26640.0,Y,2564.97,current,M,46,LOW,2.6,8,464.0,1,19.0
12798,11466,28398.0,14265.0,2137.0,7039.35,7587.57,12628.67,295.21,4.0,46,35,12,1,56,59000,1,1,1.0,1,116771.25,15036.0,57899.0,7478.0,384097.0,10262.0,32.0,4,100470.0,110072.82,45251.0,2,70,26519.0,22343.6,9298.0,94,17,25453.0,Y,2729.89,current,M,38,MEDIUM,7.2,3,525.0,0,7.0
12799,10724,139445.0,6580.78,11305.0,21408.0,8789.44,34736.435,813.59,14.0,10,87,10,1,8,13000,1,1,1.0,1,9624.6,64491.0,183999.0,6441.0,32848.7,50236.0,20.0,31,80685.0,57165.99,37573.0,0,70,30543.0,61997.02,6357.0,3,58,56660.0,Y,1552.29,saving,M,29,LOW,7.2,8,723.0,1,4.0
12800,2091,39666.0,6729.0,5197.0,15053.35,2632.0,45417.47,3636.0,44.0,3,9,1,2,12,212500,1,1,1.0,1,5457.0,16000.0,508.0,1500.0,15074.45,115268.0,82.0,5,26353.0,51231.6,9026.0,11,7,26367.0,45883.32,674145.0,4,120,63474.01,Y,5408.09,current,M,47,MEDIUM,10.8,6,258.0,1,9.0
12801,13027,9354.0,6243.68,25581.2,5869.5,856.0,35961.0,3528.0,7.0,6,35,1,18,1,252000,1,1,1.0,1,134985.0,155000.0,583.0,3897.0,157166.54,36559.0,10.0,35,13025.0,86289.6,12449.0,8,7,35604.0,60208.0,133776.0,9,14,41469.0,Y,1689.47,current,F,66,MEDIUM,41.400000000000006,10,486.0,0,6.0
12802,4654,82732.0,98384.47,1720.5,7136.0,431.0,11722.4,811.0,44.0,1,23,4,1,30,147000,1,1,1.0,1,61186.36,482147.0,15477.0,10455.0,209945.53,58897.03,7.0,36,86227.0,119415.26,12782.0,31,171,53508.0,87207.03,82990.0,117,80,42863.0,Y,196.96,current,F,64,MEDIUM,39.6,3,658.0,0,16.0
12803,9832,16497.0,28851.56,1976.06,11835.0,1439.0,14014.48,1008.73,19.0,16,35,3,2,3,533000,1,1,1.0,1,811.0,429273.4,18257.0,14509.0,194.25,65984.0,46.0,0,23593.0,31249.0,134537.94,5,12,51181.0,281115.29,30520.0,21,50,90105.0,Y,5232.19,current,M,62,MEDIUM,21.0,2,595.0,1,4.0
12804,16466,290339.0,11633.55,7912.0,8213.91,2337.0,8072.57,327.0,8.0,1,19,2,55,42,15000,1,1,1.0,1,41070.0,24000.0,49975.0,5464.0,288.0,26444.63,4.0,5,20015.0,31266.0,31971.0,4,4,71847.0,60868.71,19121.0,47,63,20479.0,Y,48662.53,current,M,31,MEDIUM,4.4,1,314.0,1,19.0
12805,18509,287366.0,5988.0,23616.15,43771.48,17524.11,10243.68,4781.52,19.0,26,2,2,14,22,68250,1,1,1.0,1,233727.15,399.09,4198.0,1079.0,15384.51,63093.0,4.0,36,41409.0,36773.63,94042.5,43,8,38883.0,42564.03,33143.0,36,38,117554.0,Y,5987.28,saving,M,60,MEDIUM,20.0,10,628.0,1,2.0
12806,13565,13488.0,10304.0,625.0,142097.0,3100.0,1167.0,3134.74,6.0,36,59,4,3,79,351000,1,1,1.0,1,3638.25,54395.0,49975.0,977.0,28796.0,130707.0,42.0,13,37478.0,29002.13,34564.0,0,7,35334.0,20871.0,12290.0,117,8,59148.0,Y,1621.67,current,M,223,MEDIUM,101.5,6,805.0,0,13.0
12807,2623,2350.0,9766.25,18119.58,34036.14,9366.0,5238.6,7779.0,6.0,71,23,2,2,4,156000,1,1,1.0,1,715554.75,242827.0,4458.0,8572.0,98658.81,12569.0,16.0,3,25677.0,45863.51,123970.0,4,12,67691.0,111038.75,147542.36,4,13,14369.0,Y,8658.4,current,M,32,MEDIUM,6.0,2,818.0,1,12.0
12808,12543,8790.0,3851.0,10657.93,65605.0,3391.0,5626.96,233.0,24.0,1,112,48,1,11,98000,1,1,1.0,1,47.45,3.0,1526.0,553.0,81803.43,18738.0,6.0,3,44439.0,24318.96,137905.37,2,9,20000.0,51061.98,1116119.68,94,7,17093.0,Y,27113.03,current,M,28,LOW,7.2,4,537.0,1,9.0
12809,13369,272.0,21891.47,632.0,7454.32,4004.0,5686.3,1847.0,6.0,65,4,22,2,98,152000,1,1,1.0,1,15939.83,16363.0,300500.0,-3506.17993,110356.67,36724.0,2.0,4,24376.0,99787.38,14305.88,1,14,24900.0,79402.75,39416.0,10,36,37769.0,Y,1619.33,current,M,34,MEDIUM,5.6000000000000005,10,233.0,1,19.0
12810,4292,25386.0,24204.0,39073.76,37820.35,741.0,4375.48,3472.0,1.0,37,16,2,6,1,381000,1,1,1.0,1,13659.0,25404.0,594.0,9827.0,44244.55,28174.91,46.0,6,130268.0,39794.5,170908.0,45,171,19831.0,145189.0,26873.0,2,1,51287.0,Y,3908.4,saving,M,33,MEDIUM,3.9000000000000004,6,805.0,0,10.0
12811,18382,12083.0,13329.18,11078.0,18902.93,1890.0,4930.0,936.06,15.0,77,7,18,38,4,494000,1,1,1.0,1,10008.0,76365.24,4699.0,-5998.43994,32737.77,66744.0,11.0,19,46100.0,445795.94,64203.0,3,108,132413.0,67987.08,37668.0,28,21,31292.0,Y,661.11,current,M,66,MEDIUM,4.6000000000000005,10,801.0,1,20.0
12812,19356,300439.0,16362.0,2504.0,3043.0,782.85,16414.68,41760.88,66.0,36,64,1,7,1,18000,1,1,1.0,1,497317.93,217074.0,1526.0,-4679.0,134642.05,48252.0,55.0,2,22560.0,38877.94,138240.0,7,4,38959.95,50538.65,201792.0,62,3,630.67,Y,5896.13,current,M,35,HIGH,10.5,1,394.0,0,12.0
12813,9562,89957.0,1802.15,1002.0,8171.0,10182.91,2109.75,559.0,32.0,10,89,10,6,13,172000,1,1,1.0,1,12057.2,116000.0,36114.0,-4679.0,62564.76,420064.0,55.0,2,21279.75,65073.42,57518.5,3,8,94850.0,19188.0,35155.0,2,63,31163.64,Y,4048.66,current,M,31,MEDIUM,8.8,5,538.0,1,16.0
12814,5594,14870.0,25273.54,778.76,15329.45,1146.0,59678.14,624.0,66.0,4,2,6,27,1,403000,1,1,1.0,1,9608.3,109000.0,8333.0,6916.0,56553.5,68015.0,67.0,4,18922.0,61155.84,57334.5,47,8,4693.0,44157.5,4591.0,7,14,25299.0,Y,3235.9,current,M,28,HIGH,2.4000000000000004,10,683.0,1,5.0
12815,3467,12213.0,8051.13,13206.31,5675.04,11099.0,2815.64,6324.0,26.0,99,4,22,55,22,345000,1,1,1.0,1,15250.79,12971.0,65000.0,-5998.43994,111869.78,37283.0,1.0,2,74852.0,13492.82,3189.0,5,8,214495.0,88649.21,39248.5,3,83,24862.0,Y,1632.6,current,M,62,MEDIUM,12.600000000000001,7,866.0,1,3.0
12816,17319,8973.0,112126.98,1899.0,19635.2,3311.2,24397.0,2191.0,25.0,42,2,3,7,42,125000,1,1,1.0,1,506688.65,1425000.0,73217.0,-3506.17993,42061.15,71009.0,18.0,1,30863.0,94993.0,32463.0,6,63,5350.0,18463.33,45860.0,94,37,67351.0,Y,40438.02,current,M,221,LOW,140.70000000000002,2,658.0,1,17.0
12817,10912,19576.0,33049.0,11358.0,13506.16,182.28,9377.0,608.0,44.0,14,13,1,55,1,191000,1,1,1.0,1,2666.4,158000.0,519.0,2351.0,69533.13,31149.0,4.0,7,29456.0,106288.0,14034.0,2,14,1043.76,67181.6,33554.41,6,103,27367.25,Y,2374.56,current,M,53,MEDIUM,13.200000000000001,9,710.0,1,4.0
12818,4559,300018.0,10551.0,3602.82,7297.72,4038.0,15137.98,2825.0,18.0,3,50,1,6,1,453000,1,1,1.0,1,1417886.15,142608.5,50000.0,5439.0,63213.94,306174.0,70.0,3,65104.0,23360.17,12874.0,3,50,100268.0,72850.64,26607.5,2,2,19350.0,Y,1131.67,current,M,42,LOW,15.4,8,503.0,0,9.0
12819,1461,10018.0,26091.235,17272.0,34996.87,1897.0,3402.975,3757.0,24.0,1,74,20,11,98,330000,1,1,1.0,1,6100.0,393982.1,130000.0,6885.0,26816.25,90831.98,52.0,1,48134.0,39188.17,79930.78,47,20,60404.0,44717.61,104990.0,5,18,61667.0,Y,16927.93,saving,M,37,MEDIUM,13.600000000000001,4,445.0,0,6.0
12820,12489,17558.0,9766.25,719.01,996.29,5452.0,7955.65,1015.0,28.0,19,105,3,55,22,75000,1,1,1.0,1,1112.4,3651922.3,51520.0,1411.0,9037.32,117311.0,4.0,36,18543.0,138098.0,171945.0,2,20,58898.0,465.76,50475.0,49,12,27640.0,Y,4213.85,current,M,64,MEDIUM,44.0,7,355.0,1,10.0
12821,11273,8264.0,29335.2,5607.23,2873.09,2131.0,511.0,8166.9,4.0,37,18,1,1,55,67000,1,1,1.0,1,84.65,376694.91,8333.0,3897.0,66065.5,723589.0,0.0,2,16950.0,107786.55,35881.0,2,34,147019.62,152865.0,29286.5,2,103,66844.0,Y,5266.98,current,M,37,MEDIUM,13.600000000000001,9,247.0,0,3.0
12822,15772,6260.0,402.0,12948.0,4673.5,337.0,977.68,5309.09,26.0,66,49,1,71,80,232000,1,1,1.0,1,213557.15,15036.0,33774.0,-5715.49022999999,66421.0,51911.21,20.0,0,19489.0,40592.34,59354.0,43,108,4750.0,94341.66,37680.0,3,57,22824.0,Y,193466.5,current,M,53,MEDIUM,33.0,6,814.0,1,3.0
12823,11543,47255.0,12295.4,643.85,33514.0,1055.76,10343.28,11080.5,8.0,23,71,18,31,26,351000,1,1,1.0,1,41883.6,95081.0,2214.0,2500.0,205455.04,56196.92,7.0,5,27373.69,13581.0,56628.0,50,8,24897.0,28975.6,54893.5,62,28,41514.0,Y,834.32,current,M,66,MEDIUM,9.200000000000001,5,809.0,1,5.0
12824,19500,209430.0,10805.75,1087.0,4263.39,4116.95,2894.0,46180.0,9.0,17,59,15,1,47,579000,1,1,1.0,1,55700.0,36880.0,519.0,-6281.37987999999,20731.57,37726.5,40.0,1,12663.0,64922.3,114582.41,6,108,57475.0,50957.36,54782.0,6,50,52218.0,Y,13164.63,current,M,29,MEDIUM,3.6,6,355.0,0,17.0
12825,4642,5066.0,54121.05,5296.0,1976.92,3816.0,7205.425,24148.83,1.0,26,59,4,1,1,75000,1,1,1.0,1,41883.6,992890.32,4458.0,7478.0,18258.43,40466.5,11.0,6,530.0,19998.15,96297.0,0,4,85562.0,15984.35,61503.5,2,79,11443.0,Y,22588.43,current,M,32,MEDIUM,10.8,6,914.0,1,12.0
12826,19285,4254.0,1133.0,3592.69,5469.63,15598.0,4983.17,799.0,5.0,32,44,30,1,2,307000,1,1,1.0,1,6440.0,674291.83,583.0,6916.0,125959.67,805.0,67.0,26,42523.0,15037.0,112616.76,4,38,20012.0,25244.55,59203.0,2,68,119244.0,Y,12343.5,current,M,51,MEDIUM,9.3,2,506.0,1,2.0
12827,16147,257937.0,41061.0,3153.0,2887.0,1535.5,7977.25,243.0,5.0,23,52,2,7,10,255000,1,1,1.0,1,4720.0,992890.32,4367.0,20513.0,7018.0,62578.0,10.0,2,21336.0,515800.74,40770.0,43,44,33960.0,4953.7,53767.39,19,27,100691.0,Y,544.31,current,M,40,MEDIUM,12.0,6,623.0,1,6.0
12828,2202,17679.0,1204.92,4330.0,7831.16,14033.05,8391.0,1453.0,4.0,34,72,3,1,4,483000,1,1,1.0,1,2184.0,117890.0,56305.0,20513.0,14514.45,10565.0,62.0,31,47910.0,25619.88,25907.92,0,21,45547.0,118163.56,29579.93,6,104,42872.0,Y,10005.1,current,M,28,MEDIUM,5.6000000000000005,8,296.0,1,18.0
12829,6254,17669.0,14079.38,87.0,5688.53,676.5,3319.67,6190.0,43.0,23,1,1,2,98,27000,1,1,1.0,1,510.6,446457.0,19081.0,2351.0,27032.49,132240.0,70.0,2,17541.0,40749.0,30200.0,47,12,17445.0,15134.28,20794.87,12,21,2600000.0,Y,7107.4,current,M,62,MEDIUM,16.8,4,300.0,1,19.0
12830,11366,5824.0,3874.6,22558.0,15708.01,860.0,2433.94,3098.0,26.0,1,50,47,16,22,46000,1,1,1.0,1,47.45,189246.0,2130.0,6916.0,42593.5,288.82,2.0,1,68292.0,296307.77,55511.0,1,20,25541.0,45733.94,34382.94,4,13,25716.0,Y,1562.35,current,M,47,MEDIUM,16.2,10,743.0,1,15.0
12831,7778,138497.0,12090.68,1503.0,22851.79,2218.73,16745.44,760.72,15.0,128,87,53,7,1,518000,1,1,1.0,1,76122.87,52991.0,15477.0,-4679.0,120169.84,22240.25,5.0,4,22894.0,32996.68,75277.0,1,12,216000.0,45579.11,3424.75,117,73,32040.0,Y,3510.97,current,M,49,MEDIUM,23.200000000000003,4,385.0,1,8.0
12832,16138,18031.0,2504.39,1469.18,537.53,3271.0,3185.0,311.0,2.0,3,10,8,2,44,371000,1,1,1.0,1,811.0,82907.34,925.0,-4664.0,351697.15,13162.0,52.0,7,47279.0,25979.58,34078.49,4,82,20791.0,229238.13,39175.5,47,12,37258.0,Y,2596.53,saving,F,32,HIGH,3.6,8,866.0,1,15.0
12833,13139,10805.0,12742.0,2966.0,3120.47,33090.13,7376.5,6190.0,50.0,43,5,26,3,1,301000,1,1,1.0,1,396036.49,57479.0,105000.0,12415.0,41875.6,468040.0,0.0,1,8662.0,10026.45,36413.36,2,7,124528.0,33673.49,110404.0,62,11,90742.0,Y,720.28,current,F,46,MEDIUM,7.800000000000001,8,748.0,1,20.0
12834,7742,9874.0,16366.09,715.0,16483.0,12159.45,9413.42,2351.0,6.0,99,61,8,37,36,199999,1,1,1.0,1,137260.8,138732.3,50000.0,10455.0,66714.55,39047.0,3.0,1,21693.0,5185.0,135257.0,1,40,2748.0,22108.0,500.65,40,12,117554.0,Y,8969.81,current,M,38,LOW,3.6,10,796.0,0,13.0
12835,8284,1304.0,44281.455,2290.57,6120.51,190.66,26036.59,3912.57,101.0,8,19,1,4,6,461000,1,1,1.0,1,140291.6,12000.0,15477.0,5730.0,51871.23,1573.0,91.0,4,17188.0,24164.75,12713.0,17,42,14999.0,237006.81,83953.0,4,12,31000.0,Y,2285.92,saving,M,30,LOW,7.0,8,805.0,0,2.0
12836,13916,604.0,2417.78,2448.0,5260.0,4927.23,4196.0,3649.0,24.0,23,64,8,25,98,293000,1,1,1.0,1,1112.4,86000.0,24250.0,-3625.0,73682.0,25885.0,86.0,19,348511.0,17558.0,114910.0,11,34,35803.0,16092.0,24160.0,22,58,59950.0,Y,9466.04,current,F,60,LOW,20.0,3,684.0,1,20.0
12837,9071,7923.0,34191.93,645.4,47122.0,1214.36,6348.5,1132.04,18.0,34,4,2,1,8,134000,1,1,1.0,1,2553.85,267421.4,57899.0,14509.0,113655.27,24817.0,32.0,2,52800.0,14458.32,72854.2,5,20,20689.0,54654.32,104777.0,22,67,142968.0,Y,1280.0,saving,M,55,MEDIUM,7.0,9,658.0,1,14.0
12838,17070,13231.0,12898.01,1973.0,1872.0,11276.0,4899.77,3440.53,8.0,1,67,5,1,98,255000,1,1,1.0,1,1359.3,93.35,6100.0,14509.0,37732.11,109723.0,40.0,7,34648.0,80589.0,59216.5,1,23,14999.0,399117.27,64567.63,117,73,16220.0,Y,201.2,current,M,44,LOW,24.0,3,882.0,1,10.0
12839,10562,5192.0,29715.0,3240.53,3967.7,3923.85,5618.75,2928.0,44.0,39,4,48,2,34,48000,1,1,1.0,1,89104.12,4550727.2,15477.0,5340.0,10385.34,39366.5,77.0,3,61134.0,44190.0,322627.0,3,7,25762.0,34751.0,40095.0,5,7,1410.0,Y,242.07,current,M,53,LOW,29.700000000000003,2,883.0,1,18.0
12840,11785,1969.0,4148.55,21328.0,21397.88,1160.06,3109.0,3320.0,80.0,15,105,24,5,34,170000,1,1,1.0,1,293418.75,119898.8,13873.0,-5998.43994,56451.38,45281.0,62.0,33,32009.0,7814.83,52485.0,1,4,28292.0,66710.79,44719.58,11,61,22665.0,Y,68.57,current,M,35,MEDIUM,13.5,10,771.0,0,3.0
12841,10448,9354.0,57923.97,1087.0,9531.0,1859.0,12571.76,1358.0,66.0,22,3,24,1,2,462000,1,1,1.0,1,65640.0,200015.58,1097.0,3897.0,16444.5,77501.38,50.0,4,110633.65,36293.66,48619.05,43,4,25963.0,81395.0,174473.0,1,50,40944.0,Y,2097.35,saving,F,37,MEDIUM,3.4000000000000004,7,805.0,1,5.0
12842,9285,2922.0,6095.36,12601.65,3257.48,2699.77,4216.5,7153.0,104.0,43,17,18,11,4,226000,1,1,1.0,1,21511.8,26884.0,4000.0,173.0,37011.66,25830.0,52.0,4,66494.0,337494.9,54062.0,45,35,31937.92,13688.0,51242.75,1,21,26848.77,Y,1283.11,current,F,38,MEDIUM,12.600000000000001,10,466.0,1,5.0
12843,3626,3331.0,8520.0,2185.6,12828.0,3271.0,23994.0,9270.0,67.0,6,50,2,51,8,47000,1,1,1.0,1,102.95,45769.27,550.0,3897.0,11634.0,8141.0,16.0,0,52120.0,103887.57,26238.0,9,50,48104.0,127023.0,242559.76,21,63,36537.0,Y,2441.86,current,M,27,MEDIUM,0.7000000000000001,10,700.0,1,16.0
12844,7388,9775.0,4371.71,2656.0,690.0,1165.0,2234.5,710.0,4.0,5,49,3,18,81,523000,1,1,1.0,1,685580.0,186474.96,16114.0,1089.0,68617.87,27177.0,42.0,1,52275.0,76458.93,12433.0,2,12,96641.0,24048.46,20662.56,21,106,62085.0,Y,2132.59,current,F,28,MEDIUM,7.2,4,883.0,1,8.0
12845,9909,10312.0,5529.17,240.0,737.0,9512.0,10890.0,679.0,31.0,71,71,8,18,39,461000,1,1,1.0,1,92195.0,22400.0,54101.0,2000.0,115957.73,10592125.0,5.0,14,12500.0,37937.92,26052.0,42,20,51009.0,110222.2,46928.31,18,32,70575.0,Y,1251.59,current,F,53,MEDIUM,23.1,2,805.0,0,15.0
12846,17608,402839.0,13618.42,13220.37,523.0,525.0,18724.5,2154.0,2.0,23,60,1,3,21,255000,1,1,1.0,1,2173459.0,50034.93,11379.0,977.0,14717.75,34143.0,18.0,2,16953.0,48197.11,205962.36,45,29,19287.0,32710.0,35021.13,2,13,26120.0,Y,5117.03,current,M,34,HIGH,1.4000000000000001,6,505.0,1,20.0
12847,5852,4098.0,12362.89,6220.29,10980.23,46021.0,3867.27,170.0,124.0,26,1,25,21,41,518000,1,1,1.0,1,1146.0,1187335.5,925.0,0.0,62537.06,41457.0,40.0,7,24552.0,48612.68,134956.0,2,8,47454.0,28238.36,129397.0,62,32,15002.0,Y,6070.15,current,M,53,MEDIUM,26.400000000000002,3,858.0,0,12.0
12848,7228,16655.0,5964.98,3350.0,4704.0,12633.0,4659.0,7262.0,136.0,85,87,4,36,8,350000,1,1,1.0,1,1377313.45,280000.0,2158.0,1465.0,44192.43,137066.83,147.0,1,45671.0,46202.64,60217.0,70,70,283399.0,7221.4,38717.0,62,73,3040.0,Y,233.15,current,M,44,HIGH,2.4000000000000004,3,258.0,1,15.0
12849,12745,10009.0,18363.0,8202.86,15164.0,12978.38,5451.0,10210.0,100.0,18,20,54,44,2,350000,1,1,1.0,1,3502.8,12257.0,34550.0,1500.0,70278.25,23974.0,62.0,2,82854.0,55838.75,161255.0,2,5,13543.0,66025.91,36167.0,13,83,51150.0,Y,3065.51,current,M,29,MEDIUM,9.0,5,809.0,1,15.0
12850,18827,14955.0,6204.87,4045.0,2947.98,7419.85,18355.5,4185.0,2.0,26,3,1,1,2,50900,1,1,1.0,1,13929.95,3651922.3,49975.0,20324.0,18183.0,26674.0,18.0,5,19968.0,175123.95,286253.92,3,42,145033.0,153776.83,53681.86,8,103,24698.0,Y,594.59,current,M,40,MEDIUM,4.0,10,448.0,0,15.0
12851,5626,34452.0,1586.85,4550.01,2833.53,4161.0,8711.0,2146.0,2.0,1,16,48,2,1,47000,1,1,1.0,1,34249.0,232524.0,100000.0,-4664.0,113.25,257.0,42.0,1,91764.0,83450.14,91159.0,3,36,44333.0,61374.75,28159.0,49,18,9666.0,Y,317.33,current,F,46,MEDIUM,23.400000000000002,6,713.0,0,8.0
12852,1646,9018.0,39852.82,88.78,3561.95,15039.79,2846.5,9682.44,6.0,65,7,54,25,30,303000,1,1,1.0,1,386666.75,90829.65,28912.0,0.0,1286.85,56910.0,18.0,14,1500000.0,79864.5,21349.0,5,81,40892.0,17917.47,54135.25,1,42,33427.0,Y,2245.2,current,M,37,LOW,17.0,10,748.0,0,12.0
12853,7077,299028.0,2414.76,5355.13,30706.93,3904.0,1517.0,10190.0,17.0,18,13,2,18,67,358000,1,1,1.0,1,36368.7,148150.33,12337.0,5773.0,79855.84,27697.88,11.0,23,27833.0,20267.21,134658.0,17,18,28233.0,73527.07,46711.0,62,76,17463.0,Y,1170.49,saving,M,47,MEDIUM,21.6,7,805.0,0,8.0
12854,2495,12281.0,6749.14,2536.0,2104.52,1921.6,21898.84,21927.62,12.0,13,85,11,55,3,25000,1,1,1.0,1,3070.5,88482.8,2500.0,-4664.0,213.25,15013.0,147.0,4,34812.0,8497.0,8275.0,0,27,113678.0,61533.11,11199.0,2,76,51194.08,Y,3418.4,current,M,38,MEDIUM,7.2,9,505.0,0,6.0
12855,12203,14149.0,3363.5,8000.5,5264.5,5157.49,7329.05,2163.57,4.0,2,13,1,2,5,447000,1,1,1.0,1,127004.3,100000.0,2841.0,6916.0,138598.98,32102.0,11.0,35,21671.0,14282.0,48060.0,1,1,38500.0,78010.22,63722.0,3,83,23566.0,Y,9505.85,current,F,33,LOW,11.700000000000001,5,466.0,1,3.0
12856,15448,18821.0,5583.0,8493.0,8162.16,1891.66,2429.28,700.0,8.0,27,44,3,3,34,195000,1,1,1.0,1,443.36,429273.4,1526.0,6613.0,8745.68,2102.5,35.0,36,43103.0,364893.84,55858.0,0,108,1195623.0,12190.7,26970.0,10,6,38499.0,Y,45114.69,current,M,30,MEDIUM,10.0,9,244.0,1,2.0
12857,18422,16406.0,56060.42,3290.0,10971.49,10765.46,13515.775,9488.52,531.0,65,50,1,3,14,400000,1,1,1.0,1,61761.4,280000.0,130000.0,14509.0,35496.26,310321.0,35.0,35,55215.0,28967.43,33620.0,43,63,8627.0,87259.57,64084.0,117,106,60337.18,Y,4325.96,current,M,53,MEDIUM,19.8,5,488.0,0,4.0
12858,11104,12963.0,6064.0,2359.0,820.0,11721.86,37368.5,5079.4,80.0,30,27,1,3,12,256000,1,1,1.0,1,9646.5,45769.27,10973.0,2921.0,31719.0,46335.0,46.0,4,59882.0,119922.65,90785.07,7,82,62775.0,11840.0,106119.25,7,14,55890.0,Y,92.31,saving,M,29,MEDIUM,1.8,10,249.0,1,19.0
12859,17145,9383.0,30126.66,17320.1,8341.29,5609.0,4920.0,378.0,10.0,85,7,1,1,11,575000,1,1,1.0,1,15939.83,170989.0,130000.0,1411.0,22757.3,98137.0,68.0,36,36180.0,29192.56,67941.0,11,81,8745.0,73112.0,56783.66,9,83,33070.0,Y,1129.03,current,M,36,MEDIUM,11.200000000000001,7,796.0,0,20.0
12860,9842,3720.0,30362.77,14249.21,14369.65,29043.47,2912.28,1962.0,50.0,23,16,24,15,1,472000,1,1,1.0,1,5809950.0,17000.0,11580.0,-5998.43994,45971.0,45219.16,147.0,1,20347.0,32619.27,124269.0,45,20,66258.0,206182.77,15908.0,62,103,6066.0,Y,2768.28,current,M,63,MEDIUM,4.3,9,683.0,1,7.0
12861,18391,130458.0,610.0,4222.99,6008.61,5251.0,697.0,8691.87,6.0,93,44,2,12,37,289000,1,1,1.0,1,39851.93,14000.0,8333.0,8572.0,34839.38,1750.0,16.0,19,24561.0,8504.0,6288.0,4,59,61783.0,63299.07,58.0,6,6,27884.0,Y,2789.89,saving,M,42,MEDIUM,4.4,7,698.0,1,12.0
12862,10333,5281.0,4117.03,367.0,7944.83,2303.64,13880.0,1204.12,44.0,9,1,24,1,6,393000,1,1,1.0,1,3247.5,482.6,3975.0,-4664.0,41575.42,81191.0,147.0,1,22226.0,46456.48,10799.0,70,5,64713.0,98438.73,35812.0,2,8,22581.0,Y,8203.74,current,M,62,LOW,33.6,6,700.0,1,13.0
12863,3922,18783.0,4748.51,4359.35,5953.0,329.0,675.0,7584.02,2.0,8,50,2,4,42,369000,1,1,1.0,1,8043.25,91747.0,130000.0,20513.0,46409.81,20220.0,11.0,35,34199.0,26833.34,57715.0,31,50,30962.0,29917.75,37988.0,18,83,170859.0,Y,4745.14,current,M,33,MEDIUM,1.3,2,558.0,1,9.0
12864,14496,742.0,3040.665,4340.54,5935.53,2160.0,2493.0,1646.0,531.0,3,117,24,3,1,379000,1,1,1.0,1,156875.0,15395.48,2644.0,6916.0,88866.62,39199.0,11.0,7,87766.0,39759.13,60899.69,2,8,33717.0,85997.93,26643.75,5,63,43055.0,Y,118.03,current,M,38,MEDIUM,12.600000000000001,6,386.0,1,10.0
12865,19144,5435.0,7695.9,1517.95,7548.75,5607.28,5863.5,3440.53,7.0,6,3,1,21,44,152000,1,1,1.0,1,83400.3,186474.96,96558.0,-4664.0,29959.02,28452.0,12.0,33,42315.0,128161.26,44844.41,1,82,34327.0,162356.5,170123.0,1,1,14802.0,Y,2927.65,current,M,63,MEDIUM,25.8,8,693.0,1,3.0
12866,18909,18854.0,3564.31,13206.31,4380.07,2467.99,21765.565,21189.3,4.0,10,4,3,7,6,100000,1,1,1.0,1,3938.25,182359.2,8060.0,8572.0,57283.88,25242.5,18.0,2,35955.0,18536.57,36863.0,2,11,78400.0,265417.72,41623.94,12,13,109665.61,Y,34723.41,current,M,30,MEDIUM,7.0,8,523.0,1,2.0
12867,5851,8543.0,4362.08,6852.65,28550.16,10454.75,2880.44,802.0,7.0,66,44,1,1,13,293000,1,1,1.0,1,13659.0,274285.17,130000.0,-5715.49022999999,21090.0,16816.0,63.0,2,52854.0,20294.0,54347.18,23,171,34845.0,28689.4,87104.5,7,18,51800.0,Y,4474.35,current,M,37,LOW,1.7000000000000002,9,595.0,1,15.0
12868,5398,5602.0,21510.77,544.0,1160.75,6539.0,7256.0,2878.0,8.0,30,5,1,6,55,83000,1,1,1.0,1,23669.0,104000.0,25524.0,12163.0,167128.61,24888.0,103.0,5,23205.0,38940.9,321685.0,6,7,62487.0,48497.5,22847.0,14,50,17088.0,Y,789.84,current,M,40,MEDIUM,14.0,9,863.0,1,17.0
12869,3639,13450.0,35837.35,7815.0,25065.78,436.0,6545.48,783.0,8.0,10,47,1,3,4,480000,1,1,1.0,1,20747.5,154121.9,300500.0,167.0,572078.99,96494.77,43.0,5,39438.0,50065.75,86391.77,3,108,20354.0,27426.0,22434.0,3,22,3700.0,Y,5563.64,current,M,32,MEDIUM,1.2000000000000002,2,799.0,1,18.0
12870,11468,5784.0,6474.45,3037.0,5855.06,2243.3,9180.0,5400.0,1.0,10,71,44,17,42,298000,1,1,1.0,1,105750.0,134000.0,20887.0,553.0,14367.96,10091.0,16.0,36,270000.0,133507.29,194.0,19,12,26488.0,30402.54,25645.75,38,14,197514.0,Y,24523.68,current,M,35,MEDIUM,9.0,2,908.0,1,18.0
12871,9962,7136.0,13316.44,3049.0,12333.0,6495.7,13626.685,5229.0,7.0,5,49,4,1,11,152000,1,1,1.0,1,5215.0,106398.0,610000.0,2000.0,164183.7,23117.0,55.0,35,13819.0,54564.7,115175.0,1,82,106447.0,21263.98,128428.0,7,103,49325.0,Y,81.61,current,M,49,MEDIUM,14.5,5,269.0,0,6.0
12872,15997,9974.0,2270.16,521.0,2227.65,16014.3,2681.0,1296.0,7.0,3,49,2,38,17,330000,1,1,1.0,1,456.1,245000.0,20000.0,1465.0,67566.6,26152.88,8.0,4,28351.0,44330.98,33137.5,2,14,34589.0,19899.41,7648.0,13,2,34049.0,Y,40.28,current,M,29,LOW,7.2,4,882.0,1,2.0
12873,9223,16411.0,19825.92,24024.13,1761.0,33111.0,22256.0,3176.0,44.0,56,13,1,1,18,74100,1,1,1.0,1,2533020.0,470000.0,300500.0,-5998.43994,160913.61,96709.91,72.0,15,38695.0,13622.87,37427.0,2,86,7742.0,35948.97,24290.0,5,21,11918.0,Y,9351.78,current,M,33,MEDIUM,1.3,2,464.0,1,14.0
12874,2186,347292.0,4010.5,4780.0,6508.73,4892.95,1224.0,622.59,46.0,27,5,2,56,1,35800,1,1,1.0,1,39851.93,446457.0,30071.0,5730.0,66065.5,39931.0,50.0,1,27242.0,53939.14,389091.37,9,20,158430.0,35051.92,45599.0,6,28,50853.0,Y,7089.96,current,F,49,LOW,11.600000000000001,2,855.0,1,4.0
12875,11355,12176.0,5007.0,10381.0,26572.03,3550.0,370.0,2378.0,2.0,36,30,48,21,9,48000,1,1,1.0,1,32951.25,730000.0,2019.0,0.0,18430.39,33204.04,52.0,2,31385.0,26135.5,33854.29,2,13,29314.0,32845.8,25244.0,93,58,26832.0,Y,4480.41,current,M,44,LOW,24.0,7,743.0,1,12.0
12876,8765,5889.0,3764.2,735.49,10278.5,3311.06,35061.95,1365.0,1.0,18,50,41,62,6,450000,1,1,1.0,1,825.0,356899.37,96558.0,4314.0,84232.5,5272.0,16.0,1,25126.0,27848.75,112616.76,6,59,60747.0,11840.0,31271.0,12,83,20232.0,Y,13482.82,current,M,60,HIGH,4.0,8,446.0,1,2.0
12877,19885,34452.0,8608.53,12152.84,6384.36,3692.0,6315.22,2556.0,1.0,37,19,10,2,16,520000,1,1,1.0,1,31454.1,128314.74,492.0,20790.0,62261.36,61671.0,4.0,1,55423.0,38341.0,48899.0,2,8,48669.0,296490.0,40318.58,4,11,197500.0,Y,2812.03,current,M,65,MEDIUM,13.5,10,535.0,1,2.0
12878,13882,130129.0,34879.56,762.01,2665.93,3908.0,3123.5,637.0,43.0,1,14,18,1,3,423000,1,1,1.0,1,185669.2,380000.0,126001.0,0.0,55317.45,115324.0,2.0,1,18082.0,30108.21,123970.0,2,63,47408.0,38382.51,31762.0,8,63,241979.0,Y,1007.09,current,M,33,MEDIUM,13.0,5,614.0,1,2.0
12879,13164,4841.0,5214.0,1400.0,14420.34,19962.5,8013.0,3121.04,43.0,34,46,21,3,4,98000,1,1,1.0,1,94127.1,165970.9,51520.0,977.0,113655.27,200154.0,43.0,1,167612.0,59774.0,20495.0,3,171,1333.0,46422.73,486.0,3,10,70270.0,Y,2505.43,current,M,47,LOW,10.8,10,653.0,1,8.0
12880,390,18506.0,113736.44,14550.0,42386.05,4325.05,19972.1,2141.0,9.0,10,27,1,6,69,400000,1,1,1.0,1,9624.6,6.0,1097.0,3421.0,34420.45,20294.0,35.0,33,24406.0,61034.09,36995.0,6,34,34678.0,93571.39,25813.0,6,58,120800.0,Y,11246.24,current,M,64,MEDIUM,30.8,8,464.0,1,12.0
12881,11176,5920.0,5189.69,14674.0,39947.13,12694.0,14058.79,2141.0,20.0,25,32,1,3,29,19000,1,1,1.0,1,20049.0,15395.48,57899.0,0.0,33626.28,108174.5,9.0,36,49579.0,57749.55,60217.0,2,31,42198.0,461913.25,149724.0,94,13,17488.0,Y,187.06,saving,F,27,LOW,2.8000000000000003,10,864.0,1,16.0
12882,11066,7597.0,12821.2,13494.0,2161.42,763.1,1613.65,38753.0,1.0,5,1,5,25,67,390000,1,1,1.0,1,10000.0,730000.0,954.0,6613.0,51648.99,37733.0,11.0,1,34099.0,7934.75,27750.0,17,77,27308.0,48718.19,76528.0,4,11,27778.0,Y,1238.64,current,M,35,LOW,12.0,6,394.0,1,19.0
12883,8836,898.0,9382.21,619.45,62868.44,2243.3,1216.0,8250.0,28.0,36,44,41,31,6,232000,1,1,1.0,1,27747.0,244483.3,639.0,4314.0,45175.08,42717.0,11.0,3,34478.0,31410.0,237711.0,50,14,83821.0,56620.62,41716.53,14,32,31345.0,Y,5867.17,current,M,58,LOW,19.0,3,249.0,0,9.0
12884,5112,619.0,60315.2,2895.1,1279.34,176.0,5047.0,2136.89,7.0,37,10,2,25,18,199999,1,1,1.0,1,99984.83,51850.0,1018.0,1444.0,34756.87,20297.0,3.0,2,42838.0,127177.25,131888.0,6,46,42884.0,27293.13,47292.75,3,103,12929.0,Y,7207.11,current,F,66,LOW,13.8,9,245.0,1,14.0
12885,17131,12847.0,4822.4,3944.0,17658.92,14935.22,3871.0,1721.0,6.0,3,14,1,2,54,397000,1,1,1.0,1,27324.0,2300000.0,33774.0,1500.0,10264.45,37312.0,69.0,3,20146.0,76986.25,24635.0,6,34,16676.0,21477.36,16905.0,4,32,33846.0,Y,82694.06,current,M,35,MEDIUM,15.0,2,503.0,0,14.0
12886,13857,297688.0,25020.88,3036.0,4916.0,2519.0,1307.0,3800.79,60.0,18,5,5,55,55,435000,1,1,1.0,1,40440.4,5350.0,30011.0,6885.0,31608.0,143828.0,11.0,1,22552.0,31041.0,212277.0,11,8,10326.0,166784.92,30167.0,8,65,34726.0,Y,2136.51,current,M,35,LOW,15.0,2,536.0,1,19.0
12887,418,734.0,53263.51,15469.0,6958.12,6682.49,19941.0,1936.0,3.0,30,64,2,44,18,599000,1,1,1.0,1,6494.4,14000.0,3000.0,12415.0,94470.7,19526.02,43.0,1,235844.0,352240.82,61250.0,45,6,21457.0,175301.79,45911.0,94,10,43316.0,Y,2204.74,current,M,55,MEDIUM,14.0,5,394.0,1,11.0
12888,6605,3331.0,2789.16,1800.02,19965.84,9864.95,6353.0,1382.73,60.0,1,6,1,7,80,505000,1,1,1.0,1,7455797.87,242827.0,18389.0,2921.0,88866.62,51188.0,2.0,30,46184.0,41669.06,36679.0,43,6,27837.0,55241.0,605341.19,14,12,102280.83,Y,4807.69,saving,M,29,LOW,0.9,7,354.0,0,5.0
12889,2110,19171.0,16409.5,2810.0,5303.73,1076.29,15866.5,925.34,17.0,2,102,1,62,14,383000,1,1,1.0,1,347309.75,38928.0,908.0,-12179.0,10181.25,100188.0,42.0,3,12960.0,94690.61,180536.42,2,46,85254.0,10019.76,97990.0,4,24,19554.0,Y,591.34,current,M,42,LOW,11.0,1,370.0,1,18.0
12890,12846,16145.0,33451.0,876.35,3474.5,4536.0,8096.6,860.0,531.0,9,90,1,2,56,225000,1,1,1.0,1,1417886.15,429273.4,20887.0,12163.0,3997.0,117.38,10.0,1,27289.0,17634.87,50209.0,4,12,27822.0,171627.18,27751.0,62,21,41508.0,Y,335.87,current,F,62,LOW,37.800000000000004,6,937.0,1,6.0
12891,1890,10894.0,904.14,39073.76,226754.0,2710.0,33452.55,3899.0,29.0,23,74,21,46,1,49999,1,1,1.0,1,4731.1,186474.96,8333.0,3481.0,22166.75,165093.91,8.0,6,12932.14,108895.12,29912.5,2,8,24993.0,99119.76,84499.84,4,80,25382.0,Y,6464.44,current,M,32,MEDIUM,4.800000000000001,6,974.0,1,18.0
12892,11088,11246.0,11589.53,3075.6,2238.0,8388.0,8373.31,2179.98,10.0,3,70,24,25,47,199999,1,1,1.0,1,60800.0,10903.0,908.0,5439.0,40981.18,65348.0,74.0,4,18243.0,190180.57,100078.0,5,70,29300.0,29648.86,28631.0,4,100,23700.0,Y,2337.63,current,M,30,MEDIUM,5.0,6,771.0,0,11.0
12893,17125,19119.0,3835.0,3302.0,3590.0,5720.43,28050.25,1004.0,3.0,601,50,6,6,31,28000,1,1,1.0,1,60050.0,7576.0,28913.0,173.0,128.25,69640.0,7.0,26,34292.0,74005.5,290516.74,24,81,29163.0,94173.91,3413.0,7,58,15765.0,Y,590.02,current,M,58,LOW,19.0,5,269.0,1,13.0
12894,18967,13062.0,4617.0,134.0,5085.0,4177.0,2269.0,2414.0,531.0,71,16,20,4,41,784000,1,1,1.0,1,14574.8,252369.0,550.0,10210.0,19397.38,21139.0,1.0,4,55885.0,87976.67,281991.57,0,20,27477.0,48913.12,7824.0,4,65,75980.0,Y,4615.64,current,M,47,MEDIUM,18.900000000000002,9,966.0,1,13.0
12895,17090,5749.0,875.0,8463.61,20323.01,410.4,4225.375,397.88,17.0,10,4,47,26,2,114000,1,1,1.0,1,1581000.0,308615.5,80000.0,3735.0,32932.87,41555.0,42.0,35,20927.0,14217.07,12765.0,4,44,17613.0,21579.0,9243.0,47,1,11752.0,Y,156.07,current,M,36,MEDIUM,16.0,7,274.0,1,10.0
12896,13315,15018.0,8335.61,2478.0,1887.0,1159.96,692.0,918.93,531.0,3,52,1,1,1,114000,1,1,1.0,1,1399.9,107692.0,28913.0,3897.0,126401.25,66976.76,35.0,3,28933.0,38515.01,5349.0,1,12,32300.0,5616.49,811.0,94,106,24119.56,Y,4057.23,current,F,32,MEDIUM,4.800000000000001,10,508.0,0,7.0
12897,15975,12968.0,16103.0,1875.0,2970.87,5908.0,2755.0,1574.0,10.0,23,59,3,3,42,330000,1,1,1.0,1,2720.0,110135.86,12000.0,-3506.17993,57428.25,51355.88,55.0,6,953.0,20220.0,30669.0,43,28,13138.0,82722.47,16100.0,4,13,22451.0,Y,8506.79,current,M,30,MEDIUM,3.0,9,244.0,0,9.0
12898,13362,14883.0,2592.16,5077.0,15592.0,3637.0,12987.55,41760.88,3.0,30,14,15,25,98,114000,1,1,1.0,1,2100.0,356899.37,13873.0,5439.0,271902.16,37736.5,16.0,18,26388.46,150263.75,24600.0,1,108,44518.0,136634.13,2205.48,21,100,1072.0,Y,465.99,current,M,42,MEDIUM,4.4,4,582.0,0,13.0
12899,2174,13237.0,59290.49,2157.14,14081.0,4574.0,5563.18,847.0,8.0,3,38,1,9,81,100000,1,1,1.0,1,213557.15,41.26,711.0,2921.0,59850.0,125797.0,10.0,35,291262.0,55234.1,68182.0,5,5,8735.0,63810.67,110389.0,12,28,29246.0,Y,317.33,current,M,33,HIGH,10.4,3,254.0,0,7.0
12900,1479,4623.0,49121.4,23119.0,4774.95,4608.0,25188.0,5257.0,1.0,7,2,1,15,26,429000,1,1,1.0,1,970271.35,41813.0,3975.0,19765.0,48605.0,96408.0,37.0,35,28655.0,22921.88,52742.0,7,171,59378.0,64392.13,372302.8,4,11,119843.0,Y,8029.09,current,M,32,LOW,8.4,7,922.0,1,12.0
12901,2736,171005.0,9499.0,1829.01,2616.0,1583.44,10395.0,885.0,19.0,77,35,1,3,70,358000,1,1,1.0,1,111.4,3.59,13533.0,-5942.0,82005.0,29084.0,5.0,9,40206.0,17233.84,37127.76,6,20,26192.48,70861.17,141249.58,5,50,24685.0,Y,5114.67,current,M,55,MEDIUM,24.5,8,883.0,1,6.0
12902,8399,16392.0,4148.98,9740.15,40202.01,2059.0,785.98,8175.0,92.0,26,52,52,37,2,472000,1,1,1.0,1,4435.0,400000.0,2019.0,-6301.0,56723.96,14878.0,69.0,4,48299.0,27942.76,39317.86,6,12,12124.0,23246.12,76571.0,4,50,93297.0,Y,452.76,current,M,33,MEDIUM,5.2,2,523.0,1,6.0
12903,13054,15530.0,13078.99,9372.0,4364.12,5490.16,20031.0,5671.29,25.0,25,44,3,2,4,408000,1,1,1.0,1,98062.5,21698.0,4699.0,0.0,19326.0,28573.0,91.0,26,55725.0,15297.88,38269.61,7,12,74515.0,58266.41,11263.0,5,11,167888.0,Y,17648.21,current,M,34,MEDIUM,14.0,10,708.0,1,5.0
12904,3248,3943.0,14945.19,2403.84,759.5,3755.19,9713.3,11923.0,2.0,36,52,3,25,55,47000,1,1,1.0,1,259573.3,95000.0,24619.0,-5715.49022999999,34214.25,80769.13,62.0,9,30876.0,53710.18,225.84,11,7,38552.0,56414.2,19924.26,11,65,27194.0,Y,2641.25,saving,F,32,MEDIUM,2.4000000000000004,3,755.0,1,3.0
12905,7380,16951.0,5213.98,2977.0,10391.55,4720.0,7694.395,589.52,63.0,83,27,42,25,80,190000,1,1,1.0,1,2014.8,4550727.2,1097.0,-4679.0,14267.39,78117.0,10.0,1,39817.41,128085.24,61574.0,3,4,11707.0,20462.76,79062.0,3,9,54660.0,Y,1745.15,current,M,53,LOW,13.200000000000001,2,638.0,1,12.0
12906,10383,18658.0,6470.19,7031.0,15904.0,1072.84,25117.0,2324.0,1.0,25,74,3,4,55,75000,1,1,1.0,1,238733.0,186474.96,23500.0,173.0,14449.14,26373.0,90.0,0,103278.0,23001.84,32463.0,4,81,53180.0,54861.68,20517.0,4,79,6138.0,Y,2770.05,current,M,42,MEDIUM,11.0,6,737.0,1,12.0
12907,12645,3837.0,3109.96,3148.0,43112.61,6815.5,8576.83,215.02,100.0,36,3,1,11,67,381000,1,1,1.0,1,192215.0,5350.0,1036.0,20324.0,74009.75,11456.75,55.0,0,9272.0,52302.38,235629.0,43,59,21152.0,111020.5,78226.5,3,49,29788.0,Y,11858.19,current,M,32,MEDIUM,9.600000000000001,3,653.0,0,12.0
12908,1897,19646.0,9361.47,8165.0,19805.29,4085.0,30341.88,8450.95,531.0,3,1,8,31,1,397000,1,1,1.0,1,115818.74,194099.3,25524.0,0.0,16663.92,80278.65,40.0,2,106500.0,27784.15,15695.76,41,171,31033.0,105657.98,24631.0,9,80,109561.0,Y,220.69,current,M,27,MEDIUM,4.2,6,506.0,0,19.0
12909,1421,140675.0,5427.54,3327.8,5463.92,5681.0,16550.0,7779.0,6.0,10,67,2,1,3,68000,1,1,1.0,1,67833.35,90829.65,3975.0,5464.0,117150.3,90759.0,17.0,15,15240.0,15792.0,16712.0,43,108,36800.0,67673.54,8704.0,3,80,24195.0,Y,1717.97,current,F,29,MEDIUM,0.9,7,710.0,1,5.0
12910,6035,390543.0,1042.0,4271.0,25300.45,12848.0,1220.27,2229.0,44.0,99,50,52,1,47,157000,1,1,1.0,1,5688.0,31730.49,2158.0,-6335.0,44601.38,143690.75,32.0,36,14807.0,83093.78,9134.58,1,11,32641.0,71718.55,24002.0,9,32,41514.0,Y,5071.32,current,M,53,MEDIUM,16.5,7,245.0,1,14.0
12911,892,6718.0,40277.08,5928.0,3106.93,6570.04,27912.35,936.06,101.0,2,4,20,2,47,371000,1,1,1.0,1,161704.0,136466.0,1018.0,-4679.0,7549.0,22655.0,4.0,3,56190.0,90090.0,153808.0,5,20,85468.0,10183.56,111408.0,9,15,103468.0,Y,1557.5,current,M,66,LOW,36.800000000000004,1,249.0,1,9.0
12912,1303,17780.0,21034.3,10064.41,6377.0,1689.28,13964.11,1229.87,2.0,43,4,24,4,47,447000,1,1,1.0,1,48675.31,470000.0,51520.0,0.0,17030.55,74665.0,42.0,36,22539.27,28314.43,201472.0,11,7,492312.0,285604.5,24296.17,4,18,95800.0,Y,762.31,current,M,46,MEDIUM,20.8,4,370.0,0,19.0
12913,17855,11031.0,20261.0,5993.0,3696.06,800.12,2851.8,9450.85,8.0,85,35,3,1,47,164000,1,1,1.0,1,140291.6,400000.0,3975.0,-6301.0,27276.69,149202.09,147.0,17,22155.75,99607.47,46753.0,2,50,16433.0,36035.5,79268.0,1,1,19012.0,Y,12587.67,current,M,34,LOW,8.4,6,269.0,1,17.0
12914,10385,12088.0,18924.79,13900.2,9302.0,5603.81,8852.0,2444.31,15.0,128,87,3,1,11,330000,1,1,1.0,1,46056.7,6.0,5591.0,8572.0,37896.13,34000.4,70.0,4,198651.0,91257.03,30859.24,7,81,30812.0,11662.0,30053.0,47,32,20000.0,Y,1418.84,current,M,33,LOW,3.9000000000000004,8,511.0,0,9.0
12915,1693,135726.0,13442.5,168.5,11287.94,5054.0,20023.385,1074.94,6.0,22,50,1,4,13,47000,1,1,1.0,1,40440.4,136000.0,96558.0,1429.0,2117760.26,59154.0,77.0,7,31174.0,28584.7,51072.91,3,171,10040.0,140705.28,66632.83,2,13,16219.0,Y,1650.39,current,M,60,MEDIUM,12.0,5,259.0,0,8.0
12916,8905,89758.0,6559.77,4827.0,2071.0,3869.0,29601.0,614.0,6.0,601,59,22,1,14,306000,1,1,1.0,1,937.0,33668.0,100000.0,1411.0,35346.21,38272.0,90.0,1,12555.0,40978.8,34114.0,11,12,27718.0,25695.36,31435.29,2,11,9784.0,Y,0.0,current,M,53,MEDIUM,13.200000000000001,10,708.0,1,10.0
12917,7268,16558.0,16060.0,7018.45,49875.49,1098.0,2650.675,8322.0,1.0,17,29,1,38,1,494000,1,1,1.0,1,41883.6,42000.0,98472.0,-5715.49022999999,27227.0,26041.0,11.0,13,168292.0,15846.07,227839.97,1,42,34360.0,122408.13,47398.5,3,17,2373.0,Y,4465.71,current,M,35,MEDIUM,4.5,10,233.0,1,15.0
12918,9692,8843.0,3624.0,6495.0,25406.13,1212.0,11890.825,492.0,67.0,5,20,5,3,6,187000,1,1,1.0,1,48675.31,31000.0,50000.0,5773.0,41662.29,83716.0,18.0,15,20150.0,23821.33,31057.0,1,42,25662.0,99811.37,84112.0,58,68,23467.0,Y,2161.21,current,M,47,MEDIUM,18.900000000000002,2,355.0,1,20.0
12919,1130,5332.0,17782.0,12538.0,5019.5,3617.0,25434.3,1967.0,3.0,23,59,18,44,10,362000,1,1,1.0,1,811000.0,191000.0,11379.0,6916.0,18089.0,12076.0,42.0,35,265000.0,226060.13,46587.5,43,78,7940.0,24472.26,74649.5,2,103,10416.0,Y,5219.88,current,M,27,MEDIUM,2.8000000000000003,5,448.0,0,17.0
12920,2641,2507.0,3820.54,13494.0,966.02,11035.24,11758.0,221.0,26.0,26,86,2,3,30,47000,1,1,1.0,1,98543.96,172131.0,536.0,5773.0,62261.09,53500.0,20.0,4,22414.0,71861.68,29666.0,9,171,29375.0,12076.0,90348.5,21,0,45384.0,Y,12030.62,saving,M,40,MEDIUM,18.0,7,626.0,1,17.0
12921,6319,4714.0,9126.89,758.0,6418.64,7587.57,601.0,1798.19,57.0,65,42,48,25,1,167000,1,1,1.0,1,0.3,560000.0,731.0,6885.0,93458.47,52249.74,5.0,3,74953.0,554.99,39522.0,8,81,14010.0,57590.94,25571.0,5,24,84328.0,Y,8103.44,current,M,32,MEDIUM,9.600000000000001,4,485.0,1,15.0
12922,13589,12453.0,62268.29,3033.6,16844.43,1160.06,6155.2,9289.55,50.0,3,49,18,4,81,152000,1,1,1.0,1,1910215.0,26000.0,12337.0,9415.0,40854.52,30025.5,42.0,2,52854.0,64760.68,49346.0,3,6,28934.0,37085.42,140602.19,21,120,11443.0,Y,2445.76,saving,M,53,LOW,33.0,8,351.0,1,7.0
12923,5663,16691.0,150282.87,81184.52,5728.96,1847.0,111681.22,5347.43,16.0,30,44,20,14,47,225000,1,1,1.0,1,41070.0,38173.0,100000.0,-6335.0,110822.36,128116.0,18.0,15,19685.0,36167.88,30751.0,45,13,21643.0,25803.51,73777.0,22,100,35788.26,Y,661.11,saving,M,33,LOW,1.3,6,408.0,1,9.0
12924,18342,2467.0,2362.0,938.55,22860.15,975.0,74318.38,11821.0,24.0,10,50,3,5,3,358000,1,1,1.0,1,630.6,117890.0,30071.0,20513.0,29152.21,858761.92,11.0,2,20534.0,26412.16,540922.0,2,24,22742.92,26200.23,21572.0,5,12,31400.0,Y,21127.13,current,M,47,LOW,8.1,10,801.0,1,16.0
12925,1553,3619.0,13309.26,18773.0,3307.0,2716.01,2911.32,2519.0,50.0,84,72,6,2,30,125000,1,1,1.0,1,825.0,674291.83,2644.0,-5998.43994,297406.0,42482.0,3.0,26,20874.0,104136.75,218108.0,4,0,96358.0,118137.0,5130.0,2,104,16650.0,Y,5858.2,current,M,38,LOW,12.600000000000001,5,799.0,1,2.0
12926,11223,14397.0,15103.4,6399.0,897.97,3148.0,10731.96,14101.71,57.0,10,5,2,31,47,232000,1,1,1.0,1,942327.7,390700.0,2214.0,0.0,37525.99,60767.0,36.0,25,22579.0,163418.84,54989.0,4,6,138136.0,189445.58,80112.0,12,7,5691.58,Y,3379.82,saving,M,34,HIGH,9.8,7,324.0,1,18.0
12927,8883,10627.0,17162.16,2693.0,11526.61,34004.0,8672.0,1014.0,56.0,10,47,1,1,56,371000,1,1,1.0,1,977377.25,1971236.9,20089.0,-5439.0,92621.62,520369.0,55.0,3,106366.0,49991.15,22274.0,2,25,55223.0,60406.37,185927.0,2,24,109400.0,Y,82694.06,current,M,28,MEDIUM,0.8,5,428.0,1,13.0
12928,5572,13578.0,6327.82,5529.96,2244.55,4665.0,8213.0,4376.88,10.0,46,3,2,18,79,302000,1,1,1.0,1,45463.0,267421.4,50000.0,5340.0,36478.96,53379.13,42.0,1,83396.0,20231.0,23865.0,3,63,22338.0,156834.18,1814341.0,4,65,19671.0,Y,2332.22,saving,M,39,MEDIUM,5.7,9,245.0,1,9.0
12929,11573,10878.0,55586.0,2289.0,7784.0,4038.0,13696.0,2136.89,5.0,36,2,1,5,1,576000,1,1,1.0,1,4323.0,267421.4,69493.0,-4664.0,148829.71,10181.0,50.0,3,33847.0,172568.77,78175.0,4,20,11705.0,34493.45,48932.0,5,18,122697.0,Y,8610.32,current,M,37,MEDIUM,10.200000000000001,2,394.0,1,13.0
12930,12245,3346.0,986.0,2862.48,114030.76,7513.0,7719.0,3896.0,26.0,1,50,11,18,55,568000,1,1,1.0,1,4230125.0,100000.0,48500.0,5439.0,33820.47,48364.0,4.0,1,23867.0,37123.98,150144.0,2,8,14367.0,38791.99,25289.0,94,124,15038.0,Y,920.75,saving,M,33,MEDIUM,2.6,4,448.0,1,19.0
12931,7166,1501.0,43225.5,24024.13,2686.7,1093.25,40297.0,22633.42,66.0,601,84,3,6,81,46000,1,1,1.0,1,137553.95,119451.0,5797.0,-4612.00977,45257.76,36378.0,103.0,1,16673.0,10011.69,130695.0,1,82,20942.0,48341.81,37989.33,4,13,32157.0,Y,7500.03,current,M,38,MEDIUM,18.0,7,372.0,0,15.0
12932,383,10265.0,17875.0,4245.0,6371.0,547.0,2138.76,5504.0,59.0,11,89,1,1,47,443000,1,1,1.0,1,3247.5,76157.6,3975.0,-4324.0,146768.61,170139.0,70.0,4,42296.0,26537.26,138384.0,5,42,77595.0,55138.79,40718.0,117,3,75134.0,Y,1329.07,current,F,66,LOW,9.200000000000001,10,537.0,1,6.0
12933,6555,4118.0,9036.26,982.0,818.0,10246.0,872.0,8994.0,66.0,66,29,18,1,1,225000,1,1,1.0,1,15279.79,15300.0,50000.0,167.0,126132.65,40950.01,69.0,9,101617.0,18776.0,5180.0,50,23,18840.0,34397.21,49112.35,12,21,27367.25,Y,1131.9,current,F,38,MEDIUM,9.0,3,639.0,1,19.0
12934,13766,4392.0,61339.12,56085.6,31128.73,3187.8,19046.515,5561.0,104.0,23,35,50,21,1,17000,1,1,1.0,1,2184.0,822659.0,43798.0,-5998.43994,27805.39,38272.0,35.0,3,34617.0,22585.94,50693.0,2,50,28738.0,34057.87,23409.0,18,79,38859.0,Y,7629.97,saving,M,37,HIGH,13.600000000000001,1,805.0,1,17.0
12935,3956,128066.0,13915.04,4096.0,18480.65,908.0,8467.16,2510.0,6.0,10,1,47,27,42,845000,1,1,1.0,1,4400.0,11982.0,48500.0,1332.0,40940.25,25067.0,42.0,6,34850.0,5300.0,27246.0,10,5,16575.07,21207.0,41191.0,3,113,33411.0,Y,1937.81,current,M,35,MEDIUM,10.5,6,814.0,1,12.0
12936,1497,18712.0,86759.58,15068.0,55253.61,3084.5,3554.47,725.0,4.0,128,29,15,51,67,494000,1,1,1.0,1,8209320.0,150000.0,29542.0,8723.0,19504.75,260304.81,16.0,3,42795.0,134038.57,14296.0,0,23,16249.0,7159.9,16306.0,62,106,30786.1,Y,11340.54,current,M,66,MEDIUM,13.8,10,887.0,0,16.0
12937,13038,19837.0,5255.54,18672.34,362.5,4455.68,6855.09,1813.0,3.0,85,4,8,2,42,100000,1,1,1.0,1,3486840.0,50000.0,618.0,5464.0,10303.25,39417.0,59.0,7,58281.0,24798.99,36074.0,1,50,7047.05,26693.45,8258.0,7,25,28051.0,Y,1912.47,current,M,32,HIGH,7.2,2,644.0,0,19.0
12938,6695,19200.0,10917.33,6042.01,55254.81,1101.0,14182.8,908.0,44.0,36,112,1,2,4,155000,1,1,1.0,1,111.0,560000.0,15654.0,-3625.0,22653.25,24839.0,3.0,35,58727.0,77752.41,57457.0,7,25,21754.0,40671.35,73781.47,94,7,47908.0,Y,6794.21,current,M,32,MEDIUM,8.4,4,626.0,1,9.0
12939,2986,98271.0,8461.0,9222.48,2136.97,4414.76,19982.35,51426.0,1.0,13,50,4,2,55,345000,1,1,1.0,1,510.6,76157.6,908.0,12415.0,46865.21,25248.0,11.0,3,31105.3,111194.57,55262.0,1,5,11500.0,16919.5,195387.0,18,83,24321.0,Y,2583.17,current,M,34,MEDIUM,7.0,6,508.0,1,11.0
12940,6545,13381.0,75470.76,556.3,649.0,7260.5,798.02,10377.0,32.0,43,82,57,2,1,483000,1,1,1.0,1,78472.48,64491.0,508.0,1465.0,20167.22,83642.0,55.0,3,59103.0,5028.0,15941.0,1,20,99440.0,122262.92,29247.0,2,80,726920.0,Y,2802.35,current,M,27,MEDIUM,0.7000000000000001,10,269.0,1,20.0
12941,2770,2385.0,30287.51,5607.23,14251.52,1586.16,20537.45,13808.0,1.0,5,89,17,1,4,326250,1,1,1.0,1,53374.97,68663.61,248000.0,977.0,81568.39,58191.74,5.0,5,36576.0,61073.75,89939.0,2,171,17883.0,89880.61,41019.0,2,35,14600.0,Y,16320.52,saving,M,32,MEDIUM,10.8,3,683.0,1,10.0
12942,14360,20363.0,1662.5,8190.92,5085.0,1175.0,16142.0,637.0,531.0,18,7,57,2,64,199999,1,1,1.0,1,5468.0,350000.0,2644.0,-5439.0,70615.0,505114.0,11.0,6,53575.0,29153.68,45050.0,3,82,24122.0,130385.31,95458.0,2,12,20160.0,Y,2224.76,current,M,30,MEDIUM,8.0,3,523.0,1,17.0
12943,8335,12174.0,1627.755,782.0,8800.42,4411.4,21796.0,8560.56,136.0,9,27,5,3,14,39000,1,1,1.0,1,510.6,470000.0,78309.0,-5998.43994,31539.27,4252.38,36.0,7,11457.0,63240.0,58561.0,9,20,113882.0,67181.6,15891.0,6,13,13657.0,Y,2574.92,current,M,38,LOW,14.4,1,249.0,0,19.0
12944,19952,13532.0,1163.0,4416.5,1833.42,574.0,644.5,6324.0,6.0,36,64,5,6,9,198000,1,1,1.0,1,39851.93,106398.0,12611.0,3735.0,54417.0,272646.0,46.0,18,120500.0,24350.63,70249.3,1,8,202500.0,24596.36,2407.0,6,79,21072.0,Y,4829.14,current,M,42,MEDIUM,22.0,5,566.0,1,3.0
12945,6426,15261.0,25682.09,4135.15,1588.2,5563.0,2587.54,8214.0,2.0,6,6,25,4,11,59000,1,1,1.0,1,21220.0,77965.0,13873.0,2351.0,44792.63,182092.0,7.0,13,72445.0,86841.42,58041.0,4,20,20184.0,62205.96,22499.0,94,11,26033.0,Y,19139.28,current,M,29,MEDIUM,2.7,5,700.0,1,14.0
12946,11829,333653.0,1119.96,2969.0,84901.38,2101.0,9726.46,1632.0,4.0,9,49,50,1,79,199999,1,1,1.0,1,24832.0,25404.0,462.0,-4679.0,20814.88,86128.0,11.0,4,5800.0,15393.66,31095.5,3,11,37782.0,72614.47,495690.0,36,49,48698.0,Y,3974.65,saving,M,34,LOW,4.2,2,385.0,1,11.0
12947,14523,127649.0,5882.0,4843.0,906.0,2267.5,12125.0,3561.0,1.0,14,47,2,45,56,267000,1,1,1.0,1,148705.0,278360.16,927.0,0.0,44578.6,111558.46,5.0,13,33583.0,13251.5,38384.36,12,2,69547.0,32836.82,95679.56,14,61,46305.0,Y,6835.51,current,F,27,MEDIUM,0.7000000000000001,4,523.0,0,19.0
12948,17035,2705.0,9205.84,2938.52,6749.0,10307.84,8013.0,3802.0,4.0,23,105,18,7,9,576000,1,1,1.0,1,1664.4,393201.39,1255.0,3323.0,105055.3,30549.0,1.0,4,33732.0,135202.75,38262.0,1,46,29198.0,105181.45,54782.0,4,12,22636.0,Y,8085.51,saving,F,62,LOW,16.8,5,614.0,0,16.0
12949,761,9409.0,40137.525,2361.55,39567.06,1334.03,3555.45,802.0,1.0,3,52,42,2,56,34000,1,1,1.0,1,13180.0,376600.5,1374.0,-6885.0,26399.89,11853.0,7.0,5,17490.0,19788.9,118230.52,5,82,222818.0,14434.63,57308.0,21,32,0.06,Y,17057.76,current,M,28,MEDIUM,7.2,9,626.0,0,16.0
12950,11252,2889.0,28854.16,3846.0,3114.0,1015.0,206.0,4005.0,2.0,2,9,1,1,98,524000,1,1,1.0,1,135067.6,59306.0,5540.0,8572.0,38900.08,48286.0,35.0,5,24226.0,190323.0,252204.0,6,24,27809.0,16632.32,46929.75,3,40,31900.0,Y,36.54,current,M,27,MEDIUM,5.6000000000000005,2,743.0,1,9.0
12951,12688,1477.0,2465.865,1905.0,18600.0,1247.84,16570.0,1140.0,531.0,10,2,6,1,30,59000,1,1,1.0,1,270.0,10767.53,2644.0,20513.0,23786.76,22472.0,11.0,5,46777.0,46185.85,41584.0,5,1,30852.0,83154.0,538382.0,94,10,109488.0,Y,269.8,current,M,62,MEDIUM,25.200000000000003,1,324.0,1,19.0
12952,4416,88631.0,6057.0,21787.0,4430.01,77831.56,17780.25,32432.0,23.0,11,44,2,3,30,784000,1,1,1.0,1,510.6,93.35,462.0,12415.0,27213.34,69477.0,11.0,36,12048.0,201232.73,30127.0,1,171,38211.0,48549.17,40134.0,21,1,24993.0,Y,3400.98,current,M,32,MEDIUM,8.4,7,363.0,1,2.0
12953,3018,8047.0,2101.0,6370.0,12887.0,3759.0,10798.0,2442.07,57.0,5,20,5,3,1,366000,1,1,1.0,1,600650.0,11772.76,49975.0,0.0,38332.76,19039.5,43.0,5,28935.0,36835.89,62326.0,9,20,13738.0,753916.18,88727.0,58,18,19086.0,Y,2481.04,current,M,37,MEDIUM,3.4000000000000004,1,723.0,1,14.0
12954,5073,11993.0,3457.0,26889.0,14420.34,4402.34,33900.0,16597.0,66.0,23,73,4,2,6,34000,1,1,1.0,1,1502126.3,64491.0,891.0,-4664.0,49345.14,27897.0,24.0,26,56225.0,26576.89,40283.0,6,16,30192.0,64563.76,155263.0,14,18,15497.0,Y,18822.15,current,F,42,MEDIUM,19.8,9,743.0,0,9.0
12955,6013,9061.0,2084.35,542.0,3296.0,6841.3,13643.0,3098.0,7.0,18,1,2,3,5,267000,1,1,1.0,1,47.45,1187335.5,48950.0,173.0,58383.27,44127.0,147.0,4,27199.0,66921.0,30888.37,3,81,33492.0,67201.5,144892.29,1,24,22620.0,Y,9372.41,saving,F,49,MEDIUM,11.600000000000001,7,700.0,1,8.0
12956,18954,402837.0,7001.0,1176.2,2233.93,388.22,9413.42,1798.19,53.0,10,82,8,44,2,119000,1,1,1.0,1,201133.0,64491.0,1018.0,-5942.0,54038.75,12756.0,4.0,35,22103.0,8001.0,57235.0,1,6,29964.0,91101.13,66219.0,4,104,35334.0,Y,2060.86,saving,F,33,MEDIUM,11.700000000000001,9,244.0,1,13.0
12957,15337,1743.0,14771.0,7915.12,2907.0,7437.0,6517.67,901.25,12.0,26,61,24,4,8,53000,1,1,1.0,1,24832.0,31000.0,20887.0,9415.0,22460.47,40215.0,6.0,13,24872.0,32825.36,22700.97,2,5,24384.0,3488.08,41758.0,117,65,17260.0,Y,2768.28,current,M,35,MEDIUM,10.5,8,525.0,1,14.0
12958,13558,9788.0,14502.46,3894.08,42941.84,4291.4,4870.5,9407.0,6.0,18,50,7,17,9,518000,1,1,1.0,1,47024.8,267421.4,33330.0,2351.0,235.0,49284.0,91.0,19,36677.0,3901.0,35872.72,1,108,17087.36,52365.83,520896.0,4,12,30994.0,Y,19572.45,current,M,40,MEDIUM,14.0,9,743.0,1,6.0
12959,19471,15847.0,2085.95,518.0,14732.5,10764.0,17658.005,841.6,12.0,71,14,1,2,11,44000,1,1,1.0,1,1641785.0,150000.0,8060.0,-4664.0,98681.04,64794.0,22.0,3,20855.0,2097.36,27209.0,2,13,37498.0,63125.5,345075.0,7,8,141392.0,Y,4978.08,current,M,37,MEDIUM,17.0,2,535.0,1,15.0
12960,13525,4829.0,13663.09,255.0,2981.16,2327.0,7766.9,34422.0,10.0,61,4,24,1,56,358000,1,1,1.0,1,26335.7,230000.0,787.0,2337.0,42022.49,442248.0,29.0,1,52775.0,36797.37,54091.87,2,29,39671.0,17606.0,4326.41,49,49,17086.0,Y,2200.59,saving,M,53,MEDIUM,19.8,10,620.0,1,12.0
12961,14972,3961.0,1031.92,3092.14,34946.96,39005.3,4451.585,12888.76,43.0,26,2,1,2,17,28000,1,1,1.0,1,568.8,470000.0,891.0,1332.0,89961.06,10012.0,11.0,2,25522.0,199749.82,315338.61,35,108,19931.0,28507.41,80546.29,62,2,54650.0,Y,756.18,current,M,35,MEDIUM,12.0,1,818.0,0,12.0
12962,15471,5505.0,7386.12,6438.0,1931.81,3268.0,492.48,2136.0,8.0,36,16,2,3,4,28000,1,1,1.0,1,76780.0,50034.93,51520.0,-6281.37987999999,62313.75,54212.14,0.0,0,15315.0,46493.0,2631.0,2,50,50675.0,32656.53,256354.0,6,76,27447.0,Y,5148.42,current,M,49,LOW,5.800000000000001,7,249.0,0,5.0
12963,4731,7628.0,8683.49,15261.0,1800.0,6755.0,9353.9,3528.0,10.0,128,10,30,71,34,533000,1,1,1.0,1,2173459.0,104000.0,25524.0,5439.0,83493.92,106978.0,3.0,1,6004.0,28789.12,23052.0,31,50,66196.0,255860.4,38392.5,13,103,62304.0,Y,64043.88,current,M,47,MEDIUM,13.5,8,880.0,0,5.0
12964,11012,118922.0,16273.08,110.0,27037.98,4036.8,1594.0,272.0,66.0,10,14,18,2,5,240000,1,1,1.0,1,544500.0,39833.19,12611.0,7984.0,62493.47,18282.0,11.0,7,29660.0,61882.0,49137.5,43,108,47592.0,80490.7,10510.38,6,80,18869.0,Y,6609.79,current,M,47,MEDIUM,16.2,1,511.0,1,18.0
12965,1088,497.0,11897.66,18730.92,11965.0,1174.0,14728.13,1944.0,19.0,71,4,1,1,1,13000,1,1,1.0,1,46056.7,162288.3,8060.0,844.0,38220.08,10296.0,35.0,0,15899.0,52503.5,53958.0,3,6,19694.0,14407.76,99477.5,117,10,44310.0,Y,2908.44,saving,M,31,MEDIUM,7.7,2,805.0,1,12.0
12966,10238,15260.0,4390.54,4237.6,3617.59,5979.91,7275.765,959.27,10.0,27,7,48,36,3,225000,1,1,1.0,1,24832.0,117890.0,610000.0,-5715.49022999999,27627.69,29627.0,77.0,2,26518.0,18428.27,74340.5,5,6,31930.0,33892.42,93730.0,12,73,15088.0,Y,2872191.3,saving,F,27,MEDIUM,2.8000000000000003,7,802.0,0,8.0
12967,1457,286185.0,127943.0,747.0,2425.0,1334.0,26672.51,1338.0,60.0,85,2,47,2,5,301000,1,1,1.0,1,13929.95,536874.6,2019.0,-5998.43994,46.25,35439.0,10.0,4,20026.0,44767.27,56328.5,43,13,14100.0,75958.9,59488.0,18,1,55197.61,Y,57389.07,current,M,120,MEDIUM,80.0,9,966.0,0,7.0
12968,6445,19815.0,10525.55,2537.0,12683.56,2243.3,7394.42,3501.5,15.0,15,14,1,3,26,125000,1,1,1.0,1,39851.93,560000.0,19400.0,10210.0,27497.0,57956.74,42.0,5,45422.0,68674.34,102522.0,5,75,3859.0,145703.25,25472.0,3,13,11648.84,Y,2355.35,current,F,33,MEDIUM,2.6,2,588.0,0,6.0
12969,12255,17488.0,47468.82,4239.0,1029.46,21741.0,2359.0,10377.0,17.0,77,50,1,1,9,256000,1,1,1.0,1,510.6,244483.3,105000.0,13135.0,24560.25,29768.41,4.0,31,51606.0,21321.48,50807.0,9,44,3700.0,41559.47,29298.59,3,65,11853.81,Y,1246.27,saving,F,30,MEDIUM,9.0,3,248.0,0,2.0
12970,2982,16311.0,10766.62,1963.2,1543.97,6315.81,10835.17,14776.0,67.0,5,16,2,2,86,358000,1,1,1.0,1,136000.0,308615.5,711.0,5350.0,142487.0,47739.91,29.0,33,23867.0,11884.25,66983.02,2,20,249900.0,18931.0,175935.05,3,58,41241.0,Y,1632.6,current,M,32,MEDIUM,6.0,9,638.0,1,4.0
12971,6102,2740.0,10260.95,3899.0,21346.25,6864.0,51101.0,6169.0,50.0,19,1,2,1,8,240000,1,1,1.0,1,27316.5,42723.0,550.0,6885.0,76899.87,41872.0,18.0,2,34651.0,142989.24,92879.0,3,20,36456.0,149576.73,89274.0,47,35,129018.0,Y,906.2,current,M,56,MEDIUM,7.2,8,683.0,1,20.0
12972,12480,8082.0,2704.0,3892.0,13395.22,1500.65,11684.82,12131.47,25.0,85,32,2,36,1,152000,1,1,1.0,1,44331.81,10701.0,2841.0,3897.0,67992.26,114260.0,12.0,6,30056.0,20544.65,26276.0,3,6,164045.0,52073.02,13205.0,7,8,13382.0,Y,2768.28,current,M,118,MEDIUM,68.60000000000001,4,538.0,1,19.0
12973,12806,11118.0,40018.01,830.0,2947.98,8297.25,10094.85,928.34,101.0,31,19,3,1,67,479000,1,1,1.0,1,140291.6,500000.0,68000.0,5439.0,3979.25,30093.0,69.0,7,57194.0,40704.79,182179.7,2,82,23833.0,67339.89,19563.0,4,39,14150.0,Y,1380.49,current,F,46,MEDIUM,13.0,4,351.0,0,18.0
12974,604,10749.0,25423.4,11327.9,2774.12,4726.96,2859.0,1497.5,3.0,9,84,45,27,68,188000,1,1,1.0,1,95.0,76365.24,908.0,5773.0,15963.82,14088.0,4.0,2,94300.0,27535.1,74926.0,12,108,21232.0,141593.19,52168.0,5,42,481.0,Y,5324.51,current,M,33,LOW,9.1,8,858.0,1,13.0
12975,6732,389608.0,3643.28,23128.0,5139.67,1048.0,8397.0,1097.0,8.0,4,10,50,6,26,369000,1,1,1.0,1,7089.7,134000.0,23500.0,2008.0,8361.22,29925.0,18.0,7,14367.0,49339.95,38636.0,9,12,50172.95,244352.22,59951.04,3,3,12647.0,Y,2250.0,saving,M,39,MEDIUM,19.0,3,244.0,1,19.0
12976,8706,323184.0,18399.41,20422.82,17947.91,4045.0,4481.05,2027.0,4.0,30,30,1,9,1,59000,1,1,1.0,1,14781.5,248710.0,2644.0,6885.0,58554.0,75871.0,6.0,3,12871.0,39476.05,7067.35,2,20,25700.0,123493.93,51306.0,3,32,76506.0,Y,3887.92,current,M,37,MEDIUM,5.1000000000000005,7,685.0,1,16.0
12977,18760,11802.0,876.5,5164.0,5522.93,3272.9,9287.0,3765.8,2.0,71,50,57,44,4,576000,1,1,1.0,1,71020.5,165916.18,1762.0,167.0,123511.99,45998.0,17.0,1,22967.0,155698.78,28224.0,3,16,27884.0,32493.75,50475.0,2,14,31342.0,Y,316.04,saving,M,44,LOW,2.4000000000000004,3,633.0,1,8.0
12978,7453,12708.0,110166.2,3943.58,20323.01,652.5,1559.58,3126.0,8.0,30,9,50,3,31,156000,1,1,1.0,1,59703.93,104000.0,13873.0,167.0,56723.96,47097.0,8.0,2,30477.1,42489.79,47761.0,3,69,81500.0,47561.89,19389.0,13,35,22411.0,Y,11933.35,current,M,44,MEDIUM,7.2,1,863.0,1,4.0
12979,15987,17854.0,6754.18,2544.65,17947.45,4927.23,8576.83,849.0,29.0,18,3,2,2,1,255000,1,1,1.0,1,45463.0,280000.0,155205.0,5340.0,18311.75,91400.83,3.0,4,26717.0,29665.06,33869.0,41,82,49847.0,26349.26,92366.0,6,103,79464.0,Y,7151.5,current,M,53,MEDIUM,3.3000000000000003,2,914.0,1,12.0
12980,12360,9227.0,25256.68,43265.22,77910.3,2223.05,3586.91,473.59,8.0,19,87,1,4,13,330000,1,1,1.0,1,3786.9,326326.9,16114.0,4795.0,74362.82,82400.29,12.0,4,11034.0,3077.5,69813.0,2,5,79950.0,46639.5,74081.0,21,12,78256.0,Y,2895.71,current,M,31,LOW,1.1,5,656.0,0,19.0
12981,9362,13598.0,27483.07,4086.0,19636.27,321.79,66228.0,11110.5,6.0,66,89,1,2,8,406000,1,1,1.0,1,9624.6,82907.34,100000.0,173.0,90102.5,246034.0,10.0,3,36633.0,157.0,42054.0,19,12,31937.92,21526.75,122869.0,94,65,52846.0,Y,462.3,current,M,63,MEDIUM,25.8,4,708.0,1,12.0
12982,19060,207425.0,2126.76,1774.0,13911.0,384.58,8575.8,16575.05,100.0,30,74,10,3,34,267000,1,1,1.0,1,825.0,134890.0,78309.0,20513.0,73367.65,901.0,40.0,1,73066.0,13937.34,89421.5,9,50,44013.0,26447.89,32116.5,8,20,97439.0,Y,19604.97,current,M,28,LOW,8.0,10,535.0,1,4.0
12983,6531,16189.0,17875.92,7209.0,2238.0,5647.0,9470.76,9055.18,1.0,85,14,1,9,79,58000,1,1,1.0,1,53374.97,440000.0,96558.0,5350.0,58843.68,154598.0,89.0,4,21006.0,113684.51,99630.76,9,70,35052.0,60508.87,34831.0,6,25,22447.0,Y,946.53,current,M,62,MEDIUM,29.400000000000002,7,267.0,1,16.0
12984,2944,3143.0,13962.79,2116.0,10401.57,3106.25,20961.0,8363.88,7.0,93,4,30,15,9,10000,1,1,1.0,1,205595.43,97000.0,6966.0,0.0,15470.25,382222.0,82.0,36,20520.0,418268.0,6169.0,1,78,14121.0,65644.31,25018.0,3,3,13215.0,Y,8757.9,current,M,64,LOW,39.6,4,355.0,1,20.0
12985,12087,17395.0,10810.0,5020.48,4972.0,2243.3,9881.65,169.0,7.0,65,653,60,21,70,127500,1,1,1.0,1,148705.0,16671.0,25524.0,5773.0,282248.5,50084.0,16.0,4,76505.0,54220.6,23741.0,3,50,23284.0,25762.5,50699.0,8,104,16785.0,Y,171.2,current,M,35,MEDIUM,13.5,5,708.0,1,4.0
12986,12139,2493.0,51892.76,2153.84,10140.39,1572.0,5961.71,5693.24,7.0,29,13,24,4,11,27000,1,1,1.0,1,65887.8,895000.0,1446.0,6885.0,103783.05,172663.0,55.0,35,59992.0,62733.5,100118.0,3,0,27192.0,4592.97,95295.0,12,7,860.0,Y,6603.9,current,M,40,MEDIUM,12.0,2,488.0,1,3.0
12987,14704,10295.0,702.55,814.0,12032.83,1828.96,59609.0,3154.1,6.0,22,3,48,56,17,110000,1,1,1.0,1,115.45,119445.0,48950.0,19765.0,12118.0,7243.0,20.0,13,8554.0,20807.36,39030.0,35,31,41990.0,297444.0,24920.08,62,103,65573.0,Y,3379.82,current,M,35,HIGH,7.5,5,366.0,1,20.0
12988,16530,15755.0,9656.06,3908.94,1098.0,997.62,6934.0,617.0,18.0,47,84,25,6,6,520000,1,1,1.0,1,47299.5,86868.0,48888.0,-4664.0,758030.89,9839.0,36.0,2,33491.0,89998.9,56221.0,70,27,39425.0,203107.31,180437.0,6,79,27628.0,Y,40438.02,current,M,33,MEDIUM,9.1,4,623.0,0,14.0
12989,9903,10030.0,21508.0,3563.0,21257.0,7355.0,7671.0,2537.0,16.0,29,11,7,2,10,565000,1,1,1.0,1,546565.5,93.35,798.0,19765.0,2267.25,130207.05,48.0,1,31455.0,22591.49,51091.0,4,81,8479.16,18073.75,29210.0,39,58,10969.0,Y,747.23,saving,M,56,LOW,21.6,6,454.0,1,13.0
12990,10356,18069.0,19041.49,15950.0,1783.0,4274.84,17344.0,533.0,44.0,84,112,25,1,1,52000,1,1,1.0,1,31454.1,760470.3,50000.0,-12179.0,82.25,87697.58,11.0,36,11500.0,24207.38,21956.0,1,8,48516.0,23244.25,65209.0,12,58,23986.7,Y,11337.66,current,F,66,HIGH,32.2,8,445.0,1,4.0
12991,15136,4299.0,30553.0,8012.0,4406.0,3693.96,7498.095,903.0,2.0,10,9,4,3,34,461000,1,1,1.0,1,5914.15,163.14,130000.0,-4679.0,70598.51,28917.0,11.0,7,21213.0,27350.0,15248.0,47,16,83123.0,26757.3,34088.0,3,32,90742.0,Y,15345.19,saving,M,35,MEDIUM,1.5,6,511.0,0,12.0
12992,13903,12551.0,36643.0,326.0,11837.31,10000.33,1759.0,2397.0,3.0,84,4,4,15,9,568000,1,1,1.0,1,5457.0,157000.0,768.0,20790.0,76100.51,30127.0,11.0,1,33721.0,33424.36,66181.0,35,77,25227.0,74751.02,121940.0,1,13,256626.0,Y,7209.41,current,M,33,MEDIUM,9.1,10,748.0,1,19.0
12993,14138,209225.0,16870.67,20216.0,13839.08,12917.35,6965.0,335.0,6.0,9,82,21,37,56,326000,1,1,1.0,1,2974.75,142608.5,28913.0,-4679.0,188319.35,30907.0,7.0,1,15786.0,73147.75,13601.0,1,28,91891.0,36960.51,195.0,2,0,29601.0,Y,2131.6,current,M,30,MEDIUM,5.0,7,254.0,1,4.0
12994,16174,18178.0,3742.0,6615.0,6213.68,527.17,5140.3,1834.08,24.0,65,14,21,7,5,240000,1,1,1.0,1,65640.0,253000.0,19400.0,19765.0,8913.0,53262.0,12.0,1,16789.0,115695.0,25074.0,6,86,32076.0,40904.52,38311.0,21,124,525000.0,Y,8477.94,current,M,35,MEDIUM,6.0,7,766.0,0,2.0
12995,2435,10567.0,178792.98,2846.6,9044.2,18915.0,27132.0,1129.52,8.0,5,6,52,25,47,202500,1,1,1.0,1,306961.5,482.6,12337.0,553.0,395528.48,27445.77,11.0,6,12871.0,13337.0,191144.0,50,7,56000.0,20485.12,33766.0,49,83,50201.0,Y,34723.41,saving,F,42,MEDIUM,13.200000000000001,1,801.0,1,4.0
12996,13776,19561.0,12889.56,8257.5,5315.1,8616.0,11418.63,349.0,57.0,23,7,3,38,1,124000,1,1,1.0,1,13929.95,50000.0,15654.0,-6281.37987999999,104341.62,57184.37,17.0,2,15132.0,88620.36,113029.5,4,12,42984.0,42280.15,39576.0,94,79,28943.0,Y,13164.63,saving,M,34,LOW,4.2,2,247.0,1,18.0
12997,16314,4749.0,72216.08,1916.9,2148.92,1561.72,204013.0,30180.0,4.0,31,52,60,25,11,17000,1,1,1.0,1,115.45,202560.0,678.0,6260.0,51102.0,90253.0,46.0,7,11342.0,19788.9,87156.0,6,25,25555.0,13764.8,38392.5,7,18,47301.29,Y,15221.31,current,F,30,LOW,10.0,4,656.0,1,3.0
12998,459,3864.0,4172.0,25792.91,8411.4,3167.97,3676.6,568.0,2.0,23,86,1,5,3,87000,1,1,1.0,1,506688.65,25000.0,4699.0,-6885.0,86718.87,279.0,3.0,3,32741.0,32875.17,71179.0,35,5,178243.0,53412.41,100824.76,4,0,1912.0,Y,9432.9,saving,M,33,MEDIUM,6.5,9,583.0,1,16.0
12999,7901,138183.0,2230.0,3451.57,15993.1,16060.0,26166.96,5328.0,5.0,77,4,2,2,67,581000,1,1,1.0,1,2216.0,28000.0,300000.0,-5942.0,75805.97,46606.0,4.0,3,240000.0,36573.99,25711.0,70,14,30613.0,3164.41,34336.25,21,40,126467.0,Y,489.26,current,M,35,MEDIUM,4.5,10,614.0,1,9.0
13000,13230,9518.0,35746.86,885.5,48901.62,899.8,5007.0,3121.04,28.0,10,38,1,2,6,472000,1,1,1.0,1,8762.96,82907.34,68000.0,2351.0,16847.64,203146.88,55.0,3,150470.0,26795.0,20090.0,43,20,16367.0,25261.66,25163.0,1,103,30780.0,Y,13313.61,current,M,120,MEDIUM,10.0,8,653.0,0,6.0
13001,9499,3552.0,6872.0,22079.65,2899.0,12392.13,1900.24,1454.0,14.0,23,13,2,26,70,147000,1,1,1.0,1,443.36,57479.0,6000.0,-4679.0,27327.99,21523.02,69.0,26,36190.0,21003.33,80326.5,2,27,94473.0,53991.49,31374.13,117,24,47400.0,Y,3538.49,current,M,120,MEDIUM,60.0,6,974.0,0,16.0
13002,4269,13612.0,18793.125,32366.0,34491.44,584.0,8506.43,5498.0,124.0,5,19,7,2,98,395000,1,1,1.0,1,5210.85,545000.0,56305.0,2008.0,29856.0,252852.0,9.0,35,33117.0,612551.06,110255.0,2,81,99150.0,66373.15,23370.5,2,32,3537.0,Y,20531.66,current,F,66,HIGH,36.800000000000004,10,535.0,1,8.0
13003,15213,11716.0,11053.5,1755.0,4604.0,1882.44,1959.965,236.0,7.0,1,82,1,5,54,461000,1,1,1.0,1,7089.7,1752254.0,15756.0,5464.0,30557.86,32708.0,12.0,2,92551.0,37422.75,24371.0,3,20,6332.0,137849.59,37113.0,2,83,30218.0,Y,9801.9,current,M,60,MEDIUM,24.0,10,123.0,1,10.0
13004,6895,5128.0,1890.56,142905.29,23396.92,4586.13,2897.0,2297.45,25.0,10,46,42,4,55,27000,1,1,1.0,1,1038501.78,465000.0,28912.0,-4324.0,12011.92,34039.0,22.0,7,29600.0,14064.57,97570.0,4,12,29051.0,23186.21,1912.85,5,124,26620.0,Y,2729.29,saving,M,47,MEDIUM,2.7,7,385.0,1,2.0
13005,3478,92326.0,8079.61,2602.0,10468.01,2132.86,11340.0,2842.0,6.0,66,89,22,1,9,87000,1,1,1.0,1,53530.07,253000.0,28985.0,0.0,15669.2,241463.96,12.0,19,63771.0,14689.5,25841.0,0,67,2382.0,83565.29,32024.0,3,83,104.0,Y,3980.61,current,M,44,MEDIUM,14.4,4,698.0,1,18.0
13006,14679,8559.0,2026.02,2225.49,4790.8,7260.5,6518.085,3844.0,18.0,1,74,2,46,56,290000,1,1,1.0,1,825.0,100934.0,183999.0,7478.0,305410.04,70060.0,69.0,7,34042.0,96267.72,62.37,2,8,32474.0,34321.58,123656.0,9,1,93297.0,Y,1805.69,current,M,35,LOW,6.0,7,914.0,0,14.0
13007,11309,7600.0,2247.0,2712.43,21065.13,2279.0,1557.75,12803.75,8.0,19,23,1,55,1,378000,1,1,1.0,1,4323.0,60000.0,230000.0,5340.0,72153.26,53882.0,42.0,3,35525.0,34095.13,40999.0,6,81,98066.0,26985.66,19660.5,7,103,37069.0,Y,27091.76,current,M,35,MEDIUM,10.5,3,296.0,1,19.0
13008,6523,14427.0,4049.65,6295.96,5892.05,2086.64,15581.0,15861.0,7.0,46,60,21,6,34,298000,1,1,1.0,1,153935.02,30007.0,300500.0,-5715.49022999999,44828.92,36811.26,3.0,17,10210.0,33017.0,11777.0,35,13,31937.92,62465.71,11772.0,2,11,18241.0,Y,2945.28,current,M,35,MEDIUM,4.5,6,723.0,0,18.0
13009,9269,20340.0,56060.42,4950.77,16017.48,25259.0,3361.3,501.24,44.0,7,82,1,2,98,429000,1,1,1.0,1,510.6,1513335.0,49975.0,1931.0,20871.75,51467.0,69.0,5,56667.0,28659.0,169.86,4,7,34406.0,35165.0,27272.0,6,73,66483.0,Y,7279.2,current,M,34,MEDIUM,8.4,4,485.0,0,10.0
13010,10761,10513.0,38363.99,29373.0,37640.98,428.0,16995.0,722.74,16.0,4,74,50,4,6,528000,1,1,1.0,1,124064.65,560000.0,50000.0,6613.0,35576.33,8184.85,2.0,0,22879.0,8299.0,197749.0,43,13,16950.0,24373.75,110555.0,5,120,12929.0,Y,492.78,current,F,46,LOW,10.4,6,454.0,1,7.0
13011,8109,6601.0,1007.0,626.94,10437.54,2086.64,11231.0,3733.0,2.0,29,32,11,12,77,44000,1,1,1.0,1,48675.31,500358.79,1515.0,5340.0,802.25,48172.0,42.0,9,51035.91,95178.75,33369.5,3,46,18783.0,51548.02,56687.13,9,3,176000.0,Y,4950.88,current,M,39,MEDIUM,3.8000000000000003,7,305.0,1,17.0
13012,7650,16233.0,60470.41,33286.77,78954.5,6515.64,11655.0,2240.0,19.0,77,29,2,3,17,784000,1,1,1.0,1,13929.95,267421.4,550.0,-5942.0,29525.63,80151.93,10.0,33,20004.0,5616.56,70769.0,23,8,17348.0,33562.5,238755.16,5,15,30014.0,Y,5218.06,current,M,40,LOW,2.0,5,249.0,1,3.0
13013,12985,8915.0,4327.15,1912.66,8609.0,860.0,1049.0,3365.37,44.0,65,10,1,18,6,187000,1,1,1.0,1,4110.0,93.35,130000.0,2921.0,284887.67,245240.91,52.0,2,12555.0,77745.31,56153.0,5,28,35500.0,41601.75,32572.0,5,38,40.0,Y,7112.99,saving,M,29,LOW,8.1,9,256.0,1,2.0
13014,19535,6484.0,9771.64,2340.23,13863.23,3170.65,8799.0,2229.5,10.0,4,1,1,46,31,375000,1,1,1.0,1,81872.65,280000.0,12000.0,2921.0,24849.87,244278.0,42.0,13,291262.0,36733.75,160685.92,0,11,17960.0,76328.34,28194.0,3,3,22720.0,Y,2076.92,current,M,56,LOW,21.6,3,269.0,1,11.0
13015,5406,117994.0,3758.6,1519.0,8132.8,6539.0,20230.09,2091.14,7.0,47,11,50,15,11,391000,1,1,1.0,1,5914.15,409168.15,1727.0,6885.0,57930.38,80288.0,4.0,30,96303.0,52187.39,33069.0,6,108,43838.0,120035.54,46643.0,2,17,14608.0,Y,1016.51,current,M,62,MEDIUM,16.8,1,354.0,0,9.0
13016,3304,5006.0,2602.5,4008.51,6493.67,23395.62,9272.0,15428.54,1.0,5,64,4,4,5,74100,1,1,1.0,1,13730.0,3.0,73217.0,1500.0,159190.26,53807.0,11.0,28,31176.0,166410.45,11184.0,4,28,75980.0,136484.77,5131.0,47,32,31901.0,Y,14007.84,current,M,62,MEDIUM,37.800000000000004,4,516.0,0,12.0
13017,18128,210917.0,102337.2,3444.37,105051.03,2835.07,8902.14,1574.0,4.0,30,1,53,2,3,650000,1,1,1.0,1,58121.25,308615.5,230000.0,-5942.0,3123.25,67131.0,18.0,13,38183.0,30042.04,18934.0,6,84,13808.0,14109.77,90166.0,4,9,17811.0,Y,2242.16,current,M,62,MEDIUM,21.0,9,244.0,1,19.0
13018,9977,135328.0,9126.89,20978.0,3741.0,11695.11,6097.0,7291.0,17.0,30,44,24,55,25,155000,1,1,1.0,1,154363.25,110135.86,4198.0,6613.0,81035.43,380492.0,11.0,43,20053.0,79307.0,24778.0,3,7,14032.0,23489.0,107654.5,6,3,128983.49,Y,14719.88,current,M,42,LOW,19.8,6,371.0,0,20.0
13019,17281,17659.0,16947.25,6917.83,16496.055,19645.0,717.0,4328.0,52.0,30,48,24,2,98,129000,1,1,1.0,1,208710.8,470000.0,12016.0,12174.0,12116.0,6087.0,32.0,4,15370.0,138501.78,318036.0,4,4,31945.0,38724.63,20796.0,94,8,60500.0,Y,4168.58,current,M,62,MEDIUM,25.200000000000003,6,537.0,1,11.0
13020,4209,448.0,786.0,10150.0,74434.0,8263.59,22858.0,1022.0,531.0,13,13,6,11,8,575000,1,1,1.0,1,270.0,42723.0,25000.0,-4679.0,346058.21,19248.0,62.0,2,16789.0,81477.49,12126.0,45,77,27063.8,98712.02,87853.0,4,75,12817.0,Y,2848.76,current,M,53,LOW,9.9,4,330.0,1,6.0
13021,10335,54702.0,2048.5,3100.53,10443.02,2798.29,5114.5,25862.28,5.0,4,49,24,3,98,193730,1,1,1.0,1,44331.81,29479.0,230000.0,5464.0,25274.38,26350.0,35.0,3,16636.0,108949.75,21815.0,2,8,33237.0,258647.5,4513.0,10,17,62636.0,Y,2027.41,current,M,46,LOW,2.6,10,299.0,1,4.0
13022,16036,92767.0,14502.46,1333.0,10806.99,2410.0,1285.04,4938.85,2.0,23,87,18,36,77,66000,1,1,1.0,1,1459500.0,101925.0,12611.0,-5715.49022999999,320788.76,37013.5,11.0,36,22178.0,2707.48,131002.5,70,86,54693.0,78146.0,77760.0,62,18,27047.0,Y,171.2,current,M,49,LOW,29.0,8,454.0,1,6.0
13023,16990,3613.0,10713.07,4226.6,8835.87,248.9,4639.75,8672.0,50.0,6,87,48,15,34,520000,1,1,1.0,1,21745.0,13299.0,38599.0,5340.0,64484.09,32166.0,10.0,9,72186.0,23001.0,25127.0,2,108,192866.0,18106.26,66870.5,7,26,2400.0,Y,2161.21,saving,M,35,MEDIUM,7.5,8,858.0,0,18.0
13024,17573,15244.0,51917.6,2754.62,1546.92,232.0,2074.84,5787.0,7.0,30,4,4,1,7,84000,1,1,1.0,1,68640.0,1475000.0,13873.0,6885.0,3024.0,59689.0,52.0,6,15480.0,40470.36,539351.0,43,31,107835.0,14175.33,35081.8,19,42,14152.0,Y,843.3,current,M,220,LOW,60.0,5,818.0,1,19.0
13025,5272,397448.0,7677.5,1352.0,6750.0,4591.62,17263.0,1359.0,32.0,71,67,57,4,2,362000,1,1,1.0,1,124929.75,1034285.63,891.0,2921.0,31894.55,95321.91,4.0,36,36349.29,19864.75,78105.0,45,8,32940.0,148679.9,33531.0,16,18,12817.0,Y,601.19,saving,M,29,LOW,3.6,8,623.0,1,9.0
13026,15329,11596.0,13720.0,1379.0,161981.96,1324.0,4231.385,542.14,10.0,66,84,1,44,70,104000,1,1,1.0,1,42460.6091,11897.0,1630.0,0.0,109576.88,90126.0,11.0,0,10825.0,23232.25,33869.0,50,8,37181.0,18664.09,1070512.08,1,36,31946.0,Y,3465.71,current,M,53,LOW,9.9,8,708.0,1,16.0
13027,16893,208699.0,13507.21,790.0,8219.1,2210.0,31648.29,699.1,8.0,84,9,62,60,17,198000,1,1,1.0,1,26218.0,189246.0,1052.0,-5998.43994,11066.96,19922.0,32.0,3,41698.0,25442.0,37655.0,1,171,20888.0,53739.5,121174.75,3,18,60627.0,Y,7812.33,current,M,31,MEDIUM,2.2,1,355.0,1,5.0
13028,4750,286990.0,25299.53,13166.4,26833.89,5599.0,24599.0,1889.0,7.0,32,84,3,4,42,477000,1,1,1.0,1,213557.15,970000.0,130000.0,6441.0,20303.1,48364.0,39.0,1,53610.0,15476.01,61018.0,4,20,40700.0,46018.0,330013.0,11,13,54365.0,Y,3679.49,current,M,64,LOW,30.8,3,249.0,0,10.0
13029,293,19946.0,41757.0,1036.0,9636.5,4262.0,23545.0,4985.0,24.0,32,5,5,4,81,326000,1,1,1.0,1,56.0,410000.0,2019.0,-5998.43994,134675.9,52792.0,84.0,26,203689.35,53287.25,29163.0,50,81,40826.0,32471.37,163030.0,4,1,69267.0,Y,734.74,current,M,40,LOW,14.0,6,867.0,0,9.0
13030,15022,10542.0,5182.85,1468.0,1863.0,3125.0,3370.79,619.52,100.0,11,72,1,18,67,525000,1,1,1.0,1,19866.0,134000.0,130000.0,-6885.0,115141.13,55505.0,42.0,2,15501.0,116574.0,46012.0,3,20,75155.0,41007.6,29651.51,93,113,36209.0,Y,2431.75,current,M,64,MEDIUM,22.0,1,883.0,1,11.0
13031,16662,17472.0,15569.0,3288.0,3750.43,7139.92,4398.0,5242.0,531.0,99,9,1,55,31,150000,1,1,1.0,1,111.0,10701.0,16068.0,6613.0,43949.94,2562.0,18.0,1,52120.0,18791.01,22018.0,3,5,26879.0,26515.33,45347.5,7,83,25715.0,Y,4253.74,current,M,33,LOW,9.1,7,537.0,0,3.0
13032,4394,17711.0,2857.2,5162.01,1503.25,17605.0,5824.605,11923.0,5.0,8,61,7,3,47,350000,1,1,1.0,1,825.0,465000.0,3975.0,0.0,50797.26,170897.0,11.0,1,43078.0,23403.15,46333.0,50,171,49088.0,73489.85,150479.0,13,32,31469.9,Y,2339.71,current,F,64,MEDIUM,17.6,4,588.0,0,13.0
13033,11212,15954.0,9348.0,1561.0,20283.92,894.0,12045.29,3250.0,6.0,23,50,5,2,77,528000,1,1,1.0,1,165907.57,93.35,25000.0,9415.0,54780.42,30703.0,10.0,7,13317.0,132867.64,47069.0,2,25,41674.0,89307.1,146688.14,94,52,36202.0,Y,15210.93,current,M,53,MEDIUM,23.1,4,863.0,1,19.0
13034,18555,10441.0,35424.0,1963.0,26176.54,2499.0,4804.9,2027.0,3.0,8,50,2,4,54,293000,1,1,1.0,1,6100.0,10701.0,12000.0,8362.0,156119.13,997.5,4.0,29,41500.0,56064.5,140004.0,2,81,37498.0,43950.62,52168.0,6,96,41432.0,Y,6070.37,current,M,32,MEDIUM,9.600000000000001,7,258.0,1,19.0
13035,1815,13044.0,1767.76,2232.84,9351.71,1310.59,7178.5,1704.52,17.0,17,30,53,51,20,75000,1,1,1.0,1,72383.25,150410.0,30011.0,1444.0,23171.0,81321.0,40.0,4,65728.0,29157.2,258927.38,1,13,32137.0,63577.6,1768645.21,7,49,135251.0,Y,46579.26,current,M,62,HIGH,37.800000000000004,4,516.0,1,15.0
13036,4344,16500.0,12426.91,858.0,1674.0,4257.7,8525.385,11432.0,5.0,84,38,2,6,1,267000,1,1,1.0,1,33784.35,93.35,8333.0,5340.0,146783.77,60939.74,11.0,17,78750.0,96267.72,250344.36,11,59,43560.0,253.0,55364.0,3,64,27750.0,Y,1766.96,current,F,64,MEDIUM,30.8,10,268.0,1,6.0
13037,11643,391344.0,14958.0,4827.0,4395.76,1087.39,16406.0,1969.0,7.0,11,67,1,9,14,125000,1,1,1.0,1,4435.0,119831.0,90525.0,10210.0,150372.6,88844.76,42.0,4,100944.0,15290.31,51782.0,5,13,27395.0,22920.42,91.73,3,38,23870.0,Y,7291.46,current,F,37,MEDIUM,5.1000000000000005,7,957.0,1,6.0
13038,10542,18380.0,13991.7,347.0,104152.0,4659.5,32966.0,8641.0,10.0,2,44,24,14,4,100000,1,1,1.0,1,4323.0,105000.0,4367.0,17080.0,18246.13,26206.41,84.0,19,17870.0,19991.76,54864.33,2,6,19800.0,11073.6,62230.0,3,15,34170.0,Y,6633.55,current,M,35,LOW,15.0,5,606.0,0,12.0
13039,17961,9863.0,30657.0,9624.0,9617.6,2248.51,1273.5,6066.0,14.0,18,112,18,1,17,375000,1,1,1.0,1,9649.6,223379.4,6100.0,6916.0,187213.01,7826.5,12.0,0,13907.0,64760.68,53703.0,31,20,37376.0,137127.91,29999.0,8,2,67045.0,Y,5333.82,current,M,30,MEDIUM,9.0,9,708.0,1,8.0
13040,14939,16810.0,40531.1,4531.0,1828.8,3045.53,12023.1,1386.0,531.0,65,82,25,55,54,595000,1,1,1.0,1,24832.0,201000.0,787.0,0.0,24659.53,44789.0,46.0,2,24406.0,121819.35,201513.81,43,20,26942.0,35410.44,13232.41,36,63,19038.0,Y,17.31,current,F,44,MEDIUM,24.0,7,394.0,1,14.0
13041,9352,14477.0,6268.8,18225.0,7934.98,2327.0,7766.895,2033.0,4.0,1,61,47,21,56,366000,1,1,1.0,1,41070.0,221000.0,6100.0,-6885.0,60439.85,46795.0,11.0,2,27826.0,15427.08,60463.0,7,6,48551.0,54287.75,95882.0,42,32,113745.0,Y,23029.76,current,M,31,LOW,7.7,2,259.0,1,17.0
13042,17030,342270.0,2534.0,9214.0,5938.54,6682.49,1579.73,2377.0,44.0,128,47,48,25,39,461000,1,1,1.0,1,1234298.9,30453.0,1018.0,5350.0,56815.08,278161.0,11.0,1,67706.0,36519.0,79829.0,8,63,79864.0,28291.34,68745.81,8,87,16873.0,Y,1072.58,current,M,33,MEDIUM,7.800000000000001,3,351.0,1,15.0
13043,9408,7507.0,23255.68,5339.9,23324.0,1583.44,11195.445,1634.91,531.0,1,117,2,15,42,10000,1,1,1.0,1,76.0,182359.2,8943.86,2500.0,231351.71,21755.0,77.0,3,20890.0,5009.88,5053.05,1,12,1117.48,107565.3,29002.0,7,73,27040.0,Y,31745.07,current,M,36,MEDIUM,9.600000000000001,3,506.0,1,6.0
13044,16737,395456.0,6347.31,2072.05,4976.44,16791.0,8236.0,12743.0,28.0,43,112,2,6,62,338000,1,1,1.0,1,692.5,1194405.5,711.0,977.0,118264.64,112720.0,62.0,1,52120.0,29222.3,50361.57,5,50,20309.0,12072.78,53312.0,5,11,18600.0,Y,3851.03,current,M,47,MEDIUM,27.0,9,623.0,0,17.0
13045,11364,9223.0,11425.01,10562.9,13676.91,3383.0,5430.08,8952.0,16.0,8,1,6,36,98,17000,1,1,1.0,1,1082.4,100934.0,36114.0,3897.0,11469.74,35356.0,10.0,3,71614.0,22469.23,9233.0,6,40,122301.0,44470.49,32485.0,22,72,4650.0,Y,7132.59,saving,M,42,LOW,22.0,3,683.0,1,6.0
13046,9211,6176.0,6227.6,64470.75,8986.12,1178.0,42083.775,352.0,26.0,30,110,22,2,34,390000,1,1,1.0,1,45463.0,10701.0,10271.0,6613.0,32061.9,119323.0,55.0,2,30150.0,34941.5,69844.0,17,8,30543.0,224432.0,51684.0,4,104,87500.0,Y,25967.47,current,F,46,MEDIUM,13.0,2,737.0,1,10.0
13047,16879,8797.0,11395.88,5612.05,17818.89,3106.25,1906.55,3903.0,1.0,34,7,18,1,2,25000,1,1,1.0,1,48422.7,52000.0,1097.0,-4664.0,7504.25,27674.09,62.0,2,19188.66,46827.75,160685.92,2,108,84095.0,166784.92,45325.0,5,13,38564.0,Y,17267.91,saving,M,36,MEDIUM,11.200000000000001,3,331.0,0,8.0
13048,11238,20160.0,9816.75,2479.9,4997.75,506.42,2612.04,7458.82,32.0,18,3,3,15,26,178000,1,1,1.0,1,1831780.84,93.35,927.0,10210.0,100420.81,58056.0,18.0,1,19875.0,49674.24,37574.0,2,17,283399.0,78635.0,73699.25,3,11,57507.0,Y,33489.8,current,M,29,MEDIUM,6.300000000000001,7,698.0,1,6.0
13049,14712,10880.0,5995.0,8615.96,35045.0,475.2,6137.11,5456.27,7.0,71,9,47,2,3,199999,1,1,1.0,1,12057.2,117890.0,2214.0,-4664.0,19191.53,42317.05,95.0,19,52384.0,51617.64,18083.0,17,63,17968.29,131879.89,215646.0,94,83,8700.52,Y,583.68,current,M,53,LOW,9.9,10,123.0,1,14.0
13050,14338,12179.0,7921.215,9647.57,3044.27,1975.29,10149.935,5378.0,44.0,1,3,4,62,26,199999,1,1,1.0,1,53374.97,470000.0,3975.0,4795.0,95889.93,69258.0,11.0,3,30921.0,6074.08,43465.0,43,8,35443.0,3001.77,27338.0,14,104,18766.0,Y,16447.45,current,F,40,MEDIUM,20.0,9,818.0,0,14.0
13051,3551,129927.0,15501.7,5283.0,7516.08,8212.0,11678.415,1910.73,6.0,22,7,1,27,75,100000,1,1,1.0,1,94127.1,2625.16,3570.0,-3506.17993,26780.75,33818.0,4.0,26,13124.0,36703.0,36315.0,1,49,32452.0,33201.42,21106.0,16,15,116905.0,Y,1425.15,current,M,53,MEDIUM,26.400000000000002,6,867.0,1,17.0
13052,16693,11811.0,25701.44,1425.0,3257.48,1582.0,1367.52,806.0,1.0,2,1,62,1,4,402000,1,1,1.0,1,7713.51,158000.0,2644.0,7478.0,56693.32,23222.0,40.0,36,17063.0,33380.24,230261.0,6,16,109767.0,33024.95,297042.16,21,65,173.16,Y,571.05,saving,F,31,MEDIUM,9.9,10,966.0,0,13.0
13053,4751,3122.0,2161.0,12408.0,1383.84,3105.0,14237.165,62973.2,100.0,56,19,5,25,16,68250,1,1,1.0,1,4400.0,53749.0,300500.0,3735.0,55265.9,63937.0,18.0,26,103414.0,76394.71,252032.0,9,13,17177.0,5646.82,234762.75,21,52,42934.0,Y,13771.34,current,M,37,MEDIUM,17.0,8,968.0,0,16.0
13054,10683,11978.0,21499.0,18722.27,43109.56,4853.0,2522.0,1627.41,4.0,23,59,1,7,34,100000,1,1,1.0,1,19265.4,234459.4,565.0,173.0,120381.21,100139.52,4.0,36,19047.0,29451.0,41789.0,50,69,53581.0,90182.24,18646.0,36,106,44332.0,Y,2498.48,current,M,34,LOW,9.8,7,863.0,1,20.0
13055,2240,12339.0,14100.0,1192.0,39498.0,1953.0,4146.0,1928.63,1.0,6,10,30,25,6,85500,1,1,1.0,1,9649.6,278360.16,50000.0,5439.0,24154.38,59569.0,1.0,4,35606.0,14296.08,30832.0,1,20,34650.0,79419.77,38678.25,14,1,23443.0,Y,2098.55,saving,M,29,MEDIUM,1.8,2,268.0,1,15.0
13056,19810,5306.0,3776.39,8203.73,15164.0,10105.72,1798.01,705.55,31.0,47,64,3,51,54,329000,1,1,1.0,1,41070.0,399.09,3792.0,-4612.00977,41320.72,37114.5,20.0,2,93050.61,34941.5,34658.4,2,81,99168.0,100050.44,17148.0,42,11,22724.0,Y,11290.49,current,M,47,MEDIUM,10.8,9,536.0,1,17.0
13057,447,13945.0,5583.02,3327.8,27778.32,1285.0,2983.5,7054.0,26.0,77,35,2,18,1,300000,1,1,1.0,1,70310.6,24000.0,25728.0,20324.0,36917.76,114260.0,91.0,26,18762.0,89905.84,160957.0,1,8,45411.0,99119.76,477.0,94,8,54485.0,Y,6170.93,saving,M,53,MEDIUM,29.700000000000003,3,700.0,1,3.0
13058,9215,1509.0,64681.69,5709.41,581.59,1099.9,6011.045,623.0,8.0,10,60,2,1,3,443000,1,1,1.0,1,319201.67,784499.0,927.0,7478.0,19405.31,114490.99,48.0,7,46888.0,40180.75,115743.0,2,105,65245.0,151747.39,22860.0,6,1,21434.0,Y,15417.36,current,F,28,LOW,6.4,9,801.0,1,2.0
13059,5672,5987.0,1690.69,1839.5,53859.33,3649.0,4375.25,7584.02,1.0,10,50,4,1,8,245000,1,1,1.0,1,41883.6,33668.0,519.0,2921.0,26168.54,174698.79,4.0,3,14974.0,68266.57,62628.25,6,5,87692.0,39133.93,148411.18,28,124,14715.0,Y,468.49,current,M,46,LOW,18.2,2,454.0,1,2.0
13060,10663,10912.0,16084.5,2209.0,44831.6,2854.0,22342.8,3446.0,63.0,71,74,48,6,6,52000,1,1,1.0,1,140291.6,221000.0,1611.0,4314.0,34360.0,15232.0,42.0,31,59103.0,47813.59,155714.0,1,7,11541.0,9496.18,58560.0,4,76,78897.0,Y,261.01,current,M,35,LOW,1.5,4,924.0,1,15.0
13061,10159,21312.0,7408.0,13770.0,19193.13,598.76,24678.42,239.0,6.0,5,46,2,1,31,147000,1,1,1.0,1,22086.05,36880.0,24000.0,5464.0,354690.88,15503.5,18.0,6,17619.0,116045.48,54551.0,9,1,548735.0,265154.13,12913.0,58,13,3684.0,Y,2335.07,current,M,53,LOW,13.200000000000001,8,867.0,1,5.0
13062,3932,318224.0,7993.76,37365.92,9270.0,2731.0,16402.0,1876.0,63.0,18,112,48,7,5,35000,1,1,1.0,1,11018.5,118976.0,28985.0,3897.0,23731.0,124156.0,52.0,14,21215.0,2087.0,118189.69,43,171,17480.0,25803.51,80304.99,49,18,56558.0,Y,5754.51,current,M,47,HIGH,10.8,10,623.0,1,3.0
13063,7037,345844.0,10571.0,22319.0,1661.0,4255.76,1851.995,1408.0,6.0,1,72,3,1,6,256000,1,1,1.0,1,5688.0,237365.38,183999.0,-4679.0,56032.66,51367.0,39.0,2,24978.33,76080.85,9026.0,1,40,26942.0,126003.12,276893.68,47,67,32666.0,Y,42944.14,current,M,30,MEDIUM,10.0,10,966.0,0,12.0
13064,10804,17547.0,3656.63,5262.0,19053.4,10407.5,12837.0,3455.5,7.0,43,20,5,1,70,240000,1,1,1.0,1,39851.93,25404.0,500.0,10455.0,224132.57,38479.0,18.0,13,30317.0,98626.45,72997.5,45,8,38955.0,10029.0,49746.58,7,61,19034.0,Y,749.25,current,F,47,HIGH,16.2,3,503.0,1,10.0
13065,7939,11992.0,2872.9,6634.0,1294.54,8953.82,31908.5,11645.0,7.0,23,7,1,38,1,87000,1,1,1.0,1,170590.75,150000.0,12000.0,5464.0,30279.25,77527.0,32.0,30,35328.0,13236.99,42748.0,3,20,27850.0,32286.5,114954.0,5,50,41657.0,Y,1189.14,current,M,42,MEDIUM,13.200000000000001,10,867.0,1,12.0
13066,6717,222936.0,10757.3,9602.97,12050.27,3757.0,2093.54,1231.5,14.0,23,87,82,17,4,326000,1,1,1.0,1,140291.6,1631.11,519.0,1079.0,25631.32,81892.41,87.0,13,22730.0,53550.0,7930.0,5,11,23849.51,30131.79,42360.0,6,24,9721.0,Y,229.87,saving,M,46,LOW,18.2,3,723.0,0,5.0
13067,16739,130834.0,5084.0,1447.0,448.0,12366.0,6053.0,1401.0,7.0,71,50,3,2,3,471000,1,1,1.0,1,9608.3,482.6,6100.0,-4324.0,4032.0,40374.0,46.0,1,23030.0,130651.54,181009.0,0,81,9988.0,24665.36,42712.6,6,38,35418.0,Y,1659.82,current,M,37,LOW,17.0,9,631.0,1,9.0
13068,4417,86158.0,14891.92,5706.24,6206.0,9308.01,8744.0,1959.08,60.0,65,16,24,1,47,59000,1,1,1.0,1,4230125.0,376694.91,5797.0,3735.0,23592.3,58301.0,4.0,1,19489.0,190446.46,15413.0,10,24,94850.0,27262.77,6185.25,3,63,60923.0,Y,1076.28,current,M,47,MEDIUM,18.900000000000002,3,385.0,1,13.0
13069,17742,35813.0,22542.36,739.91,31903.2,288.0,2736.66,8626.22,124.0,3,35,5,15,47,313000,1,1,1.0,1,1417886.15,42723.0,51520.0,1500.0,97613.6,10739.0,10.0,30,84991.0,23161.06,49461.0,47,24,116000.0,81624.78,156825.0,4,12,51800.0,Y,2215.15,current,F,30,MEDIUM,5.0,4,249.0,1,5.0
13070,7758,6011.0,1703.09,3853.75,33760.16,1626.5,21851.0,3013.0,5.0,22,50,17,4,10,369000,1,1,1.0,1,15279.79,537476.4,37274.0,4889.0,23786.76,150191.5,46.0,3,46100.0,23957.0,50121.0,5,44,20625.56,26763.21,5130.0,3,32,46000.0,Y,2908.06,current,M,42,MEDIUM,13.200000000000001,2,796.0,1,5.0
13071,10717,981.0,12503.0,10101.0,2514.92,1988.0,4174.97,1584.0,6.0,83,82,1,1,6,402000,1,1,1.0,1,225823.8,273221.0,711.0,-5998.43994,27078.0,168035.88,16.0,25,307660.0,68300.98,60086.0,4,81,35604.0,26123.4,43611.0,93,7,13013.0,Y,6554.06,current,M,39,HIGH,7.6000000000000005,6,254.0,0,2.0
13072,13888,95800.0,51167.75,5440.2,2024.76,5365.87,1229.04,8697.0,43.0,16,13,42,4,11,784000,1,1,1.0,1,306.4,278904.9,539.0,4314.0,42076.64,22190.0,18.0,3,28742.0,43427.74,83662.0,7,5,34039.0,135913.5,29273.0,12,12,24805.0,Y,1463.15,current,M,34,MEDIUM,7.0,8,801.0,1,16.0
13073,9913,6472.0,52076.84,20337.08,12381.55,61187.77,1763.0,2802.3,53.0,14,60,30,3,1,114000,1,1,1.0,1,8370.8,6574.31,2644.0,0.0,150947.7,28669.0,7.0,0,14094.0,117468.8,466204.0,47,27,21407.0,23325.65,661.0,6,83,112500.0,Y,172.2,current,F,42,LOW,2.2,4,594.0,1,10.0
13074,7781,13683.0,1357.44,1673.06,32443.0,4002.77,29968.17,7354.0,1.0,84,84,2,9,1,421000,1,1,1.0,1,94127.1,342412.0,12560.0,3897.0,60898.19,25076.0,4.0,35,23519.0,24291.75,82317.0,4,20,6546.66,39508.0,59507.56,12,8,11367.0,Y,1054.26,current,M,34,HIGH,12.600000000000001,4,534.0,0,20.0
13075,1689,4300.0,8594.225,11511.01,604.04,12238.6,4363.85,12057.18,12.0,84,14,42,2,4,102000,1,1,1.0,1,165907.57,42723.0,16114.0,-5942.0,72310.41,30127.0,6.0,5,10838.01,58312.29,140004.0,4,14,61491.0,35110.11,309909.0,6,32,56924.0,Y,454.8,current,M,58,MEDIUM,7.6000000000000005,8,448.0,1,16.0
13076,18736,13563.0,6606.89,9593.0,14876.93,1711.0,31908.5,60068.0,6.0,71,17,52,18,2,25000,1,1,1.0,1,4323.0,410000.0,500718.0,9415.0,11828.0,62113.0,43.0,6,26749.0,78708.68,88798.0,0,81,29198.0,25846.0,87923.83,4,58,19000.0,Y,428.3,current,M,36,MEDIUM,16.0,2,743.0,0,5.0
13077,5791,12658.0,2905.64,1946.45,2996.0,20997.96,10640.64,3323.0,2.0,10,13,5,7,47,337000,1,1,1.0,1,1581000.0,218670.0,90525.0,-5998.43994,56445.0,36526.0,39.0,7,19430.0,38560.57,111693.0,7,25,129842.0,31163.23,110438.0,4,79,541355.0,Y,7169.97,current,M,66,LOW,41.400000000000006,6,464.0,1,19.0
13078,666,245172.0,6601.0,8087.0,13579.15,5245.0,2127.3,290.0,44.0,22,1,2,56,64,345000,1,1,1.0,1,61186.36,300000.0,5797.0,-5998.43994,171822.57,21905.0,46.0,31,18859.0,118800.59,18083.0,30,21,157730.0,35480.5,45309.5,13,133,11446.0,Y,3007.42,current,F,60,MEDIUM,12.0,3,588.0,1,14.0
13079,5718,407457.0,21781.2,12118.2,13257.81,5055.0,14453.0,6308.88,24.0,23,30,42,2,4,518000,1,1,1.0,1,272677.25,148150.33,69493.0,-5998.43994,119444.98,75321.88,7.0,1,78056.0,42903.65,110255.0,9,23,36680.0,326763.76,57421.0,3,24,35877.0,Y,20440.74,current,M,27,MEDIUM,4.2,4,503.0,1,13.0
13080,14181,141562.0,76869.43,4494.0,13353.0,13216.0,8065.0,806.0,26.0,5,3,39,25,2,366000,1,1,1.0,1,28482.5,13299.0,25508.0,-5439.0,30112.25,67838.0,16.0,19,42315.0,34366.25,7110.0,2,1,36682.0,67568.26,164145.46,7,1,17018.0,Y,30340.33,current,M,33,MEDIUM,9.1,5,370.0,1,17.0
13081,18622,13096.0,8086.0,505.0,22445.85,1403.0,4590.0,9346.0,3.0,15,70,1,4,34,461000,1,1,1.0,1,2533020.0,60040.0,48500.0,-4664.0,91076.25,33439.0,24.0,2,18430.0,266058.24,49731.0,12,108,29188.0,239620.08,51305.54,9,61,46275.0,Y,2644.15,current,M,56,MEDIUM,25.200000000000003,2,700.0,1,18.0
13082,14420,8676.0,26009.25,2138.0,8842.5,3326.45,8534.0,7029.64,44.0,39,67,24,5,42,34000,1,1,1.0,1,1581000.0,3.0,25849.0,2351.0,61070.09,79426.0,7.0,3,80501.0,45251.64,54622.0,4,14,23352.0,52895.09,133410.16,62,9,41121.0,Y,727.03,saving,M,58,LOW,34.2,5,385.0,1,18.0
13083,6271,2757.0,3929.64,2263.0,5795.35,2061.0,3893.3,1352.5,10.0,3,49,53,6,1,329000,1,1,1.0,1,593.2,191000.0,5905.0,-12179.0,146201.24,49240.0,43.0,35,87494.61,39825.02,35805.0,3,70,17398.0,74587.22,43757.0,3,18,205641.0,Y,1170.49,saving,M,42,MEDIUM,8.8,7,371.0,1,9.0
13084,19521,13254.0,93773.0,1059.4,21177.46,2901.96,6509.0,7597.0,60.0,99,52,45,15,2,130000,1,1,1.0,1,94127.1,121927.8,6966.0,8723.0,52663.5,16488.0,8.0,3,34313.0,29149.94,58965.68,3,1,15.0,382506.76,68198.0,36,3,35253.0,Y,19364.96,current,M,54,MEDIUM,27.200000000000003,6,945.0,1,5.0
13085,437,7083.0,6807.12,5602.0,6952.0,1775.58,1443.845,5441.0,4.0,20,44,48,3,98,525000,1,1,1.0,1,747610.0,134890.0,3975.0,-5942.0,6708.05,124644.0,16.0,4,11243.0,43826.93,38015.0,11,44,99586.0,50561.45,3999.0,14,38,30419.0,Y,16.77,current,F,28,MEDIUM,2.4000000000000004,8,270.0,1,19.0
13086,18901,11452.0,50218.53,1337.0,3195.77,5759.51,9147.14,6991.0,8.0,3,30,20,55,1,44000,1,1,1.0,1,384550.05,393982.1,30011.0,1500.0,84924.25,174698.79,5.0,36,38113.0,29316.83,297.0,17,82,21772.0,48467.42,77749.0,4,39,37842.0,Y,51654.14,saving,M,32,MEDIUM,7.2,1,796.0,0,19.0
13087,6422,14445.0,22482.22,13220.37,843.35,8980.91,17436.0,1547.18,7.0,9,4,1,18,11,124000,1,1,1.0,1,10535967.5,135552.85,3975.0,0.0,50032.62,85342.11,9.0,4,36794.0,56161.0,189095.0,43,50,55129.0,42312.0,10947.0,117,8,15375.0,Y,4937.55,saving,M,66,MEDIUM,9.200000000000001,7,511.0,1,8.0
13088,13932,20088.0,65768.28,836.0,7288.52,23395.62,7619.075,4376.88,63.0,2,50,1,4,1,520000,1,1,1.0,1,716556.5,180000.0,183999.0,1954.0,5109.25,173828.0,18.0,33,42384.0,57023.88,28442.0,4,18,17774.0,196794.16,423813.43,9,7,99652.0,Y,15089.21,current,M,33,MEDIUM,13.0,6,743.0,0,11.0
13089,9621,13915.0,20162.47,1495.59,8051.0,1087.39,3156.25,9787.0,12.0,84,6,7,14,1,139999,1,1,1.0,1,1982892.29,244113.72,3570.0,-4664.0,125697.31,27884.0,52.0,19,27514.0,1498.65,121487.43,1,7,15875.0,30933.75,83242.0,11,38,37700.0,Y,871.41,current,M,42,LOW,15.4,7,488.0,0,17.0
13090,12999,12335.0,12968.0,5618.0,12405.0,31395.0,9061.955,1758.42,52.0,85,74,24,4,1,87000,1,1,1.0,1,13849.4,2194.0,130000.0,1500.0,247796.21,28600.0,4.0,30,162582.0,62767.76,145368.0,9,69,19119.0,76960.23,104095.75,2,22,15473.0,Y,904.65,current,M,66,MEDIUM,32.2,8,809.0,1,12.0
13091,18689,326223.0,5940.38,2468.18,9347.35,4504.87,1782.0,5641.7,57.0,36,90,2,18,11,351000,1,1,1.0,1,137260.8,589.39,230000.0,5340.0,31324.0,28768.0,16.0,36,42728.0,16372.96,41178.0,1,9,15110.0,21385.11,4513.0,94,14,29326.0,Y,3180.51,saving,M,34,MEDIUM,8.4,5,558.0,1,2.0
13092,2243,1654.0,8027.13,1160.5,1905.05,8343.51,29819.59,1848.83,6.0,26,53,30,9,6,86000,1,1,1.0,1,14574.8,482147.0,6100.0,0.0,32919.0,33318.0,24.0,3,24193.0,10146.88,100659.65,0,70,15576.0,8678.0,89562.29,117,32,65728.0,Y,10729.11,current,M,44,MEDIUM,12.0,5,710.0,1,6.0
13093,228,1998.0,13904.75,18294.16,6805.05,8458.0,6313.43,4629.0,1.0,17,10,3,51,98,236000,1,1,1.0,1,1910215.0,109000.0,300500.0,1992.0,19855.3,37470.0,4.0,1,13400.0,47824.88,2213.0,24,12,116164.0,166256.38,45692.5,7,21,70218.58,Y,4657.94,saving,M,32,LOW,7.2,4,713.0,0,2.0
13094,3501,16501.0,15020.17,3964.75,14590.0,13035.0,8118.0,5682.0,44.0,4,3,25,71,8,267000,1,1,1.0,1,41441.27,50000.0,25639.0,-3506.17993,11162.97,64529.0,46.0,2,64471.0,50390.01,17829.86,2,78,80735.0,41170.25,553995.0,21,106,37480.0,Y,6405.52,current,M,46,MEDIUM,18.2,5,928.0,1,4.0
13095,6619,9083.0,5181.7,3330.0,14963.0,13012.85,3831.27,3027.0,4.0,6,20,45,44,1,160000,1,1,1.0,1,684495.7,85300.0,11580.0,3735.0,37206.18,202440.69,52.0,30,22282.0,89660.03,18255.0,1,67,56130.0,33568.75,64141.0,94,52,17184.0,Y,6117.54,current,M,40,LOW,14.0,2,858.0,1,16.0
13096,14404,211991.0,11947.66,3687.65,1506.0,4086.62,17547.59,24190.82,16.0,16,112,1,3,20,56000,1,1,1.0,1,8531560.0,251131.79,33774.0,3897.0,25639.95,93419.5,46.0,2,23403.0,55562.05,58540.0,4,4,17620.0,81169.0,172376.0,49,32,44627.0,Y,7209.37,current,M,62,LOW,4.2,6,858.0,1,4.0
13097,17347,13406.0,2745.58,189.0,10316.29,33647.4,15466.28,622.59,29.0,23,6,42,1,26,518000,1,1,1.0,1,102.95,50000.0,23500.0,5730.0,52741.84,91364.91,11.0,3,38269.0,34088.0,38877.57,6,24,55821.0,123676.01,35914.0,5,58,22912.0,Y,2829.86,current,M,63,MEDIUM,30.1,5,886.0,1,14.0
13098,12419,8990.0,5704.89,10443.0,2406.63,16814.9,6867.0,2678.0,6.0,10,61,54,2,16,425000,1,1,1.0,1,1895.04,1244.14,57899.0,2921.0,9259.48,48205.0,91.0,36,47937.0,15052.67,28529.65,11,13,20151.0,10054.0,36763.0,62,40,286150.0,Y,8371.57,saving,M,64,LOW,13.200000000000001,3,394.0,1,7.0
13099,5629,302443.0,6431.6,5507.4,3089.88,6071.55,623.84,6288.0,1.0,5,35,42,1,2,100000,1,1,1.0,1,249060.0,221000.0,18257.0,6885.0,36780.25,40362.41,82.0,1,56225.0,165134.34,29538.0,1,7,410852.0,25232.0,69338.29,7,79,28179.0,Y,10173.43,current,F,35,MEDIUM,13.5,9,588.0,0,15.0
13100,19196,9442.0,26187.0,18225.0,10527.155,27860.0,692.0,290.0,80.0,23,1,3,6,67,199999,1,1,1.0,1,3575.5,24000.0,38599.0,-4664.0,5112.0,124006.18,42.0,9,24980.0,57341.56,1789262.36,50,7,118316.57,13379.9,33642.0,117,22,139440.0,Y,3028.98,current,M,62,MEDIUM,33.6,4,259.0,1,13.0
13101,585,12642.0,13964.78,885.5,1351.5,992.0,3478.605,3291.0,2.0,18,29,1,56,4,102000,1,1,1.0,1,800.8,39833.19,25524.0,-4664.0,62860.47,27881.0,4.0,43,26072.0,8640.02,8567.55,8,171,6850.0,62438.88,138552.0,3,64,28096.0,Y,2451.64,current,M,29,MEDIUM,0.9,6,516.0,1,6.0
13102,3007,14196.0,28773.0,5059.52,424.0,1168.0,2181.79,29748.06,5.0,30,5,2,18,11,170000,1,1,1.0,1,47.35,45769.27,49000.0,0.0,33304.57,10785.0,11.0,0,11420.0,66077.83,83685.0,6,14,43436.0,163992.7,44558.0,47,42,166970.0,Y,10379.77,current,M,219,LOW,59.7,5,693.0,0,6.0
13103,7896,1466.0,11250.46,2009.0,11646.17,27860.0,7884.0,6190.0,6.0,5,11,25,1,42,59000,1,1,1.0,1,2.13,440000.0,25639.0,-3506.17993,46017.42,49836.93,91.0,30,15335.0,14107.0,415259.0,20,11,19180.0,57189.0,40337.0,3,83,27043.05,Y,2125.87,saving,M,58,LOW,38.0,10,505.0,0,9.0
13104,8720,5671.0,45996.41,814.0,4803.885,5178.25,558.0,10115.14,1.0,60,49,1,9,4,375000,1,1,1.0,1,825.0,30453.0,12016.0,5350.0,16810.87,130978.0,62.0,7,44947.0,22289.4,24229.0,11,3,29053.0,4372.98,11040.87,2,24,132162.0,Y,193.61,current,M,33,MEDIUM,7.800000000000001,9,743.0,1,15.0
13105,2308,215304.0,8798.15,542.0,5570.94,364.0,15782.52,1756.68,63.0,3,50,24,4,4,845000,1,1,1.0,1,544500.0,90829.65,583.0,-6335.0,27966.61,53251.0,32.0,3,23661.0,68881.73,59007.91,31,13,96358.0,65215.31,21752.0,16,65,36397.0,Y,36.2,saving,M,27,MEDIUM,1.4000000000000001,1,653.0,1,5.0
13106,9595,12650.0,4571.92,1080.0,818.0,3154.0,6919.0,2638.0,9.0,47,4,82,5,79,467000,1,1,1.0,1,161704.0,34120.0,22000.0,-4679.0,109.0,26308.0,4.0,19,24323.0,12450.81,31851.0,5,20,83351.0,25794.75,127756.0,16,18,50083.0,Y,31745.07,current,M,47,MEDIUM,2.7,8,743.0,1,14.0
13107,13992,17222.0,994.0,308.0,10031.33,1412.89,2593.98,1958.0,4.0,30,72,52,3,17,152000,1,1,1.0,1,116122.65,1631.11,787.0,1507.0,62909.2,10262.0,103.0,19,22476.0,52957.58,23490.32,31,8,6595.0,100537.39,88286.79,6,36,23589.0,Y,4124.28,current,M,36,MEDIUM,6.4,7,723.0,1,14.0
13108,19821,6506.0,18748.64,626.32,15501.0,5516.43,3070.0,4985.0,1.0,71,32,18,5,17,378000,1,1,1.0,1,160.2,14000.0,544.0,0.0,40177.25,12076.0,46.0,26,21735.0,165767.33,271156.0,7,42,58428.0,106623.5,22591.81,43,103,18541.0,Y,1505.11,current,M,60,LOW,12.0,8,867.0,1,18.0
13109,1215,16888.0,7593.49,1597.54,3884.66,768.0,1971.0,5378.0,124.0,65,35,2,7,47,403000,1,1,1.0,1,98543.96,39833.19,3792.0,5464.0,32266.0,37388.87,4.0,3,93841.0,40936.9,270540.74,2,8,31823.0,17302.24,20142.0,10,58,9390.0,Y,70.68,current,M,37,LOW,11.9,10,743.0,1,16.0
13110,17079,15972.0,3120.5,15449.34,1043.0,9547.0,61117.72,6234.8,7.0,65,7,57,2,39,192000,1,1,1.0,1,291969.2,11772.76,10973.0,-4679.0,10051.0,48172.0,12.0,26,22929.0,30195.0,58079.0,0,11,14037.0,13616.57,5180.0,8,35,59167.0,Y,1109.2,current,F,40,MEDIUM,20.0,6,269.0,0,18.0
13111,18206,101487.0,16094.85,354.72,28874.94,7355.0,5613.14,3795.0,26.0,85,50,8,1,56,530000,1,1,1.0,1,2.13,1400000.0,536.0,1014.0,29292.56,30696.0,42.0,4,13265.0,68761.31,55493.0,3,25,254314.0,176920.7,205597.0,2,13,384.0,Y,1218.63,current,M,63,LOW,34.4,5,249.0,0,20.0
13112,16350,18390.0,32249.39,4880.45,12358.72,896.63,4441.69,823.0,531.0,26,13,1,3,67,225000,1,1,1.0,1,942327.7,446457.0,3792.0,-6281.37987999999,95107.8,36843.44,36.0,19,19157.0,4465.09,47107.0,1,20,8384.19,13616.57,62924.0,21,42,45705.0,Y,9454.14,current,M,36,MEDIUM,9.600000000000001,10,631.0,0,7.0
13113,15599,6410.0,3017.54,10443.0,22528.3,10723.36,1072.4,816.0,63.0,128,7,44,25,3,26000,1,1,1.0,1,45000.0,172678.56,300500.0,1411.0,33803.73,18271.0,12.0,23,20588.0,56213.73,160017.68,20,1,22648.0,23536.51,3194.0,2,133,26199.0,Y,2160.45,current,M,47,LOW,10.8,3,620.0,1,4.0
13114,7532,3633.0,48540.28,3476.0,496.0,9334.85,5106.8,646.0,29.0,2,71,1,44,26,100000,1,1,1.0,1,13732.93,189246.0,768.0,5439.0,109356.75,75248.0,5.0,19,7865.0,19798.19,45343.0,1,8,63827.0,35779.55,7612.0,3,13,210.0,Y,8918.81,current,F,66,MEDIUM,36.800000000000004,8,683.0,0,10.0
13115,18833,10923.0,441031.33,10176.0,23369.38,79731.11,785.98,5762.0,12.0,93,67,7,1,39,784000,1,1,1.0,1,456.1,273221.0,15756.0,20324.0,20052.68,19836.0,4.0,36,23201.0,70030.34,12511.0,3,11,62910.06,78469.38,32663.0,4,18,19889.0,Y,5632.42,current,M,58,MEDIUM,34.2,2,537.0,1,4.0
13116,1075,107277.0,13700.24,16851.63,526.77,20225.0,26341.0,9854.0,4.0,36,47,4,1,98,533000,1,1,1.0,1,58928.67,216932.5,155205.0,20324.0,66820.52,19526.02,11.0,5,36370.0,110326.15,44907.0,7,77,27192.0,7140.0,53168.5,9,42,625.0,Y,16857.94,current,M,29,MEDIUM,3.6,10,395.0,0,10.0
13117,4929,6045.0,776.0,3148.0,11070.38,1212.0,570.0,4562.0,6.0,30,13,20,62,5,190000,1,1,1.0,1,233727.15,25404.0,3570.0,-6885.0,117100.52,2168.06,4.0,36,309.0,48815.87,180151.0,1,7,210000.0,191784.8,30313.0,21,104,43541.0,Y,1237.82,current,M,33,MEDIUM,2.6,9,867.0,1,6.0
13118,15403,7029.0,21410.25,10966.59,1258.44,1513.0,1207.95,4503.7,12.0,56,16,2,3,56,0,1,1,1.0,1,22086.05,232235.65,3570.0,14509.0,41320.72,29182.0,62.0,0,37814.0,150263.75,65059.0,3,14,83255.0,33795.66,10163.0,4,80,31913.0,Y,5702.74,current,M,47,MEDIUM,27.0,6,883.0,1,15.0
13119,18490,16041.0,11311.0,3964.75,838.05,2131.0,9282.5,1962.0,28.0,23,27,8,1,2,67000,1,1,1.0,1,20049.0,8000.0,5540.0,-6281.37987999999,21936.21,40597.37,11.0,2,57194.0,23446.0,56267.84,2,20,155555.0,48080.72,22217.0,2,32,108474.0,Y,401.79,current,M,61,HIGH,8.200000000000001,5,966.0,1,3.0
13120,2016,141607.0,75689.0,17362.36,3750.43,337.92,3401.0,18295.0,5.0,34,67,2,38,64,49999,1,1,1.0,1,27316.5,3084.5,2019.0,0.0,110933.4,49676.49,87.0,5,25401.0,18017.63,100126.0,43,20,110250.0,59757.09,18484.0,7,11,47468.0,Y,10975.65,current,M,36,LOW,16.0,7,796.0,1,7.0
13121,10611,2379.0,5811.66,3183.72,24545.05,9625.0,71597.36,5296.0,1.0,77,71,1,1,47,255000,1,1,1.0,1,250631.8,12000.0,73501.0,2921.0,79081.41,45174.0,4.0,36,12819.0,34162.82,27784.0,0,7,84402.0,22836.24,98939.5,7,32,16741.0,Y,210.27,current,M,35,MEDIUM,15.0,8,723.0,0,5.0
13122,1204,11320.0,4299.37,2440.85,10446.0,2024.76,20174.03,1014.0,7.0,36,87,1,3,16,408000,1,1,1.0,1,510.6,46500.0,798.0,-3506.17993,18464.29,8944.0,52.0,3,126063.0,30232.35,67081.0,47,13,28284.0,46555.21,41711.34,2,133,118110.47,Y,10649.31,current,M,60,MEDIUM,40.0,9,771.0,1,17.0
13123,17451,1918.0,1616.2,11665.72,5694.0,2337.15,7498.095,631.0,59.0,9,67,5,8,8,430000,1,1,1.0,1,299813.4,6574.31,73217.0,553.0,22269.86,12011.0,32.0,36,39844.0,57341.56,45174.5,2,171,6032.0,26876.62,78736.0,1,113,17471.0,Y,4768.81,current,F,27,MEDIUM,4.2,6,966.0,0,17.0
13124,15517,4057.0,16195.97,716.3,5621.41,4980.0,4726.345,239.0,4.0,10,7,3,2,1,326000,1,1,1.0,1,322.02,760470.3,16114.0,14509.0,32061.9,88439.0,27.0,1,103341.0,80632.99,22338.5,43,29,16451.0,48833.75,12006.0,1,3,56483.0,Y,2859.65,saving,M,62,MEDIUM,42.0,3,809.0,1,3.0
13125,9291,10178.0,18126.52,882.13,16390.23,8871.46,7354.5,2520.0,14.0,34,1,6,56,55,35000,1,1,1.0,1,60050.0,24000.0,28912.0,-5998.43994,162791.55,77386.0,16.0,31,60892.0,13035.75,40265.0,2,8,25213.0,58560.78,55458.93,4,61,57269.0,Y,10384.6,current,M,47,MEDIUM,21.6,9,486.0,1,18.0
13126,3023,10296.0,748.0,11076.94,4568.13,14548.0,4586.39,23629.3,10.0,2,46,45,18,39,324000,1,1,1.0,1,124064.65,25404.0,6100.0,20790.0,91298.86,16188.0,20.0,0,27954.0,44629.61,78997.0,7,81,107738.0,110222.2,24262.86,6,113,56289.0,Y,8671.07,current,M,55,MEDIUM,10.5,4,385.0,0,19.0
13127,12495,6530.0,19177.42,608.0,18494.19,3516.0,8741.5,2802.3,17.0,10,44,2,27,98,139999,1,1,1.0,1,3070.5,194099.3,787.0,-6301.0,20688.04,54849.0,55.0,1,98441.0,59919.0,61986.0,9,81,26690.0,52488.69,31229.0,3,103,251.0,Y,1867.99,current,M,37,MEDIUM,11.9,2,863.0,1,13.0
13128,1926,214567.0,16781.89,6243.02,645.0,103663.9,13200.0,464.73,19.0,23,105,3,51,26,410000,1,1,1.0,1,1208.25,76365.24,57899.0,1465.0,11645.0,110317.02,43.0,36,22550.0,111030.51,7395.0,4,50,28010.0,156847.65,20277.0,12,12,1450.0,Y,941.03,current,M,32,MEDIUM,2.4000000000000004,8,516.0,0,16.0
13129,1216,6816.0,19290.56,3652.0,64275.23,2461.55,1141.38,4216.0,2.0,3,30,20,3,6,150000,1,1,1.0,1,76122.87,338430.0,155205.0,0.0,143108.67,40950.01,38.0,3,12166.0,48428.84,105655.98,43,20,48168.0,51657.94,76571.0,16,12,23223.0,Y,3959.66,current,M,28,LOW,2.4000000000000004,1,860.0,0,20.0
13130,4157,25346.0,6650.24,4369.5,6449.0,1005.0,13369.0,2838.0,2.0,5,44,3,18,14,58000,1,1,1.0,1,270.0,60481.0,768.0,1411.0,208.87,25145.0,29.0,0,24907.0,1132501.0,40281.86,3,70,5603.0,191714.53,41280.0,7,57,36592.0,Y,9862.84,current,M,223,LOW,20.3,7,385.0,0,11.0
13131,18215,207607.0,18284.0,7168.73,813.0,22231.0,3831.27,6234.8,6.0,30,4,6,4,2,141000,1,1,1.0,1,630.6,82907.34,6100.0,-6885.0,19940.25,36811.0,147.0,3,30393.0,74005.5,22291.42,50,46,43775.0,105499.84,23677.0,19,103,17088.0,Y,13980.9,current,M,64,LOW,4.4,5,743.0,1,15.0
13132,18534,10256.0,46481.95,10802.0,12853.48,429.0,5849.0,2664.0,7.0,23,70,6,55,8,49999,1,1,1.0,1,48675.31,152391.0,3975.0,5730.0,32912.8,239.82,12.0,19,23090.0,42512.01,45916.88,6,8,22120.0,177252.23,35379.0,10,58,72881.0,Y,3851.03,current,M,34,HIGH,9.8,6,464.0,0,13.0
13133,4119,320665.0,21819.59,771.45,6392.3,8398.0,4532.0,1848.23,6.0,18,82,20,12,98,480000,1,1,1.0,1,1539496.64,6.0,24619.0,10455.0,35210.62,130257.37,67.0,4,48521.0,17259.18,44118.38,17,81,22910.0,15895.2,32513.0,4,57,15478.0,Y,91232.66,current,M,58,MEDIUM,38.0,3,743.0,0,2.0
13134,12927,15292.0,2015.54,3964.75,991.45,2181.94,26744.02,6953.0,57.0,13,38,23,62,2,350000,1,1,1.0,1,1399.9,21698.0,28912.0,14509.0,61015.88,25213.49,46.0,19,40823.0,13782.08,12980.84,3,20,36949.0,76464.0,37988.0,8,79,342.0,Y,1555.48,saving,M,49,LOW,8.700000000000001,6,424.0,0,14.0
13135,466,21344.0,3782.0,10427.61,4606.92,1847.0,16308.0,6767.2,24.0,14,50,2,25,79,525000,1,1,1.0,1,291969.2,82942.0,20887.0,6916.0,32995.06,300222.61,6.0,6,11300.0,515800.74,26274.0,7,2,21350.0,38831.73,73808.0,12,110,27083.0,Y,2885.68,current,F,34,LOW,12.600000000000001,7,385.0,0,9.0
13136,13891,2840.0,24359.0,362.0,322.0,2320.4,4547.0,455.0,10.0,36,17,6,2,1,293000,1,1,1.0,1,204585.76,49298.99,16114.0,167.0,353106.09,3245.0,55.0,4,49470.0,22720.0,32361.0,7,171,52915.0,43164.76,193.0,6,49,67224.33,Y,4288.13,current,F,60,MEDIUM,36.0,7,267.0,1,6.0
13137,5676,13229.0,3110.56,9748.7,7715.5,1285.08,35708.5,1634.91,136.0,9,3,39,7,10,483000,1,1,1.0,1,551439.2,157000.0,643.0,-4324.0,23901.78,55778.5,12.0,19,145583.1,13657.0,112641.14,17,171,22121.0,104559.25,82930.78,4,106,18428.0,Y,360.81,current,M,51,LOW,15.5,2,928.0,1,16.0
13138,12762,15338.0,89259.0,597.01,6627.0,22344.55,36805.745,432.0,8.0,77,49,15,51,11,383000,1,1,1.0,1,23221.65,120000.0,68000.0,4314.0,71082.77,35548.5,2.0,13,99743.0,17080.82,24028.75,1,20,11258.0,59846.7,180284.5,3,18,5600.0,Y,1181.47,current,F,67,MEDIUM,32.9,7,249.0,1,15.0
13139,19653,17338.0,3827.35,2031.0,4980.09,23627.0,3672.5,1828.0,8.0,93,19,2,38,2,290000,1,1,1.0,1,12869465.0,1543.85,29542.0,12174.0,26141.0,147135.0,9.0,3,40084.0,77425.72,64471.0,3,20,30858.0,45102.93,20971.0,2,6,75270.0,Y,297.38,current,F,47,LOW,5.4,8,685.0,1,13.0
13140,10403,10706.0,53641.41,2370.0,5106.2,621.0,514.88,1581.0,63.0,6,46,53,1,5,461000,1,1,1.0,1,94643.15,194099.3,28912.0,6885.0,85699.85,48519.0,103.0,7,48041.0,156000.52,140201.0,5,13,28484.0,10445.36,225185.75,9,18,32718.0,Y,8255.71,current,M,55,MEDIUM,31.5,6,244.0,1,13.0
13141,10281,1917.0,19676.84,13353.4,15093.42,10488.0,2428.0,582.0,1.0,23,23,2,1,12,327000,1,1,1.0,1,101891.25,64215.6,46000.0,-5942.0,32424.0,56976.07,77.0,15,20951.0,29209.56,9256.0,4,14,39978.0,16447.29,5146.0,19,24,29780.0,Y,727.03,current,M,42,LOW,8.8,10,244.0,1,6.0
13142,9828,9666.0,12938.3,2361.55,21599.87,8454.5,3532.0,9563.03,44.0,16,61,2,2,4,192000,1,1,1.0,1,32877.41,189246.0,25524.0,12965.0,109470.61,5272.0,8.0,5,44013.0,58411.71,66983.02,2,44,21643.0,30278.46,72396.88,21,106,879.0,Y,6123.2,current,M,29,MEDIUM,4.5,6,355.0,1,17.0
13143,3027,551.0,8618.34,4489.0,11791.0,12684.0,25722.0,5610.0,31.0,43,82,18,26,47,127500,1,1,1.0,1,510.6,14000.0,100000.0,886.0,24574.74,95285.0,32.0,36,54384.66,82201.5,119280.0,9,78,27455.0,48261.19,43235.16,2,32,16002.0,Y,719.37,current,M,46,MEDIUM,10.4,7,615.0,1,7.0
13144,10813,747.0,5427.54,1268.0,21834.09,2369.5,20432.145,2136.0,32.0,26,7,2,1,81,564000,1,1,1.0,1,5045.13,6773.96,30071.0,2921.0,19326.0,31745.0,10.0,5,37691.0,8858.0,29249.0,35,12,52063.0,10731.21,22382.75,117,83,54526.0,Y,85789.65,current,F,34,LOW,2.8000000000000003,7,123.0,1,2.0
13145,6984,3181.0,9017.88,3033.6,23324.0,22946.87,25905.13,6843.0,4.0,6,4,2,8,3,327000,1,1,1.0,1,298492.0,360000.0,300500.0,5773.0,246068.39,86537.0,22.0,5,38795.0,117418.2,22946.0,1,18,48069.0,50364.01,130122.36,40,17,48375.0,Y,12030.62,saving,M,69,MEDIUM,29.400000000000002,8,655.0,1,4.0
13146,9780,13120.0,7598.89,36242.82,5321.92,1005.0,25900.235,1256.0,7.0,3,20,5,14,34,167000,1,1,1.0,1,165907.57,150000.0,37274.0,2337.0,17970.15,12635.0,42.0,19,6457.0,12144.77,42291.0,43,16,39105.0,56868.28,14783.0,39,6,78404.0,Y,964.69,saving,M,62,LOW,25.200000000000003,10,574.0,1,7.0
13147,3994,4654.0,1323.25,5422.5,6339.39,2067.5,9548.84,7077.0,24.0,18,50,2,11,12,218000,1,1,1.0,1,4230125.0,429273.4,11580.0,14509.0,3887.25,80625.92,12.0,0,51925.0,62063.76,36116.5,9,25,145030.0,4710.07,86559.0,40,1,26000.0,Y,9060.09,current,M,47,MEDIUM,27.0,5,864.0,1,11.0
13148,14398,6225.0,2609.08,4969.04,13512.8,8168.73,24929.43,7809.0,44.0,1,48,20,31,3,240000,1,1,1.0,1,325024.6,15000.0,155205.0,1411.0,117809.6,30253.0,11.0,5,28029.0,42533.8,31903.0,1,29,21894.0,46625.25,143112.0,3,38,28950.0,Y,3196.7,current,M,37,MEDIUM,8.5,7,447.0,1,10.0
13149,611,18568.0,21557.0,570.0,642.49,2664.0,4158.5,1376.52,12.0,16,7,7,21,6,167000,1,1,1.0,1,3370.0,24000.0,12000.0,0.0,18298.0,39794.0,70.0,1,54363.0,18889.63,196484.5,2,67,72632.0,135215.9,6296.0,21,8,44242.0,Y,1119.09,current,M,40,MEDIUM,12.0,4,865.0,1,3.0
13150,1399,11937.0,1847.0,10319.0,22282.0,7331.0,23113.04,1376.0,67.0,7,49,41,2,39,75000,1,1,1.0,1,21941.0,43397.0,825.0,-6301.0,139807.63,23672.0,3.0,7,81631.0,49007.2,49401.0,5,42,33567.0,13957.86,39378.0,47,79,42107.0,Y,11605.77,current,M,33,MEDIUM,2.6,2,708.0,1,10.0
13151,3381,14579.0,2032.84,2841.0,7725.0,2901.96,1636.5,2477.0,6.0,6,19,25,5,54,400000,1,1,1.0,1,3786.9,159308.0,891.0,0.0,32883.45,28668.0,22.0,6,98276.0,124679.5,96297.0,47,81,44059.0,5192.0,24751.0,39,58,13381.0,Y,2292.92,current,M,60,MEDIUM,32.0,6,330.0,1,3.0
13152,12573,2068.0,39117.33,19073.0,4986.0,8537.77,13137.295,105631.0,2.0,32,44,4,4,47,378000,1,1,1.0,1,360978.37,200926.0,1515.0,977.0,36250.25,181530.0,10.0,36,26518.0,11248.12,10295.0,1,50,10965.0,39902.06,33363.0,4,38,27166.0,Y,617.5,current,F,53,LOW,29.700000000000003,6,254.0,1,14.0
13153,3705,12848.0,42523.85,32843.55,5975.0,4402.34,23877.0,6728.0,44.0,61,84,1,1,12,119000,1,1,1.0,1,10535967.5,16000.0,12500.0,5464.0,80730.9,148585.0,36.0,7,101443.0,29665.06,73870.0,1,70,35604.0,29941.31,350050.75,9,18,50119.0,Y,912.03,current,M,58,MEDIUM,7.6000000000000005,2,710.0,1,5.0
13154,17052,17564.0,4473.86,8798.39,8746.0,10000.92,11247.54,8305.0,6.0,2,20,3,62,79,313000,1,1,1.0,1,7089.7,222222.0,24094.0,2351.0,44960.0,10806.0,42.0,3,167077.0,18935.75,16685.0,6,81,12271.0,186377.04,139788.5,8,87,50628.0,Y,78.31,current,M,46,MEDIUM,20.8,6,464.0,0,20.0
13155,11655,18226.0,8923.98,3451.0,1453.5,3017.0,2935.0,23197.0,9.0,56,117,2,51,80,19000,1,1,1.0,1,1146.0,30707.78,925.0,5464.0,25596.19,44509.0,8.0,5,70750.0,46533.3,21734.0,6,28,26617.0,51929.27,6322.0,38,21,19356.0,Y,1584.63,current,M,55,MEDIUM,35.0,7,537.0,0,14.0
13156,14270,98044.0,1877.98,469.0,14751.5,9366.0,2449.505,721.0,66.0,60,82,45,27,17,360000,1,1,1.0,1,811110.0,624742.27,8060.0,-5715.49022999999,23935.65,12793.0,46.0,2,28680.0,31707.5,38168.0,4,28,77244.0,26861.89,225185.75,8,65,37591.0,Y,96145.48,current,M,46,MEDIUM,20.8,5,486.0,1,19.0
13157,8411,17314.0,9735.3,6359.0,12475.09,5251.0,49966.0,66531.6,26.0,11,14,1,2,16,104000,1,1,1.0,1,2008232.55,138732.3,1036.0,-4679.0,47924.9,58392.0,36.0,1,18904.0,154704.21,36871.0,1,50,5109.0,37110.38,266541.0,4,12,34080.0,Y,7057.94,current,M,66,LOW,46.0,1,957.0,1,14.0
13158,15993,20076.0,53546.81,53418.0,22603.43,976.2,2138.25,2520.0,66.0,27,2,2,3,81,152000,1,1,1.0,1,510.6,262556.0,1209.0,2351.0,62211.25,77764.75,40.0,2,313439.0,19771.0,20011.0,4,27,37990.0,233871.91,44515.21,6,73,14925.0,Y,25967.47,current,M,28,LOW,4.0,5,269.0,1,18.0
13159,5880,9551.0,73467.21,6766.0,24943.11,1357.61,4782.0,1344.0,56.0,13,52,15,1,5,391000,1,1,1.0,1,41883.6,376694.91,800.0,-6335.0,23208.47,45427.0,36.0,4,62550.0,126076.14,79388.9,50,17,25793.0,43724.25,22458.0,4,54,50913.0,Y,281943.98,current,M,29,MEDIUM,9.0,10,710.0,1,15.0
13160,7815,14319.0,17543.03,4941.84,4182.16,14156.41,10391.0,315.75,19.0,10,7,19,1,68,27000,1,1,1.0,1,1424.5,3342.51,5797.0,5350.0,90755.1,35250.0,42.0,36,33800.0,37743.73,374544.0,1,28,36127.0,28337.95,61203.8,11,83,28016.0,Y,3774.09,saving,M,30,MEDIUM,2.0,5,945.0,0,3.0
13161,13813,2230.0,32120.62,6331.49,14982.75,15190.0,4981.7,3751.7,3.0,77,27,1,8,56,104000,1,1,1.0,1,21745.0,63000.0,768.0,553.0,26229.25,30208.41,90.0,33,154154.0,32075.95,120828.44,6,6,12977.0,32979.0,127429.74,3,49,37128.0,Y,740.22,current,M,29,MEDIUM,5.4,10,958.0,1,15.0
13162,7424,3663.0,112161.54,2493.04,482.0,1036.0,16858.31,1413.0,7.0,1,87,48,1,11,345000,1,1,1.0,1,961924.8,267421.4,3570.0,-5715.49022999999,61932.27,204492.0,5.0,5,36606.0,64995.82,42994.0,5,11,40582.0,86683.25,48633.0,3,61,16541.0,Y,905.84,current,M,47,LOW,16.2,4,858.0,1,7.0
13163,10014,298539.0,61257.0,4528.0,18159.0,882.0,2620.0,29748.06,2.0,22,112,4,26,79,87000,1,1,1.0,1,10562.45,17000.0,60000.0,2206.0,17413.0,211071.0,52.0,1,35048.0,82887.39,64913.0,2,82,550.0,41342.88,20056.5,7,49,10458.0,Y,3184.71,saving,M,118,MEDIUM,19.6,7,386.0,0,15.0
13164,5189,334948.0,5307.0,61362.92,6053.0,431.0,7043.25,11432.0,6.0,77,9,15,9,16,576000,1,1,1.0,1,67833.35,482147.0,536.0,1992.0,25955.66,680049.0,69.0,13,16421.0,44302.93,73378.0,3,81,20244.0,40663.4,100658.0,2,3,35675.0,Y,8883.7,current,M,58,LOW,15.200000000000001,6,448.0,0,15.0
13165,5567,6852.0,10706.11,74497.84,82906.62,516.98,3194.2,8748.0,44.0,128,3,62,14,17,191000,1,1,1.0,1,1377313.45,992890.32,16215.0,8572.0,8633.55,144898.0,11.0,23,26087.0,48519.15,12349.0,3,81,24280.0,26576.0,106354.42,2,24,53513.0,Y,25289.21,saving,M,62,MEDIUM,42.0,5,369.0,1,12.0
13166,19874,14385.0,60470.41,16454.8,57110.99,24249.5,6454.79,3493.29,24.0,26,50,48,1,42,100000,1,1,1.0,1,2008232.55,107692.0,536.0,3897.0,34816.13,68537.0,91.0,1,15794.0,128982.75,53291.0,1,12,36777.0,12127.99,157361.29,62,75,88095.3,Y,7034.35,current,M,44,LOW,4.800000000000001,5,554.0,1,8.0
13167,947,11246.0,13572.0,5453.0,5544.0,6092.0,4382.0,4895.0,10.0,6,3,44,25,22,461000,1,1,1.0,1,2014.8,165000.0,100000.0,-4664.0,59288.25,25559.5,43.0,4,32741.0,26886.27,11203.25,3,8,111.35,81529.14,185642.0,5,39,28618.0,Y,1202.53,current,M,44,MEDIUM,24.0,8,385.0,0,10.0
13168,13111,361.0,10080.0,8424.0,5477.04,950.0,17547.59,2556.0,12.0,2,20,1,44,9,125000,1,1,1.0,1,12.19,63000.0,300500.0,1500.0,42724.02,13467.0,79.0,15,27518.0,15500.34,68391.76,0,70,17050.0,86067.52,37989.33,3,18,42533.0,Y,7710.96,current,M,30,MEDIUM,4.0,3,620.0,1,12.0
13169,9521,7954.0,15174.84,1720.5,4576.47,420.0,47214.0,7054.0,60.0,5,19,18,5,11,362000,1,1,1.0,1,98062.5,29479.0,2644.0,1444.0,1024.25,79040.0,18.0,7,9070.0,11369.59,30089.0,1,171,57200.0,39558.75,61804.56,21,124,374916.0,Y,133.99,current,M,34,HIGH,9.8,7,424.0,1,9.0
13170,11854,10107.0,369.0,36486.56,2825.43,3955.23,6541.77,473.59,92.0,18,19,1,36,30,256000,1,1,1.0,1,471.05,560000.0,2130.0,12299.0,98325.96,239978.68,42.0,4,119140.0,66173.97,122358.0,3,63,26280.0,20636.96,18448.0,117,21,97002.09,Y,1520.33,current,M,35,MEDIUM,9.0,8,245.0,0,16.0
13171,6289,4137.0,1373.69,1308.79,15316.7,182.0,4247.0,3188.5,136.0,43,135,7,1,6,44000,1,1,1.0,1,4039029.9,22400.0,68000.0,3983.0,84180.68,1497.0,46.0,0,19587.0,10140.39,19718.0,2,5,13677.0,34222.49,267624.75,8,80,28874.0,Y,3046.39,current,M,30,MEDIUM,7.0,5,945.0,0,12.0
13172,16631,11258.0,12059.4,798.0,5477.04,920.0,10036.75,3399.0,19.0,7,10,1,46,13,293000,1,1,1.0,1,9608.3,25404.0,4895.0,5730.0,30620.17,68617.0,18.0,3,30226.0,49228.07,70283.0,43,50,20083.0,95433.0,40095.0,46,22,49708.0,Y,4500.13,saving,M,28,MEDIUM,4.0,5,883.0,1,10.0
13173,4695,85904.0,4211.76,5574.2,31677.17,231.0,8953.0,1421.66,2.0,77,29,1,3,2,193730,1,1,1.0,1,105453.65,1400000.0,73501.0,-5942.0,83246.72,54020.0,3.0,1,21783.0,13955.98,27098.0,1,8,79950.0,22977.62,114550.0,16,38,55817.0,Y,2045.8,current,M,33,HIGH,3.9000000000000004,1,867.0,1,8.0
13174,19219,6792.0,9718.08,11382.0,3461.21,1791.85,214.0,15250.33,136.0,99,16,1,4,4,79000,1,1,1.0,1,259573.3,35000.0,90525.0,12415.0,63925.51,59330.5,87.0,0,33840.0,23284.75,28746.0,1,4,2350.0,52088.78,96558.0,49,13,25679.0,Y,3199.4,current,M,28,MEDIUM,1.6,2,245.0,1,2.0
13175,7348,11785.0,4611.0,9339.02,42936.0,2630.0,30165.7,738.14,19.0,5,29,1,18,5,130000,1,1,1.0,1,120285.0,280000.0,6100.0,277.0,47190.39,55988.0,32.0,19,19044.0,3195.0,19297.36,70,1,65967.0,18677.71,44190.0,3,43,28601.0,Y,18717.09,current,M,64,MEDIUM,30.8,4,743.0,1,9.0
13176,11673,124812.0,67516.93,505.0,1689.5,23172.0,984.2,4858.0,26.0,6,4,2,3,2,402000,1,1,1.0,1,526.25,3.0,711.0,12163.0,191828.29,22044.0,90.0,26,131842.0,46585.75,86349.5,3,24,6162.0,119079.36,70274.29,5,1,3537.0,Y,228.55,current,M,35,MEDIUM,3.0,6,911.0,1,4.0
13177,49,305809.0,10600.89,15425.16,11614.55,7888.0,5741.0,2212.92,6.0,23,16,10,15,54,255000,1,1,1.0,1,41883.6,7576.0,33774.0,1332.0,15654.25,15818.0,50.0,6,25608.0,87787.19,180536.42,2,8,91796.0,27078.23,34332.0,93,3,75.0,Y,27955.06,current,F,40,MEDIUM,6.0,10,623.0,1,7.0
13178,14026,116344.0,7852.0,1194.57,3371.65,13155.0,16912.15,1008.73,9.0,1,27,24,2,5,472000,1,1,1.0,1,380.0,52098.99,126001.0,1332.0,3255.25,60492.99,10.0,3,17819.0,15763.0,90796.0,70,171,53211.0,5719.03,13329.0,3,65,46700.0,Y,1476.19,current,F,37,MEDIUM,15.3,2,882.0,1,2.0
13179,145,7326.0,4375.13,3144.0,10340.08,2467.99,31995.0,1008.73,24.0,34,82,1,7,47,147000,1,1,1.0,1,5210.85,77965.0,610000.0,20513.0,16606.48,50101.0,11.0,4,30408.0,24928.73,11705.0,4,16,40323.0,55187.98,38835.0,62,106,18200.0,Y,4057.14,current,M,27,MEDIUM,2.8000000000000003,8,243.0,1,16.0
13180,17476,16090.0,8134.3,1829.01,2386.72,5739.87,13652.0,2860.5,57.0,50,3,53,2,55,83000,1,1,1.0,1,47299.5,76365.24,11580.0,5439.0,10329.25,25721.0,70.0,0,153420.0,156305.06,20377.0,3,11,24320.0,8695.5,10985.38,12,0,13653.0,Y,5004.84,current,F,40,MEDIUM,8.0,1,538.0,1,9.0
13181,10712,1043.0,1341.85,1906.0,36153.46,4096.0,2612.0,1677.0,2.0,15,87,5,27,1,202500,1,1,1.0,1,2173459.0,60040.0,13873.0,-4324.0,8557.45,79512.37,40.0,3,34183.0,57516.57,17311.84,2,11,65099.0,23847.19,11305.0,21,39,45767.0,Y,3312.4,current,M,29,LOW,8.1,4,911.0,1,18.0
13182,6791,347097.0,9938.77,2302.34,70645.38,2798.82,34808.0,167311.0,8.0,601,86,30,1,1,25000,1,1,1.0,1,24832.0,2300000.0,16004.0,5464.0,90499.46,48057.0,69.0,29,31907.0,26801.99,56024.0,0,42,30035.0,62899.94,22578.5,2,11,23691.0,Y,31370.76,current,M,66,HIGH,46.0,7,818.0,0,11.0
13183,12082,14193.0,25470.65,6838.59,9303.98,11296.0,2473.0,6234.8,10.0,3,27,2,3,79,21000,1,1,1.0,1,233727.15,150000.0,38599.0,-4324.0,51761.0,73584.0,46.0,26,42917.0,104664.45,85552.0,1,20,19101.0,29170.5,247780.0,4,15,22799.0,Y,1815.67,current,M,27,HIGH,4.9,6,889.0,1,15.0
13184,14582,21884.0,3547.3,3349.18,241.0,572.0,2930.83,20956.0,6.0,13,6,10,5,2,212500,1,1,1.0,1,22712.85,393982.1,14904.0,-4679.0,157166.54,36454.0,52.0,19,28306.0,18684.0,162969.46,31,36,63388.0,19219.0,36068.35,4,15,27048.0,Y,237.04,saving,M,33,LOW,7.800000000000001,8,631.0,1,20.0
13185,11454,8591.0,194511.74,1491.79,41205.71,494.0,26744.02,2235.3,6.0,18,5,4,2,41,212500,1,1,1.0,1,41070.0,760470.3,15756.0,2500.0,24016.96,114924.22,42.0,31,60.0,499340.51,78966.0,11,70,42600.0,29874.58,17714.0,4,50,23795.0,Y,1987.97,current,F,40,LOW,10.0,2,867.0,0,15.0
13186,18200,7349.0,16713.79,3079.95,78777.86,7717.0,1510.0,2647.42,5.0,128,74,1,6,17,147000,1,1,1.0,1,19265.4,15375.23,29542.0,6916.0,76373.25,56580.0,4.0,2,46598.0,85958.52,23821.0,31,8,18390.0,2842.8,89361.0,5,83,311.0,Y,3143.57,current,M,34,MEDIUM,11.200000000000001,1,269.0,1,19.0
13187,11527,172193.0,57505.0,1774.0,65096.0,494.04,3667.04,1264.0,3.0,65,10,8,8,3,59000,1,1,1.0,1,137260.8,15375.23,5905.0,5340.0,94620.0,167901.0,3.0,3,66456.0,99787.38,59701.0,2,67,65967.0,34975.28,26376.0,11,11,460571.0,Y,646.61,saving,M,49,MEDIUM,5.800000000000001,5,639.0,1,9.0
13188,2577,15924.0,7459.46,1143.52,29773.06,9210.51,50029.0,1344.0,2.0,23,78,1,4,17,479000,1,1,1.0,1,71191.8,158000.0,3792.0,-5942.0,50258.88,31317.0,72.0,4,26604.0,13961.06,4096.0,7,171,17953.0,34975.28,32024.0,13,18,37258.0,Y,1839.45,current,M,33,MEDIUM,1.3,1,299.0,0,20.0
13189,1708,570.0,5705.87,8615.96,6213.5,2045.0,5708.0,3053.0,59.0,23,49,2,2,5,66000,1,1,1.0,1,138272.2,134000.0,2156.0,-5439.0,72654.75,29258.0,90.0,3,14495.0,35068.58,168399.0,4,63,71847.0,21500.18,150862.0,3,13,48030.0,Y,1360.05,current,M,33,MEDIUM,13.0,7,748.0,1,8.0
13190,7522,180798.0,6713.975,299.0,3326.15,3133.5,40167.0,3184.0,6.0,23,47,5,6,68,198000,1,1,1.0,1,3967.5,210651.4,1209.0,4856.0,92581.33,45151.0,43.0,7,131400.0,2120.0,24590.0,3,21,52792.0,107565.3,44270.0,6,13,18634.0,Y,1484.36,current,M,33,MEDIUM,1.3,7,485.0,1,7.0
13191,4644,1376.0,12505.5,4780.0,8115.0,7226.5,806.32,1290.06,7.0,2,35,5,18,8,302000,1,1,1.0,1,1534.0,186474.96,610000.0,-5942.0,57898.18,35722.5,3.0,7,17145.0,17627.4,36884.8,11,7,45000.47,9820.0,56999.38,4,18,61071.0,Y,2121.13,current,M,33,LOW,13.0,1,867.0,1,2.0
13192,12665,142921.0,13717.16,2034.0,26014.0,3649.0,9569.94,5113.0,5.0,83,82,48,2,1,34000,1,1,1.0,1,347309.75,35000.0,1515.0,0.0,41511.29,87697.58,8.0,7,103141.0,50575.84,54296.0,5,6,12124.0,51460.26,28751.0,3,12,20937.0,Y,3224.05,current,F,51,MEDIUM,3.1,9,968.0,1,10.0
13193,4066,5856.0,10223.34,9444.56,5576.64,27860.0,61364.0,2104.0,12.0,22,23,1,1,47,408000,1,1,1.0,1,41883.6,500358.79,2644.0,0.0,31081.49,52814.31,90.0,6,59891.0,62038.78,188.11,4,12,25621.0,57389.14,49400.0,11,12,15666.0,Y,5038.19,current,M,53,MEDIUM,13.200000000000001,2,700.0,1,18.0
13194,15999,6489.0,12936.0,1567.0,262241.39,11417.6,13530.0,29798.0,2.0,6,13,1,2,7,34000,1,1,1.0,1,526491.3,31871.49,20887.0,2351.0,63337.64,390622.0,95.0,6,24889.0,244003.93,95130.47,0,5,22468.0,14547.11,17555.0,10,80,9721.0,Y,129.66,current,M,60,MEDIUM,16.0,7,233.0,0,13.0
13195,2329,85289.0,18470.32,11688.18,4928.93,7366.41,3882.0,1129.0,18.0,77,117,20,2,8,287000,1,1,1.0,1,0.3,42723.0,768.0,1992.0,47542.0,171950.96,70.0,2,78982.0,74062.05,33177.0,5,4,48054.0,16471.65,56535.0,6,52,19285.0,Y,27731.02,current,F,62,LOW,33.6,8,518.0,1,15.0
13196,8822,3543.0,32528.0,3362.0,4857.0,1039.9,7329.05,4562.0,26.0,1,35,2,21,6,98000,1,1,1.0,1,325024.6,278360.16,2644.0,1500.0,36167.79,51775.91,62.0,1,11281.0,23290.75,119671.0,6,82,15803.0,30187.38,14078.0,9,63,91467.0,Y,19856.13,current,M,67,LOW,47.0,7,248.0,1,15.0
13197,3938,10330.0,11991.42,5614.0,15720.6,39467.74,39978.57,428.52,19.0,99,653,3,4,2,533000,1,1,1.0,1,1112.4,54243.0,8060.0,-5715.49022999999,28309.55,112638.0,16.0,2,29208.0,19227.01,61493.23,7,4,20726.0,26657.84,3492.0,3,76,24905.0,Y,4011.56,current,F,47,MEDIUM,8.1,8,863.0,1,17.0
13198,10050,292594.0,25170.0,12701.75,6127.04,4376.0,4114.18,252.0,14.0,6,5,48,23,1,125000,1,1,1.0,1,12510.0,197800.0,2019.0,-6281.37987999999,26021.9,179779.88,42.0,36,40823.0,78885.66,107481.36,5,0,23259.0,18911.84,197042.02,41,11,17399.0,Y,2889.91,current,M,37,MEDIUM,1.7000000000000002,4,485.0,1,6.0
13199,5733,133027.0,8879.2,27995.0,2095.76,21269.0,11562.16,4337.0,2.0,23,10,19,6,70,523000,1,1,1.0,1,15079.5,19000.0,4198.0,9415.0,49071.84,39721.0,36.0,6,18640.0,13174.29,103485.0,3,13,157688.0,17932.51,73289.99,11,12,32528.0,Y,589.28,current,M,62,MEDIUM,42.0,8,966.0,0,11.0
13200,19237,17926.0,852.0,1174.0,11381.04,9023.0,4219.055,114.0,136.0,5,59,2,2,3,46000,1,1,1.0,1,213557.15,87578.0,908.0,1465.0,27078.0,1595.0,11.0,26,30214.0,42814.33,1418.72,50,49,101655.0,123991.44,66109.93,4,58,63834.0,Y,4721.93,current,M,42,LOW,8.8,7,233.0,1,20.0
13201,639,2851.0,3764.2,814.0,16224.74,467.49,12032.6,4305.09,3.0,2,48,1,4,2,222000,1,1,1.0,1,506688.65,500358.79,492.0,1954.0,43894.52,75366.0,62.0,36,149597.0,196365.0,46079.0,1,27,92775.0,20551.36,494437.0,5,83,18309.0,Y,3063.69,current,M,29,LOW,5.4,9,536.0,1,14.0
13202,8465,18275.0,3277.55,1425.0,6754.63,13847.8,19603.4,2829.0,66.0,15,7,18,14,42,366000,1,1,1.0,1,1235.85,194099.3,28912.0,10210.0,40007.25,41615.0,63.0,0,25968.0,43103.47,54317.0,0,50,27880.0,16704.88,74358.0,8,37,21133.25,Y,3568.38,current,M,33,MEDIUM,3.9000000000000004,5,523.0,1,13.0
13203,7766,212574.0,12491.4,142905.29,9356.6,4799.12,4106.405,2075.57,7.0,23,16,1,55,44,293000,1,1,1.0,1,88.0,278360.16,51520.0,1522.0,38959.0,4558.0,62.0,36,29448.0,30789.61,21238.0,4,9,29163.0,34562.44,13260.0,38,63,30036.0,Y,6937.19,current,M,53,MEDIUM,13.200000000000001,6,386.0,1,6.0
13204,11497,9008.0,11181.33,3518.0,5059.12,2181.0,2478.22,5441.0,5.0,10,19,15,51,64,125000,1,1,1.0,1,47.35,376694.91,1143.0,1444.0,15417.77,49676.49,11.0,31,23616.0,231654.15,55449.0,6,6,32831.0,41041.08,36585.78,4,104,24800.0,Y,198398.87,current,M,33,MEDIUM,6.5,4,243.0,1,3.0
13205,12024,318277.0,19071.33,18442.0,2209.7,2061.0,11231.0,8007.0,57.0,39,4,1,44,8,25000,1,1,1.0,1,3247.5,157000.0,20000.0,-5998.43994,97613.6,60427.8,69.0,36,25541.0,285029.96,39662.0,6,5,75803.0,42708.08,82915.0,40,11,19487.0,Y,756.28,current,M,27,LOW,4.2,10,805.0,1,13.0
13206,19644,4760.0,8295.57,4730.32,37652.05,8772.66,13448.94,3583.63,67.0,85,87,1,2,81,104000,1,1,1.0,1,4322.5,35000.0,39389.0,-4664.0,45679.03,62146.41,36.0,0,43792.81,11428.88,18746.0,23,25,93830.0,287543.59,35467.0,21,63,124576.0,Y,26015.86,current,M,55,MEDIUM,17.5,5,656.0,1,5.0
13207,1206,10135.0,89259.0,3036.0,22700.33,3748.5,926.0,4695.52,24.0,99,50,4,1,13,369000,1,1,1.0,1,86865.0,93.35,25728.0,5340.0,162942.88,172663.0,4.0,6,469.0,28137.0,53321.0,2,46,88260.0,74482.65,103354.0,6,3,42745.99,Y,1491.01,current,M,51,MEDIUM,27.900000000000002,7,614.0,0,17.0
13208,16087,212060.0,47103.0,8851.0,8465.0,5282.0,7167.955,9812.0,60.0,36,71,18,63,2,518000,1,1,1.0,1,3638.25,5241.0,1515.0,-5998.43994,97429.87,41107.92,147.0,2,23098.0,64155.64,782321.0,9,5,28683.0,32868.46,55364.0,41,36,58651.0,Y,250721.05,current,M,27,MEDIUM,6.300000000000001,10,614.0,1,10.0
13209,6397,327804.0,45251.45,13962.0,663.0,151.01,5738.0,2629.84,60.0,77,64,3,1,47,525000,1,1,1.0,1,262584.0,35000.0,24619.0,2351.0,37881.26,30083.0,10.0,2,35117.0,10777.8,74423.0,3,50,59500.0,219748.82,35880.0,6,1,30112.0,Y,2256.5,current,M,37,MEDIUM,8.5,5,799.0,1,5.0
13210,5025,7593.0,23265.57,5109.0,10296.09,914.0,16940.535,423.02,9.0,4,20,5,46,41,461000,1,1,1.0,1,8758.2,560000.0,2644.0,1444.0,48112.75,53066.75,42.0,2,398897.0,23519.21,23442.75,2,49,59976.0,87207.03,64127.0,3,42,27047.0,Y,3847.15,current,M,62,HIGH,25.200000000000003,8,866.0,1,17.0
13211,3503,19915.0,9833.65,5593.04,6308.0,3394.5,10134.5,6196.0,4.0,56,19,18,7,53,213000,1,1,1.0,1,54453.8,16000.0,13873.0,-4664.0,54303.88,20715.0,52.0,7,22010.0,118886.24,15029.0,3,82,23896.0,24239.88,54031.0,3,103,29250.0,Y,262.79,current,M,42,MEDIUM,15.4,10,708.0,1,7.0
13212,17853,28841.0,709.66,9444.56,1383.84,2406.0,3129.37,3332.0,57.0,84,74,21,21,3,35000,1,1,1.0,1,117680.0,100934.0,3792.0,10210.0,24481.68,90339.0,36.0,4,71377.0,76394.71,20512.0,43,23,17960.0,24678.0,59552.83,9,25,17808.0,Y,5169.95,current,M,47,MEDIUM,27.0,10,743.0,0,11.0
13213,16298,13781.0,11621.24,13150.03,27345.0,248.0,707.52,4216.0,10.0,36,1,62,4,12,453000,1,1,1.0,1,7089.7,100934.0,6100.0,9415.0,128648.98,47169.0,52.0,13,55680.0,134834.97,218187.0,6,29,18330.0,22411.72,98248.28,7,36,41712.0,Y,4002.39,saving,M,42,MEDIUM,11.0,2,445.0,1,19.0
13214,6354,111.0,42007.21,3944.0,16694.0,1334.03,595.0,1594.0,5.0,3,67,1,18,62,35000,1,1,1.0,1,13659.0,12000.0,2841.0,-6301.0,187557.65,9334.0,11.0,33,116213.0,60682.0,31605.5,70,42,10800.0,236739.0,196486.0,3,12,61711.0,Y,3195.86,current,M,35,MEDIUM,3.0,4,683.0,1,8.0
13215,3071,10159.0,9592.0,11235.55,4315.8,28137.35,1952.5,499.4,2.0,61,4,7,2,79,400000,1,1,1.0,1,39851.93,90829.65,908.0,2921.0,55235.78,13648.0,4.0,30,176879.0,3122.0,61281.0,19,6,24906.0,44884.9,27889.0,2,9,16915.0,Y,3895.13,current,F,38,LOW,14.4,1,511.0,1,9.0
13216,14267,138242.0,21273.76,7916.0,2570.54,9934.0,1581.19,6719.58,10.0,37,20,47,7,31,110000,1,1,1.0,1,229435.05,5350.0,25728.0,1079.0,101838.51,76149.0,77.0,7,256084.66,158154.66,303620.0,2,28,27820.0,43919.58,178197.0,36,12,22800.0,Y,2903.23,current,M,47,MEDIUM,24.3,5,626.0,1,20.0
13217,2972,19150.0,1653.25,10527.25,9553.93,7850.71,5343.0,263.0,1.0,29,50,6,1,18,102000,1,1,1.0,1,270.0,141473.07,1018.0,-6301.0,39959.19,18862.3,11.0,26,12663.0,134194.55,5563.0,4,20,29591.23,29417.0,28443.0,6,113,39602.0,Y,5718.26,current,M,60,LOW,32.0,2,511.0,1,15.0
13218,2035,3260.0,21275.52,929.0,36153.46,2449.25,816.0,742.88,50.0,77,44,1,9,47,276000,1,1,1.0,1,12010.0,10903.0,230000.0,6916.0,42099.45,60348.0,12.0,1,25241.17,1286.0,98808.0,30,12,48054.0,29075.0,64181.0,11,8,98716.0,Y,4288.94,current,M,44,MEDIUM,7.2,6,796.0,1,8.0
13219,3218,5732.0,37395.76,5926.42,3223.61,6090.04,2263.0,6870.0,7.0,3,64,3,3,47,104000,1,1,1.0,1,47024.8,273221.0,8060.0,5340.0,21193.0,41569.0,82.0,4,50112.0,94938.38,5263.0,70,59,30171.0,21207.0,86434.68,5,65,1386.0,Y,20288.57,current,F,42,MEDIUM,2.2,10,623.0,0,11.0
13220,9597,11938.0,14710.66,2145.14,42258.39,1122.9,3057.695,654.0,31.0,84,14,53,2,11,17000,1,1,1.0,1,28844.0,97000.0,1001.0,5464.0,42266.91,184191.0,91.0,13,24970.0,22921.88,28051.06,0,20,62487.0,76318.17,1410.0,6,120,115601.0,Y,2670.77,current,M,33,MEDIUM,5.2,8,123.0,1,14.0
13221,16795,5597.0,2968.46,10544.0,34201.0,1519.99,6889.3,6707.91,25.0,22,9,24,31,1,429000,1,1,1.0,1,10006.2,169779.0,96558.0,-5439.0,33096.48,314957.0,2.0,2,38632.0,35605.3,30187.0,6,63,17394.0,25763.11,42984.72,2,9,18309.0,Y,9.23,current,M,37,MEDIUM,17.0,6,575.0,1,9.0
13222,6286,8221.0,3956.96,6129.47,5931.5,2086.64,10298.0,589.52,2.0,10,18,4,18,42,302000,1,1,1.0,1,21745.0,30453.0,73501.0,6885.0,40843.03,195.0,77.0,26,41674.0,31781.81,82897.0,1,8,42186.0,46541.19,20406.0,4,12,36529.0,Y,2122.61,current,M,36,LOW,16.0,9,799.0,0,4.0
13223,14336,14609.0,14953.57,1350.67,6898.5,4244.68,6731.93,6790.0,5.0,5,14,10,1,4,315000,1,1,1.0,1,42460.6091,227697.61,155205.0,977.0,48692.0,43184.0,11.0,6,69460.0,137.91,94569.36,2,20,22152.0,55060.12,18423.0,47,11,14957.0,Y,22289.04,current,M,37,MEDIUM,1.7000000000000002,10,656.0,1,5.0
13224,39,217966.0,3762.56,321.23,16571.16,3259.0,176842.0,15620.69,43.0,23,32,3,1,31,125000,1,1,1.0,1,2100.0,119831.0,11580.0,-4679.0,53822.32,18884.0,68.0,7,35675.0,122843.0,60548.0,8,20,22003.0,10393.68,251356.0,5,68,16949.0,Y,3893.49,current,M,33,MEDIUM,11.700000000000001,4,354.0,1,19.0
13225,18093,14505.0,6876.0,608.75,8919.82,26074.84,59678.14,3203.34,104.0,8,6,18,2,1,84000,1,1,1.0,1,72383.25,14000.0,10973.0,5730.0,121427.65,109268.94,7.0,7,27227.0,127177.78,36224.0,9,50,16432.0,52363.08,22376.5,40,12,10892.0,Y,57.33,current,M,50,MEDIUM,3.0,7,698.0,1,8.0
13226,7944,14541.0,24370.0,40755.2,10230.77,4346.0,8615.0,2727.0,44.0,2,35,24,9,4,156000,1,1,1.0,1,72383.25,212907.7,3975.0,2921.0,398.25,315121.0,39.0,19,1.88,10140.39,406562.35,1,82,13210.0,150631.88,20259.0,41,106,45738.0,Y,0.0,current,F,32,MEDIUM,10.8,10,620.0,1,11.0
13227,5143,3893.0,4932.82,496.0,6775.64,5925.0,13331.19,1474.0,7.0,2,87,57,2,1,167000,1,1,1.0,1,185669.2,31871.49,527.0,17397.0,42133.0,16548.0,7.0,36,115000.0,13487.1,42819.0,2,7,14441.0,145835.41,53154.51,21,32,70770.0,Y,174.94,current,F,47,MEDIUM,16.2,10,268.0,0,13.0
13228,15081,19849.0,1855.5,16393.0,4077.5,10455.88,12809.0,1918.0,6.0,30,6,35,17,98,350000,1,1,1.0,1,2184.0,217074.0,971.0,977.0,52775.86,25062.22,55.0,2,293034.0,27199.39,78142.0,2,8,38903.0,29902.62,6095.0,8,100,19838.0,Y,7801.21,current,M,42,MEDIUM,2.2,5,626.0,1,17.0
13229,5345,183375.0,50134.22,15469.0,30273.0,5452.0,428.0,12134.27,6.0,13,87,3,63,13,75000,1,1,1.0,1,347309.75,60040.0,851.0,-12179.0,7183.0,18488.0,55.0,3,7293.4,352.0,219474.0,43,7,67960.0,93340.93,118566.0,6,9,20832.0,Y,26.23,current,M,33,MEDIUM,13.0,10,249.0,0,7.0
13230,1181,7312.0,23996.0,1811.06,3729.83,13488.85,35551.0,7334.29,29.0,23,11,1,51,67,84000,1,1,1.0,1,199690.5,64491.0,300000.0,0.0,26476.0,14850.0,40.0,13,17319.0,6970.06,45474.08,1,12,72839.0,84248.0,41928.0,3,32,27939.0,Y,455.9,saving,M,47,MEDIUM,5.4,2,771.0,1,9.0
13231,13460,6045.0,5540.6,10998.0,451.37,4642.0,4349.0,93094.0,531.0,84,50,3,25,7,494000,1,1,1.0,1,124929.75,74599.9,4367.0,418.0,146454.15,24475.0,11.0,2,628.9,15803.66,31470.5,2,171,30440.0,74799.69,166392.0,62,80,390.0,Y,3094.29,current,M,62,MEDIUM,33.6,1,922.0,1,4.0
13232,2576,6751.0,13296.62,7370.02,24256.08,4796.85,481.92,14305.2,12.0,30,10,8,2,54,17000,1,1,1.0,1,39851.93,50000.0,3975.0,0.0,44792.63,39646.0,23.0,9,69502.0,61677.29,233967.0,3,11,119511.32,48225.21,117236.0,1,24,52201.0,Y,5478.06,current,M,44,LOW,21.6,10,639.0,1,19.0
13233,3447,2052.0,26411.63,18730.92,8587.2,2131.0,3330.0,677.0,3.0,26,59,8,9,1,378000,1,1,1.0,1,291969.2,93.35,16114.0,8572.0,205289.91,116782.0,42.0,4,71555.0,41174.9,305261.0,0,36,409325.0,82836.98,55260.0,7,42,24058.0,Y,5556.81,current,M,53,MEDIUM,19.8,10,863.0,1,4.0
13234,18623,6766.0,98343.61,36242.82,2291.0,5507.0,48405.2,920.0,10.0,23,4,1,6,30,400000,1,1,1.0,1,4039029.9,42723.0,1143.0,-5439.0,108103.3,50264.0,103.0,1,162500.0,31460.88,175193.0,0,20,193000.0,62311.0,60183.0,2,83,59403.0,Y,1912.96,current,M,51,MEDIUM,18.6,7,270.0,1,4.0
13235,7417,6121.0,8278.0,6397.09,39579.0,2337.15,2332.0,2326.0,5.0,1,70,30,1,3,505000,1,1,1.0,1,568.8,15000.0,34550.0,0.0,79690.42,37711.41,18.0,2,16636.0,99787.38,658385.53,31,6,65538.0,2631.0,126400.0,5,120,458.58,Y,166.67,current,M,27,LOW,3.5,2,582.0,0,3.0
13236,4478,5492.0,3423.85,10087.0,10027.5,6946.54,11597.0,15959.0,1.0,29,4,57,4,55,139000,1,1,1.0,1,165907.57,895000.0,22000.0,-5439.0,50320.81,98627.0,55.0,19,20015.0,43988.63,70598.0,43,6,23833.0,313704.49,66138.0,6,83,27910.0,Y,10769.1,saving,M,53,LOW,19.8,1,928.0,0,16.0
13237,14098,13958.0,9444.32,1491.0,2274.0,5172.03,8860.0,367.0,8.0,10,84,1,1,3,345000,1,1,1.0,1,52209.5,86000.0,3792.0,173.0,62418.7,311262.0,52.0,43,147257.0,27300.78,37720.0,3,20,18372.0,76224.3,26546.0,4,120,10274.0,Y,1657.55,current,M,44,LOW,9.600000000000001,4,245.0,1,10.0
13238,13803,216317.0,1133.73,1274.0,51059.76,1844.0,1233.34,1198.0,5.0,23,85,26,31,4,47000,1,1,1.0,1,168.75,470000.0,25728.0,5773.0,17561.67,73000.0,39.0,2,20890.0,8057.64,38883.37,45,13,189250.0,36495.41,18385.0,4,106,23658.0,Y,11406.69,current,M,53,MEDIUM,6.6000000000000005,6,725.0,1,7.0
13239,9906,8087.0,10278.03,2060.5,23224.37,12289.0,3416.08,3757.0,5.0,30,5,30,23,11,59000,1,1,1.0,1,148705.0,138475.4,4458.0,0.0,45144.0,46933.0,55.0,1,4097.12,27920.52,89082.0,1,20,60029.0,45077.62,28079.0,14,65,102795.25,Y,4758.24,current,M,33,HIGH,11.700000000000001,7,928.0,1,14.0
13240,889,8892.0,52209.08,466.0,9904.75,3361.18,26342.395,9530.01,5.0,65,7,2,16,6,378000,1,1,1.0,1,960000.0,189246.0,1052.0,-3506.17993,37615.0,21314.0,89.0,26,39263.0,26886.27,2070.0,1,75,34678.0,32601.0,259792.0,36,12,15069.0,Y,468.49,saving,M,35,LOW,6.0,3,371.0,1,19.0
13241,680,9139.0,1248.0,17925.04,13136.0,6457.62,15931.8,14139.01,2.0,128,14,5,15,12,199999,1,1,1.0,1,204585.76,16000.0,971.0,5730.0,40764.25,47184.0,4.0,19,77365.0,92531.51,222103.8,11,20,81000.0,30278.91,64493.0,6,79,8999.0,Y,20199.63,current,M,37,MEDIUM,11.9,8,867.0,1,17.0
13242,14553,8172.0,18152.0,57.0,3326.58,13035.0,6287.0,587.0,8.0,16,74,21,1,79,471000,1,1,1.0,1,22086.05,31730.49,24619.0,1429.0,36963.41,25232.0,8.0,23,154095.0,78885.66,45474.08,3,28,36602.0,81804.76,22956.38,49,73,38898.0,Y,1548.51,current,M,32,LOW,6.0,5,710.0,1,19.0
13243,2481,11970.0,11017.53,1671.0,34715.58,1871.45,3303.52,411.0,17.0,5,38,45,1,75,400000,1,1,1.0,1,68640.0,82907.34,51520.0,-5998.43994,31725.0,40024.0,17.0,18,82114.0,16009.46,21824.0,6,171,42984.0,69938.12,46184.5,13,120,21483.0,Y,6756.42,current,M,47,MEDIUM,27.0,8,503.0,0,18.0
13244,8075,13302.0,2794.88,6042.01,27074.18,16513.26,1705.3,1729.0,101.0,25,5,3,6,47,59000,1,1,1.0,1,9649.6,35000.0,33950.0,13135.0,140851.45,3679.17,22.0,1,20182.0,13657.0,38591.0,4,6,54381.0,46776.5,56664.0,6,103,29304.0,Y,7372.68,current,M,33,LOW,2.6,7,887.0,1,12.0
13245,1439,17411.0,15292.54,607.01,3483.25,5201.0,2277.21,664.45,33.0,71,50,15,3,81,127500,1,1,1.0,1,447490.0,187788.1,2214.0,2921.0,32460.76,29577.0,147.0,13,72325.0,162102.51,82735.0,1,40,25377.0,39802.77,61366.0,7,113,60569.0,Y,5067.63,current,M,219,LOW,19.900000000000002,1,653.0,1,5.0
13246,13031,14065.0,4852.75,12557.48,2816.0,4948.0,6316.6,15424.0,60.0,47,9,18,4,34,256000,1,1,1.0,1,669881.87,202560.0,50000.0,553.0,17798.0,14278.0,43.0,1,11329.0,50017.88,14305.88,3,82,21160.0,14747.16,31459.0,3,83,25000.0,Y,492.78,current,M,32,MEDIUM,3.6,9,516.0,0,9.0
13247,8397,220345.0,9244.98,3860.45,33188.8,927.42,8628.02,2404.82,67.0,99,135,25,3,1,184000,1,1,1.0,1,692.5,460000.0,13873.0,-6281.37987999999,65951.5,56395.19,10.0,4,13951.0,48185.16,20839.0,0,105,25195.0,150950.75,19704.0,8,38,17715.0,Y,31.3,current,M,35,HIGH,9.0,2,628.0,1,10.0
13248,2396,299097.0,744.0,591.0,9393.83,7949.78,28591.89,10111.2,1.0,29,50,8,1,70,276000,1,1,1.0,1,47.35,191000.0,925.0,35346.0,126440.3,333114.0,70.0,5,99594.0,7031.88,289782.0,4,13,34868.0,560432.21,45464.0,2,76,22499.0,Y,1337.65,current,M,56,HIGH,14.4,1,488.0,0,14.0
13249,11263,8327.0,3417.66,8685.26,3031.0,14963.37,13132.0,2537.74,136.0,77,20,1,2,98,100000,1,1,1.0,1,48796.45,482147.0,14904.0,0.0,73579.74,386245.0,29.0,2,16167.0,23260.05,1789262.36,2,82,67825.0,19788.0,25390.0,117,107,16879.0,Y,2055.04,saving,M,32,LOW,4.800000000000001,1,955.0,1,16.0
13250,10368,35589.0,8588.17,814.0,6120.0,399.24,15339.78,1085.0,100.0,25,20,53,38,54,329000,1,1,1.0,1,12510.0,105000.0,4000.0,-4679.0,40334.25,36042.0,42.0,4,8643.0,11636.0,130216.0,5,171,78199.99,67752.16,26309.0,1,11,31383.0,Y,16220.84,current,M,55,MEDIUM,7.0,4,966.0,1,12.0
13251,12771,20412.0,1908.0,171.0,2368.31,2179.85,2421.49,2123.0,15.0,37,74,2,6,81,255000,1,1,1.0,1,1859872.2,52000.0,23500.0,5439.0,33917.75,18357.0,46.0,2,104000.0,28958.94,165400.0,3,78,29922.0,60123.9,19277.59,2,12,184.0,Y,1749.29,current,M,29,MEDIUM,4.5,5,386.0,0,15.0
13252,14210,13144.0,7383.08,3999.0,17031.18,6927.0,17970.0,1697.0,31.0,5,61,15,1,47,157000,1,1,1.0,1,1831780.84,46500.0,49975.0,1500.0,22794.83,54916.7,16.0,2,34043.0,48967.1,23293.0,50,81,35944.0,17633.13,49195.0,14,24,25679.0,Y,7378.62,current,M,33,MEDIUM,13.0,6,683.0,0,10.0
13253,13257,324149.0,7482.0,1484.84,1493.85,4381.0,2554.0,2356.0,1.0,10,16,8,1,3,199999,1,1,1.0,1,89908.8,52985.43,908.0,1411.0,29932.58,52652.9,1.0,3,10210.0,30148.52,250591.41,7,63,33881.0,6479.0,35825.37,1,104,27967.0,Y,4654.22,saving,M,34,LOW,14.0,5,937.0,1,8.0
13254,10697,10801.0,4728.8,4872.0,703.3,494.0,1096.5,428.52,2.0,46,87,24,2,98,461000,1,1,1.0,1,568.8,157000.0,3570.0,6885.0,231719.2,16949.0,50.0,30,23743.0,35222.23,102831.0,2,18,23247.0,107733.89,66089.0,46,18,44694.0,Y,6482.37,current,M,42,MEDIUM,19.8,10,503.0,1,3.0
13255,8476,13491.0,2882.0,15469.0,21085.0,6755.0,34157.0,13840.06,25.0,10,35,53,6,47,466000,1,1,1.0,1,13732.93,53750.0,183999.0,5730.0,97272.38,22935.0,20.0,31,36342.0,23047.0,72129.0,6,20,31658.0,63299.07,86559.0,47,83,21144.0,Y,1303.14,current,M,30,LOW,6.0,6,743.0,1,9.0
13256,12717,11205.0,26341.96,5947.0,29213.0,15025.0,4578.0,7001.0,1.0,99,32,10,27,9,453000,1,1,1.0,1,10535967.5,74599.9,50000.0,2351.0,49550.61,19239.0,4.0,13,26072.0,184163.32,119639.0,2,82,31048.0,9728.0,33980.0,4,10,44913.0,Y,3907.5,current,M,38,LOW,14.4,6,454.0,1,17.0
13257,7013,14914.0,10195.2,1230.0,680.0,3063.44,2712.63,945.97,64.0,36,117,2,3,1,138000,1,1,1.0,1,8256.6,8000.0,68000.0,903.0,22861.76,122532.0,42.0,1,38414.0,102087.88,248623.0,2,11,25578.31,90963.3,20779.52,6,73,481.0,Y,11431.31,current,M,35,LOW,13.5,10,805.0,0,9.0
13258,11301,1198.0,2797.0,7947.0,12911.18,16999.17,2236.31,2826.13,7.0,8,59,1,25,2,110000,1,1,1.0,1,71191.8,165970.9,183999.0,977.0,29768.31,11619.0,43.0,1,1378.0,14923.15,70283.86,4,23,30498.0,11338.21,32566.0,21,11,29326.0,Y,5243.43,saving,F,32,LOW,7.2,6,324.0,0,11.0
13259,12434,7066.0,7216.24,559.0,11029.59,1357.61,5277.78,5019.55,2.0,5,44,3,6,1,581000,1,1,1.0,1,720551.4,15036.0,50000.0,-5942.0,63303.68,155805.0,16.0,6,28735.0,35843.5,63561.0,2,82,24355.0,47049.52,118574.0,6,38,611.0,Y,24911.14,current,M,30,HIGH,6.0,8,710.0,1,18.0
13260,11008,18912.0,26830.0,5071.52,9043.0,3307.0,22256.0,11631.36,6.0,7,89,4,4,9,17000,1,1,1.0,1,5210.85,45769.27,33774.0,3735.0,142.25,62786.0,63.0,7,17539.0,72978.72,64194.0,43,11,43604.0,166918.33,113228.0,4,32,56509.0,Y,26842.33,current,M,32,MEDIUM,8.4,3,686.0,1,14.0
13261,13103,18947.0,27087.76,4426.0,6912.3,3447.0,2037.78,5046.0,1.0,3,64,2,2,6,173000,1,1,1.0,1,39851.93,64491.0,68000.0,6613.0,60547.88,363653.0,86.0,1,14599.0,30415.0,43140.42,6,12,25057.0,47350.5,52449.9,7,63,46922.0,Y,272.87,saving,M,34,MEDIUM,1.4000000000000001,7,123.0,0,16.0
13262,2783,19067.0,29873.27,347.0,8211.9,232.88,5310.25,1338.0,1.0,2,84,1,6,22,44000,1,1,1.0,1,156875.0,1372927.14,891.0,3897.0,95622.68,151983.0,55.0,18,2475.0,33442.5,60430.0,1,20,23406.0,47334.81,88306.12,3,80,21113.0,Y,1376.83,current,M,32,MEDIUM,12.0,4,516.0,0,10.0
13263,15243,364.0,7495.0,8762.0,16525.35,4115.94,5929.0,16575.05,15.0,10,86,1,1,21,222000,1,1,1.0,1,871.5,52985.43,49975.0,0.0,8178.18,34067.34,43.0,26,25944.0,10709.0,46517.0,2,13,87330.0,124359.13,19764.29,47,100,49089.0,Y,4621.07,current,M,46,MEDIUM,15.600000000000001,3,245.0,1,12.0
13264,8226,405660.0,9876.71,6852.65,22633.61,1340.0,3737.0,2376.0,1.0,43,4,18,1,1,371000,1,1,1.0,1,117680.0,194099.3,19400.0,2921.0,56897.5,36272.0,147.0,3,1174.0,95749.42,83507.0,2,5,14885.0,25383.25,24764.29,14,11,66985.0,Y,14644.29,saving,M,27,LOW,2.1,7,802.0,1,7.0
13265,15536,17897.0,16685.72,6594.0,10286.74,35186.49,6636.395,9294.0,6.0,36,67,2,2,34,371000,1,1,1.0,1,2173459.0,159308.0,1630.0,-5942.0,33989.0,20715.0,39.0,1,29919.0,104627.85,55161.0,5,5,31879.0,28381.25,38434.0,3,58,30080.0,Y,25711.18,current,F,30,MEDIUM,10.0,6,538.0,1,8.0
13266,1757,12534.0,4148.98,469.42,3168.0,3106.25,9555.455,19810.0,8.0,10,49,5,2,10,448000,1,1,1.0,1,27730.68,470000.0,28912.0,-4679.0,12149.0,223764.0,17.0,0,25997.0,16009.46,8740.0,45,6,40116.0,195941.12,49731.83,16,76,4797.01,Y,2655.22,saving,M,37,MEDIUM,3.4000000000000004,1,836.0,0,7.0
13267,3148,2737.0,1908.0,1027.43,2830.5,6702.4,2455.0,4191.0,2.0,4,30,10,7,2,26000,1,1,1.0,1,39851.93,390700.0,13873.0,35346.0,16466.35,210021.0,91.0,13,19075.0,43050.63,223944.76,42,82,22908.0,68921.2,22799.8,12,38,40248.0,Y,3493.84,saving,M,63,MEDIUM,30.1,5,346.0,1,4.0
13268,5843,168964.0,16078.2,7944.0,3825.81,6781.03,11464.04,9252.24,44.0,2,2,1,1,3,302000,1,1,1.0,1,9608.3,470000.0,49975.0,3983.0,42764.02,37114.0,89.0,4,28713.0,123191.5,100258.0,1,108,24438.0,15984.35,24240.0,62,12,22150.0,Y,1632.04,current,M,33,LOW,9.1,3,748.0,0,11.0
13269,19061,16852.0,2948.61,36242.82,4282.13,5599.0,738.0,1085.0,8.0,10,112,10,1,98,461000,1,1,1.0,1,33092.59,194099.3,12611.0,903.0,66846.87,61125.0,3.0,7,19421.0,54489.83,29023.0,6,27,19572.0,61253.5,400.19,5,8,26120.0,Y,1098.14,current,M,67,HIGH,18.8,4,296.0,1,3.0
13270,4423,10619.0,4944.95,15063.91,4709.78,6447.0,32413.61,11365.0,59.0,93,117,1,2,47,143000,1,1,1.0,1,13849.4,8407.46,4699.0,1079.0,10128.25,172663.0,46.0,23,149590.0,18706.49,212323.36,4,28,14157.0,107944.62,57051.68,49,50,12712.0,Y,9888.95,current,M,56,LOW,3.6,9,254.0,1,20.0
13271,16424,17144.0,57999.71,11805.26,18765.11,1034.0,5863.5,11506.0,60.0,18,89,48,2,13,533000,1,1,1.0,1,201133.0,240000.0,30071.0,-5439.0,27701.27,29174.0,95.0,4,8850.0,18927.57,165400.0,16,81,7760.0,41204.4,62463.0,4,76,28633.0,Y,7127.99,saving,M,33,LOW,11.700000000000001,5,969.0,1,10.0
13272,4473,211.0,11420.57,1929.0,6599.1,2800.0,62914.0,2994.76,18.0,30,47,1,6,1,595000,1,1,1.0,1,4720.0,245000.0,78309.0,-5439.0,2483.0,32166.0,11.0,3,8560.33,75959.95,46794.0,3,12,55141.0,43314.59,404.0,2,73,5200000.0,Y,830.71,current,M,47,MEDIUM,10.8,6,355.0,1,16.0
13273,8186,15728.0,9126.05,1076.5,7884.48,1533.0,10640.995,5072.0,100.0,43,30,5,11,1,425000,1,1,1.0,1,510.6,53749.0,15477.0,5340.0,54265.15,47153.91,18.0,13,11967.0,36305.88,55025.0,2,6,29242.0,58428.68,43063.0,12,76,14096.0,Y,3004.61,current,M,33,MEDIUM,9.1,3,355.0,1,7.0
13274,3162,3682.0,4569.35,952.0,21108.0,1579.0,8134.0,4971.0,8.0,10,59,7,21,86,124000,1,1,1.0,1,48422.7,446457.0,30000.0,2921.0,23003.88,125295.0,39.0,2,16639.0,10408.65,14400.33,1,5,54761.13,55567.64,86160.0,4,32,113196.0,Y,5971.57,current,F,42,LOW,13.200000000000001,5,588.0,0,9.0
13275,7705,3867.0,18763.82,2270.01,6758.81,888.0,1918.865,3647.0,9.0,27,74,53,4,20,353000,1,1,1.0,1,2195.28,125090.58,1515.0,553.0,16606.0,380492.0,24.0,26,34819.0,17884.34,10045.0,5,171,11374.0,118658.0,116209.0,12,52,47.41,Y,18655.09,current,M,29,HIGH,6.300000000000001,8,424.0,0,8.0
13276,15594,109499.0,21569.88,1557.0,17971.44,8830.0,9970.0,6728.0,3.0,61,60,11,25,79,403000,1,1,1.0,1,72383.25,187788.1,105000.0,1954.0,23979.7,59447.0,18.0,7,20343.68,56044.75,29507.0,3,78,37453.0,22351.68,63126.0,4,64,35408.95,Y,3569.45,current,F,34,LOW,4.2,5,922.0,1,19.0
13277,806,7333.0,5232.5,2372.0,9310.0,864.39,9288.64,10250.0,2.0,3,16,17,3,39,35000,1,1,1.0,1,1482778.95,117890.0,1166.0,2351.0,13153.01,100463.0,62.0,1,45583.0,53344.96,166389.5,2,70,26466.0,87770.26,120058.0,21,2,123.0,Y,2620.97,saving,M,29,LOW,4.5,7,258.0,1,3.0
13278,15338,2141.0,1885.0,6852.0,29079.03,871.6,5254.0,2549.73,18.0,16,44,8,31,67,124000,1,1,1.0,1,2002.36,267421.4,60000.0,12174.0,19729.98,42128.0,46.0,3,52120.0,29006.64,64952.0,1,81,45989.0,73575.09,66178.0,2,80,233.0,Y,429.36,current,M,32,MEDIUM,9.600000000000001,1,867.0,1,19.0
13279,17186,7750.0,45996.41,4085.08,6681.0,31742.01,1903.51,30020.0,12.0,23,14,10,9,47,212500,1,1,1.0,1,472.0,1084598.7,230000.0,0.0,136188.6,49147.0,4.0,5,31094.2,49523.65,38927.0,6,5,1537.0,53974.63,34162.0,4,75,20928.0,Y,9095.71,current,M,53,MEDIUM,33.0,6,921.0,1,6.0
13280,5755,0.0,5140.0,1684.96,4733.54,4759.0,1186.235,41199.0,8.0,3,5,82,4,79,243000,1,1,1.0,1,21220.0,82907.34,3570.0,-6281.37987999999,24926.0,5132.0,52.0,4,44858.0,101301.77,59478.12,4,20,52500.0,146068.63,35138.95,9,1,31947.0,Y,573.04,current,M,30,MEDIUM,8.0,4,536.0,1,9.0
13281,15601,220762.0,2946.47,5750.0,14417.51,64785.0,26283.335,10750.97,9.0,10,47,5,2,79,556000,1,1,1.0,1,1112.4,337000.0,13873.0,-5715.49022999999,16466.35,192196.98,35.0,0,23796.0,288.0,10530.0,4,50,15044.0,54224.71,123687.0,3,120,15141.0,Y,2482.49,current,M,42,MEDIUM,2.2,8,269.0,0,16.0
13282,4502,12875.0,579.0,1166.42,61669.125,13671.0,5594.62,1650.17,6.0,4,74,2,12,3,784000,1,1,1.0,1,101891.25,464261.6,45000.0,1332.0,45030.85,22442.0,46.0,13,58767.0,18560.0,27552.0,31,26,88260.0,15174.0,5070.0,1,58,55267.0,Y,3451.51,current,F,33,MEDIUM,10.4,8,123.0,1,20.0
13283,4087,8619.0,149055.97,7745.0,1689.5,2499.0,5661.0,2630.0,9.0,66,74,8,48,3,302000,1,1,1.0,1,109200.0,165970.9,51520.0,5773.0,20085.21,23668.0,91.0,1,26435.0,458.5,40072.0,2,20,283399.0,21154.0,104379.0,2,12,40894.0,Y,157951.88,saving,M,34,LOW,4.2,7,708.0,0,6.0
13284,19995,308583.0,19346.13,1442.69,10961.45,1577.0,11333.695,2150.0,44.0,4,50,47,4,2,74100,1,1,1.0,1,7713.51,482147.0,25728.0,8362.0,57319.92,15251.91,94.0,9,46281.0,59995.0,11682.0,43,86,61029.0,44284.63,34137.78,46,68,42209.0,Y,10394.81,current,M,63,LOW,8.6,9,314.0,1,15.0
13285,7063,13447.0,6598.68,6273.2,1762.7,29884.0,11073.0,1695.56,6.0,84,13,60,3,77,750000,1,1,1.0,1,13732.93,184514.0,90525.0,-5439.0,3525.0,108789.0,4.0,4,12122.0,15821.31,13918.0,3,108,36128.71,48082.78,3075.0,9,13,24905.0,Y,8189.28,saving,M,35,MEDIUM,15.0,10,385.0,0,15.0
13286,17571,14125.0,2369.0,16918.28,13914.18,10644.12,14973.89,1956.0,50.0,36,135,3,15,1,34000,1,1,1.0,1,124929.75,376694.91,13873.0,8723.0,89682.36,48329.0,2.0,1,45475.0,49991.15,47349.72,1,7,19849.9,25695.36,15437.0,36,42,101458.09,Y,337259.01,current,M,53,MEDIUM,19.8,1,331.0,1,5.0
13287,7934,32894.0,4932.82,14277.0,4721.33,1016.0,2595.67,3903.0,12.0,77,32,35,55,39,287000,1,1,1.0,1,15079.5,1151269.05,18389.0,-4679.0,28691.15,174052.0,103.0,2,31436.0,82356.0,119671.0,11,12,20004.0,28929.01,31770.36,2,12,39636.0,Y,16.73,saving,M,66,MEDIUM,18.400000000000002,10,640.0,0,16.0
13288,7288,338140.0,1712.4,4439.5,25241.0,4592.62,727.52,3613.85,1.0,17,112,2,1,39,49999,1,1,1.0,1,4120.0,241529.77,230000.0,0.0,64497.69,55729.95,18.0,4,55725.0,40488.29,13640.0,4,50,34827.0,91101.13,52102.11,42,49,31292.0,Y,3480.56,current,M,28,MEDIUM,4.800000000000001,1,685.0,1,15.0
13289,6187,323374.0,7267.56,32366.0,24012.1,579.15,17288.18,30180.0,44.0,3,72,1,26,1,784000,1,1,1.0,1,6558.8,24000.0,891.0,-4679.0,13711.25,28721.0,147.0,1,38489.0,7348.88,678.0,2,20,54792.0,58239.43,14796.0,7,50,25441.69,Y,11980.44,current,M,40,MEDIUM,16.0,9,233.0,1,9.0
13290,14312,16307.0,39610.47,253.0,11721.09,2288.0,11534.4,2226.02,3.0,60,7,26,4,68,98000,1,1,1.0,1,192428.25,12000.0,3000.0,-5439.0,96302.5,14824.0,4.0,4,47937.0,102421.55,297.0,3,12,18168.0,43170.04,46.0,3,13,23065.0,Y,4975.84,current,M,34,LOW,5.6000000000000005,8,523.0,1,7.0
13291,19488,295729.0,6309.91,3422.0,1891.0,8220.07,5661.0,1286.74,57.0,30,64,44,4,67,139999,1,1,1.0,1,48675.31,470000.0,536.0,7984.0,2112.0,55778.5,24.0,5,56667.0,82132.46,32175.0,2,13,126836.78,48759.27,65554.0,9,11,20903.0,Y,3307.89,current,M,34,MEDIUM,4.2,2,269.0,1,18.0
13292,103,14945.0,3562.0,36242.82,25709.87,3757.0,17396.58,2494.0,28.0,99,29,5,1,13,252000,1,1,1.0,1,8209320.0,121927.8,798.0,-5942.0,12573.13,182577.0,42.0,3,48501.0,112417.07,52755.1,3,8,41510.0,20865.94,32041.0,12,32,250000.0,Y,2681.7,saving,M,46,MEDIUM,15.600000000000001,5,723.0,1,19.0
13293,899,15030.0,12462.0,95.0,7441.0,2370.0,2766.0,2825.0,10.0,10,64,1,27,2,114000,1,1,1.0,1,7089.7,152664.0,16114.0,5730.0,3246.56,15868.0,42.0,23,53000.0,36370.0,8078.0,7,108,27018.0,45449.13,302708.09,12,76,130000.0,Y,6117.54,current,M,222,MEDIUM,181.8,8,974.0,1,5.0
13294,16010,7910.0,4293.0,6295.96,1120.3,2077.5,46602.0,5513.0,6.0,6,44,5,3,8,371000,1,1,1.0,1,61186.36,96096.0,22000.0,2921.0,56737.78,62146.41,43.0,4,21750.0,20267.21,180151.0,9,12,65362.0,37045.32,20498.0,49,12,16785.0,Y,1732.39,current,M,35,LOW,1.5,2,593.0,0,6.0
13295,10018,8089.0,3616.34,3491.0,6603.55,1670.0,14839.0,5400.0,531.0,5,73,7,55,91,567000,1,1,1.0,1,71020.5,10903.0,2214.0,1411.0,24386.0,33078.0,103.0,13,243061.0,19379.46,20587.0,3,34,45065.0,52178.35,92494.0,2,7,100517.0,Y,1644.59,current,M,38,MEDIUM,14.4,9,446.0,1,10.0
13296,728,19832.0,11708.49,12880.0,3588.75,3037.6,11407.56,2883.0,43.0,4,52,60,21,4,507000,1,1,1.0,1,41070.0,42000.0,49975.0,5730.0,161179.54,77167.0,10.0,2,69562.0,26158.89,30470.5,7,7,87332.0,40843.99,65416.0,2,52,14492.0,Y,15884.72,current,M,44,MEDIUM,21.6,9,958.0,0,4.0
13297,4127,13429.0,34311.0,11063.0,959.52,16831.5,4603.0,9928.8,136.0,23,4,82,1,47,400000,1,1,1.0,1,58834.74,83402.0,5797.0,553.0,267696.0,27725.0,46.0,26,57055.0,25404.75,787.0,0,20,9156.0,2633.19,53959.0,3,18,27801.0,Y,8542.13,saving,F,27,LOW,3.5,8,370.0,0,11.0
13298,9646,18006.0,14851.89,1720.5,2908.68,1457.74,1268.19,3561.0,15.0,9,52,8,4,98,784000,1,1,1.0,1,123295.4,64491.0,508.0,20324.0,19243.57,14344.42,22.0,7,37143.0,22133.37,202653.0,45,28,24338.0,26005.75,86559.0,1,1,20105.0,Y,287.07,current,F,66,MEDIUM,18.400000000000002,7,867.0,1,19.0
13299,4214,13152.0,35560.0,37365.92,9118.67,8711.75,7029.0,10529.0,4.0,10,3,18,1,36,68250,1,1,1.0,1,510.6,356899.37,5591.0,1465.0,78552.05,419055.81,10.0,17,39024.0,23833.0,23160.0,9,81,116645.0,54150.33,48613.68,5,18,21501.0,Y,2118.62,current,M,66,MEDIUM,32.2,6,945.0,1,8.0
13300,4061,12115.0,8020.48,5494.48,1998.0,4588.0,33657.0,777.0,2.0,128,3,4,15,1,326000,1,1,1.0,1,61761.4,16000.0,25639.0,12415.0,127060.19,36989.0,11.0,36,291262.0,2919.44,220337.26,2,49,22254.0,20309.64,22453.5,5,50,116905.0,Y,1.41,current,M,33,MEDIUM,9.1,5,883.0,1,8.0
13301,15532,3723.0,29676.76,441.0,72254.62,3983.0,2300.0,16682.93,14.0,18,18,53,15,1,315000,1,1,1.0,1,1220.0,97000.0,1166.0,6409.0,13057.6,32914.0,10.0,26,29640.0,55271.58,49215.5,4,25,25152.0,39960.39,201362.0,8,75,129494.0,Y,1875.47,current,M,33,LOW,7.800000000000001,6,956.0,0,13.0
13302,1688,8406.0,51322.97,938.55,3373.39,831.0,23037.0,1929.0,24.0,30,82,2,18,8,0,1,1,1.0,1,26360.0,295150.9,23500.0,-5942.0,18217.02,120261.0,20.0,5,18774.0,186357.61,71193.0,1,20,30383.0,44159.55,36682.0,3,38,26685.0,Y,1328.57,current,M,27,HIGH,7.0,1,643.0,0,16.0
13303,2048,36232.0,33257.84,1178.25,8946.36,6967.0,1100.0,224.0,12.0,30,6,47,6,1,402000,1,1,1.0,1,568.8,117890.0,15477.0,1411.0,57011.0,38939.0,18.0,2,23120.0,128982.75,19653.0,47,12,20343.0,11478.49,41153.0,7,24,22896.0,Y,1507.13,current,M,33,MEDIUM,11.700000000000001,10,445.0,0,12.0
13304,220,130799.0,16505.5,1606.0,15448.84,5416.4,30087.3,42960.0,8.0,36,5,2,2,54,102000,1,1,1.0,1,306.4,138732.3,1209.0,0.0,305.37,106770.5,18.0,2,46064.0,28499.14,357.73,6,27,40984.0,147313.62,634220.75,36,35,52653.0,Y,9126.98,current,F,37,MEDIUM,8.5,1,750.0,1,13.0
13305,5539,19743.0,20023.49,582.0,6325.16,1582.0,9061.955,6733.0,4.0,50,38,15,15,47,371000,1,1,1.0,1,272677.25,71944.5,300500.0,-5715.49022999999,4743.63,86672.0,4.0,4,29825.0,31396.25,16597.0,4,44,29622.0,100050.44,335921.0,38,15,32192.09,Y,5999.04,current,F,28,LOW,4.0,2,629.0,1,3.0
13306,4271,16405.0,18939.05,816.0,7606.5,525.0,3369.275,18983.52,66.0,30,79,2,1,55,379000,1,1,1.0,1,322.02,234459.4,9570.0,5464.0,20523.0,19289.0,94.0,13,46598.0,52447.25,13020.0,2,70,14344.0,6707.78,71060.8,2,22,2368.0,Y,281943.98,current,M,34,MEDIUM,11.200000000000001,1,248.0,0,17.0
13307,17021,2065.0,10218.985,15858.0,35935.75,658.0,6313.43,3519.0,6.0,30,6,8,4,80,267000,1,1,1.0,1,26360.0,267421.4,36114.0,0.0,38319.12,41630.0,23.0,4,396900.0,65090.75,78966.0,6,13,243528.0,39715.28,18277.0,6,1,36978.0,Y,10216.6,current,M,120,LOW,80.0,1,355.0,1,7.0
13308,11120,13729.0,2537.13,2425.0,20797.23,4536.0,474.0,20418.28,8.0,66,4,5,3,2,336000,1,1,1.0,1,5215.0,340000.0,1526.0,5730.0,63113.53,44058.0,10.0,1,16835.0,13319.0,150210.0,3,50,61446.0,22895.82,33644.0,6,67,26351.0,Y,276.0,current,M,50,MEDIUM,18.0,10,324.0,0,18.0
13309,4735,128354.0,1913.0,5554.0,11592.3,6533.13,93030.65,10162.79,28.0,1,10,7,2,8,232000,1,1,1.0,1,46730.2,3.59,25508.0,2921.0,57942.4,49640.34,52.0,26,25541.0,57749.55,258970.5,11,2,15184.0,33428.38,25737.29,10,40,20304.0,Y,9193.15,current,M,47,LOW,21.6,4,447.0,0,3.0
13310,12142,12275.0,20546.0,15068.0,35315.0,13356.0,7880.0,11940.42,5.0,26,4,1,9,55,52000,1,1,1.0,1,5467.3,93.35,2644.0,12415.0,34417.5,69473.75,8.0,13,20214.0,40250.0,100504.0,1,63,39500.0,4401.99,36302.88,2,3,49613.0,Y,590.23,current,M,66,MEDIUM,9.200000000000001,9,269.0,1,3.0
13311,15641,327174.0,7120.26,1447.42,2386.87,1729.04,2508.0,2198.0,63.0,2,74,24,4,13,581000,1,1,1.0,1,299294.61,100000.0,565.0,-6885.0,51909.25,359347.0,46.0,4,29583.0,6602.0,22212.0,2,23,27645.0,172216.56,421094.2,14,3,20543.0,Y,15344.03,current,F,50,MEDIUM,9.0,9,506.0,0,6.0
13312,1903,7055.0,37411.82,8525.0,3867.93,3572.1,65493.5,967.0,19.0,71,47,24,2,47,595000,1,1,1.0,1,180615.02,12257.0,2214.0,0.0,141916.79,36983.0,10.0,6,160060.0,38145.0,22968.0,5,1,83.41,62532.0,51255.0,3,83,42648.0,Y,4675.48,current,F,66,LOW,32.2,4,708.0,0,12.0
13313,2851,112044.0,25578.15,6477.0,9004.25,1897.92,15896.525,777.0,5.0,56,14,1,1,47,155000,1,1,1.0,1,55700.0,14000.0,639.0,3897.0,14351.56,55533.0,90.0,3,87766.0,109414.51,143061.0,5,4,21791.0,25072.14,30993.0,6,7,19594.0,Y,8141.93,saving,M,49,MEDIUM,20.3,7,762.0,1,12.0
13314,5084,19517.0,66375.81,1588.0,10296.09,19091.01,17657.12,7240.0,44.0,5,27,24,1,10,46000,1,1,1.0,1,1641785.0,91747.0,6000.0,6613.0,50121.5,48433.0,42.0,2,36342.0,50772.54,34407.0,2,9,42586.0,68933.38,52303.0,94,83,25682.0,Y,3531.58,current,M,63,MEDIUM,30.1,2,247.0,1,16.0
13315,13060,15384.0,17162.16,13770.0,13287.45,4556.23,6494.0,2951.0,25.0,2,67,1,6,56,381000,1,1,1.0,1,23221.65,108145.0,2644.0,-4664.0,65359.33,42067.0,16.0,2,11370.0,116091.0,16718.86,47,16,22815.0,69521.2,141030.0,2,103,17621.0,Y,9698.08,saving,M,34,LOW,4.2,7,626.0,0,17.0
13316,12766,403377.0,51158.81,1253.0,11812.45,5961.0,4067.0,6458.0,10.0,36,49,1,3,2,410000,1,1,1.0,1,28482.5,152664.0,768.0,12174.0,57189.07,42205.0,70.0,14,28697.0,46919.24,44352.0,47,63,114263.22,121417.84,98584.59,2,50,18771.0,Y,4292.42,current,M,53,MEDIUM,6.6000000000000005,10,516.0,1,14.0
13317,9386,222900.0,26949.04,21747.0,3217.165,1318.0,872.0,18067.0,28.0,5,7,3,4,98,124000,1,1,1.0,1,684495.7,64215.6,100000.0,2921.0,66854.0,35252.21,69.0,4,25731.0,97262.39,1660.0,16,171,68875.0,17545.0,59752.0,36,18,31442.0,Y,4107.3,current,M,60,LOW,12.0,5,911.0,1,8.0
13318,2341,4451.0,1695.1,3849.0,1775.5,991.91,14497.54,7262.0,3.0,30,87,24,1,47,575000,1,1,1.0,1,72383.25,165970.9,11580.0,20790.0,1055091.5,218521.0,90.0,35,9402.0,184163.32,249.0,6,78,348255.0,6619.0,633.0,6,9,29037.0,Y,788.51,current,M,39,HIGH,1.9000000000000001,3,921.0,0,2.0
13319,17083,5577.0,3974.0,512.49,6052.5,7347.0,6021.16,1106.94,6.0,23,46,52,45,47,74100,1,1,1.0,1,47936.43,245000.0,11580.0,1444.0,82756.23,20568.0,70.0,36,42386.0,74511.35,21969.0,2,81,69866.0,124562.58,110365.0,117,103,55682.0,Y,2152.5,current,M,27,LOW,2.8000000000000003,9,355.0,1,13.0
13320,784,4111.0,3751.13,1557.0,7227.9,2249.73,6942.89,2890.0,100.0,77,86,39,25,13,371000,1,1,1.0,1,33111020.0,633323.83,68000.0,5730.0,52403.52,15926.97,18.0,1,15195.0,7316.23,187232.98,7,8,21704.0,45934.0,108742.0,4,9,27447.0,Y,12141.35,current,M,36,MEDIUM,8.0,5,814.0,0,10.0
13321,18968,12107.0,11411.52,771.45,1589.0,2771.99,3285.1,1694.0,44.0,81,23,1,2,55,400000,1,1,1.0,1,158135.2,482147.0,925.0,12163.0,116530.49,52400.99,55.0,33,27652.0,263711.06,6574.0,1,28,13224.0,15662.0,23507.0,8,96,17560.0,Y,4412.02,current,F,29,LOW,7.2,1,386.0,0,2.0
13322,9047,12143.0,49188.22,2761.63,61251.43,1109.0,12627.13,5149.0,26.0,3,110,7,1,47,293000,1,1,1.0,1,960000.0,197800.0,23500.0,6885.0,30279.25,25157.5,103.0,1,59423.0,170925.17,52609.0,6,20,26765.0,90979.76,39665.5,5,25,18298.0,Y,2943.65,current,F,66,MEDIUM,9.200000000000001,8,505.0,0,11.0
13323,1207,1644.0,21420.82,10527.25,34036.14,13847.0,8096.6,3376.0,57.0,10,29,22,5,16,369000,1,1,1.0,1,124929.75,1187335.5,4367.0,20513.0,126830.5,345258.0,63.0,4,31414.0,56253.78,53412.0,43,25,90930.0,67539.94,165449.0,3,11,32009.0,Y,4421.22,current,M,53,MEDIUM,19.8,9,445.0,1,12.0
13324,15856,7380.0,3731.91,32789.08,7791.0,16907.4,32011.5,2454.9,6.0,85,135,7,3,79,167000,1,1,1.0,1,98062.5,43397.0,50000.0,35346.0,61437.25,101867.82,103.0,1,38826.0,30155.66,1059.0,31,26,36128.71,19526.96,18779.0,117,73,47357.0,Y,4816.39,current,F,53,LOW,26.400000000000002,4,394.0,1,10.0
13325,15266,290046.0,63996.29,6370.0,31449.31,3307.0,36298.95,1405.02,29.0,65,61,50,7,91,19000,1,1,1.0,1,5004.0,385218.7,25000.0,-5715.49022999999,327375.36,23169.0,42.0,0,23451.0,40488.29,109506.0,6,25,29016.0,265331.16,2413.33,94,14,30781.27,Y,18.59,current,M,28,LOW,4.0,5,863.0,0,2.0
13326,13497,14609.0,11710.0,4225.0,9322.43,2901.96,3123.5,6617.0,15.0,26,32,6,55,2,383000,1,1,1.0,1,3638.25,110135.86,68000.0,-6885.0,65264.0,83453.04,48.0,13,12924.0,20477.25,70822.0,23,7,83908.0,103609.0,41429.75,42,57,50083.0,Y,4780.38,current,M,46,HIGH,26.0,2,537.0,1,13.0
13327,19050,15792.0,5397.0,318.0,15592.0,3272.9,17949.67,3926.0,80.0,83,9,2,2,17,16000,1,1,1.0,1,28482.5,244483.3,3975.0,1465.0,248474.77,69605.5,46.0,3,23090.0,53459.55,29385.44,7,81,50140.0,42766.4,54784.0,6,11,72228.41,Y,8759.92,current,M,219,LOW,199.0,1,855.0,1,8.0
13328,17601,12076.0,2383.14,5277.94,11019.0,3628.25,19603.4,3328.34,531.0,25,35,54,21,16,369000,1,1,1.0,1,4039029.9,223379.4,550.0,35346.0,8729.69,134002.0,46.0,7,64471.0,35418.23,15085.74,0,7,26067.0,40377.0,25726.0,9,8,35334.0,Y,1528.28,current,M,47,LOW,27.0,10,656.0,1,14.0
13329,5256,14011.0,1172.0,1553.0,10240.87,6872.0,7567.6,945.97,60.0,85,84,44,1,79,330000,1,1,1.0,1,21220.0,24000.0,711.0,2921.0,14943.25,42932.41,42.0,4,14520.36,63131.88,15827.0,50,63,116123.0,69302.15,110762.0,117,63,40635.0,Y,746.36,current,M,63,MEDIUM,38.7,1,330.0,1,11.0
13330,16072,164645.0,45761.44,22127.0,21323.14,738.0,4181.0,842.0,32.0,3,60,1,8,4,373000,1,1,1.0,1,111.0,222222.0,51520.0,553.0,19675.25,46310.91,15.0,3,39628.0,34095.13,59082.0,20,12,48649.0,22381.23,82161.0,94,22,39483.0,Y,29494.31,saving,M,66,MEDIUM,36.800000000000004,3,269.0,1,9.0
13331,13316,14740.0,23248.25,931.0,1043.04,8088.49,5987.06,213.52,5.0,26,71,5,11,4,296000,1,1,1.0,1,7089.7,152.87,36114.0,5464.0,4129.13,19534.0,90.0,5,27453.0,12142.0,101107.0,7,1,26848.0,18652.52,33861.0,8,61,18241.0,Y,11049.09,current,M,66,MEDIUM,13.8,9,259.0,1,2.0
13332,15764,11487.0,3737.0,740.5,6599.1,2017.2,15359.15,2123.0,2.0,18,49,35,12,20,198000,1,1,1.0,1,4941.45,165000.0,2644.0,8723.0,95656.59,30298.0,39.0,2,90633.0,49839.0,52289.0,1,69,98790.0,44597.25,6568.0,47,50,4580.0,Y,8769.38,current,M,66,LOW,32.2,6,468.0,1,20.0
13333,6833,119485.0,3768.92,2232.0,14242.96,25115.0,6323.0,3049.0,10.0,26,5,2,3,64,375000,1,1,1.0,1,26360.0,135552.85,678.0,3897.0,47159.49,55387.08,5.0,13,15115.0,13955.98,83367.0,23,77,45361.0,57556.54,62785.75,36,12,17344.74,Y,5333.07,current,M,33,HIGH,3.9000000000000004,2,658.0,1,13.0
13334,18244,164422.0,9758.15,6942.0,3062.2,9508.7,5992.795,3733.0,16.0,85,135,1,15,1,256000,1,1,1.0,1,47.35,167870.79,73217.0,12415.0,17537.05,79489.91,17.0,4,20272.0,53138.2,17961.0,30,8,46369.0,76127.16,62135.0,6,63,43012.0,Y,1155.69,current,M,31,LOW,4.4,7,536.0,0,17.0
13335,11909,14994.0,2710.0,10527.25,6925.54,2937.17,1838.0,4850.0,6.0,16,3,1,1,1,192000,1,1,1.0,1,249060.0,356899.37,57899.0,4856.0,31777.0,50465.0,35.0,4,64500.0,7151.0,119908.75,3,82,175098.0,44197.49,95458.0,40,22,28618.0,Y,40397.37,current,F,58,MEDIUM,3.8000000000000003,7,647.0,1,5.0
13336,4897,335471.0,10107.38,1070.84,4083.95,3063.44,2267.94,372.0,100.0,43,46,7,2,2,400000,1,1,1.0,1,165907.57,460000.0,2156.0,-4679.0,32661.51,64279.0,8.0,15,38947.0,41562.92,10138.0,9,78,78565.0,4348.18,8258.0,6,80,17399.0,Y,50885.61,current,M,28,MEDIUM,3.2,7,249.0,0,18.0
13337,17404,18047.0,57971.05,2831.0,5222.0,5925.0,6430.0,9335.0,5.0,5,7,35,8,47,16000,1,1,1.0,1,5809950.0,84.32,610000.0,4314.0,6002.76,704715.0,91.0,11,13818.0,24265.39,90366.13,3,67,53581.0,32972.9,61987.0,7,113,106446.0,Y,1618.99,current,M,62,LOW,12.600000000000001,4,233.0,1,6.0
13338,15671,98830.0,3846.76,1744.48,44747.44,570.66,3387.67,13343.34,8.0,84,59,57,27,16,28000,1,1,1.0,1,60050.0,76365.24,30011.0,4889.0,31612.76,35867.0,2.0,19,19107.0,42566.26,12389.0,0,25,63750.0,67528.33,56770.0,22,80,114707.0,Y,2928.41,current,M,32,LOW,1.2000000000000002,8,969.0,1,16.0
13339,1618,19332.0,5204.67,9760.0,857.0,8088.49,5242.64,7949.48,531.0,61,35,1,1,8,255000,1,1,1.0,1,19146.65,1084598.7,60000.0,-3506.17993,117028.52,25094.0,7.0,4,800000.0,8824.06,51000.0,5,87,16050.0,93825.05,23358.0,13,12,191700.0,Y,6857.14,current,M,32,LOW,3.6,4,700.0,1,9.0
13340,7646,1900.0,14644.43,624.0,30581.87,2551.0,19280.0,1397.0,92.0,18,50,3,44,4,345000,1,1,1.0,1,526491.3,100000.0,800.0,5464.0,31417.88,11224.0,39.0,33,28797.0,48484.09,275271.0,42,42,294000.0,73940.8,115817.0,8,49,27367.25,Y,1920.21,current,M,42,MEDIUM,17.6,10,485.0,0,12.0
13341,3307,6774.0,12030.37,602.01,7657.56,9519.88,10110.0,7950.93,32.0,1,5,26,4,1,59000,1,1,1.0,1,2173459.0,8407.46,508.0,12965.0,97613.6,57605.0,3.0,2,18929.0,52525.95,475218.0,6,26,21777.0,76785.45,5146.0,42,0,72990.0,Y,13.36,current,F,222,LOW,161.60000000000002,1,966.0,1,3.0
13342,17911,99317.0,1581.81,6899.99,10104.0,572.0,3714.0,1876.0,3.0,10,2,18,1,36,67000,1,1,1.0,1,4731234.6,369448.8,3975.0,-4664.0,94192.49,97503.42,11.0,36,26496.0,29924.66,8033.0,10,8,22477.0,25033.6,45899.0,6,18,61186.0,Y,2804.47,current,M,47,MEDIUM,2.7,8,700.0,0,18.0
13343,12481,17720.0,6076.69,996.0,22116.12,8925.0,94865.54,15861.0,57.0,18,62,42,25,1,125000,1,1,1.0,1,497317.93,100934.0,3570.0,1500.0,65313.82,47960.0,3.0,0,94000.0,13249.0,246406.0,20,44,146250.0,35337.52,34482.75,12,58,20441.0,Y,3710.99,current,M,30,MEDIUM,8.0,2,523.0,1,7.0
13344,28,18654.0,5851.0,703.0,3480.89,10488.0,4398.0,10942.0,6.0,2,6,1,27,39,304000,1,1,1.0,1,74899.55,96096.0,155205.0,2351.0,46930.38,73569.0,29.0,36,36753.0,8636.0,54292.85,3,46,17754.0,30133.64,11923.0,5,80,26774.0,Y,1130.39,current,M,66,MEDIUM,46.0,7,395.0,1,10.0
13345,19853,15548.0,19144.0,827.0,5560.92,2354.0,17499.0,959.27,6.0,19,20,1,1,1,461000,1,1,1.0,1,21220.0,141473.07,24619.0,903.0,51380.91,300333.0,6.0,2,83351.0,23432.5,34564.0,1,11,39850.0,41247.0,56962.26,47,12,15497.0,Y,1930.19,current,M,28,MEDIUM,5.6000000000000005,7,244.0,1,14.0
13346,957,423.0,46506.66,2232.0,10854.73,498.0,13910.21,6482.0,100.0,13,5,1,6,4,326000,1,1,1.0,1,942327.7,182359.2,583.0,6885.0,79773.0,102357.0,4.0,35,20962.0,22344.5,94569.36,5,14,86253.0,14810.0,130243.41,6,11,20107.0,Y,12821.6,current,M,29,LOW,0.9,6,698.0,1,13.0
13347,8325,18763.0,1530.37,475.0,1130.85,22304.86,4413.0,2397.0,17.0,32,47,47,2,56,139000,1,1,1.0,1,140291.6,119451.0,500718.0,4856.0,49630.79,114260.0,77.0,31,87665.0,53363.42,28439.0,1,25,11500.0,36465.19,244207.0,117,83,22729.0,Y,1032.51,current,M,37,LOW,11.9,6,372.0,1,9.0
13348,7887,4227.0,31054.0,2209.0,807.03,4892.95,3022.81,6452.0,32.0,77,61,1,2,70,68000,1,1,1.0,1,31845.5,72796.1,18389.0,3897.0,54593.8,17408.0,52.0,1,29572.0,83531.47,65309.74,2,13,16546.0,25872.38,18423.0,18,39,97839.0,Y,10959.16,current,M,62,MEDIUM,25.200000000000003,6,454.0,1,4.0
13349,4134,10671.0,9228.0,2570.07,10925.0,5245.0,2510.0,2433.0,5.0,34,44,48,21,98,425000,1,1,1.0,1,3486840.0,25404.0,33950.0,-5439.0,57336.87,369031.0,16.0,31,115985.94,13764.0,153570.0,4,42,34556.0,38918.5,28778.0,9,11,18790.0,Y,2778.37,current,M,35,MEDIUM,13.5,9,683.0,1,9.0
13350,9843,11695.0,19365.86,4257.89,9770.38,14799.97,26434.0,7974.0,14.0,60,89,3,1,91,378000,1,1,1.0,1,2216.0,42723.0,19400.0,0.0,3308.38,4120.0,91.0,36,28518.0,79190.27,39175.37,1,20,30613.0,3586.0,148216.5,7,96,91000.0,Y,4168.58,current,M,35,LOW,15.0,10,233.0,1,8.0
13351,4334,319505.0,1535.95,35971.0,6215.0,4658.44,27894.0,3126.0,7.0,36,90,60,51,31,84000,1,1,1.0,1,2720.0,470000.0,48950.0,-4679.0,23763.63,10018.0,4.0,26,9109.0,13558.42,7130.0,2,20,26910.0,77004.89,42988.0,4,12,18640.0,Y,204.98,current,M,27,MEDIUM,1.4000000000000001,10,488.0,1,10.0
13352,16043,2431.0,694.0,2666.95,6334.98,3106.25,41877.0,342.0,50.0,50,3,2,1,16,293000,1,1,1.0,1,684495.7,184514.0,130000.0,7478.0,26010.5,42668.0,15.0,1,50111.0,35760.0,88688.0,0,5,12120.2,39558.75,27170.27,94,1,27751.0,Y,129.66,current,M,32,LOW,7.2,4,867.0,1,4.0
13353,12337,302737.0,52203.81,3853.75,2688.77,6658.0,20963.92,11233.0,4.0,26,71,1,62,10,530000,1,1,1.0,1,5383.25,680956.4,300500.0,7478.0,25899.0,32003.0,52.0,4,34313.0,143627.65,13565.0,3,40,35550.0,102092.45,127429.74,62,28,23352.0,Y,4555.69,current,M,47,MEDIUM,5.4,10,464.0,1,19.0
13354,14038,13836.0,70088.16,3925.02,11717.0,608.79,15902.16,3052.0,26.0,5,13,1,24,10,341000,1,1,1.0,1,1539496.64,794000.0,49975.0,-5998.43994,51603.89,91226.56,16.0,2,29976.0,168591.0,23975.0,70,20,61234.0,33644.06,75050.09,8,7,19694.0,Y,6326.69,current,M,55,MEDIUM,3.5,2,921.0,1,20.0
13355,19585,171814.0,64209.55,208.55,60937.0,1582.0,13701.125,8023.0,5.0,23,50,2,3,44,272000,1,1,1.0,1,168265.55,110135.86,25000.0,-6885.0,145269.59,764.0,46.0,1,17600.0,79545.41,260281.0,5,30,32524.0,10367.97,179967.0,18,11,40706.0,Y,4217.66,current,M,223,LOW,81.2,4,454.0,1,3.0
13356,15943,286158.0,22581.19,5529.0,14224.25,3516.03,20655.44,6951.0,53.0,99,4,57,2,17,510000,1,1,1.0,1,1309500.9,13299.0,300500.0,1444.0,67379.98,49676.49,4.0,26,64341.0,27411.67,24225.86,0,82,108816.0,33434.65,10959.0,10,73,31792.0,Y,8631.17,current,M,60,MEDIUM,32.0,10,446.0,1,19.0
13357,399,17394.0,802.0,986.0,9706.35,986.68,5456.76,3649.0,2.0,3,7,50,14,98,408000,1,1,1.0,1,6100.0,162288.3,43798.0,0.0,14630.71,106985.68,55.0,7,48940.0,86215.45,119909.36,1,82,52382.0,6150.75,5112.5,94,52,47487.0,Y,6437.48,current,M,38,MEDIUM,16.2,3,249.0,1,2.0
13358,2827,20322.0,15242.77,8253.0,7975.84,33090.13,2085.675,2928.0,24.0,2,110,7,1,74,87000,1,1,1.0,1,38566.25,234459.4,25508.0,2500.0,23733.0,14178.0,8.0,2,78860.0,318078.01,72644.0,50,12,19849.9,33020.23,32223.85,6,1,24805.0,Y,2574.92,current,M,33,MEDIUM,6.5,10,748.0,1,8.0
13359,12230,1336.0,2613.63,2079.78,1216.19,6438.89,1309.0,2861.0,531.0,9,84,1,9,6,490000,1,1,1.0,1,213557.15,114.74,230000.0,5773.0,23885.42,7942.0,42.0,9,40793.0,19565.68,172292.0,0,12,44310.0,45392.54,66711.0,7,76,22231.0,Y,82.48,current,M,38,HIGH,14.4,4,486.0,0,20.0
13360,12,393957.0,1041.96,9251.59,3542.0,188.0,1323.955,6870.0,56.0,85,9,1,3,34,302000,1,1,1.0,1,253302.0,760470.3,24619.0,3897.0,39129.25,52456.11,20.0,2,22979.0,47866.93,2286.0,5,67,47592.0,303656.02,99182.0,9,15,5081.82,Y,3148.74,current,M,32,MEDIUM,10.8,4,523.0,0,15.0
13361,18275,324869.0,5455.1,4485.0,3158.4,10000.33,9722.0,6728.0,15.0,30,10,53,1,30,232000,1,1,1.0,1,1377313.45,19.39,68000.0,-3625.0,21604.87,20522.0,46.0,5,22568.0,10005.42,26007.0,6,20,113882.0,44657.0,431964.0,62,21,42702.0,Y,6356.68,saving,M,30,LOW,10.0,1,394.0,0,17.0
13362,15149,290896.0,21399.04,10209.37,1475.85,2371.19,2494.04,6829.18,12.0,1,4,51,25,7,16000,1,1,1.0,1,1488748.8,1543.85,248000.0,-6281.37987999999,6601.0,47028.88,32.0,43,212471.0,35760.0,32050.0,1,11,30318.0,46503.76,40328.0,3,72,33921.0,Y,600.98,current,M,36,LOW,1.6,10,653.0,1,17.0
13363,14517,107586.0,8852.75,210.0,36679.77,417.0,8676.0,3126.0,7.0,8,35,3,36,64,477000,1,1,1.0,1,3638.25,14000.0,59414.0,3897.0,90721.04,171319.0,4.0,2,57312.04,161420.93,102831.0,2,82,42086.0,369.0,748139.0,5,11,40248.0,Y,237.04,saving,F,37,HIGH,11.9,2,858.0,0,17.0
13364,14095,6844.0,25357.17,917.0,1160.75,1805.0,12291.49,10107.0,7.0,16,20,24,62,9,524000,1,1,1.0,1,41883.6,506383.85,50000.0,10455.0,38045.33,168035.88,77.0,1,71467.0,16591.23,26108.0,8,6,20942.0,33003.1,40067.0,8,38,30371.0,Y,4864.86,current,M,47,MEDIUM,21.6,1,428.0,1,16.0
13365,1276,19738.0,12184.6,1763.22,19739.34,13490.07,15186.385,2306.0,9.0,10,50,2,4,80,100000,1,1,1.0,1,35280.0,482147.0,3000.0,1411.0,14992.29,555280.61,16.0,4,19333.0,77829.98,98861.0,17,13,9698.77,101101.17,21069.0,43,18,38908.0,Y,2142.12,current,M,36,MEDIUM,11.200000000000001,10,867.0,1,14.0
13366,9350,17224.0,5484.49,3473.0,1661.0,4760.0,358.0,1014.0,57.0,85,19,2,1,8,471000,1,1,1.0,1,52209.5,267421.4,25002.0,5773.0,10449.17,121745.14,2.0,3,41674.0,56934.02,46948.0,20,20,28520.28,96396.05,53010.0,12,14,17102.0,Y,2715.34,current,M,28,MEDIUM,4.800000000000001,3,805.0,1,17.0
13367,6343,11125.0,15683.89,12168.0,13403.72,5670.0,13771.115,2062.0,7.0,22,29,18,3,3,461000,1,1,1.0,1,40440.4,3.0,12337.0,5340.0,55533.89,40096.5,18.0,31,15178.0,46456.48,41096.0,0,8,41856.0,790150.48,37187.0,3,79,113000.0,Y,6599.76,current,M,32,MEDIUM,2.4000000000000004,5,623.0,0,8.0
13368,18863,17585.0,16859.1,2342.52,40849.35,2859.84,2428.0,9997.0,7.0,36,112,3,55,1,369000,1,1,1.0,1,2002.36,132324.01,73217.0,977.0,22353.55,129938.0,11.0,43,22654.0,26740.71,28019.0,43,8,360.0,183930.06,32448.0,5,7,21756.0,Y,381.23,current,M,30,LOW,9.0,2,370.0,1,20.0
13369,17560,7734.0,89147.32,10060.05,1921.0,6457.62,14969.0,12670.16,531.0,17,18,21,31,39,287000,1,1,1.0,1,13730.0,253000.0,43798.0,-5942.0,37361.34,6258.9,67.0,6,19102.0,5300.0,67084.0,23,5,25610.0,48261.19,605341.19,1,124,54714.0,Y,41.68,current,M,33,MEDIUM,2.6,4,516.0,1,12.0
13370,2587,8380.0,1741.83,5113.0,2328.29,23542.0,3145.0,16186.0,4.0,26,1,42,51,16,101250,1,1,1.0,1,158135.2,80489.0,908.0,-12179.0,37538.14,28843.0,4.0,0,120000.0,157623.21,63695.0,45,1,19549.0,524.0,106766.0,9,0,44913.0,Y,5896.13,current,M,34,LOW,7.0,1,743.0,1,2.0
13371,318,7526.0,37540.93,2326.34,2514.02,5650.52,204.0,3519.0,12.0,99,112,23,3,4,448000,1,1,1.0,1,8043.25,2436.91,45000.0,4889.0,302.38,9583.0,16.0,2,31996.0,97060.29,3176.0,3,7,25220.0,22474.75,20833.0,4,83,25203.0,Y,8039.72,saving,M,38,MEDIUM,18.0,1,743.0,1,13.0
13372,15357,17786.0,3321.72,20258.0,14634.08,1653.0,4250.825,3899.0,4.0,66,117,22,7,91,581000,1,1,1.0,1,34443.0,278904.9,26241.0,-5439.0,46957.25,130735.0,16.0,25,33700.0,62787.08,24028.75,9,40,31740.0,5341.3,28751.0,3,52,37963.0,Y,5736.66,saving,M,30,MEDIUM,9.0,5,488.0,0,7.0
13373,200,9099.0,2337.5,3118.0,10272.52,6710.36,1971.56,842.0,18.0,2,47,60,3,22,366000,1,1,1.0,1,684495.7,16583.84,1446.0,1411.0,51364.42,38627.95,36.0,0,58727.0,18417.79,19334.0,2,20,4234.0,17791.0,55847.57,14,58,37234.0,Y,78966.76,current,M,58,HIGH,34.2,8,505.0,0,12.0
13374,5874,3153.0,15281.26,3884.65,22565.78,13997.0,26812.4,3606.0,3.0,42,60,1,1,67,19000,1,1,1.0,1,3638.25,725761.7,971.0,5439.0,29120.22,15878.75,77.0,7,105066.0,51337.25,32516.0,31,24,64989.0,33634.99,67360.0,2,12,30172.0,Y,519.51,current,M,58,MEDIUM,19.0,6,270.0,0,20.0
13375,15222,3893.0,131009.93,10455.0,11881.5,2802.0,12927.02,994.0,5.0,10,64,7,31,79,256000,1,1,1.0,1,12.19,130660.0,20000.0,5464.0,24711.0,211905.01,29.0,6,26073.0,26574.2,167754.0,8,46,47340.0,21769.77,39331.0,42,38,45229.0,Y,8571.41,current,M,32,HIGH,6.0,9,743.0,0,2.0
13376,16379,309843.0,12069.31,6162.0,33092.1,11049.0,3637.0,710.7,12.0,10,19,3,11,34,366000,1,1,1.0,1,1349.1,376694.91,183999.0,-6885.0,40318.28,128.0,94.0,4,31511.0,23594.33,115627.0,11,20,67994.0,56913.5,20995.4,10,76,31935.0,Y,4057.23,saving,M,49,MEDIUM,2.9000000000000004,6,818.0,1,14.0
13377,11397,12166.0,15571.0,9192.0,3038.15,7949.78,8044.79,20956.0,4.0,10,50,2,15,34,127500,1,1,1.0,1,9717.55,52985.43,4198.0,14509.0,61280.4,57478.0,11.0,6,175932.0,32900.4,30186.0,10,25,17190.0,2570.0,49731.83,42,73,198000.0,Y,2215.15,current,M,60,HIGH,28.0,8,799.0,0,15.0
13378,19712,1354.0,11536.55,2290.57,15380.34,393.0,26457.0,887.0,5.0,18,49,2,3,2,28000,1,1,1.0,1,48675.31,143000.0,13533.0,2000.0,14361.48,29920.0,67.0,3,14096.0,39821.25,190600.0,4,21,50100.0,94341.66,24062.0,4,76,53738.0,Y,1195.6,current,M,32,LOW,8.4,5,958.0,0,19.0
13379,18707,13129.0,748.0,10811.15,6724.58,2101.0,24092.68,1061.0,5.0,26,50,1,24,47,139999,1,1,1.0,1,10006.2,201000.0,1166.0,5464.0,31719.0,12163.0,82.0,43,240000.0,21604.48,4790.0,9,18,81500.0,100538.71,52711.89,4,106,23027.0,Y,3343.69,current,M,53,LOW,23.1,8,855.0,1,10.0
13380,7979,11229.0,5344.7,10994.14,16807.54,6798.45,2458.535,2658.0,50.0,14,32,22,9,1,359000,1,1,1.0,1,4400.0,1631.11,230000.0,167.0,53787.0,37892.0,43.0,19,14096.0,97004.88,90635.0,2,13,89353.0,35956.14,9742.0,36,24,75439.0,Y,11.58,current,M,46,LOW,7.800000000000001,1,883.0,0,11.0
13381,19888,7279.0,1908.0,9873.5,3495.0,814.0,7408.0,4855.0,3.0,2,17,62,12,47,47000,1,1,1.0,1,23221.65,794000.0,1374.0,2500.0,32061.9,7170.0,22.0,36,33465.0,119208.75,5049.0,2,82,63665.0,45077.62,273585.47,8,103,18270.0,Y,21488.64,current,M,36,LOW,1.6,4,766.0,1,14.0
13382,10328,35262.0,10983.77,2140.0,8202.76,162.0,314.0,4536.0,7.0,43,4,7,18,37,170000,1,1,1.0,1,690.0,191000.0,11379.0,3897.0,130083.91,21971.0,35.0,2,54831.0,276315.82,64489.0,9,5,78876.82,164322.27,59014.75,10,107,13492.0,Y,14717.84,current,M,55,LOW,10.5,2,523.0,1,9.0
13383,14685,15711.0,60475.0,457.48,1775.5,15533.0,14248.1,9307.0,53.0,29,9,2,4,41,155000,1,1,1.0,1,5324.49,234459.4,48500.0,2921.0,44223.61,61316.02,48.0,30,9015.73,1207.0,78105.0,6,36,87712.0,10071.0,4619.0,2,7,16020.0,Y,1007.28,saving,M,42,HIGH,4.4,10,485.0,1,20.0
13384,12654,23100.0,10885.61,19561.36,14418.0,723.17,13137.295,2468.0,6.0,4,82,7,2,3,0,1,1,1.0,1,12850544.36,16671.0,23500.0,-4679.0,52160.94,151283.0,5.0,6,20933.0,56060.5,10232.51,1,82,31117.0,23903.79,82930.78,2,18,43220.0,Y,81153.22,current,M,47,MEDIUM,13.5,4,299.0,1,9.0
13385,8111,347078.0,25808.12,8705.0,729.92,846.0,10466.0,6768.17,19.0,26,23,4,2,8,358000,1,1,1.0,1,5045.13,400000.0,500.0,9827.0,50365.5,22492.0,4.0,26,44013.0,37567.76,139702.0,3,171,263400.0,31876.64,150347.0,21,35,39696.0,Y,2977.5,current,F,35,LOW,1.5,10,525.0,1,7.0
13386,14689,16741.0,14832.0,20586.0,7507.7,6121.6,10238.045,2226.02,10.0,36,32,3,31,6,587000,1,1,1.0,1,1146.0,41813.0,925.0,13135.0,36007.02,1466.0,18.0,9,31378.0,74332.74,96433.0,10,81,19962.0,19720.66,86723.0,62,103,25529.88,Y,1258.05,current,M,66,MEDIUM,32.2,6,966.0,1,9.0
13387,2380,35743.0,34352.54,64470.75,3565.56,2663.0,2791.21,196.1,5.0,31,47,60,1,42,378000,1,1,1.0,1,30895.44,369448.8,4198.0,12965.0,13493.93,440960.5,63.0,2,10800.0,43750.54,30419.0,16,20,17852.0,93825.05,17191.0,21,100,195757.0,Y,12.01,current,M,60,MEDIUM,12.0,9,535.0,0,19.0
13388,3671,14482.0,21897.0,6129.78,5491.94,5430.58,6889.3,7868.0,6.0,18,10,3,31,11,581000,1,1,1.0,1,18451.05,295150.9,18389.0,20513.0,142308.63,49045.0,11.0,4,62491.0,18436.0,200432.5,50,13,6946.0,32541.0,44719.58,6,0,42289.0,Y,1815.67,saving,M,47,LOW,13.5,6,700.0,1,9.0
13389,13064,18245.0,1400.87,1007.2,5153.61,1229.0,4616.0,587.0,56.0,18,27,48,9,3,528000,1,1,1.0,1,1053411.2,70000.0,954.0,7478.0,50573.0,34747.21,18.0,2,29257.0,109218.11,302704.0,2,59,100093.0,44678.83,29673.0,11,61,170859.0,Y,6812.18,current,M,35,MEDIUM,13.5,4,511.0,0,13.0
13390,5931,19791.0,22810.89,2863.0,9238.0,1579.0,7724.72,1961.32,1.0,2,78,2,4,70,84000,1,1,1.0,1,4140.0,11772.76,12000.0,173.0,65211.18,25582.0,41.0,13,31219.0,55230.96,15088.0,9,6,16492.0,46541.19,14663.0,117,9,58426.61,Y,4085.63,current,M,33,HIGH,5.2,6,631.0,1,12.0
13391,9710,6912.0,16233.93,13226.83,6829.935,5452.0,153.0,12803.75,6.0,10,74,1,15,79,595000,1,1,1.0,1,568.8,64215.6,13873.0,7478.0,151138.82,61376.5,2.0,23,67300.0,21130.37,100.38,3,82,32841.0,27056.5,348145.0,4,7,9780.0,Y,681.58,saving,M,33,MEDIUM,6.5,4,464.0,1,13.0
13392,14682,15800.0,26001.0,424.3,10118.0,2447.0,5661.0,8179.0,50.0,43,35,44,17,79,555000,1,1,1.0,1,1112.4,1628.0,3975.0,1500.0,34645.25,27869.0,52.0,30,13317.0,21130.37,316264.72,4,23,18750.0,23666.51,33025.29,3,79,36195.0,Y,4419.67,current,F,47,MEDIUM,24.3,7,539.0,1,11.0
13393,15270,807.0,28171.08,6399.0,3112.3,550.32,6631.09,4085.0,60.0,32,2,1,2,56,272000,1,1,1.0,1,20049.0,200926.0,25849.0,-5942.0,34816.13,62264.0,0.0,36,25522.0,28196.17,422124.05,6,23,15741.0,24544.29,12149.58,6,13,36126.0,Y,2528.73,current,F,34,LOW,9.8,3,700.0,0,6.0
13394,11251,300805.0,1267.0,5527.66,48940.01,8537.77,25254.0,8179.0,3.0,23,112,6,2,81,255000,1,1,1.0,1,9255.43,11772.76,1526.0,6260.0,63701.66,105317.0,77.0,4,75721.0,70603.11,100045.0,11,82,16830.0,140108.1,53764.0,40,18,65573.0,Y,9033.21,current,M,32,MEDIUM,4.800000000000001,7,653.0,1,16.0
13395,13279,8094.0,4075.0,2132.0,3733.31,118.0,1380.6,9368.0,12.0,3,135,1,9,7,20000,1,1,1.0,1,4834.55,376694.91,5540.0,-5439.0,94470.7,65281.0,42.0,35,123652.0,81343.96,29798.0,19,81,72367.7,272286.65,610.0,3,25,53122.0,Y,4217.66,current,M,222,MEDIUM,101.0,3,799.0,1,20.0
13396,2454,10762.0,24201.92,9186.0,23324.0,13351.0,3451.51,2141.0,100.0,23,74,24,51,42,423000,1,1,1.0,1,3380.0,17000.0,25000.0,5730.0,77488.59,31018.0,32.0,5,49801.0,31698.0,72277.0,1,108,107835.0,9550.65,26238.0,5,63,28990.0,Y,1628.5,current,M,63,MEDIUM,25.8,7,258.0,1,10.0
13397,18077,20161.0,4626.0,5014.0,26975.19,2500.25,2766.0,30385.0,19.0,50,87,8,2,56,255000,1,1,1.0,1,293418.75,25000.0,13873.0,3421.0,29335.39,61713.0,46.0,1,9562.0,223310.38,205843.0,6,171,4003.0,52895.09,34212.0,10,50,6086.0,Y,3832.11,current,M,47,LOW,10.8,4,683.0,1,3.0
13398,13924,13308.0,4679.49,226.86,8878.18,11615.93,6439.3,11080.5,2.0,10,4,24,8,30,329000,1,1,1.0,1,4941.45,30453.0,13873.0,1500.0,38267.0,7836.12,18.0,3,58603.22,44124.75,57897.02,2,1,42234.0,115628.54,28014.0,5,79,33994.06,Y,25263.16,current,M,42,MEDIUM,4.4,6,503.0,1,8.0
13399,14676,3233.0,22949.25,758.0,3227.48,1050.7,3775.48,1022.0,7.0,3,87,47,55,44,479000,1,1,1.0,1,81872.65,10767.53,2644.0,-6301.0,63517.0,49115.0,24.0,23,53200.0,118800.59,31582.13,1,8,2168.0,56220.0,51324.25,6,37,45295.0,Y,131226.86,current,M,66,MEDIUM,18.400000000000002,10,485.0,1,17.0
13400,16656,13379.0,2834.94,7370.02,1974.87,1926.86,2077.94,177.0,14.0,9,29,5,60,58,576000,1,1,1.0,1,245964.0,77965.0,4699.0,0.0,51977.52,49831.14,48.0,5,26783.0,59542.32,22665.37,5,8,56355.0,157376.1,4021.0,12,63,1504.0,Y,1507.13,current,M,66,MEDIUM,13.8,8,836.0,0,9.0
13401,18908,402107.0,7774.8,1763.0,6787.22,10834.97,1362.0,868.5,92.0,65,50,7,5,1,47000,1,1,1.0,1,123134.77,355000.0,583.0,553.0,111808.81,51988.0,103.0,2,54923.0,7552.26,10240.0,3,7,66258.0,42186.24,141802.86,5,3,52900.0,Y,4508.69,current,M,34,MEDIUM,2.8000000000000003,4,737.0,1,17.0
13402,10629,9870.0,4057.3,780.46,791.0,4980.0,7671.0,6719.85,5.0,4,27,3,2,54,378000,1,1,1.0,1,72937.76,170989.0,505.0,977.0,96795.03,361.0,42.0,36,66900.0,86726.92,40810.0,1,81,25220.0,47873.04,10271.0,3,52,171.0,Y,1285.74,current,F,47,MEDIUM,8.1,2,511.0,1,7.0
13403,19140,754.0,4979.0,14482.0,6352.0,487.0,11021.095,12803.75,92.0,23,74,5,4,9,587000,1,1,1.0,1,64410.0,537476.4,30011.0,553.0,95656.59,77268.0,94.0,3,72329.0,74511.35,72650.58,30,69,29508.0,440855.52,22436.0,39,10,611.0,Y,25967.47,saving,F,31,MEDIUM,9.9,5,628.0,1,5.0
13404,11278,10159.0,4607.5,3840.0,10134.8,88209.03,859.34,8112.99,19.0,22,89,57,3,4,576000,1,1,1.0,1,937.0,46500.0,1630.0,6916.0,302594.3,125712.41,42.0,26,42201.0,11277.0,14404.0,31,63,60395.0,29992.96,17414.0,15,67,36640.0,Y,356.15,saving,M,35,MEDIUM,13.5,4,766.0,1,14.0
13405,3328,16571.0,7952.79,7209.0,13566.0,94647.0,1166.0,2143.0,8.0,5,10,1,51,17,120500,1,1,1.0,1,78390.5,680956.4,655.0,-5998.43994,24448.0,39148.0,0.0,3,35381.0,7502.82,38062.0,1,2,76920.0,49717.32,95028.0,9,13,241979.0,Y,4336.46,current,M,120,MEDIUM,90.0,4,233.0,1,2.0
13406,6706,2921.0,4109.93,19348.0,18911.8,2061.0,1484.0,71638.0,6.0,36,4,3,55,5,169000,1,1,1.0,1,7300.0,50700.0,500718.0,-4664.0,61358.41,22785.0,7.0,13,18876.0,46741.18,83507.0,2,82,21050.0,116791.45,72121.25,117,0,23467.0,Y,1666.01,current,M,34,MEDIUM,7.0,2,485.0,1,7.0
13407,11755,133928.0,75983.83,1055.28,18024.63,676.5,6002.85,2900.0,6.0,3,13,42,2,34,224000,1,1,1.0,1,5457.0,30707.78,48950.0,5773.0,40800.1,10077.0,36.0,4,74953.0,36849.0,124889.73,2,81,23448.0,12426.4,15039.0,5,12,21564.0,Y,13356.99,saving,M,60,MEDIUM,20.0,2,233.0,0,5.0
13408,11618,14817.0,50869.36,8591.0,9321.75,2135.0,4487.0,5787.0,9.0,65,67,4,36,34,300000,1,1,1.0,1,1910215.0,1155000.0,971.0,1500.0,41237.13,27674.09,9.0,4,25581.0,18340.42,41807.9,2,63,16878.0,26248.75,20351.0,4,103,11029.0,Y,60763.75,current,M,30,LOW,2.0,1,355.0,1,18.0
13409,14119,14621.0,10983.0,5019.0,71255.69,7133.0,848.0,6843.0,1.0,10,1,57,55,5,371000,1,1,1.0,1,568.8,43397.0,38599.0,-3506.17993,16462.62,183954.0,147.0,36,65498.0,13552.63,151.5,3,7,85562.0,47180.08,17941.0,18,7,17812.0,Y,117035.88,saving,M,34,MEDIUM,2.8000000000000003,2,258.0,1,12.0
13410,13119,8213.0,12462.47,47895.69,12546.5,4387.0,17355.0,24148.83,52.0,7,74,1,55,16,98000,1,1,1.0,1,3370.0,257406.7,3850.0,5341.0,16555.0,52479.0,69.0,36,49385.0,129024.7,110143.0,1,20,69269.0,124600.1,112179.0,3,12,16288.0,Y,8227.39,saving,F,42,LOW,15.4,6,883.0,1,6.0
13411,9407,6203.0,1899.62,424.3,1131.95,654.0,262.5,8953.0,6.0,4,4,6,18,1,141000,1,1,1.0,1,1910215.0,992890.32,798.0,0.0,60761.95,9679.2,103.0,3,56210.0,37507.75,15116.0,2,171,28445.0,89054.98,77435.0,9,24,32191.0,Y,2437.43,current,M,53,MEDIUM,29.700000000000003,3,448.0,0,14.0
13412,12727,16240.0,935.0,1755.0,3321.37,1403.0,8218.02,3143.36,10.0,44,1,24,55,13,44000,1,1,1.0,1,13659.0,545000.0,1630.0,7478.0,26002.57,4906.0,11.0,14,59690.0,138498.79,72328.0,6,20,62780.0,168492.63,41191.0,13,6,9679.0,Y,12780.44,current,M,60,LOW,20.0,9,799.0,0,18.0
13413,18315,16488.0,933.81,376.0,19555.68,16242.0,2833.6,910.0,20.0,3,2,1,31,11,44000,1,1,1.0,1,21745.0,470000.0,25000.0,0.0,62613.01,55759.5,46.0,23,18438.03,34020.0,83948.0,1,34,31553.0,9106.17,1398462.0,49,79,102799.0,Y,7970.4,current,M,30,LOW,4.0,3,801.0,0,11.0
13414,6968,11810.0,12421.865,1060.36,8331.85,14935.22,8239.5,4552.0,10.0,84,5,35,26,3,371000,1,1,1.0,1,4941.45,369448.8,11580.0,5730.0,7843.86,80875.0,43.0,2,154154.0,26885.12,59139.0,20,49,58613.83,87721.45,32302.78,49,36,42342.0,Y,2329.13,current,M,53,MEDIUM,3.3000000000000003,5,683.0,1,5.0
13415,15058,7426.0,29866.9,6615.0,4325.56,37338.0,42184.64,15647.48,6.0,10,64,17,3,17,366000,1,1,1.0,1,41883.6,93.35,508.0,5773.0,32058.25,84839.0,55.0,1,327000.0,92102.31,34399.0,35,50,11830.0,88468.5,22494.0,3,65,67691.0,Y,196.96,current,M,31,LOW,4.4,1,537.0,1,8.0
13416,18363,17396.0,6078.76,1730.0,1564.42,6648.14,30517.0,11035.0,2.0,60,6,26,2,8,565000,1,1,1.0,1,811.0,278360.16,891.0,1500.0,307808.87,203146.88,91.0,35,253644.0,50630.43,73762.0,9,5,65332.0,32719.96,65198.5,3,9,24116.0,Y,440.88,current,M,35,LOW,13.5,5,363.0,0,7.0
13417,19904,8449.0,11836.56,126.87,2100.0,860.0,1869.0,352.0,14.0,77,5,54,2,1,110000,1,1,1.0,1,331.2,201000.0,300500.0,-5439.0,19959.89,115034.0,70.0,5,26369.0,71010.74,222103.8,1,23,32488.0,38256.88,742.0,14,50,32120.0,Y,96.73,current,M,118,MEDIUM,98.0,8,647.0,1,14.0
13418,17722,86354.0,14677.68,5512.0,14581.78,1687.0,5138.935,4466.0,6.0,85,4,2,26,62,17000,1,1,1.0,1,173732.5,97523.61,25524.0,6916.0,28018.73,36988.0,11.0,35,309453.23,35871.39,248623.0,0,23,61743.0,6126.29,46709.5,2,32,106539.0,Y,5529.91,current,M,63,LOW,12.9,8,639.0,1,11.0
13419,9057,1523.0,19455.25,14674.0,22496.0,9952.89,2967.92,1012.0,5.0,1,7,21,2,81,401000,1,1,1.0,1,5457.0,146793.0,49975.0,-6301.0,25666.88,91400.83,55.0,35,28961.0,26853.0,150085.0,50,50,110128.0,55187.98,56953.0,62,43,99475.0,Y,5169.95,saving,M,29,MEDIUM,9.0,8,537.0,1,13.0
13420,517,3821.0,20453.24,4245.0,32301.88,5209.75,2636.76,4986.0,1.0,10,9,8,15,7,199999,1,1,1.0,1,497317.93,343342.9,3850.0,7478.0,83493.92,17328.0,11.0,9,98415.0,21639.0,29182.0,9,42,26280.0,37071.13,34073.0,6,106,29600.0,Y,685.88,current,F,47,MEDIUM,5.4,9,574.0,0,6.0
13421,6828,297680.0,3006.5,4780.0,21134.32,978.77,14473.895,14611.0,9.0,17,29,57,44,9,423000,1,1,1.0,1,52209.5,470000.0,3975.0,1500.0,34420.45,50096.0,147.0,6,37814.0,36621.69,85328.0,2,46,26179.0,67070.7,15671.0,3,1,69407.0,Y,4980.52,current,M,33,LOW,11.700000000000001,5,628.0,1,14.0
13422,7662,4910.0,6780.81,3592.69,28369.91,10310.76,24384.465,19546.33,5.0,39,38,42,2,29,190000,1,1,1.0,1,192478.0,40000.0,3850.0,8362.0,40108.09,32807.0,11.0,1,26594.0,60866.63,14995.0,11,18,44838.0,32886.62,62131.0,2,12,17778.0,Y,1732.39,current,M,53,MEDIUM,33.0,3,743.0,0,8.0
13423,15648,15703.0,744.0,2525.94,3112.3,7282.0,2592.91,5228.0,6.0,6,86,7,31,9,375000,1,1,1.0,1,42800.1,60040.0,536.0,-4679.0,28151.71,105161.0,77.0,9,26345.29,59275.34,24504.0,2,49,21423.0,89728.39,47770.0,21,63,37550.0,Y,17516.45,current,M,27,MEDIUM,0.7000000000000001,4,594.0,1,4.0
13424,9354,178886.0,8478.0,21265.7,3406.31,188.0,21304.285,1361.1,26.0,10,29,18,3,54,157000,1,1,1.0,1,15961.9,234459.4,73217.0,1931.0,70615.0,3475.0,77.0,4,48403.42,16427.0,26117.0,23,108,33873.0,19323.71,31367.0,10,73,69959.01,Y,2160.45,saving,M,31,MEDIUM,11.0,9,503.0,0,18.0
13425,15784,5741.0,25025.5,15086.0,2080.72,3589.95,6151.56,29798.0,43.0,10,4,6,21,13,290000,1,1,1.0,1,124064.65,77000.0,583.0,-7652.0,19949.46,76058.0,46.0,5,14000.0,15075.0,5904.0,45,4,48141.0,107871.25,122035.8,5,3,28677.0,Y,548.42,saving,M,42,MEDIUM,17.6,9,626.0,0,15.0
13426,479,8584.0,21777.0,1985.02,587.54,2166.5,2654.64,576.73,8.0,3,10,47,38,31,520000,1,1,1.0,1,23669.0,51445.0,4812.0,-4324.0,20171.17,87472.0,3.0,0,13548.0,16210.04,12893.0,2,21,22231.0,34803.99,51191.0,2,83,22722.0,Y,3343.69,current,M,66,MEDIUM,18.400000000000002,3,700.0,1,19.0
13427,16328,12364.0,4380.0,7352.92,24478.45,1409.05,72120.0,1994.0,6.0,5,4,18,62,20,533000,1,1,1.0,1,199690.5,1372927.14,50000.0,2000.0,36381.01,312724.06,16.0,7,38368.0,155059.0,52955.87,5,59,41051.55,80617.14,14211.24,3,103,51280.0,Y,4274.72,current,M,51,MEDIUM,3.1,4,355.0,1,2.0
13428,17949,7858.0,15067.8,2666.95,14893.2,8789.44,20325.0,3477.0,1.0,10,84,1,1,54,202500,1,1,1.0,1,8370.8,202560.0,50000.0,1500.0,48140.88,5066.0,59.0,36,22347.0,76426.14,82003.0,1,11,31028.0,45307.68,547.0,47,39,16536.0,Y,5642.53,current,M,29,MEDIUM,1.8,8,956.0,1,20.0
13429,13469,3098.0,10289.88,3549.0,14353.0,1713.0,21007.655,1247.43,2.0,9,5,3,55,39,327000,1,1,1.0,1,668728.4,455873.9,908.0,13135.0,39148.0,45123.0,11.0,2,78982.0,131011.68,31903.0,0,29,19702.0,24841.54,796.0,5,49,421.0,Y,57835.48,saving,M,44,MEDIUM,21.6,7,448.0,1,10.0
13430,954,35171.0,20079.1,6644.0,5229.89,7316.1,960.1,441.0,5.0,8,38,18,3,1,378000,1,1,1.0,1,168265.55,262178.09,3975.0,6885.0,52941.73,4252.38,11.0,13,53258.0,22351.0,56610.0,7,25,18972.0,74053.75,29695.0,39,18,29900.0,Y,686539.12,current,M,35,LOW,13.5,1,354.0,0,19.0
13431,16473,4579.0,11555.0,5415.0,8180.53,1026.0,3064.0,5299.0,6.0,71,67,8,3,3,461000,1,1,1.0,1,1859872.2,30453.0,711.0,6916.0,102100.33,11853.0,68.0,2,52720.0,13961.06,45439.0,43,20,27004.0,2247.0,24522.0,4,43,47301.29,Y,3763.37,current,M,66,MEDIUM,23.0,6,863.0,1,19.0
13432,16026,6035.0,18700.39,5212.0,46798.0,527.17,859.04,2890.0,44.0,9,19,24,1,56,329000,1,1,1.0,1,684495.7,82907.34,1036.0,3481.0,27713.36,55021.0,46.0,1,48214.0,59275.34,46587.5,1,78,20302.0,4563.66,56758.0,4,14,15543.0,Y,17505.55,current,M,53,MEDIUM,29.700000000000003,1,866.0,1,3.0
13433,5397,16891.0,992.0,2860.37,3145.34,911.41,2810.0,4177.0,63.0,6,6,1,25,58,300000,1,1,1.0,1,8745.3,10767.53,96558.0,-6335.0,59770.11,137014.0,5.0,2,62822.0,29074.17,22408.42,24,108,13864.0,110029.01,20936.0,3,57,15504.0,Y,7362.18,current,M,66,MEDIUM,32.2,2,394.0,0,4.0
13434,12428,10379.0,1855.0,6382.41,2673.3,2952.0,9772.5,105631.0,6.0,50,5,18,3,3,124000,1,1,1.0,1,115.45,195506.79,4458.0,-5439.0,20475.14,207794.0,2.0,15,19417.0,108915.0,1054.0,2,50,50.0,30938.58,27303.17,4,13,293744.0,Y,12570.28,saving,M,47,LOW,24.3,3,683.0,1,2.0
13435,15479,5579.0,11499.49,7884.0,25521.54,4116.95,4726.345,330.0,5.0,4,6,3,1,18,104000,1,1,1.0,1,47024.8,19000.0,130000.0,-4324.0,84101.9,45837.0,10.0,36,98276.0,18792.51,18548.0,2,20,36888.0,75937.61,47970.07,12,50,51782.0,Y,1977.1,current,M,35,MEDIUM,10.5,10,809.0,1,8.0
13436,4689,19241.0,20032.58,875.0,60399.0,814.0,637.0,786.0,2.0,66,9,1,3,3,124000,1,1,1.0,1,747610.0,273221.0,13873.0,6885.0,23525.25,16816.0,55.0,0,18032.0,44302.93,106501.0,50,13,33901.0,123514.0,29510.0,58,10,10355.0,Y,228.55,current,M,44,MEDIUM,16.8,7,809.0,1,17.0
13437,17050,9749.0,4535.49,10091.23,2451.97,9529.0,22085.71,777.0,59.0,77,3,15,6,1,232000,1,1,1.0,1,604365.0,101.24,565.0,5439.0,46277.0,22733.0,16.0,2,142896.0,115695.0,77262.57,0,28,17633.0,48979.85,67558.95,3,103,117554.0,Y,10147.06,current,M,37,MEDIUM,6.800000000000001,2,538.0,0,20.0
13438,19024,16606.0,6399.15,16131.07,4468.5,7355.0,3145.0,562.5,4.0,23,50,1,5,54,193730,1,1,1.0,1,593.2,3.0,6100.0,6441.0,18855.0,63645.0,62.0,4,33878.0,19399.5,64923.07,45,13,97769.0,159702.6,64312.75,1,12,38470.0,Y,1356.02,current,M,42,LOW,11.0,9,764.0,1,17.0
13439,15877,14409.0,14766.0,4774.0,2581.0,4733.0,1810.0,636.52,5.0,10,9,60,31,64,10000,1,1,1.0,1,32805.0,42723.0,925.0,12415.0,542612.52,41983.0,46.0,1,39174.0,46237.97,164765.0,5,7,33573.0,90711.99,45710.0,11,124,41901.0,Y,3887.92,current,F,32,MEDIUM,1.2000000000000002,4,644.0,1,11.0
13440,4239,4885.0,1653.25,3557.02,25181.42,5430.13,8856.0,6344.0,44.0,34,50,25,21,8,524000,1,1,1.0,1,725446.38,95081.0,678.0,-6885.0,45594.36,58660.9,91.0,26,33710.0,34294.28,36136.0,0,25,42225.0,42891.98,108921.0,117,76,99798.0,Y,17023.02,current,M,35,LOW,4.5,2,855.0,1,3.0
13441,8062,15022.0,6235.94,2266.0,3322.22,11616.1,7758.1,13662.0,8.0,6,13,4,62,1,522000,1,1,1.0,1,41883.6,2400000.0,1036.0,19765.0,17481.24,107476.0,18.0,1,33777.0,36223.02,35031.0,0,20,30543.0,96272.0,45864.0,21,50,17581.0,Y,72379.91,current,F,32,MEDIUM,6.0,5,445.0,1,8.0
13442,2969,5821.0,19537.18,1297.13,33237.83,1513.0,2859.0,1632.0,531.0,1,87,1,2,22,28000,1,1,1.0,1,61186.36,500000.0,13873.0,4889.0,147484.24,33401.0,103.0,5,22622.0,23546.48,43217.0,2,25,43560.0,11112.17,42405.0,3,12,20105.0,Y,429.79,saving,M,46,MEDIUM,5.2,9,269.0,1,5.0
13443,14280,14948.0,1788.0,36916.03,4878.01,1019.0,7637.0,15066.0,4.0,10,4,44,9,2,267000,1,1,1.0,1,41883.6,278904.9,130000.0,13135.0,23450.82,56747.0,12.0,1,67376.0,31959.75,100022.0,3,82,13543.0,21501.5,33790.12,1,0,14574.48,Y,6069.58,current,M,29,MEDIUM,5.4,3,766.0,1,20.0
13444,4281,6205.0,27645.25,4008.51,6761.3,7610.0,40138.0,17272.0,7.0,2,64,3,2,5,429000,1,1,1.0,1,36122.87,64091.0,766.0,2921.0,31688.9,106668.0,18.0,2,14909.0,37294.44,77691.0,7,11,24355.0,41874.6,43750.5,6,18,58628.0,Y,20802.91,current,M,56,MEDIUM,36.0,9,386.0,1,13.0
13445,2525,6532.0,6076.69,614.0,31526.77,1710.69,993.04,13889.0,531.0,2,1,10,1,3,307000,1,1,1.0,1,59703.93,76365.24,4699.0,-5998.43994,94720.42,109014.0,46.0,13,15868.0,21657.0,36959.0,24,46,35604.0,33673.49,35725.0,12,13,22892.0,Y,29888.42,current,M,56,MEDIUM,28.8,2,748.0,1,8.0
13446,13296,224493.0,133495.0,3711.0,26227.04,17069.0,25855.565,29748.06,7.0,66,4,24,3,56,375000,1,1,1.0,1,12.19,197800.0,300000.0,-4679.0,15690.03,17401.21,20.0,7,115313.83,25841.02,85554.0,70,12,1000.0,69230.76,81541.29,22,83,354.0,Y,6109.97,current,M,46,MEDIUM,20.8,7,325.0,0,12.0
13447,18701,4452.0,2988.32,6382.41,7203.3,364.0,4843.68,21126.0,6.0,85,87,4,6,58,16000,1,1,1.0,1,165907.57,138475.4,25728.0,2500.0,91233.7,13157.75,12.0,13,52050.0,12680.81,196484.5,5,50,15426.0,13263.29,59857.0,12,63,174558.0,Y,27777.03,saving,M,28,LOW,5.6000000000000005,4,464.0,1,15.0
13448,7182,305113.0,15221.74,782.0,12754.75,4043.63,7506.92,4804.0,1.0,2,7,50,7,5,345000,1,1,1.0,1,9649.6,39833.19,6000.0,2351.0,20997.0,36176.0,84.0,1,23916.0,68406.44,167754.0,9,44,2750.0,35752.75,78463.0,94,17,5350.0,Y,2406.13,current,M,66,MEDIUM,18.400000000000002,2,466.0,1,4.0
13449,13029,745.0,21404.51,25792.91,8374.0,3311.14,5868.3,2499.0,1.0,26,48,6,1,47,483000,1,1,1.0,1,7300.0,50034.93,183999.0,20324.0,78416.45,20041.0,103.0,2,70089.41,83981.47,9209.0,7,81,27308.0,74053.75,50515.69,3,63,36915.0,Y,15.39,current,M,40,MEDIUM,14.0,3,658.0,1,19.0
13450,8491,9659.0,8057.95,4099.0,20380.89,9817.88,1287.0,7920.08,1.0,56,47,3,31,22,447000,1,1,1.0,1,12328.75,143000.0,550.0,3897.0,16889.51,13277.0,147.0,4,98991.0,15575.99,29025.0,6,82,22400.0,130990.5,34235.0,47,58,37234.0,Y,349.0,current,M,33,LOW,6.5,2,802.0,1,4.0
13451,3358,2296.0,14931.16,7679.0,4732.99,308.5,1760.0,574.59,60.0,83,14,24,60,1,524000,1,1,1.0,1,4400.0,5241.0,25728.0,-6885.0,317329.5,68679.0,24.0,1,78627.0,36143.45,377772.36,4,5,21808.0,265417.72,78997.75,12,58,69578.0,Y,6952.62,current,M,32,MEDIUM,7.2,10,858.0,1,19.0
13452,12243,257.0,1183.63,1635.52,4622.04,3823.0,6483.695,9940.5,2.0,23,67,1,27,98,199999,1,1,1.0,1,293418.75,617203.09,2214.0,-4324.0,505754.8,39732.5,39.0,7,14351.0,41890.0,14654.0,3,171,410852.0,175855.63,30958.5,5,11,60569.0,Y,3970.13,current,M,32,MEDIUM,8.4,1,519.0,1,6.0
13453,4462,10491.0,25704.37,14202.91,1348.0,2191.0,3478.5,1047.0,3.0,77,7,3,17,11,525000,1,1,1.0,1,192478.0,267421.4,5797.0,-6301.0,88971.0,730252.0,46.0,0,47371.0,89660.03,31438.0,3,8,71180.0,62438.88,176232.0,2,104,48377.0,Y,18655.09,current,M,44,MEDIUM,19.200000000000003,6,748.0,1,3.0
13454,8064,12863.0,5361.01,26648.45,15596.5,1748.0,7150.0,1928.63,7.0,128,67,47,1,30,35000,1,1,1.0,1,1502126.3,3.0,130000.0,977.0,87299.66,276375.0,5.0,31,15151.0,45989.46,97929.0,1,8,91812.0,13971.1,14057.0,6,11,62491.0,Y,1070.3,current,M,31,LOW,8.8,4,685.0,1,19.0
13455,4895,14946.0,12903.96,3269.0,25187.43,894.0,11929.0,10044.0,2.0,46,49,1,1,1,59000,1,1,1.0,1,22086.05,16000.0,155205.0,6916.0,12238.6,83716.0,95.0,6,30044.0,29729.69,11014.0,7,70,42179.0,130330.39,40683.0,10,0,34956.0,Y,107.98,current,M,53,MEDIUM,9.9,2,883.0,1,20.0
13456,15663,11207.0,1614.5,6221.0,3514.78,2061.0,2016.0,1581.0,10.0,7,4,52,9,1,378000,1,1,1.0,1,39851.93,326326.9,787.0,2351.0,40245.71,154540.88,147.0,36,9960.0,49859.43,43914.5,7,69,138.67,131280.0,41716.53,8,42,32808.0,Y,3114.1,current,M,35,MEDIUM,7.5,2,554.0,1,17.0
13457,4694,6854.0,9258.0,1594.0,9657.0,1824.0,6110.0,3395.0,17.0,2,14,30,3,9,430000,1,1,1.0,1,8043.25,235.17,3000.0,-6281.37987999999,72536.0,88773.0,90.0,26,19317.0,20437.0,112474.4,35,70,7672.0,16038.39,10959.0,94,36,69950.0,Y,8950.75,current,M,39,LOW,3.8000000000000003,8,448.0,1,14.0
13458,12366,3126.0,5871.5,4934.0,33979.35,8785.92,436.82,4905.0,136.0,3,89,1,3,64,520000,1,1,1.0,1,28482.5,65174.0,111825.0,-5942.0,35829.0,131515.5,147.0,3,18406.0,11887.0,27750.0,1,75,143880.0,2154.0,78477.0,4,83,121870.0,Y,212.53,current,M,30,HIGH,1.0,1,638.0,1,9.0
13459,2080,8160.0,12554.44,2268.0,2360.85,236.76,3050.9,614.0,10.0,2,46,7,18,67,479000,1,1,1.0,1,7089.7,5729.0,183999.0,-4324.0,28642.76,21898.0,0.0,7,92905.0,62597.0,80136.0,0,81,101655.0,44157.5,48469.0,47,58,29897.89,Y,12608.0,current,M,58,LOW,34.2,7,620.0,1,8.0
13460,19410,15065.0,10930.5,3175.0,1702.97,6438.89,4366.0,864.0,6.0,83,4,3,5,42,293000,1,1,1.0,1,354.5,1400000.0,49975.0,-5715.49022999999,15945.42,18479.0,11.0,1,21309.0,47333.31,18934.0,1,23,19243.0,53813.79,34834.0,2,78,109572.0,Y,3079.08,current,M,46,MEDIUM,5.2,3,537.0,0,17.0
13461,17759,2739.0,8800.0,659.0,6766.92,4002.77,12459.64,8057.05,6.0,30,112,57,7,39,104000,1,1,1.0,1,2100.0,66.0,825.0,-5439.0,21410.5,129258.0,69.0,3,29171.0,32602.34,193430.0,17,21,1051650.0,72153.04,21216.18,5,12,14170.0,Y,2605.91,current,M,66,LOW,23.0,10,858.0,1,5.0
13462,9717,17033.0,8131.37,13743.0,19221.12,3799.0,10675.0,852.9,2.0,1,5,30,1,47,402000,1,1,1.0,1,6100.0,30453.0,1633.0,0.0,32577.5,20887.5,1.0,4,35761.0,49328.38,48870.86,2,78,33328.0,69938.12,15085.0,2,83,17202.0,Y,4438.43,current,M,47,LOW,16.2,7,958.0,0,2.0
13463,242,23157.0,10371.81,7944.0,46581.69,559.27,3526.67,467.0,66.0,2,50,18,31,1,427000,1,1,1.0,1,33784.35,119831.0,300500.0,2921.0,39442.8,87904.35,46.0,7,212471.0,150448.9,35972.0,47,11,171370.0,99460.99,30837.0,12,39,14560.0,Y,31.3,current,M,49,LOW,17.400000000000002,8,233.0,1,10.0
13464,8359,293940.0,1334.93,1262.4,688.29,2143.1,987.0,1245.0,43.0,19,26,50,62,58,152000,1,1,1.0,1,65887.8,96096.0,80000.0,1500.0,35535.0,27100.0,42.0,2,17870.0,19911.31,177424.0,10,7,11626.0,25520.0,349003.01,6,63,22746.0,Y,1615.36,current,M,51,LOW,27.900000000000002,7,486.0,1,14.0
13465,16734,237012.0,17525.13,303.0,26098.78,5861.0,10298.0,2062.0,19.0,71,135,19,6,2,427000,1,1,1.0,1,19265.4,400000.0,126001.0,12174.0,45072.86,91069.0,55.0,1,13922.0,32587.0,131862.0,2,36,69164.0,231377.34,100993.0,4,83,45639.0,Y,2674.92,current,F,58,LOW,3.8000000000000003,1,446.0,1,14.0
13466,8424,16185.0,28218.1,3648.0,9147.97,10317.0,14661.77,6041.0,6.0,65,20,2,25,6,375000,1,1,1.0,1,67833.35,74599.9,51520.0,2008.0,8533.46,79975.5,17.0,4,146422.0,97146.95,35423.0,19,4,32847.26,98597.13,58818.0,117,7,68778.0,Y,7034.35,current,M,42,HIGH,11.0,4,394.0,1,16.0
13467,4112,212537.0,2966.56,21265.7,15113.5,860.0,9830.0,5804.0,26.0,18,87,8,2,1,402000,1,1,1.0,1,59703.93,78744.56,16114.0,1500.0,55930.83,61166.0,11.0,1,32392.0,44629.61,110085.0,2,20,44401.0,29498.29,5403.0,7,76,61277.0,Y,34723.41,current,M,32,LOW,2.4000000000000004,6,523.0,0,15.0
13468,5817,9013.0,5608.0,35971.0,54873.3,3446.08,27067.0,1192.63,26.0,50,82,4,17,6,124000,1,1,1.0,1,38428.6,118976.0,550.0,9827.0,11260.25,46443.0,36.0,2,33022.0,317365.0,44714.0,6,171,79576.0,297363.0,194857.0,4,21,40081.0,Y,594.59,current,F,53,MEDIUM,19.8,4,683.0,1,13.0
13469,8134,15810.0,2094.0,6756.5,4803.885,932.41,3980.94,21643.19,46.0,34,60,18,16,4,293000,1,1,1.0,1,593.2,86000.0,54101.0,0.0,199060.89,28511.0,55.0,4,18229.9,4384.5,79020.0,2,5,31578.0,80749.6,31063.94,3,18,15473.0,Y,212.53,current,F,64,LOW,44.0,7,937.0,1,6.0
13470,14948,11812.0,18310.75,160.0,12754.75,4796.85,2649.0,11734.35,6.0,65,16,15,26,34,329000,1,1,1.0,1,4731.1,90829.65,6100.0,6885.0,15052.4,60709.01,42.0,35,5249.0,26001.34,42329.79,6,20,20500.0,58774.48,12393.0,2,57,81722.0,Y,11858.19,current,M,53,LOW,26.400000000000002,2,450.0,1,12.0
13471,11042,13740.0,1413.0,2792.07,5339.0,3392.25,11553.27,2150.0,26.0,20,87,5,3,10,178000,1,1,1.0,1,98543.96,117890.0,6000.0,7478.0,17139.59,147348.0,11.0,9,18867.0,24762.52,31821.99,1,8,43775.0,20456.58,72872.0,2,36,21481.0,Y,3349.83,current,M,31,MEDIUM,6.6000000000000005,1,355.0,0,6.0
13472,7385,15334.0,16398.8,3557.0,2947.98,8898.0,3145.0,13808.0,92.0,77,11,2,2,17,25000,1,1,1.0,1,6030.65,160498.0,73501.0,-4612.00977,196562.51,603295.0,7.0,13,31820.0,32801.1,566676.24,28,81,25843.0,41936.16,81793.44,94,1,17670.0,Y,890.99,current,F,47,MEDIUM,8.1,5,249.0,1,11.0
13473,18798,116210.0,26971.37,3079.55,7178.5,4906.0,22642.6,37539.0,136.0,18,49,1,60,70,39000,1,1,1.0,1,124064.65,1372927.14,11379.0,1522.0,43797.52,90262.0,20.0,17,19968.0,194913.0,143540.0,2,82,22333.0,54150.33,88783.0,7,120,57122.0,Y,10900.95,current,M,37,HIGH,17.0,9,626.0,0,10.0
13474,1222,5866.0,19977.99,2072.05,105986.0,1578.13,1213.5,3962.0,60.0,99,19,7,11,1,371000,1,1,1.0,1,9255.43,1187335.5,78309.0,12299.0,13937.13,25267.0,43.0,31,66474.0,20555.0,85602.0,17,70,126424.0,60208.0,50158.29,14,12,17785.0,Y,170.28,saving,M,53,LOW,3.3000000000000003,10,355.0,1,2.0
13475,461,9083.0,4547.56,6972.37,36679.77,2160.0,12711.62,2511.0,37.0,23,3,6,4,1,232000,1,1,1.0,1,9717.55,12000.0,2156.0,35346.0,58096.7,168945.0,46.0,2,26159.0,39378.54,34794.0,7,28,26036.0,90963.3,64212.0,12,22,33789.0,Y,73133.11,current,M,38,MEDIUM,12.600000000000001,1,867.0,0,2.0
13476,1828,16058.0,6096.76,15063.91,5182.05,963.24,8563.7,1985.2,6.0,9,67,18,1,1,232000,1,1,1.0,1,4230125.0,201000.0,5591.0,167.0,62600.05,17049.0,103.0,2,21669.0,12049.18,57130.0,8,8,26438.0,303656.02,106245.98,2,18,26351.0,Y,776.91,current,M,51,MEDIUM,3.1,1,254.0,0,13.0
13477,15079,98563.0,7935.2,2225.49,2217.46,1137.0,960.5,24190.82,1.0,8,10,1,21,12,114000,1,1,1.0,1,81142.25,25404.0,50000.0,1500.0,44855.08,62525.0,3.0,1,22033.0,19649.85,41096.0,3,171,60.91,66727.34,54445.0,43,79,40377.0,Y,852877.86,saving,M,44,LOW,4.800000000000001,1,683.0,1,19.0
13478,14850,131925.0,6414.0,6794.3,14666.22,7714.3,2368.5,3488.1,26.0,10,14,1,46,1,307000,1,1,1.0,1,568.8,234459.4,851.0,-5715.49022999999,35528.83,44957.0,42.0,0,31623.0,474292.08,29278.0,5,6,84694.82,123783.01,17229.0,22,38,364365.0,Y,5739.45,current,M,47,LOW,16.2,5,867.0,1,20.0
13479,5841,324907.0,60340.26,177.0,27034.0,621.0,4068.15,164.01,1.0,23,29,30,12,13,565000,1,1,1.0,1,937.0,122000.0,2019.0,14509.0,151777.26,20964.0,46.0,2,15480.0,129024.7,14060.0,6,14,46078.0,37324.59,5595.0,117,38,149500.0,Y,3487.04,current,M,42,MEDIUM,11.0,7,523.0,0,19.0
13480,5862,8318.0,3093.75,1810.0,2482.0,3493.0,17679.0,7458.82,63.0,10,61,3,6,8,845000,1,1,1.0,1,1910215.0,69370.0,4895.0,3897.0,42102.5,39982.0,55.0,3,32621.0,41108.55,127141.0,3,25,19243.0,21599.92,41813.0,2,58,24813.0,Y,14943.87,current,M,53,LOW,16.5,2,615.0,0,16.0
13481,13934,199.0,6009.5,977.01,44034.86,10317.0,5157.0,253.11,60.0,23,38,2,2,42,252000,1,1,1.0,1,39853.9,409168.15,5981.0,3897.0,52082.61,36755.0,3.0,9,20978.0,9266.5,60412.38,23,8,27950.0,54597.39,160858.0,3,18,14492.0,Y,2290.4,saving,M,33,MEDIUM,3.9000000000000004,9,536.0,1,18.0
13482,10343,114.0,38993.54,1811.0,7173.92,992.0,10925.04,820.3,531.0,23,11,1,4,58,59000,1,1,1.0,1,123295.4,97000.0,100000.0,3897.0,46604.66,72612.0,40.0,7,59801.0,66706.0,106806.0,3,50,101655.0,12077.43,17343.29,3,13,28882.0,Y,17376.66,current,M,40,MEDIUM,18.0,2,454.0,1,14.0
13483,9921,6905.0,9078.34,7797.0,22490.65,4728.0,3587.0,1382.73,50.0,9,87,2,18,47,150000,1,1,1.0,1,1270086.05,12000.0,3792.0,-5998.43994,36670.23,132489.0,24.0,4,36629.0,42903.65,29828.5,5,6,14244.0,54550.52,244447.36,41,13,24134.0,Y,3515.05,saving,M,60,MEDIUM,20.0,8,468.0,1,7.0
13484,6059,763.0,33467.93,35959.7,5759.49,900.0,3044.0,236.0,50.0,84,44,53,18,68,218000,1,1,1.0,1,12328.75,22400.0,24619.0,2351.0,39628.86,66116.0,63.0,2,30735.0,109249.09,26701.04,43,5,21150.0,76261.24,127119.77,21,8,174206.0,Y,53587.9,current,M,64,HIGH,13.200000000000001,3,523.0,1,8.0
13485,11475,207780.0,80289.83,1831.0,29217.93,39813.0,900.36,6047.92,50.0,3,82,4,4,74,125000,1,1,1.0,1,568.8,446457.0,67696.0,553.0,100128.0,92728.3,43.0,6,30781.0,67750.25,59186.84,3,12,53710.0,77168.28,135738.0,3,15,10189.0,Y,586.03,current,M,58,LOW,34.2,9,536.0,0,5.0
13486,14353,5102.0,1685.48,3869.1,6102.84,970.0,6264.0,8831.0,2.0,3,23,24,1,79,411000,1,1,1.0,1,89908.8,170989.0,155205.0,-5998.43994,35045.85,40473.0,8.0,7,78577.0,20477.25,46965.0,2,40,32520.0,144779.34,40271.0,12,79,26106.0,Y,9978.26,current,M,29,MEDIUM,2.7,3,643.0,1,13.0
13487,415,5866.0,9572.0,1080.0,27465.32,152.1,1547.25,17736.0,6.0,10,64,62,11,55,25000,1,1,1.0,1,496065.0,255000.0,550.0,-5998.43994,17254.25,155394.0,89.0,17,31027.0,1374.9,108140.0,23,11,63320.0,67546.38,20276.0,7,11,55970.0,Y,1888.2,current,M,30,MEDIUM,10.0,4,866.0,0,4.0
13488,2326,82565.0,8085.47,15279.61,3097.93,7329.0,28436.0,3098.0,32.0,18,44,62,60,42,160000,1,1,1.0,1,3299447.136,86000.0,33330.0,1444.0,95103.98,69847.0,84.0,4,49385.0,15533.24,35818.36,5,13,9537.0,11309.76,71611.0,39,63,18560.0,Y,126.58,current,M,222,LOW,161.60000000000002,10,247.0,0,16.0
13489,12112,10962.0,22282.01,1136.55,143567.61,1440.25,41165.835,4127.0,9.0,30,59,35,2,41,720000,1,1,1.0,1,3299447.136,278360.16,3975.0,2008.0,13915.5,60118.0,18.0,4,8711.0,15170.11,111419.0,2,11,12922.0,90601.74,20212.0,6,83,41458.0,Y,787.01,current,F,37,LOW,15.3,2,249.0,1,16.0
13490,10079,17543.0,13933.26,2826.0,923.5,2129.14,2165.96,21126.0,531.0,26,1,24,1,16,188000,1,1,1.0,1,293418.75,1187335.5,492.0,3481.0,46713.0,44126.0,32.0,7,59423.0,73537.73,145970.36,70,82,34406.0,71990.92,24262.86,21,18,44485.0,Y,10241.82,current,M,220,MEDIUM,140.0,6,914.0,1,7.0
13491,3635,12222.0,20848.605,12764.0,1741.0,1711.0,4093.88,4845.54,1.0,10,38,3,1,30,352000,1,1,1.0,1,1482778.95,116533.0,1209.0,14509.0,209.88,17543.0,36.0,36,30673.0,28045.43,102831.0,2,34,16949.0,31110.05,35635.7,6,43,19009.25,Y,6326.69,current,M,33,MEDIUM,11.700000000000001,4,867.0,1,3.0
13492,3608,1355.0,32694.9,2376.54,36138.86,821.0,10092.0,4005.0,2.0,85,44,1,31,70,300000,1,1,1.0,1,20049.0,25404.0,1036.0,24326.0,8096.0,20715.0,91.0,4,81874.0,26077.54,198587.0,1,82,29218.0,31981.25,11162.0,7,12,23029.0,Y,61908.59,current,M,60,MEDIUM,20.0,3,884.0,0,15.0
13493,9145,300945.0,73040.4,460.88,383.5,25584.0,841.88,799.0,92.0,99,84,1,1,1,47000,1,1,1.0,1,12.19,141473.07,579.0,14509.0,33304.57,9083.0,16.0,5,71498.0,36890.0,90053.0,2,25,63200.0,720.0,36808.87,9,104,17359.0,Y,3067.72,current,M,40,MEDIUM,14.0,1,945.0,0,10.0
13494,10347,19055.0,9126.89,423.0,61016.0,6577.0,5791.0,1376.52,4.0,10,4,48,25,5,329000,1,1,1.0,1,165907.57,10465.48,230000.0,171.0,54593.8,86889.0,23.0,36,35088.0,30724.23,68728.11,31,13,28000.0,49412.03,14982.5,3,37,199581.0,Y,2789.89,current,M,47,MEDIUM,5.4,3,723.0,1,12.0
13495,18848,6571.0,64418.14,875.0,3073.0,3155.0,214.0,4185.0,10.0,37,87,1,2,11,125000,1,1,1.0,1,123134.77,13299.0,98472.0,4889.0,48479.01,32533.0,35.0,30,54611.0,115962.59,339.0,6,20,77836.0,27553.75,51415.0,5,124,24899.0,Y,7879.04,current,M,47,LOW,2.7,6,928.0,1,3.0
13496,6786,20211.0,10012.9,3049.0,1243.96,4934.88,1956.2,6065.0,37.0,26,17,3,6,70,525000,1,1,1.0,1,107686.46,27000.0,508.0,1500.0,11241.0,20244.0,5.0,0,27213.48,20433.0,97570.0,2,8,46350.0,295658.04,29443.0,2,32,23808.0,Y,15734.17,current,M,33,MEDIUM,6.5,7,658.0,1,4.0
13497,19003,290405.0,13381.85,379.42,8207.47,35186.49,8525.385,2890.0,63.0,60,1,1,9,42,371000,1,1,1.0,1,15961.9,184514.0,90525.0,5340.0,526.0,100739.0,3.0,4,31018.0,33938.28,32171.0,2,25,2345.0,71556.37,76268.88,3,18,35408.95,Y,3196.44,current,M,46,MEDIUM,5.2,3,908.0,0,15.0
13498,7556,18597.0,4187.0,5121.14,1046.14,10805.19,3285.1,6843.0,6.0,16,4,3,2,16,256000,1,1,1.0,1,225823.8,16375.0,610000.0,7478.0,42022.49,119761.0,63.0,2,334921.0,33442.5,5043.0,6,105,73100.0,15351.35,16370.0,9,83,13492.0,Y,594.21,current,M,63,LOW,43.0,6,805.0,1,6.0
13499,10481,15939.0,4522.34,64470.75,3915.36,9471.95,6422.5,426.0,17.0,3,59,15,36,1,160000,1,1,1.0,1,87526.1,170989.0,300500.0,0.0,120640.5,96348.0,18.0,5,22580.0,7803.5,161515.0,45,8,86134.0,45189.69,443396.33,49,22,29438.0,Y,78800.7,saving,M,61,LOW,32.800000000000004,4,249.0,1,5.0
13500,17439,18418.0,5849.95,4392.81,23002.94,549.0,869.3,10569.0,5.0,36,46,5,1,37,519000,1,1,1.0,1,1892440.0,201000.0,6966.0,-4679.0,27165.8,48384.0,77.0,4,25050.0,103211.5,287111.0,3,26,26368.0,26349.26,128936.5,3,1,40860.0,Y,1909.01,current,M,34,MEDIUM,14.0,7,394.0,0,13.0
13501,18409,6942.0,39802.66,302.0,50841.93,1726.0,10310.735,2814.0,4.0,3,32,1,1,47,489000,1,1,1.0,1,7300.0,143000.0,3570.0,-4664.0,34073.88,115320.57,39.0,4,27242.0,379616.13,45949.0,6,4,78500.0,108519.9,66216.0,11,63,15543.0,Y,409278.34,current,F,33,MEDIUM,1.3,9,258.0,0,3.0
13502,3419,8947.0,6431.6,452.0,35356.0,15838.92,436.82,3395.0,53.0,8,13,47,18,79,303000,1,1,1.0,1,61761.4,3.0,25524.0,9415.0,29065.25,101540.0,5.0,13,15550.0,3623.0,87156.0,4,12,134893.0,5779.0,42419.75,11,83,32425.0,Y,7009.71,current,M,66,MEDIUM,32.2,4,395.0,1,14.0
13503,1109,8258.0,1444.0,1447.0,3016.0,1421.92,52911.0,2561.8,6.0,2,74,18,21,4,381000,1,1,1.0,1,1831780.84,221000.0,12000.0,-12179.0,18720.41,44780.0,91.0,35,15208.0,3142.29,19553.0,0,11,26944.73,136504.88,26141.0,47,106,22849.0,Y,2291.21,current,F,27,HIGH,2.8000000000000003,9,683.0,1,2.0
13504,1214,1956.0,5017.0,2966.0,2832.69,4455.68,2576.4,2883.0,80.0,22,5,1,1,41,170000,1,1,1.0,1,13732.93,95000.0,2841.0,2351.0,59288.25,63620.0,29.0,4,60856.0,162900.0,114339.87,4,50,26138.0,17606.0,44085.0,62,65,35408.95,Y,2215.15,current,F,47,MEDIUM,2.7,2,746.0,1,7.0
13505,10741,10607.0,1226.6,22339.59,15656.93,10575.06,513.6,1870.0,6.0,10,87,4,51,47,212500,1,1,1.0,1,127004.3,27000.0,925.0,20324.0,54788.5,46874.0,35.0,17,25827.0,90172.9,24788.62,3,82,86134.0,68687.5,95295.0,21,1,11478.0,Y,237617.62,current,M,35,LOW,9.0,7,818.0,1,17.0
13506,4114,243124.0,6412.78,18478.75,7442.82,174.0,4829.83,1776.0,2.0,77,89,1,2,2,581000,1,1,1.0,1,4230125.0,385218.7,298472.0,10210.0,62493.47,111982.0,4.0,4,47091.0,133906.68,30156.0,2,104,18332.0,46205.15,26915.0,11,96,310586.0,Y,2829.86,current,F,51,MEDIUM,18.6,7,523.0,1,5.0
13507,1881,16243.0,13400.0,876.35,4631.37,7399.2,1851.995,23629.3,6.0,3,53,5,56,1,382000,1,1,1.0,1,48422.7,35000.0,711.0,-4612.00977,22547.25,4645.0,20.0,4,41473.0,34110.72,68306.94,16,28,216000.0,90337.6,368304.0,14,124,50836.0,Y,64959.26,current,F,33,MEDIUM,5.2,3,330.0,1,3.0
13508,12045,346139.0,22403.52,882.13,11571.69,63861.83,14848.0,9917.15,6.0,3,19,4,2,10,300000,1,1,1.0,1,233727.15,1425000.0,130000.0,6409.0,10903.79,222176.91,7.0,26,3000.0,263961.86,28494.0,1,27,26260.0,599348.98,8877.98,16,72,291255.0,Y,7565.15,current,M,30,MEDIUM,10.0,10,594.0,0,17.0
13509,4523,15774.0,1041.96,900.0,2140.61,3755.19,2925.0,6205.0,32.0,99,60,7,31,11,232000,1,1,1.0,1,13849.4,7216.53,508.0,1500.0,27140.29,75292.0,6.0,4,19632.0,64547.48,112791.0,3,69,45343.0,56028.1,33334.0,4,38,122921.0,Y,31345.8,current,M,32,LOW,1.2000000000000002,7,818.0,1,15.0
13510,5399,7590.0,6695.44,2270.01,50161.9,540.33,18878.5,725.0,1.0,50,67,39,3,10,324000,1,1,1.0,1,65887.8,3.0,908.0,3897.0,21406.56,29093.44,42.0,36,56250.0,19673.0,18511.0,3,108,13675.0,48354.85,21908.0,47,6,54817.0,Y,3480.56,current,M,42,MEDIUM,11.0,5,299.0,0,9.0
13511,13082,297351.0,24359.0,2460.0,7305.43,909.86,4608.0,5294.03,9.0,26,72,15,2,64,431000,1,1,1.0,1,238733.0,125000.0,1052.0,-5715.49022999999,66343.03,45511.0,91.0,3,24500.0,26834.0,60036.0,9,82,47408.0,127601.1,36173.0,2,15,63288.0,Y,1285714.29,current,M,66,MEDIUM,18.400000000000002,1,750.0,1,11.0
13512,14371,15908.0,339.94,3069.71,6766.92,14261.2,9223.0,3188.5,8.0,36,3,2,2,11,186000,1,1,1.0,1,754075.0,45769.27,6146.0,-6281.37987999999,8435.59,293746.12,11.0,35,26461.0,48643.9,287111.0,3,34,20007.0,240314.57,202648.13,117,10,54500.0,Y,2140.0,current,M,62,MEDIUM,8.4,3,647.0,0,7.0
13513,13411,34526.0,9984.0,6644.0,1100.0,1725.07,270.61,6117.0,7.0,9,53,8,24,98,411000,1,1,1.0,1,47936.43,165970.9,13873.0,-4679.0,27042.0,105183.0,42.0,2,27518.0,86041.55,26875.0,43,20,35003.0,11309.76,83985.0,40,22,6066.0,Y,3197.91,current,M,32,MEDIUM,7.2,5,713.0,0,2.0
13514,11434,6653.0,22538.79,2403.84,2945.87,2463.92,12097.0,5356.52,1.0,26,35,2,9,47,192000,1,1,1.0,1,2008232.55,12971.0,12560.0,1444.0,40135.75,15442.0,46.0,13,41531.0,9777.67,231437.08,9,69,39671.0,56469.87,217.0,40,39,102126.0,Y,23924.42,current,M,31,MEDIUM,6.6000000000000005,5,366.0,1,15.0
13515,6763,19471.0,26081.0,6023.0,4306.01,986.68,2098.51,3053.62,80.0,3,16,50,1,3,124000,1,1,1.0,1,40440.4,82907.34,711.0,8572.0,50501.75,36498.0,8.0,7,18922.0,205282.8,63043.5,2,8,193787.0,330888.73,140602.19,4,83,23443.0,Y,3838.36,saving,F,36,LOW,6.4,8,796.0,0,20.0
13516,14365,19411.0,34729.4,14234.07,10501.29,17692.0,5780.0,9530.01,4.0,5,59,18,2,1,575000,1,1,1.0,1,154363.25,170989.0,19176.0,6916.0,37098.38,15878.75,4.0,1,48403.42,52302.38,68244.0,45,63,282367.0,6292.85,109650.0,117,79,15059.0,Y,5658.92,current,M,38,MEDIUM,14.4,1,254.0,1,4.0
13517,9492,11697.0,14612.0,34325.0,8866.31,10014.0,6469.0,5258.0,63.0,22,4,3,18,1,337000,1,1,1.0,1,8762.96,221000.0,25639.0,1332.0,20799.48,39294.0,40.0,55,530.0,42702.06,113398.68,20,44,29185.0,24855.17,36653.6,12,0,55970.0,Y,5410.96,current,M,47,MEDIUM,5.4,6,486.0,1,14.0
13518,18068,13356.0,64620.83,18434.63,9510.0,13010.69,7036.835,13798.34,44.0,3,4,3,38,42,255000,1,1,1.0,1,546565.5,59306.0,130000.0,5464.0,48991.94,25096.0,42.0,19,58675.0,51213.0,54460.0,4,27,51360.0,87578.31,15548.0,5,3,114823.0,Y,2932.38,current,M,37,MEDIUM,8.5,3,863.0,0,9.0
13519,17945,303659.0,4775.12,11466.0,26173.33,50934.0,4712.83,944.0,63.0,30,32,18,21,11,556000,1,1,1.0,1,716556.5,195088.0,73217.0,1429.0,29959.02,91736.72,20.0,1,38067.0,105080.31,2891.0,3,50,7615.0,10445.36,78477.0,7,7,10998.0,Y,7997.95,current,M,58,HIGH,19.0,5,270.0,1,17.0
13520,15675,9481.0,125498.97,5343.0,11317.23,2077.5,7909.52,1634.0,124.0,23,44,42,9,34,276000,1,1,1.0,1,942327.7,3084.5,50000.0,9827.0,56867.25,56934.0,89.0,0,35200.0,27891.89,53955.9,4,20,41311.33,33588.0,8877.98,2,32,20092.0,Y,18638.57,current,F,40,MEDIUM,16.0,4,267.0,0,2.0
13521,11817,18318.0,7354.86,2523.0,12625.95,4134.98,33129.0,3963.0,6.0,32,29,3,3,64,400000,1,1,1.0,1,871.5,237365.38,2214.0,3735.0,37534.27,64917.0,16.0,2,16067.0,39598.17,174145.23,1,81,23448.0,43404.0,21607.0,62,3,272016.0,Y,1836.75,current,M,35,MEDIUM,3.0,9,743.0,1,5.0
13522,5267,1710.0,16486.84,1407.0,28874.94,873.0,1502.785,17939.52,26.0,26,32,1,26,10,84000,1,1,1.0,1,98062.5,143624.74,1374.0,167.0,27744.0,45427.0,68.0,0,24828.0,34688.32,68257.0,5,6,67091.0,36136.54,94409.0,47,79,16247.0,Y,9.23,current,M,37,MEDIUM,10.200000000000001,9,538.0,1,4.0
13523,18508,327549.0,12622.0,2531.0,8804.0,4817.0,169.0,7153.0,2.0,128,5,18,4,79,199999,1,1,1.0,1,8531560.0,232524.0,73501.0,5773.0,54730.75,47036.0,0.0,5,28135.0,6025.0,12480.0,7,77,44633.0,96590.13,12203.32,19,57,9679.0,Y,617.5,current,M,34,LOW,8.4,10,243.0,1,6.0
13524,10644,213962.0,4271.04,6276.0,7728.5,1891.11,6518.085,609.43,1.0,27,67,24,2,6,290000,1,1,1.0,1,192215.0,210651.4,24717.0,1332.0,37685.83,134351.39,52.0,3,72191.0,27013.99,25711.0,9,105,30754.0,19121.0,100658.0,7,12,15362.0,Y,6472.59,current,M,35,MEDIUM,3.0,5,536.0,1,16.0
13525,2079,12240.0,24370.0,729.0,1293.0,65235.0,4308.85,27928.67,44.0,27,27,4,44,20,579000,1,1,1.0,1,4230125.0,992890.32,248000.0,20513.0,191705.9,188189.0,11.0,35,52775.0,48674.0,19334.0,5,44,16731.0,46223.39,82181.67,22,83,26848.77,Y,2160.45,current,M,33,HIGH,1.3,2,809.0,1,6.0
13526,18573,83888.0,6128.34,3917.0,3696.0,439.9,171480.33,4279.0,29.0,36,71,8,5,81,58000,1,1,1.0,1,22086.05,35000.0,14754.0,5773.0,29488.3,29275.0,18.0,19,45125.0,92183.14,94743.0,1,25,33038.0,50525.27,198398.0,36,50,22550.0,Y,2244.32,saving,M,62,MEDIUM,29.400000000000002,6,503.0,1,14.0
13527,17496,6139.0,6309.91,20734.3,27005.0,4591.62,3119.0,1864.64,4.0,7,2,1,27,80,100000,1,1,1.0,1,2002.36,15000.0,3792.0,6885.0,45823.48,34608.0,35.0,33,16905.0,39123.0,17925.0,0,20,17633.0,56620.62,26283.0,47,18,15293.0,Y,3597.0,current,M,37,LOW,13.600000000000001,7,385.0,1,10.0
13528,19143,10108.0,2355.0,25214.0,8655.42,4470.32,4176.015,4177.0,56.0,3,49,15,1,10,350000,1,1,1.0,1,213557.15,330001.0,3570.0,277.0,57218.2,154243.0,40.0,5,99999.0,36965.0,14654.0,2,13,35443.0,846.23,81793.44,2,18,70575.0,Y,1163.06,current,M,31,LOW,1.1,5,698.0,0,9.0
13529,16625,7664.0,8923.0,20105.2,11178.61,2421.18,2828.5,9928.8,1.0,50,19,2,25,47,408000,1,1,1.0,1,803155.7,138732.3,22000.0,886.0,55925.25,31967.0,4.0,5,31493.0,79971.0,1959.5,3,27,23741.0,1113.0,25820.25,36,7,31925.0,Y,255.63,saving,M,55,MEDIUM,3.5,8,566.0,1,11.0
13530,18419,17448.0,1541.29,24988.34,9616.25,34158.95,1551.0,30385.0,7.0,29,14,8,36,9,187000,1,1,1.0,1,124929.75,142608.5,57899.0,2000.0,211031.61,96374.0,2.0,36,16733.0,6437.16,46213.0,1,42,34509.0,2680.75,41585.0,7,104,25933.8,Y,169.0,saving,M,47,MEDIUM,24.3,9,588.0,1,4.0
13531,11516,3398.0,29893.0,46980.1,20468.0,7355.0,1106.0,5356.52,17.0,19,74,7,1,1,267000,1,1,1.0,1,213557.15,234459.4,10973.0,1411.0,2212.0,106668.0,46.0,1,24661.0,196290.19,933406.87,30,14,23056.0,26720.05,16091.0,4,58,30430.0,Y,33489.8,current,M,66,MEDIUM,9.200000000000001,4,710.0,0,17.0
13532,17971,15016.0,4276.0,1297.13,30463.0,1251.11,30451.6,4618.0,12.0,14,72,30,1,1,75000,1,1,1.0,1,4941.45,86666.06,105000.0,12965.0,44578.6,27226.0,52.0,4,13548.0,101878.53,30060.0,1,13,54922.0,80787.26,22274.0,18,1,40673.0,Y,7201.74,current,M,66,MEDIUM,46.0,1,249.0,1,15.0
13533,14201,20212.0,7350.0,1555.0,1671.0,122.0,13721.0,637.0,12.0,9,5,18,2,68,47000,1,1,1.0,1,319201.67,390700.0,24094.0,5439.0,29083.22,7726.0,147.0,3,22653.0,82637.75,50361.57,6,5,15803.0,40264.47,176641.0,2,49,35788.26,Y,1584.63,current,M,60,MEDIUM,36.0,1,633.0,1,5.0
13534,19274,5335.0,7871.4,5666.0,4987.0,23993.92,22375.21,5150.0,2.0,11,1,35,2,1,276000,1,1,1.0,1,9624.6,75925.0,105000.0,0.0,26774.24,32480.37,24.0,7,35146.0,13962.21,13933.0,1,28,63388.0,52856.8,38938.76,41,3,63448.0,Y,2161.93,current,F,37,MEDIUM,3.4000000000000004,6,883.0,1,19.0
13535,1845,18473.0,1041.96,18683.0,57980.0,3366.0,3696.0,357.0,14.0,9,49,62,18,75,329000,1,1,1.0,1,134985.0,1543.85,1036.0,9827.0,20535.33,4192.0,90.0,5,9015.73,18647.18,202220.0,1,12,23488.0,30235.43,130243.41,3,12,40379.0,Y,2100.58,current,M,29,LOW,3.6,8,539.0,1,11.0
13536,4094,302520.0,9226.22,4299.0,2425.69,462.0,55425.755,8123.0,8.0,66,51,22,25,16,173000,1,1,1.0,1,88.0,330001.0,2644.0,4856.0,124647.9,53759.0,87.0,1,38094.0,312874.02,126565.0,9,6,24468.0,22346.5,58335.0,14,32,53907.0,Y,1431.6,current,M,33,LOW,13.0,6,626.0,1,3.0
13537,17965,12145.0,27109.0,4345.52,604.04,17099.0,1145.0,1911.0,44.0,66,50,1,2,2,170000,1,1,1.0,1,124064.65,879134.4,24250.0,1429.0,92900.96,46218.0,2.0,1,11500.0,23981.89,24551.85,11,14,13918.0,86405.22,31690.0,4,22,30994.0,Y,2481.04,current,M,55,HIGH,10.5,8,748.0,1,19.0
13538,10322,15086.0,5385.44,461.0,1476.47,1208.0,6122.0,679.0,43.0,23,78,2,15,47,371000,1,1,1.0,1,566914.0,429273.4,105000.0,17080.0,28691.43,31887.0,18.0,26,29420.0,20027.5,100538.0,2,7,19015.0,243952.8,35017.0,4,107,52674.0,Y,8982.2,current,M,47,MEDIUM,27.0,7,969.0,1,5.0
13539,9233,12883.0,6194.58,3091.6,2674.0,2887.35,8450.0,154.0,9.0,99,27,3,6,80,650000,1,1,1.0,1,1235.85,253000.0,954.0,1444.0,58257.96,801391.67,55.0,3,23090.0,18178.67,34517.0,70,14,15584.0,33538.71,41200.0,3,8,16990.0,Y,422.1,current,M,32,LOW,6.0,2,655.0,1,5.0
13540,18657,222253.0,904.14,3557.02,8213.91,1348.0,5599.97,1721.0,1.0,85,7,24,17,34,87000,1,1,1.0,1,51291.45,187788.1,73217.0,1500.0,27861.68,19589.0,43.0,1,71300.0,10736.01,24331.0,2,1,54381.0,10311.72,35597.0,3,18,38470.0,Y,2602.22,current,M,35,MEDIUM,12.0,6,801.0,1,13.0
13541,6294,11049.0,1700.76,11316.0,420.0,1682.0,5863.25,27724.06,2.0,14,9,2,6,11,255000,1,1,1.0,1,360978.37,385218.7,4367.0,6916.0,62634.27,37804.86,11.0,1,15913.0,42835.49,14570.0,2,82,1333.0,22039.75,17055.0,7,3,25211.0,Y,1820.4,saving,M,39,MEDIUM,13.3,4,748.0,1,16.0
13542,3978,303837.0,25647.0,3549.0,5175.16,4444.25,2779.305,3100.0,19.0,17,3,3,3,4,326000,1,1,1.0,1,213557.15,5350.0,155205.0,4795.0,23885.42,110692.0,84.0,6,38598.0,3931.0,18310.0,43,25,40582.0,67568.26,26651.0,3,18,72951.0,Y,0.0,current,M,42,LOW,4.4,8,511.0,1,15.0
13543,653,20953.0,549.5,526.01,2627.53,4107.91,8992.93,1994.0,17.0,1,35,8,4,47,375000,1,1,1.0,1,39853.9,114.74,643.0,2500.0,8913.0,161988.11,23.0,6,41260.0,51231.6,104195.36,24,82,19600.0,18003.1,34904.0,14,8,21011.0,Y,173.08,current,M,42,MEDIUM,22.0,3,771.0,1,14.0
13544,18218,1323.0,4278.53,13247.96,12397.19,6359.0,1216.28,4262.0,3.0,8,60,44,9,1,232000,1,1,1.0,1,76122.87,15036.0,25728.0,6885.0,218383.57,147895.0,42.0,4,60760.0,26537.26,59289.0,1,24,34896.0,1405.0,19897.0,10,96,29745.0,Y,3812.69,current,M,53,MEDIUM,29.700000000000003,9,710.0,0,15.0
13545,18163,4897.0,24415.48,7685.0,5779.92,521.92,9793.025,15959.0,7.0,2,14,50,38,34,226000,1,1,1.0,1,197067.2,82907.34,96558.0,553.0,114931.6,74098.0,7.0,35,54240.0,74061.68,10518.0,2,8,12313.0,47132.0,127347.75,3,50,69900.0,Y,642.22,current,M,30,MEDIUM,7.0,8,628.0,0,16.0
13546,5142,8757.0,66539.8,8504.12,1333.0,10834.97,4620.5,641.0,124.0,36,50,8,25,79,453000,1,1,1.0,1,684495.7,429273.4,61903.0,6916.0,71048.89,258701.0,4.0,5,35728.0,51571.35,46014.0,0,78,98066.0,47873.04,39145.0,9,58,105042.0,Y,288.78,current,M,30,MEDIUM,9.0,1,685.0,1,12.0
13547,10434,15335.0,4596.0,2509.0,13236.28,1968.0,1253.0,1106.94,7.0,66,19,30,9,16,369000,1,1,1.0,1,95.0,165970.9,787.0,1444.0,67683.35,92913.05,46.0,3,48949.0,32014.25,153241.0,1,23,15267.0,121887.43,88794.0,21,18,16615.0,Y,6540.52,current,F,32,MEDIUM,6.0,8,270.0,1,12.0
13548,16345,2026.0,43751.27,3831.0,53763.45,330.9,4165.52,940.0,6.0,32,13,42,3,8,371000,1,1,1.0,1,68908.5,1372927.14,1052.0,0.0,10934.71,74626.77,67.0,36,13822.0,6201.19,96785.5,70,7,11258.0,50125.7,26843.5,12,1,20092.0,Y,2582.11,saving,M,47,MEDIUM,5.4,5,655.0,1,2.0
13549,7972,2740.0,3895.0,21302.02,2871.1,3957.58,23056.15,772.0,10.0,32,1,44,44,12,27000,1,1,1.0,1,140262.4,3342.51,3975.0,3421.0,43922.76,53379.13,12.0,4,37909.0,24025.0,900997.0,2,12,21152.0,50307.01,27785.0,9,1,24768.0,Y,34133.59,current,M,66,LOW,41.400000000000006,3,700.0,1,11.0
13550,7346,10861.0,34581.02,900.0,2633.84,308.5,2279.785,8688.0,2.0,5,35,60,1,44,104000,1,1,1.0,1,6440.0,64491.0,33330.0,6916.0,236599.86,49712.91,5.0,36,42007.0,30190.17,23270.0,4,1,14003.0,7605.0,18849.0,49,39,31182.0,Y,991.97,current,M,51,MEDIUM,3.1,2,864.0,1,12.0
13551,7215,8780.0,49188.22,4080.77,4042.0,2639.6,26166.96,196.1,8.0,6,117,10,5,8,150000,1,1,1.0,1,204585.76,375000.0,12560.0,2351.0,100460.0,85161.77,18.0,1,86417.0,27013.99,20131.0,3,23,75980.0,40199.26,53889.0,2,12,22729.0,Y,685.88,current,M,66,MEDIUM,18.400000000000002,10,911.0,1,9.0
13552,13995,5606.0,9058.22,6766.0,175773.37,4455.68,20818.27,12825.4,19.0,10,6,4,4,6,232000,1,1,1.0,1,34635.25,42723.0,2644.0,1332.0,2178.0,134351.39,4.0,1,33300.0,37185.41,46042.0,9,14,17471.0,100256.27,29973.0,47,8,19554.0,Y,183.03,current,M,64,LOW,22.0,9,247.0,0,10.0
13553,14826,10933.0,16029.64,3726.0,10098.27,33090.13,10452.0,2207.0,67.0,10,89,30,5,1,324000,1,1,1.0,1,8209320.0,264658.43,4367.0,-4679.0,143583.16,8303.0,5.0,26,66900.0,43156.5,42526.0,6,8,14885.0,25221.13,1768561.74,12,18,59634.0,Y,4953.65,current,M,58,LOW,19.0,10,805.0,1,2.0
13554,17998,10034.0,3153.34,496.72,2941.3,2218.73,9621.3,12670.16,2.0,65,16,24,27,14,102000,1,1,1.0,1,130319.0,278360.16,2644.0,2921.0,64298.51,20823.0,90.0,7,29793.0,18888.04,85529.0,1,7,23466.0,30507.5,49927.0,94,106,13906.0,Y,350.32,current,M,47,LOW,13.5,6,628.0,1,13.0
13555,14033,1339.0,13307.51,7349.28,16007.0,2218.73,3323.3,11821.0,10.0,7,50,47,9,37,139000,1,1,1.0,1,24832.0,12000.0,24619.0,-5439.0,61682.52,54821.0,5.0,1,73721.0,82829.5,34483.0,3,70,38822.0,7974.5,26346.0,2,18,2721.0,Y,685.88,current,M,30,LOW,5.0,4,760.0,0,10.0
13556,10593,8168.0,1041.96,177.0,2919.8,5816.0,4093.66,1486.0,5.0,601,74,4,1,42,307000,1,1,1.0,1,3080625.0,343342.9,550.0,167.0,145692.51,12784.5,32.0,5,24552.0,90734.76,6278.0,47,81,22037.0,19977.04,100039.0,22,10,98207.0,Y,1238.64,current,M,33,MEDIUM,10.4,8,864.0,0,2.0
13557,9731,10223.0,4180.09,11466.0,15022.53,6617.78,2127.445,1355.05,8.0,23,14,48,4,56,359000,1,1,1.0,1,331.2,76365.24,30000.0,2921.0,39027.03,34268.0,42.0,6,62550.0,36780.0,38532.2,1,77,37023.0,1500181.0,150853.0,43,76,26808.0,Y,22828.33,current,F,66,MEDIUM,4.6000000000000005,10,914.0,1,20.0
13558,861,7848.0,4929.38,30548.96,72577.83,12112.0,16637.43,9147.88,2.0,77,72,5,2,30,358000,1,1,1.0,1,89104.12,343342.9,5905.0,7478.0,18863.5,18248.0,7.0,33,37600.0,19735.52,93987.13,2,17,8879.0,19034.19,154100.0,6,63,20418.0,Y,1869.33,saving,F,44,MEDIUM,12.0,3,270.0,1,4.0
13559,8690,7948.0,788.09,6391.0,16518.57,4817.0,17953.83,1264.0,3.0,20,50,30,7,1,184000,1,1,1.0,1,7713.51,212907.7,5797.0,-5998.43994,86723.74,191622.58,39.0,33,48608.0,28591.75,21766.0,3,82,189250.0,93825.05,60617.0,19,80,65238.0,Y,3043.97,current,M,40,MEDIUM,16.0,8,269.0,1,8.0
13560,1257,10422.0,1172.0,8920.0,9363.45,4182.0,2532.75,722.74,53.0,23,112,3,3,8,147000,1,1,1.0,1,6.164,455873.9,908.0,-4664.0,71334.0,84156.0,77.0,1,19349.0,135471.53,28138.0,7,50,20689.0,3777.84,29673.0,2,58,295867.0,Y,1692.32,current,F,47,LOW,27.0,2,801.0,1,17.0
13561,386,16450.0,9216.73,2132.0,6352.0,3476.14,8393.0,473.59,4.0,99,64,1,1,98,114000,1,1,1.0,1,526.25,154121.9,155205.0,5773.0,1139923.67,27936.0,87.0,1,15257.0,19273.0,94486.0,2,8,125912.0,2261.4,23559.0,6,79,11735.0,Y,0.0,current,M,33,MEDIUM,7.800000000000001,10,270.0,1,12.0
13562,14631,6231.0,7698.3,15519.86,8372.0,13035.0,104632.0,1573.0,1.0,7,3,22,6,18,268000,1,1,1.0,1,213557.15,482147.0,23500.0,-3506.17993,172.25,89038.83,46.0,7,132160.0,11636.0,35818.36,9,12,38955.0,100158.5,23560.53,21,75,37550.0,Y,422.46,current,M,120,MEDIUM,100.0,3,505.0,1,3.0
13563,11349,2187.0,28150.0,1589.0,1696.0,44615.69,3346.0,546.0,57.0,83,14,3,4,1,431000,1,1,1.0,1,81284.7,117890.0,300500.0,-12179.0,44560.47,20395.0,77.0,4,19075.0,31634.75,75850.0,4,11,61302.87,13430.8,138462.0,3,18,28367.0,Y,14007.84,current,M,66,MEDIUM,13.8,6,796.0,1,17.0
13564,5712,19565.0,3762.56,988.72,1918.0,270.95,128140.57,2699.0,5.0,99,13,44,26,34,17000,1,1,1.0,1,127004.3,93.35,678.0,10455.0,228405.0,41871.0,77.0,1,33840.0,24015.07,232136.0,7,8,26343.0,20510.68,27356.0,3,54,18708.0,Y,726.51,current,F,33,HIGH,11.700000000000001,3,516.0,1,19.0
13565,9663,4682.0,4984.64,41324.0,2650.08,547.0,565.52,8672.0,44.0,20,9,4,3,56,326000,1,1,1.0,1,143383.7,222222.0,15477.0,5773.0,177522.25,603295.0,11.0,3,36949.0,10515.56,22745.0,1,20,36666.0,212571.43,18478.0,19,80,14687.0,Y,2143.49,current,M,35,MEDIUM,3.0,7,535.0,1,3.0
13566,6021,14675.0,9341.0,2185.6,11203.84,5855.44,14060.0,6943.16,4.0,10,87,1,51,47,232000,1,1,1.0,1,111.0,54395.0,4000.0,6916.0,40777.06,31396.0,69.0,4,20778.29,91985.12,33228.91,4,5,110619.0,12205.36,18793.0,21,75,72317.0,Y,8486.25,current,M,28,LOW,4.0,10,466.0,1,5.0
13567,18298,84941.0,40571.32,20258.0,72254.62,3682.0,4181.64,8363.88,12.0,36,13,1,12,39,520000,1,1,1.0,1,3950.0,300000.0,15756.0,2000.0,3954.0,18315.0,8.0,2,21420.0,28253.34,82047.0,50,86,24978.0,32927.03,25006.0,94,103,73713.0,Y,7026.41,current,M,32,LOW,4.800000000000001,5,268.0,0,8.0
13568,3324,5787.0,18931.0,4573.0,43247.27,7782.0,963.0,2646.0,1.0,15,14,8,2,67,170000,1,1,1.0,1,168265.55,200926.0,33774.0,-5715.49022999999,27185.11,43258.7,16.0,13,34197.0,28308.95,74617.86,2,50,75.59,59846.7,25385.0,2,8,16680.0,Y,60817.01,current,M,53,LOW,3.3000000000000003,4,743.0,1,19.0
13569,5822,4766.0,26058.44,23128.0,3474.5,805.0,382.0,390.0,7.0,5,82,26,3,4,430000,1,1,1.0,1,1424.5,267421.4,105000.0,19453.0,79347.98,33285.0,4.0,1,71771.0,22525.49,141479.0,1,82,36949.0,32915.02,199170.0,14,42,14892.25,Y,31129.87,current,M,29,MEDIUM,8.1,3,911.0,1,14.0
13570,14412,12266.0,7593.49,6972.0,6213.5,2980.59,2627.34,5019.55,3.0,3,30,24,12,75,125000,1,1,1.0,1,34249.0,134000.0,925.0,7478.0,15192.65,13663.0,8.0,9,65475.0,675058.05,21377.0,35,42,1122.0,58632.86,10403.0,2,7,26756.0,Y,2018.98,current,F,42,MEDIUM,8.8,5,299.0,1,4.0
13571,8375,11130.0,22389.03,33508.45,4880.4,3306.0,6897.0,13651.0,6.0,85,19,62,9,54,306000,1,1,1.0,1,668728.4,154069.0,12337.0,1079.0,333929.89,41493.0,59.0,19,100217.0,12166.91,58205.35,2,89,111709.0,25137.37,342541.0,6,11,19794.0,Y,2055.04,current,M,33,HIGH,7.800000000000001,4,809.0,0,12.0
13572,2250,17850.0,12919.61,19428.78,249.0,3478.36,428.0,378.0,2.0,3,17,21,2,54,49999,1,1,1.0,1,87526.1,117890.0,25111.0,12174.0,313328.0,111149.0,55.0,4,23451.0,86643.32,105275.0,70,7,12702.0,39870.0,36803.0,4,12,8251.0,Y,290.23,saving,M,25,MEDIUM,3.0,1,633.0,0,3.0
13573,6517,3518.0,51682.81,4381.31,12977.0,4817.0,14228.17,3684.0,104.0,18,2,1,1,98,255000,1,1,1.0,1,1105487.1,399.09,49975.0,0.0,63502.79,33412.0,2.0,1,54733.0,12321.85,50098.0,3,59,26828.0,24623.55,63028.11,4,9,517.0,Y,657.38,current,M,58,MEDIUM,22.8,1,123.0,1,8.0
13574,4951,292081.0,43229.23,6274.01,4658.52,3409.8,25550.055,10137.04,60.0,8,10,3,3,58,50900,1,1,1.0,1,1053411.2,15375.23,90525.0,6409.0,43301.95,76504.0,10.0,2,24414.0,237284.0,152252.0,7,69,57778.0,71112.91,44873.0,21,7,53900.0,Y,15092.7,current,M,47,MEDIUM,2.7,7,928.0,0,3.0
13575,10788,19477.0,6638.47,2854.21,20243.0,23395.62,7543.0,1286.74,10.0,13,47,1,1,3,267000,1,1,1.0,1,871.5,1372927.14,15756.0,1014.0,20883.87,14088.0,42.0,2,38368.0,198103.53,13933.0,70,20,12383.0,45620.67,60537.0,14,54,82851.0,Y,381.23,current,M,37,MEDIUM,10.200000000000001,2,448.0,1,9.0
13576,7310,89133.0,2092.36,4941.84,5206.6,4997.46,8391.28,2449.0,100.0,66,61,4,31,47,512000,1,1,1.0,1,95.0,12000.0,825.0,0.0,35157.0,35611.76,16.0,33,42190.0,20353.75,21091.0,2,6,36592.0,89974.56,46509.94,11,17,46548.0,Y,8480.5,current,F,42,MEDIUM,6.6000000000000005,1,575.0,1,11.0
13577,311,212361.0,647.0,388.0,5310.0,959.0,3194.2,1795.0,8.0,46,1,82,9,58,329000,1,1,1.0,1,84446.0,17000.0,130000.0,5439.0,10999.65,119761.0,24.0,7,38406.0,12395.56,50005.0,1,4,88260.0,23765.19,40883.0,38,12,407.0,Y,1931.42,current,M,32,LOW,3.6,7,385.0,1,19.0
13578,15065,11685.0,4286.86,4258.0,34113.2,9697.0,10513.0,3574.0,44.0,3,2,2,9,6,350000,1,1,1.0,1,58121.25,470000.0,96497.0,1465.0,84232.5,234860.76,46.0,2,103300.0,74022.32,163604.0,35,50,11150.0,49702.25,237.5,40,79,121870.0,Y,15199.51,current,M,55,MEDIUM,35.0,10,539.0,1,20.0
13579,17405,332077.0,7853.0,5693.23,44034.86,5331.24,24384.465,1520.0,92.0,27,72,2,4,3,167000,1,1,1.0,1,1105487.1,399.09,798.0,5730.0,85327.37,27581.23,23.0,1,23815.0,83.0,83008.0,10,25,9173.0,83077.64,19016.0,94,18,28257.0,Y,826653.89,current,M,36,MEDIUM,16.0,8,685.0,1,8.0
13580,8152,9453.0,19951.53,6990.5,57562.7,9762.0,36515.58,3053.0,8.0,50,23,1,1,4,581000,1,1,1.0,1,10535967.5,380000.0,49975.0,12965.0,32029.3,50096.0,42.0,7,265000.0,27794.68,27414.16,2,86,14099.0,25371.65,23687.0,5,32,1448.0,Y,5563.64,current,F,30,LOW,3.0,2,966.0,1,14.0
13581,17976,11759.0,15766.0,195.21,22746.56,13012.85,20287.0,4368.74,66.0,3,29,18,4,31,410000,1,1,1.0,1,209110.5,165000.0,3000.0,4795.0,2601.5,127394.0,40.0,4,56190.0,23847.0,16673.0,1,69,137765.0,128315.37,34510.0,12,58,29658.0,Y,1442.54,saving,M,34,LOW,2.8000000000000003,10,385.0,1,13.0
13582,19566,11192.0,6798.15,24377.49,12372.79,16733.55,10342.865,5347.43,7.0,23,6,15,2,80,98000,1,1,1.0,1,51291.45,617203.09,24251.0,2921.0,202245.24,21991.0,11.0,13,3365.0,153093.89,39065.0,45,4,108548.0,262337.0,94762.84,49,104,21600.0,Y,42595.06,current,M,56,MEDIUM,21.6,2,244.0,1,13.0
13583,5291,4624.0,32248.46,426.0,870.13,12978.38,16406.0,1485.0,531.0,10,4,1,37,56,341000,1,1,1.0,1,2008232.55,470000.0,30011.0,14509.0,72237.94,20643.0,24.0,5,23872.0,84424.44,162016.0,8,14,12607.0,187136.34,14523.0,2,32,24635.0,Y,65.04,current,M,46,MEDIUM,15.600000000000001,5,723.0,0,9.0
13584,449,16112.0,4661.52,7432.05,2731.78,1149.53,34738.06,4289.48,59.0,84,49,57,36,1,371000,1,1,1.0,1,96218.53,63173.17,583.0,6885.0,26441.35,59140.82,90.0,2,22272.0,3569.49,93572.0,50,84,40657.0,28891.62,241850.09,9,63,14798.0,Y,367.6,saving,F,27,MEDIUM,4.2,6,866.0,1,6.0
13585,3177,127222.0,13197.13,4299.0,4750.52,7260.5,4477.05,6991.0,53.0,5,89,1,7,42,461000,1,1,1.0,1,1359.3,730000.0,500.0,20513.0,21281.45,79090.0,11.0,5,37872.0,58604.75,79321.66,4,6,18919.68,43081.0,63806.0,21,8,63651.62,Y,4754.01,current,F,28,LOW,1.6,4,265.0,0,4.0
13586,18937,10496.0,35382.0,4416.5,3184.0,559.27,1718.3,6394.0,4.0,36,50,50,55,13,324000,1,1,1.0,1,20177.4,68663.61,26241.0,-5439.0,46765.0,64774.48,18.0,2,45747.0,18543.24,61451.0,3,2,270.0,152138.85,25405.0,2,52,53907.0,Y,3007.42,current,F,31,MEDIUM,5.5,7,249.0,0,13.0
13587,9770,222373.0,6046.54,19739.44,17174.01,23993.92,11474.0,7421.71,60.0,46,86,1,2,67,147000,1,1,1.0,1,18451.05,117890.0,48950.0,1332.0,36898.23,15184.39,55.0,3,47898.0,65974.52,91083.0,23,29,263400.0,232629.53,40831.25,4,8,222687.0,Y,786.61,current,M,33,MEDIUM,1.3,10,626.0,1,20.0
13588,10676,1260.0,1983.23,16779.0,4581.29,12289.0,6313.43,11821.0,101.0,10,3,1,1,70,479000,1,1,1.0,1,249060.0,41.26,787.0,12965.0,36992.18,499709.0,8.0,3,100217.0,184163.32,258176.37,70,6,45800.0,11057.0,148411.18,13,39,53742.0,Y,3169.71,current,M,60,LOW,36.0,5,974.0,1,9.0
13589,1614,165241.0,13386.0,18197.05,4992.72,1667.0,7085.0,15672.5,6.0,10,4,7,9,16,184000,1,1,1.0,1,46451.38,20000.0,1630.0,2921.0,23003.88,81892.41,0.0,1,3112.0,56799.75,42214.0,2,13,114263.22,101670.32,405768.1,19,8,12064.0,Y,2872191.3,current,M,30,MEDIUM,4.0,5,743.0,1,20.0
13590,3518,8164.0,2482.9,3726.0,6013.07,152.1,2504.21,26325.0,2.0,10,67,7,45,1,595000,1,1,1.0,1,33664.3,158000.0,24619.0,12415.0,46431.16,305978.0,42.0,1,32228.0,4156.0,247626.86,23,82,7818.0,78537.51,19854.0,14,24,20797.0,Y,971.01,current,M,33,MEDIUM,9.1,3,958.0,1,2.0
13591,11991,574.0,167434.74,5092.0,3474.5,9914.19,1233.34,6843.0,8.0,9,29,3,2,12,595000,1,1,1.0,1,59703.93,159308.0,73217.0,1411.0,8879.0,237577.0,11.0,3,36753.0,102266.7,84185.0,9,171,16964.0,12793.57,111491.2,14,68,10667.31,Y,5415.6,current,M,69,MEDIUM,29.400000000000002,2,723.0,0,2.0
13592,15682,10353.0,1688.22,2070.0,1934.54,782.85,13696.0,4514.0,7.0,128,5,62,3,79,293000,1,1,1.0,1,380.0,12971.0,48950.0,-4664.0,93973.0,115268.0,11.0,26,40886.0,56267.98,38242.0,3,67,30579.0,41061.41,158985.0,36,7,131623.0,Y,256.58,saving,M,37,MEDIUM,15.3,9,710.0,1,2.0
13593,5052,2158.0,12851.05,665.18,12252.78,1395.0,10967.0,27724.06,52.0,22,72,1,6,10,212500,1,1,1.0,1,123134.77,51000.0,73217.0,16455.0,80345.0,66722.0,42.0,1,21730.0,2819.7,393886.0,4,171,21981.0,16652.0,102964.0,16,106,40967.0,Y,1748.28,current,M,30,MEDIUM,10.0,4,445.0,1,14.0
13594,7122,9803.0,87142.0,35703.89,6754.63,9817.88,18304.59,2387.4,19.0,10,9,24,45,1,240000,1,1,1.0,1,300794.1,500358.79,565.0,5773.0,44539.75,90057.0,63.0,4,33045.0,113969.92,30067.39,17,108,38861.0,37799.13,10926.0,38,63,21133.25,Y,7864.1,current,M,42,MEDIUM,15.4,4,647.0,0,16.0
13595,7208,9252.0,8126.0,2949.0,7548.75,2223.05,41303.88,863.0,104.0,25,10,18,1,4,319000,1,1,1.0,1,5688.0,25404.0,631.0,19453.0,121427.65,18806.0,7.0,36,23395.0,66731.21,20459.0,2,25,77600.0,23512.0,68042.0,117,8,28601.0,Y,178.6,current,F,27,MEDIUM,1.4000000000000001,3,615.0,1,15.0
13596,7714,18232.0,22205.49,3539.94,3728.0,1149.84,29677.5,1247.73,25.0,25,87,3,4,6,58000,1,1,1.0,1,3101.3,41.26,4699.0,5340.0,50316.35,12139.0,12.0,1,72934.0,17318.0,27512.0,30,86,7732.0,23100.75,35074.0,14,80,107174.0,Y,1040.65,current,F,60,LOW,20.0,5,805.0,1,7.0
13597,3892,8857.0,142081.0,19561.36,19135.91,10310.76,7618.63,593.0,7.0,77,5,2,36,18,784000,1,1,1.0,1,937.0,376694.91,3570.0,4889.0,132181.02,161511.0,72.0,36,16355.0,40415.88,49461.0,6,20,998276.0,20126.54,10805.0,4,49,38710.0,Y,19139.28,saving,M,62,MEDIUM,16.8,1,723.0,0,6.0
13598,17490,20262.0,15389.09,8733.93,5889.0,425.0,4892.0,30020.0,4.0,10,6,4,16,10,193000,1,1,1.0,1,33111020.0,104270.0,1036.0,1500.0,139931.87,10231.0,43.0,3,135784.78,40592.34,57188.0,23,81,385963.0,105657.98,791994.25,94,12,21806.0,Y,104.86,current,M,49,MEDIUM,23.200000000000003,2,805.0,1,14.0
13599,17678,17774.0,69047.99,3349.18,6956.73,760.54,35619.53,3395.0,8.0,6,47,1,1,56,362000,1,1,1.0,1,70310.6,167870.79,25849.0,-5942.0,161014.54,107212.0,4.0,31,97268.0,69064.11,842702.0,10,6,4981.0,35478.08,73289.99,8,58,16990.0,Y,5359.16,current,M,44,MEDIUM,2.4000000000000004,1,269.0,1,6.0
13600,11211,2379.0,9644.2,8228.16,10000.5,122.0,7029.5,18793.0,7.0,2,11,1,4,36,49999,1,1,1.0,1,120781.35,118976.0,100000.0,553.0,179.75,40743.37,5.0,13,16070.0,171133.65,691.0,6,36,18100.0,25695.89,380271.0,4,83,60517.0,Y,11683.8,current,M,222,MEDIUM,101.0,4,647.0,1,7.0
13601,19760,17359.0,6830.47,2724.0,156472.17,4036.8,4087.0,808.0,66.0,43,50,4,2,34,47000,1,1,1.0,1,1112.4,49000.0,12337.0,1465.0,63375.98,223963.0,20.0,35,72354.0,28329.5,21043.0,3,84,24598.0,31981.25,328.0,6,63,57507.0,Y,14675.72,current,M,31,HIGH,11.0,2,606.0,1,13.0
13602,5614,11543.0,66657.1,2602.0,10064.0,4726.96,1985.775,197.0,31.0,3,82,8,1,4,326000,1,1,1.0,1,270.0,399.09,9570.0,1992.0,47583.0,49040.0,16.0,35,25524.0,15076.6,157103.0,42,20,57200.0,72338.01,19519.0,14,83,55320.0,Y,1516.92,saving,M,37,MEDIUM,5.1000000000000005,4,245.0,0,11.0
13603,15617,241138.0,3581.95,8470.83,12223.93,3172.0,6330.0,413.0,26.0,36,13,17,16,9,87000,1,1,1.0,1,8209320.0,156215.3,300500.0,12174.0,217133.05,29526.28,42.0,35,53732.0,10513.13,52177.0,9,20,62662.0,22059.38,14872.0,22,11,51102.0,Y,2292.22,current,M,28,MEDIUM,5.6000000000000005,1,887.0,1,19.0
13604,8249,14851.0,11850.54,1728.49,27894.98,4928.53,62888.77,3067.36,59.0,18,112,3,1,1,315000,1,1,1.0,1,148705.0,21577.06,3570.0,-5998.43994,64616.03,48320.0,46.0,4,30821.0,82356.0,21181.0,1,63,67345.0,11972.88,58864.0,5,58,38885.0,Y,11868.0,saving,M,66,LOW,32.2,9,683.0,1,18.0
13605,13989,18004.0,741.38,391.0,5155.22,3037.6,2227.51,428.52,101.0,36,50,25,27,10,87000,1,1,1.0,1,2008232.55,118976.0,5797.0,5730.0,112045.48,95653.0,4.0,1,25335.0,28109.43,94328.0,16,4,16100.0,103859.91,69756.58,13,79,56200.0,Y,942.21,current,F,58,MEDIUM,34.2,7,743.0,1,10.0
13606,4217,8597.0,10236.0,4511.29,11598.6,5963.95,4366.0,5378.0,6.0,29,14,17,1,31,44000,1,1,1.0,1,116771.25,409168.15,536.0,6916.0,71925.0,45558.0,57.0,1,42384.0,69072.68,71336.0,43,70,22384.0,68142.47,360718.87,3,65,28658.0,Y,480.94,current,M,55,MEDIUM,17.5,9,355.0,0,7.0
13607,15378,16824.0,2146.0,4489.0,8416.27,10397.78,3147.0,272.74,12.0,6,10,2,11,2,358000,1,1,1.0,1,4731.1,11772.76,105000.0,6885.0,113850.47,225115.91,18.0,19,16242.0,43160.35,18354.0,50,20,60985.0,19200.09,39547.0,40,1,262176.0,Y,10003.87,current,M,34,LOW,2.8000000000000003,4,683.0,0,19.0
13608,12522,3897.0,1301.39,2405.0,6181.34,7513.0,7669.85,15292.85,16.0,9,14,47,7,8,58000,1,1,1.0,1,3486840.0,76157.6,15756.0,-5998.43994,40001.9,53796.0,74.0,26,25765.0,11563.0,118595.0,4,7,50985.0,57038.43,38005.0,47,1,49269.0,Y,8395.76,current,M,66,LOW,41.400000000000006,10,710.0,1,19.0
13609,12759,2191.0,16102.25,10430.45,36299.36,10023.0,22660.71,2264.0,19.0,3,35,42,62,47,845000,1,1,1.0,1,3380.0,142608.5,11580.0,12174.0,43137.25,38742.0,62.0,3,24850.0,131605.45,37573.0,3,44,245433.0,8396.29,196486.0,12,104,167888.0,Y,2829.86,current,M,62,HIGH,4.2,8,945.0,0,11.0
13610,5125,16162.0,2802.38,2849.0,1186.0,3755.19,4436.0,649.0,136.0,3,5,3,2,80,84000,1,1,1.0,1,138129.4,110135.86,11580.0,7478.0,78086.26,23616.0,18.0,2,22934.0,35614.49,19051.0,6,44,5681.0,48428.46,65521.0,3,8,25982.0,Y,13170.34,current,F,58,MEDIUM,19.0,1,855.0,1,9.0
13611,16527,332078.0,31611.86,4227.0,4940.5,18254.0,8740.58,197.0,4.0,30,44,7,3,98,0,1,1,1.0,1,4834.55,194099.3,4367.0,8572.0,30105.25,33891.0,90.0,1,36261.0,322170.0,18389.0,2,78,575.0,8433.28,107930.0,3,113,35533.0,Y,14359.02,current,M,47,MEDIUM,13.5,2,860.0,1,11.0
13612,5205,14084.0,4095.75,1090.0,4897.0,5512.52,6215.0,1627.41,2.0,18,74,19,14,47,595000,1,1,1.0,1,8758.2,121927.8,15756.0,-4679.0,23836.69,12061.88,9.0,4,29024.0,52359.73,593741.0,43,78,86800.0,61297.71,65961.5,4,75,13657.0,Y,19445.02,current,M,63,MEDIUM,8.6,1,883.0,1,14.0
13613,16759,304922.0,4932.82,4093.0,8451.0,248.9,6430.0,1359.0,1.0,6,4,30,1,47,212500,1,1,1.0,1,1665.0,71256.0,3975.0,-5998.43994,43517.21,134728.0,16.0,0,20613.0,47096.83,20839.0,50,81,12857.0,29069.94,60681.0,3,14,12109.0,Y,5588.16,current,M,33,MEDIUM,5.2,2,626.0,0,10.0
13614,10742,5951.0,748.0,7944.0,5355.0,5597.0,19972.1,3188.5,9.0,1,35,8,9,42,307000,1,1,1.0,1,115407.0,400000.0,51520.0,-4612.00977,100381.0,60674.0,16.0,23,120000.0,69072.0,5163.0,2,28,5162.0,101199.5,98251.0,3,87,35253.0,Y,8980.45,current,M,46,MEDIUM,7.800000000000001,6,836.0,1,19.0
13615,15820,2812.0,13951.63,3917.0,4656.48,11209.0,2851.8,5171.01,15.0,17,74,21,14,98,155000,1,1,1.0,1,154363.25,229809.2,597.0,553.0,27240.14,15019.0,20.0,0,46296.0,132867.64,28593.0,5,29,30171.0,122520.87,41865.0,40,83,152344.0,Y,41961.68,current,M,61,MEDIUM,20.5,2,658.0,1,13.0
13616,14032,301874.0,2022.0,1447.0,40753.35,6045.75,870.0,859.0,26.0,77,4,30,2,42,555000,1,1,1.0,1,1263221.7,145000.0,28912.0,20790.0,80845.75,5148.0,11.0,2,18005.0,42121.77,49334.0,2,12,23307.0,52805.0,114782.0,4,13,17308.0,Y,7871.4,current,M,32,MEDIUM,1.2000000000000002,1,314.0,1,3.0
13617,1086,14516.0,5991.92,4381.31,8878.18,36370.8,23067.61,2505.0,12.0,84,47,2,6,2,362000,1,1,1.0,1,151000.0,19000.0,38599.0,12174.0,30783.53,37093.61,42.0,3,11670.0,68885.26,299901.0,9,23,45991.0,799282.62,333557.0,3,7,2250.0,Y,1683.28,current,M,34,LOW,9.8,1,753.0,1,14.0
13618,11501,10177.0,16657.5,5415.0,4040.0,2467.99,8044.79,2324.0,1.0,46,16,18,3,53,555000,1,1,1.0,1,4941.45,30007.0,1611.0,10210.0,54230.28,65078.0,46.0,26,32369.0,22599.0,173519.25,4,20,14157.0,56537.55,13329.0,3,18,3500.0,Y,9022.14,current,M,28,MEDIUM,6.4,4,324.0,1,7.0
13619,10945,308473.0,11859.35,10675.26,9270.0,4457.0,1579.73,7354.0,6.0,65,13,4,31,10,371000,1,1,1.0,1,144293.83,119831.0,2841.0,903.0,56029.97,32531.0,11.0,6,50040.0,31018.07,141117.23,5,8,21933.0,89797.27,27216.0,2,103,22620.0,Y,30787.31,current,M,44,MEDIUM,16.8,3,796.0,0,5.0
13620,3322,139326.0,8983.44,1020.0,359.0,6864.0,934.29,702.95,2.0,30,11,41,1,4,232000,1,1,1.0,1,12817.21,12257.0,57899.0,1332.0,14717.75,253661.0,3.0,13,34918.0,40440.72,54956.28,3,108,19638.0,122408.13,195387.0,3,11,420.0,Y,492.11,saving,M,39,MEDIUM,1.9000000000000001,8,374.0,1,16.0
13621,17057,19944.0,5230.92,3311.0,13021.77,20264.0,3781.0,1350.0,25.0,1,16,7,1,16,402000,1,1,1.0,1,5210.85,119898.8,15654.0,-6301.0,26399.43,56689.91,1.0,2,15152.0,49856.3,38664.0,70,25,40770.0,240.75,52974.0,21,15,176.96,Y,38210.02,saving,M,35,LOW,10.5,7,855.0,1,11.0
13622,10589,19756.0,10782.0,554.0,29736.15,2045.0,7805.275,5258.0,5.0,77,44,8,18,1,267000,1,1,1.0,1,42460.6091,25404.0,925.0,1992.0,29042.17,91400.83,39.0,3,17726.0,2032982.09,25119.0,1,44,31334.0,16892.28,31413.0,9,80,53524.0,Y,1775.44,current,F,28,LOW,2.4000000000000004,6,710.0,1,16.0
13623,13107,1336.0,12589.64,41516.0,15457.14,17917.0,2348.75,3762.0,53.0,71,6,1,3,1,98000,1,1,1.0,1,12.19,157000.0,105000.0,0.0,362701.81,37238.0,77.0,5,22888.0,79541.46,60928.5,31,67,15440.0,87262.58,56083.0,2,49,360000.0,Y,605.95,current,M,34,MEDIUM,11.200000000000001,10,748.0,1,9.0
13624,14861,1441.0,6035.99,1598.0,7572.68,4400.9,5608.51,2488.0,44.0,19,47,26,2,98,218000,1,1,1.0,1,3299447.136,273221.0,18389.0,1500.0,64097.5,166534.0,67.0,4,121012.0,194.25,121634.0,6,27,385963.0,25383.56,78226.5,13,67,39412.0,Y,731.3,saving,M,63,MEDIUM,21.5,2,614.0,1,7.0
13625,16167,11863.0,49432.48,11327.9,3559.26,6755.0,13026.8,2555.3,4.0,84,5,35,2,1,15000,1,1,1.0,1,11878.6,105000.0,13873.0,5730.0,89391.28,23616.0,11.0,0,34394.0,28954.0,41318.0,6,13,16050.0,18895.03,219379.0,117,7,38313.0,Y,12397.88,current,M,37,MEDIUM,10.200000000000001,1,355.0,0,9.0
13626,26,8871.0,7952.79,38290.5,4181.7,911.41,780.0,2549.73,3.0,15,44,47,2,74,110000,1,1,1.0,1,2002.36,96096.0,130000.0,-5942.0,33220.39,89322.0,10.0,7,41566.0,10193.0,49334.0,6,8,12714.0,18823.88,25267.07,2,3,16796.0,Y,17334.48,current,M,46,MEDIUM,2.6,10,643.0,1,16.0
13627,4215,18396.0,4794.0,1041.0,3478.0,5346.0,1995.03,2085.0,6.0,93,7,1,2,10,39000,1,1,1.0,1,100284.85,95081.0,536.0,977.0,125913.54,42857.0,18.0,3,68896.0,3638.25,62067.0,0,44,15960.0,19219.0,31607.18,117,42,184500.0,Y,5896.13,saving,M,66,MEDIUM,32.2,5,644.0,0,12.0
13628,2038,321077.0,4130.68,11059.0,9256.09,360.0,5948.025,10431.23,100.0,23,87,24,2,8,59000,1,1,1.0,1,1038501.78,117890.0,1036.0,-6301.0,32842.5,148373.0,16.0,4,57417.0,38079.5,74447.0,3,11,22150.0,51657.94,3876.0,6,21,12096.0,Y,3882.64,saving,M,40,MEDIUM,6.0,2,809.0,1,14.0
13629,13374,212.0,49990.02,4257.89,14105.82,26085.22,4351.52,14139.01,60.0,23,14,47,44,17,17000,1,1,1.0,1,44575.0,308615.5,37274.0,14509.0,120114.26,42319.0,16.0,30,24190.0,13641.28,24504.0,70,69,30858.0,40377.0,157502.0,11,0,26045.0,Y,20272.89,current,M,47,MEDIUM,16.2,8,700.0,1,10.0
13630,16796,134909.0,34179.0,3118.0,14601.0,3908.0,9780.0,533.0,1.0,8,4,39,7,4,402000,1,1,1.0,1,4120.0,295150.9,678.0,3897.0,125697.31,51002.0,62.0,1,29911.0,39708.12,78308.0,3,2,50150.0,20597.5,8706.0,12,58,128108.0,Y,83.47,current,M,55,LOW,31.5,2,753.0,0,11.0
13631,8298,12430.0,44430.18,8272.19,3440.0,7340.0,16329.67,4484.1,52.0,31,20,82,55,64,393000,1,1,1.0,1,167.5,27000.0,105000.0,3897.0,477721.57,3656.0,42.0,0,34363.0,192.64,42794.0,2,29,27707.0,31791.0,80880.0,3,50,424727.0,Y,19691.69,current,M,58,MEDIUM,19.0,9,805.0,1,9.0
13632,4193,7054.0,4249.57,2966.0,56225.14,290.0,9398.0,233.0,24.0,36,14,1,3,16,373000,1,1,1.0,1,115.45,3.59,2644.0,2921.0,25718.15,637.3,11.0,5,50364.68,14953.52,52247.0,11,75,63843.0,17167.0,24243.0,4,106,102373.0,Y,6123.2,current,M,33,LOW,7.800000000000001,8,249.0,1,12.0
13633,8668,4764.0,2126.76,251.0,19555.68,2771.99,31681.865,6738.0,57.0,1,16,53,3,98,371000,1,1,1.0,1,8370.8,76365.24,583.0,-5998.43994,1474.76,71376.3,40.0,0,37545.0,10775.19,85602.0,35,5,13404.0,59315.9,20941.0,12,18,45912.0,Y,4179.63,current,M,55,MEDIUM,17.5,6,748.0,1,14.0
13634,46,289945.0,31737.28,1985.02,27479.49,7610.0,8062.0,841.6,7.0,26,10,4,3,47,136000,1,1,1.0,1,76122.87,429273.4,248000.0,6916.0,72590.14,138572.0,11.0,30,16594.0,17799.96,171192.0,1,30,410852.0,46355.57,2232.0,1,15,29211.0,Y,355.86,current,M,35,MEDIUM,9.0,2,658.0,1,12.0
13635,15678,13774.0,17417.01,8200.0,14896.0,2885.0,6483.695,14249.71,14.0,99,89,20,15,18,19000,1,1,1.0,1,251938.45,409808.0,2156.0,1500.0,46553.45,25340.0,67.0,1,24011.0,6634.0,20068.0,6,8,27220.0,195283.26,54916.13,12,50,16276.0,Y,1112.62,current,M,29,MEDIUM,5.4,6,708.0,1,8.0
13636,13913,139325.0,3566.23,7433.0,4399.85,3692.0,1314.64,705.55,3.0,85,52,10,4,3,68000,1,1,1.0,1,630.6,470000.0,50000.0,7984.0,120728.31,162274.0,46.0,19,23090.0,12329.0,19553.0,1,17,39628.0,111813.33,275178.22,6,64,24134.0,Y,3783.85,current,M,34,MEDIUM,9.8,4,485.0,1,13.0
13637,16976,19979.0,32347.35,18730.92,602.57,1823.84,289.5,14881.0,14.0,23,35,4,15,80,461000,1,1,1.0,1,23669.0,21698.0,550.0,0.0,39010.46,19328.0,18.0,0,59800.0,44399.0,41941.0,23,108,22967.0,121527.66,7084.0,3,10,691984.71,Y,568.48,current,M,60,MEDIUM,4.0,1,394.0,1,4.0
13638,10955,16589.0,2326.0,11820.52,13379.0,4418.24,9429.0,103.0,6.0,23,135,1,55,8,104000,1,1,1.0,1,2.13,119831.0,925.0,1411.0,41302.33,34136.0,11.0,4,27200.0,16042.01,16423.0,43,13,83255.0,226461.91,45456.0,12,18,66758.0,Y,470.72,current,F,29,LOW,1.8,4,710.0,0,16.0
13639,7401,10923.0,20770.0,10130.61,6621.61,10575.06,24384.465,1252.22,3.0,36,85,8,4,44,199999,1,1,1.0,1,21220.0,201000.0,3975.0,5350.0,83076.5,52198.0,55.0,1,23701.0,40005.62,81829.0,6,20,145317.0,19283.48,40573.0,3,104,33898.0,Y,3593.73,current,M,32,LOW,6.0,9,743.0,1,17.0
13640,9220,918.0,13410.8,17925.04,9414.8,1638.0,431.92,4965.0,100.0,42,5,2,21,55,232000,1,1,1.0,1,347309.75,189246.0,550.0,-4664.0,14539.25,27028.0,8.0,6,13272.0,13105.71,45291.49,7,1,283399.0,18668.78,91659.0,117,83,117349.0,Y,66.49,current,M,40,MEDIUM,16.0,6,818.0,1,12.0
13641,7909,2870.0,7750.0,10811.15,44831.6,13104.0,21755.5,5171.01,15.0,6,13,8,2,64,44000,1,1,1.0,1,3405.0,165916.18,230000.0,10455.0,93780.71,96408.0,67.0,2,20909.0,16042.01,286741.5,2,20,60000.0,123868.68,73177.0,2,21,16723.0,Y,2437.43,current,M,30,LOW,8.0,10,911.0,1,16.0
13642,10766,10674.0,26662.26,15551.34,4515.72,846.68,12646.0,3027.0,10.0,8,89,11,1,81,110000,1,1,1.0,1,60800.0,3342.51,527.0,-7652.0,1140016.09,38967.0,42.0,15,15152.0,24257.08,153241.0,2,70,29608.0,38843.34,22463.0,2,12,14802.0,Y,4292.75,current,M,37,LOW,8.5,5,814.0,1,15.0
13643,16506,1560.0,3812.0,284.0,3121.96,1934.0,1851.995,9034.01,3.0,10,10,24,4,4,525000,1,1,1.0,1,568.8,165970.9,105000.0,10210.0,2590.75,96150.0,29.0,17,30214.0,50575.84,71498.7,4,13,3575.0,6111.75,83872.44,1,32,97839.0,Y,2483.53,current,M,44,MEDIUM,7.2,6,883.0,1,5.0
13644,272,12679.0,7968.31,1930.3,3359.5,20101.0,934.63,377.0,7.0,26,5,18,1,30,293000,1,1,1.0,1,472.0,545000.0,10973.0,-4679.0,34645.25,61150.0,40.0,23,44434.0,44067.0,40540.0,5,59,116904.0,28324.5,44035.0,49,18,39969.0,Y,3238.48,current,M,34,MEDIUM,4.2,4,385.0,0,11.0
13645,8228,2050.0,29782.59,7432.05,7258.0,777.57,1720.0,3431.0,7.0,9,52,4,1,1,147000,1,1,1.0,1,546565.5,32000.0,6738.0,-4679.0,126861.88,37506.0,5.0,3,25277.0,50549.52,10243.0,9,11,24192.0,119300.96,28847.0,21,28,17400.0,Y,26879.7,current,F,42,MEDIUM,11.0,2,958.0,1,7.0
13646,19442,333771.0,3285.23,3238.0,17770.51,1916.2,7154.3,10860.14,4.0,18,7,1,5,11,520000,1,1,1.0,1,18418.85,159308.0,5905.0,0.0,38013.92,27876.23,77.0,36,20187.0,113.5,64950.0,1,108,11376.0,92119.0,30624.0,4,80,26890.0,Y,2565.27,current,M,32,MEDIUM,8.4,4,516.0,0,5.0
13647,18631,36288.0,3627.0,6230.98,12281.67,1617.0,24221.27,1040.0,6.0,4,46,7,4,6,256000,1,1,1.0,1,13730.0,237365.38,30011.0,6916.0,37094.0,75261.0,11.0,2,25677.0,206970.88,171857.45,7,20,652.35,33075.29,58458.25,8,35,17600.0,Y,43935.34,current,F,60,MEDIUM,40.0,9,269.0,1,19.0
13648,2194,20407.0,846.47,34251.0,10383.0,11043.8,821.52,7697.0,44.0,30,50,1,1,86,184000,1,1,1.0,1,506688.65,446457.0,3570.0,12415.0,107584.07,8518.24,147.0,36,33879.0,31826.78,36030.0,2,171,14341.0,40128.14,10464.02,6,103,96738.0,Y,2396.32,current,F,29,LOW,6.300000000000001,1,315.0,1,15.0
13649,14805,9258.0,16086.63,29495.74,175158.44,682.0,6675.47,25078.55,5.0,71,35,50,7,13,272000,1,1,1.0,1,28844.0,190887.4,23500.0,19765.0,16070.84,86537.0,46.0,13,78577.0,48506.55,8261.0,2,12,26200.0,33904.0,113228.0,3,13,36357.0,Y,5168.64,current,M,29,MEDIUM,4.5,6,371.0,0,2.0
13650,17348,10607.0,4041.5,2297.0,5471.61,14963.37,29989.22,2088.0,16.0,37,49,2,16,10,75000,1,1,1.0,1,59703.93,278360.16,48374.0,-4664.0,12504.5,29275.0,67.0,35,76500.0,23930.32,35166.0,1,50,25326.0,27277.0,35615.8,1,32,41574.0,Y,131226.86,current,M,120,MEDIUM,20.0,1,631.0,1,4.0
13651,7096,4474.0,13129.67,894.0,16982.76,15575.48,133.0,390.0,5.0,9,49,2,1,17,44000,1,1,1.0,1,24832.0,78050.0,23032.0,10210.0,265442.98,12413.0,69.0,2,15595.0,32807.69,25432.0,3,11,13814.0,175824.67,838.0,47,17,24287.0,Y,4256.75,current,M,53,MEDIUM,13.200000000000001,10,374.0,1,19.0
13652,9271,129261.0,7952.29,5008.0,4269.27,7583.01,8013.0,411.0,67.0,99,4,1,6,54,15000,1,1,1.0,1,130319.0,3.0,38599.0,7478.0,5470.0,38417.79,12.0,7,48332.0,31850.0,12783.0,3,81,18471.0,35068.01,37598.0,43,13,75798.0,Y,1969.6,saving,F,44,MEDIUM,24.0,1,314.0,0,11.0
13653,4028,16822.0,1219.0,3477.6,5642.77,1803.82,7023.0,1994.32,63.0,5,20,21,3,41,16000,1,1,1.0,1,42460.6091,33668.0,768.0,6885.0,47259.42,24878.39,36.0,1,50600.0,31689.88,76217.0,8,46,21729.0,38525.12,244.0,94,13,40542.0,Y,2768.28,current,M,37,LOW,10.200000000000001,10,258.0,1,2.0
13654,6599,12727.0,3914.16,9354.65,20283.92,1531.15,6111.04,4108.5,10.0,99,13,48,17,3,256000,1,1,1.0,1,39758.95,446457.0,130000.0,-6885.0,26036.79,45581.0,69.0,3,11794.0,96981.94,48472.0,6,63,38883.0,37775.59,129397.0,22,1,20255.0,Y,19498.61,current,M,44,MEDIUM,9.600000000000001,1,593.0,1,9.0
13655,134,2074.0,11708.49,5830.88,12363.74,13010.69,36669.0,2138.0,4.0,66,47,2,18,1,17000,1,1,1.0,1,52506.0,15036.0,492.0,1500.0,30165.26,14201.0,36.0,0,54733.0,56649.0,15051.0,6,21,34971.0,52626.23,56953.0,2,73,1450.0,Y,4262.91,current,M,27,LOW,4.2,10,623.0,1,4.0
13656,5054,10280.0,11436.0,677.34,161367.45,7151.0,5030.04,656.73,44.0,56,7,45,15,14,267000,1,1,1.0,1,151606.65,46500.0,300500.0,4314.0,7566.5,160480.0,11.0,3,33759.0,104441.0,9730.0,31,82,23850.0,98660.84,45571.79,12,103,75326.0,Y,2729.89,current,F,30,HIGH,9.0,2,653.0,0,2.0
13657,18920,14423.0,17225.68,1339.96,13986.33,4464.52,2047.0,3478.0,5.0,99,11,2,44,36,581000,1,1,1.0,1,1539496.64,53749.0,4000.0,0.0,25808.0,97941.07,18.0,7,25413.0,10523.04,147607.0,1,4,86800.0,48428.46,109993.0,62,9,45912.0,Y,5170.83,current,F,49,HIGH,11.600000000000001,8,805.0,1,9.0
13658,10269,40467.0,72486.59,1973.0,8839.24,2428.0,9615.0,3771.34,44.0,99,44,50,7,1,232000,1,1,1.0,1,115818.74,165970.9,48950.0,-5942.0,41471.95,64458.0,103.0,0,12623.0,45795.41,53609.0,6,8,15173.0,48855.0,39131.0,4,103,45122.0,Y,4598.63,current,M,38,LOW,7.2,9,354.0,0,12.0
13659,18700,10938.0,6850.0,13900.2,16484.07,6294.09,3947.16,8629.0,1.0,5,44,5,25,47,528000,1,1,1.0,1,510.6,152391.0,12000.0,0.0,10885.8,9098.0,8.0,36,205235.0,22921.88,36406.5,1,13,463086.63,202014.63,2779.0,94,80,22177.0,Y,1874.71,current,F,32,LOW,7.2,1,537.0,0,14.0
13660,9785,10406.0,72156.73,916.93,2949.17,145272.42,2098.51,1815.0,6.0,34,35,5,2,1,44000,1,1,1.0,1,2533020.0,71944.5,130000.0,20513.0,47756.25,935161.0,11.0,2,31325.0,33417.37,11705.0,45,23,14971.0,105137.78,59455.29,3,12,60535.0,Y,24185.39,current,F,29,LOW,9.0,6,233.0,1,5.0
13661,14955,140111.0,3618.26,1464.88,4670.1,795.0,30746.0,357.0,63.0,85,16,6,51,79,100000,1,1,1.0,1,77855.0,84.32,2644.0,5773.0,22774.64,70619.0,38.0,7,38190.0,36245.78,93339.0,4,36,28227.65,33882.69,838.0,3,25,29039.0,Y,8778.76,current,F,44,MEDIUM,9.600000000000001,3,958.0,1,7.0
13662,2686,19480.0,14262.48,14315.0,10932.58,18665.23,5306.605,699.1,92.0,1,1,7,1,13,47000,1,1,1.0,1,38566.25,617203.09,891.0,4795.0,28508.0,34188.0,20.0,3,85430.0,51851.87,46102.0,3,5,34420.0,56787.0,70671.0,5,113,20937.0,Y,3693.64,current,M,28,HIGH,4.800000000000001,6,516.0,0,8.0
13663,5323,13596.0,7421.73,11141.0,1386.04,7610.0,4608.0,11160.0,4.0,30,74,50,62,4,479000,1,1,1.0,1,136000.0,158000.0,22000.0,1500.0,31528.25,28028.0,18.0,7,12340.0,21935.71,60908.0,2,12,69579.0,33882.69,41338.0,2,11,8620.0,Y,2873.41,current,M,66,MEDIUM,41.400000000000006,10,737.0,1,8.0
13664,18010,10519.0,1630.5,14320.02,3045.0,3929.5,14232.4,2141.0,25.0,71,13,20,5,80,556000,1,1,1.0,1,1112.4,232524.0,492.0,4314.0,60726.0,36755.0,103.0,1,15668.0,121085.74,254507.8,5,59,20233.0,240314.57,35540.0,10,52,60769.0,Y,795.04,current,F,29,MEDIUM,0.9,5,464.0,1,18.0
13665,8096,3360.0,16000.54,7559.0,6558.21,12978.38,24214.185,2463.0,44.0,19,67,2,7,1,46000,1,1,1.0,1,803155.7,278360.16,105000.0,2351.0,60081.22,61585.0,0.0,35,21309.0,21706.42,79761.0,2,0,47546.0,21897.0,26200.13,9,14,36202.0,Y,1935.48,saving,M,51,MEDIUM,6.2,1,454.0,0,18.0
13666,6997,3149.0,8560.49,311.04,1878.84,733.67,9561.52,4938.85,44.0,31,6,1,71,5,104000,1,1,1.0,1,115407.0,470000.0,8060.0,1500.0,6967.64,128.0,29.0,7,12119.0,23485.48,45015.0,7,6,32383.0,45341.0,21656.0,94,11,75001.0,Y,3192.66,current,F,53,LOW,19.8,4,802.0,0,16.0
13667,1104,20111.0,21404.51,2846.6,17892.36,1937.9,801.265,3188.5,531.0,3,50,2,5,4,127500,1,1,1.0,1,21511.8,25172.0,300500.0,1332.0,189.25,97811.29,23.0,43,42436.0,18931.46,118465.37,2,108,44200.0,111980.78,38902.0,19,63,60019.0,Y,541.55,saving,M,28,MEDIUM,3.2,10,454.0,1,7.0
13668,7964,7927.0,1098.31,644.0,6679.25,487.0,20890.51,1751.0,15.0,25,87,53,1,11,533000,1,1,1.0,1,15079.5,107692.0,678.0,7478.0,1115.25,15468.71,77.0,31,22940.0,18419.83,33980.5,5,27,134252.0,6140.0,13635.26,36,75,48788.0,Y,9278.67,current,M,55,MEDIUM,35.0,1,505.0,1,13.0
13669,14475,7598.0,11053.5,16877.5,3359.5,5430.58,13696.0,5246.0,8.0,3,10,6,1,11,784000,1,1,1.0,1,137260.8,15957.0,10000.0,2337.0,37470.11,33526.0,11.0,15,27117.0,221092.64,212319.0,1,42,300801.0,20494.0,24631.0,13,12,21690.0,Y,2193.41,current,F,63,HIGH,34.4,5,249.0,1,5.0
13670,11803,15182.0,2337.5,3153.0,1680.76,13234.0,33077.0,233.0,9.0,16,9,50,2,2,324000,1,1,1.0,1,47450.2,5000000.0,3975.0,-3625.0,58928.0,30016.0,89.0,7,23020.0,5066.0,118793.0,43,86,52664.0,13107.38,37462.0,94,58,26095.0,Y,83.47,current,M,53,MEDIUM,6.6000000000000005,6,369.0,1,3.0
13671,18139,97703.0,41998.07,581.64,35300.38,441.0,257102.9,3028.44,531.0,99,7,2,1,79,153000,1,1,1.0,1,7713.51,38928.0,954.0,167.0,33844.5,142757.0,36.0,19,84650.0,46320.64,34466.0,2,59,600.0,115748.5,30733.0,8,83,16689.0,Y,5646.55,current,M,32,MEDIUM,8.4,2,623.0,0,7.0
13672,5521,14292.0,13389.69,2275.0,538.72,3431.35,854.0,2437.0,57.0,8,87,8,2,39,350000,1,1,1.0,1,42460.6091,1187335.5,5905.0,5730.0,5264.57,1300.0,55.0,4,40823.0,65743.79,27406.0,7,82,18330.0,29873.9,1256.0,21,32,28074.0,Y,177.36,current,F,30,MEDIUM,10.0,8,261.0,1,5.0
13673,1127,11437.0,43195.98,2797.0,552.49,2699.77,84225.88,3933.0,66.0,37,9,52,1,56,568000,1,1,1.0,1,15279.79,134000.0,2500.0,-5998.43994,76725.66,10184.37,16.0,36,82854.0,51156.0,77709.0,3,5,51708.0,110547.23,50212.13,2,32,26560.0,Y,3953.04,current,M,58,MEDIUM,3.8000000000000003,9,324.0,0,4.0
13674,2631,116133.0,9339.0,876.35,17961.99,236.12,3591.0,1437.0,4.0,10,32,42,60,3,581000,1,1,1.0,1,46451.38,1425000.0,60000.0,-6281.37987999999,21941.6,24839.0,36.0,0,119508.0,40006.59,24480.0,6,8,11538.0,42443.76,8567.0,3,18,21443.0,Y,2293.31,current,M,49,MEDIUM,5.800000000000001,7,805.0,1,5.0
13675,10399,549.0,1264.74,8866.6,26572.03,222.85,15357.0,23237.5,101.0,3,59,47,2,34,430000,1,1,1.0,1,13668.25,105000.0,25639.0,-5439.0,17772.44,4341.0,4.0,2,74499.0,14438.32,25339.0,6,14,106409.0,3005.0,24973.0,3,7,16419.0,Y,19665.01,saving,M,53,MEDIUM,23.1,2,574.0,1,4.0
13676,7242,17190.0,19977.99,7467.01,1202.01,1334.0,2457.75,4858.0,7.0,29,82,57,3,3,119000,1,1,1.0,1,4140.0,74599.9,300500.0,0.0,41153.5,45019.0,4.0,31,26670.0,22416.62,798838.0,11,24,41166.19,22592.65,20681.58,117,83,30685.0,Y,78896.45,current,M,37,LOW,11.9,6,614.0,0,9.0
13677,9771,18190.0,40387.0,14320.02,41205.71,860.0,17949.67,901.0,8.0,84,50,1,3,1,284000,1,1,1.0,1,12869465.0,5000000.0,230000.0,6885.0,43603.25,18522.0,69.0,4,14706.0,7940.88,19900.44,0,82,17418.0,140108.1,19770.0,2,11,32242.0,Y,8482.93,current,M,33,LOW,9.1,6,743.0,1,8.0
13678,12133,8110.0,21400.59,5979.58,18897.45,23542.0,5593.725,3532.0,18.0,10,44,1,3,5,124000,1,1,1.0,1,291969.2,121927.8,100000.0,5464.0,65996.9,1051552.35,7.0,26,25013.0,69339.83,25080.0,42,81,47439.0,29873.9,199277.0,2,83,75957.0,Y,564.71,saving,M,35,MEDIUM,10.5,2,454.0,1,14.0
13679,16515,16085.0,23275.11,1633.14,973.0,10304.0,2511.0,4947.95,7.0,17,71,24,21,47,192000,1,1,1.0,1,41883.6,60040.0,3975.0,-4664.0,49385.0,29297.0,55.0,1,25966.0,27776.5,44624.0,1,24,66132.0,45847.5,34378.0,3,38,17167.0,Y,78966.76,saving,M,60,HIGH,36.0,3,700.0,1,11.0
13680,13143,9490.0,4180.09,10381.0,15968.0,12633.0,22027.885,553.0,7.0,5,135,4,6,79,453000,1,1,1.0,1,81872.65,100000.0,300000.0,0.0,29768.31,39164.0,42.0,1,23446.0,49917.25,90534.0,1,81,11404.82,2151.0,55537.67,4,7,78120.0,Y,29577.19,current,M,30,MEDIUM,1.0,3,593.0,1,4.0
13681,14318,332999.0,1142.4,5008.0,16844.43,5430.58,19579.0,4514.0,8.0,85,47,1,25,5,329000,1,1,1.0,1,384550.05,82907.34,28912.0,-4679.0,43894.52,162391.0,11.0,5,64208.0,21003.33,169.86,6,20,40442.0,34004.63,131468.93,93,58,14295.0,Y,7594.47,current,F,37,LOW,15.3,6,863.0,1,8.0
13682,1656,4577.0,5214.0,1988.0,30692.495,6081.04,2179.0,1821.0,12.0,85,3,4,25,11,232000,1,1,1.0,1,1112.4,273221.0,583.0,5730.0,88414.68,121918.0,35.0,31,109701.0,26227.42,3184.38,7,42,32865.0,15194.86,35358.0,5,15,15215.0,Y,20854.75,saving,M,55,MEDIUM,31.5,6,644.0,1,14.0
13683,3440,93592.0,22964.01,6485.25,17568.0,2371.19,311.0,2440.46,1.0,7,89,24,2,22,19000,1,1,1.0,1,750.6,96096.0,610000.0,-3506.17993,16178.72,33923.0,4.0,3,23243.0,31164.0,56610.0,4,27,61446.0,13939.0,143404.5,21,8,13299.0,Y,2421.87,current,M,33,MEDIUM,1.3,9,633.0,0,8.0
13684,9297,4230.0,2817.0,23128.0,1665.93,2447.0,11890.825,1315.0,9.0,81,82,4,4,26,403000,1,1,1.0,1,10725.8,232235.65,248000.0,173.0,59660.25,77442.5,32.0,13,19392.0,53995.3,57457.0,6,14,23559.0,84307.38,76024.72,49,0,147449.0,Y,4162.96,current,F,33,LOW,10.4,10,683.0,1,11.0
13685,985,93267.0,6172.68,4941.84,7920.93,4980.0,9534.0,3098.0,6.0,37,47,48,2,14,579000,1,1,1.0,1,111.0,7576.0,51520.0,8723.0,39123.22,410890.8,89.0,31,37200.0,33615.98,189586.0,0,28,17883.0,27206.13,12316.0,7,58,38470.0,Y,15027.94,current,F,37,MEDIUM,5.1000000000000005,4,710.0,1,12.0
13686,2902,12122.0,40278.91,1370.0,4063.0,1670.25,21007.655,7153.0,2.0,2,110,1,1,42,127500,1,1,1.0,1,2002.36,39833.19,1611.0,6613.0,93668.15,98207.0,4.0,4,24828.0,10355.0,64994.0,43,14,53946.0,133700.67,26574.69,13,7,27093.79,Y,646.61,current,M,34,LOW,5.6000000000000005,8,355.0,1,20.0
13687,19117,7441.0,9662.97,3332.48,2743.28,634.01,19102.0,24190.82,6.0,1,653,50,27,67,102000,1,1,1.0,1,89908.8,186474.96,8417.0,3735.0,16992.7,15232.0,95.0,6,130832.0,57749.55,101543.0,1,82,28447.89,91681.73,30615.0,3,11,273.0,Y,773.57,current,M,40,LOW,12.0,9,574.0,0,8.0
13688,5959,3137.0,6720.47,4882.5,16025.5,1068.08,153.0,1821.0,8.0,36,49,18,2,1,359000,1,1,1.0,1,102494.2,190887.4,583.0,3897.0,15625.0,87697.58,59.0,43,65290.0,14064.57,307741.0,5,8,5100.0,94292.9,117993.0,8,28,27878.0,Y,13709.2,current,M,35,MEDIUM,7.5,3,485.0,0,7.0
13689,9000,3935.0,36053.005,1974.0,991.45,5452.0,5179.0,25239.0,3.0,99,10,7,1,18,199999,1,1,1.0,1,120781.35,152664.0,1374.0,2351.0,31321.82,80581.66,18.0,29,38800.0,70870.78,34320.5,4,31,17445.0,41708.36,17536.0,1,18,4900.0,Y,3951.23,current,M,25,MEDIUM,0.5,5,535.0,1,15.0
13690,11973,6206.0,2718.0,4934.0,46341.0,2491.44,4711.75,5960.06,44.0,23,50,41,18,31,383000,1,1,1.0,1,23669.0,358480.64,28913.0,5730.0,85179.99,21112.91,55.0,2,10381.0,5671.82,70258.0,5,14,21728.0,28138.0,24920.08,2,42,18989.0,Y,9812.18,current,M,39,MEDIUM,17.1,3,958.0,0,2.0
13691,4056,3079.0,4515.0,423.0,1187.42,16144.76,21573.0,4368.74,6.0,65,35,4,20,8,391000,1,1,1.0,1,568.8,184514.0,300500.0,1014.0,31908.03,53773.0,4.0,7,3000000.0,72137.25,121084.37,35,38,46903.0,112919.69,70671.0,53,49,5655.0,Y,2574.92,current,M,222,MEDIUM,80.80000000000001,4,748.0,1,7.0
13692,16427,12077.0,3886.47,4692.66,2665.93,6872.0,465.0,525.0,2.0,18,44,30,12,1,581000,1,1,1.0,1,1215.0,376600.5,891.0,-5942.0,24123.23,300.38,46.0,1,14721.0,26863.5,20408.0,2,108,1307234.0,14747.16,22223.0,1,8,22573.0,Y,4745.14,saving,M,33,LOW,13.0,9,700.0,1,17.0
13693,11297,32296.0,3299.72,32366.0,44916.0,3240.0,1559.58,16532.0,5.0,8,32,3,6,17,302000,1,1,1.0,1,223000.0,15036.0,16215.0,-5439.0,210311.53,28450.37,18.0,0,27110.0,38731.64,3073.0,1,82,24357.0,7329.82,44530.0,58,63,58242.0,Y,428.3,current,M,66,MEDIUM,4.6000000000000005,1,446.0,0,5.0
13694,9513,208501.0,9574.0,2825.15,8436.52,14628.34,819.46,4544.0,26.0,71,46,4,4,47,169000,1,1,1.0,1,1215.0,15957.0,4000.0,12965.0,101695.0,80080.0,70.0,31,30010.0,29657.58,3210.67,1,6,24621.0,8635.5,20833.0,40,113,162271.0,Y,12.01,current,F,69,LOW,29.400000000000002,3,486.0,1,5.0
13695,5241,9368.0,16204.0,1974.0,8325.87,2323.37,3274.22,4103.19,7.0,23,4,2,51,98,443000,1,1,1.0,1,33784.35,35000.0,2214.0,10455.0,120940.37,46786.39,16.0,55,16854.0,75959.95,87474.1,8,11,23195.0,22460.97,29902.0,2,8,32230.0,Y,6127.45,current,F,63,LOW,30.1,6,686.0,0,8.0
13696,18777,14644.0,67183.18,6917.83,5149.59,1177.01,10409.0,11472.0,3.0,23,48,2,7,12,300000,1,1,1.0,1,102494.2,264658.43,11580.0,2921.0,128.25,22059.02,10.0,7,16446.0,1470576.68,46488.0,43,84,33176.0,181929.99,221603.53,3,57,28437.0,Y,5169.95,current,M,61,MEDIUM,41.0,5,805.0,0,12.0
13697,5577,6970.0,59076.57,3944.0,6102.84,1581.4,5352.895,7291.0,14.0,128,89,1,18,64,26000,1,1,1.0,1,42460.6091,17000.0,5540.0,5730.0,115426.25,90126.0,11.0,4,34208.0,2627.0,16104.0,2,7,20513.0,44255.62,851.0,21,52,16288.0,Y,2492.74,saving,M,53,HIGH,6.6000000000000005,8,922.0,1,10.0
13698,3299,141512.0,25874.0,435.0,2267.5,1705.0,5457.0,7987.0,7.0,7,60,7,4,54,450000,1,1,1.0,1,154363.25,460000.0,38599.0,0.0,31744.0,32564.0,90.0,2,18396.0,58524.75,36738.0,3,12,72661.0,32352.21,18153.0,47,12,58778.0,Y,2366.8,current,M,40,HIGH,2.0,9,516.0,1,17.0
13699,11626,141771.0,6454.0,1218.85,2305.8,656.67,6264.0,9307.0,53.0,1,74,2,2,56,579000,1,1,1.0,1,13732.93,79828.0,130000.0,5340.0,53675.25,30052.0,35.0,30,104981.0,38016.0,4014.0,0,82,16306.0,13477.0,43010.0,3,42,2450.0,Y,3185.01,current,F,32,LOW,12.0,5,233.0,1,7.0
13700,19617,3552.0,8434.89,2994.98,35356.0,4455.68,5045.5,2707.0,16.0,7,5,4,27,1,520000,1,1,1.0,1,54453.8,100934.0,6100.0,5340.0,30456.75,1172.0,42.0,1,26954.0,38710.5,67025.0,10,20,42568.0,33031.0,31520.0,2,11,1450.0,Y,1772.46,current,F,51,MEDIUM,6.2,2,395.0,1,3.0
13701,7335,14493.0,3798.965,25577.09,22717.23,20221.0,9548.41,1275.0,8.0,77,13,2,25,30,461000,1,1,1.0,1,139323.25,32714.0,230000.0,5773.0,20814.88,57562.0,82.0,0,33583.0,98489.0,86592.0,43,8,27658.0,16897.46,26451.0,8,104,164.13,Y,3032.48,current,M,42,MEDIUM,8.8,2,809.0,0,8.0
13702,10896,13228.0,619.0,1047.0,37722.29,2725.0,11726.0,16874.0,14.0,2,3,8,5,56,75000,1,1,1.0,1,2203.0,95081.0,8943.86,553.0,35932.95,121904.75,67.0,3,13454.0,95178.75,51782.0,42,8,82512.0,15352.49,88614.0,47,11,13705.0,Y,7490.14,current,M,47,MEDIUM,16.2,3,535.0,0,13.0
13703,12679,1930.0,7024.31,1780.5,9879.705,2218.73,25900.235,3225.98,6.0,93,5,2,1,2,371000,1,1,1.0,1,21511.8,70000.0,43798.0,1992.0,19042.0,90126.0,84.0,19,28097.0,270171.97,40810.0,3,6,41059.44,23220.14,106091.38,94,0,31574.0,Y,164.13,current,F,64,MEDIUM,8.8,2,748.0,0,8.0
13704,15279,12382.0,26621.0,516.0,22738.69,6927.0,28407.995,1449.0,1.0,3,50,26,1,10,45000,1,1,1.0,1,58928.67,158000.0,26241.0,5730.0,62261.09,79381.53,8.0,5,36390.0,12880.49,25134.0,1,4,13817.0,73813.5,96532.0,117,1,57748.0,Y,38442.24,current,M,27,MEDIUM,1.4000000000000001,6,523.0,0,17.0
13705,14782,10202.0,14918.5,9347.94,4860.0,6455.0,31128.0,492.0,8.0,4,23,2,60,1,47000,1,1,1.0,1,54453.8,31000.0,2214.0,2819.0,2358.04,90113.0,77.0,2,150.0,33002.65,35518.0,0,4,19616.0,26289.67,55310.5,2,35,45295.0,Y,2715.34,current,M,33,MEDIUM,5.2,9,353.0,1,7.0
13706,9839,16734.0,11747.54,2240.0,2866.57,31087.15,726.0,2861.0,16.0,10,60,57,51,55,393000,1,1,1.0,1,130319.0,237365.38,768.0,1444.0,48115.25,12535.0,87.0,14,25346.0,34024.67,38735.0,1,50,48686.0,133176.64,84244.0,6,79,64254.0,Y,6981.55,current,M,60,LOW,8.0,7,771.0,1,8.0
13707,8,132327.0,3901.0,779.45,3764.0,2663.0,15772.0,426.81,60.0,85,47,1,15,6,1000000,1,1,1.0,1,2984.1,340000.0,105000.0,-6885.0,351697.15,58282.0,24.0,3,15690.0,1165782.98,27083.24,1,42,8151.0,81121.5,35524.0,12,8,24603.0,Y,1280.0,saving,M,64,HIGH,35.2,10,958.0,1,7.0
13708,16659,12978.0,8084.0,8243.4,4897.58,1661.0,8581.29,1061.0,3.0,77,60,42,4,1,373000,1,1,1.0,1,111.4,385218.7,126001.0,1411.0,20777.13,85224.0,91.0,4,11670.0,32441.91,59274.5,1,59,28832.0,42274.0,44880.0,6,103,54110.0,Y,6283.1,current,F,66,LOW,13.8,4,823.0,1,14.0
13709,19393,10337.0,8025.49,2344.5,3715.845,4942.05,4019.375,2160.0,101.0,85,19,10,3,17,306000,1,1,1.0,1,117168.65,217074.0,20000.0,2351.0,57485.13,340555.0,62.0,2,21350.0,71457.79,5365.34,3,5,25621.0,1270.0,87303.29,36,49,14829.09,Y,4915.97,current,F,58,MEDIUM,38.0,3,354.0,1,12.0
13710,8076,18093.0,6426.5,142905.29,2397.85,6516.0,22060.07,2505.0,44.0,3,110,1,9,11,155000,1,1,1.0,1,8370.8,108145.0,800.0,1429.0,30335.25,48992.0,5.0,13,93880.0,74341.0,60059.0,1,171,19688.0,8422.0,27327.84,3,11,16746.0,Y,1424.24,current,M,47,MEDIUM,2.7,1,355.0,1,16.0
13711,19023,177093.0,6599.23,284.0,30658.45,12320.4,4080.0,811.0,43.0,1,3,24,37,47,383000,1,1,1.0,1,21511.8,60481.0,3850.0,1931.0,52117.69,57972.0,42.0,78,17363.0,37755.51,79264.31,50,78,32741.0,11855.55,21980.5,1,63,13842.0,Y,2353.85,current,M,25,MEDIUM,4.0,2,254.0,1,17.0
13712,2395,11785.0,1652.0,39073.76,2247.71,921.09,34489.0,108013.0,43.0,2,87,47,2,8,784000,1,1,1.0,1,111.4,157624.24,1052.0,6885.0,28853.75,50281.0,39.0,35,90207.0,23798.0,293.36,2,4,41283.0,47561.89,11574.0,62,12,39636.0,Y,8125.11,current,M,53,MEDIUM,6.6000000000000005,10,805.0,1,3.0
13713,17267,3573.0,12763.48,46614.0,15573.93,2512.0,7206.425,1574.0,16.0,66,49,3,12,2,494000,1,1,1.0,1,6.164,195088.0,641.0,-3506.17993,160956.21,45871.72,55.0,7,8560.33,118514.68,183836.76,0,108,18206.0,51799.75,22959.0,94,1,3684.0,Y,1210.4,current,F,32,LOW,6.0,9,643.0,1,16.0
13714,15544,14353.0,2943.0,1589.0,21099.42,1691.3,18820.15,3526.67,7.0,10,47,1,37,58,319000,1,1,1.0,1,47936.43,3.0,3570.0,173.0,62813.05,33983.0,40.0,0,44304.0,60754.0,29249.0,9,82,53581.0,94341.66,21786.0,2,49,18299.0,Y,6678.35,current,F,30,HIGH,9.0,9,684.0,0,9.0
13715,8675,16074.0,46999.0,9528.12,4430.0,979.0,3994.25,4191.0,1.0,10,4,10,1,2,267000,1,1,1.0,1,153410.0,82907.34,33330.0,2351.0,15433.0,20784.0,7.0,31,27934.0,5300.0,793523.0,3,8,118196.0,90950.53,176481.35,4,124,21976.0,Y,1430.32,current,M,66,MEDIUM,13.8,6,249.0,0,14.0
13716,1885,17314.0,10289.88,1290.0,8020.0,10976.0,428.0,4203.0,1.0,10,60,4,31,13,27000,1,1,1.0,1,684495.7,146793.0,12000.0,6613.0,93000.65,4226.91,11.0,13,12714.0,15297.88,60443.51,3,20,35818.0,32122.83,14078.0,4,6,44956.0,Y,116.53,current,M,37,MEDIUM,11.9,2,466.0,1,5.0
13717,7588,2870.0,7699.36,3897.72,16604.0,5331.24,5055.48,3390.0,44.0,85,112,24,15,47,17000,1,1,1.0,1,61186.36,633323.83,105000.0,0.0,125665.25,56747.25,7.0,28,24943.0,25282.5,47317.87,30,81,98066.0,38951.46,31647.0,40,22,17435.0,Y,2121.76,current,M,51,MEDIUM,3.1,5,799.0,1,10.0
13718,9253,8704.0,11603.98,36844.35,10971.49,44305.59,142675.38,24252.88,24.0,1,48,42,18,1,25000,1,1,1.0,1,41070.0,470000.0,10973.0,2921.0,108891.5,32480.37,57.0,2,111792.0,44886.04,27326.0,1,29,27645.0,89092.17,191260.0,3,40,33120.0,Y,237.96,current,M,35,LOW,15.0,2,968.0,1,13.0
13719,221,13863.0,27705.73,1700.9,11835.0,383.0,1386.02,1003.26,59.0,84,4,18,14,68,599000,1,1,1.0,1,937.0,83402.0,25524.0,844.0,29541.44,31627.5,12.0,14,50111.0,24577.23,74491.12,35,7,141361.0,18805.63,138312.0,117,12,26120.0,Y,8388.56,saving,M,60,MEDIUM,24.0,4,445.0,1,2.0
13720,6358,4990.0,20562.0,15469.0,2710.16,5314.0,14497.54,833.22,8.0,85,59,7,1,80,414000,1,1,1.0,1,9784.1,350000.0,96497.0,6441.0,124647.9,16280.0,32.0,36,69402.0,44298.5,83267.0,5,20,13646.0,39802.77,43206.5,14,32,53982.0,Y,3853.33,current,M,47,MEDIUM,10.8,10,626.0,0,13.0
13721,15778,15155.0,31311.0,11314.39,18494.19,5699.0,18207.22,1654.5,1.0,23,46,2,9,13,313000,1,1,1.0,1,34249.0,82907.34,230000.0,5773.0,9228.89,19017.0,59.0,29,389576.0,2785.57,20977.0,2,81,16225.0,57292.57,29656.0,21,32,47121.0,Y,31564.64,current,M,61,MEDIUM,32.800000000000004,3,950.0,0,6.0
13722,14785,35206.0,5396.79,2969.0,16028.0,4167.0,15615.38,523.0,1.0,26,135,4,6,79,660000,1,1,1.0,1,309795.13,16500.0,78309.0,5340.0,21804.75,47500.0,32.0,18,33916.0,18063.2,30309.0,3,81,31803.0,15719.0,18571.0,3,0,65571.5,Y,12224.82,current,M,27,MEDIUM,4.9,2,488.0,1,16.0
13723,13399,20280.0,16908.66,3899.0,3737.24,856.0,5878.765,1573.0,6.0,47,6,18,55,1,47000,1,1,1.0,1,46730.2,15395.48,631.0,1332.0,39198.34,78969.62,42.0,1,36342.0,21161.82,277.0,1,63,43679.0,129991.0,108604.59,14,79,14870.0,Y,17498.33,current,M,32,MEDIUM,3.6,9,966.0,0,14.0
13724,10267,7049.0,5671.74,5234.05,4611.8,26066.5,17950.5,355.24,24.0,18,19,4,5,1,391000,1,1,1.0,1,604365.0,350000.0,51520.0,6885.0,63457.42,1125.0,10.0,36,17994.0,3246.5,179513.0,70,108,12773.73,110804.8,137960.0,4,13,43934.8,Y,5785.14,current,M,40,MEDIUM,8.0,3,700.0,0,13.0
13725,17905,4646.0,36393.27,1119.0,3826.0,4161.0,1356.0,10529.0,7.0,27,46,5,14,1,17000,1,1,1.0,1,32805.0,25404.0,2156.0,-5942.0,62797.69,883052.0,46.0,1,32611.0,14361.0,24587.66,2,13,44334.0,64851.3,218253.0,7,17,43580.0,Y,11547.27,current,M,66,MEDIUM,27.6,10,445.0,1,10.0
13726,7572,5639.0,38021.04,790.0,5015.23,33392.85,2851.125,1361.1,29.0,1,47,12,9,39,255000,1,1,1.0,1,15279.79,182359.2,1526.0,6260.0,364388.25,36526.0,4.0,2,39235.0,36380.85,35518.0,35,8,17886.0,222598.14,19781.0,36,63,64305.0,Y,4388.67,current,F,37,MEDIUM,17.0,5,653.0,1,5.0
13727,4570,38585.0,30561.42,326.38,944.0,862.56,11059.5,801.0,6.0,7,135,1,4,16,301000,1,1,1.0,1,510.6,95081.0,1630.0,-12179.0,32747.95,113226.11,2.0,19,20026.0,14884.75,32458.09,30,63,44961.0,88649.21,35135.0,4,10,22168.0,Y,568.48,current,M,36,LOW,4.800000000000001,10,802.0,1,3.0
13728,11856,18475.0,3042.0,1421.0,13953.45,10000.33,2622.21,2027.0,18.0,6,3,25,4,75,290000,1,1,1.0,1,6100.0,52000.0,11379.0,4889.0,43942.0,4238.0,91.0,17,145892.0,45869.85,70092.0,4,20,73100.0,104559.25,106766.0,3,76,36612.0,Y,9144.14,current,M,33,MEDIUM,6.5,9,887.0,1,9.0
13729,13153,6192.0,4611.0,1491.79,33857.83,4781.84,8612.0,389.0,14.0,10,4,1,2,37,371000,1,1,1.0,1,204585.76,74599.9,25524.0,173.0,112678.93,26242.0,42.0,26,37067.14,100929.07,65286.0,11,108,26801.0,114358.87,86659.0,1,0,35108.0,Y,2027.41,current,F,118,MEDIUM,68.60000000000001,5,924.0,1,18.0
13730,6949,10213.0,2752.59,14654.2,675.86,6490.08,2170.13,1372.55,3.0,46,14,60,23,16,423000,1,1,1.0,1,89294.6,409168.15,8060.0,5773.0,77512.81,59683.0,43.0,3,23597.0,30871.1,133533.46,4,14,28206.0,49030.11,25001.0,3,18,18976.0,Y,4438.43,current,M,46,MEDIUM,15.600000000000001,10,254.0,0,14.0
13731,8833,2242.0,3443.24,1811.06,21194.0,15598.0,2714.0,2138.0,12.0,128,6,20,25,54,453000,1,1,1.0,1,10562.45,221000.0,925.0,903.0,127969.38,10870.0,11.0,0,30743.0,22611.05,29170.61,6,12,27231.0,49748.84,8085.0,2,12,29502.0,Y,3052.03,saving,F,66,MEDIUM,46.0,1,355.0,0,14.0
13732,9322,19902.0,2944.465,761.24,11846.0,1202.0,12792.0,1616.0,3.0,67,6,1,3,9,402000,1,1,1.0,1,8209320.0,440000.0,1001.0,2008.0,21090.0,935161.0,52.0,4,126063.0,12406.38,22566.0,0,13,23791.0,16436.23,62788.36,9,72,123997.0,Y,8275.32,current,M,35,MEDIUM,3.0,8,247.0,1,2.0
13733,13408,18195.0,17223.48,3491.0,16932.98,2598.0,8912.0,70.0,31.0,10,7,10,2,4,510000,1,1,1.0,1,9624.6,76365.24,2019.0,1465.0,44012.65,1750.0,4.0,2,34478.0,62743.19,21388.0,70,20,45065.0,76127.16,90076.0,7,76,124800.0,Y,2749.26,current,M,35,MEDIUM,12.0,5,743.0,0,15.0
13734,7617,6010.0,1007.0,7172.0,50171.75,2354.25,4516.68,737.0,7.0,60,82,5,1,64,378000,1,1,1.0,1,237823.88,98110.0,1036.0,12174.0,30004.0,100235.95,11.0,3,69000.0,3384.5,84289.0,3,67,35818.0,132681.72,311171.2,6,6,72162.0,Y,402.08,current,M,53,HIGH,3.3000000000000003,2,424.0,1,15.0
13735,5455,2654.0,127684.38,598.0,11223.88,2839.99,11720.89,3188.5,57.0,23,35,2,4,5,375000,1,1,1.0,1,32877.41,48087.25,36114.0,6916.0,60874.45,30849.0,24.0,6,83569.0,145576.5,25907.92,1,82,38989.0,204167.18,41843.0,36,106,30371.0,Y,3715.9,current,M,58,LOW,3.8000000000000003,1,908.0,1,18.0
13736,12929,3213.0,40948.89,13678.07,772.22,5352.67,4796.11,908.0,531.0,85,49,3,6,98,326000,1,1,1.0,1,58928.67,234459.4,25524.0,5439.0,47005.99,39982.0,10.0,1,21087.0,19207.96,7162.0,2,63,38955.0,123738.0,21772.0,94,3,13777.0,Y,18992.62,current,F,33,MEDIUM,6.5,9,653.0,1,20.0
13737,15623,15050.0,22346.21,3043.0,26505.0,901.0,13162.0,13421.77,1.0,56,47,1,55,3,143000,1,1,1.0,1,4323.0,1372927.14,8417.0,-5942.0,23724.25,123452.0,42.0,13,4053.0,27725.25,58684.0,9,12,23693.0,34755.45,118418.0,49,104,556000.0,Y,43172.66,current,M,44,MEDIUM,19.200000000000003,2,537.0,1,13.0
13738,7994,8445.0,6218.0,1104.8,4706.33,37591.0,12045.29,23629.3,26.0,37,9,20,7,11,13000,1,1,1.0,1,115.45,470000.0,6100.0,418.0,40869.86,12520.41,20.0,1,41566.0,32436.05,58152.0,19,20,108053.0,43783.27,47285.5,14,11,37750.49,Y,16916.07,current,M,60,LOW,36.0,3,254.0,0,9.0
13739,6448,9386.0,6454.0,3527.97,18297.99,10496.83,15429.47,7792.91,24.0,4,9,23,18,2,552000,1,1,1.0,1,12850544.36,296170.08,78309.0,1444.0,32134.31,83642.0,4.0,4,64923.0,63166.28,33320.63,3,12,28118.0,13995.0,35319.0,49,38,47934.0,Y,43126.64,current,F,42,MEDIUM,13.200000000000001,1,796.0,1,12.0
13740,12404,207859.0,6423.32,24877.0,27952.87,6539.0,1978.41,792.0,1.0,128,3,1,4,98,375000,1,1,1.0,1,322.02,31000.0,230000.0,2351.0,4194.9,64133.0,5.0,15,20056.0,7750.75,109081.5,17,11,29080.0,128646.25,199758.0,94,104,51772.0,Y,2222.61,current,M,46,LOW,10.4,9,805.0,1,10.0
13741,6573,168626.0,16657.5,7708.0,234679.55,2930.68,7434.255,2507.4,44.0,77,35,18,1,47,225000,1,1,1.0,1,46730.2,64491.0,50000.0,6613.0,76103.86,45515.0,35.0,1,120500.0,9539.5,26069.0,9,82,300801.0,143935.96,6975.0,5,83,32157.0,Y,2236.24,current,M,49,MEDIUM,26.1,3,882.0,1,20.0
13742,12861,2172.0,3699.94,12764.0,2456.15,13229.38,8676.0,2020.0,7.0,10,82,1,1,4,240000,1,1,1.0,1,137260.8,399.09,9570.0,-6885.0,143108.67,48670.48,20.0,2,34018.0,53470.0,7685.0,45,75,30413.0,23383.63,400787.0,2,80,30468.0,Y,1680.63,current,F,42,HIGH,2.2,8,505.0,1,6.0
13743,13767,1263.0,5455.39,512.49,1749.0,5715.0,968.0,1101.14,57.0,10,50,1,56,98,329000,1,1,1.0,1,3575.5,24703.0,67696.0,553.0,41363.51,20501.0,42.0,15,24193.0,6791.88,402339.0,3,20,28624.0,14635.14,28984.0,13,104,61500.0,Y,11547.27,current,M,38,MEDIUM,16.2,10,503.0,1,5.0
13744,4492,11600.0,6991.0,20432.78,2852.44,12366.0,3949.675,2686.38,8.0,23,47,10,2,10,16000,1,1,1.0,1,77855.0,11897.0,28913.0,0.0,21179.76,29275.0,52.0,4,19392.0,20694.0,16639.0,2,20,107738.0,43894.49,71012.0,3,24,16301.0,Y,1099.81,current,M,40,MEDIUM,2.0,2,801.0,1,19.0
13745,8751,13700.0,4286.86,8591.0,249.0,15250.81,4804.9,1247.43,53.0,1,4,7,25,80,47000,1,1,1.0,1,10535967.5,205032.06,1273.0,167.0,16244.0,65191.0,67.0,7,37542.0,64284.17,52784.0,7,13,65827.0,10434.0,27205.0,2,12,8999.0,Y,5874.26,current,M,27,MEDIUM,7.0,7,503.0,0,14.0
13746,2490,19505.0,1268.8,938.55,15290.52,9117.48,12679.5,3433.0,31.0,93,50,1,5,47,352000,1,1,1.0,1,126303.7,152664.0,6738.0,-4664.0,30868.91,25532.0,4.0,13,38795.0,3931.0,124261.0,6,20,87753.0,11438.52,51233.0,7,100,24269.0,Y,9064.39,current,F,40,HIGH,2.0,6,882.0,1,18.0
13747,10988,19925.0,44687.39,539.0,2647.9,15202.0,57192.56,3649.0,12.0,7,3,50,44,1,483000,1,1,1.0,1,331.2,273221.0,583.0,6613.0,54593.8,40359.38,36.0,26,47964.0,125089.0,161515.0,8,70,67363.54,34502.03,30286.78,5,58,33412.0,Y,3020.19,current,M,49,MEDIUM,17.400000000000002,2,860.0,0,13.0
13748,397,7939.0,2891.0,15885.41,5551.0,3037.88,4673.48,12131.47,6.0,3,13,3,1,47,670000,1,1,1.0,1,9649.6,446457.0,12000.0,5773.0,92428.18,36088.5,63.0,13,134400.0,48946.0,51072.91,50,108,18116.0,33469.36,47357.0,3,63,25071.0,Y,1552.29,current,M,67,LOW,37.6,6,594.0,1,6.0
13749,16477,14366.0,1860.0,7082.0,2063.08,1667.0,3794.795,1361.1,29.0,50,44,17,18,7,167000,1,1,1.0,1,65887.8,1543.85,539.0,5340.0,11162.97,48453.0,5.0,19,19320.0,68374.1,38450.0,1,8,39897.0,6721.12,125663.0,13,106,55861.0,Y,412.92,current,M,62,MEDIUM,37.800000000000004,7,274.0,1,11.0
13750,19876,3263.0,10588.86,2826.0,16412.57,4062.0,9140.5,4544.0,1.0,9,59,30,14,17,302000,1,1,1.0,1,124929.75,11982.0,4198.0,5730.0,20423.95,28651.0,4.0,3,23317.0,190012.61,16321.0,9,40,39549.0,107924.05,645105.75,47,18,28150.0,Y,747.23,current,M,36,LOW,9.600000000000001,1,244.0,1,12.0
13751,1343,11317.0,25025.5,6319.0,27578.6,354.0,547.02,7259.0,19.0,7,20,52,1,44,199999,1,1,1.0,1,3950.0,45000.0,4699.0,-6885.0,31707.61,44509.0,46.0,5,62487.0,21794.27,50350.0,3,5,169327.0,15426.59,31624.0,6,42,15780.0,Y,2091.8,saving,M,118,LOW,68.60000000000001,1,258.0,1,16.0
13752,17339,11767.0,5047.28,1535.0,18809.26,2053.89,2518.2,2486.2,14.0,85,18,5,3,13,408000,1,1,1.0,1,124929.75,13299.0,639.0,35346.0,663.25,113.0,46.0,0,160060.0,24073.63,31057.0,11,23,81000.0,12076.0,19609.0,6,3,20479.0,Y,3196.7,current,M,44,MEDIUM,21.6,2,958.0,1,17.0
13753,9713,16044.0,5374.37,19561.36,1281.0,13567.45,7327.43,956.0,100.0,15,14,24,2,11,44000,1,1,1.0,1,3549.85,159308.0,25000.0,20324.0,25084.25,95004.0,39.0,3,9752.0,32996.68,65262.62,9,59,22066.0,865.0,131443.0,12,13,31638.0,Y,6329.71,current,M,47,MEDIUM,13.5,2,249.0,1,17.0
13754,6307,124299.0,20913.0,1289.0,30706.93,2520.0,3040.41,7183.0,6.0,3,135,25,55,1,199999,1,1,1.0,1,309795.13,12257.0,69493.0,8572.0,30145.88,19245.0,32.0,7,33066.0,9333.64,135492.0,1,20,39897.0,297922.7,179347.18,21,106,50651.0,Y,1052.45,current,F,35,HIGH,7.5,4,330.0,1,15.0
13755,2172,19348.0,14351.79,1645.55,1110.0,126.0,10217.97,6767.2,19.0,66,11,7,1,17,17000,1,1,1.0,1,39851.93,190887.4,527.0,0.0,5064.0,44997.0,147.0,4,34620.0,44741.41,5325.86,2,6,121000.0,40377.0,64141.0,21,13,35408.95,Y,875.19,current,M,33,MEDIUM,10.4,10,537.0,1,14.0
13756,13346,19423.0,6096.76,3238.0,21012.21,3384.01,2494.0,21126.0,4.0,71,64,1,55,41,17000,1,1,1.0,1,101891.25,1024477.47,927.0,1444.0,110356.67,95637.5,52.0,7,14375.0,82652.04,69787.86,2,8,44193.0,30431.0,94679.0,4,24,34345.0,Y,1169.34,current,M,66,LOW,41.400000000000006,8,454.0,0,8.0
13757,12608,318177.0,13601.37,921.0,7830.0,13210.76,1517.0,4177.0,531.0,10,50,2,3,54,59000,1,1,1.0,1,46962.5,117890.0,3000.0,1522.0,76366.98,273067.0,20.0,4,107644.0,135471.53,212735.0,43,46,19560.0,132681.72,57308.0,12,18,22863.0,Y,26734.35,current,M,55,MEDIUM,21.0,8,516.0,1,7.0
13758,14699,219850.0,47940.4,814.0,9129.74,1600.68,30698.0,14433.0,26.0,5,16,2,12,42,170000,1,1,1.0,1,61186.36,245000.0,1266.0,19765.0,144054.0,186337.0,7.0,1,48134.0,235852.87,119561.13,2,81,74397.0,43659.07,14426.0,28,12,1999.22,Y,18178.74,current,F,46,LOW,26.0,4,372.0,1,2.0
13759,7520,19986.0,5411.38,2651.33,23806.0,5116.0,2367.8,60863.0,2.0,23,13,22,1,1,19000,1,1,1.0,1,1488748.8,202560.0,51520.0,1500.0,165363.2,20269.0,10.0,2,96352.0,37216.5,1956054.61,1,20,41590.0,77119.57,23800.0,6,104,155924.0,Y,3924.56,current,F,32,LOW,1.2000000000000002,2,723.0,1,15.0
13760,7198,4929.0,1860.0,3421.0,16617.96,1278.6,10829.0,25862.28,1.0,8,64,48,2,3,599000,1,1,1.0,1,510.6,64309.52,768.0,1992.0,45144.0,305978.0,11.0,6,66994.0,62109.42,150277.38,0,108,36103.0,71908.55,2818.0,11,12,46343.0,Y,708.97,saving,M,46,MEDIUM,20.8,7,809.0,1,19.0
13761,11633,19135.0,31492.04,3639.16,2714.5,1684.1,9761.0,4342.0,531.0,3,50,3,3,8,286000,1,1,1.0,1,2533020.0,93.35,73217.0,14509.0,104417.54,43675.0,91.0,3,32422.0,42626.14,189586.0,7,20,9909.0,23383.63,33025.29,8,8,76902.0,Y,18502.92,current,M,61,LOW,41.0,2,628.0,1,15.0
13762,17464,1936.0,900.54,7370.02,24689.5,11450.32,18447.5,199.0,7.0,16,27,1,60,1,141000,1,1,1.0,1,4731.1,106398.0,16114.0,5773.0,126.02,78242.0,42.0,35,18071.0,14361.0,249418.41,0,44,31078.0,508553.07,7496.0,36,18,48122.0,Y,6937.62,current,M,35,MEDIUM,15.0,6,640.0,1,5.0
13763,9489,6660.0,45910.02,38290.5,2706.86,2018.0,21368.875,1113.0,1.0,71,4,6,1,54,49999,1,1,1.0,1,95.0,26884.0,3975.0,1500.0,189583.71,118594.29,62.0,5,14927.0,30345.0,86531.0,9,8,89903.0,27837.14,42182.0,5,103,31946.0,Y,68.57,saving,F,46,MEDIUM,13.0,9,713.0,1,18.0
13764,17559,286754.0,3427.67,2602.0,6639.0,14467.0,3387.365,891.0,5.0,10,89,24,1,1,156000,1,1,1.0,1,331.2,1024477.47,12337.0,6613.0,18517.0,40608.0,35.0,17,28008.18,244809.56,250284.86,2,78,24410.0,90979.76,42894.0,6,80,17860.0,Y,14468.87,current,F,62,MEDIUM,8.4,5,966.0,1,17.0
13765,10773,15044.0,8096.08,4700.0,9288.41,22629.15,3565.0,11199.28,1.0,22,71,30,2,4,286000,1,1,1.0,1,37916.0,470000.0,12000.0,5439.0,6091.25,68781.06,89.0,1,36721.0,343921.75,25606.0,5,63,44617.17,62365.07,17730.5,47,50,541355.0,Y,7734.92,current,M,58,MEDIUM,26.6,5,519.0,1,5.0
13766,11327,11600.0,7317.13,5378.0,8223.0,25584.0,2049.68,52104.09,101.0,4,135,2,27,41,520000,1,1,1.0,1,942327.7,200926.0,30011.0,12174.0,23348.79,431381.0,52.0,1,21083.0,20294.0,46582.0,43,49,12323.0,74058.96,27878.98,2,18,32717.0,Y,1215.0,current,M,219,LOW,119.4,1,628.0,1,17.0
13767,4575,13591.0,65368.0,3523.77,1529.0,656.67,5998.0,868.5,6.0,23,4,5,2,1,167000,1,1,1.0,1,13180.0,35000.0,26241.0,6885.0,2293.0,144107.0,36.0,35,70687.0,38940.9,13634.5,35,82,6546.66,462622.16,1522749.68,6,0,29735.0,Y,5038.19,current,M,42,MEDIUM,22.0,8,508.0,0,2.0
13768,3456,8799.0,10480.72,2433.76,13512.8,30044.0,17297.0,14864.17,7.0,2,27,4,62,8,157000,1,1,1.0,1,526.25,54243.0,891.0,-5715.49022999999,81447.84,41549.0,42.0,4,40117.0,33443.24,90276.0,1,8,33038.0,33024.95,69191.43,6,65,22850.0,Y,10999.73,current,M,58,LOW,34.2,10,386.0,1,13.0
13769,16380,3582.0,87142.0,1842.0,14557.06,5647.0,4935.565,1956.0,3.0,3,79,35,2,39,153000,1,1,1.0,1,270.0,110135.86,24251.0,-5439.0,40194.15,9082.0,29.0,19,23188.0,48689.95,52715.0,4,20,34924.0,29071.76,59686.75,4,103,50252.0,Y,3332.59,current,M,37,MEDIUM,3.4000000000000004,4,867.0,1,2.0
13770,5093,18983.0,29223.2,3079.55,5903.93,1647.0,6725.75,7175.58,44.0,1,6,7,5,80,350000,1,1,1.0,1,568.8,38928.0,13533.0,20513.0,46.25,396435.0,46.0,2,125461.0,44195.13,150516.0,3,8,18702.0,98438.73,62940.0,62,124,18013.0,Y,1281.23,current,M,39,MEDIUM,19.0,8,796.0,1,20.0
13771,16225,19348.0,2280.0,3548.0,15251.98,5245.0,547.02,5258.0,1.0,66,67,42,3,98,293000,1,1,1.0,1,9255.43,409168.15,18389.0,6409.0,21854.25,25727.0,35.0,1,53742.0,23051.77,17039.8,3,20,39351.0,51619.25,54063.0,5,18,43361.0,Y,210.37,current,M,53,HIGH,26.400000000000002,4,314.0,1,18.0
13772,3500,89543.0,10412.45,5486.0,25181.42,6284.0,1843.91,3891.73,66.0,77,23,7,2,70,20000,1,1,1.0,1,5215.0,280000.0,731.0,-5439.0,61869.5,36088.5,36.0,5,26702.0,25841.02,22645.0,4,78,72011.0,128169.35,162805.0,10,83,25343.0,Y,5574.32,current,M,30,MEDIUM,9.0,6,554.0,1,3.0
13773,1624,9574.0,8213.46,1493.0,15297.0,5563.0,3470.0,8007.0,14.0,47,23,1,2,8,193730,1,1,1.0,1,130319.0,64491.0,3570.0,13135.0,40288.0,12305.0,59.0,4,28427.0,50279.0,22551.5,0,77,18352.0,81000.0,18097.37,3,22,23520.0,Y,10384.6,current,F,29,LOW,7.2,7,505.0,1,16.0
13774,413,13096.0,5360.0,10258.0,5869.5,6455.95,714.6,801.0,14.0,77,84,7,3,44,190000,1,1,1.0,1,1664.4,3.0,971.0,8572.0,38376.73,70316.5,91.0,1,48782.0,6003.29,23124.0,1,20,468.0,45155.29,21326.0,3,79,382155.0,Y,8532.88,current,M,30,LOW,7.0,5,537.0,1,3.0
13775,19497,3900.0,6286.1,555.0,15923.0,420.0,4639.75,1576.99,6.0,10,13,24,12,13,232000,1,1,1.0,1,160.2,77000.0,155205.0,2351.0,105667.43,53925.0,87.0,4,12815.0,28894.95,115688.98,0,29,20083.0,38805.74,14675.0,36,12,26083.0,Y,3850.84,current,M,32,LOW,1.2000000000000002,1,882.0,0,19.0
13776,7495,11704.0,29405.13,13829.0,7925.84,118.0,45963.8,2745.0,10.0,30,10,62,15,7,402000,1,1,1.0,1,365855.6,108145.0,3975.0,-6885.0,28969.05,241463.96,147.0,5,86227.0,16993.8,39573.0,7,23,42568.0,49704.28,102257.0,7,133,60165.0,Y,4288.13,current,M,44,MEDIUM,2.4000000000000004,1,536.0,1,2.0
13777,18679,2213.0,16311.11,20743.0,8659.5,3738.0,12617.105,3751.7,5.0,56,3,52,31,79,845000,1,1,1.0,1,89908.8,16000.0,24250.0,8723.0,225030.04,135938.78,103.0,7,10766.0,102087.88,15301.73,9,82,41590.0,32445.45,18160.93,2,120,689.0,Y,38345.69,current,M,66,MEDIUM,27.6,8,867.0,0,3.0
13778,15881,19706.0,2618.0,16779.0,14809.48,16060.0,1331.85,2829.0,56.0,10,38,44,2,98,378000,1,1,1.0,1,127004.3,253000.0,787.0,1411.0,21028.25,44530.0,1.0,19,178068.0,23001.0,65185.0,3,20,690.0,59809.5,14154.5,4,24,272016.0,Y,7449.8,current,M,69,LOW,39.2,8,762.0,1,11.0
13779,12795,15339.0,41103.68,3111.0,39175.48,3431.35,3494.0,5669.0,10.0,1,72,24,9,18,461000,1,1,1.0,1,33784.35,267421.4,891.0,12965.0,40129.75,36554.0,5.0,7,108745.0,24332.92,34555.0,3,81,31581.0,27262.77,1410.0,10,21,73787.0,Y,3518.62,current,M,47,MEDIUM,16.2,7,653.0,1,7.0
13780,18978,16519.0,14250.35,4398.5,11964.0,22260.0,9920.0,15479.0,6.0,66,4,1,2,2,202500,1,1,1.0,1,685580.0,229809.2,30071.0,5730.0,112068.99,7759.0,52.0,2,30051.0,282693.12,100950.0,3,7,45933.0,18472.39,11203.0,58,106,32925.0,Y,5805.75,current,F,30,HIGH,5.0,3,887.0,0,5.0
13781,9296,392142.0,29335.2,1370.0,52798.0,3037.88,3728.0,3070.0,67.0,37,50,39,18,79,199999,1,1,1.0,1,10006.2,200015.58,49975.0,-6301.0,36160.0,37330.0,11.0,6,152000.0,58976.08,2242.86,9,8,42741.0,19070.12,50435.0,5,32,78.0,Y,20854.75,current,M,32,MEDIUM,1.2000000000000002,2,866.0,1,11.0
13782,19813,3293.0,5957.69,2878.0,30335.37,847.0,3570.69,3410.73,50.0,5,14,2,6,34,39000,1,1,1.0,1,7304.75,95081.0,3570.0,9415.0,166542.83,56523.0,62.0,36,65144.0,75368.08,271233.5,2,81,11654.0,43193.4,43733.0,117,10,329.0,Y,30784.04,current,M,60,MEDIUM,32.0,3,249.0,1,3.0
13783,2436,12940.0,13622.92,7912.0,2880.0,4329.0,64332.0,609.2,5.0,84,49,51,3,98,199999,1,1,1.0,1,1112.4,28000.0,5797.0,167.0,526.0,110692.0,103.0,3,1049.0,10562.0,35948.0,1,77,30672.0,76261.24,30335.0,4,79,39321.09,Y,10967.4,current,M,35,LOW,1.5,10,685.0,0,20.0
13784,15995,17245.0,6446.0,11335.3,5205.0,4474.66,8028.0,3531.0,8.0,23,16,3,55,68,329000,1,1,1.0,1,13643.8,17000.0,50000.0,-4664.0,110438.93,11791.0,11.0,35,23710.0,8445.62,30240.0,1,6,17405.0,109632.43,71881.0,2,7,54979.0,Y,4374.6,saving,M,37,MEDIUM,10.200000000000001,2,258.0,1,20.0
13785,4323,1761.0,19385.43,460.63,913.6,4438.68,14942.11,1955.0,1.0,85,89,3,3,62,147000,1,1,1.0,1,40822.5,1187335.5,22000.0,-5998.43994,20052.68,113218.0,42.0,36,32207.0,49856.3,15929.0,3,25,24566.0,38326.87,12732.0,40,12,989.0,Y,2222.61,current,M,47,LOW,2.7,10,503.0,1,5.0
13786,14698,19049.0,40665.0,2530.0,12524.1,2523.96,5712.56,2123.0,12.0,23,50,11,2,3,267000,1,1,1.0,1,47.35,148150.33,50000.0,5464.0,105113.39,116491.0,0.0,1,16835.0,12752.0,87029.0,3,50,31740.0,192420.5,31688.0,3,1,12.0,Y,2222.58,saving,M,60,MEDIUM,36.0,6,614.0,1,10.0
13787,11228,14952.0,5241.76,7082.0,12647.5,521.92,40716.03,7274.52,19.0,26,4,3,9,2,351000,1,1,1.0,1,319201.67,200926.0,2156.0,5730.0,125818.3,55120.0,42.0,0,14413.0,22566.27,65059.0,70,4,94170.0,43473.48,29280.0,7,11,44400.0,Y,3208.09,current,M,53,LOW,9.9,5,536.0,1,4.0
13788,12304,345491.0,14058.86,4157.0,6484.0,362.59,13134.34,8925.2,3.0,7,71,2,12,7,198000,1,1,1.0,1,48422.7,159308.0,2214.0,5350.0,35593.25,44389.0,0.0,26,24579.0,9485.84,118141.5,4,17,127742.0,24655.47,244008.0,10,21,8167.0,Y,518.98,current,M,33,LOW,7.800000000000001,3,245.0,1,2.0
13789,1430,214121.0,7090.39,587.0,10626.92,2094.22,1822.0,1109.58,7.0,71,653,1,2,2,74100,1,1,1.0,1,170590.75,71256.0,2156.0,1444.0,50440.75,46933.0,16.0,36,57474.0,110499.93,46657.17,1,44,9265.0,45662.61,52636.0,94,80,27120.0,Y,257.17,current,M,61,LOW,12.3,6,574.0,1,17.0
13790,18072,12118.0,4920.6,9902.0,4968.92,4455.68,3852.0,310.0,7.0,26,2,42,24,3,461000,1,1,1.0,1,34443.0,110135.86,594.0,844.0,89665.66,89322.0,11.0,25,36827.0,15476.01,41807.9,0,82,24810.0,71359.11,31724.0,1,12,51624.0,Y,9376.39,current,M,49,MEDIUM,29.0,2,957.0,0,5.0
13791,7206,15348.0,8056.16,8670.65,10499.08,3344.26,7028.0,2076.0,4.0,13,5,2,62,47,471000,1,1,1.0,1,516.8,61022.63,610000.0,1429.0,96977.47,12673.0,55.0,6,46598.0,6970.06,25207.0,50,44,249900.0,78402.29,45815.06,12,42,8100.0,Y,15169.16,saving,M,53,MEDIUM,26.400000000000002,7,969.0,1,4.0
13792,2428,176816.0,25453.2,2080.0,29702.5,2223.05,8376.52,3867.6,10.0,22,47,48,31,98,232000,1,1,1.0,1,60800.0,5729.0,98472.0,8572.0,1116.89,202476.0,84.0,3,17175.0,9087.28,34202.0,2,29,19930.0,34542.0,99948.0,94,14,5835.0,Y,1637.15,current,M,55,LOW,24.5,5,965.0,1,2.0
13793,10854,2028.0,2643.87,498.0,1383.84,425.0,14977.0,7911.32,100.0,6,67,1,24,98,27000,1,1,1.0,1,186189.0,85300.0,15477.0,1089.0,20177.15,24481.78,42.0,13,81930.0,92575.66,78500.5,6,23,53510.88,50552.0,120114.09,7,120,1731.0,Y,686539.12,current,M,66,MEDIUM,41.400000000000006,1,233.0,1,16.0
13794,1761,11656.0,2807.42,3538.0,11259.51,5528.0,14964.0,823.0,53.0,99,87,1,55,16,290000,1,1,1.0,1,117680.0,79828.0,891.0,6613.0,96795.03,3678.0,10.0,7,16363.0,1673.5,305082.0,3,12,46895.0,77125.58,64331.45,49,106,37550.0,Y,824.26,saving,M,47,MEDIUM,13.5,3,370.0,1,7.0
13795,13023,14773.0,3035.22,6946.01,3619.1,2174.0,3772.0,3011.52,32.0,6,35,62,1,1,581000,1,1,1.0,1,97043.6,60000.0,24619.0,14509.0,36601.44,152532.0,39.0,5,60364.0,1280.15,116846.0,3,50,44834.79,123493.93,158782.51,21,3,52380.0,Y,95915.73,saving,M,64,MEDIUM,35.2,3,582.0,0,17.0
13796,8737,21438.0,32892.96,4686.0,2711.5,2553.28,247.0,7911.32,12.0,16,50,1,3,6,784000,1,1,1.0,1,158135.2,376694.91,54101.0,-4664.0,38423.37,5234.0,84.0,1,2928.0,1374.9,107249.08,8,16,99440.0,17086.09,16928.0,12,42,57196.0,Y,1052.47,saving,M,37,LOW,17.0,10,653.0,1,20.0
13797,16302,1310.0,10167.4,4622.03,25672.57,2980.59,239452.29,1292.95,8.0,1,27,10,2,56,47000,1,1,1.0,1,417.0,12971.0,6100.0,-12179.0,24799.38,33396.5,10.0,9,109000.0,48234.81,88989.0,3,75,35257.0,14747.16,22754.0,7,50,39647.0,Y,91.4,current,F,53,MEDIUM,6.6000000000000005,1,864.0,0,18.0
13798,12092,15312.0,8994.92,9089.0,1442.53,1408.0,534.0,3328.34,19.0,81,50,2,48,44,373000,1,1,1.0,1,4120.0,462000.0,50000.0,-5715.49022999999,57339.59,349.28,36.0,36,23287.0,55159.4,20120.0,9,108,71603.59,36134.0,24002.0,42,63,490875.0,Y,10245.86,current,M,30,MEDIUM,5.0,6,519.0,1,6.0
13799,17422,303888.0,4905.3,4093.0,8819.0,124.0,4639.75,80.37,63.0,2,10,7,2,3,366000,1,1,1.0,1,249060.0,5351.0,183999.0,-12179.0,25309.0,201628.0,4.0,1,63728.0,91651.0,66983.02,31,11,43853.0,72369.41,1912.85,4,3,15885.0,Y,243.95,current,M,53,MEDIUM,23.1,3,708.0,1,13.0
13800,1242,4867.0,5706.67,5061.0,1082.52,2143.1,3545.68,1171.0,2.0,15,1,1,3,34,272000,1,1,1.0,1,98543.96,39833.19,1611.0,5730.0,939.75,20294.0,11.0,4,17663.0,206021.0,68093.12,3,82,33404.0,96989.67,15270.03,94,63,29482.0,Y,8978.61,saving,M,28,MEDIUM,6.4,3,809.0,1,17.0
13801,5750,19786.0,6606.89,5494.48,1487.35,54646.02,16393.6,36829.94,4.0,10,20,20,6,39,49999,1,1,1.0,1,48422.7,234459.4,78309.0,1500.0,49973.66,344187.0,9.0,36,95545.0,9266.5,189549.0,43,82,14099.0,56352.92,366.96,58,32,66.0,Y,10003.87,saving,M,35,MEDIUM,4.5,9,686.0,1,11.0
13802,7211,19913.0,1817.0,457.0,6958.12,8244.8,4101.71,197.0,26.0,3,71,48,6,2,306000,1,1,1.0,1,903003.0,138475.4,583.0,5773.0,35097.48,75297.0,11.0,3,147172.0,35816.03,40268.0,1,28,10326.0,129910.0,32291.0,47,65,15398.0,Y,1052.45,current,M,33,MEDIUM,9.1,9,968.0,0,17.0
13803,12121,5676.0,5104.69,475.0,21611.75,941.68,18080.0,10569.0,12.0,34,49,7,5,80,124000,1,1,1.0,1,138272.2,150000.0,8060.0,0.0,11686.52,27876.23,18.0,4,22678.0,391109.2,188474.71,4,29,25049.0,7159.9,483136.43,94,106,41868.5,Y,3062.23,current,M,30,MEDIUM,8.0,5,858.0,0,8.0
13804,14216,9465.0,2472.0,1838.0,5536.63,12486.47,14040.4,2384.7,19.0,26,2,44,1,17,335000,1,1,1.0,1,4230125.0,162288.3,2130.0,0.0,333929.89,97561.89,4.0,7,38419.0,37824.82,21829.0,43,5,23069.0,36134.0,16472.5,49,73,47462.0,Y,1680.63,current,M,30,LOW,3.0,4,620.0,1,14.0
13805,3077,6459.0,23779.73,18294.16,2874.4,14033.05,1273.0,10529.0,6.0,23,84,24,3,98,272000,1,1,1.0,1,3950.0,7194.0,4895.0,-5439.0,157826.16,37578.0,24.0,35,63878.0,27942.0,26436.68,47,50,23770.0,32653.62,66602.49,1,7,174206.0,Y,9771.18,current,M,34,MEDIUM,7.0,3,537.0,1,14.0
13806,6644,215690.0,1235.0,42350.9,74533.07,1018.77,7674.0,946.0,2.0,37,135,8,2,31,369000,1,1,1.0,1,0.35,108145.0,565.0,2351.0,12602.25,87251.0,90.0,36,106527.0,46352.0,52247.0,2,8,184626.66,27325.63,58949.04,3,32,19754.0,Y,7607.69,current,F,28,MEDIUM,4.800000000000001,3,945.0,1,19.0
13807,7652,10258.0,3929.64,2825.28,11178.7,1146.0,7756.81,6190.0,531.0,5,5,60,2,79,293000,1,1,1.0,1,31454.1,355000.0,8417.0,5439.0,20643.7,10294.5,10.0,3,124460.0,49700.22,31123.0,0,105,69009.0,41586.88,98348.0,12,38,62367.0,Y,1753.88,current,M,221,LOW,140.70000000000002,10,249.0,1,15.0
13808,9281,15036.0,9304.07,12590.0,33662.78,5122.0,14900.155,15269.0,4.0,99,35,1,36,70,157000,1,1,1.0,1,124064.65,39833.19,16114.0,5464.0,20170.25,103578.0,95.0,36,34313.0,18973.65,48687.73,43,40,15485.0,67106.54,65207.65,21,13,34170.0,Y,2093.06,current,M,47,MEDIUM,5.4,2,249.0,0,3.0
13809,17622,20284.0,1665.0,11903.55,2714.26,747.0,3112.5,473.59,44.0,85,14,22,2,16,58000,1,1,1.0,1,2.13,208652.0,2214.0,1931.0,39671.4,239.82,62.0,3,90350.0,29290.5,45011.0,50,42,31048.0,38222.68,100658.0,40,52,36529.0,Y,8679.71,current,F,31,LOW,5.5,4,525.0,1,19.0
13810,17256,9406.0,3214.135,33261.0,13273.3,213.26,11285.0,3028.44,8.0,84,87,1,1,1,443000,1,1,1.0,1,3380.0,2436.91,2214.0,20513.0,5426.25,62525.0,42.0,36,28008.0,108444.0,46257.0,6,20,48471.0,62040.97,8178.0,21,10,56230.0,Y,12650.36,current,M,42,MEDIUM,8.8,4,743.0,0,2.0
13811,18301,18632.0,2096.68,15049.0,11375.01,4381.0,26350.34,2027.0,2.0,30,10,24,7,8,147000,1,1,1.0,1,360978.37,2625.16,130000.0,5439.0,22582.4,19245.0,9.0,35,25186.0,25523.4,174704.0,2,35,54412.0,60805.78,19028.5,12,12,167885.0,Y,16436.11,current,M,47,MEDIUM,13.5,10,574.0,0,20.0
13812,6491,4339.0,12542.94,1539.0,78663.31,5352.5,33448.0,5300.0,1.0,66,64,24,1,1,518000,1,1,1.0,1,1207.5,5241.0,1209.0,5773.0,157166.54,21578.0,2.0,25,149392.0,106061.79,46028.72,0,29,52876.0,26728.0,77040.0,4,80,31677.0,Y,4444.83,current,M,50,LOW,30.0,4,748.0,1,18.0
13813,10053,311377.0,155996.36,1407.0,27589.0,1398.08,3480.71,7262.0,57.0,18,86,20,55,1,567000,1,1,1.0,1,3950.0,93.35,33774.0,167.0,22237.6,18225.14,70.0,36,101397.0,11621.0,36221.0,23,1,21028.0,30938.5,50804.0,6,39,8538.0,Y,1694.71,current,M,55,LOW,10.5,2,516.0,0,5.0
13814,375,17243.0,21088.0,8012.0,4592.045,27510.33,94865.54,2803.5,104.0,26,5,20,21,1,97000,1,1,1.0,1,13849.4,674291.83,5540.0,3897.0,31262.16,35775.0,35.0,6,147889.0,30986.78,25050.67,4,81,21293.78,34135.45,155036.33,8,26,45680.0,Y,237.04,current,M,67,MEDIUM,9.4,1,809.0,0,4.0
13815,17802,171556.0,19345.0,458.0,4757.54,3106.25,531.43,1003.26,17.0,1,74,5,12,64,218000,1,1,1.0,1,225823.8,104270.0,4895.0,167.0,328.45,24394.0,147.0,0,24992.0,608.88,49215.5,43,5,63197.0,20770.12,38625.0,4,50,26965.0,Y,14258.81,current,M,55,LOW,21.0,4,249.0,1,7.0
13816,13852,19074.0,18321.0,24152.0,2456.15,1016.0,15505.0,26860.0,26.0,27,74,2,6,18,102000,1,1,1.0,1,153410.0,105000.0,51520.0,553.0,56491.88,86322.0,3.0,26,85070.0,24150.04,22319.0,30,82,5800.0,21177.08,21786.0,4,50,141392.0,Y,9144.14,current,M,46,MEDIUM,5.2,7,386.0,0,18.0
13817,13347,29025.0,13161.15,6972.0,3959.5,7170.0,3216.645,572.0,43.0,13,1,11,3,4,267000,1,1,1.0,1,71020.5,5000000.0,93651.0,3897.0,45883.72,24652.0,89.0,36,34496.0,107650.71,35247.0,3,5,23448.0,47853.36,3424.75,11,36,81202.0,Y,14468.87,saving,M,118,LOW,78.4,2,386.0,1,2.0
13818,9372,2811.0,7852.0,16561.89,11553.71,21614.8,31593.635,9693.51,2.0,85,50,24,36,25,595000,1,1,1.0,1,33111020.0,110135.86,105000.0,8723.0,752647.68,51921.0,7.0,3,23566.0,73730.0,20326.0,10,11,38947.0,26941.45,109317.0,22,0,25595.0,Y,1332.19,current,M,66,MEDIUM,4.6000000000000005,2,686.0,1,2.0
13819,12571,16085.0,6717.0,5301.3,25065.78,1265.63,5280.58,2987.61,9.0,99,3,24,3,1,326000,1,1,1.0,1,370776.0,67555.67,583.0,5341.0,7651.58,30233.0,4.0,2,58402.0,26158.89,3643.0,1,20,19023.0,55241.12,342590.0,94,73,15429.0,Y,5106.21,current,M,34,MEDIUM,1.4000000000000001,10,638.0,1,18.0
13820,12918,1413.0,14009.32,20378.0,726.86,2825.75,10912.0,1355.0,4.0,6,50,25,24,47,326000,1,1,1.0,1,3380.0,25404.0,550.0,-6335.0,32.87,63996.0,9.0,7,29208.0,20777.36,58318.0,9,82,61115.0,39297.67,12395.0,3,14,27637.0,Y,1853.81,saving,M,30,LOW,1.0,9,836.0,0,6.0
13821,7009,8180.0,3882.0,23589.66,10575.58,3338.33,8085.0,3649.0,6.0,83,67,1,6,39,341000,1,1,1.0,1,13279.75,108145.0,16114.0,2921.0,48218.0,22847.0,10.0,30,58778.0,5009.88,74706.03,3,6,13404.0,94927.5,38192.64,1,10,23011.0,Y,1076.28,current,M,38,MEDIUM,10.8,9,249.0,1,20.0
13822,19444,10411.0,4120.0,4359.35,19366.0,4255.76,8647.0,1114.0,8.0,43,16,3,6,1,129000,1,1,1.0,1,2720.0,200926.0,18257.0,5439.0,141599.25,1863.0,67.0,3,47964.0,61230.36,22408.42,2,7,12340.0,41241.27,112927.5,6,38,57343.0,Y,5333.82,current,M,46,MEDIUM,13.0,7,867.0,1,12.0
13823,2402,13077.0,10218.985,6137.6,3549.28,1882.44,8400.44,14502.0,4.0,1,20,1,1,2,472000,1,1,1.0,1,46056.7,397463.9,38599.0,6885.0,24854.5,29912.38,32.0,3,95545.0,153806.79,60033.0,31,23,38384.0,74366.08,11162.0,10,25,63448.0,Y,5955.73,current,M,33,MEDIUM,9.1,10,623.0,1,10.0
13824,1764,11977.0,26369.95,18623.23,14721.7,1297.84,48101.35,1331.47,3.0,1,82,5,4,1,845000,1,1,1.0,1,3101.3,1024477.47,2214.0,6916.0,49544.84,93403.5,16.0,6,98516.0,140182.87,21221.0,50,36,25954.0,97302.81,1377.0,5,73,4690.0,Y,18010.21,current,M,33,LOW,5.2,9,858.0,1,20.0
13825,1928,2730.0,31375.23,2494.0,15501.0,461.0,1884.0,2742.0,59.0,4,13,1,3,3,324000,1,1,1.0,1,46451.38,97000.0,11580.0,14509.0,35361.71,26953.0,4.0,15,59990.0,240300.0,20095.0,6,70,28471.0,93940.68,98262.0,94,103,51287.0,Y,4190.07,saving,M,32,MEDIUM,1.2000000000000002,1,330.0,0,11.0
13826,5192,12446.0,2428.81,56431.0,9015.0,1586.16,8209.0,2499.0,26.0,23,5,35,36,17,472000,1,1,1.0,1,48230.5,52000.0,16114.0,5773.0,69327.5,55545.0,2.0,15,436242.0,13654.85,51257.0,4,59,22815.0,76903.1,54329.0,7,25,34345.0,Y,4168.58,current,M,64,HIGH,4.4,10,503.0,0,8.0
13827,18075,219987.0,16929.8,8640.32,483.0,463.0,5103.0,7458.82,10.0,5,61,8,48,54,34000,1,1,1.0,1,140262.4,267421.4,2841.0,2351.0,10386.41,70295.0,10.0,1,31354.0,28505.27,59453.0,2,36,21039.0,23553.0,17730.5,7,106,1410.0,Y,617.5,current,M,30,MEDIUM,10.0,4,814.0,0,13.0
13828,6961,12484.0,1097.0,4630.01,1057.0,3279.0,22362.62,5135.0,101.0,2,35,3,23,36,44000,1,1,1.0,1,544500.0,33700.0,908.0,3983.0,93591.79,23197.5,4.0,0,92864.0,29448.06,84006.0,1,171,97758.0,6266.0,20963.0,10,73,447225.0,Y,3065.51,current,M,64,MEDIUM,26.400000000000002,7,700.0,1,14.0
13829,16564,741.0,4237.1,6568.4,2956.65,964.0,1093.08,7153.0,1.0,65,87,1,62,18,268000,1,1,1.0,1,1615.2,90829.65,130000.0,173.0,161480.0,29301.0,15.0,43,68896.0,44107.0,35179.0,45,50,82266.0,42731.54,23507.0,62,2,16423.0,Y,3291.24,current,M,34,LOW,4.2,9,638.0,1,20.0
13830,5557,15895.0,8575.49,3370.29,44434.06,1607.72,1821.86,1137.0,43.0,23,16,4,20,1,307000,1,1,1.0,1,4.5,38928.0,56305.0,1411.0,31235.5,16406.5,42.0,4,16991.25,16818.0,220430.56,6,20,17348.0,32886.62,228105.64,7,11,65983.0,Y,18.59,current,M,31,LOW,7.7,1,538.0,0,20.0
13831,14282,9273.0,5322.0,1218.85,10420.35,4027.0,1846.67,1008.73,1.0,5,61,5,1,79,199999,1,1,1.0,1,544500.0,545000.0,694.0,3897.0,22741.13,54430.0,55.0,36,43753.0,104664.45,1146.0,6,82,448250.0,19034.19,59798.0,3,50,86179.0,Y,1634.36,current,M,34,MEDIUM,11.200000000000001,8,355.0,0,7.0
13832,6241,1463.0,4269.0,9673.14,6103.17,463.0,11947.505,17200.0,32.0,3,35,30,21,47,222000,1,1,1.0,1,22086.05,482147.0,4458.0,5464.0,14568.46,17340.0,5.0,19,43792.81,14314.9,237711.0,3,82,49404.96,27660.48,78463.0,40,36,140329.0,Y,1320.75,current,F,29,LOW,2.7,4,296.0,1,10.0
13833,7464,11605.0,3799.725,2814.0,1072.5,1031.0,887.0,994.0,3.0,8,32,3,3,70,59000,1,1,1.0,1,34443.0,2625.16,96558.0,9415.0,13033.15,79381.53,5.0,4,81951.0,17995.27,23493.0,5,25,39978.0,21796.18,35396.0,22,104,55970.0,Y,1205.26,current,M,55,MEDIUM,10.5,1,968.0,0,7.0
13834,4867,12597.0,6513.0,3091.1,2878.46,4584.0,54682.76,1316.0,6.0,6,59,30,3,79,599000,1,1,1.0,1,81284.7,200000.0,49000.0,5730.0,85327.37,10102.0,67.0,1,30444.0,29410.88,21119.0,5,16,18320.0,441450.25,49345.0,10,38,44694.0,Y,2291.21,current,M,33,HIGH,2.6,6,299.0,0,19.0
13835,482,8703.0,13326.09,2782.94,573.05,3693.96,2714.0,38753.0,37.0,50,50,4,4,1,403000,1,1,1.0,1,21511.8,105000.0,25000.0,3897.0,40854.52,16548.0,59.0,35,34035.0,8636.0,95970.0,1,86,24658.0,8675.57,102878.89,2,18,43296.0,Y,157165.5,current,M,33,HIGH,13.0,2,883.0,1,13.0
13836,6982,13001.0,6012.45,650.0,1832.46,706.78,7926.405,722.1,5.0,27,1,57,17,42,483000,1,1,1.0,1,270.0,1135.93,183999.0,6916.0,48213.05,36526.0,23.0,5,25588.0,37415.22,20191.5,3,25,28287.0,26554.75,54135.25,10,49,23743.0,Y,8339.15,current,M,29,MEDIUM,6.300000000000001,9,424.0,1,13.0
13837,14914,7366.0,3708.21,982.0,6956.47,1834.0,7033.0,24091.76,29.0,18,47,1,1,20,17000,1,1,1.0,1,41883.6,1423567.1,1266.0,6885.0,689.0,49986.72,103.0,30,242348.0,51851.87,25.0,70,84,24890.0,35309.0,141590.88,5,107,13860.0,Y,1371.25,current,M,28,MEDIUM,2.4000000000000004,5,693.0,1,10.0
13838,14879,173933.0,7669.73,4257.89,32407.28,13285.0,1244.3,1864.0,10.0,9,19,39,1,41,472000,1,1,1.0,1,98062.5,25404.0,93651.0,2351.0,69101.66,98924.0,39.0,1,45404.0,37583.56,18594.0,2,81,57356.0,23713.0,38310.0,3,79,37505.0,Y,2242.16,saving,M,120,LOW,60.0,8,684.0,1,5.0
13839,12444,174186.0,1894.5,1006.0,27478.0,2337.0,2341.85,1914.0,6.0,23,47,1,18,16,68000,1,1,1.0,1,11018.5,176487.6,2841.0,6441.0,79821.71,46055.0,39.0,1,23766.0,42114.64,29249.0,1,5,22259.0,42837.59,15777.0,2,9,10875.0,Y,4384.97,current,M,62,MEDIUM,4.2,8,507.0,0,3.0
13840,10798,7484.0,2887.19,1591.0,41266.98,873.0,1938.04,4732.0,10.0,23,1,5,2,80,352000,1,1,1.0,1,6494.4,105000.0,8060.0,5464.0,79212.27,182547.0,32.0,3,24690.0,21324.15,114267.0,2,70,15489.0,124599.21,101345.37,14,22,34039.0,Y,4575.16,current,M,66,MEDIUM,36.800000000000004,2,269.0,1,13.0
13841,14945,265189.0,4210.68,5286.0,19904.5,36222.87,16453.46,13402.0,7.0,128,74,3,1,13,222000,1,1,1.0,1,64410.0,51445.0,1036.0,-4324.0,98944.15,31516.46,46.0,31,38166.0,112319.6,48230.0,5,69,17145.0,29278.0,44984.0,5,12,22699.0,Y,1815.67,current,M,47,MEDIUM,16.2,7,867.0,0,18.0
13842,12643,5356.0,1656.0,6934.44,8435.32,4574.0,1390.75,17939.52,60.0,19,50,21,2,79,156000,1,1,1.0,1,2135000.0,77000.0,105000.0,7478.0,17056.37,159381.4,18.0,9,26029.0,13581.5,72925.0,31,1,55482.0,81801.68,231708.75,2,73,47781.0,Y,3379.82,current,M,221,MEDIUM,160.8,1,351.0,1,18.0
13843,295,9788.0,28556.5,2125.0,21497.82,3306.0,5061.65,936.06,2.0,1,19,1,26,1,68000,1,1,1.0,1,71020.5,60040.0,1266.0,2921.0,5616.0,61986.0,103.0,43,77569.0,162459.98,71667.0,3,20,99.36,51145.96,62463.0,36,104,37118.0,Y,276.99,current,M,27,MEDIUM,5.6000000000000005,7,858.0,1,5.0
13844,19819,6910.0,7047.5,64804.0,1910.0,7070.0,2235.1,7048.0,15.0,5,4,8,2,20,567000,1,1,1.0,1,105453.65,87578.0,787.0,-5998.43994,161358.7,204492.0,11.0,4,35924.0,42111.09,142415.0,0,20,9750.0,30882.0,30413.0,19,11,13200.0,Y,4813.04,current,M,64,LOW,17.6,2,424.0,1,13.0
13845,2844,2924.0,77923.2,2915.0,17659.0,403.0,13195.08,8805.0,6.0,17,17,48,1,5,548000,1,1,1.0,1,9542.5,12971.0,12000.0,3897.0,62159.05,40264.0,90.0,19,32981.0,33053.13,189.0,3,14,40909.0,56199.63,15696.0,4,63,224751.0,Y,228.55,current,M,36,MEDIUM,3.2,5,505.0,1,18.0
13846,1444,8035.0,5334.26,8230.0,15596.5,2077.5,32213.495,2459.0,4.0,1,50,24,5,3,453000,1,1,1.0,1,28482.5,455873.9,20000.0,6916.0,8730.25,128512.0,29.0,3,23459.0,21241.87,4753.43,31,21,35083.0,28324.5,41915.5,49,63,50028.0,Y,1929.85,current,M,33,MEDIUM,2.6,5,766.0,1,12.0
13847,13322,13950.0,5193.0,614.0,7215.52,9817.88,4708.5,642.0,53.0,6,2,2,1,17,306000,1,1,1.0,1,38362.5,106398.0,5540.0,5439.0,88.25,41434.7,63.0,23,130268.0,39487.5,15481.0,3,75,47353.0,4615.2,9166.0,39,79,26690.0,Y,3392.22,current,M,51,LOW,21.700000000000003,5,723.0,1,12.0
13848,53,129128.0,25066.0,41762.0,13266.04,9700.74,13120.67,26595.0,6.0,37,48,42,4,14,400000,1,1,1.0,1,44575.0,43021.0,12000.0,-4679.0,51050.99,4735.0,18.0,4,20347.0,44084.08,170269.0,3,5,57126.0,72614.47,2760.0,11,103,28074.0,Y,39072.87,current,M,31,MEDIUM,8.8,2,254.0,0,12.0
13849,1744,16408.0,18363.0,47895.69,15923.0,7328.95,1463.0,19546.33,10.0,13,82,25,7,81,300000,1,1,1.0,1,8043.25,143000.0,15756.0,6885.0,243291.91,74547.0,11.0,55,43117.0,36795.59,41535.0,2,40,40885.0,290.0,51804.23,12,32,38680.0,Y,1040.05,saving,M,53,MEDIUM,6.6000000000000005,7,508.0,1,3.0
13850,18494,98502.0,2954.92,3153.0,1481.0,20997.96,17365.87,7153.0,10.0,10,35,5,6,30,100000,1,1,1.0,1,21220.0,390700.0,12000.0,-5439.0,176060.05,61470.0,67.0,1,441907.77,42710.0,29014.35,2,8,20597.0,39718.55,346966.47,13,106,28168.0,Y,4957.79,current,M,37,MEDIUM,8.5,4,799.0,1,9.0
13851,15676,394090.0,1532.38,7944.0,8347.67,22304.86,1567.0,8946.44,12.0,2,14,2,51,25,150000,1,1,1.0,1,115.45,674291.83,68000.0,-6885.0,44828.92,36314.0,3.0,2,11355.0,200096.03,55768.0,45,13,28252.0,42723.0,26833.0,38,18,22352.0,Y,9956.75,current,M,35,MEDIUM,13.5,8,536.0,1,17.0
13852,456,98281.0,15683.89,14625.5,90726.35,1945.13,13696.0,3800.79,80.0,56,3,2,25,3,287000,1,1,1.0,1,16317860.0,185000.0,4812.0,5350.0,410926.16,35360.0,11.0,26,30118.0,206463.0,35591.0,2,17,21241.05,46419.13,51162.0,16,76,33427.0,Y,2851.79,current,M,42,LOW,13.200000000000001,4,485.0,0,20.0
13853,17067,8361.0,14616.95,87317.0,23185.0,2593.0,975.42,2658.0,92.0,36,20,1,62,79,402000,1,1,1.0,1,98062.5,15375.23,25524.0,553.0,16014.38,723589.0,68.0,9,57898.0,9949.49,25223.5,2,63,19611.0,39825.14,69760.0,94,13,54660.0,Y,3197.91,current,M,30,MEDIUM,4.0,7,466.0,0,18.0
13854,7892,9533.0,88708.06,35971.0,9116.61,2651.58,8142.22,1772.0,4.0,85,4,22,6,9,252000,1,1,1.0,1,50040.0,16363.0,68000.0,6885.0,5584.68,101862.91,42.0,35,11775.0,27013.99,114318.23,3,26,21729.0,33880.94,80637.5,3,24,89755.0,Y,4268.48,current,M,64,LOW,26.400000000000002,1,858.0,1,12.0
13855,19882,2410.0,22948.85,1360.77,34036.14,2188.07,1981.0,200.0,7.0,23,67,2,12,91,27000,1,1,1.0,1,3101.3,64491.0,130000.0,14509.0,249619.34,59721.0,90.0,13,26340.0,62020.92,28746.0,5,171,23267.0,67698.73,47891.75,6,6,2510.0,Y,12163.45,current,M,118,MEDIUM,9.8,1,801.0,1,4.0
13856,18438,6290.0,7687.0,95.0,1555.5,756.0,12215.95,1470.53,7.0,2,14,48,55,98,369000,1,1,1.0,1,39851.93,25404.0,539.0,19765.0,33561.0,42932.41,11.0,35,980.0,41973.4,32128.36,12,81,20689.0,48712.5,50699.0,11,17,152300.0,Y,3650.27,current,M,27,HIGH,3.5,4,945.0,0,3.0
13857,5377,1594.0,53290.53,1059.4,79323.3,87479.0,3789.86,4466.0,59.0,36,48,8,2,70,232000,1,1,1.0,1,9649.6,19000.0,68000.0,1332.0,39117.3,93052.0,70.0,3,44709.0,113664.76,48894.0,1,70,49923.0,4452.07,26283.0,14,50,1340.0,Y,9126.91,current,M,60,MEDIUM,40.0,10,516.0,0,3.0
13858,12921,20291.0,15678.69,2072.92,23002.94,916.59,8792.0,1533.0,19.0,16,47,22,31,79,390000,1,1,1.0,1,970271.35,82907.34,48950.0,12174.0,49345.14,187231.0,35.0,2,9272.0,61771.26,56896.0,3,21,32187.0,80239.8,31766.0,12,73,27986.0,Y,12965.93,saving,M,34,MEDIUM,1.4000000000000001,6,523.0,1,10.0
13859,3197,18283.0,23567.0,5822.0,3270.74,11176.0,20811.375,2288.0,6.0,30,64,1,44,47,44000,1,1,1.0,1,8370.8,1475000.0,36114.0,0.0,39740.72,43869.47,50.0,36,46626.0,100294.52,34365.0,5,44,10806.0,77877.39,51485.29,36,28,26333.0,Y,3970.13,current,M,64,MEDIUM,26.400000000000002,7,812.0,1,9.0
13860,3736,2869.0,889.93,321.23,2758.28,4758.1,1218.19,12131.47,6.0,36,14,4,9,8,369000,1,1,1.0,1,124064.65,82907.34,12000.0,10455.0,43283.08,51547.0,7.0,1,27510.0,31164.0,22794.0,4,20,19560.0,119304.87,35209.0,41,38,276.0,Y,8408.95,current,M,33,MEDIUM,10.4,3,123.0,1,16.0
13861,17358,7570.0,16126.12,4381.31,68452.27,4362.47,7119.1,967.0,9.0,10,27,1,3,80,315000,1,1,1.0,1,225823.8,35421.67,639.0,-6301.0,24448.0,2941.0,42.0,15,84402.0,177975.2,26062.0,4,27,28913.0,119912.0,24456.41,5,18,29326.0,Y,1514.08,current,M,60,MEDIUM,36.0,3,626.0,1,20.0
13862,9430,399417.0,8504.99,2706.0,1964.5,3951.0,6509.095,7597.0,10.0,8,7,1,21,68,271000,1,1,1.0,1,201133.0,278904.9,11545.0,-5715.49022999999,14717.75,72461.0,8.0,31,25343.0,54364.14,116713.0,23,20,59835.01,36421.47,79268.0,1,0,10510.0,Y,13829.63,current,F,38,MEDIUM,9.0,6,537.0,1,10.0
13863,18159,18497.0,10159.1,9273.75,3764.0,2053.0,1274.0,3124.0,63.0,1,5,62,17,98,371000,1,1,1.0,1,98062.5,19000.0,57899.0,1500.0,35646.03,218281.0,55.0,1,34197.0,42111.09,111853.0,8,81,27945.0,87488.2,40271.0,1,32,129494.0,Y,5431.42,saving,M,47,MEDIUM,13.5,6,593.0,1,19.0
13864,17078,19846.0,1681.06,12254.86,10379.0,2094.22,15624.0,2216.0,8.0,43,71,1,2,6,74100,1,1,1.0,1,33784.35,184514.0,56305.0,2337.0,83216.97,98924.0,32.0,0,22653.0,61423.62,27896.0,6,82,400819.0,47919.23,85665.0,11,104,32357.0,Y,1324.33,current,F,30,MEDIUM,10.0,6,233.0,1,17.0
13865,612,12165.0,16745.0,1297.13,1425.29,6515.64,4335.0,10115.14,4.0,16,1,7,3,2,520000,1,1,1.0,1,68908.5,69370.0,13873.0,903.0,187115.84,166055.84,24.0,3,38887.0,50622.83,7782.0,2,40,29471.0,13849.38,63008.0,4,83,513622.0,Y,2025.23,saving,M,27,HIGH,4.2,4,883.0,1,2.0
13866,6655,14661.0,17543.03,39739.0,35589.09,3050.0,2803.47,577.8,4.0,36,27,4,1,42,16000,1,1,1.0,1,12510.0,165970.9,731.0,1507.0,116252.5,48286.0,52.0,13,22612.0,47179.94,49076.0,4,20,8077.0,7355.45,81866.0,40,13,14170.0,Y,9851.62,current,M,32,MEDIUM,4.800000000000001,2,750.0,1,12.0
13867,4688,8350.0,49708.58,967.0,9547.02,8603.0,4089.29,2297.45,10.0,10,59,2,1,16,16000,1,1,1.0,1,63247.65,232235.65,57899.0,5464.0,22519.95,72591.0,57.0,2,1378.0,15093.67,22195.35,1,4,42968.0,124925.28,138312.0,7,7,27758.0,Y,1545.94,current,F,32,LOW,7.2,9,249.0,0,16.0
13868,4560,7492.0,4049.65,1420.76,9098.71,2801.36,14145.37,5370.2,5.0,1,60,10,2,81,293000,1,1,1.0,1,48624.7,142608.5,49975.0,-6885.0,62056.12,186064.0,46.0,13,22091.0,21782.72,147063.0,3,82,22575.0,93572.42,115405.5,62,10,36706.0,Y,6699.26,current,M,62,LOW,12.600000000000001,7,809.0,1,15.0
13869,5357,18120.0,18912.02,1533.68,13839.08,961.0,34738.06,27668.26,1.0,22,2,7,3,47,102000,1,1,1.0,1,13730.0,85300.0,3975.0,6916.0,74175.59,30449.91,67.0,19,65728.0,23929.43,65116.0,5,13,17832.0,127372.75,148391.0,12,38,15411.0,Y,5516.11,current,M,64,LOW,26.400000000000002,4,554.0,1,11.0
13870,16256,19022.0,15285.66,1811.0,3704.5,26290.0,8594.55,1247.43,4.0,23,9,1,31,8,461000,1,1,1.0,1,13279.75,356899.37,3570.0,-5998.43994,16194.52,143444.0,2.0,55,19859.0,47912.5,27512.0,1,7,41150.0,173027.66,19109.0,9,18,74383.0,Y,6179.69,current,M,49,MEDIUM,14.5,10,698.0,1,17.0
13871,2152,21200.0,26091.235,137.0,843.35,248.9,29982.0,426.0,531.0,11,82,1,2,4,406000,1,1,1.0,1,396036.49,107692.0,183999.0,-4679.0,20180.0,21905.0,3.0,13,14909.0,364893.84,227643.0,17,20,46796.0,60566.44,84095.0,9,35,19694.0,Y,4011.83,current,M,56,LOW,3.6,4,710.0,1,18.0
13872,13276,1238.0,31233.1,7783.0,15762.58,1112.0,33316.37,13191.0,8.0,65,7,8,51,17,282000,1,1,1.0,1,115.45,107692.0,13533.0,-5439.0,82758.0,315121.0,16.0,9,30658.0,43195.36,84646.0,45,11,31740.0,113668.16,142533.0,2,83,48688.0,Y,2404.31,current,M,27,MEDIUM,5.6000000000000005,1,268.0,1,3.0
13873,11417,12477.0,12933.0,1994.0,11203.84,5519.0,313.0,14149.0,1.0,19,82,1,4,6,156000,1,1,1.0,1,250631.8,95658.0,130000.0,-5942.0,68610.27,115693.0,11.0,17,11989.7,76986.25,31656.5,31,18,38822.0,508882.66,85336.63,94,11,51940.0,Y,0.0,current,M,32,MEDIUM,1.2000000000000002,9,233.0,0,13.0
13874,5561,6205.0,11788.7,5714.0,2138.38,21068.28,4434.89,4709.0,44.0,3,49,42,15,11,120000,1,1,1.0,1,9649.6,385218.7,12337.0,12415.0,24890.4,65588.0,9.0,0,35200.0,57364.82,12591.5,17,29,19165.0,34074.72,44317.0,2,107,29601.0,Y,1644.98,current,M,42,HIGH,22.0,6,454.0,1,13.0
13875,17860,14676.0,19524.56,13900.2,4291.01,1548.34,3206.96,8540.5,7.0,10,87,35,31,39,143000,1,1,1.0,1,59703.93,77965.0,50000.0,1500.0,51781.31,13162.0,12.0,1,32258.0,6970.06,57176.0,11,5,68980.0,28270.05,11096.0,4,96,42067.0,Y,3500.31,current,M,37,LOW,15.3,5,958.0,1,17.0
13876,3483,294524.0,25423.4,1401.35,1029.46,23395.62,6584.27,5346.72,63.0,14,14,15,1,55,97000,1,1,1.0,1,59703.93,187788.1,6738.0,20324.0,11675.35,46229.0,42.0,4,40722.0,1106.0,37563.0,7,8,16698.0,98062.16,87069.84,3,17,24276.0,Y,231.98,current,F,32,LOW,6.0,3,710.0,1,5.0
13877,2820,10450.0,2874.14,2338.0,25223.48,211.73,1846.67,831.88,1.0,99,4,53,7,55,481000,1,1,1.0,1,530797.35,240000.0,50000.0,7478.0,91.25,56022.49,42.0,4,28325.0,3904.88,302704.0,50,8,95658.0,109680.88,128428.0,40,24,17239.0,Y,2450.11,current,M,29,MEDIUM,6.300000000000001,10,523.0,1,2.0
13878,10968,291005.0,1530.37,13226.83,6392.92,1016.0,33258.0,828.04,5.0,1,6,18,4,54,143000,1,1,1.0,1,5383.25,57345.0,492.0,10210.0,157166.54,10231.0,11.0,2,49942.0,285029.96,418593.0,17,14,251.25,25383.56,60713.75,2,10,25000.0,Y,14546.85,saving,M,33,MEDIUM,6.5,5,233.0,0,6.0
13879,9991,16915.0,31655.5,21248.99,20198.07,4414.76,930.04,1165.0,4.0,23,13,3,1,6,83000,1,1,1.0,1,2135000.0,110135.86,508.0,0.0,180252.33,60118.0,24.0,35,1174.0,275914.35,78153.0,0,25,51308.0,156185.4,20442.0,42,12,24905.0,Y,2054.35,current,M,63,MEDIUM,17.2,2,299.0,0,16.0
13880,18474,10493.0,2968.435,284.0,4986.5,1117.2,9621.3,23197.0,3.0,10,59,22,36,8,358000,1,1,1.0,1,1534.0,100934.0,639.0,10455.0,47331.08,37062.0,91.0,4,34623.0,4757.2,22681.0,43,20,82497.0,41889.66,40869.0,3,11,13688.0,Y,247.28,current,M,42,MEDIUM,11.0,6,299.0,1,9.0
13881,13918,18564.0,71280.27,6477.0,8832.8,2800.37,11803.035,22068.77,6.0,2,13,39,2,8,480000,1,1,1.0,1,1112.4,100934.0,73217.0,0.0,49192.88,53782.92,29.0,11,27826.0,36150.29,41959.37,4,11,24859.0,56220.0,14031.0,12,7,8251.0,Y,31129.87,current,M,42,MEDIUM,8.8,1,750.0,0,19.0
13882,16788,14767.0,31071.97,3311.0,34763.56,5450.7,4809.0,17167.0,26.0,27,7,2,4,47,286000,1,1,1.0,1,249060.0,470000.0,23500.0,35346.0,47753.88,211905.01,147.0,5,19317.0,36878.8,20422.0,43,8,53482.0,152865.0,48312.0,3,18,388145.0,Y,4152.97,current,F,30,MEDIUM,1.0,2,866.0,1,5.0
13883,11966,9445.0,10937.84,505.0,12779.13,2024.76,13565.375,745.0,60.0,10,2,2,15,42,402000,1,1,1.0,1,41441.27,21577.06,766.0,6885.0,641.0,90424.44,43.0,36,14890.0,22939.0,60928.5,2,26,92775.0,81976.8,19941.0,9,14,15377.0,Y,2035.44,current,M,42,MEDIUM,4.4,9,355.0,1,7.0
13884,8388,339522.0,23243.59,3069.0,5736.85,1529.0,24830.33,6109.0,4.0,10,87,1,62,44,20000,1,1,1.0,1,670875.0,172131.0,105000.0,10210.0,93668.15,40950.01,20.0,1,26179.0,196111.42,22338.5,1,38,40692.0,93993.48,35518.25,2,104,31901.0,Y,401.56,current,M,32,MEDIUM,8.4,9,956.0,1,10.0
13885,5979,18989.0,33447.9,39559.0,2802.51,29654.84,9088.0,205.0,531.0,1,49,44,55,4,381000,1,1,1.0,1,5809950.0,100000.0,4000.0,2921.0,4762.46,33597.0,4.0,11,15555.0,15236.0,20315.0,3,5,10550.0,30437.71,75455.0,117,37,66329.0,Y,271.66,current,M,30,MEDIUM,6.0,9,753.0,1,10.0
13886,8217,19026.0,978.0,4897.07,602.16,10307.84,27043.49,3033.36,37.0,10,13,25,14,54,315000,1,1,1.0,1,544500.0,64491.0,2156.0,6916.0,40943.71,17700.81,10.0,13,46281.0,316448.2,1140.0,6,18,85177.0,176017.67,21752.0,21,63,81995.0,Y,8227.39,current,M,35,MEDIUM,12.0,9,448.0,0,8.0
13887,11713,13608.0,30469.17,57262.0,2697.92,3717.0,6000.06,413.0,56.0,17,20,50,7,12,359000,1,1,1.0,1,447490.0,385218.7,25849.0,1444.0,44076.64,158975.11,11.0,1,61236.0,36507.16,10138.0,2,108,25377.0,558395.5,32980.5,7,18,6517.12,Y,2603.62,current,M,35,MEDIUM,10.5,4,583.0,0,5.0
13888,8016,393829.0,7669.73,143.0,17240.36,5935.44,2880.885,24148.83,14.0,34,59,6,9,42,518000,1,1,1.0,1,825.0,446457.0,48500.0,7478.0,19674.85,74975.0,6.0,2,41596.25,97645.19,105665.23,71,81,31600.0,57334.0,60223.0,14,21,46922.0,Y,2025.23,current,M,64,LOW,26.400000000000002,4,486.0,1,16.0
13889,10857,139709.0,875.0,8684.66,3277.85,2362.95,2883.925,5673.0,28.0,26,29,62,27,80,35000,1,1,1.0,1,1910215.0,110135.86,4699.0,-12179.0,39949.94,62218.0,12.0,4,33618.0,43008.5,13145.27,70,23,23741.0,47511.09,114421.0,21,65,48440.0,Y,413.42,current,M,37,MEDIUM,17.0,6,269.0,1,2.0
13890,11795,5597.0,94673.52,11166.0,13952.22,2467.99,33258.0,976.0,26.0,46,9,53,4,42,289000,1,1,1.0,1,39851.93,20000.0,43798.0,1500.0,41310.23,35204.0,32.0,5,24244.0,80909.78,36107.04,11,63,35024.0,3844.0,18423.0,2,26,69145.93,Y,126.58,current,M,40,MEDIUM,8.0,6,748.0,1,14.0
13891,16443,7172.0,21704.25,1058.28,30335.37,1810.02,6696.005,18174.06,4.0,99,50,15,1,98,66000,1,1,1.0,1,241.65,560000.0,45000.0,-5439.0,64906.0,54212.14,29.0,15,29035.0,41838.48,26832.0,2,171,42438.0,130.93,288809.01,21,1,18565.0,Y,43736.36,saving,M,28,MEDIUM,5.6000000000000005,3,762.0,1,12.0
13892,11642,9490.0,4748.51,17870.0,718.83,37483.84,7968.0,5206.0,66.0,36,2,30,55,2,340000,1,1,1.0,1,15079.5,6.0,610000.0,-6301.0,96977.47,31813.3,69.0,0,20876.0,58217.8,79232.61,5,12,77764.0,81588.5,48357.0,3,61,20119.0,Y,309.71,current,M,118,LOW,98.0,5,867.0,1,13.0
13893,9607,3282.0,7934.61,184.0,31984.62,36179.35,2676.12,12379.0,2.0,10,62,52,2,98,303000,1,1,1.0,1,3575.5,232524.0,65000.0,5439.0,26755.51,59967.0,4.0,1,34197.0,31883.46,93942.31,0,82,36914.0,57048.23,61177.0,1,73,32425.0,Y,2441.86,current,M,28,LOW,8.0,3,713.0,1,5.0
13894,18685,11709.0,18399.41,9621.0,5420.45,2965.6,9584.0,36698.0,4.0,1,20,3,1,54,255000,1,1,1.0,1,20141240.0,2436.91,13873.0,418.0,71369.39,39001.0,16.0,2,34435.0,6634.0,82835.23,2,8,33237.0,4181.3,33682.0,94,32,16008.0,Y,534.68,current,M,29,MEDIUM,5.4,5,737.0,0,12.0
13895,3392,7202.0,1041.0,2199.0,4220.85,955.45,39353.0,337.0,24.0,23,2,24,1,5,472000,1,1,1.0,1,10562.45,100934.0,3000.0,5340.0,34462.89,30510.0,18.0,2,7600.0,11151.81,163033.6,3,6,74989.0,125387.89,30864.0,47,32,43500.0,Y,29143.23,current,M,49,MEDIUM,17.400000000000002,2,503.0,1,4.0
13896,10493,6853.0,6763.92,3009.8,12586.64,31754.5,2359.0,728.75,66.0,6,19,1,3,6,402000,1,1,1.0,1,76780.0,143000.0,26241.0,-5942.0,20757.45,50831.0,23.0,36,18396.0,31992.5,44375.5,5,6,18757.0,20824.75,76509.0,36,50,24269.0,Y,18442.84,saving,M,66,MEDIUM,27.6,7,374.0,1,19.0
13897,5590,11162.0,24982.95,8032.0,49400.21,3172.0,1216.0,7809.0,26.0,65,87,11,6,80,519000,1,1,1.0,1,8758.2,610000.0,48374.0,-6301.0,24711.0,26308.0,35.0,2,162535.0,37518.88,53291.0,1,6,27562.0,65325.82,82181.67,7,22,64305.0,Y,4091.07,current,M,40,MEDIUM,8.0,3,269.0,1,20.0
13898,9015,3823.0,18420.83,5726.0,19938.81,3494.0,3185.0,2270.0,6.0,84,48,25,27,81,143000,1,1,1.0,1,76122.87,31000.0,48500.0,977.0,161179.54,42370.0,40.0,11,117591.0,12731.75,46213.0,6,42,44334.0,107933.33,50024.35,3,24,36357.0,Y,553.52,current,M,28,LOW,2.4000000000000004,4,966.0,0,17.0
13899,16188,12546.0,7190.67,2079.78,2460.66,7437.0,3859.1,62973.2,4.0,5,135,1,1,5,406000,1,1,1.0,1,71020.5,18300.0,78309.0,6885.0,48112.75,75030.85,90.0,15,36349.29,267038.49,2115.0,3,29,35550.0,34182.89,23680.0,2,113,49124.0,Y,2702.21,current,M,51,MEDIUM,21.700000000000003,4,454.0,1,12.0
13900,19403,14567.0,23724.0,2270.4,11592.3,3464.0,3554.47,4824.38,59.0,4,67,3,21,47,47000,1,1,1.0,1,41883.6,27000.0,12105.0,5464.0,74806.62,48854.0,24.0,33,18168.0,118840.39,30847.0,4,30,14700.0,971.0,28217.5,18,36,24250.5,Y,103.94,current,M,35,MEDIUM,10.5,9,299.0,1,18.0
13901,8039,17121.0,3578.0,7988.02,1976.63,1533.0,16527.0,9346.0,6.0,5,50,4,18,3,84000,1,1,1.0,1,10006.2,730000.0,73217.0,-3506.17993,148847.75,1561.0,20.0,4,23068.0,19466.75,83572.24,5,6,24061.0,17606.0,22102.0,94,14,44815.6,Y,3764.33,saving,M,36,MEDIUM,1.6,2,536.0,0,20.0
13902,3082,7740.0,3941.0,1802.15,4897.5,782.26,4498.7,624.0,29.0,1,16,1,3,80,466000,1,1,1.0,1,516.8,60040.0,4000.0,20513.0,25705.53,32843.0,70.0,1,34440.0,61053.88,156757.0,6,104,35007.0,16651.75,27358.92,7,103,17953.0,Y,2072.75,current,M,46,LOW,13.0,9,799.0,1,11.0
13903,11833,4822.0,579.0,2232.0,11164.0,3718.0,2414.49,956.0,1.0,67,59,21,6,22,225000,1,1,1.0,1,825.0,46500.0,50000.0,1954.0,27215.95,58699.0,10.0,9,17280.0,6470.0,7240.0,8,63,23446.0,30314.22,73603.0,2,61,16280.0,Y,55161.6,current,F,120,LOW,30.0,7,857.0,0,7.0
13904,2897,57670.0,6960.58,321.23,4612.13,2930.68,1419.0,658.0,9.0,23,49,50,1,34,272000,1,1,1.0,1,55458.53,1475000.0,678.0,977.0,32791.85,20467.0,4.0,2,18139.0,70774.69,86649.0,1,82,70152.0,128446.71,7422.0,7,42,157500.0,Y,6125.91,current,M,66,MEDIUM,46.0,2,737.0,1,18.0
13905,712,19542.0,9760.72,1297.13,2319.27,964.0,650.5,1014.0,1.0,23,35,82,12,98,750000,1,1,1.0,1,825.0,170989.0,36114.0,35346.0,36913.09,18464.0,55.0,19,14310.0,68266.57,129.5,47,6,31188.0,58368.41,50961.0,4,37,25640.0,Y,2383.51,current,F,60,MEDIUM,28.0,2,537.0,1,18.0
13906,2593,19402.0,3594.5,4483.56,199379.84,4923.6,1918.865,4328.0,6.0,10,44,50,46,13,20000,1,1,1.0,1,11878.6,5241.0,1273.0,0.0,104080.93,54491.0,2.0,3,25836.0,22371.88,50376.0,1,13,2555.95,30714.22,58458.25,12,11,16479.0,Y,4285.71,saving,F,55,HIGH,28.0,8,355.0,1,17.0
13907,10040,6730.0,6069.86,6480.28,4247.78,652.0,2937.64,2488.0,4.0,36,35,24,27,1,97000,1,1,1.0,1,270.0,93.35,51520.0,553.0,28515.0,47230.78,46.0,19,29786.0,132313.08,52594.0,2,30,47034.0,29507.0,19609.0,40,49,28233.0,Y,14653.27,saving,M,27,LOW,5.6000000000000005,9,314.0,0,20.0
13908,8927,98146.0,4539.76,1912.66,5053.17,4481.75,3155.0,315.75,24.0,65,3,3,12,47,212500,1,1,1.0,1,674356.31,794000.0,787.0,14509.0,8388.0,45107.0,6.0,36,17819.0,15984.25,17961.0,2,12,8450.0,76408.02,57010.0,117,17,54409.5,Y,11690.0,current,M,37,LOW,3.4000000000000004,9,488.0,1,12.0
13909,7254,87145.0,26091.235,15886.0,33353.0,8694.49,470.0,3098.0,2.0,18,64,1,25,12,524000,1,1,1.0,1,48675.31,74599.9,1143.0,553.0,28532.59,42333.44,69.0,23,60720.0,22534.47,26839.0,1,8,138136.0,22331.62,41813.0,40,38,17165.0,Y,1915.56,current,M,29,MEDIUM,4.5,2,914.0,0,16.0
13910,12852,16010.0,3415.02,246.0,773.19,4927.68,11211.71,2951.0,18.0,65,50,47,1,47,453000,1,1,1.0,1,33784.35,330001.0,908.0,-4679.0,27223.83,37813.0,6.0,1,51101.22,42446.35,12511.0,12,6,20.51,30991.01,31113.13,7,75,69402.0,Y,13486.59,current,M,47,MEDIUM,21.6,5,314.0,1,3.0
13911,13519,17269.0,13737.45,863.05,9399.92,2512.59,3203.175,3899.0,6.0,10,13,1,4,47,340000,1,1,1.0,1,942327.7,100000.0,583.0,553.0,68261.4,316215.0,20.0,78,1855.0,67007.2,67064.0,2,8,50250.0,47466.58,31607.18,21,11,45110.0,Y,2721.11,current,M,56,MEDIUM,18.0,1,887.0,1,5.0
13912,11729,11619.0,1322.605,553.86,5608.5,10488.0,3227.22,1594.0,12.0,10,2,42,3,8,256000,1,1,1.0,1,18451.05,76157.6,2500.0,-4664.0,92270.75,35576.0,10.0,1,20832.19,69435.26,48791.94,1,171,8627.0,227858.69,192863.68,7,32,15630.0,Y,447.46,current,M,30,MEDIUM,10.0,7,539.0,1,15.0
13913,15893,11976.0,995.5,1974.0,5019.5,1897.0,2501.38,554.0,52.0,66,10,3,2,80,13000,1,1,1.0,1,98062.5,385218.7,19176.0,1465.0,72730.88,51281.22,95.0,4,22158.0,6025.0,97759.0,0,70,12729.0,37052.5,481.29,8,1,15497.0,Y,762.99,current,M,222,LOW,161.60000000000002,4,748.0,1,12.0
13914,10150,16407.0,9362.27,456.0,27252.42,1055.76,1721.54,2802.3,26.0,19,71,1,11,1,381000,1,1,1.0,1,140291.6,128314.74,22000.0,6916.0,32176.24,46135.91,16.0,2,97066.0,26904.0,30317.0,4,13,18948.0,3542.0,48600.0,2,20,191700.0,Y,8359.12,current,M,44,MEDIUM,21.6,8,945.0,1,4.0
13915,13545,13353.0,39610.47,5923.0,5919.05,1545.0,3659.0,9294.0,1.0,43,64,4,36,1,100000,1,1,1.0,1,41.4,154121.9,90525.0,-5715.49022999999,34069.08,29861.0,29.0,0,21541.0,34110.72,55335.0,30,8,27974.0,8973.78,249217.0,94,73,7339.0,Y,6164.32,current,F,27,LOW,3.5,3,330.0,1,4.0
13916,14292,11852.0,18538.0,2661.41,1382.98,36030.0,7652.0,2468.0,10.0,56,10,24,3,37,74100,1,1,1.0,1,3638.25,59306.0,46000.0,5340.0,5677.01,80044.0,4.0,2,15470.0,27611.0,96038.0,6,25,17830.0,49758.51,17536.0,4,40,49210.0,Y,340.79,current,M,34,MEDIUM,12.600000000000001,9,686.0,0,9.0
13917,16480,292658.0,12803.35,6748.0,635.0,7150.69,35061.95,9331.68,7.0,36,5,4,2,1,125000,1,1,1.0,1,41883.6,376694.91,68000.0,1522.0,30544.27,120619.0,62.0,2,427480.0,43867.91,26015.0,6,13,99331.0,45882.0,28880.0,1,83,68848.23,Y,10379.77,current,M,38,MEDIUM,7.2,5,725.0,1,7.0
13918,3489,3760.0,20050.0,3486.0,97887.69,162.0,1188.96,4514.0,2.0,56,4,1,27,47,293000,1,1,1.0,1,1664.4,273221.0,230000.0,2819.0,51217.0,56022.49,55.0,5,26250.0,41670.22,46562.0,9,171,6086.0,39140.3,41627.0,4,26,43890.0,Y,1782.86,current,M,35,MEDIUM,4.5,10,249.0,1,10.0
13919,5276,17667.0,7378.92,1875.0,4300.29,211.73,10708.0,8112.99,4.0,46,27,22,23,1,190000,1,1,1.0,1,61186.36,244483.3,24094.0,5340.0,132.25,127943.28,11.0,13,176819.0,153093.89,76646.5,43,50,44059.0,39634.81,201495.0,5,65,21883.0,Y,1283.58,current,M,58,MEDIUM,19.0,3,737.0,1,11.0
13920,14740,22438.0,3611.36,3410.92,915.37,2500.25,6162.0,2505.0,2.0,71,89,47,7,9,462000,1,1,1.0,1,510.6,369448.8,155205.0,-4679.0,230565.32,50192.0,16.0,26,32762.0,10139.0,109307.0,3,5,197500.0,127047.64,5084.5,40,36,68100.0,Y,2505.43,current,M,33,MEDIUM,1.3,9,394.0,1,13.0
13921,15076,174695.0,4341.5,16400.0,19335.77,5764.04,1204.0,1955.52,19.0,99,13,1,27,1,575000,1,1,1.0,1,1664.4,115000.0,300500.0,1500.0,17820.16,33348.0,11.0,15,19632.0,1862.0,57336.0,30,11,14395.0,124562.58,70343.0,5,76,35494.42,Y,3719.47,saving,M,33,MEDIUM,13.0,1,525.0,0,16.0
13922,16412,12859.0,17016.0,3501.0,3559.0,6284.0,13156.0,1247.43,7.0,5,9,8,38,64,564000,1,1,1.0,1,46451.38,31000.0,787.0,0.0,267845.29,127711.0,11.0,3,50983.0,23463.56,8744.0,2,35,19405.0,96870.94,25991.5,7,120,14715.0,Y,4388.67,current,M,31,MEDIUM,8.8,3,713.0,1,3.0
13923,12737,405147.0,8727.215,5862.0,4651.0,1790.0,2657.0,4259.0,8.0,10,87,50,38,39,114000,1,1,1.0,1,4230125.0,202560.0,43798.0,0.0,32378.2,80078.0,52.0,4,71716.0,88454.0,63582.0,43,6,50150.0,67354.74,2573.0,36,63,102280.83,Y,2514.47,current,M,34,HIGH,14.0,6,623.0,1,11.0
13924,13630,398357.0,3212.0,2489.86,16357.91,10397.78,9345.0,19810.0,1.0,7,59,53,3,54,240000,1,1,1.0,1,684495.7,52991.0,18257.0,-6281.37987999999,81007.22,24250.72,39.0,2,57941.0,4851.04,9285.5,2,21,40116.0,175846.06,28522.0,21,113,24463.0,Y,1076.28,current,M,53,LOW,23.1,3,743.0,1,16.0
13925,11096,6339.0,1272.25,26472.05,18413.2,1638.0,5179.0,3035.65,4.0,30,87,7,51,54,483000,1,1,1.0,1,551439.2,152.87,105000.0,8572.0,46838.25,113143.91,20.0,3,38413.0,28796.5,3146.0,4,20,26848.0,44319.11,33018.84,36,42,50761.0,Y,3293.58,current,M,47,HIGH,24.3,8,249.0,0,3.0
13926,8790,7362.0,50969.39,6124.2,31448.02,1364.65,11194.805,3093.0,6.0,16,4,3,7,14,66000,1,1,1.0,1,23669.0,54243.0,1633.0,-6301.0,15982.25,133049.0,20.0,1,29647.0,22641.63,68244.0,1,82,35011.0,239433.92,66022.0,6,63,51836.0,Y,1691.85,current,M,60,MEDIUM,32.0,6,623.0,0,10.0
13927,14891,13237.0,27109.0,12669.15,27078.0,2824.0,2875.0,21126.0,19.0,47,4,1,1,56,400000,1,1,1.0,1,472.0,107692.0,2644.0,1500.0,80307.63,96725.0,35.0,0,17028.0,353092.82,95067.0,2,20,157048.0,37295.56,30527.29,2,10,129500.0,Y,122383.3,current,M,40,MEDIUM,20.0,1,539.0,0,18.0
13928,5714,19466.0,6027.0,1080.0,2760.0,32482.83,40138.0,2610.78,3.0,1,87,24,4,1,371000,1,1,1.0,1,13732.93,280000.0,24094.0,5773.0,275149.36,25402.0,11.0,5,79442.0,19010.0,67285.34,3,13,100093.0,84135.45,70115.45,3,103,50821.0,Y,748.94,current,M,37,LOW,6.800000000000001,1,818.0,0,19.0
13929,18855,19870.0,6076.54,2593.52,6188.8,4410.0,11174.0,9686.46,2.0,11,1,1,2,9,536000,1,1,1.0,1,105453.65,370000.0,14904.0,844.0,41409.25,8089.0,11.0,2,30039.0,25190.92,24371.0,0,171,28773.0,66373.15,37989.33,7,1,53671.0,Y,696.74,current,M,61,LOW,24.6,1,860.0,1,15.0
13930,2912,11209.0,7849.85,318.0,996.29,3109.84,4273.37,4005.0,24.0,56,27,2,1,1,429000,1,1,1.0,1,593.2,3084.5,8333.0,6916.0,41511.29,29890.82,62.0,36,23572.0,109211.86,67084.0,6,5,24266.0,50126.63,135800.0,2,38,162518.0,Y,2237.55,current,M,33,LOW,6.5,4,516.0,1,16.0
13931,607,308557.0,929.16,5979.58,2709.0,5365.87,16801.225,396.0,43.0,10,71,7,1,4,371000,1,1,1.0,1,5210.85,184514.0,8333.0,-6301.0,136188.6,46928.0,46.0,7,77509.0,32587.0,56409.5,1,12,45839.94,12011.0,22025.1,3,68,25142.0,Y,14878.37,current,F,47,MEDIUM,27.0,5,424.0,1,6.0
13932,1284,11878.0,3576.0,8470.83,7737.0,2508.98,7394.0,376.0,57.0,2,16,1,31,6,520000,1,1,1.0,1,37916.0,6574.31,925.0,1411.0,39363.38,43424.0,90.0,4,60364.0,25428.75,23880.0,3,13,33211.0,19305.7,84070.0,5,104,27670.0,Y,13350.53,current,F,33,MEDIUM,1.3,8,743.0,0,7.0
13933,18518,12321.0,36061.0,34714.0,32760.13,23554.0,3747.9,1140.0,531.0,1,50,15,1,5,330000,1,1,1.0,1,47936.43,195506.79,16114.0,-5998.43994,183505.59,62821.0,42.0,31,83312.0,21706.42,21890.0,43,11,79954.0,49764.41,15372.0,8,12,16190.0,Y,7967.29,saving,M,46,MEDIUM,7.800000000000001,7,299.0,0,5.0
13934,7041,7971.0,2870.73,33118.35,20196.56,26579.0,1152.0,3800.79,4.0,30,52,47,15,1,125000,1,1,1.0,1,47936.43,86000.0,6100.0,-4679.0,14.0,26074.0,4.0,1,52543.0,107686.79,14102.0,1,24,31532.0,80206.75,96903.0,22,11,33303.0,Y,7056.63,current,M,37,MEDIUM,17.0,6,737.0,1,12.0
13935,17092,14945.0,2576.995,937.0,1131.95,1148.0,4726.345,426.81,26.0,85,19,1,51,4,466000,1,1,1.0,1,148705.0,41813.0,1036.0,5439.0,36478.96,75292.0,16.0,36,21100.0,159276.73,103485.0,2,12,38109.0,156185.4,32302.78,13,63,45935.0,Y,7351.32,current,M,58,MEDIUM,11.4,1,372.0,1,10.0
13936,6660,9844.0,12931.95,1226.0,22950.0,5739.87,2816.5,83247.0,2.0,29,14,15,1,70,494000,1,1,1.0,1,161704.0,157624.24,300500.0,0.0,49629.25,40003.56,90.0,7,32035.61,10742.48,5485.47,24,13,22055.0,31240.44,66331.0,13,11,71057.0,Y,6456.34,current,F,44,MEDIUM,14.4,9,314.0,0,13.0
13937,14028,21904.0,1690.69,19656.0,33237.83,1396.6,17545.365,17511.0,531.0,23,50,2,18,2,400000,1,1,1.0,1,3101.3,78744.56,68000.0,6916.0,9697.25,86537.0,11.0,2,24905.0,1207.0,46484.0,2,20,85254.0,112934.55,68745.81,9,12,22502.0,Y,6003.5,current,M,30,LOW,10.0,6,371.0,1,2.0
13938,14156,10637.0,7476.0,4123.0,6402.0,14410.0,5350.37,2378.0,1.0,23,9,1,18,1,72000,1,1,1.0,1,28827.73,100000.0,2644.0,7984.0,19401.0,36606.0,68.0,7,7588.0,41727.98,30200.0,7,108,2495.34,58038.97,16990.93,6,120,22293.0,Y,617.5,saving,F,32,HIGH,4.800000000000001,9,614.0,1,13.0
13939,17303,17908.0,7699.48,1145.0,678.32,1622.8,897.56,3440.53,44.0,601,44,6,15,79,286000,1,1,1.0,1,20049.0,200015.58,2214.0,1079.0,36143.2,90481.0,42.0,19,21985.0,190114.93,229072.5,31,104,256265.0,4079.0,112863.0,8,8,37883.0,Y,6003.45,current,M,69,MEDIUM,14.700000000000001,5,683.0,1,9.0
13940,17554,4696.0,15063.19,87118.0,10207.11,11760.45,3679.5,11893.0,3.0,15,112,25,3,34,100000,1,1,1.0,1,1859872.2,1513335.0,13873.0,173.0,152005.74,44489.04,103.0,26,13410.0,36849.75,21890.0,3,171,544.0,50876.1,44530.0,3,18,39850.0,Y,6990.29,current,M,55,MEDIUM,31.5,8,638.0,1,11.0
13941,16518,8449.0,6521.0,1764.56,9322.77,9441.0,41743.0,4772.0,5.0,47,60,47,56,30,28000,1,1,1.0,1,120781.35,84.32,20000.0,167.0,7150.25,64206.0,10.0,4,43584.0,30309.23,127072.84,24,14,22815.0,104980.0,10187.0,4,18,30623.0,Y,5836.27,saving,M,53,LOW,29.700000000000003,3,269.0,1,10.0
13942,1101,19314.0,37947.95,1377.34,11330.0,2916.91,14799.8,8703.0,19.0,1,110,2,1,8,381000,1,1,1.0,1,41883.6,7576.0,6146.0,167.0,84639.86,20232.0,16.0,4,110633.65,78855.93,209391.0,6,8,200815.17,41049.76,23793.0,11,113,26536.0,Y,1829.56,saving,M,33,MEDIUM,2.6,9,928.0,1,7.0
13943,2813,9106.0,49641.76,926.0,6843.0,319.5,11866.255,6790.0,24.0,128,38,45,3,25,252000,1,1,1.0,1,124929.75,51000.0,50000.0,5340.0,103972.13,41436.0,42.0,26,41729.0,3542.84,43525.0,43,63,15571.0,23903.79,56687.13,4,79,132307.0,Y,282.64,current,M,55,MEDIUM,31.5,5,882.0,1,3.0
13944,8734,1404.0,13572.0,906.89,2721.0,2028.89,20469.37,1109.04,1.0,18,17,3,4,79,461000,1,1,1.0,1,16250.2,295150.9,49975.0,-4679.0,40843.03,72803.0,16.0,1,20004.0,267248.67,33558.0,24,36,24191.0,76593.87,33797.0,7,0,31512.0,Y,31745.07,current,M,36,LOW,12.8,10,623.0,1,13.0
13945,10937,4552.0,12184.6,19789.52,26757.91,7384.0,7513.505,9704.0,2.0,3,19,24,25,44,375000,1,1,1.0,1,5809950.0,172678.56,19176.0,-5998.43994,2343.5,99913.0,4.0,4,41634.0,130530.41,49798.86,2,70,16364.0,39998.13,44468.59,4,32,21779.0,Y,960685.57,current,M,32,LOW,8.4,9,249.0,0,16.0
13946,14742,4389.0,5023.0,1547.0,24944.73,2406.0,9621.3,272.08,2.0,67,19,25,4,81,302000,1,1,1.0,1,3938.25,229809.2,1633.0,1500.0,77901.37,44911.0,46.0,5,34553.16,45606.44,17047.47,5,26,23417.0,131879.89,34333.59,5,21,29788.0,Y,13.98,current,M,39,LOW,13.3,3,647.0,0,10.0
13947,996,23003.0,15369.27,25744.96,996.29,9962.0,859.34,568.0,43.0,77,16,82,5,80,379000,1,1,1.0,1,253302.0,11897.0,4458.0,12163.0,80010.35,20292.0,0.0,26,26630.0,147535.0,90514.0,3,27,17641.0,133176.64,15439.0,10,65,39957.0,Y,1528.28,current,M,35,MEDIUM,6.0,1,866.0,0,19.0
13948,8069,5683.0,16789.52,505.0,18406.84,4402.34,827.0,6728.0,66.0,85,60,2,31,1,35000,1,1,1.0,1,716556.5,86666.06,36114.0,-4324.0,593299.76,66351.25,67.0,5,41209.0,43113.98,45611.0,2,8,34440.0,327397.37,121940.0,62,32,23750.0,Y,47948.51,saving,M,38,MEDIUM,12.600000000000001,7,748.0,0,19.0
13949,12811,14481.0,11920.0,1495.59,29702.0,571.44,313.0,1061.0,60.0,18,50,1,15,81,599000,1,1,1.0,1,1518.0,39833.19,130000.0,10455.0,80229.29,38417.79,4.0,4,2082.0,1240.0,42267.0,3,8,77703.0,8597.01,66711.0,4,11,21346.0,Y,4162.96,current,M,66,LOW,4.6000000000000005,3,858.0,1,16.0
13950,335,208726.0,13100.6,534.7,71916.0,4096.0,14705.965,4409.0,2.0,3,653,3,3,12,845000,1,1,1.0,1,4435.0,80577.0,641.0,5340.0,42215.0,29182.0,80.0,3,56500.0,215458.0,183264.0,35,44,33356.0,229713.92,118418.0,2,80,16890.0,Y,10511.09,current,M,66,MEDIUM,13.8,5,296.0,0,20.0
13951,16263,47.0,11925.2,3370.29,12180.83,9261.9,9265.75,18351.0,1.0,47,14,25,18,11,225000,1,1,1.0,1,48796.45,64491.0,73217.0,-4664.0,108622.5,15121.0,70.0,3,12505.0,8470.4,35602.0,2,17,55129.0,66789.37,66918.0,12,32,22729.0,Y,18242.25,current,M,33,LOW,13.0,1,686.0,1,19.0
13952,13707,18620.0,38698.0,15063.91,6008.61,8297.25,3057.0,8626.22,15.0,17,82,24,2,13,98000,1,1,1.0,1,1581000.0,610000.0,2156.0,-6281.37987999999,89551.71,28768.0,77.0,4,49050.0,49064.0,45512.0,5,20,28300.0,51038.5,56209.0,5,0,15666.0,Y,5168.64,current,F,53,MEDIUM,26.400000000000002,5,385.0,1,13.0
13953,5218,5021.0,21284.93,3016.0,9730.88,4384.0,44976.0,1416.0,10.0,4,14,10,4,37,483000,1,1,1.0,1,47936.43,470000.0,130000.0,3735.0,33353.0,136511.5,20.0,2,7700.0,12880.49,15475.0,2,70,193875.0,16843.5,93142.0,5,79,3646.0,Y,41741.65,current,M,27,MEDIUM,6.300000000000001,10,574.0,1,3.0
13954,1272,10897.0,4797.23,7685.0,12841.92,26717.3,7700.0,4937.0,26.0,7,3,6,3,4,39000,1,1,1.0,1,1263221.7,35421.67,2156.0,-5998.43994,66401.52,64218.0,11.0,3,40199.0,55424.87,180472.0,1,7,32270.0,226461.91,82151.0,14,32,20658.0,Y,1424.24,current,M,30,MEDIUM,2.0,4,801.0,1,10.0
13955,1574,12684.0,5079.53,2400.0,5762.54,15250.81,26654.36,10210.0,8.0,23,5,24,6,47,124000,1,1,1.0,1,53374.97,267421.4,25000.0,3897.0,19573.32,111820.36,69.0,4,103141.0,181076.69,30426.0,1,108,375500.0,59503.0,114070.39,2,11,15010.0,Y,230.12,current,M,53,LOW,13.200000000000001,8,958.0,1,18.0
13956,13073,3279.0,4353.0,11227.18,5080.61,1569.0,2283.25,2638.0,23.0,18,6,47,2,22,518000,1,1,1.0,1,158135.2,16671.0,16215.0,0.0,52482.64,101112.5,16.0,13,48029.0,33457.01,24383.0,2,82,48000.0,94027.87,127756.0,94,8,22411.0,Y,15322.87,current,M,29,MEDIUM,4.5,6,801.0,0,20.0
13957,9152,3543.0,53325.0,4372.65,64868.66,3759.0,8157.0,462.0,4.0,26,50,2,3,12,273000,1,1,1.0,1,6440.0,227697.61,50000.0,-3625.0,22425.77,20220.0,39.0,36,92976.3,294673.03,23897.0,2,108,20416.0,495031.0,152.0,2,50,552.0,Y,11739.55,current,M,47,LOW,21.6,2,505.0,0,12.0
13958,17276,13358.0,6513.0,371.21,4316.67,4379.0,7319.295,23629.3,12.0,23,32,30,46,1,329000,1,1,1.0,1,4930.2,244113.72,49975.0,4795.0,48900.13,8803.91,10.0,36,18624.0,35229.15,120098.0,2,11,39850.0,50111.64,21699.0,22,9,26045.0,Y,1032.51,current,M,40,LOW,10.0,9,737.0,1,3.0
13959,17726,16278.0,1078.0,4582.64,12906.85,7905.83,7145.0,4165.0,57.0,26,64,1,2,41,102000,1,1,1.0,1,526.25,52985.43,183999.0,903.0,16804.24,116768.0,77.0,3,20667.0,71598.32,56696.27,3,81,29622.0,54654.32,50958.0,4,12,169712.95,Y,23891.74,current,M,44,MEDIUM,16.8,10,762.0,0,4.0
13960,17433,15750.0,2729.62,7009.0,14883.92,1776.77,7467.0,1651.0,66.0,77,2,1,31,67,26000,1,1,1.0,1,22712.85,356899.37,583.0,1465.0,91476.44,60076.0,62.0,5,137226.55,43692.92,170851.63,43,20,23953.0,69483.89,540.0,36,49,32357.0,Y,5071.81,current,M,47,LOW,10.8,3,866.0,1,19.0
13961,10844,9508.0,28247.0,8087.0,2020.2,3447.0,9829.0,1981.0,16.0,77,87,2,1,31,267000,1,1,1.0,1,6.164,24703.0,731.0,1014.0,10711.36,16959.0,52.0,2,51801.0,26885.12,165709.0,7,27,58334.0,22138.0,10315.0,3,7,36178.0,Y,2172.56,current,M,40,MEDIUM,8.0,1,685.0,1,17.0
13962,15481,17798.0,16897.58,6738.89,5365.88,4843.65,3966.0,641.0,52.0,10,44,8,1,4,383000,1,1,1.0,1,154363.25,117890.0,4367.0,-3506.17993,57189.07,35504.0,40.0,1,39543.16,3142.29,153570.0,6,78,51541.0,40689.86,14498.0,3,22,28884.0,Y,9377.87,current,M,47,LOW,27.0,8,258.0,1,10.0
13963,12896,17965.0,16841.04,3444.37,3093.9,3167.97,4829.0,11080.5,6.0,99,38,1,1,10,505000,1,1,1.0,1,166331.66,295150.9,925.0,20324.0,26785.29,58403.0,39.0,1,140158.0,101218.5,57715.0,30,11,81835.0,32303.51,65932.33,6,1,19012.0,Y,2410.62,current,M,28,MEDIUM,4.0,6,700.0,1,5.0
13964,7366,342641.0,41279.9,5444.54,6216.46,1204.0,10212.0,12272.22,44.0,3,38,41,51,1,252000,1,1,1.0,1,4614669.901,152664.0,5540.0,-3506.17993,82184.42,85740.0,10.0,5,13957.0,17808.0,25234.5,71,8,15035.0,41941.05,255522.0,58,39,111814.0,Y,3693.64,saving,F,33,LOW,2.6,2,270.0,0,9.0
13965,2248,13765.0,21043.37,1930.0,8794.66,396.22,64620.0,9686.46,10.0,9,27,44,26,56,371000,1,1,1.0,1,417.0,136000.0,4198.0,-5439.0,302889.75,33723.38,4.0,2,36764.0,32613.47,152486.93,1,5,242209.3,69921.68,52399.0,4,11,8625.0,Y,1492.11,current,M,28,MEDIUM,8.0,6,523.0,1,6.0
13966,11835,132427.0,846.47,238.0,6647.18,744.0,7085.0,1925.0,8.0,99,4,3,6,44,350000,1,1,1.0,1,105453.65,30436.0,96558.0,5439.0,63548.5,99913.0,36.0,2,49812.25,4614.71,100229.0,0,23,52756.0,133957.85,776018.04,6,12,32040.0,Y,411.92,current,M,53,HIGH,3.3000000000000003,4,928.0,0,7.0
13967,18850,14306.0,2308.15,1703.0,9655.0,25584.0,5987.06,2189.0,20.0,18,3,82,55,47,199999,1,1,1.0,1,204585.76,16000.0,49975.0,-4664.0,173949.0,76617.0,52.0,30,99594.0,17259.18,100159.0,5,82,18206.0,109346.66,77711.0,8,65,34039.0,Y,6527.86,current,M,60,LOW,32.0,7,395.0,1,17.0
13968,17916,10333.0,31661.68,1047.0,27994.17,12486.47,42303.0,3663.0,10.0,1,50,57,5,67,378000,1,1,1.0,1,684495.7,96096.0,50000.0,1465.0,65810.21,216120.22,16.0,1,52695.0,23483.0,292856.84,2,70,16171.0,93160.59,55925.84,5,83,22849.0,Y,685.28,current,M,58,MEDIUM,30.400000000000002,10,683.0,0,11.0
13969,17698,290648.0,25439.0,4271.0,8091.9,2176.0,2437.0,11399.34,2.0,36,87,60,1,47,56000,1,1,1.0,1,970271.35,118983.0,36114.0,977.0,45031.0,39265.0,4.0,36,42198.0,10523.04,17237.36,20,20,21643.0,48080.46,116612.88,11,103,2340.0,Y,2481.04,current,M,60,MEDIUM,16.0,4,805.0,1,13.0
13970,18253,5447.0,24615.19,3473.0,41205.71,1297.84,11032.0,233384.0,12.0,83,84,4,1,79,302000,1,1,1.0,1,89104.12,60481.0,1001.0,24326.0,30636.25,21578.0,9.0,0,34801.0,22521.37,15879.0,2,81,160060.0,40122.62,31520.0,5,79,22930.0,Y,15866.63,current,M,25,MEDIUM,1.5,6,883.0,0,6.0
13971,19146,19731.0,64350.61,910.01,4353.04,9934.0,2380.92,2468.0,4.0,30,47,57,11,8,784000,1,1,1.0,1,1488748.8,46500.0,49900.0,6613.0,124564.72,329668.0,4.0,0,38336.0,13398.0,151641.5,5,7,59265.0,70239.48,34568.0,12,75,33142.0,Y,10273.55,current,M,47,MEDIUM,5.4,10,799.0,1,16.0
13972,10417,122.0,10941.225,6674.8,8888.42,4562.14,15811.0,52104.09,26.0,2,3,20,3,31,119000,1,1,1.0,1,1146.0,506383.85,48950.0,173.0,143108.67,54188.0,3.0,1,75001.0,23092.88,60463.0,24,171,57200.0,109772.91,230.0,3,58,25275.0,Y,6039.72,current,M,55,MEDIUM,28.0,3,247.0,1,18.0
13973,8536,15215.0,5329.22,8685.26,16375.18,2816.8,2627.34,16761.26,44.0,13,112,21,4,56,403000,1,1,1.0,1,309795.13,27000.0,25524.0,12415.0,49802.4,25788.0,5.0,15,25220.0,131185.37,195793.71,9,89,23088.0,11315.35,146688.14,13,18,112508.0,Y,16663.8,current,M,58,LOW,3.8000000000000003,8,488.0,1,16.0
13974,15504,14773.0,17752.0,1447.42,1348.0,17524.11,1061.0,4844.0,1.0,61,5,1,4,47,66000,1,1,1.0,1,1105487.1,240000.0,6100.0,0.0,62667.54,54179.0,4.0,23,35188.0,22192.09,12683.0,2,108,24527.0,48408.89,56790.0,2,18,19078.0,Y,359.61,current,M,60,MEDIUM,36.0,10,448.0,1,18.0
13975,9268,15930.0,16650.97,834.01,5225.0,550.5,986.0,12335.3,4.0,15,4,1,18,1,75000,1,1,1.0,1,544500.0,1244.14,825.0,1014.0,36170.05,19147.0,46.0,2,17870.0,23123.0,222828.0,2,11,89562.0,107301.09,50179.0,3,0,21188.0,Y,1657.55,current,M,50,MEDIUM,15.0,7,924.0,1,13.0
13976,4368,300588.0,9241.52,6719.0,41456.79,337.0,12627.13,654.0,1.0,601,19,30,3,1,366000,1,1,1.0,1,204.0,465000.0,50000.0,-4664.0,99956.18,63996.0,90.0,5,28502.0,44195.13,61887.5,35,44,111955.31,68316.01,5146.0,58,63,15058.0,Y,13093.41,current,M,42,MEDIUM,22.0,5,523.0,1,13.0
13977,2561,9620.0,2378.28,408.0,838.05,295.0,438.52,3795.0,52.0,67,50,21,6,12,402000,1,1,1.0,1,5383.25,356899.37,936.0,3481.0,46111.0,28733.49,52.0,14,17804.0,168.39,25089.0,1,2,16446.0,24537.0,80965.8,7,10,14521.0,Y,7315.32,saving,M,54,MEDIUM,13.600000000000001,5,485.0,1,3.0
13978,5172,91080.0,75013.0,5617.0,6613.28,5759.51,55425.755,69.0,6.0,1,85,1,9,56,443000,1,1,1.0,1,59703.93,110135.86,16004.0,5439.0,76657.28,77527.0,4.0,1,33879.0,39208.93,96232.88,9,20,86000.0,62876.87,40318.58,5,50,30298.0,Y,2428.36,current,M,29,MEDIUM,9.0,10,299.0,1,17.0
13979,17408,16050.0,15742.0,4176.0,55394.75,14896.0,14172.075,2297.45,44.0,6,19,1,9,36,255000,1,1,1.0,1,89294.6,184514.0,183999.0,0.0,73972.6,40474.0,16.0,2,67691.0,27858.64,155219.0,17,24,28367.0,178236.2,53908.0,12,107,8628.0,Y,3895.13,current,M,42,MEDIUM,15.4,5,860.0,0,10.0
13980,19468,15198.0,12362.89,10913.0,35607.73,15678.0,5661.0,6324.0,7.0,66,49,8,2,47,204000,1,1,1.0,1,47024.8,794000.0,3975.0,4512.0,32888.64,65588.0,35.0,5,13317.0,55525.0,6082.0,6,8,31755.0,101513.16,133354.25,117,106,24131.0,Y,20129.85,current,M,42,HIGH,4.4,8,771.0,1,3.0
13981,11032,2904.0,2991.425,29373.0,14328.5,1168.0,334.0,501.0,60.0,30,38,48,24,80,98000,1,1,1.0,1,3638.25,399.09,48950.0,-4679.0,160956.21,58236.0,91.0,1,39422.0,83184.0,129210.0,1,9,142190.0,68316.01,86876.0,6,83,23885.0,Y,62629.97,current,F,58,LOW,22.8,10,535.0,0,19.0
13982,5306,16053.0,23142.02,2078.81,28877.98,6841.3,940.0,1766.0,43.0,84,50,1,2,79,125000,1,1,1.0,1,47936.43,191000.0,565.0,3897.0,29488.3,39521.14,18.0,7,24868.0,39379.95,15125.0,3,4,30766.0,43778.82,30470.0,14,42,18953.0,Y,1548.24,current,M,37,MEDIUM,8.5,1,258.0,0,12.0
13983,7820,1467.0,7853.0,330.78,12758.42,1217.39,19844.195,29897.32,1.0,46,17,30,1,39,167000,1,1,1.0,1,134985.0,31033.0,4699.0,0.0,14241.0,26755.0,90.0,2,46446.0,197421.13,34419.86,3,8,94102.0,23239.02,135065.0,7,35,26374.0,Y,9636.17,current,M,60,MEDIUM,40.0,10,575.0,1,19.0
13984,17640,6145.0,38993.54,720.0,18178.77,1403.0,2692.0,3033.36,60.0,29,13,3,62,1,489000,1,1,1.0,1,34249.0,26000.0,3792.0,1014.0,46376.0,31156.0,39.0,19,105307.0,24871.75,250284.86,2,17,21510.0,23086.47,35679.0,2,21,40417.0,Y,8367.27,current,M,49,MEDIUM,5.800000000000001,6,558.0,0,20.0
13985,3115,18431.0,14621.85,4622.03,26757.91,2249.0,14923.05,11604.0,531.0,16,6,44,1,1,329000,1,1,1.0,1,130319.0,43397.0,48950.0,1014.0,115713.34,38190.5,11.0,2,32596.0,11035.5,22623.0,1,20,20444.0,28381.25,34378.0,28,18,26304.0,Y,4500.13,current,M,47,MEDIUM,2.7,6,653.0,1,17.0
13986,6300,2808.0,28354.0,7223.0,34043.5,30072.0,5638.195,42284.0,7.0,66,11,3,1,70,232000,1,1,1.0,1,825.0,189246.0,155205.0,-6301.0,12761.0,120146.21,90.0,2,25365.0,31041.0,82418.0,1,20,27409.0,17405.54,24705.0,94,0,91000.0,Y,247.17,saving,M,29,MEDIUM,0.9,4,623.0,1,13.0
13987,7117,14664.0,12494.1,5628.21,552.49,13351.0,1823.15,42284.0,44.0,2,3,35,25,1,84000,1,1,1.0,1,684495.7,46500.0,15654.0,-5439.0,172682.25,14193.0,90.0,3,29175.0,74005.5,1270.0,3,14,136500.0,62019.57,35023.99,4,38,173.16,Y,12914.51,current,M,46,MEDIUM,13.0,1,355.0,0,13.0
13988,15296,17872.0,6911.0,80.0,1714.0,4815.93,1443.0,2938.0,3.0,22,5,8,1,8,483000,1,1,1.0,1,47.35,1163405.86,15477.0,553.0,101366.16,108774.0,2.0,0,221700.0,8181.62,54049.0,50,21,16873.0,8128.75,31971.0,6,50,15759.0,Y,2997.68,current,F,60,MEDIUM,28.0,10,270.0,1,13.0
13989,18171,6978.0,5298.77,4086.0,26614.83,481.0,6359.0,21273.0,44.0,7,7,47,51,1,47000,1,1,1.0,1,328504.5,230000.0,6146.0,-4679.0,14819.19,24909.46,46.0,7,40519.0,9694.0,19065.0,0,50,86707.0,9815.0,239229.95,4,65,115991.0,Y,4800.0,current,M,33,MEDIUM,11.700000000000001,8,863.0,1,13.0
13990,12198,2185.0,21952.11,683.48,6519.01,2109.0,217087.0,1955.52,7.0,99,23,3,1,1,341000,1,1,1.0,1,2008232.55,64309.52,3850.0,5340.0,28813.19,57978.0,29.0,2,21100.0,71177.0,49556.0,4,84,42642.0,137849.59,291568.0,13,106,403.0,Y,6080.24,current,M,32,MEDIUM,10.8,10,723.0,1,17.0
13991,12699,13095.0,18440.68,2408.0,238.94,4691.0,4190.29,4087.0,10.0,10,72,1,51,2,378000,1,1,1.0,1,81284.7,409808.0,6000.0,-5439.0,26047.43,49571.5,16.0,2,9567.0,32747.64,51895.0,5,50,37010.0,72766.62,25304.75,7,21,46988.0,Y,5408.09,current,M,32,MEDIUM,9.600000000000001,3,802.0,1,5.0
13992,10529,37433.0,4165.0,1533.68,3683.06,1165.38,9492.48,2829.0,101.0,65,47,39,11,16,472000,1,1,1.0,1,39851.93,157624.24,12016.0,5464.0,40404.47,1918.0,11.0,2,74787.0,13970.0,15671.0,3,4,44334.0,48372.1,23687.0,8,38,18804.0,Y,12490.82,current,M,63,MEDIUM,25.8,5,911.0,1,17.0
13993,12038,9737.0,34224.7,3527.97,2064.25,10455.88,788.2,7809.0,10.0,71,13,1,62,44,48000,1,1,1.0,1,12315.0,116533.0,5905.0,6613.0,48263.06,39601.28,11.0,7,41473.0,30697.5,130112.0,6,5,68023.0,38118.73,25758.0,21,107,17740.0,Y,8098.99,current,M,37,MEDIUM,11.9,1,574.0,1,11.0
13994,12308,14966.0,5882.0,6453.0,1454.84,8297.25,13721.0,956.0,1.0,36,87,24,1,8,272000,1,1,1.0,1,4323.0,208652.0,100000.0,2500.0,37732.11,40129.0,16.0,3,85769.0,96522.94,62896.0,8,108,17905.0,29923.22,60496.0,13,104,24006.4,Y,2011.15,saving,M,40,MEDIUM,6.0,6,488.0,1,14.0
13995,10848,326047.0,10798.98,4086.0,39214.75,7067.0,23809.72,23197.0,6.0,20,19,3,2,34,167000,1,1,1.0,1,41883.6,201000.0,2019.0,12174.0,41330.04,56595.0,52.0,3,95200.0,41204.71,71091.0,17,9,6288.0,297922.7,64509.0,36,18,48444.12,Y,5767.74,current,M,66,MEDIUM,41.400000000000006,4,424.0,0,20.0
13996,8077,345.0,6431.6,1945.28,2189.32,20554.87,6820.42,1864.0,4.0,43,50,18,25,8,599000,1,1,1.0,1,13730.0,100934.0,126001.0,-4664.0,64484.09,51740.41,3.0,17,134772.0,24198.0,7046.0,9,20,55308.0,30865.0,20691.0,4,63,513622.0,Y,2574.55,current,F,37,MEDIUM,15.3,1,914.0,0,13.0
13997,12537,179988.0,22666.44,1912.66,2721.0,5478.56,18530.845,1574.0,59.0,5,42,47,20,54,358000,1,1,1.0,1,20747.5,1084598.7,12000.0,4856.0,173707.43,333253.0,39.0,6,99665.0,30980.0,34794.0,3,108,77619.0,67508.91,14716.0,2,8,125.0,Y,823.57,current,M,37,MEDIUM,15.3,4,805.0,1,16.0
13998,6429,92203.0,21644.28,371.0,11976.0,1169.2,9225.0,5561.0,24.0,66,5,24,6,1,167000,1,1,1.0,1,4400.0,5350.0,12016.0,3735.0,148497.34,93529.0,52.0,36,82114.0,88847.88,154266.33,42,8,42568.0,29210.9,120681.0,5,40,40100.0,Y,20489.62,current,M,46,MEDIUM,13.0,4,974.0,1,15.0
13999,2586,303389.0,1020.07,5857.31,4353.04,2463.92,1517.0,20455.0,7.0,8,35,47,2,47,296000,1,1,1.0,1,489773.55,10767.53,3975.0,4856.0,6291.25,71377.78,147.0,1,21927.0,108303.0,49082.0,1,7,25790.0,22527.0,30313.0,36,83,26350.0,Y,60786.39,current,M,66,MEDIUM,4.6000000000000005,6,743.0,1,5.0
14000,16694,13498.0,58152.4,20586.0,44963.44,128068.22,2010.67,971.02,16.0,10,3,22,15,70,345000,1,1,1.0,1,153410.0,223379.4,16215.0,12174.0,54160.93,110692.0,90.0,0,15480.0,27279.35,92487.0,5,1,13221.0,48979.85,21816.0,42,83,34272.0,Y,3915.0,current,M,44,MEDIUM,7.2,1,812.0,1,17.0
14001,17889,9311.0,1072.3,18393.0,912.0,4249.23,5772.6,3053.0,6.0,85,89,2,3,9,34000,1,1,1.0,1,937.0,429273.4,30000.0,-12179.0,61945.86,57611.0,50.0,3,38262.0,24823.09,43078.0,8,7,197220.0,90013.29,124091.41,12,103,51353.0,Y,4583.09,saving,M,58,MEDIUM,34.2,2,685.0,1,7.0
14002,8101,6236.0,6388.215,2468.18,21060.0,598.76,3846.095,177.0,44.0,10,61,22,4,1,218000,1,1,1.0,1,825.0,232235.65,15477.0,5464.0,26141.0,59554.77,17.0,6,20187.0,13895.9,75883.0,31,11,21262.0,49974.68,5318.0,3,18,12096.0,Y,2129.6,current,M,34,MEDIUM,12.600000000000001,9,858.0,0,14.0
14003,11428,19990.0,14277.82,1370.25,7283.5,4161.0,20393.96,2789.0,8.0,83,49,3,1,79,670000,1,1,1.0,1,5809.2,170989.0,68000.0,5730.0,61016.0,34590.0,69.0,26,39431.0,61073.75,21719.0,1,40,12997.0,15353.05,40527.79,3,21,35294.0,Y,482.96,current,M,60,MEDIUM,40.0,4,558.0,1,18.0
14004,6394,132584.0,18724.5,11022.88,25403.54,1099.9,31995.0,3671.0,53.0,23,50,22,3,39,326250,1,1,1.0,1,17530.7,46500.0,539.0,1465.0,46604.66,24338.0,46.0,0,12876.0,17414.0,26821.0,5,11,2986.68,243058.4,24713.5,4,38,30928.0,Y,40438.02,saving,F,35,LOW,9.0,6,867.0,1,6.0
14005,16670,117737.0,105853.9,1568.0,1131.95,1975.84,951.3,377.0,5.0,3,135,4,4,68,302000,1,1,1.0,1,134985.0,409168.15,50000.0,1931.0,32652.75,100756.0,10.0,1,25049.0,30228.61,19065.0,42,8,37773.0,83322.81,141030.0,94,75,28658.0,Y,1632.6,current,M,42,MEDIUM,6.6000000000000005,8,858.0,0,10.0
14006,13795,3500.0,25893.45,4731.67,5429.06,9561.0,2140.0,544.7,56.0,23,2,3,2,79,147000,1,1,1.0,1,40681.6,117890.0,6738.0,35346.0,13089.26,24544.0,18.0,1,42386.0,74061.68,113438.82,4,5,23088.0,26005.75,202069.0,2,18,52913.0,Y,4550.22,current,M,31,MEDIUM,1.1,1,864.0,1,6.0
14007,16011,15773.0,14723.85,950.0,1345.52,7399.2,776.0,492.0,531.0,11,47,22,1,13,173000,1,1,1.0,1,157260.0,7576.0,798.0,-12179.0,68429.63,10543.0,39.0,1,22856.0,519.0,30200.0,31,6,14920.0,24775.03,103856.0,4,3,109400.0,Y,22903.99,current,M,35,MEDIUM,12.0,1,537.0,1,9.0
14008,18803,10361.0,5206.0,10527.25,5365.84,2374.0,9240.95,3134.74,44.0,8,47,24,1,44,17000,1,1,1.0,1,8758.2,11982.0,155205.0,1444.0,205455.04,96887.0,10.0,5,30383.0,18944.83,9756.31,7,7,17927.0,58101.0,85677.0,12,21,20105.0,Y,5765.04,current,M,49,LOW,29.0,5,723.0,1,12.0
14009,13326,6602.0,6327.82,976.01,11624.34,11974.77,12589.965,2973.0,1.0,10,87,3,4,6,306000,1,1,1.0,1,12510.0,165970.9,798.0,5773.0,131627.62,95328.0,40.0,4,48945.0,16610.14,68867.0,47,81,29756.0,20501.8,53681.86,3,27,24744.0,Y,2200.31,current,M,223,MEDIUM,162.4,1,801.0,0,20.0
14010,14633,4831.0,10079.11,3422.0,15329.45,1297.84,13725.995,815.0,531.0,23,16,1,1,42,461000,1,1,1.0,1,233727.15,43397.0,6146.0,-7652.0,3117.0,126148.77,147.0,0,15802.58,69514.1,17234.0,2,44,20741.0,2570.0,552.0,58,120,35952.0,Y,1664.17,saving,M,35,LOW,10.5,5,710.0,1,16.0
14011,18440,3127.0,12507.0,10544.0,6766.95,5585.67,1510.56,501.0,57.0,10,10,41,1,70,139999,1,1,1.0,1,58928.67,240000.0,1209.0,1411.0,192022.02,142220.0,91.0,3,49470.0,24013.88,39629.0,4,27,65000.0,55420.0,94545.0,19,18,18017.0,Y,28177.66,current,F,27,LOW,2.8000000000000003,2,516.0,1,4.0
14012,6600,89965.0,22227.0,5341.89,8604.34,3294.0,1952.44,1088.96,12.0,10,32,30,9,1,19000,1,1,1.0,1,1482778.95,221000.0,3570.0,20513.0,48089.05,25967.0,90.0,26,28481.0,74531.05,46729.0,3,8,21447.0,104601.29,55818.54,7,21,17356.0,Y,19784.13,current,M,37,MEDIUM,5.1000000000000005,4,760.0,1,3.0
14013,10279,4874.0,20743.54,5164.0,13779.85,5934.98,9723.63,23629.3,531.0,3,72,8,1,30,58000,1,1,1.0,1,192215.0,96096.0,579.0,-4679.0,15074.45,30486.0,18.0,6,26100.0,8746.5,230162.0,50,78,13747.56,21662.0,328284.0,4,96,22738.37,Y,3862.96,current,M,46,MEDIUM,2.6,7,743.0,1,20.0
14014,11792,533.0,54957.195,373.0,4191.07,1149.84,3830.0,5641.7,12.0,2,59,3,3,79,39000,1,1,1.0,1,937.0,47489.0,29542.0,14509.0,48115.25,43132.92,42.0,13,12898.65,45298.68,35014.18,5,21,34556.0,50477.06,152451.0,9,104,96738.0,Y,4106.03,current,F,28,MEDIUM,2.4000000000000004,8,867.0,1,16.0
14015,7615,16446.0,9265.98,2294.72,2406.63,88209.03,46544.5,2192.5,8.0,10,29,5,55,2,373000,1,1,1.0,1,51031.4,120000.0,16114.0,0.0,117290.0,126801.0,1.0,36,15171.0,154225.55,5349.0,3,1,52158.0,68752.15,37226.0,3,73,50310.0,Y,4297.86,current,F,28,LOW,4.800000000000001,4,249.0,1,17.0
14016,10582,11034.0,3667.26,1849.53,10752.0,3489.0,26331.82,315.75,7.0,3,5,1,7,55,58000,1,1,1.0,1,331.2,105000.0,6000.0,1992.0,70706.09,13157.75,69.0,4,152000.0,33520.25,16335.0,1,5,26567.0,19200.09,34950.09,14,18,37201.0,Y,7871.4,current,M,223,MEDIUM,81.2,9,737.0,1,16.0
14017,16253,399162.0,419.0,2080.0,7901.65,9719.0,4150.01,289.93,1.0,2,59,48,5,20,110000,1,1,1.0,1,89104.12,3084.5,4895.0,1332.0,74411.76,115406.0,11.0,36,97109.0,14111.75,75078.09,6,30,9485.0,48759.27,304084.49,12,36,13418.0,Y,11664.16,current,M,40,MEDIUM,20.0,5,258.0,1,13.0
14018,6991,13026.0,2975.73,1498.0,7121.735,22344.55,428.0,6857.0,4.0,47,35,42,2,36,109000,1,1,1.0,1,65640.0,470000.0,15756.0,5340.0,45343.06,75951.32,1.0,19,31875.0,28412.37,56955.0,3,40,16851.0,37230.29,172213.5,4,57,37066.0,Y,10020.93,current,M,30,MEDIUM,10.0,1,743.0,0,3.0
14019,1751,10123.0,24342.65,3111.0,8223.0,3106.25,12627.13,108319.0,14.0,9,14,44,25,47,525000,1,1,1.0,1,567914.67,43545.0,18389.0,1444.0,29655.5,43250.0,7.0,26,62761.0,5616.56,6150.0,1,4,12452.69,18972.41,109477.0,62,3,24038.0,Y,4532.24,current,M,55,LOW,3.5,10,537.0,1,12.0
14020,15083,11072.0,8134.3,5438.92,1269.53,1763.0,5341.0,928.0,26.0,99,44,1,16,55,373000,1,1,1.0,1,306961.5,160498.0,3850.0,5464.0,56693.32,74731.16,11.0,0,28005.67,107457.01,22338.5,42,5,32720.0,79341.01,300690.0,7,107,46893.0,Y,1870.17,current,M,33,MEDIUM,9.1,4,809.0,0,8.0
14021,9305,173962.0,1031.92,9657.13,22132.92,6598.15,3615.1,5124.0,57.0,6,11,1,4,13,461000,1,1,1.0,1,55700.0,12257.0,13873.0,8572.0,50329.02,36811.26,6.0,4,63770.0,49030.85,54237.0,1,20,18569.0,131869.75,24920.08,9,21,17670.0,Y,6511.15,current,M,30,MEDIUM,7.0,7,488.0,1,8.0
14022,13708,122838.0,3444.005,12538.0,2086.78,645.03,10798.51,1330.0,6.0,14,11,2,3,6,87000,1,1,1.0,1,22086.05,75925.0,5797.0,12415.0,82667.35,72208.0,10.0,2,59190.0,10640.0,219757.0,4,8,29706.0,58934.75,107231.52,6,80,62979.0,Y,9218.73,current,F,34,MEDIUM,11.200000000000001,1,245.0,1,8.0
14023,12887,7461.0,16766.34,330.78,17278.49,3791.72,16547.0,14302.09,6.0,1,14,53,62,4,371000,1,1,1.0,1,41883.6,31871.49,126001.0,-5998.43994,216.25,26955.0,42.0,7,48134.0,16087.38,39398.0,50,69,202236.98,76539.11,132346.0,22,113,54526.0,Y,1035.34,current,M,66,MEDIUM,13.8,9,254.0,0,19.0
14024,16057,5580.0,37758.79,3132.06,11762.67,1237.0,838.95,63745.0,43.0,128,74,5,6,47,134000,1,1,1.0,1,117680.0,25404.0,787.0,8572.0,51617.04,31001.0,46.0,2,26073.0,22707.77,37441.0,0,20,42051.0,19997.3,71659.0,3,83,18325.0,Y,513.57,current,M,37,MEDIUM,8.5,7,538.0,1,11.0
14025,17465,10639.0,9224.79,2258.31,7756.48,26717.3,1796.04,2441.0,8.0,23,20,1,23,1,362000,1,1,1.0,1,233727.15,13299.0,768.0,1992.0,44792.63,124066.0,50.0,3,41957.0,92341.6,17667.5,9,8,16854.0,26223.26,27338.0,7,6,19850.0,Y,2025.21,current,M,55,MEDIUM,21.0,5,355.0,1,14.0
14026,12583,342734.0,9698.96,876.32,2299.0,776.0,8158.0,3771.34,53.0,8,50,20,4,47,402000,1,1,1.0,1,166331.66,93.35,11580.0,5773.0,18045.0,21937.0,35.0,35,27736.0,12168.5,27898.0,6,171,71698.0,52157.63,23963.0,2,8,24459.0,Y,4829.91,current,M,38,MEDIUM,7.2,2,355.0,0,17.0
14027,1770,14453.0,29757.31,1962.0,9181.5,3476.14,17780.25,13587.37,100.0,3,72,3,3,6,472000,1,1,1.0,1,10006.2,76365.24,155205.0,9415.0,12093.88,46985.0,147.0,13,24908.0,53088.09,39065.0,5,36,184626.66,39840.7,7321.0,5,21,35485.0,Y,3465.71,current,M,55,MEDIUM,14.0,4,966.0,0,7.0
14028,13145,2608.0,3540.7,885.5,7370.87,17378.0,70239.0,4669.0,2.0,43,20,48,15,11,232000,1,1,1.0,1,29424.37,221000.0,28912.0,1500.0,71538.14,84450.11,39.0,7,31176.0,33445.0,36107.04,2,108,39278.0,38991.28,6122.0,117,87,33411.0,Y,1918.92,current,M,32,MEDIUM,2.4000000000000004,10,966.0,1,8.0
14029,15360,1531.0,4421.0,1156.7,6519.01,6585.43,1121.0,6728.0,6.0,99,4,1,1,1,402000,1,1,1.0,1,39853.9,64309.52,300500.0,-4324.0,109757.67,11087.0,29.0,26,23073.0,5041.0,10295.0,3,87,24744.0,22343.6,25612.01,4,22,56400.0,Y,2730.41,current,M,27,MEDIUM,4.9,9,882.0,1,4.0
14030,9176,3525.0,9561.53,177.0,20747.13,4524.0,13430.83,2420.0,12.0,10,50,5,2,1,59000,1,1,1.0,1,46056.7,25404.0,100000.0,290.0,35516.0,459.0,70.0,4,12102.7,5466.26,14034.0,70,6,17997.95,46275.84,51058.0,13,104,101443.0,Y,2043.8,current,M,34,MEDIUM,1.4000000000000001,8,123.0,0,16.0
14031,13815,18526.0,149055.97,2913.24,3031.0,1318.0,6130.0,2136.0,19.0,23,29,4,5,1,58000,1,1,1.0,1,970271.35,5351.0,1515.0,5773.0,26334.5,15025.0,42.0,2,29500.0,7650.0,80441.5,2,23,24000.0,135966.72,27381.0,9,7,378.0,Y,5009.94,current,M,38,HIGH,12.600000000000001,6,516.0,1,11.0
14032,13844,109166.0,17517.61,60495.0,5374.26,1005.0,5862.0,2683.35,8.0,10,1,41,17,79,400000,1,1,1.0,1,2184.0,69370.0,28912.0,0.0,25238.71,15209.0,39.0,5,24260.0,13227.0,68443.0,5,171,611.0,3139.61,54510.27,58,38,45199.0,Y,5284.68,current,M,32,MEDIUM,12.0,4,536.0,0,20.0
14033,11992,3368.0,9140.47,25408.52,1696.0,6046.0,9287.58,6119.0,6.0,43,74,1,3,30,256000,1,1,1.0,1,380.0,1024477.47,13873.0,7478.0,14559.01,380492.0,84.0,36,62600.0,50030.52,12720.0,9,20,20807.0,87578.31,60840.75,4,6,17239.0,Y,32566.85,current,M,53,MEDIUM,23.1,4,516.0,1,6.0
14034,18250,8767.0,9240.48,1166.42,1104.89,942.0,8256.6,2324.0,124.0,5,5,42,2,2,369000,1,1,1.0,1,568.8,273221.0,8060.0,6916.0,93668.15,29595.0,87.0,0,19317.0,14278.4,73950.0,2,11,37683.0,18972.41,83714.0,10,18,28257.0,Y,6262.74,saving,M,47,MEDIUM,24.3,8,969.0,1,20.0
14035,13382,15158.0,44909.62,18197.05,11045.57,7384.0,8139.605,15620.69,19.0,10,4,5,3,80,313000,1,1,1.0,1,146931.8,201000.0,539.0,886.0,12504.5,58301.0,39.0,13,29174.0,6754.59,65293.5,24,46,16964.0,36117.58,63071.0,3,58,104882.0,Y,1371.25,current,M,55,MEDIUM,21.0,10,374.0,0,16.0
14036,4175,6035.0,1707.0,36486.56,9843.08,10533.4,3073.875,31801.0,92.0,10,27,10,3,98,524000,1,1,1.0,1,28844.0,14000.0,16215.0,-6281.37987999999,56100.43,62525.0,42.0,36,35148.0,32083.76,34555.0,6,13,23413.0,26007.63,16404.0,8,11,39768.0,Y,13709.2,current,F,36,HIGH,9.600000000000001,4,956.0,1,14.0
14037,12421,19063.0,3492.0,2317.0,86293.27,11760.45,18296.905,6707.91,43.0,60,10,52,1,47,393000,1,1,1.0,1,60800.0,375000.0,13873.0,-5439.0,2536.8,9225.0,147.0,0,65057.0,4888.21,50581.0,2,81,16446.0,458089.04,82224.0,5,63,42681.0,Y,5304.79,current,M,66,MEDIUM,23.0,2,867.0,0,9.0
14038,3532,15641.0,32243.03,762.01,4581.29,3187.12,11360.67,4957.28,1.0,83,13,42,2,1,186000,1,1,1.0,1,63247.65,93.35,48374.0,-5439.0,4533.0,17014.91,18.0,1,3112.0,12563.81,671660.0,11,11,29290.0,139766.49,42463.47,1,49,63489.0,Y,8020.09,current,M,35,LOW,4.5,9,746.0,0,3.0
14039,17455,16158.0,19176.38,19073.0,1338.65,1731.0,8575.83,1474.0,4.0,6,5,20,2,1,75000,1,1,1.0,1,75240.45,237365.38,24094.0,167.0,689.0,142338.0,52.0,3,20050.0,48506.55,102594.25,4,6,48471.0,108984.84,11312.0,5,104,29319.0,Y,3367.12,current,M,35,MEDIUM,1.5,3,799.0,1,20.0
14040,6363,16689.0,63131.01,1978.0,729.92,81.0,9655.25,12842.45,18.0,6,50,21,2,79,221000,1,1,1.0,1,134985.0,68663.61,711.0,-5998.43994,3255.78,85838.0,11.0,4,18978.0,118640.99,22355.0,4,38,14037.0,29950.88,22715.0,4,32,74946.0,Y,2512.28,current,M,33,MEDIUM,11.700000000000001,6,737.0,1,16.0
14041,13778,2520.0,2164.0,814.89,2000.92,2701.06,3004.5,18528.0,26.0,36,5,18,1,13,100000,1,1,1.0,1,53374.97,32714.0,126001.0,-6301.0,49097.43,98584.0,46.0,2,14417.0,32696.43,52520.0,2,11,30190.0,69165.03,10224.09,3,21,24583.0,Y,2201.83,saving,M,30,MEDIUM,7.0,4,805.0,1,19.0
14042,15280,11460.0,24116.65,48097.57,28175.0,4612.0,2984.95,1372.55,24.0,32,82,2,2,18,564000,1,1,1.0,1,6014.12,470000.0,15477.0,3897.0,45594.36,111554.0,11.0,1,25365.0,44322.75,6574.0,50,81,10000.0,40795.49,172091.29,22,1,39696.0,Y,217403.63,saving,M,42,MEDIUM,4.4,2,969.0,1,10.0
14043,5927,233271.0,7295.53,3459.52,11751.5,11687.0,20961.0,12888.76,531.0,99,71,24,15,6,59000,1,1,1.0,1,9118.35,1194405.5,5591.0,20324.0,225530.18,31049.0,77.0,33,159847.0,14915.97,180946.0,2,82,56623.0,83713.84,21739.0,2,13,107174.0,Y,6764.79,current,M,37,LOW,5.1000000000000005,6,799.0,1,3.0
14044,7777,16012.0,2239.49,1844.0,3550.17,959.0,16629.0,8925.2,63.0,2,9,10,4,1,68000,1,1,1.0,1,238733.0,409168.15,4000.0,0.0,62977.23,81255.0,42.0,6,63728.0,10515.56,121912.8,3,75,81500.0,24030.71,50330.0,6,18,41121.0,Y,3683.82,current,M,42,LOW,17.6,10,233.0,0,5.0
14045,17449,19525.0,16721.445,3349.78,332.5,6036.89,13783.0,246.0,26.0,15,64,2,6,47,369000,1,1,1.0,1,16202.15,105000.0,24619.0,10455.0,26167.25,226540.0,8.0,13,16568.0,13286.0,59802.0,4,42,16604.0,34740.79,30156.0,3,76,15133.0,Y,2431.75,current,M,62,MEDIUM,16.8,4,355.0,0,15.0
14046,6822,3062.0,4977.71,10430.45,15761.0,19192.6,16882.21,928.34,1.0,2,10,1,3,1,167000,1,1,1.0,1,13279.75,100000.0,12000.0,1014.0,6702.5,70359.97,91.0,5,14464.0,14155.4,203634.9,5,50,16306.0,17641.5,33975.0,7,10,184.0,Y,43.07,current,M,32,HIGH,10.8,10,269.0,1,13.0
14047,12808,4310.0,41339.0,3148.0,2473.24,3839.0,6487.0,28757.0,1.0,10,19,53,6,11,20000,1,1,1.0,1,262584.0,376694.91,23032.0,1500.0,14544.22,70414.54,4.0,3,124728.0,17634.87,27613.0,3,81,20920.0,70707.36,45456.0,21,35,31069.0,Y,1588.6,current,M,39,LOW,9.5,7,864.0,1,4.0
14048,14629,6411.0,17115.1,882.13,2000.3,9640.95,28073.51,624.0,92.0,14,49,1,1,79,519000,1,1,1.0,1,474401.25,280000.0,550.0,3897.0,44223.61,29418.0,11.0,36,22541.0,53161.63,266673.75,6,82,37765.0,26657.84,145521.0,9,24,19285.0,Y,587.22,current,M,36,MEDIUM,3.2,10,505.0,0,14.0
14049,2797,17732.0,6509.3,11814.16,13064.48,12238.6,12368.0,5333.6,10.0,3,5,42,18,54,143000,1,1,1.0,1,5383.25,82907.34,766.0,5350.0,151604.3,40950.01,55.0,1,28248.15,15425.37,48159.5,2,82,19953.0,67520.85,118418.0,4,32,43633.0,Y,2254.65,current,M,30,MEDIUM,3.0,5,633.0,0,4.0
14050,3367,318525.0,33550.21,1274.99,15803.95,9551.0,6038.52,8703.0,4.0,61,2,24,21,1,199999,1,1,1.0,1,75240.45,65174.0,610000.0,3897.0,10788.66,39604.75,2.0,35,28040.0,110923.29,123736.21,7,42,28868.0,92078.63,37878.75,2,7,26095.0,Y,56018.48,saving,M,32,HIGH,4.800000000000001,8,395.0,1,3.0
14051,6282,298617.0,18924.56,1268.0,15836.0,3259.0,4726.345,6485.0,44.0,65,50,2,1,79,400000,1,1,1.0,1,668728.4,43021.0,25000.0,2351.0,60874.45,10062.0,147.0,18,53007.0,96374.86,27332.81,9,69,270.0,29872.27,43985.0,38,18,11752.0,Y,6794.21,current,M,56,MEDIUM,36.0,3,508.0,0,8.0
14052,9043,16717.0,11616.0,2061.0,72167.01,13567.45,14145.37,22402.0,7.0,1,4,26,3,26,150000,1,1,1.0,1,11878.6,2436.91,1515.0,17080.0,101898.83,93322.0,7.0,5,11242.0,29946.0,56136.0,1,38,193000.0,37162.98,31097.76,2,38,36445.0,Y,10169.44,current,M,47,MEDIUM,13.5,7,486.0,0,8.0
14053,10877,208359.0,884.0,5072.42,4399.85,1096.0,4477.05,583.95,44.0,77,44,5,1,4,293000,1,1,1.0,1,306961.5,42000.0,11379.0,691.0,37290.65,60708.0,63.0,14,83569.0,87374.23,62234.0,43,7,19019.0,25906.55,35185.15,58,61,137000.0,Y,7384.04,saving,M,42,LOW,6.6000000000000005,10,623.0,1,3.0
14054,2710,14333.0,30348.19,7770.0,3891.0,2579.2,5700.55,2629.84,2.0,5,47,2,4,3,58000,1,1,1.0,1,199690.5,16000.0,25000.0,6885.0,71952.56,23247.0,29.0,36,67144.0,15576.5,116144.0,1,13,36592.0,20071.77,27655.21,2,83,3525.0,Y,3538.49,current,M,55,MEDIUM,10.5,4,385.0,1,3.0
14055,4625,5397.0,53941.9,2289.0,2334.32,8244.8,2905.0,6758.7,43.0,19,47,42,31,30,352000,1,1,1.0,1,60800.0,32000.0,12000.0,0.0,70016.69,24779.0,20.0,1,12898.65,28314.43,37127.76,16,82,23569.0,265154.13,17055.0,9,133,132056.0,Y,1711.53,current,M,42,MEDIUM,4.4,10,244.0,1,6.0
14056,1448,4692.0,8737.96,2232.84,5046.05,3813.1,10521.5,699.1,2.0,3,105,8,4,8,427000,1,1,1.0,1,23221.65,130000.0,583.0,418.0,37691.89,74774.0,91.0,35,16105.0,68281.97,64383.0,5,81,23606.0,27566.2,36477.77,13,13,21660.0,Y,1545.94,current,M,35,MEDIUM,13.5,6,927.0,1,19.0
14057,15096,330839.0,18442.38,1962.0,2977.93,6841.3,3935.42,301.0,10.0,5,20,4,2,54,139000,1,1,1.0,1,347309.75,278904.9,4367.0,2921.0,34278.6,17473.0,42.0,17,74400.0,12876.0,61086.91,5,29,146972.0,124359.13,71249.0,40,65,26369.0,Y,7934.81,current,M,40,MEDIUM,18.0,6,247.0,0,12.0
14058,828,1562.0,20589.51,9273.03,14628.0,13329.11,4248.73,2282.0,19.0,5,61,11,15,55,523000,1,1,1.0,1,61186.36,82907.34,3850.0,5464.0,41681.4,88439.0,40.0,1,25538.0,35068.58,48068.0,2,50,25484.0,152976.41,28255.47,117,12,21194.0,Y,19971.71,current,M,38,MEDIUM,7.2,9,243.0,1,10.0
14059,19463,38804.0,12449.62,4843.0,45523.0,6164.0,7283.385,2557.0,3.0,18,135,2,4,5,50900,1,1,1.0,1,825.0,35000.0,25524.0,-3506.17993,9408.0,22053.0,6.0,0,14763.0,63208.09,86369.5,1,63,30987.0,16311.67,111491.2,3,133,10460.0,Y,2295.55,current,M,32,MEDIUM,9.600000000000001,1,516.0,1,14.0
14060,18924,8552.0,9416.21,32843.55,7040.86,2913.65,5169.0,2997.44,7.0,10,49,4,6,42,421000,1,1,1.0,1,2984.1,385218.7,25639.0,-4679.0,755.0,14145.0,46.0,0,3570.0,40377.0,88798.0,2,108,45702.0,40904.52,1755.71,14,24,48649.0,Y,1145.0,current,M,49,MEDIUM,11.600000000000001,2,923.0,0,7.0
14061,1601,8272.0,43200.39,4898.0,14870.0,5398.0,10554.0,1724.0,8.0,5,5,1,26,8,44000,1,1,1.0,1,11027.5,52098.99,12560.0,3735.0,59850.0,75424.0,79.0,0,39859.0,10324.0,68703.0,4,5,4003.0,69904.49,65476.0,4,106,115500.0,Y,256.58,current,M,46,LOW,15.600000000000001,9,818.0,1,15.0
14062,9689,19722.0,2544.0,3285.8,1528.0,2179.85,5970.0,2861.0,6.0,8,49,8,63,39,16000,1,1,1.0,1,1482778.95,159308.0,583.0,-3506.17993,40943.71,34417.0,46.0,2,63082.35,74486.31,148279.0,1,25,14344.0,525721.35,22313.0,2,10,17221.75,Y,12005.29,current,M,44,MEDIUM,4.800000000000001,9,802.0,1,13.0
14063,8372,19530.0,45316.55,844.96,4105.88,7383.0,5232.0,2204.0,26.0,34,3,1,25,2,156000,1,1,1.0,1,76780.0,74599.9,300500.0,5340.0,76936.0,21077.0,35.0,2,38190.0,77480.0,114068.0,11,84,104687.0,21306.25,70090.0,9,12,31182.0,Y,44134.21,current,M,40,MEDIUM,2.0,4,796.0,0,3.0
14064,9289,14190.0,18132.0,321.23,1693.76,7201.4,8141.5,868.5,44.0,25,23,53,17,47,255000,1,1,1.0,1,4110.0,100934.0,130000.0,6613.0,125258.19,85935.0,4.0,29,46100.0,14934.18,164837.6,1,75,23833.0,45439.13,44224.09,3,133,13816.0,Y,380.49,current,M,35,HIGH,1.5,5,866.0,0,3.0
14065,19647,301474.0,12744.57,4818.0,15316.7,6920.0,33301.87,3033.36,8.0,3,49,1,16,6,505000,1,1,1.0,1,8370.8,393982.1,24717.0,3735.0,59644.08,22397.0,8.0,1,36002.0,30504.63,19517.0,2,24,63200.0,8525.11,163574.75,40,18,67791.56,Y,3515.05,current,M,30,LOW,4.0,4,574.0,0,17.0
14066,18605,12134.0,20032.58,683.48,12683.56,7984.89,24611.0,1890.0,44.0,34,7,1,2,53,139000,1,1,1.0,1,1488748.8,33668.0,908.0,10455.0,43050.0,20501.0,69.0,1,31925.0,16032.21,48932.86,23,27,21334.0,17018.0,89307.0,3,103,2600.0,Y,7555.91,current,M,32,MEDIUM,3.6,8,324.0,1,9.0
14067,17791,9004.0,37758.79,46915.0,5103.36,1307.0,17859.0,2040.0,7.0,39,1,6,2,68,483000,1,1,1.0,1,161704.0,560000.0,33950.0,-6301.0,43200.25,56910.0,57.0,6,14117.0,28716.14,23117.0,11,7,12729.0,4118.0,77999.0,7,104,27181.0,Y,407.55,saving,M,35,LOW,3.0,3,805.0,1,7.0
14068,4228,12876.0,21777.0,25669.0,15448.53,1751.0,6090.5,1712.0,25.0,2,82,7,3,9,352000,1,1,1.0,1,41883.6,76157.6,105000.0,20324.0,80764.75,156866.33,46.0,3,18708.0,49722.0,22281.0,2,21,107738.0,62311.0,32005.0,14,73,14980.0,Y,0.0,current,F,33,LOW,11.700000000000001,5,454.0,1,6.0
14069,19959,214665.0,13717.16,4850.0,1190.0,10317.0,9662.0,7259.0,531.0,3,13,1,2,79,28000,1,1,1.0,1,9717.55,152391.0,1526.0,6613.0,27225.27,64525.85,4.0,6,24661.0,62772.9,137717.17,1,59,10205.0,13957.86,4129.0,13,27,44378.0,Y,836.77,current,M,39,HIGH,17.1,6,299.0,1,5.0
14070,17320,17578.0,33516.18,2948.84,1528.0,4336.0,17651.5,944.0,2.0,8,67,45,1,58,579000,1,1,1.0,1,1234298.9,33668.0,3570.0,0.0,37602.75,53608.0,46.0,3,89524.0,259684.85,45291.0,1,7,89691.0,304871.68,141077.38,10,1,45887.5,Y,61908.59,current,M,69,MEDIUM,34.300000000000004,6,737.0,1,7.0
14071,7143,297667.0,21420.82,1588.0,1594.04,4051.0,102403.0,1474.0,8.0,10,72,10,25,30,100000,1,1,1.0,1,871.5,100934.0,16114.0,-5998.43994,59659.71,71476.0,18.0,5,17846.0,47104.59,100159.0,1,82,121989.0,379705.1,43107.08,62,120,54078.95,Y,11907.27,saving,M,30,MEDIUM,5.0,7,858.0,1,15.0
14072,2464,406915.0,11477.02,13741.0,3580.0,5006.66,12884.535,1533.0,124.0,10,26,45,38,13,525000,1,1,1.0,1,4900.4,62606.0,96558.0,7478.0,4691.25,59952.0,16.0,31,24889.0,256917.75,52074.0,4,7,47537.0,53853.02,27828.0,11,18,22556.21,Y,2411.98,saving,M,29,MEDIUM,2.7,10,330.0,1,8.0
14073,3428,133233.0,12025.0,2515.0,37480.89,34127.04,15354.3,23865.0,67.0,43,7,2,1,4,494000,1,1,1.0,1,111.4,6.0,2644.0,-6301.0,57312.77,257.0,11.0,5,87511.0,15884.27,130474.0,9,63,27850.0,17492.5,98939.5,49,37,35662.0,Y,411.92,saving,M,29,MEDIUM,1.8,7,516.0,1,7.0
14074,6449,119851.0,76755.23,5413.02,22834.0,11276.0,8186.0,1355.05,8.0,17,32,53,17,5,378000,1,1,1.0,1,19265.4,760470.3,891.0,-6281.37987999999,35076.0,56011.5,43.0,5,19421.0,98227.0,22773.0,1,20,23284.0,12639.5,19924.26,6,79,12929.0,Y,67280.05,current,M,53,LOW,26.400000000000002,3,710.0,1,19.0
14075,3054,13676.0,5985.2,4439.5,4284.71,6209.0,3851.0,2784.7,531.0,128,14,18,1,1,362000,1,1,1.0,1,1146.0,6.0,2156.0,-5715.49022999999,52707.92,54808.0,52.0,13,25158.0,32188.78,88905.0,2,171,29882.0,110196.06,68761.0,21,50,155560.0,Y,2383.51,current,M,219,MEDIUM,199.0,8,801.0,1,14.0
14076,16664,8542.0,11991.42,10931.0,17341.25,3447.0,75189.0,7974.0,15.0,71,64,8,55,55,282000,1,1,1.0,1,6440.0,232524.0,12611.0,9415.0,28312.68,41913.0,23.0,15,18763.0,17326.5,30918.0,1,24,41926.0,84164.12,147868.0,36,8,28096.0,Y,5469.79,current,M,46,MEDIUM,26.0,7,385.0,1,11.0
14077,19534,304179.0,3073.01,5431.86,9288.0,6798.45,28050.25,2404.82,67.0,84,59,41,3,80,550000,1,1,1.0,1,11827.75,2436.91,768.0,6916.0,419275.64,11336.0,22.0,36,55539.0,5841.0,64994.0,2,14,41952.0,16471.65,19310.0,5,6,25919.0,Y,3146.13,current,M,53,MEDIUM,9.9,8,802.0,0,17.0
14078,1839,4720.0,6872.0,10506.0,7559.56,2971.0,4015.03,3899.0,7.0,2,67,18,56,9,152000,1,1,1.0,1,42460.6091,110135.86,639.0,9827.0,79341.61,77451.22,11.0,1,109630.0,25590.3,20377.0,11,59,38099.0,26998.54,41280.0,22,57,7638.0,Y,12030.62,current,M,33,MEDIUM,2.6,1,508.0,1,16.0
14079,4232,703.0,511.0,6432.0,11593.2,2976.0,4450.325,9686.46,4.0,6,30,11,15,37,232000,1,1,1.0,1,41883.6,375000.0,130000.0,0.0,35696.5,116308.0,40.0,30,4100.0,49747.84,15475.0,12,20,33458.68,49252.67,44684.0,12,11,34668.0,Y,24291.83,current,M,53,MEDIUM,9.9,5,355.0,1,10.0
14080,364,17210.0,2498.0,13220.37,5014.5,2966.18,3690.0,352.0,26.0,10,27,44,21,2,249000,1,1,1.0,1,8043.25,1372927.14,5591.0,-4664.0,17009.22,74046.0,7.0,2,15070.0,94539.16,39805.0,4,7,20942.0,55060.12,86581.0,4,42,50119.0,Y,169.0,saving,M,32,LOW,10.8,1,488.0,1,9.0
14081,17612,16635.0,402.0,5561.58,11012.5,8195.11,142675.38,802.0,6.0,47,4,11,1,67,58000,1,1,1.0,1,1910215.0,77000.0,67696.0,-5998.43994,37730.22,50010.0,35.0,36,19513.0,49640.13,29349.85,1,46,12124.0,54629.24,90393.0,7,27,37165.0,Y,3379.67,current,M,33,MEDIUM,3.9000000000000004,5,966.0,0,2.0
14082,16362,16668.0,5952.0,2656.0,5938.4,2512.18,21010.02,5715.0,4.0,11,74,24,2,30,27000,1,1,1.0,1,13730.0,191000.0,6000.0,1411.0,44143.02,10862.41,89.0,5,135784.78,30065.22,216679.0,23,20,48735.0,93915.96,25049.0,14,26,39656.0,Y,6461.21,current,M,42,MEDIUM,13.200000000000001,3,269.0,0,2.0
14083,16496,18829.0,9876.71,8851.0,17784.44,2555.0,3402.26,1486.0,52.0,83,9,12,25,3,483000,1,1,1.0,1,825.0,90829.65,1633.0,6260.0,291649.0,548358.38,46.0,15,39628.0,24585.29,51687.0,3,50,38190.0,27837.14,58631.0,2,13,54526.0,Y,1016.51,saving,M,69,MEDIUM,34.300000000000004,1,536.0,1,8.0
14084,4250,29794.0,3239.3,14521.33,2083.79,920.0,7186.0,23865.0,2.0,14,59,2,6,1,575000,1,1,1.0,1,510.6,77000.0,51520.0,1507.0,24123.23,56022.49,16.0,7,52382.0,51255.38,29798.0,9,81,33551.0,7338.34,8684.0,2,61,32009.0,Y,13064.97,current,M,46,LOW,18.2,9,269.0,1,8.0
14085,19447,696.0,24966.81,22558.0,1120.0,2632.0,1170.6,145.39,6.0,85,35,47,25,9,400000,1,1,1.0,1,293418.75,40000.0,13873.0,5439.0,21999.58,19788.0,8.0,2,61686.0,88454.0,11160.0,4,13,47133.0,49156.24,101430.5,7,11,55970.0,Y,1293.99,current,M,66,MEDIUM,4.6000000000000005,9,394.0,1,13.0
14086,16714,6007.0,3540.46,1227.0,482.0,3347.0,3702.785,47644.0,7.0,26,87,3,1,4,87000,1,1,1.0,1,5215.0,33668.0,5981.0,553.0,64273.59,141123.0,52.0,1,213400.0,81343.96,38732.0,1,6,30858.0,11687.47,19568.0,6,106,55721.0,Y,4441.49,current,M,223,HIGH,81.2,6,805.0,0,14.0
14087,5840,9193.0,4926.86,6748.0,26196.37,4574.0,424.5,13338.31,2.0,50,74,2,2,1,366000,1,1,1.0,1,185669.2,97523.61,130000.0,-3506.17993,30205.0,35194.0,11.0,2,40484.0,200096.03,70476.3,7,50,16949.0,10832.7,37842.0,8,2,63630.0,Y,1396.96,current,M,118,MEDIUM,9.8,1,277.0,1,6.0
14088,5138,9342.0,16461.965,25833.0,182713.01,9466.5,6167.18,7240.0,12.0,42,105,12,2,17,49999,1,1,1.0,1,204.0,51531.0,25524.0,8723.0,92177.41,26203.0,59.0,2,43130.0,128451.15,48215.0,4,8,998276.0,213262.89,46105.0,10,7,141014.42,Y,1040.5,saving,M,36,LOW,1.6,1,771.0,1,20.0
14089,12260,181053.0,3658.15,2405.0,3861.0,4151.0,1106.0,5721.0,44.0,6,67,82,27,10,382000,1,1,1.0,1,1581000.0,68663.61,183999.0,1332.0,95810.45,379397.0,67.0,4,14312.0,72182.0,194462.21,2,25,156312.0,12243.85,42492.0,11,14,9261.0,Y,243141.04,current,M,37,LOW,13.600000000000001,5,836.0,1,11.0
14090,2926,341.0,1974.21,5311.0,7018.0,12903.05,25900.235,6508.58,6.0,26,30,62,46,31,28000,1,1,1.0,1,27316.5,222222.0,25524.0,1992.0,41672.86,33165.0,4.0,4,26783.0,27776.5,33591.26,6,7,22661.0,17815.47,25976.0,28,9,15033.0,Y,36046.39,current,M,30,HIGH,1.0,5,385.0,1,19.0
14091,13203,12484.0,57604.77,23505.0,5144.05,4241.0,27894.0,295.2,10.0,4,13,10,1,1,350000,1,1,1.0,1,47024.8,11897.0,48950.0,2337.0,54518.0,37448.0,18.0,4,17592.0,36849.75,30837.24,5,29,581.0,35410.44,20197.0,8,100,14975.0,Y,1836.75,current,M,34,MEDIUM,8.4,2,537.0,0,9.0
14092,14947,122034.0,12008.0,663.56,4933.0,4100.0,17759.0,6288.0,2.0,10,50,52,24,58,104000,1,1,1.0,1,137260.8,33668.0,24125.0,0.0,62205.75,90022.0,4.0,7,28029.0,49488.51,120786.0,70,20,18626.0,44849.83,21878.0,18,28,82438.0,Y,10676.78,current,M,35,HIGH,12.0,3,233.0,1,19.0
14093,15770,13906.0,72193.7,391.0,6647.18,2756.0,2408.165,759.0,92.0,26,74,1,4,47,84000,1,1,1.0,1,138272.2,537476.4,105000.0,1332.0,87598.75,44957.0,52.0,1,14685.0,39794.64,62792.0,4,25,69009.0,15548.25,24398.64,47,68,45935.0,Y,428.3,current,M,32,MEDIUM,6.0,4,882.0,1,6.0
14094,11314,9201.0,5232.5,5073.0,3384.46,12447.72,3106.69,12888.76,5.0,10,50,20,27,44,186000,1,1,1.0,1,2720.0,12257.0,24619.0,20513.0,65004.75,18248.0,16.0,36,36468.0,66575.13,97929.0,2,23,13501.0,38864.35,77630.25,4,6,15989.0,Y,23954.24,current,M,63,HIGH,38.7,5,488.0,1,5.0
14095,6753,10018.0,1538.72,8615.96,15592.0,1656.0,4205.69,4191.0,12.0,3,42,7,26,62,307000,1,1,1.0,1,593.2,730000.0,54101.0,0.0,59430.94,20081.0,16.0,0,134811.0,46739.3,154421.0,6,81,22670.0,14131.5,97880.0,14,83,21227.0,Y,3184.71,current,M,50,MEDIUM,18.0,9,764.0,0,14.0
14096,8261,6387.0,9760.72,3229.0,2551.0,3394.5,929.0,637.0,92.0,1,7,48,31,2,188000,1,1,1.0,1,19866.0,20500.0,16114.0,-4679.0,89682.36,54916.7,63.0,23,33909.0,16435.36,100504.0,9,44,11555.0,80686.02,25813.0,8,3,32192.09,Y,2977.5,current,M,27,MEDIUM,2.1,8,525.0,1,4.0
14097,13853,15003.0,9025.76,231.0,74533.07,3638.04,714.6,20290.0,1.0,2,82,18,11,2,47000,1,1,1.0,1,2100.0,96096.0,610000.0,5464.0,48881.4,48020.0,23.0,4,63.0,65946.0,59836.69,35,12,47439.0,44877.4,82593.42,6,8,27986.0,Y,2601.39,current,M,223,MEDIUM,142.1,5,866.0,0,12.0
14098,7669,10847.0,7685.93,1624.65,9016.5,4255.76,4271.0,13972.0,16.0,23,3,2,3,16,169000,1,1,1.0,1,48422.7,165970.9,155205.0,-402.0,15265.11,66695.0,42.0,36,16789.0,22013.0,32170.0,45,70,61302.87,9815.0,44880.0,2,43,28168.0,Y,10975.65,current,M,33,MEDIUM,13.0,6,249.0,1,5.0
14099,8110,2337.0,7303.0,713.0,5476.89,4100.69,3073.44,5682.0,12.0,3,3,50,4,47,232000,1,1,1.0,1,154363.25,48087.25,2019.0,-4664.0,135757.0,20080.77,36.0,5,151896.0,65634.21,194.0,1,108,145374.0,35423.16,65861.0,117,104,23443.0,Y,7378.62,current,M,37,MEDIUM,1.7000000000000002,1,249.0,1,10.0
14100,10494,7145.0,3504.32,35250.0,16526.99,15678.0,22711.62,587.0,44.0,43,23,18,12,39,150000,1,1,1.0,1,57395.5,167870.79,126001.0,2921.0,31454.36,27028.0,11.0,7,36850.0,57463.28,99524.0,3,78,26280.0,157376.1,23434.0,6,28,42289.0,Y,53403.31,saving,F,62,MEDIUM,42.0,9,243.0,1,14.0
14101,994,2876.0,15131.5,255.0,11976.0,4813.02,13987.0,4905.0,56.0,46,10,1,27,5,100000,1,1,1.0,1,526.25,385218.7,583.0,-4664.0,35870.35,29599.0,90.0,2,19317.0,41286.0,72884.0,0,50,38502.0,56705.71,21925.0,40,80,13830.0,Y,3967.34,current,M,33,LOW,10.4,10,594.0,1,12.0
14102,6470,6534.0,13006.7,4941.84,803.07,768.0,23976.01,3962.0,2.0,22,82,42,25,26,533000,1,1,1.0,1,22086.05,117890.0,1036.0,13135.0,14374.75,46259.0,11.0,1,25354.0,40145.59,50920.0,2,108,32115.19,59098.09,8789.59,21,24,47128.0,Y,9199.83,saving,M,29,LOW,1.8,3,626.0,0,19.0
14103,3655,206166.0,39730.7,11624.91,15816.59,7056.0,625.21,4204.0,8.0,84,38,17,1,11,47000,1,1,1.0,1,158135.2,360000.0,610000.0,1411.0,19961.95,136123.5,79.0,1,14599.0,8229.69,55188.0,42,81,27923.0,19508.74,253919.0,5,104,19461.0,Y,1096.57,saving,M,32,MEDIUM,10.8,7,921.0,0,17.0
14104,7730,331134.0,2609.08,1098.52,6363.92,5739.87,13480.0,634.0,2.0,13,35,3,62,6,472000,1,1,1.0,1,57701.5,118976.0,15477.0,0.0,128.25,26970.0,4.0,6,17375.0,168591.0,88056.0,11,13,76843.0,153216.98,92494.0,3,0,19056.0,Y,2625.0,current,M,39,MEDIUM,9.5,3,866.0,1,12.0
14105,17031,14638.0,9469.95,2096.75,1324.46,360.97,2091.0,1950.8,12.0,128,14,25,2,47,54000,1,1,1.0,1,36368.7,822659.0,787.0,10455.0,60578.68,60291.88,10.0,1,24551.0,111131.5,112784.27,3,81,31769.0,97856.13,629.0,6,73,15054.1,Y,41805.09,current,M,53,MEDIUM,3.3000000000000003,9,748.0,0,18.0
14106,9531,8668.0,18168.65,627.74,24164.1,222.85,4798.215,138715.43,7.0,2,64,8,27,17,49999,1,1,1.0,1,3247.5,200000.0,155205.0,167.0,67832.43,125877.0,9.0,1,28751.0,2541.11,62404.58,6,81,24828.0,23512.52,48600.0,3,28,45062.0,Y,255.63,current,M,63,MEDIUM,34.4,5,708.0,0,14.0
14107,19504,30433.0,7665.5,14954.46,2458.4,463.0,2476.52,15428.54,60.0,5,84,7,1,10,327000,1,1,1.0,1,510.6,150000.0,25639.0,2921.0,48380.26,73427.0,1.0,27,28239.0,13581.0,20159.0,3,25,11724.0,41739.5,51391.0,49,101,52963.0,Y,41991.03,current,M,46,MEDIUM,26.0,2,355.0,0,14.0
14108,10707,36147.0,1538.72,16783.18,20007.0,53637.0,4429.6,967.0,26.0,3,20,25,9,98,249000,1,1,1.0,1,28.5,31000.0,26241.0,-6301.0,267696.0,131679.0,4.0,1,9752.0,14818.94,115644.0,5,11,127098.0,119564.03,561.0,3,12,50472.0,Y,13740.99,current,M,33,LOW,1.3,8,911.0,0,3.0
14109,9414,572.0,10525.77,1567.0,30208.74,2664.0,11452.0,3081.0,6.0,4,4,47,5,10,390000,1,1,1.0,1,5809950.0,280000.0,2158.0,14509.0,20170.25,14105.0,12.0,0,41931.0,12049.18,47979.0,5,8,140056.0,5774.32,28664.0,11,17,29146.0,Y,6270.57,current,M,64,MEDIUM,17.6,6,858.0,1,11.0
14110,19301,16208.0,41997.0,441.0,7386.49,12690.25,541.0,1848.83,4.0,66,16,5,51,47,256000,1,1,1.0,1,68908.5,41813.0,768.0,7478.0,66820.52,6086.5,39.0,0,4500.0,246.36,15231.0,2,6,19778.0,32416.02,21495.0,11,124,26281.0,Y,2781.69,saving,M,47,LOW,13.5,7,796.0,1,6.0
14111,10755,19689.0,6716.47,11217.0,926.0,4942.05,23916.0,2288.0,5.0,18,11,4,25,11,324000,1,1,1.0,1,272677.25,375000.0,1097.0,-5942.0,5064.0,46795.0,46.0,1,87332.0,31112.1,122214.33,5,14,18783.0,30497.81,66870.5,16,22,3612.0,Y,7870.88,current,M,64,MEDIUM,17.6,9,683.0,1,12.0
14112,12880,17839.0,7685.93,1810.0,2425.69,5282.0,6642.0,5727.0,46.0,10,52,42,2,7,156000,1,1,1.0,1,5383.25,22400.0,678.0,3897.0,32333.5,1021010.0,5.0,17,54532.0,8636.0,104451.11,4,14,20237.0,31563.75,6895.0,2,52,160.0,Y,6112.84,current,M,66,MEDIUM,18.400000000000002,10,884.0,1,14.0
14113,1535,6677.0,885.0,830.0,33699.99,713.84,5199.04,1407.0,60.0,4,4,8,1,54,362000,1,1,1.0,1,319201.67,120000.0,100000.0,-4679.0,115440.42,223026.0,77.0,1,126353.0,258009.12,115969.7,9,4,49847.0,90950.53,32014.17,4,12,91686.9,Y,1680.63,current,M,37,MEDIUM,3.4000000000000004,7,588.0,1,20.0
14114,18106,20121.0,1750.0,10319.0,11885.85,9841.38,8660.0,3110.01,3.0,128,17,48,6,47,170000,1,1,1.0,1,140262.4,64491.0,908.0,-4679.0,26338.18,17330.0,5.0,1,13338.0,10631.0,50705.0,3,78,44633.0,39047.66,627.0,40,103,45295.0,Y,4253.74,saving,M,27,MEDIUM,5.6000000000000005,9,249.0,0,12.0
14115,2524,4352.0,916.0,2533.13,4229.71,3134.2,3040.0,18793.0,531.0,22,87,1,16,70,35000,1,1,1.0,1,825.0,633323.83,15756.0,1014.0,33322.63,77093.0,23.0,35,12250.0,61830.02,41272.0,3,25,25366.0,99737.01,14130.0,7,63,10813.0,Y,17057.76,current,F,64,MEDIUM,13.200000000000001,9,858.0,1,4.0
14116,18308,14530.0,797.42,14234.07,6689.32,4913.62,10686.42,4695.52,19.0,77,6,44,9,39,518000,1,1,1.0,1,55458.53,157624.24,25000.0,2351.0,38052.86,12936.0,24.0,1,33163.0,15476.01,23131.0,6,42,82682.0,21154.5,29648.0,47,10,25780.0,Y,15503.23,current,M,27,MEDIUM,5.6000000000000005,8,325.0,1,11.0
14117,2049,344040.0,6026.26,2044.66,14809.48,3383.0,18952.0,582.0,17.0,47,14,12,25,81,565000,1,1,1.0,1,62217.0,65174.0,550.0,6916.0,106959.41,62590.0,46.0,6,20074.0,14674.0,152942.56,4,9,67507.0,38798.51,782.0,47,13,42344.0,Y,720.23,current,F,33,MEDIUM,11.700000000000001,5,684.0,1,5.0
14118,10900,15781.0,4587.47,860.0,2876.78,6038.72,652.34,9346.0,4.0,47,35,5,2,1,16000,1,1,1.0,1,158135.2,992890.32,45000.0,1954.0,18836.8,102696.0,94.0,5,36198.0,56146.08,41738.5,2,81,21077.87,40660.46,42192.0,3,32,14833.0,Y,7983.26,current,M,32,MEDIUM,1.2000000000000002,8,653.0,0,14.0
14119,8622,2526.0,8203.44,2816.0,11022.5,997.0,3700.5,1012.0,7.0,8,13,39,55,42,147000,1,1,1.0,1,720551.4,29479.0,126001.0,167.0,26774.24,10135.91,11.0,31,59118.0,12338.62,173089.57,2,6,97916.0,26007.63,49034.0,10,58,36397.0,Y,405.12,current,M,32,MEDIUM,10.8,1,623.0,1,18.0
14120,14035,6925.0,28867.69,69977.41,8644.93,8603.0,56917.8,14502.0,2.0,13,1,19,6,67,525000,1,1,1.0,1,111.4,237365.38,15756.0,1931.0,27924.96,16534.0,91.0,0,28000.0,72949.0,54103.0,3,7,36128.71,58925.51,65340.0,42,50,43735.0,Y,3656.18,current,M,32,MEDIUM,8.4,8,708.0,1,11.0
14121,14556,63.0,4129.42,521.73,28688.5,6046.0,34736.435,20185.0,5.0,3,32,18,27,64,315000,1,1,1.0,1,250631.8,10701.0,68000.0,2921.0,45175.08,65040.0,10.0,2,33225.0,86622.36,213367.0,5,13,169327.0,4100.0,1480.0,3,83,8620.0,Y,1578.83,current,M,30,MEDIUM,4.0,5,385.0,1,10.0
14122,3939,18877.0,5319.0,1196.1,3793.16,16231.34,28986.2,41877.5,6.0,9,20,3,6,79,366000,1,1,1.0,1,41883.6,43545.0,3975.0,-5998.43994,50579.01,1750.0,24.0,26,20050.0,13774.75,113910.0,0,82,35302.0,63228.33,31367.0,41,49,62966.0,Y,1284.24,current,M,34,MEDIUM,4.2,2,805.0,1,7.0
14123,1791,6300.0,7890.68,40556.0,1246.0,19091.01,960.5,5620.0,5.0,36,110,20,4,21,44000,1,1,1.0,1,12510.0,93.35,610000.0,1444.0,4.51,47523.0,52.0,4,39031.0,25016.0,59831.5,6,171,8042.0,37423.92,58081.98,8,12,23035.0,Y,2060.86,current,M,220,LOW,200.0,3,503.0,1,7.0
14124,1577,11711.0,17599.47,19656.0,38492.41,2894.0,24092.68,9294.0,29.0,9,6,3,27,1,369000,1,1,1.0,1,101891.25,78744.56,50000.0,12174.0,28736.81,323.06,2.0,6,28518.0,44767.27,106539.0,9,24,18594.0,43919.58,335921.0,9,21,14255.0,Y,18402.47,current,M,34,MEDIUM,4.2,5,325.0,0,16.0
14125,15939,9267.0,12015.68,5440.2,1502.0,4906.0,2872.5,221.0,26.0,2,4,1,1,47,411000,1,1,1.0,1,124064.65,104000.0,24250.0,1500.0,1307.21,107751.0,69.0,0,48991.0,16702.78,39700.5,2,21,34971.0,85326.34,88787.0,21,8,77470.0,Y,2483.53,saving,M,40,LOW,10.0,7,330.0,0,17.0
14126,5540,14475.0,11546.44,7222.0,34703.12,5657.0,29901.515,5623.4,26.0,30,16,1,27,1,345000,1,1,1.0,1,34443.0,674291.83,787.0,1079.0,5487.06,5054.0,36.0,0,35522.28,35318.69,11518.76,1,21,435000.0,28929.01,62330.0,6,12,109488.0,Y,1977.1,current,M,61,HIGH,36.9,9,374.0,1,12.0
14127,7622,299569.0,9815.1,6838.04,4729.44,590.0,10004.0,20133.12,6.0,66,67,24,2,2,300000,1,1,1.0,1,825.0,12257.0,639.0,2351.0,37894.25,50084.0,35.0,7,16423.0,9011.6,49092.0,3,63,25979.0,8530.0,1871.93,8,28,7650.0,Y,2789.89,current,M,33,MEDIUM,11.700000000000001,7,799.0,1,5.0
14128,4934,5395.0,6924.75,1288.25,18810.37,4948.0,6835.0,1102.92,6.0,11,74,53,1,4,429000,1,1,1.0,1,98062.5,410000.0,583.0,553.0,107245.53,80197.0,91.0,36,22305.0,43103.47,192143.48,5,171,198087.0,21527.26,46049.0,5,32,541355.0,Y,15697.89,current,M,46,LOW,2.6,8,771.0,0,6.0
14129,3256,19141.0,11995.37,2465.0,3324.3,5681.0,6430.0,525.0,9.0,10,14,3,3,98,44000,1,1,1.0,1,2666.4,633323.83,519.0,-5715.49022999999,20411.68,257457.0,23.0,11,18774.0,102197.09,151701.74,4,108,41600.0,66232.65,138974.0,3,38,60535.0,Y,11980.44,current,M,35,MEDIUM,4.5,7,536.0,1,5.0
14130,11726,19851.0,28832.62,5415.0,1333.0,7552.0,23011.0,11734.35,6.0,16,13,22,6,1,50900,1,1,1.0,1,33784.35,67555.67,2644.0,-3506.17993,51315.52,19115.0,69.0,36,20683.0,69231.54,12783.0,7,7,64035.0,232639.06,80304.99,14,17,24134.0,Y,3852.74,current,M,53,HIGH,13.200000000000001,4,614.0,0,20.0
14131,17069,181705.0,29375.39,8916.0,5378.22,1005.0,6454.79,2683.35,15.0,2,74,21,62,1,272000,1,1,1.0,1,33111020.0,65480.0,130000.0,-5998.43994,6582.0,219915.0,12.0,1,475000.0,8579.85,495206.0,3,5,23768.0,56786.58,57551.0,2,2,13700.0,Y,2294.71,current,M,66,MEDIUM,27.6,9,799.0,0,17.0
14132,12262,11066.0,6941.0,11033.51,3293.78,6294.0,3470.85,1271.0,19.0,77,89,1,21,11,371000,1,1,1.0,1,40802.1,159308.0,11580.0,2351.0,49645.17,111.44,67.0,7,36390.0,13253.68,59718.5,4,14,71.37,11711.78,7060.0,14,8,21032.0,Y,1099.22,current,M,37,MEDIUM,17.0,6,445.0,1,8.0
14133,18770,5819.0,11801.3,3962.0,4518.0,6582.14,14078.975,5623.4,66.0,36,82,42,20,67,112000,1,1,1.0,1,28482.5,41.26,80000.0,20324.0,172.25,128700.0,103.0,43,20477.0,116939.2,59274.5,2,63,15456.0,60506.01,47621.1,7,12,75000.0,Y,18502.92,current,M,35,MEDIUM,6.0,8,454.0,1,4.0
14134,11485,15877.0,2618.0,11555.0,938.93,1590.0,477.0,8651.0,1.0,30,3,47,15,98,232000,1,1,1.0,1,2984.1,152391.0,583.0,3897.0,179556.21,36992.4,16.0,35,50915.0,49237.43,26062.0,17,49,21063.0,96637.62,72394.36,3,18,40379.0,Y,141.66,current,M,33,MEDIUM,3.9000000000000004,9,922.0,1,10.0
14135,1467,288034.0,13807.0,3244.86,7720.0,1332.85,334.0,9351.0,531.0,29,70,8,11,4,480000,1,1,1.0,1,1900.0,1475000.0,10271.0,3481.0,310381.75,51898.93,90.0,17,54434.52,36932.05,24788.62,9,44,26367.0,61539.83,19260.0,5,0,36837.0,Y,1538.92,current,M,44,LOW,2.4000000000000004,1,883.0,1,5.0
14136,4673,1177.0,3443.24,1420.76,3401.38,4362.47,54304.69,1315.0,44.0,5,29,1,1,17,28000,1,1,1.0,1,120781.35,1300000.0,12560.0,6885.0,23447.09,118419.38,70.0,2,27826.0,28006.13,26307.0,20,59,87332.0,19464.95,75540.0,2,80,56587.0,Y,9033.21,current,M,53,MEDIUM,3.3000000000000003,6,366.0,1,20.0
14137,9931,14296.0,15238.26,10720.0,27778.32,34158.95,3935.42,737.0,44.0,26,90,1,1,1,44000,1,1,1.0,1,10725.8,253000.0,12000.0,7478.0,33308.81,44030.0,18.0,4,28579.0,59295.96,17311.0,2,8,40487.0,45068.17,42192.0,62,24,16349.0,Y,35913.65,current,M,32,MEDIUM,1.2000000000000002,1,743.0,1,2.0
14138,183,7928.0,3480.77,1421.0,1352.93,14963.37,3597.0,3704.0,7.0,81,48,25,18,98,327000,1,1,1.0,1,199690.5,11897.0,908.0,9415.0,55967.16,64774.48,79.0,7,28248.15,30138.93,8639.0,1,46,35137.0,30778.0,13892.5,4,7,933.0,Y,12610.21,current,M,32,MEDIUM,8.4,2,448.0,1,10.0
14139,4820,18966.0,34792.0,21071.94,3637.0,1903.6,11529.0,2306.0,16.0,4,102,7,3,3,350000,1,1,1.0,1,140291.6,150000.0,550.0,20790.0,9793.88,91631.0,10.0,4,33656.0,437367.8,44915.0,31,8,31214.0,64231.26,90.0,6,8,49.29,Y,22219.32,current,M,29,MEDIUM,6.300000000000001,2,658.0,1,6.0
14140,12388,179793.0,5829.72,10039.61,5444.85,1538.4,7160.37,243.0,37.0,85,44,1,1,1,390000,1,1,1.0,1,5383.25,77000.0,1611.0,-6301.0,59368.13,70352.0,42.0,31,30226.0,50134.45,6248.0,6,26,53811.0,101770.0,20993.0,4,87,30921.0,Y,20073.09,current,M,28,MEDIUM,2.4000000000000004,7,863.0,0,5.0
14141,14874,5596.0,2796.96,7726.67,29702.0,2480.0,4847.0,5269.47,4.0,4,72,2,1,5,25000,1,1,1.0,1,54860.05,51000.0,1018.0,0.0,66741.91,30849.0,87.0,1,15257.0,86643.32,46213.0,5,59,15141.0,16016.09,52407.94,3,103,33762.0,Y,1698.54,saving,M,47,MEDIUM,24.3,9,927.0,1,19.0
14142,18766,11452.0,9050.0,7906.49,12372.79,2120.47,28233.0,6170.0,8.0,23,89,1,37,37,74100,1,1,1.0,1,39851.93,95081.0,105000.0,5773.0,16107.8,79859.0,11.0,35,64875.0,36573.99,110910.5,43,7,78199.99,38285.8,122978.0,4,103,27040.0,Y,1446.02,saving,M,50,MEDIUM,12.0,9,314.0,1,17.0
14143,913,17165.0,36900.68,1913.0,3322.22,34127.04,28073.51,1518.0,57.0,60,85,11,24,1,408000,1,1,1.0,1,13659.0,202560.0,26241.0,0.0,66468.0,28213.38,18.0,30,32895.0,121250.4,158754.0,2,11,111.35,147174.65,40982.95,4,52,60932.12,Y,12958.36,current,M,27,MEDIUM,7.0,10,245.0,1,19.0
14144,3520,14891.0,1072.15,638.0,4796.2,5918.0,21111.5,23315.26,12.0,65,67,52,2,47,522000,1,1,1.0,1,67833.35,50000.0,1526.0,3897.0,29902.88,107618.0,18.0,1,37646.0,110064.08,58684.0,4,82,30120.0,56624.0,49302.0,5,113,61692.0,Y,1651.38,current,M,55,MEDIUM,35.0,2,486.0,1,12.0
14145,14552,4713.0,22928.7,354.0,10783.82,28373.0,6353.0,1017.0,7.0,16,23,24,60,37,83000,1,1,1.0,1,13659.0,2625.16,73217.0,5340.0,36601.44,52426.43,20.0,0,38621.0,29766.21,28232.0,8,46,148817.0,4294.0,93746.25,9,7,30957.0,Y,729.51,current,M,31,MEDIUM,1.1,9,683.0,0,13.0
14146,14163,286204.0,9227.75,16031.0,15651.24,2376.6,33848.79,1967.0,10.0,10,84,1,11,3,225000,1,1,1.0,1,13299.0,120000.0,16068.0,8572.0,17564.25,15019.0,43.0,30,168292.0,20683.92,81241.0,4,5,18321.0,27388.72,11263.0,18,11,120.0,Y,18449.14,current,M,32,MEDIUM,12.0,2,258.0,1,4.0
14147,16701,325271.0,28248.99,2530.0,7975.84,3748.5,50987.645,7854.0,17.0,23,44,47,3,1,75000,1,1,1.0,1,34443.0,95000.0,16004.0,20790.0,4441.0,257457.0,18.0,2,25686.0,85126.27,209387.0,2,20,67798.0,72614.47,962.82,58,11,97830.0,Y,5412.76,saving,M,66,LOW,41.400000000000006,1,805.0,0,19.0
14148,5268,15511.0,6509.5,13816.51,843.35,2499.0,2192.01,12171.0,26.0,22,6,1,18,98,351000,1,1,1.0,1,20049.0,10701.0,6100.0,-6885.0,66261.99,27279.66,36.0,3,25040.0,43220.07,59759.0,6,50,13177.0,43659.07,22746.87,2,1,37165.0,Y,2755.87,current,M,47,LOW,5.4,10,958.0,1,6.0
14149,15295,10333.0,3287.46,7836.0,1976.5,1155.9,8094.0,1511.3,7.0,5,14,1,1,70,512000,1,1,1.0,1,8758.2,163.14,25000.0,20513.0,74835.78,48508.0,46.0,5,31450.0,52216.5,47069.0,70,108,16964.0,30375.64,53856.75,47,106,150006.83,Y,3650.82,current,M,38,MEDIUM,12.600000000000001,1,863.0,1,2.0
14150,11319,398299.0,21264.43,5616.0,39053.7,2109.0,4384.395,2682.0,44.0,93,2,15,55,5,112000,1,1,1.0,1,166331.66,18300.0,768.0,6409.0,60720.05,16157.0,69.0,11,17197.0,36573.99,34483.0,50,70,31803.0,156104.28,25433.0,21,18,490221.0,Y,6046.08,saving,M,35,HIGH,4.5,9,274.0,1,13.0
14151,8392,304184.0,9630.81,7236.0,9138.19,4665.0,7118.51,205.0,2.0,29,29,11,2,2,47000,1,1,1.0,1,811.0,210651.4,936.0,-5998.43994,90919.15,189227.0,39.0,0,17218.0,518.5,66069.0,3,81,30700.0,29360.0,37341.0,2,32,34313.0,Y,594.59,current,F,28,LOW,1.6,7,855.0,0,14.0
14152,8268,332001.0,1879.38,1731.0,4504.64,6154.0,6109.0,1493.0,26.0,3,27,24,1,1,302000,1,1,1.0,1,36122.87,3342.51,24094.0,3897.0,89191.68,37082.0,42.0,3,15629.0,7471.06,16099.0,1,50,101657.0,136504.88,148411.18,21,18,44250.0,Y,3764.41,current,M,66,MEDIUM,13.8,2,614.0,1,18.0
14153,2572,638.0,90356.86,3848.0,3461.0,1533.0,9846.0,253.0,10.0,81,67,5,38,47,480000,1,1,1.0,1,259573.3,82907.34,248000.0,-6885.0,24234.25,5252.0,147.0,26,35814.0,19510.51,59569.5,0,14,13224.0,76593.87,138638.0,5,11,793.0,Y,1394.66,saving,M,47,LOW,13.5,5,737.0,1,4.0
14154,15855,15003.0,5763.71,4692.66,19422.42,13885.0,4462.0,5038.75,1.0,601,13,1,2,18,170000,1,1,1.0,1,53374.97,343342.9,3850.0,12174.0,16743.01,102457.0,29.0,6,33163.0,31000.23,17521.0,1,171,46466.0,9601.26,46715.0,7,58,31471.0,Y,4961.08,saving,M,42,MEDIUM,8.8,7,454.0,0,8.0
14155,18889,329.0,16191.35,8243.4,1581.0,188.52,2555.0,2150.0,104.0,26,10,42,2,79,341000,1,1,1.0,1,526.25,157000.0,96558.0,167.0,946402.35,45481.0,32.0,7,38338.0,23689.43,94707.0,2,20,102798.0,31884.98,170123.0,4,103,42209.0,Y,1320.12,current,M,58,HIGH,26.6,9,464.0,1,14.0
14156,4080,6977.0,15289.06,7896.15,4881.77,13439.0,15366.79,9812.0,7.0,23,23,3,62,3,429000,1,1,1.0,1,684495.7,961916.9,14754.0,12163.0,12573.13,16124.0,11.0,26,90572.0,81613.76,115175.0,5,20,27397.0,25383.25,237268.0,5,65,27423.0,Y,2293.31,current,M,29,MEDIUM,4.5,6,743.0,0,2.0
14157,16942,12036.0,6446.0,3524.0,3794.39,5655.0,5790.0,634.0,32.0,32,13,10,3,47,525000,1,1,1.0,1,6494.4,200000.0,8417.0,3897.0,74983.52,38224.0,11.0,35,33970.0,56849.76,671660.0,43,8,25637.0,29431.68,11574.0,36,100,21445.0,Y,6942.94,current,M,30,MEDIUM,2.0,6,269.0,0,20.0
14158,14504,298285.0,24848.0,5263.0,35579.34,2665.0,66296.0,16010.11,8.0,11,35,3,4,17,784000,1,1,1.0,1,1112.4,142608.5,16114.0,2921.0,111869.78,30703.0,12.0,23,26065.0,35975.34,31992.0,43,82,17603.0,27139.53,65512.0,5,100,21346.0,Y,688.75,current,M,31,MEDIUM,3.3000000000000003,1,503.0,1,15.0
14159,14346,13776.0,66219.41,403.77,44831.6,4665.0,4313.0,335.0,57.0,6,7,2,38,80,520000,1,1,1.0,1,15961.9,358480.64,1097.0,167.0,119106.0,79085.0,2.0,0,14616.49,51542.86,31947.0,30,77,64496.0,43703.0,137985.99,5,12,16226.0,Y,7384.04,current,M,31,MEDIUM,7.7,1,685.0,1,19.0
14160,15750,13977.0,13272.65,441.0,1764.0,3516.03,7118.51,1144.44,12.0,26,5,11,2,6,340000,1,1,1.0,1,39851.93,51485.0,768.0,5350.0,12204.5,33723.38,52.0,0,57046.0,46972.29,28636.0,2,2,27394.6,50196.18,49314.0,6,65,29877.0,Y,1323.13,saving,F,44,LOW,21.6,9,505.0,1,5.0
14161,594,13856.0,25439.0,20586.0,21268.01,738.17,8709.515,3704.0,2.0,601,50,7,15,68,199999,1,1,1.0,1,71020.5,71944.5,25508.0,5439.0,12504.5,93427.0,32.0,3,17707.0,58280.2,65834.75,0,50,125800.0,104559.25,190559.0,8,107,438929.0,Y,2320.5,current,M,35,MEDIUM,6.0,5,966.0,0,9.0
14162,15062,5669.0,5033.885,4969.04,35577.0,789.0,2757.0,910.0,4.0,83,47,2,7,1,212500,1,1,1.0,1,360978.37,111000.0,2156.0,-4664.0,21701.6,51686.0,15.0,26,28004.0,55798.89,131739.32,4,13,127742.0,8855.88,187378.0,3,38,198000.0,Y,422.46,current,M,55,LOW,31.5,5,506.0,1,20.0
14163,6058,6785.0,54669.11,5374.35,1666.0,3023.0,2622.5,98.0,3.0,14,11,1,9,79,17000,1,1,1.0,1,31454.1,53749.0,130000.0,5730.0,11178.21,44305.0,4.0,19,32881.0,23591.04,289290.0,23,7,39978.0,2087.0,90264.0,36,57,44242.0,Y,355.86,current,M,38,MEDIUM,10.8,7,447.0,1,16.0
14164,6189,15200.0,4056.18,1533.68,13086.0,934.22,5137.14,1248.0,43.0,9,32,1,18,56,373000,1,1,1.0,1,192478.0,234459.4,2841.0,2921.0,173707.43,124649.0,20.0,26,96641.0,256854.22,15281.76,9,82,28528.59,19221.75,31840.0,14,39,174206.0,Y,3116.41,current,M,33,MEDIUM,2.6,10,270.0,1,17.0
14165,1920,10414.0,14292.98,2072.05,10207.12,1875.8,13592.0,3154.1,66.0,56,49,42,3,34,130000,1,1,1.0,1,63247.65,143000.0,4367.0,7478.0,71925.0,45321.21,32.0,1,169472.0,73267.54,120421.0,9,46,36370.0,10212.17,49262.0,7,79,340499.0,Y,1072.58,current,M,33,MEDIUM,10.4,4,485.0,0,20.0
14166,6812,15053.0,10313.0,10292.0,9410.5,9436.5,558.42,1676.0,52.0,1,60,25,55,55,147000,1,1,1.0,1,30382.2,191000.0,3975.0,6885.0,371893.46,482684.88,11.0,36,77582.0,107441.44,160083.69,4,59,35007.0,1108.34,68057.0,3,42,30352.0,Y,7930.46,current,F,66,MEDIUM,41.400000000000006,1,867.0,0,2.0
14167,3662,6953.0,28184.66,7925.0,26959.13,2714.9,3402.26,3395.0,4.0,14,13,35,60,75,326000,1,1,1.0,1,4120.0,257406.7,610000.0,1079.0,45640.93,55290.0,11.0,0,57530.0,98378.41,141.57,1,171,155079.0,218293.9,31624.0,36,104,40565.89,Y,9264.76,current,F,53,MEDIUM,3.3000000000000003,2,867.0,0,12.0
14168,16063,19863.0,15791.08,956.81,6635.5,3155.0,3020.0,8363.88,10.0,26,47,52,4,12,147000,1,1,1.0,1,33784.35,172678.56,49975.0,4795.0,149959.0,4645.0,4.0,1,17336.0,72825.1,102600.0,1,12,28378.0,181184.37,98248.28,3,72,291043.0,Y,34723.41,current,F,69,MEDIUM,9.8,7,269.0,0,4.0
14169,5015,390149.0,4957.09,3999.0,1424.5,16907.4,42425.055,3501.5,7.0,9,1,8,2,4,184000,1,1,1.0,1,977377.25,2625.16,19176.0,2500.0,13016.0,47767.0,12.0,4,19320.0,27302.02,98255.0,2,7,25666.0,18015.75,22878.0,4,113,23885.0,Y,13588.27,current,F,46,HIGH,2.6,3,799.0,0,10.0
14170,11114,83548.0,12161.65,32402.0,4828.0,2568.22,12565.0,1945.87,4.0,14,71,24,2,44,47000,1,1,1.0,1,82.4,63000.0,2214.0,0.0,37.0,77786.0,10.0,2,38121.0,90016.0,252032.0,3,8,27838.0,18555.0,29973.0,7,83,40944.0,Y,3032.48,saving,M,38,LOW,10.8,10,863.0,1,20.0
14171,1871,19279.0,4179.0,3902.0,11341.26,6081.04,2883.925,14149.0,50.0,1,19,3,31,3,222000,1,1,1.0,1,13849.4,160498.0,6000.0,2921.0,117.0,41024.43,42.0,2,59633.0,80171.75,29093.0,2,20,46004.0,130191.75,1768645.21,7,80,164.13,Y,5071.32,current,M,55,MEDIUM,3.5,2,866.0,1,7.0
14172,14840,337471.0,959.0,5449.86,17174.01,12320.4,10966.0,213.52,12.0,128,4,2,3,10,49999,1,1,1.0,1,3638.25,95658.0,51520.0,844.0,46788.81,12936.0,11.0,13,42168.01,21794.27,40422.0,3,108,428.03,242857.12,39938.0,8,76,105461.0,Y,4644.5,current,M,33,MEDIUM,10.4,8,638.0,0,12.0
14173,10725,6226.0,1402.7,449.1,16504.53,817.0,8267.0,3891.73,44.0,29,46,41,25,4,25000,1,1,1.0,1,33784.35,82907.34,56184.0,6885.0,30437.0,28778.0,39.0,33,25335.0,3349.0,101543.0,2,25,7009.0,35493.89,23896.0,58,79,152344.0,Y,31681.87,current,M,33,MEDIUM,11.700000000000001,7,330.0,1,7.0
14174,17428,29827.0,4757.84,34325.0,5522.93,26085.22,740.8,1655.0,29.0,77,60,82,25,75,421000,1,1,1.0,1,39851.93,15395.48,1143.0,14509.0,26545.82,122136.0,32.0,14,71740.0,35926.36,46587.0,1,63,54717.0,9293.0,42284.0,4,21,25000.0,Y,17747.41,saving,M,66,MEDIUM,18.400000000000002,7,866.0,0,15.0
14175,8448,405460.0,93773.0,914.4,33161.0,2223.05,41165.835,4855.0,63.0,22,50,10,3,3,287000,1,1,1.0,1,127004.3,119831.0,15477.0,6441.0,49630.54,1051552.35,32.0,7,63053.0,50030.52,82735.0,2,13,34272.0,72153.04,104964.1,38,39,26932.0,Y,9978.26,saving,M,33,MEDIUM,7.800000000000001,7,700.0,1,7.0
14176,16031,17513.0,3652.0,11316.0,3240.15,1040.0,16527.0,11238.1,15.0,7,47,17,1,4,44000,1,1,1.0,1,12.19,189246.0,298472.0,-12179.0,272349.58,62146.41,69.0,1,41396.0,51542.86,50807.0,2,20,41500.0,180488.34,152609.0,5,38,30928.0,Y,5390.87,current,M,29,MEDIUM,5.4,8,743.0,1,19.0
14177,5999,291472.0,19225.13,12880.0,26358.04,5519.0,6291.0,1315.0,92.0,65,84,7,11,17,97000,1,1,1.0,1,186189.0,429273.4,18389.0,0.0,69875.63,51363.0,12.0,15,203785.34,2135.0,285640.51,2,171,54681.0,35959.15,4120.0,40,113,20420.0,Y,685.88,current,M,33,MEDIUM,11.700000000000001,10,958.0,0,6.0
14178,17551,18265.0,8886.68,8762.0,16252.92,9684.76,565.52,3143.36,8.0,36,46,8,1,30,255000,1,1,1.0,1,1105487.1,385218.7,4367.0,2921.0,18246.13,76582.0,52.0,2,53742.0,13970.0,17193.05,4,20,49000.0,2712.5,83926.0,9,104,94229.06,Y,37763.15,current,M,33,MEDIUM,10.4,9,700.0,0,6.0
14179,15730,6730.0,2944.0,26568.73,16525.35,512.0,25595.125,623.0,67.0,10,4,54,18,34,110000,1,1,1.0,1,115.45,470000.0,908.0,-3506.17993,44192.43,35662.69,4.0,6,41699.0,15415.0,32361.0,0,13,17852.0,92.38,10464.02,21,13,14675.0,Y,356.15,current,M,58,MEDIUM,34.2,7,927.0,0,4.0
14180,4563,312770.0,8159.84,1350.67,52737.65,1684.1,8551.275,912.0,19.0,15,35,1,4,80,155000,1,1,1.0,1,325024.6,51000.0,731.0,2921.0,54935.49,334432.0,94.0,33,106366.0,8966.45,13596.0,16,4,40704.0,32593.28,153848.0,13,32,44525.0,Y,15731.82,current,M,37,LOW,13.600000000000001,4,748.0,1,18.0
14181,7578,12147.0,11027.63,4227.0,35742.0,2476.0,31402.385,700.0,1.0,5,9,2,31,1,195000,1,1,1.0,1,48624.7,382191.0,19400.0,-3506.17993,39186.9,43930.0,11.0,9,38317.0,167917.32,168334.0,7,7,23149.7,58299.2,40678.0,10,80,15497.0,Y,4790.72,current,M,42,MEDIUM,22.0,8,969.0,1,2.0
14182,14858,5672.0,2314.85,2372.0,33613.6,1638.0,3894.0,2229.0,8.0,37,12,1,6,11,461000,1,1,1.0,1,1940.45,13299.0,8060.0,20790.0,51046.5,54359.0,35.0,33,18757.0,24859.25,612.0,1,13,41845.0,65424.0,62068.0,117,63,42338.0,Y,1112.05,current,M,47,MEDIUM,13.5,5,867.0,1,8.0
14183,11819,14760.0,12472.0,1058.28,2231.71,5995.0,2073.49,869.0,25.0,18,89,17,27,7,127500,1,1,1.0,1,318640.58,142608.5,90525.0,7984.0,58248.16,151397.0,20.0,4,13952.0,4356.14,592556.1,7,7,16136.0,9760.0,25025.0,5,12,24822.0,Y,787.71,current,M,32,LOW,9.600000000000001,1,638.0,0,7.0
14184,11890,3572.0,27878.71,3349.18,4748.62,5401.0,30074.36,5370.2,44.0,39,3,25,3,1,72000,1,1,1.0,1,65887.8,190887.4,496948.0,-4664.0,11405.0,15228.0,62.0,30,26674.0,143627.65,11705.0,2,9,8479.16,26693.0,78796.35,12,11,13408.0,Y,6973.58,current,M,47,LOW,13.5,8,464.0,1,13.0
14185,5259,6328.0,11082.8,2895.1,4351.26,489.72,10965.42,2486.2,1.0,13,82,44,3,74,481000,1,1,1.0,1,1534.0,43394.0,49975.0,12965.0,15219.5,37831.0,7.0,5,60677.0,39087.26,64203.0,5,1,65362.0,117233.17,65359.29,14,67,19238.0,Y,56018.48,current,M,27,MEDIUM,4.2,2,713.0,1,2.0
14186,5796,91.0,26823.93,556.0,34864.99,5512.52,4998.0,8934.0,26.0,65,4,47,3,4,315000,1,1,1.0,1,77855.0,50700.0,130000.0,4856.0,17789.02,62272.0,39.0,5,40970.0,66113.3,36402.0,1,20,7476.25,56198.75,141030.0,4,103,36974.0,Y,7901.14,current,M,33,MEDIUM,9.1,9,516.0,1,16.0
14187,4033,8095.0,3450.0,10279.0,7252.24,4942.05,2262.0,7354.0,3.0,93,10,3,4,1,395000,1,1,1.0,1,4110.0,74599.9,6100.0,5340.0,53515.82,250157.0,46.0,3,110692.68,23205.0,50223.0,31,20,83255.0,131879.89,10445.0,12,18,25629.0,Y,2293.31,current,M,30,MEDIUM,6.0,5,566.0,0,2.0
14188,7711,3227.0,18972.68,3964.75,16538.69,11682.0,6036.01,8748.0,7.0,11,59,25,7,1,16000,1,1,1.0,1,46730.2,1372927.14,5979.0,20513.0,28669.0,14261.0,29.0,5,498000.0,9971.5,206376.29,2,13,16470.0,30785.25,35793.0,11,12,32342.0,Y,5719.74,current,M,42,HIGH,15.4,4,805.0,1,15.0
14189,10453,6173.0,41061.0,3491.0,21143.66,514.14,960.5,8150.0,1.0,99,60,1,18,1,44000,1,1,1.0,1,38566.25,470000.0,18257.0,19765.0,36423.92,44769.0,69.0,33,34799.0,987350.63,10799.0,7,59,205558.0,8205.88,374.0,47,75,23789.0,Y,5121.36,current,M,55,LOW,14.0,4,354.0,1,9.0
14190,8718,9393.0,14723.85,1114.0,6016.02,3703.88,4176.015,5246.0,101.0,26,16,5,1,68,19000,1,1,1.0,1,5688.0,117890.0,2156.0,167.0,163758.13,33562.0,37.0,3,16991.25,66403.85,214097.74,9,29,139451.0,65334.53,98598.0,21,12,34338.0,Y,2268.53,saving,M,55,MEDIUM,17.5,9,748.0,1,10.0
14191,17250,5531.0,1796.44,7370.02,4977.0,2699.77,10815.0,8166.9,19.0,42,62,4,6,8,100000,1,1,1.0,1,62217.0,194099.3,24717.0,2337.0,3110.45,43115.0,94.0,7,22879.0,12886.0,64489.0,2,44,18520.0,35559.29,90264.0,9,61,50270.0,Y,5929.08,current,M,28,LOW,3.2,3,805.0,1,2.0
14192,1741,396050.0,18868.99,4754.99,3690.28,10154.0,725.78,2274.0,59.0,1,13,48,2,3,371000,1,1,1.0,1,167.5,110135.86,15654.0,4856.0,205289.91,55986.38,5.0,5,63581.73,104136.74,3839.78,12,20,52063.0,84164.12,289639.0,94,83,75326.0,Y,200684.04,current,M,53,MEDIUM,23.1,3,583.0,1,10.0
14193,1998,10863.0,28186.76,948.74,35287.23,24677.0,3053.0,1795.0,10.0,8,49,2,6,80,150000,1,1,1.0,1,20747.5,119898.8,800.0,-3506.17993,21728.2,59461.0,69.0,0,53352.0,5841.0,55.0,2,25,23017.0,29300.52,59877.0,2,7,27103.0,Y,2489.08,current,F,120,MEDIUM,40.0,3,883.0,1,6.0
14194,7715,2304.0,69234.07,4299.0,27457.64,1667.0,5549.0,1397.0,24.0,10,2,47,1,47,147000,1,1,1.0,1,167.5,245000.0,15654.0,6885.0,17413.0,229989.0,42.0,4,24214.0,80145.42,7521.0,2,14,25603.0,16633.28,525607.44,117,50,21090.0,Y,7066.56,current,M,33,MEDIUM,10.4,7,535.0,1,20.0
14195,15734,7340.0,1529.49,5162.01,16484.07,3460.0,1344.0,656.0,10.0,56,71,82,25,47,39000,1,1,1.0,1,2720.0,95658.0,96558.0,-5998.43994,164183.7,34816.0,69.0,43,50922.0,41708.11,35179.0,70,11,69866.0,799282.62,32787.0,13,12,25330.0,Y,9906.15,current,F,222,MEDIUM,60.6,6,511.0,1,13.0
14196,19197,14503.0,26652.74,2034.0,40738.1,1545.0,928.85,1999.0,136.0,23,29,20,1,1,127500,1,1,1.0,1,384550.05,190887.4,8333.0,1500.0,42921.1,52181.7,18.0,1,30445.0,29983.47,409450.86,23,50,11775.0,73694.21,34378.0,7,24,31163.64,Y,29364.01,current,M,29,MEDIUM,5.4,6,858.0,0,8.0
14197,18962,14914.0,2704.0,3288.0,13846.26,14467.0,25855.565,1525.0,1.0,1,23,18,14,64,326000,1,1,1.0,1,5809950.0,253000.0,550.0,903.0,51149.16,14919.0,87.0,1,85769.0,14631.01,87824.3,1,82,22333.0,76882.65,23312.98,94,63,19642.0,Y,6077.25,current,M,62,MEDIUM,33.6,8,488.0,0,11.0
14198,14332,324413.0,2991.78,2652.0,7750.22,3050.9,6704.44,4674.28,8.0,71,14,2,6,55,172000,1,1,1.0,1,170590.75,200015.58,583.0,-5998.43994,55244.04,48461.0,18.0,19,28666.0,54505.01,5134.0,43,50,38947.0,13506.5,26156.45,5,103,30250.0,Y,82791.18,current,M,30,LOW,1.0,1,454.0,1,10.0
14199,10034,11920.0,16859.1,11276.0,18833.95,487.0,7602.0,4732.0,5.0,46,5,22,1,17,845000,1,1,1.0,1,115228.3,48087.25,49975.0,-4679.0,17698.25,51363.0,43.0,17,21953.0,213244.13,131214.0,3,2,44195.0,145511.35,9203.0,2,80,6087.0,Y,2507.18,current,M,28,LOW,8.0,9,249.0,1,3.0
14200,17892,19821.0,29676.76,701.26,6410.67,4870.59,20230.09,6170.0,9.0,37,67,48,9,47,49999,1,1,1.0,1,22086.05,52991.0,19176.0,8723.0,37588.48,25135.0,16.0,26,159847.0,793.0,80465.5,1,26,52055.0,46292.7,160187.0,2,106,12139.0,Y,1237.82,current,M,25,MEDIUM,3.0,6,809.0,1,9.0
14201,3377,50543.0,11849.15,961.0,17464.98,383.0,17349.52,622.0,19.0,65,44,62,1,3,378000,1,1,1.0,1,89294.6,64491.0,610000.0,6916.0,30933.45,51514.0,2.0,19,52341.0,20321.58,27898.0,1,13,79187.0,53675.37,50848.0,2,18,29658.0,Y,18261.92,current,M,47,MEDIUM,27.0,6,631.0,0,12.0
14202,9608,231530.0,11056.92,6221.0,9016.5,15163.23,42425.055,1422.0,1.0,31,20,17,27,8,110000,1,1,1.0,1,76780.0,992890.32,2214.0,5773.0,34530.07,5083.0,3.0,5,75940.0,53344.96,15874.0,3,8,142276.0,84736.87,140772.0,3,38,1111.0,Y,2602.22,current,M,60,MEDIUM,16.0,8,249.0,1,19.0
14203,13692,6723.0,14372.0,1259.34,27715.87,3577.63,8625.0,15502.0,44.0,44,64,19,4,2,25000,1,1,1.0,1,293418.75,1244.14,527.0,5730.0,41303.33,57611.0,69.0,2,42304.0,6289.03,44508.0,30,12,2168.0,120906.23,96532.0,1,0,32914.0,Y,2853.1,current,M,34,MEDIUM,12.600000000000001,10,245.0,0,12.0
14204,2558,212179.0,6726.39,1051.0,5995.74,6457.62,2681.0,3667.0,3.0,23,14,1,1,1,287000,1,1,1.0,1,825.0,182359.2,492.0,5464.0,19430.9,31592.0,6.0,1,20119.0,105008.75,59082.0,47,59,53561.0,58324.25,106803.86,3,6,13090.0,Y,231.98,current,M,36,HIGH,14.4,10,809.0,1,17.0
14205,14816,16790.0,3616.06,684.9,3458.0,1592.9,2512.0,3192.0,7.0,10,6,3,55,56,44000,1,1,1.0,1,40440.4,100000.0,16215.0,-4679.0,26332.77,90338.0,2.0,0,22470.0,20288.63,62402.0,1,69,17968.29,38886.21,44259.0,8,107,29211.0,Y,6677.84,current,M,58,MEDIUM,19.0,10,805.0,1,15.0
14206,16363,18559.0,5447.01,1218.85,250.0,6279.0,19844.195,2946.0,2.0,5,61,42,26,2,371000,1,1,1.0,1,39851.93,159415.3,5981.0,0.0,150354.78,201382.74,2.0,2,22237.0,17995.27,80131.0,2,63,31930.0,62574.99,52499.15,40,11,118515.0,Y,866.93,current,M,46,MEDIUM,20.8,5,969.0,1,18.0
14207,4305,20123.0,3009.845,4857.0,11359.42,1016.0,61117.72,937.95,10.0,1,19,2,60,34,524000,1,1,1.0,1,13730.0,240000.0,2019.0,1014.0,27497.0,99541.0,147.0,36,25650.0,26395.95,53800.0,43,18,54600.0,222598.14,94137.0,41,58,19554.0,Y,5410.96,current,M,55,MEDIUM,24.5,2,366.0,1,19.0
14208,9443,9660.0,99303.46,5146.0,11178.61,22304.86,27156.59,2402.0,63.0,43,9,24,63,1,400000,1,1,1.0,1,750.6,119451.0,105000.0,1014.0,20742.25,50542.0,40.0,2,28466.0,24385.25,17632.0,11,1,35542.0,6740.54,472779.03,19,3,579.0,Y,7886.53,current,M,33,LOW,1.3,7,771.0,1,6.0
14209,11036,5659.0,4433.46,4290.15,9655.0,2065.32,47826.82,1961.32,44.0,23,3,1,31,1,155000,1,1,1.0,1,44575.0,78050.0,2644.0,-12179.0,13779.88,104958.0,42.0,1,82611.0,39759.13,26239.71,9,5,29785.0,35309.0,21379.0,3,15,3177897.0,Y,1238.64,current,F,42,HIGH,19.8,1,867.0,0,17.0
14210,19776,9174.0,11760.445,2116.0,4858.0,7399.2,3308.46,4481.14,25.0,99,10,4,21,54,72000,1,1,1.0,1,13762.5,77965.0,12000.0,-6885.0,29566.5,48555.0,12.0,1,33759.0,12696.62,93959.69,1,18,117144.0,2057.88,40454.5,4,68,420.0,Y,94.7,current,M,35,HIGH,12.0,3,386.0,0,4.0
14211,9802,412.0,2262.01,996.0,73720.38,6209.0,6270.79,501.24,60.0,10,14,2,31,42,25000,1,1,1.0,1,17402.2,172131.0,583.0,0.0,46104.05,24573.0,6.0,36,12663.0,35428.01,26597.0,2,17,21063.0,93930.85,69600.85,4,80,21090.0,Y,1994.2,current,M,67,MEDIUM,47.0,6,614.0,0,20.0
14212,15718,17164.0,126573.95,13770.0,25347.49,12447.72,2165.07,31854.92,56.0,14,14,1,9,5,134000,1,1,1.0,1,12057.2,64491.0,2214.0,12415.0,31281.22,77441.38,42.0,3,15842.0,14983.45,16854.0,9,11,19815.0,26597.51,55187.0,47,24,20092.0,Y,6559.11,current,F,37,LOW,11.9,4,613.0,1,10.0
14213,17299,18941.0,1526.52,2306.5,38645.74,1348.0,1577.99,4373.0,15.0,22,44,18,2,6,358000,1,1,1.0,1,881.0,120000.0,3570.0,8572.0,228032.23,144.91,40.0,1,28478.0,26590.2,256270.37,17,171,19277.0,35923.0,41244.0,4,10,69892.0,Y,14546.85,current,M,49,MEDIUM,29.0,5,867.0,0,11.0
14214,8395,1998.0,3596.0,11073.19,41009.44,857.0,4427.76,25078.55,2.0,4,60,3,60,41,326250,1,1,1.0,1,8256.6,212907.7,1209.0,3897.0,29320.03,253661.0,12.0,7,48940.0,224615.22,33415.62,2,171,34048.0,25769.59,18186.0,13,28,19694.0,Y,98.72,current,M,28,MEDIUM,3.2,2,799.0,1,11.0
14215,13690,2076.0,3336.48,5504.0,20247.0,521.92,6927.5,8540.5,4.0,1,35,47,55,1,271000,1,1,1.0,1,2666.4,64491.0,68000.0,-4679.0,32448.27,20024.0,55.0,7,158424.0,19146.32,32853.0,3,13,23441.0,19650.75,11637.0,22,18,13324.0,Y,8571.41,current,M,32,MEDIUM,4.800000000000001,6,710.0,1,6.0
14216,11289,10584.0,34729.4,1390.23,838.05,2376.6,3010.5,2505.0,1.0,10,2,11,31,17,1000000,1,1,1.0,1,3247.5,184514.0,24125.0,14509.0,20564.0,49640.34,42.0,7,1.88,30548.2,25926.0,47,20,14726.0,33167.39,39249.0,1,11,301041.0,Y,4619.92,current,M,44,MEDIUM,21.6,10,324.0,1,13.0
14217,8061,13822.0,8090.34,11042.0,1838.55,814.0,3203.175,6069.0,56.0,77,7,7,1,79,147000,1,1,1.0,1,88.0,201000.0,1097.0,12415.0,55564.46,13658.0,52.0,9,59610.0,61882.0,31594.0,20,20,75155.0,7928.65,8708.5,6,63,19017.0,Y,6146.75,current,M,27,MEDIUM,1.4000000000000001,2,331.0,1,3.0
14218,948,19968.0,8012.16,10913.0,1141.0,20024.0,2109.75,23629.3,101.0,6,7,8,27,3,27000,1,1,1.0,1,98543.96,15000.0,6100.0,-3625.0,53882.46,49466.8,69.0,55,22633.0,52693.89,116713.0,4,50,45466.0,70615.83,336.0,1,80,30107.0,Y,6507.57,current,M,27,LOW,6.300000000000001,7,801.0,1,7.0
14219,12209,289853.0,51892.76,441.06,5908.0,22629.15,5449.0,936.06,15.0,23,9,2,11,54,450000,1,1,1.0,1,568.8,25404.0,130000.0,-4679.0,54334.76,61948.0,16.0,26,41566.0,97060.29,44687.0,2,13,17431.0,41491.34,37341.0,18,32,30180.0,Y,12583.22,saving,M,28,MEDIUM,4.0,1,324.0,1,12.0
14220,7352,84146.0,36314.45,3747.94,33514.0,6092.0,3361.3,3455.5,5.0,10,5,12,27,70,371000,1,1,1.0,1,148705.0,252369.0,155205.0,2921.0,36541.25,20373.0,11.0,2,34042.0,5901.01,221992.0,1,8,4100.0,9473.0,47719.85,58,25,13050.0,Y,1416.83,current,F,60,MEDIUM,32.0,3,799.0,0,8.0
14221,291,9685.0,5654.81,2080.0,1707.0,5038.15,35061.95,2486.2,67.0,56,14,11,38,79,35000,1,1,1.0,1,204585.76,119831.0,80000.0,886.0,49192.88,185707.83,24.0,1,15541.0,48762.35,126109.0,7,25,36666.0,25762.5,170.29,4,7,26117.0,Y,3947.03,current,M,33,MEDIUM,13.0,1,537.0,1,8.0
14222,15217,392714.0,16227.0,10802.0,102802.0,10736.0,6924.75,5546.0,6.0,9,2,10,14,34,139000,1,1,1.0,1,803155.7,30453.0,12016.0,1500.0,477866.23,44836.0,18.0,26,37233.0,51156.0,53321.0,0,7,24343.0,4337.41,17860.25,2,58,41121.0,Y,12575.63,current,M,42,MEDIUM,17.6,2,633.0,1,12.0
14223,8699,12920.0,23371.55,11474.75,2762.23,6515.64,15919.45,6403.0,1.0,30,9,24,2,9,204000,1,1,1.0,1,199690.5,162288.3,8060.0,7984.0,73752.26,158699.0,42.0,2,30731.0,16993.8,15481.25,47,7,30899.0,410454.22,130555.0,49,73,30400.0,Y,1466.23,saving,F,37,MEDIUM,11.9,1,638.0,0,20.0
14224,17806,7230.0,1703.91,3831.0,1350.0,451.0,6064.0,6846.4,6.0,9,50,4,55,6,483000,1,1,1.0,1,497317.93,110000.0,30011.0,12415.0,115713.34,29235.88,77.0,5,41531.0,19630.8,25121.0,10,50,17025.0,24214.58,111419.22,2,50,107174.0,Y,5940.61,current,M,37,MEDIUM,10.200000000000001,7,267.0,0,2.0
14225,8227,9707.0,3103.0,10319.0,6021.18,1576.0,3616.0,3501.5,17.0,34,7,18,3,80,302000,1,1,1.0,1,41883.6,66.0,4367.0,2351.0,18245.25,62534.0,90.0,36,23720.0,23161.06,20311.5,1,24,35302.0,240.75,34333.59,3,11,69145.93,Y,1514.41,current,M,58,LOW,19.0,9,799.0,1,19.0
14226,7926,133348.0,10637.5,8386.0,6425.0,3955.23,7072.54,1801.77,44.0,5,30,2,7,18,87000,1,1,1.0,1,213557.15,375000.0,13533.0,9827.0,94045.0,85227.88,55.0,4,23041.0,227223.09,56996.0,47,4,51586.0,23549.5,10378.0,3,80,18670.0,Y,78315.93,saving,M,38,MEDIUM,12.600000000000001,2,535.0,1,2.0
14227,2204,30901.0,12111.215,683.0,50929.63,1025.0,18487.0,2084.0,8.0,43,35,21,2,79,199999,1,1,1.0,1,6558.8,1971236.9,4812.0,3897.0,75409.75,66825.0,20.0,13,174843.0,22184.5,22995.12,1,84,45262.0,49336.76,53960.0,3,38,43296.0,Y,116.53,current,M,66,MEDIUM,4.6000000000000005,7,503.0,0,9.0
14228,1620,225496.0,32533.51,8665.5,11508.61,52669.95,5728.82,4565.27,100.0,1,53,4,3,11,156000,1,1,1.0,1,2014.8,136466.0,20000.0,-5715.49022999999,117656.75,306174.0,62.0,2,44791.0,99339.41,22827.0,4,8,17445.0,126746.24,50609.0,14,49,28553.0,Y,13313.61,current,M,33,MEDIUM,13.0,8,911.0,1,16.0
14229,12872,50134.0,3198.0,34632.0,35870.33,2887.5,7127.545,10013.0,5.0,77,3,1,7,55,400000,1,1,1.0,1,60800.0,154069.0,13873.0,20324.0,81501.94,15755.0,67.0,36,2750.0,991.1,5611.0,5,20,22477.0,66031.91,18549.0,4,106,39629.0,Y,11284.18,current,M,40,MEDIUM,20.0,1,921.0,1,6.0
14230,714,18996.0,29866.9,5468.0,23324.0,2131.0,3966.0,6394.0,6.0,26,64,17,1,1,326250,1,1,1.0,1,327324.9,22400.0,4367.0,-3506.17993,31402.18,29297.0,42.0,23,15151.0,56631.33,9847.0,1,11,17445.0,95396.13,27178.0,14,73,14873.0,Y,2350.75,current,M,47,LOW,13.5,4,615.0,1,8.0
14231,13304,14086.0,928.69,3925.02,1271.22,986.68,11021.095,3501.5,57.0,43,5,50,2,16,1000000,1,1,1.0,1,1053411.2,162288.3,583.0,8572.0,64594.09,30073.0,55.0,1,37067.14,11070.05,20245.0,0,27,42600.0,110578.36,11254.0,22,24,11529.0,Y,4084.43,current,M,25,LOW,2.5,8,911.0,0,10.0
14232,8156,3127.0,7776.0,2342.52,23195.97,5720.43,3570.69,3718.67,15.0,8,87,1,31,3,17000,1,1,1.0,1,170590.75,134890.0,126001.0,277.0,18823.25,51935.41,11.0,36,117591.0,19522.48,221497.0,16,171,25746.31,138537.57,23209.0,36,12,31442.0,Y,1170.49,current,M,42,MEDIUM,13.200000000000001,8,653.0,1,17.0
14233,19800,16596.0,2901.5,1012.0,18094.02,364.0,3040.41,15959.0,67.0,61,87,3,2,41,272000,1,1,1.0,1,39851.93,86000.0,130000.0,3897.0,137994.74,94656.0,90.0,1,62715.0,19206.85,36623.5,3,5,16472.0,31899.68,31314.0,2,25,57748.0,Y,1442.54,current,M,35,MEDIUM,3.0,5,386.0,1,5.0
14234,7169,82309.0,1168.5,3617.59,2475.0,4426.95,3563.575,828.04,1.0,65,74,2,55,1,375000,1,1,1.0,1,1035.0,290000.0,13873.0,12415.0,53679.05,80887.0,4.0,3,62715.0,151669.25,76584.0,4,8,256212.55,52800.03,102337.98,10,104,61467.0,Y,306.11,current,M,25,MEDIUM,5.0,2,801.0,0,10.0
14235,9680,5796.0,13852.94,1641.0,28175.0,1320.0,5014.49,1412.0,2.0,26,3,2,2,1,25000,1,1,1.0,1,111.0,8000.0,90525.0,173.0,32844.25,10146.0,16.0,36,37010.0,54364.14,37574.0,11,24,20949.0,46404.79,31758.5,4,50,77627.0,Y,9905.43,current,F,35,MEDIUM,3.0,1,964.0,1,15.0
14236,4696,8666.0,1509.0,16453.77,5317.93,941.0,16145.5,673.29,44.0,77,16,20,18,70,127500,1,1,1.0,1,811110.0,280000.0,787.0,1992.0,22765.0,47822.0,4.0,1,30252.0,136984.75,50985.13,5,13,3909.0,44346.64,33275.0,47,11,35467.0,Y,2334.34,current,M,56,MEDIUM,7.2,9,805.0,0,13.0
14237,16216,6722.0,2272.0,11076.94,5206.6,335.0,4335.0,2377.0,12.0,1,67,15,48,4,519000,1,1,1.0,1,10006.2,64491.0,300500.0,3323.0,17486.17,30528.0,23.0,26,33484.0,285519.75,52760.0,0,11,63302.0,29398.45,71816.0,6,24,49708.22,Y,818.61,current,M,66,MEDIUM,23.0,9,799.0,1,14.0
14238,7729,33504.0,68628.38,1503.0,10036.21,89589.0,3216.645,13650.3,7.0,10,5,18,1,79,160000,1,1,1.0,1,123134.77,43397.0,798.0,5773.0,32029.3,22466.5,5.0,2,24372.0,98636.16,17769.0,2,20,25674.0,60974.75,169940.5,3,83,479.0,Y,13723.45,current,M,62,LOW,21.0,5,882.0,1,3.0
14239,15932,14333.0,9187.8,1548.37,13883.06,1782.2,3813.5,295.2,44.0,36,23,25,1,47,472000,1,1,1.0,1,21220.0,51000.0,30000.0,6916.0,33253.0,61489.0,24.0,1,77582.0,75740.04,4002.0,3,108,652.35,90181.79,28476.0,13,124,40679.0,Y,5250.53,current,M,53,LOW,16.5,10,921.0,1,6.0
14240,17647,17505.0,27797.27,14094.74,14804.17,35084.3,8633.015,15426.0,3.0,99,27,52,6,64,581000,1,1,1.0,1,670875.0,134890.0,25000.0,-6885.0,21531.88,37654.0,3.0,7,77470.0,7123.15,27468.0,1,63,50087.0,17971.0,89361.0,4,3,11388.0,Y,1122.28,current,M,32,MEDIUM,3.6,10,771.0,0,5.0
14241,6038,14050.0,14764.91,2361.55,6253.08,88209.03,19734.67,6843.0,7.0,66,46,1,3,9,530000,1,1,1.0,1,720551.4,50000.0,155205.0,5350.0,188752.87,99880.0,0.0,3,64091.0,94840.21,43020.0,2,86,6032.0,83713.84,36097.0,12,12,155169.0,Y,1746.38,current,M,53,MEDIUM,26.400000000000002,6,686.0,1,20.0
14242,1488,129927.0,10930.42,4239.0,4426.04,17082.26,28571.03,7175.58,32.0,29,1,57,1,39,255000,1,1,1.0,1,71191.8,1034285.63,230000.0,-6885.0,100503.33,61578.0,22.0,26,31213.0,85054.9,51953.0,50,20,27022.0,29635.12,60672.0,12,80,56047.0,Y,2048.14,current,M,34,HIGH,5.6000000000000005,8,506.0,0,6.0
14243,18258,1270.0,25135.52,7168.73,2650.08,1640.46,1587.0,2951.0,15.0,10,4,2,3,22,100000,1,1,1.0,1,21220.0,470000.0,130000.0,844.0,107245.53,15239.0,42.0,4,215429.0,66057.26,135492.0,2,59,88260.0,116450.31,22031.42,12,65,16002.0,Y,9053.91,current,M,33,MEDIUM,10.4,6,296.0,1,8.0
14244,6562,6719.0,18803.3,906.89,646.0,1660.0,15407.0,956.0,6.0,84,44,60,2,79,293000,1,1,1.0,1,213557.15,1423567.1,641.0,6885.0,38649.82,42852.0,46.0,3,19767.0,11041.86,59900.5,8,8,58685.0,17935.0,70105.0,5,2,17249.0,Y,5629.76,current,M,46,MEDIUM,7.800000000000001,3,355.0,0,10.0
14245,18402,13040.0,1396.0,11309.79,180336.83,3908.0,2652.41,1146.0,4.0,29,8,5,6,39,524000,1,1,1.0,1,41883.6,446457.0,33774.0,6916.0,13833.2,57468.51,29.0,36,87000.0,76170.88,31397.0,6,81,21999.0,7446.75,26868.0,2,103,46047.0,Y,761.32,current,M,51,MEDIUM,3.1,10,818.0,0,12.0
14246,2732,17040.0,49432.48,865.0,30524.8,5221.0,28233.0,3587.0,6.0,77,87,3,2,31,58000,1,1,1.0,1,12.19,5241.0,183999.0,6885.0,5264.57,331582.0,42.0,19,65144.0,92148.95,23106.0,2,20,65283.0,37186.29,39144.05,13,12,689.0,Y,3500.31,current,M,55,LOW,3.5,9,700.0,1,14.0
14247,681,14482.0,3416.0,634.0,6052.94,1698.93,752.5,12776.89,7.0,5,35,42,44,70,390000,1,1,1.0,1,506688.65,82907.34,300500.0,13135.0,155483.5,72341.0,4.0,3,194250.0,102266.7,71473.0,2,82,14726.0,27014.64,58197.6,2,10,68015.0,Y,1434.53,current,M,55,LOW,24.5,7,525.0,1,7.0
14248,13051,10764.0,2600.765,699.0,2095.0,1454.0,3948.0,6288.0,7.0,2,74,8,3,8,19000,1,1,1.0,1,977377.25,470000.0,12337.0,-5998.43994,63137.01,43073.74,3.0,35,22930.0,119470.04,19721.0,4,13,42884.0,104822.45,68754.78,58,107,47934.0,Y,2058.3,saving,F,62,MEDIUM,4.2,10,614.0,0,4.0
14249,11106,18075.0,2674.0,57.0,4151.78,5245.0,8335.64,3920.25,14.0,61,89,18,3,2,199999,1,1,1.0,1,98543.96,159308.0,2214.0,12415.0,91683.63,500066.0,32.0,31,71555.0,51276.61,172140.91,6,6,3125.0,982.5,42157.0,49,65,23750.0,Y,5560.17,current,M,67,MEDIUM,32.9,10,858.0,0,15.0
14250,14747,841.0,57706.47,609.38,2521.875,1616.0,5225.5,26624.0,10.0,77,4,5,51,4,240000,1,1,1.0,1,568.8,375000.0,851.0,167.0,31755.21,176035.0,40.0,1,55423.0,57334.64,41022.0,43,18,38295.0,92078.63,53145.0,9,58,11202.12,Y,2936.78,current,M,46,LOW,2.6,4,620.0,1,19.0
14251,12938,19151.0,4847.335,306.8,3158.4,5744.68,35707.0,1004.0,53.0,23,35,3,2,58,155000,1,1,1.0,1,5809.2,187788.1,8060.0,-6885.0,147841.34,73584.0,11.0,7,63611.0,41732.7,20974.6,0,82,23806.0,44589.76,23965.0,62,58,74976.0,Y,1324.33,current,M,33,HIGH,13.0,7,519.0,0,2.0
14252,19010,116864.0,3108.57,3017.0,7440.87,4733.0,3203.0,16846.0,28.0,16,23,25,27,98,371000,1,1,1.0,1,94643.15,254348.9,3975.0,12174.0,19311.07,42917.37,46.0,26,39048.0,22715.34,15349.0,9,8,38296.0,54550.52,41594.0,5,28,28322.0,Y,3882.64,current,M,33,LOW,5.2,1,966.0,1,11.0
14253,1562,107660.0,11102.5,18225.0,31762.4,999.0,4611.0,577.8,44.0,2,5,8,2,1,195000,1,1,1.0,1,35280.0,63173.17,6100.0,2921.0,35975.06,108215.38,62.0,3,51270.0,59364.27,73139.0,6,8,46098.0,17637.16,20406.0,7,76,579.0,Y,11594.56,current,M,33,MEDIUM,7.800000000000001,10,629.0,1,8.0
14254,4372,5665.0,10005.24,14178.27,62591.0,14556.0,23212.0,3950.0,6.0,128,50,2,4,91,49999,1,1,1.0,1,213557.15,76365.24,90525.0,1522.0,141599.25,7789.0,42.0,31,35007.0,3688.0,75078.09,1,25,108709.0,60015.24,25273.0,40,106,19240.0,Y,1920.57,current,F,222,MEDIUM,60.6,10,233.0,1,13.0
14255,1606,214022.0,47817.42,60495.0,8437.5,2110.5,23212.0,3235.0,3.0,3,1,5,60,9,505000,1,1,1.0,1,165907.57,385218.7,1255.0,3735.0,70642.39,21494.0,69.0,3,40793.0,13420.0,1059.0,3,2,73808.0,13939.79,32506.0,12,1,88.0,Y,144148.54,current,M,51,MEDIUM,9.3,9,123.0,0,14.0
14256,14041,5741.0,13444.46,1414.5,4635.2,4156.0,12668.5,6768.17,6.0,71,16,42,12,4,303000,1,1,1.0,1,1399.9,98110.0,936.0,-3506.17993,670.25,68223.0,46.0,4,27416.0,76013.5,342.25,11,24,26950.0,89984.28,27166.0,3,58,34375.0,Y,4374.6,current,M,40,MEDIUM,20.0,4,809.0,0,14.0
14257,15897,7996.0,12831.95,169.0,9003.15,91.0,15158.905,1012.0,3.0,66,135,47,1,6,406000,1,1,1.0,1,48422.7,3084.5,30000.0,17397.0,26817.4,13972.0,5.0,1,69995.0,11077.23,40273.74,4,108,26463.0,90582.27,276893.68,94,12,219529.0,Y,188.94,current,M,66,MEDIUM,4.6000000000000005,4,355.0,1,7.0
14258,6123,764.0,17665.0,5283.0,4860.0,22738.64,5268.0,2065.0,28.0,2,10,60,2,2,199999,1,1,1.0,1,4039029.9,19000.0,8764.0,7478.0,31869.25,63831.0,42.0,1,117591.0,83135.94,1270.0,3,46,28518.0,126814.06,13720.0,3,28,19694.0,Y,8571.41,current,M,56,MEDIUM,7.2,9,535.0,1,16.0
14259,1855,407339.0,6289.3,1311.0,65346.66,7355.0,651.3,2684.5,7.0,18,87,5,3,1,435000,1,1,1.0,1,41883.6,992890.32,67696.0,-3625.0,52297.16,48508.0,11.0,30,110633.65,8813.03,25494.0,43,8,51874.0,31789.0,168979.59,4,9,65799.0,Y,544.04,current,M,33,MEDIUM,1.3,10,683.0,1,14.0
14260,6379,17501.0,2712.84,1916.9,31677.17,1036.0,2232.42,1834.08,100.0,36,29,1,1,34,345000,1,1,1.0,1,9717.55,29479.0,54101.0,-5998.43994,52922.0,33715.0,16.0,4,309.0,75740.04,85529.0,3,108,7900.0,51090.22,17536.0,2,0,13860.0,Y,6859.77,current,M,44,MEDIUM,19.200000000000003,10,762.0,1,15.0
14261,10607,8971.0,22647.5,3295.0,913.6,2991.0,5392.0,1489.0,24.0,11,13,4,38,4,134000,1,1,1.0,1,225823.8,385218.7,15756.0,3897.0,40654.25,239649.0,15.0,3,64500.0,21816.71,276256.0,35,17,6089.0,58988.14,149724.0,3,10,109488.0,Y,31681.87,current,F,38,HIGH,10.8,9,914.0,1,5.0
14262,13355,167480.0,1330.1,4157.0,18951.3,6548.0,13720.345,11858.04,4.0,14,9,24,21,1,383000,1,1,1.0,1,52209.5,100934.0,130000.0,-7652.0,35620.2,35790.0,103.0,4,19414.3,32042.07,111713.88,4,4,16252.0,40067.39,33509.0,8,1,15431.0,Y,15444.36,current,M,33,MEDIUM,2.6,4,631.0,1,11.0
14263,14176,10349.0,54540.5,346.0,2278.92,5245.0,13605.0,46180.0,10.0,11,135,4,15,68,378000,1,1,1.0,1,1146.0,93.35,1266.0,12415.0,3855.58,7512.38,11.0,0,25.88,23843.0,59762.0,4,23,58591.0,149207.95,79947.76,12,63,59500.0,Y,2058.3,saving,M,37,LOW,3.4000000000000004,1,818.0,1,19.0
14264,17392,6215.0,2935.64,126.0,30524.8,794.64,5386.295,46390.0,10.0,71,6,7,1,4,172000,1,1,1.0,1,130319.0,138475.4,4895.0,0.0,12204.5,82741.0,90.0,1,11543.0,366960.01,47627.0,31,9,18767.0,126995.79,83271.0,6,32,28990.0,Y,5941.44,current,M,37,MEDIUM,1.7000000000000002,5,863.0,1,16.0
14265,16382,9826.0,17768.01,3822.0,3371.65,48626.68,35061.95,4328.0,1.0,77,89,1,4,55,390000,1,1,1.0,1,319201.67,380000.0,28985.0,0.0,63811.6,23581.0,12.0,9,295000.0,25424.68,97080.07,1,8,11838.0,35355.96,41471.0,6,80,34242.0,Y,70737.77,current,F,53,MEDIUM,29.700000000000003,4,503.0,1,2.0
14266,11956,10943.0,2611.77,14674.0,10203.07,3740.0,3636.0,30113.95,7.0,17,44,1,44,1,147000,1,1,1.0,1,60800.0,118983.0,29542.0,4889.0,33172.98,26779.0,46.0,19,1354.0,20721.43,68925.0,1,20,33038.0,33449.5,14380.0,6,106,26964.78,Y,8603.38,current,M,56,MEDIUM,10.8,3,331.0,1,12.0
14267,17297,17227.0,9361.47,8087.0,3526.99,9723.0,1490.5,272.74,10.0,19,89,1,12,1,391000,1,1,1.0,1,10008.0,119898.8,6100.0,7478.0,18039.96,65339.0,11.0,2,34490.0,14818.94,112750.0,4,8,21262.0,28584.0,39892.0,21,18,45000.0,Y,2022.17,current,M,42,HIGH,17.6,7,259.0,0,19.0
14268,8515,19271.0,5129.75,8287.0,509.0,898.0,7028.0,4957.28,25.0,81,5,4,51,58,27000,1,1,1.0,1,1910215.0,1194405.5,130000.0,-5942.0,52338.46,48252.0,50.0,3,26259.0,114294.1,9847.0,2,81,19560.0,44157.5,399031.29,12,3,16429.0,Y,7909.83,current,M,29,MEDIUM,9.0,2,974.0,1,5.0
14269,3630,2971.0,13185.5,7212.0,35045.0,5923.0,8149.0,39568.0,1.0,30,13,3,1,80,378000,1,1,1.0,1,31454.1,5241.0,2130.0,0.0,86414.55,14078.03,24.0,1,59536.0,40096.5,11261.0,71,20,26324.0,315576.28,65633.5,6,113,66985.0,Y,218.42,current,M,37,MEDIUM,3.4000000000000004,10,464.0,1,9.0
14270,19941,3844.0,26949.04,14986.9,17946.49,6864.0,3480.71,779.0,7.0,11,10,3,1,34,124000,1,1,1.0,1,354.5,356899.37,13873.0,3897.0,65089.0,31091.9,67.0,2,34400.0,59833.0,39606.0,1,20,81117.0,31566.92,19888.0,1,80,59233.0,Y,5261.26,current,M,38,MEDIUM,16.2,8,883.0,1,5.0
14271,367,16489.0,10917.0,354.72,5642.77,5172.03,6684.0,11816.69,4.0,36,30,1,21,1,620000,1,1,1.0,1,13849.4,136000.0,3570.0,10210.0,335302.63,31282.0,5.0,13,59103.0,21335.26,55643.64,2,63,28765.0,32057.56,55296.0,36,104,36102.0,Y,6657.14,current,M,47,LOW,13.5,6,945.0,1,8.0
14272,2130,4481.0,97340.28,20258.0,4364.12,572.45,61364.0,1798.19,101.0,38,50,44,63,8,58000,1,1,1.0,1,95.0,218670.0,67696.0,10455.0,67322.25,244717.65,46.0,1,35675.0,17634.87,81230.0,6,11,12858.95,112318.19,9327.0,7,21,22646.0,Y,3218.98,current,F,25,MEDIUM,3.5,3,631.0,0,5.0
14273,17623,8640.0,5368.8,5706.24,23547.0,6598.15,41165.835,1111.0,4.0,3,112,2,15,47,28000,1,1,1.0,1,213557.15,64491.0,130000.0,6916.0,12380.77,6715.0,10.0,1,44739.0,59484.35,8275.0,17,8,2018.0,150505.12,57115.0,2,10,34668.0,Y,564.87,current,M,50,MEDIUM,30.0,7,507.0,1,19.0
14274,4406,12491.0,19101.7,1165.3,16314.6,2590.0,8134.0,3327.0,124.0,17,47,17,2,1,167000,1,1,1.0,1,4500.0,135552.85,678.0,5464.0,101015.75,18277.0,55.0,36,79116.0,20717.34,39972.0,4,11,6185.0,68333.0,37953.06,94,6,102207.0,Y,6349.24,current,M,38,MEDIUM,9.0,2,485.0,1,10.0
14275,2136,289226.0,3572.95,4123.0,15293.91,989.0,4673.48,4558.0,101.0,26,4,8,3,4,46000,1,1,1.0,1,754075.0,134000.0,57899.0,-4324.0,58094.16,73078.5,42.0,35,15183.0,23102.0,13460.0,2,18,56956.0,97302.81,28426.01,3,38,19157.0,Y,731.3,current,M,27,LOW,2.1,2,647.0,1,6.0
14276,5247,16487.0,50134.22,10430.45,12625.95,7275.53,2583.46,12743.0,20.0,9,9,2,2,47,369000,1,1,1.0,1,328504.5,105000.0,12000.0,0.0,23847.0,59551.94,48.0,5,26950.0,283565.0,923.0,30,18,281169.0,55060.12,20734.0,62,50,200264.0,Y,287.07,current,M,30,LOW,10.0,1,314.0,1,11.0
14277,8702,4809.0,22482.22,559.0,7895.38,3447.42,886.0,30020.0,2.0,67,61,2,56,56,199999,1,1,1.0,1,140291.6,43397.0,925.0,3983.0,50612.25,42153.0,2.0,7,25335.0,7427.24,4292.0,3,20,45864.74,8681.97,173762.33,4,50,17484.0,Y,11426.6,current,M,33,LOW,6.5,5,249.0,1,11.0
14278,15307,8007.0,20659.31,1625.14,944.0,2798.82,4796.11,3098.0,2.0,11,7,1,36,30,139999,1,1,1.0,1,4834.55,185097.6,927.0,1089.0,30342.25,88773.0,42.0,13,20815.0,22206.11,59831.5,50,13,70019.87,84832.07,29550.0,9,104,202432.5,Y,39725.97,current,M,47,LOW,8.1,3,700.0,1,12.0
14279,5307,20142.0,2083.42,11335.3,7345.42,25275.0,42425.055,13642.0,44.0,1,13,5,31,80,218000,1,1,1.0,1,71191.8,16583.84,1036.0,2921.0,76792.02,108774.0,6.0,15,17257.0,112940.15,49224.0,2,13,16540.0,22519.8,107409.0,5,11,14676.0,Y,399.46,current,M,66,MEDIUM,18.400000000000002,9,448.0,0,4.0
14280,15568,30825.0,10487.0,717.6,10346.61,12238.6,4231.385,3176.0,6.0,30,13,5,25,12,100000,1,1,1.0,1,1955.6,201000.0,1273.0,5730.0,216036.78,47710.5,10.0,4,11450.0,1154.0,13935.0,1,81,54792.0,24665.36,48497.0,7,107,22458.0,Y,4097.59,current,M,33,LOW,10.4,7,535.0,1,13.0
14281,1821,20007.0,61802.23,1832.92,252.0,1228.72,13376.52,390.8,24.0,8,30,20,4,47,371000,1,1,1.0,1,50550.5,54395.0,565.0,-4679.0,31371.71,76944.0,4.0,28,50611.0,52.69,175258.08,8,81,65967.0,49629.59,19032.0,8,27,54012.0,Y,2567.43,current,M,66,MEDIUM,13.8,9,305.0,1,11.0
14282,6082,454.0,4688.73,5928.0,31470.0,17038.61,11288.78,377.0,53.0,61,35,57,2,4,19000,1,1,1.0,1,270.0,26000.0,50000.0,0.0,27240.14,50744.0,0.0,3,42443.0,35428.01,10232.51,3,11,21350.0,7838.0,1058.0,13,49,611762.0,Y,1424.24,current,M,33,MEDIUM,3.9000000000000004,1,796.0,1,11.0
14283,14992,2165.0,7699.48,876.35,28175.0,9882.2,3966.0,2212.0,2.0,65,67,3,37,11,393000,1,1,1.0,1,27747.0,28000.0,565.0,1500.0,6299.51,97509.0,52.0,5,12415.0,5623.56,91188.0,2,67,20346.0,129676.58,39551.0,58,18,2659.0,Y,7997.95,current,F,38,MEDIUM,14.4,6,802.0,1,2.0
14284,11287,18081.0,10859.35,1333.0,6121.16,4118.0,3587.0,12625.0,2.0,25,105,5,2,54,97000,1,1,1.0,1,161704.0,186474.96,800.0,6613.0,15490.21,114034.0,11.0,4,11026.0,7815.62,21852.52,43,29,63691.0,61326.0,143892.0,3,103,34796.0,Y,8329.77,current,M,32,MEDIUM,7.2,9,305.0,1,6.0
14285,3729,39347.0,29439.1,2407.6,9972.14,1297.84,9267.0,1540.0,1.0,29,87,22,1,70,329000,1,1,1.0,1,20049.0,221000.0,49975.0,167.0,61259.64,88740.61,11.0,5,107211.03,24491.58,113029.5,2,11,24119.0,34660.91,40268.0,10,106,35697.0,Y,46.33,current,M,66,LOW,36.800000000000004,10,725.0,0,10.0
14286,3770,6355.0,94293.0,100.0,43711.0,4402.34,3406.0,6829.18,3.0,65,89,30,3,81,472000,1,1,1.0,1,1502126.3,65174.0,5591.0,0.0,32109.04,21113.0,10.0,0,15595.0,115167.76,214854.0,1,50,21440.0,22381.23,68042.0,3,26,586100.0,Y,13895.89,current,M,37,LOW,17.0,6,658.0,1,2.0
14287,12609,9666.0,17253.0,814.0,3693.8,5507.0,31092.0,2699.0,2.0,67,60,2,60,8,56000,1,1,1.0,1,293418.75,200926.0,583.0,-5998.43994,32482.04,5375.0,42.0,36,44527.0,37757.76,63767.0,7,69,49993.0,25509.57,50340.0,8,103,61500.0,Y,6136.24,current,M,27,MEDIUM,4.9,6,700.0,0,6.0
14288,3853,17069.0,1839.5,22558.0,434.53,1202.0,6680.0,1344.0,531.0,10,7,1,15,36,519000,1,1,1.0,1,26360.0,31730.49,25728.0,5464.0,95889.93,109536.0,39.0,4,84796.0,10140.39,98014.0,3,70,63388.0,30693.38,46141.0,6,9,69267.0,Y,4620.14,current,M,58,MEDIUM,34.2,10,958.0,0,17.0
14289,7320,7959.0,2415.0,12219.46,2958.44,4799.12,1587.73,370.0,531.0,9,20,7,3,6,467000,1,1,1.0,1,123134.77,356899.37,1266.0,277.0,25923.09,24599.0,11.0,6,55423.0,102971.12,147607.0,2,8,44834.79,47950.16,101001.0,4,17,19940.0,Y,4051.35,saving,M,33,HIGH,11.700000000000001,5,270.0,0,3.0
14290,17335,13309.0,11622.02,210.0,383.5,17558.0,32843.52,623.0,101.0,5,50,50,2,22,19000,1,1,1.0,1,291969.2,77965.0,73501.0,1444.0,33013.88,22935.0,103.0,43,20855.0,190348.44,27039.0,7,17,24372.0,79741.0,53921.58,2,75,37514.0,Y,2947.76,saving,M,33,MEDIUM,1.3,8,638.0,0,19.0
14291,1657,13986.0,4593.06,3484.37,12393.0,5900.97,19045.0,40728.0,1.0,30,9,18,2,42,245000,1,1,1.0,1,204.0,18000.0,49975.0,-5998.43994,20251.38,62836.0,46.0,3,16561.0,29451.0,22472.0,5,1,31416.0,226461.91,60689.0,117,12,25396.0,Y,1195.6,current,M,33,HIGH,10.4,2,259.0,1,14.0
14292,6390,17133.0,14644.43,7747.91,1462.78,3391.0,39896.08,660.0,5.0,30,46,1,18,30,152000,1,1,1.0,1,47024.8,43394.0,68000.0,167.0,34661.52,29861.0,18.0,35,16446.0,53325.63,56367.86,11,82,47900.0,83111.0,31150.08,9,38,52800.0,Y,1869.33,saving,M,47,MEDIUM,27.0,3,615.0,1,3.0
14293,19700,334851.0,3121.21,2092.0,59662.01,1095.4,3049.48,30385.0,1.0,84,10,8,1,58,156000,1,1,1.0,1,154363.25,41813.0,50000.0,5773.0,47434.79,55177.88,90.0,36,26064.0,7081.0,710.62,7,42,38546.0,58774.48,225518.0,47,58,99652.0,Y,2222.61,current,M,56,MEDIUM,3.6,1,685.0,1,18.0
14294,7136,6182.0,16126.12,562.0,13164.66,5597.43,6854.0,13889.0,12.0,85,5,8,20,80,139999,1,1,1.0,1,26335.7,376694.91,492.0,1444.0,22991.92,88844.76,5.0,6,12623.0,24874.3,57661.0,4,1,31930.0,63238.95,36499.0,42,50,101443.0,Y,17956.8,current,M,53,MEDIUM,23.1,1,424.0,0,2.0
14295,4877,220443.0,28186.76,3349.18,28933.37,2460.0,82167.99,3912.57,16.0,14,50,1,12,31,518000,1,1,1.0,1,5809950.0,202560.0,130000.0,173.0,79773.0,48114.0,16.0,3,23500.0,33094.5,56158.0,2,42,26368.0,44197.49,385.0,9,8,19418.0,Y,3252.65,current,M,53,MEDIUM,3.3000000000000003,6,753.0,1,2.0
14296,8811,297342.0,5456.19,10189.76,697.0,318.0,373.0,1271.0,10.0,32,16,48,2,13,282000,1,1,1.0,1,3006385.0,52000.0,610000.0,1992.0,44055.13,18095.0,79.0,4,59465.0,25293.68,5355.95,6,20,6100.0,10367.8,44035.0,1,0,82500.0,Y,20586.84,current,M,67,MEDIUM,28.200000000000003,7,766.0,0,11.0
14297,2281,390068.0,13605.31,11466.0,5696.3,2312.24,1355.8,11472.0,19.0,22,19,1,2,13,480000,1,1,1.0,1,105453.65,262556.0,7406.0,1332.0,17784.5,103679.71,86.0,36,21669.0,10292.29,60483.0,1,171,19815.0,26379.82,315309.0,21,10,76902.0,Y,5847.93,current,M,47,HIGH,16.2,7,595.0,1,19.0
14298,2646,7842.0,7142.52,4770.0,7818.505,4007.01,5014.49,619.52,7.0,47,11,25,2,98,98000,1,1,1.0,1,137553.95,11982.0,56305.0,-5998.43994,124544.53,133301.0,4.0,36,30196.0,43867.91,86159.86,2,171,22908.0,55832.33,112965.0,4,6,38578.0,Y,3293.58,current,F,56,LOW,28.8,6,867.0,1,2.0
14299,18813,19036.0,3105.165,7886.0,7329.42,4493.0,2439.0,1423.0,5.0,23,135,4,2,81,390000,1,1,1.0,1,881.0,6.0,93651.0,9415.0,56397.95,15991.0,16.0,1,26702.0,34516.65,55569.0,3,59,25047.0,31103.73,30907.0,7,75,98716.0,Y,727.03,saving,F,56,MEDIUM,36.0,2,771.0,1,2.0
14300,14701,6680.0,81876.0,5453.0,9547.02,3326.45,2684.75,3488.1,12.0,14,30,2,8,1,134000,1,1,1.0,1,48230.5,119445.0,11580.0,-6301.0,24530.04,27015.0,11.0,26,14800.0,38019.15,13930.37,17,81,15633.0,24719.75,56600.0,9,38,31345.0,Y,24469.9,current,F,67,HIGH,28.200000000000003,2,748.0,1,3.0
14301,18852,12757.0,4818.0,1105.0,69366.07,1009.0,1363.52,1248.0,6.0,66,19,3,6,80,556000,1,1,1.0,1,715554.75,88482.8,927.0,24326.0,11436.55,26749.38,10.0,15,30482.0,36903.33,203274.84,2,78,20889.0,41761.43,75814.29,21,106,39739.0,Y,1411.85,current,M,63,MEDIUM,12.9,1,863.0,1,10.0
14302,4730,17385.0,16379.78,5233.0,15955.0,3598.0,7702.335,14523.33,6.0,66,64,3,8,81,272000,1,1,1.0,1,60800.0,190887.4,16114.0,6885.0,26422.64,54704.92,16.0,5,29763.0,16449.0,21349.0,4,20,51998.38,10560.71,28124.73,49,0,23414.0,Y,3467.27,current,M,42,MEDIUM,11.0,10,249.0,1,5.0
14303,15935,19646.0,1894.0,196.0,3495.0,3182.0,12386.905,6032.0,12.0,30,11,1,38,3,84000,1,1,1.0,1,39851.93,117890.0,16114.0,1444.0,7118.07,90481.0,16.0,30,100470.0,108066.76,120498.0,47,12,50002.0,30714.22,39515.0,14,83,20658.0,Y,2966.28,current,M,47,LOW,10.8,4,448.0,0,18.0
14304,3262,137652.0,50308.75,4695.0,790.5,1618.0,5882.04,4844.0,101.0,43,49,5,2,2,98000,1,1,1.0,1,116122.65,205032.06,68000.0,4150.0,27512.07,53379.13,11.0,7,42007.0,34111.46,17809.0,3,12,29053.0,56185.65,100839.79,6,18,40822.0,Y,19784.13,saving,M,36,MEDIUM,11.200000000000001,7,922.0,1,19.0
14305,18368,13015.0,4644.6,2596.27,36491.0,5104.4,4516.68,3751.7,3.0,6,74,2,2,47,555000,1,1,1.0,1,11878.6,5241.0,50000.0,-4664.0,117177.84,41107.92,4.0,4,17175.0,81215.1,23074.0,5,104,32187.0,68637.0,7164.0,62,50,196806.0,Y,4418.76,current,M,29,HIGH,6.300000000000001,6,944.0,0,2.0
14306,13158,12345.0,15401.9,21328.0,3269.45,1403.0,5597.66,21126.0,5.0,61,135,44,51,79,119000,1,1,1.0,1,98062.5,455873.9,96558.0,553.0,2039.0,41822.42,8.0,23,41699.0,23236.0,119258.0,70,40,1529.0,7699.0,2137.0,21,104,13983.0,Y,14546.85,current,M,62,MEDIUM,8.4,4,508.0,0,17.0
14307,19347,19156.0,10456.0,11420.0,31036.8,7304.0,4050.0,16647.04,50.0,34,67,3,27,8,448000,1,1,1.0,1,115.45,1194405.5,2019.0,-4664.0,75836.45,13157.75,55.0,9,10838.01,27858.64,10044.0,11,28,27766.0,54150.33,25022.75,3,7,149000.0,Y,1304.11,current,M,35,MEDIUM,3.0,7,809.0,1,16.0
14308,18414,4866.0,22326.5,10459.5,8176.0,38.0,44959.74,1980.0,14.0,9,8,1,9,62,119000,1,1,1.0,1,36122.87,22400.0,183999.0,0.0,30248.55,38691.0,62.0,3,32660.0,11166.95,25564.0,5,8,25004.0,9157.0,119075.7,6,11,33603.0,Y,820.16,current,M,31,LOW,6.6000000000000005,4,858.0,1,16.0
14309,19752,675.0,813.0,352.0,34703.12,13482.9,60223.0,5606.52,1.0,50,60,1,55,3,276000,1,1,1.0,1,21511.8,278904.9,5905.0,1465.0,16070.84,58244.0,42.0,2,13822.0,75353.07,89511.26,3,12,23948.0,6215.41,4513.0,7,10,501.0,Y,16171.67,current,M,33,MEDIUM,9.1,4,372.0,0,10.0
14310,9433,15877.0,4133.0,8685.26,2267.5,5816.0,250717.62,2530.0,63.0,22,64,2,3,8,453000,1,1,1.0,1,201133.0,53750.0,4198.0,10455.0,19925.79,152532.0,91.0,2,82312.0,41501.11,157654.0,3,20,19054.0,293409.29,13169.0,11,12,19038.0,Y,174.94,current,M,30,LOW,2.0,5,737.0,1,3.0
14311,863,782.0,7613.52,16031.0,11721.09,100.0,12360.0,7011.0,8.0,10,112,47,9,53,293000,1,1,1.0,1,19265.4,330001.0,768.0,5730.0,20170.25,25395.5,42.0,26,21872.0,11009.0,70424.0,3,20,32648.0,27240.33,101259.0,1,50,55230.0,Y,25.88,current,M,47,MEDIUM,2.7,3,554.0,1,18.0
14312,8520,20260.0,12879.71,19428.78,2050.65,7428.0,5113.23,2442.07,12.0,23,3,47,2,47,550000,1,1,1.0,1,9118.35,43397.0,4367.0,-5439.0,147824.2,3432.0,7.0,2,46876.0,114026.07,56458.0,5,20,13814.0,22003.0,363.0,42,104,28601.0,Y,2055.04,current,M,37,MEDIUM,11.9,1,445.0,0,20.0
14313,10623,205316.0,11805.45,26644.53,1917.0,12252.0,7880.79,4043.0,3.0,34,32,35,25,34,472000,1,1,1.0,1,825.0,97000.0,16215.0,1465.0,22902.04,52492.0,10.0,3,23616.0,8866.19,80291.0,2,13,41613.0,106191.9,21329.0,2,12,14457.0,Y,1195.6,current,M,46,MEDIUM,20.8,7,259.0,1,13.0
14314,14317,84681.0,2979.44,1991.0,38436.6,2320.95,33868.445,4342.0,16.0,84,44,45,4,56,212500,1,1,1.0,1,811.0,267421.4,10973.0,0.0,19831.31,18563.0,18.0,3,34490.0,28412.37,97929.0,43,8,28227.65,16684.0,107391.0,94,9,59343.0,Y,1332.19,current,M,33,MEDIUM,1.3,4,708.0,1,5.0
14315,1611,18992.0,21681.0,8168.26,5196.25,1545.0,17379.16,1047.0,3.0,29,50,62,1,6,156000,1,1,1.0,1,1859872.2,106398.0,28912.0,1444.0,45799.3,153687.0,29.0,3,4075.0,54979.95,30110.0,12,29,96451.0,146466.84,5059.0,2,35,26224.0,Y,189.17,current,F,53,HIGH,16.5,3,445.0,0,19.0
14316,12742,6248.0,38435.0,1370.0,13705.0,4640.0,1355.69,278.0,6.0,13,23,3,4,1,293000,1,1,1.0,1,148705.0,43397.0,5797.0,5439.0,59610.49,55314.0,55.0,1,81930.0,11384.5,19299.0,0,171,23071.0,40843.99,315229.0,117,9,21690.0,Y,1692.32,current,M,47,MEDIUM,5.4,6,299.0,1,11.0
14317,6030,174490.0,8737.96,4898.0,78777.86,3740.0,16733.1,3015.0,26.0,46,13,57,14,10,199999,1,1,1.0,1,52209.5,1194405.5,12337.0,1992.0,11675.35,38228.0,62.0,4,49661.0,331840.96,84708.0,17,108,28106.0,50044.0,20320.0,4,32,81202.0,Y,3252.65,current,M,32,HIGH,2.4000000000000004,9,647.0,1,7.0
14318,8029,215975.0,65262.44,1227.0,7454.0,4130.38,8175.835,16532.0,66.0,10,50,2,2,55,587000,1,1,1.0,1,3638.25,191000.0,891.0,35346.0,5614.47,50160.0,9.0,26,110344.0,45046.41,28054.0,35,50,74900.0,83154.0,69539.0,21,18,53198.0,Y,2851.79,current,M,40,MEDIUM,2.0,9,428.0,1,12.0
14319,6312,8456.0,9348.0,4060.0,1187.42,1278.77,16425.81,3487.61,6.0,6,72,42,3,41,191000,1,1,1.0,1,1269.2,74599.9,51520.0,2500.0,249016.84,57703.0,70.0,19,34886.77,16977.45,106578.41,4,108,103017.0,13939.79,17997.0,49,63,44118.0,Y,85.23,current,M,42,MEDIUM,4.4,4,638.0,1,3.0
14320,9412,7343.0,2743.0,7370.02,848.22,8826.17,681.0,6041.0,6.0,3,1,60,2,47,362000,1,1,1.0,1,26360.0,760470.3,5905.0,-6301.0,163985.39,2515.0,24.0,1,25414.0,54509.0,69971.0,4,171,20791.0,84645.18,120386.0,11,58,31182.0,Y,2794.72,current,M,55,MEDIUM,24.5,10,631.0,1,3.0
14321,4047,19241.0,4541.0,4731.67,2116.76,2901.0,2641.85,4139.0,1.0,29,26,24,48,2,505000,1,1,1.0,1,960000.0,225000.0,30000.0,5464.0,18115.0,33891.0,18.0,2,9392.0,126629.49,37591.0,9,75,99383.0,5315.25,559.0,3,120,41066.0,Y,306.11,saving,M,29,MEDIUM,6.300000000000001,5,424.0,1,6.0
14322,5785,14551.0,9760.72,8934.0,15330.48,993.0,16233.245,3040.0,531.0,23,135,47,18,3,324000,1,1,1.0,1,37916.0,21577.06,12000.0,10455.0,57855.03,12126.0,40.0,0,22654.0,11184.2,233452.0,24,6,27394.6,78908.64,43103.3,6,50,60227.0,Y,4619.92,current,M,47,MEDIUM,10.8,2,248.0,1,17.0
14323,16644,94378.0,73297.03,9528.12,25889.03,1439.22,116304.0,23332.5,37.0,29,7,10,16,13,670000,1,1,1.0,1,77855.0,3.59,2644.0,-6301.0,16466.35,43547.0,77.0,2,12788.0,23409.0,30317.0,4,23,25762.0,86405.22,54529.38,49,24,28556.0,Y,1313.07,current,M,33,LOW,10.4,5,620.0,1,13.0
14324,7666,478.0,40018.01,5232.45,17374.21,5701.0,23340.0,12841.0,44.0,30,30,1,14,11,199999,1,1,1.0,1,50040.0,98110.0,38599.0,1465.0,31728.25,47468.5,1.0,23,49732.0,51231.6,28494.0,45,8,28233.0,17776.95,65476.0,42,63,50415.22,Y,1922.56,current,M,40,HIGH,20.0,1,922.0,1,7.0
14325,19667,5182.0,8884.25,15670.35,1652.0,9914.92,12457.0,30966.91,10.0,9,49,3,25,39,300000,1,1,1.0,1,53374.97,143000.0,500.0,5340.0,61024.81,37449.0,18.0,26,106400.0,97179.58,38794.0,9,82,23149.7,17057.0,35417.07,3,12,25947.0,Y,6990.29,current,M,40,MEDIUM,6.0,3,809.0,0,15.0
14326,11593,18025.0,7698.3,736.0,4586.9,3843.0,12053.6,525.0,4.0,16,35,3,55,47,466000,1,1,1.0,1,825.0,400000.0,15654.0,6613.0,6663.25,66707.0,32.0,1,46574.0,8497.0,45795.0,5,8,16378.71,53843.71,17703.0,42,106,19196.0,Y,12134.77,current,M,42,LOW,15.4,5,615.0,1,2.0
14327,3554,4928.0,4265.04,9221.7,11053.65,14346.0,2880.44,1929.0,6.0,30,9,30,3,54,461000,1,1,1.0,1,117168.65,330001.0,16215.0,5439.0,123285.25,23247.0,55.0,2,49162.0,47613.39,98097.47,1,69,568.0,17666.37,19690.5,2,79,44242.0,Y,3379.82,current,M,49,LOW,29.0,10,394.0,1,10.0
14328,2759,20178.0,14189.58,171.0,6710.0,10297.95,14016.43,3461.0,1.0,66,59,22,3,1,255000,1,1,1.0,1,26335.7,3084.5,925.0,35346.0,160956.21,28174.0,39.0,5,518126.0,5671.82,86592.0,5,82,21574.0,81588.5,29648.0,2,73,47891.0,Y,2335.07,current,M,40,MEDIUM,8.0,1,801.0,1,19.0
14329,13331,10520.0,46591.5,539.0,7912.36,1024.51,8740.58,21126.0,531.0,2,72,3,2,9,114000,1,1,1.0,1,2533020.0,96096.0,4458.0,-4679.0,8786.25,23737.0,10.0,35,12505.0,230644.8,269281.0,1,44,200815.17,109680.88,20949.0,16,1,15504.0,Y,3784.02,saving,M,118,MEDIUM,39.2,4,723.0,1,14.0
14330,13057,100631.0,28167.0,2465.0,332.5,12917.35,6967.5,1015.0,1.0,26,135,24,1,9,58000,1,1,1.0,1,192478.0,172131.0,61903.0,-4664.0,41944.56,52472.0,77.0,3,61559.0,52988.15,71457.0,3,81,20926.0,59914.07,241649.23,4,1,30310.0,Y,4601.4,current,M,223,MEDIUM,162.4,8,536.0,1,8.0
14331,18009,2362.0,8262.59,321.23,17762.0,22260.0,6776.0,23315.26,57.0,9,67,1,6,70,263000,1,1,1.0,1,41883.6,50000.0,550.0,13135.0,118293.0,55497.0,11.0,19,40685.0,21078.0,98764.0,5,20,47384.0,29320.51,56704.43,12,18,23372.0,Y,18043.25,current,M,32,LOW,3.6,6,516.0,1,15.0
14332,5801,133978.0,12938.3,6220.29,6566.5,7055.0,6919.0,2075.57,16.0,66,35,1,2,17,100000,1,1,1.0,1,34786785.0,45000.0,25000.0,10455.0,20251.38,62525.0,20.0,7,7210.0,21548.83,7717.0,12,20,60514.0,4337822.86,87104.5,40,1,360000.0,Y,3206.16,saving,M,53,MEDIUM,6.6000000000000005,3,965.0,1,12.0
14333,15306,289340.0,11082.96,2130.0,7187.17,5157.49,65493.5,5246.0,92.0,27,35,8,7,53,10000,1,1,1.0,1,102494.2,30436.0,908.0,-8243.0,31470.0,55113.0,10.0,26,135601.0,65486.25,32690.0,1,5,101655.0,46142.54,87303.29,49,58,17184.0,Y,10028.36,current,M,55,LOW,14.0,6,593.0,1,15.0
14334,2233,7962.0,14507.39,2140.0,25212.48,5650.52,33666.275,2567.35,7.0,7,112,5,31,47,479000,1,1,1.0,1,825.0,96096.0,20887.0,5464.0,60961.16,63093.0,4.0,26,44137.0,111030.51,135256.0,2,81,11832.0,41585.6,23998.73,5,75,38066.0,Y,6852.63,saving,F,53,MEDIUM,19.8,1,882.0,1,10.0
14335,17771,9063.0,61416.13,384.14,16856.0,1935.76,8265.0,2537.74,6.0,5,87,5,6,18,102000,1,1,1.0,1,7304.75,165000.0,13873.0,4856.0,3979.25,15192.0,10.0,26,10766.0,20323.0,68320.13,71,6,31042.0,81551.93,186389.0,47,57,63394.0,Y,35578.2,current,F,55,LOW,7.0,4,507.0,1,4.0
14336,6206,4229.0,5205.97,11208.0,3909.62,5805.0,8142.22,796.0,44.0,10,7,1,17,1,199999,1,1,1.0,1,134985.0,100000.0,583.0,2500.0,48962.04,93299.0,16.0,26,84962.0,78167.85,240463.97,6,12,12185.0,61297.71,10230.0,2,96,29557.0,Y,1054.26,current,M,37,MEDIUM,6.800000000000001,4,863.0,1,7.0
14337,17568,318734.0,1465.77,1156.7,7258.0,5538.5,14105.0,2075.57,4.0,23,3,1,1,79,92000,1,1,1.0,1,39851.93,197800.0,67696.0,-5998.43994,115230.08,47486.0,46.0,55,40036.0,21918.04,23880.0,7,0,68980.0,40775.6,43107.08,2,104,70575.0,Y,1694.71,current,M,33,MEDIUM,2.6,6,748.0,1,13.0
14338,17989,11507.0,2592.16,3229.0,25516.95,1334.03,13783.0,156.0,6.0,43,44,35,1,1,345000,1,1,1.0,1,2.13,110135.86,8060.0,3897.0,62159.05,96348.0,147.0,36,4100.0,523432.27,23793.0,2,4,10615.0,129910.0,17812.0,6,65,54565.0,Y,720.28,current,F,28,LOW,2.4000000000000004,10,809.0,1,16.0
14339,11683,17488.0,4459.0,1786.0,855.61,2630.0,11449.155,811.0,57.0,85,38,82,55,55,20000,1,1,1.0,1,270.0,141473.07,2644.0,-5998.43994,8370.85,33307.61,42.0,36,43720.0,10355.0,41699.0,5,63,45254.0,12076.0,138638.0,11,49,23750.0,Y,155032.98,current,M,51,MEDIUM,15.5,6,538.0,1,14.0
14340,17450,4390.0,11576.35,7484.0,1832.0,2462.0,3901.0,12824.0,5.0,34,87,26,9,56,47000,1,1,1.0,1,5809950.0,143000.0,1446.0,5773.0,38937.0,62623.0,69.0,35,40145.0,118952.15,162734.0,2,14,45000.47,111929.33,13903.0,14,0,98288.0,Y,37763.15,current,F,50,MEDIUM,21.0,8,867.0,0,9.0
14341,16022,14967.0,33925.5,7608.0,46153.95,2860.0,5892.08,824.04,57.0,32,49,5,3,1,273000,1,1,1.0,1,825.0,110175.0,69493.0,17080.0,48551.77,3245.0,12.0,2,35007.0,14144.14,62210.11,47,69,53350.0,116226.1,40049.0,7,8,46893.0,Y,2492.74,saving,M,33,MEDIUM,6.5,4,270.0,0,7.0
14342,10991,82686.0,9265.98,2549.9,34429.74,3536.38,7975.0,9684.2,43.0,3,87,41,2,42,19000,1,1,1.0,1,68640.0,150000.0,126001.0,1992.0,145722.0,10060.0,55.0,19,40036.0,14577.0,60903.0,0,108,28106.0,5998.0,34845.0,12,50,20969.0,Y,1505.11,current,M,53,LOW,33.0,6,683.0,1,12.0
14343,6201,2678.0,66120.54,3126.01,9060.42,1137.0,3360.165,17570.22,53.0,77,112,50,2,4,520000,1,1,1.0,1,170590.75,482147.0,49975.0,-6301.0,91015.75,25911.0,8.0,7,31116.0,25013.0,35423.0,3,171,325128.0,122349.25,41661.0,12,3,53223.0,Y,389.68,current,M,30,MEDIUM,2.0,10,809.0,0,3.0
14344,8418,7587.0,8409.0,6243.02,6936.715,1055.76,2143.25,1774.0,67.0,1,35,39,6,98,480000,1,1,1.0,1,11878.6,108145.0,15477.0,10210.0,13699.25,68012.95,42.0,0,22852.0,303257.1,100170.0,1,12,69200.0,30824.11,86581.0,14,6,40048.0,Y,7029.36,current,M,46,MEDIUM,18.2,2,588.0,1,5.0
14345,6091,8755.0,5469.5,40718.42,3477.56,6598.15,10797.0,1594.0,60.0,6,44,5,55,16,59000,1,1,1.0,1,7304.75,38173.0,18257.0,5464.0,71538.14,18641.0,9.0,5,31782.0,28069.0,239794.11,6,5,37826.0,17264.08,70951.0,6,6,170616.84,Y,4749.57,current,M,55,MEDIUM,7.0,4,247.0,1,16.0
14346,11891,13418.0,2059.69,2712.43,74434.0,7714.3,2518.2,473.59,1.0,50,44,3,55,47,212500,1,1,1.0,1,140262.4,88482.8,508.0,12415.0,85531.23,100998.38,8.0,7,198931.0,63212.72,29002.0,3,20,61783.0,16755.01,17533.0,3,28,56190.0,Y,237.04,current,F,35,LOW,4.5,2,446.0,1,3.0
14347,7304,171475.0,553.0,469.36,10527.155,2318.0,6194.265,779.0,100.0,38,61,1,1,10,358000,1,1,1.0,1,40804.75,76365.24,20887.0,-3506.17993,26935.25,15084.0,18.0,5,42348.0,24793.5,49111.87,11,13,65745.0,305110.15,28507.0,40,12,33014.0,Y,9812.18,current,M,30,MEDIUM,10.0,9,858.0,1,15.0
14348,3756,9358.0,11132.0,5114.2,60454.0,2901.96,4998.0,426.0,1.0,27,10,20,71,6,402000,1,1,1.0,1,8043.25,87578.0,678.0,-5998.43994,50514.37,29861.0,11.0,35,16510.0,36797.37,131101.0,0,82,79063.0,128140.75,14866.0,58,133,54660.0,Y,586.3,current,M,46,LOW,13.0,6,796.0,0,12.0
14349,15309,166928.0,10137.79,1985.02,2758.28,818.0,10393.0,2860.5,124.0,47,10,50,2,53,276000,1,1,1.0,1,965948.8,116533.0,15756.0,-6301.0,20458.74,24817.0,90.0,11,67706.0,20421.5,128857.0,9,75,32383.0,101897.77,95263.0,5,73,41514.0,Y,18649.33,current,M,61,LOW,16.400000000000002,3,503.0,1,19.0
14350,8880,9573.0,3526.0,46614.0,23087.45,1013.83,212075.0,11854.03,17.0,26,67,20,25,81,47000,1,1,1.0,1,8043.25,429273.4,2156.0,35346.0,33304.57,53088.68,11.0,29,210000.0,50772.54,79425.24,3,23,36646.0,98656.64,44259.0,36,17,22733.0,Y,842034.38,current,M,47,MEDIUM,10.8,3,537.0,1,13.0
14351,5314,13574.0,2057.3,3753.0,3636.46,15155.02,11393.42,321.52,10.0,47,50,48,3,2,267000,1,1,1.0,1,319201.67,150000.0,24250.0,7478.0,62613.01,26846.0,43.0,17,19052.0,53764.6,250344.36,2,59,35443.0,12676.2,51734.38,5,38,35494.42,Y,61908.59,current,F,69,MEDIUM,39.2,3,958.0,1,2.0
14352,9704,17100.0,11178.01,1811.0,1905.05,7707.86,2524.0,3531.0,10.0,3,16,2,1,5,272000,1,1,1.0,1,3247.5,257406.7,69493.0,1014.0,44960.0,24878.0,4.0,2,24296.0,39026.1,33415.62,2,23,14722.0,1102.0,41510.0,3,106,96042.89,Y,1364.13,saving,M,62,MEDIUM,21.0,3,536.0,1,14.0
14353,17582,2444.0,6019.0,1912.66,13341.12,10739.0,1437.775,3771.34,15.0,9,82,10,5,54,136000,1,1,1.0,1,47.45,101.24,1727.0,-402.0,1049.25,33723.38,39.0,7,26717.0,26054.0,156290.0,6,44,121989.0,251289.91,72613.0,49,106,250454.0,Y,3000.41,current,M,60,MEDIUM,28.0,3,268.0,0,6.0
14354,17491,14129.0,5237.31,8684.66,3128.0,249.0,567.0,34860.0,12.0,1,67,1,4,4,378000,1,1,1.0,1,34648.75,308615.5,798.0,-5998.43994,7470.58,177032.0,5.0,18,20613.0,511535.86,191897.0,30,81,27282.0,43070.02,506125.24,40,38,55189.67,Y,7480.16,current,M,50,MEDIUM,27.0,10,653.0,1,7.0
14355,12018,18057.0,4076.75,1491.79,27534.53,5816.0,4636.0,1632.0,6.0,36,16,3,6,42,524000,1,1,1.0,1,593.2,15957.0,1633.0,-4664.0,2112.0,64525.85,4.0,19,26497.0,89055.44,132983.0,47,20,12330.0,160535.69,20833.0,10,8,10662.0,Y,123.06,current,M,36,MEDIUM,12.8,4,249.0,1,14.0
14356,688,16485.0,61416.13,6243.02,3905.4,18033.7,33868.445,1533.0,50.0,18,14,7,44,16,555000,1,1,1.0,1,15961.9,60040.0,54101.0,6916.0,438.3,70052.0,4.0,26,28248.15,75780.87,53783.5,4,20,28292.0,10196.0,287964.25,40,65,29435.0,Y,2335.07,saving,M,58,MEDIUM,22.8,6,626.0,0,19.0
14357,6048,11463.0,1310.85,9748.7,906.0,1332.85,16527.0,1614.0,44.0,29,50,3,16,1,147000,1,1,1.0,1,54453.8,31730.49,5540.0,1500.0,18720.41,61790.0,29.0,36,226331.0,94252.33,1207666.75,3,50,72011.0,70615.83,75030.0,12,24,34200.0,Y,3578.17,current,M,53,LOW,13.200000000000001,4,866.0,0,20.0
14358,6631,9025.0,4672.61,1597.54,3392.26,7610.0,34429.5,2475.0,6.0,10,29,4,14,47,579000,1,1,1.0,1,1105487.1,76365.24,12016.0,7478.0,45356.71,40474.0,55.0,13,18324.0,192.64,16840.0,19,20,51929.0,11949.89,40049.0,8,124,61169.0,Y,9978.26,current,M,33,MEDIUM,5.2,5,503.0,0,17.0
14359,18468,9701.0,3874.94,805.57,3031.0,5650.52,2283.25,7697.0,44.0,30,35,7,7,1,518000,1,1,1.0,1,9624.6,128314.74,610000.0,2921.0,48551.77,152525.0,40.0,4,18082.0,6081.55,69803.5,42,14,13217.0,10541.92,30574.0,8,50,38499.0,Y,7609.7,current,M,28,HIGH,4.0,6,796.0,1,7.0
14360,1162,9226.0,13857.52,22835.65,12859.44,2578.31,5427.0,17570.22,15.0,71,35,50,1,1,483000,1,1,1.0,1,18861.8,165000.0,96497.0,0.0,44828.92,33165.0,42.0,5,29200.0,109082.7,36091.43,5,7,21447.0,100256.27,28808.97,8,50,23870.0,Y,304.23,current,F,27,MEDIUM,1.4000000000000001,1,268.0,1,15.0
14361,10259,12226.0,452.0,739.91,2024.76,22231.0,157.0,12625.0,100.0,46,4,22,7,5,410000,1,1,1.0,1,98062.5,134890.0,565.0,1411.0,337419.35,53847.0,3.0,7,15152.0,40056.75,25270.0,45,82,50951.0,10367.97,30958.98,1,8,30180.0,Y,8597.02,current,M,29,MEDIUM,3.6,8,799.0,1,13.0
14362,6834,86974.0,60992.13,18478.75,27131.0,2179.0,9803.0,3623.0,1.0,66,16,52,23,75,170000,1,1,1.0,1,7404.75,51850.0,4699.0,-5715.49022999999,80764.75,85224.0,16.0,4,15628.0,106885.9,185136.0,5,23,18783.0,38431.0,35070.0,6,80,26970.27,Y,5371.53,current,M,53,MEDIUM,26.400000000000002,1,395.0,1,14.0
14363,5751,9271.0,107258.85,2087.0,17607.09,5900.97,16629.0,1955.52,19.0,36,46,2,4,81,297000,1,1,1.0,1,360978.37,88482.8,43798.0,1411.0,1116.89,20643.0,77.0,1,20187.0,45617.64,228919.0,20,50,23462.0,104601.29,90166.0,2,58,36803.0,Y,5262.55,current,F,51,MEDIUM,12.4,2,683.0,1,19.0
14364,18775,6576.0,10012.9,26889.0,3559.04,362.59,1438.75,886.0,4.0,8,9,1,2,1,329000,1,1,1.0,1,105453.65,25000.0,50000.0,2008.0,36312.18,63069.0,36.0,19,56500.0,47912.5,50190.0,43,8,40752.0,34337.76,29232.85,4,21,35324.0,Y,4876.74,current,M,35,MEDIUM,1.5,9,736.0,1,2.0
14365,203,10779.0,14638.54,1706.0,17835.58,31395.0,17759.0,6846.4,100.0,85,7,3,11,1,150000,1,1,1.0,1,204585.76,60000.0,565.0,-6281.37987999999,31086.77,39589.59,10.0,1,37514.0,68761.31,102460.0,3,6,13131.0,67987.08,109045.0,2,83,11478.0,Y,7202.3,current,M,64,MEDIUM,26.400000000000002,6,801.0,1,5.0
14366,2784,12945.0,3035.22,1132.0,6812.3,318.0,24065.11,2696.0,56.0,99,50,39,21,12,421000,1,1,1.0,1,53374.97,18300.0,2841.0,6885.0,23450.82,58989.0,24.0,36,16854.0,56267.98,164072.5,0,42,50250.0,101717.2,36590.0,58,113,15088.0,Y,2564.97,current,M,66,LOW,4.6000000000000005,1,249.0,1,16.0
14367,4444,338481.0,643.52,5529.96,6964.76,1787.36,6131.945,1955.52,10.0,85,14,2,6,8,193000,1,1,1.0,1,67833.35,84.32,4699.0,6885.0,45594.36,29839.0,35.0,3,1500000.0,10037.17,43801.37,8,75,73710.0,17848.75,34263.0,43,18,8628.0,Y,14729.32,current,F,33,LOW,3.9000000000000004,1,922.0,0,6.0
14368,18150,10603.0,16224.0,23128.0,18822.87,1062.0,22981.5,11734.35,16.0,71,13,82,38,13,252000,1,1,1.0,1,41883.6,15000.0,1633.0,5350.0,33056.19,30164.0,4.0,13,32421.0,23740.0,52887.0,2,1,12330.0,55832.33,75167.61,94,39,56558.0,Y,1538.92,current,F,33,MEDIUM,13.0,2,330.0,1,7.0
14369,13725,15862.0,24966.81,306.8,9288.41,2982.0,565.52,5305.0,80.0,2,9,25,3,4,327000,1,1,1.0,1,18861.8,32714.0,6100.0,6613.0,50738.09,144593.0,89.0,1,25599.0,18571.98,35063.0,9,81,348255.0,2513.0,148696.0,3,15,25947.0,Y,4536.83,current,M,220,LOW,100.0,5,685.0,1,8.0
14370,16715,4694.0,53290.53,10932.25,9119.65,3602.87,2930.83,32432.0,15.0,60,82,50,31,9,272000,1,1,1.0,1,6558.8,1084598.7,1266.0,10770.0,42215.0,88212.91,37.0,3,69562.0,969.6,95935.0,1,171,18100.0,99737.01,33626.0,117,113,10460.0,Y,11131.41,current,M,60,MEDIUM,4.0,6,914.0,1,18.0
14371,8348,8462.0,909.0,3094.0,4348.26,1135.6,5505.52,167.0,66.0,18,60,1,2,11,378000,1,1,1.0,1,39758.95,63000.0,583.0,167.0,53153.9,95078.0,63.0,36,54532.0,120513.85,22551.5,9,28,46004.0,13919.88,5342.0,47,18,19889.0,Y,2724.55,current,M,32,LOW,9.600000000000001,4,883.0,1,3.0
14372,2647,9462.0,1349.0,3476.0,18583.54,7230.4,21654.0,1724.0,7.0,71,117,18,27,6,110000,1,1,1.0,1,71020.5,74599.9,16215.0,167.0,52186.0,29823.0,70.0,28,14495.0,58664.0,92922.5,2,40,112721.0,2680.75,85336.63,8,3,26304.0,Y,5896.13,current,M,32,MEDIUM,8.4,7,957.0,1,19.0
14373,10432,3409.0,30990.52,43191.12,5387.0,4719.0,7645.68,5762.0,28.0,8,2,4,36,4,272000,1,1,1.0,1,6100.0,369448.8,768.0,-5998.43994,89635.65,104311.0,84.0,78,47964.0,115150.0,11705.0,6,75,36991.0,48625.59,90199.0,5,18,19487.0,Y,4511.05,current,M,66,LOW,36.800000000000004,1,958.0,0,3.0
14374,9705,295678.0,17655.0,919.0,3732.16,1634.26,944.96,8498.38,46.0,83,4,62,55,98,47000,1,1,1.0,1,684495.7,375000.0,1209.0,-5998.43994,31454.36,60148.0,11.0,33,70205.0,474362.25,15183.0,1,26,31769.0,16086.0,106721.0,7,18,83.0,Y,4607.37,current,M,29,MEDIUM,3.6,10,385.0,1,2.0
14375,6742,5026.0,29736.63,7559.0,4399.91,3755.19,30505.525,677.0,6.0,10,87,82,21,54,141000,1,1,1.0,1,41883.6,68663.61,2214.0,1522.0,50573.0,50455.0,11.0,36,48299.0,36507.16,14457.5,4,14,35217.0,4906.65,241649.23,4,7,4580.0,Y,133145.43,current,F,37,MEDIUM,3.4000000000000004,3,268.0,1,13.0
14376,4138,165531.0,12554.44,2138.0,843.35,6802.0,8393.0,7792.91,531.0,3,10,1,17,1,215000,1,1,1.0,1,12869465.0,7194.0,48950.0,1332.0,16449.0,165527.0,67.0,36,22091.0,31588.52,50961.0,5,77,10345.0,67331.7,65340.0,19,42,20760.0,Y,6077.25,saving,M,55,LOW,10.5,3,269.0,1,20.0
14377,13917,17124.0,1506.0,9657.13,5132.0,2166.0,7913.0,5404.0,6.0,36,13,6,1,68,845000,1,1,1.0,1,24832.0,97523.61,4367.0,0.0,53583.75,9773.0,20.0,5,82126.0,118952.15,58643.0,2,6,18056.0,4236.24,30954.0,6,83,691984.71,Y,1666.15,current,M,47,LOW,18.900000000000002,10,314.0,1,13.0
14378,10557,179493.0,6823.94,4526.73,12495.95,10993.0,5505.52,799.0,1.0,9,67,6,18,3,575000,1,1,1.0,1,39851.93,27000.0,2644.0,-12179.0,178464.78,61055.05,103.0,2,21847.86,52731.92,184532.0,2,84,25453.0,28327.63,29648.0,9,7,28297.0,Y,2367.96,current,M,56,MEDIUM,18.0,6,488.0,1,20.0
14379,5,8273.0,29183.07,7845.0,8365.83,1869.0,4835.0,6069.0,7.0,18,52,5,1,53,290000,1,1,1.0,1,33664.3,120000.0,20000.0,2500.0,8879.0,37038.0,91.0,2,13419.0,31853.67,40961.0,2,40,20460.19,95378.96,92707.0,41,133,47371.0,Y,5183.31,current,M,29,MEDIUM,4.5,8,937.0,1,2.0
14380,18201,13897.0,1353.12,18730.92,3241.34,1950.72,18570.0,14701.0,4.0,66,14,20,4,98,300000,1,1,1.0,1,16250.2,77000.0,36114.0,844.0,46132.35,34941.0,42.0,29,64208.0,22965.25,210113.5,5,18,43176.0,56028.1,8437.29,8,54,30419.0,Y,454.8,current,M,38,MEDIUM,10.8,10,882.0,1,20.0
14381,17664,10235.0,9788.85,1414.0,7975.99,1448.0,9874.0,1090.16,12.0,23,50,3,1,79,564000,1,1,1.0,1,61186.36,24000.0,2644.0,1079.0,38071.59,44547.0,40.0,30,29769.0,39712.25,44974.0,50,17,56623.0,21486.54,75276.0,2,76,43912.0,Y,1.03,current,M,44,MEDIUM,7.2,6,503.0,1,8.0
14382,10078,16770.0,8872.75,10913.0,24256.08,3140.0,8555.0,3636.0,4.0,29,6,11,5,70,87000,1,1,1.0,1,16317860.0,20000.0,78309.0,6613.0,7338.45,45762.0,3.0,11,8560.33,44092.75,36413.36,2,11,28813.0,209316.81,157502.0,8,80,13299.0,Y,3716.55,current,M,40,MEDIUM,20.0,8,249.0,0,5.0
14383,14503,523.0,39138.66,3659.93,4471.77,9519.88,13915.25,1842.0,8.0,2,90,44,2,55,480000,1,1,1.0,1,19866.0,167870.79,3570.0,-5439.0,30190.25,35880.0,43.0,5,16218.0,68272.47,58559.0,6,78,32533.0,107590.25,16545.29,3,13,102436.0,Y,208.06,current,M,58,MEDIUM,38.0,8,519.0,1,12.0
14384,14215,17594.0,4265.01,13230.0,18810.37,13718.0,1966.85,2742.0,104.0,84,64,42,2,1,167000,1,1,1.0,1,148705.0,119898.8,13873.0,6916.0,91683.63,199117.0,3.0,0,22617.0,24266.85,12098.0,2,6,152572.0,173869.85,44035.0,22,11,36195.0,Y,89661.75,current,M,27,HIGH,3.5,7,755.0,1,6.0
14385,7178,15166.0,20721.45,168.5,3377.78,4720.0,3791.81,9294.0,7.0,84,74,30,3,1,187000,1,1,1.0,1,12869465.0,730000.0,5979.0,1500.0,48936.26,34716.8,11.0,15,80685.0,17869.19,27750.0,9,8,20051.0,20462.76,25006.0,3,35,34187.0,Y,12190.88,saving,F,58,MEDIUM,3.8000000000000003,10,123.0,1,15.0
14386,8967,13892.0,12345.48,2171.0,4123.93,2248.0,7567.59,4368.74,1.0,37,35,42,51,4,17000,1,1,1.0,1,153410.0,257406.7,2214.0,1014.0,18732.37,108338.0,4.0,0,102695.25,200324.62,72406.0,4,23,27192.0,23477.62,20519.0,1,7,25132.0,Y,5170.83,current,M,36,MEDIUM,4.800000000000001,6,934.0,1,10.0
14387,11021,5091.0,14351.79,23119.0,6120.51,6293.0,1223.0,574.59,56.0,18,64,2,4,5,147000,1,1,1.0,1,60800.0,186218.0,4000.0,5350.0,58713.18,238012.0,39.0,19,66300.0,13329.6,31662.0,3,82,200815.17,50027.47,23963.0,9,13,28200.0,Y,8494.09,current,M,44,LOW,9.600000000000001,6,508.0,1,7.0
14388,8799,607.0,2576.0,4526.73,13362.04,1164.0,144998.45,6480.0,6.0,11,10,1,1,16,44000,1,1,1.0,1,11878.6,82907.34,927.0,0.0,72333.29,30703.0,62.0,3,90943.0,659905.45,33112.0,71,31,80694.0,162736.6,68997.0,12,50,45641.0,Y,7125.81,current,M,32,LOW,12.0,8,802.0,1,19.0
14389,16305,3419.0,1583.92,2413.0,4933.0,1439.0,14190.5,8132.0,6.0,3,6,2,51,5,34000,1,1,1.0,1,5809950.0,93.35,1097.0,13135.0,21087.25,58949.12,46.0,2,11834.0,40907.66,334234.0,2,108,29151.0,35956.14,39678.0,2,120,78690.0,Y,57389.07,saving,M,46,MEDIUM,5.2,6,249.0,0,17.0
14390,7362,9899.0,20235.52,2470.26,4818.63,3104.91,9426.73,1004.0,531.0,4,89,54,5,9,423000,1,1,1.0,1,111.0,222222.0,26241.0,167.0,69155.74,16559.0,10.0,35,43584.0,139238.23,2030.0,43,8,16600.0,29873.9,53328.0,6,7,46967.0,Y,656.2,current,F,32,LOW,12.0,10,566.0,1,19.0
14391,4307,16512.0,20127.58,8894.43,2138.89,3777.3,26090.85,5279.61,24.0,8,89,10,4,42,326000,1,1,1.0,1,743915.3,17000.0,50000.0,-3506.17993,69397.02,198745.0,2.0,17,46450.0,46585.75,126417.0,42,78,19800.0,205064.4,10493.0,18,58,76276.0,Y,1514.41,current,M,32,MEDIUM,8.4,6,374.0,1,9.0
14392,1022,19333.0,13012.0,1529.0,262241.39,4512.85,3531.11,1017.0,531.0,99,71,1,15,20,75000,1,1,1.0,1,4323.0,97000.0,24619.0,1500.0,297288.33,18789.0,42.0,7,25277.0,15076.6,27750.0,31,5,1666.61,99811.37,48731.28,6,63,51211.0,Y,3970.13,current,F,30,MEDIUM,8.0,7,802.0,1,8.0
14393,9774,4342.0,26800.38,189.0,15093.42,162.0,7149.075,25269.0,25.0,50,5,4,2,55,232000,1,1,1.0,1,65887.8,330001.0,30011.0,-5439.0,36333.36,86325.0,42.0,19,26706.0,8861.15,678.0,4,20,26828.0,26723.96,30476.0,6,63,44485.0,Y,946.22,saving,M,56,MEDIUM,25.200000000000003,1,713.0,1,8.0
14394,19082,11231.0,29308.0,1706.0,13352.0,9447.93,11658.0,3950.0,5.0,23,2,10,4,29,139000,1,1,1.0,1,34112.0,216932.5,105000.0,8723.0,7497.12,11480.0,90.0,3,226331.0,37491.0,15085.74,0,82,54761.13,34975.28,104990.0,41,103,11418.0,Y,3192.17,saving,M,29,MEDIUM,3.6,1,523.0,1,2.0
14395,17756,18597.0,6145.45,2307.67,4476.5,3936.0,13725.995,607.0,101.0,2,87,2,1,55,70000,1,1,1.0,1,1349.1,84.32,13873.0,-3506.17993,105113.39,15468.71,42.0,3,23426.0,18121.0,41381.0,3,20,112721.0,43737.46,186366.55,47,14,10650.0,Y,10998.11,current,M,47,MEDIUM,13.5,4,686.0,0,10.0
14396,18849,5810.0,64476.2,3099.0,50565.11,48879.0,764.38,6234.8,10.0,9,7,21,2,1,187000,1,1,1.0,1,54860.05,409168.15,5540.0,553.0,52845.61,74037.0,103.0,0,35146.0,39173.76,51243.97,2,171,22549.0,37478.91,4499.0,36,24,35952.0,Y,10245.86,saving,M,120,LOW,80.0,6,748.0,1,20.0
14397,5017,6287.0,5090.37,2034.0,12460.2,3693.96,8051.7,38753.0,7.0,27,64,3,2,98,255000,1,1,1.0,1,23669.0,64491.0,130000.0,5350.0,236132.08,41864.0,147.0,35,11913.0,40071.0,20159.0,31,82,15.0,60208.0,31307.5,62,7,67791.56,Y,2861.2,current,M,32,MEDIUM,8.4,10,921.0,1,16.0
14398,2918,9273.0,7360.51,729.0,23612.5,1247.84,9625.05,31598.99,10.0,26,44,48,14,2,581000,1,1,1.0,1,225823.8,1400000.0,25000.0,10770.0,83521.38,22475.9,41.0,2,166838.0,60922.58,20040.0,9,6,12451.0,145066.0,22031.42,62,58,1132229.0,Y,14351.85,current,M,60,MEDIUM,8.0,1,464.0,1,20.0
14399,4431,29819.0,8407.88,3087.9,30007.92,4118.0,2607.38,7001.0,2.0,84,6,1,2,98,147000,1,1,1.0,1,360978.37,785115.94,78309.0,5340.0,39259.88,28712.0,46.0,36,131499.0,72301.75,94346.0,8,7,17876.0,16768.44,14523.0,6,22,52200.0,Y,40438.02,saving,M,54,MEDIUM,27.200000000000003,2,802.0,1,5.0
14400,14890,9520.0,4737.0,11129.0,21083.59,2038.3,4870.5,2499.0,6.0,29,7,7,3,1,520000,1,1,1.0,1,70310.6,232235.65,5591.0,5350.0,209331.99,36469.0,5.0,4,44061.0,76482.5,164790.0,3,77,17052.0,40532.48,38005.0,2,11,30570.0,Y,9124.94,current,M,34,MEDIUM,5.6000000000000005,6,911.0,1,12.0
14401,7107,14479.0,99338.94,8044.0,7345.42,7502.0,6656.8,1572.0,44.0,26,49,20,55,54,125000,1,1,1.0,1,120285.0,900000.0,14550.0,1245.0,29488.3,26226.0,46.0,15,24193.0,30845.06,65018.0,1,50,120.23,68933.38,47938.56,9,43,16511.0,Y,1543.44,current,M,66,MEDIUM,32.2,8,966.0,1,11.0
14402,11968,18678.0,7345.35,12590.0,7051.76,1926.86,1221.0,404.72,3.0,3,74,8,31,1,147000,1,1,1.0,1,225823.8,180000.0,579.0,0.0,45691.62,41107.92,42.0,0,23597.0,86625.13,64877.31,70,75,36291.0,115748.5,26546.0,2,25,22388.0,Y,4257.96,current,M,53,MEDIUM,23.1,6,626.0,0,9.0
14403,8853,16376.0,610.0,3257.0,11208.0,1520.5,8166.0,9252.24,7.0,10,19,53,18,79,58000,1,1,1.0,1,75240.45,211406.19,51520.0,9827.0,11976.13,77893.08,43.0,31,48900.0,30954.22,33881.38,10,20,70086.0,80490.7,16644.31,11,38,170616.84,Y,216.25,current,M,31,MEDIUM,8.8,7,859.0,1,18.0
14404,964,14018.0,16384.0,24.0,33393.41,4387.0,49746.41,4874.0,9.0,3,35,1,9,34,85000,1,1,1.0,1,7300.0,100000.0,15477.0,8362.0,107061.5,52804.0,77.0,2,59882.0,27823.5,70282.0,1,20,101.0,21836.88,81939.0,12,8,49708.0,Y,1311.11,current,M,53,MEDIUM,29.700000000000003,3,966.0,1,15.0
14405,2765,19572.0,8258.71,2263.5,4126.11,5597.43,5324.0,6480.0,7.0,8,30,47,4,42,69000,1,1,1.0,1,97043.6,45000.0,5797.0,3983.0,9803.75,30055.0,46.0,4,15868.0,11527.5,211939.0,2,63,9400.0,28507.41,10163.0,5,83,94.0,Y,161.98,current,M,27,MEDIUM,4.2,9,354.0,1,18.0
14406,10200,6189.0,1603.04,8864.08,13610.91,13561.0,29819.59,4784.32,100.0,1,52,8,7,3,371000,1,1,1.0,1,81872.65,142608.5,230000.0,0.0,12247.28,152096.41,5.0,4,11474.0,244801.25,90847.0,3,21,21871.0,371387.53,18913.0,2,63,12645.0,Y,6787.63,saving,M,33,MEDIUM,2.6,3,683.0,1,10.0
14407,5414,18697.0,3594.5,231.0,49748.8,79802.0,32143.495,2883.66,7.0,99,7,8,2,10,397000,1,1,1.0,1,3101.3,62606.0,5905.0,12174.0,34756.87,70127.38,11.0,1,24559.0,85363.54,18689.0,9,44,87330.0,23106.27,130071.21,94,79,18560.0,Y,2301.72,current,F,56,MEDIUM,7.2,8,937.0,1,12.0
14408,19255,8156.0,40639.65,1912.66,33493.89,1646.0,4205.69,18487.0,24.0,30,10,7,3,56,375000,1,1,1.0,1,76.0,134000.0,56184.0,3897.0,43276.75,111554.0,18.0,1,33925.0,28113.5,6249.0,1,44,2777.0,21306.25,80682.13,46,113,50415.22,Y,27583.22,current,M,66,LOW,46.0,1,614.0,0,16.0
14409,6068,300603.0,10887.68,12980.0,6709.7,5209.75,5156.0,276.0,19.0,36,82,7,44,42,75000,1,1,1.0,1,94127.1,785115.94,49900.0,-5998.43994,59610.49,72648.32,11.0,1,8266.0,17964.12,58087.0,70,12,46466.0,58174.75,29010.0,6,104,25950.0,Y,5220.73,current,M,47,MEDIUM,13.5,7,867.0,0,7.0
14410,16562,14111.0,4599.0,6370.0,15316.7,2574.0,299.0,3175.93,1.0,46,4,21,25,2,556000,1,1,1.0,1,59703.93,227697.61,33774.0,6885.0,41067.0,30153.84,35.0,1,69402.0,36855.0,2957.0,2,63,17886.0,7605.0,126496.0,3,13,27100.0,Y,4580.12,saving,M,35,LOW,15.0,6,372.0,1,18.0
14411,11383,17889.0,8209.58,13220.37,4749.6,6090.8,40716.03,8288.0,2.0,9,4,2,9,1,410000,1,1,1.0,1,158135.2,19000.0,51520.0,19453.0,40233.25,24132.0,67.0,2,15584.0,19110.88,12856.0,4,12,0.25,40742.24,36252.09,6,38,6158.0,Y,3895.13,current,M,30,MEDIUM,6.0,5,270.0,1,2.0
14412,15765,12416.0,2373.54,1275.0,4112.62,7366.41,67476.0,12842.45,5.0,10,23,53,2,6,100000,1,1,1.0,1,105750.0,121927.8,492.0,-3625.0,21257.88,75436.0,79.0,43,46533.0,6003.29,59274.5,3,20,43134.0,39836.89,82915.0,4,120,12866.0,Y,942.97,current,M,28,MEDIUM,7.2,4,866.0,1,2.0
14413,11451,105019.0,35617.53,4561.0,4856.0,1691.3,1739.28,26624.0,3.0,10,6,53,56,1,581000,1,1,1.0,1,1892440.0,83402.0,33774.0,3735.0,14836.88,23544.0,39.0,4,23642.0,10723.0,214854.0,4,108,19850.0,74669.5,152449.0,11,83,126970.0,Y,2589.49,current,M,28,MEDIUM,5.6000000000000005,3,523.0,1,20.0
14414,266,163634.0,2496.68,18896.13,126551.55,173.0,17759.0,83247.0,6.0,19,1,53,1,47,403000,1,1,1.0,1,20049.0,93.35,2214.0,5464.0,155138.87,2022.0,16.0,29,36850.0,81281.22,39923.0,4,5,39312.0,30592.21,21179.41,3,100,8689.5,Y,1390.14,current,M,66,MEDIUM,32.2,9,614.0,0,8.0
14415,13711,3452.0,20727.27,8218.0,81060.05,248.9,438.0,1530.35,100.0,29,87,3,7,17,300000,1,1,1.0,1,306961.5,41.26,4895.0,0.0,68453.08,48266.5,62.0,26,89.0,38522.0,50695.0,3,44,111.35,22384.97,42894.0,13,0,23795.0,Y,7094.47,current,M,36,LOW,3.2,8,647.0,1,8.0
14416,5302,6645.0,4172.0,25065.34,21998.99,453.6,34081.5,800.0,63.0,10,11,1,1,53,375000,1,1,1.0,1,4323.0,10701.0,694.0,167.0,462423.5,76757.0,103.0,2,30482.0,99504.88,72925.0,1,20,4968.0,280567.5,5020.0,5,12,53940.0,Y,3218.53,current,M,44,MEDIUM,9.600000000000001,10,254.0,1,2.0
14417,4629,11353.0,1652.0,22079.65,4976.44,3333.0,9928.29,786.0,4.0,23,4,15,1,39,380000,1,1,1.0,1,942327.7,500358.79,925.0,6916.0,60919.85,43766.0,20.0,29,25661.0,141698.45,71065.0,0,1,19893.89,33449.5,124724.5,6,12,2064.0,Y,3325.02,current,M,25,LOW,5.0,10,249.0,1,18.0
14418,15339,15205.0,30054.16,7209.0,8437.5,4823.82,13431.5,6829.18,4.0,1,13,1,2,42,25000,1,1,1.0,1,46451.38,3084.5,20089.0,-4324.0,3420.83,102216.0,2.0,2,24151.0,128825.68,2168.0,11,14,48516.0,32700.47,2018.0,41,83,173807.0,Y,3756.67,current,M,58,MEDIUM,38.0,4,743.0,0,13.0
14419,15169,15016.0,27911.21,15086.0,897.73,777.57,8030.56,899.4,60.0,4,23,35,4,56,256000,1,1,1.0,1,83400.3,163.14,579.0,6885.0,22617.28,142210.0,62.0,1,18508.0,20844.88,5237.0,4,5,11397.0,28047.13,128749.0,4,63,11740.0,Y,1402.05,current,M,66,MEDIUM,18.400000000000002,1,428.0,1,2.0
14420,2656,5788.0,31661.68,632.0,1400.5,870.42,9179.425,23270.0,57.0,10,50,1,2,53,400000,1,1,1.0,1,1518.0,232524.0,105000.0,1079.0,66854.0,105183.0,77.0,19,48.91,142344.64,41397.0,6,82,36407.0,110895.78,33235.0,94,120,15543.0,Y,13371.4,current,M,27,MEDIUM,2.1,3,614.0,0,5.0
14421,6109,88.0,21650.34,14277.0,18034.19,3994.58,21223.0,1439.0,63.0,23,64,48,4,70,483000,1,1,1.0,1,2720.0,10701.0,550.0,0.0,13144.44,80522.0,70.0,3,109701.0,6998.79,39233.0,3,28,20926.0,40660.46,59798.0,4,28,19554.0,Y,2441.86,current,M,46,MEDIUM,13.0,1,593.0,1,16.0
14422,19482,13352.0,15678.69,3138.6,16756.07,3021.0,9223.0,1911.0,63.0,10,4,2,31,70,461000,1,1,1.0,1,8370.8,76157.6,3000.0,1444.0,47878.99,70819.0,23.0,0,97788.0,59396.63,47040.0,6,14,29471.0,119667.45,382.0,117,12,77750.0,Y,19312.24,saving,M,62,MEDIUM,8.4,2,911.0,0,12.0
14423,17306,16623.0,31588.0,2951.97,46926.02,141.0,6629.78,9430.31,3.0,99,35,2,1,17,306000,1,1,1.0,1,94127.1,1024477.47,936.0,173.0,271702.0,155805.0,11.0,3,15465.0,40405.38,83577.0,5,0,22280.0,90736.79,38717.0,7,22,11117.0,Y,161.98,current,M,49,MEDIUM,11.600000000000001,7,486.0,1,10.0
14424,11484,3734.0,5455.1,373.0,8449.19,5430.58,4171.56,804.0,1.0,13,1,1,1,98,466000,1,1,1.0,1,10725.8,1543.85,25000.0,6916.0,111840.04,93299.0,12.0,17,12340.0,43172.27,85619.0,9,171,27936.0,25906.55,45425.0,6,32,50508.0,Y,6798.69,current,M,60,MEDIUM,8.0,3,566.0,0,17.0
14425,15990,11482.0,22943.82,2224.0,19979.75,3936.0,5879.0,6324.0,7.0,19,1,3,3,8,169000,1,1,1.0,1,45463.0,105000.0,550.0,0.0,36978.54,259098.0,3.0,2,17619.0,1187.0,127352.0,1,46,50100.0,142530.22,180.0,1,113,42191.0,Y,7034.04,saving,M,69,MEDIUM,4.9,7,928.0,1,11.0
14426,59,11185.0,1489.31,36242.82,12609.88,2851.78,2773.52,4514.0,80.0,5,27,20,36,1,352000,1,1,1.0,1,41883.6,376694.91,100000.0,5730.0,46017.42,31317.0,32.0,4,123652.0,36593.38,30227.0,3,78,31745.0,508416.44,172315.67,94,75,126000.0,Y,1869.33,current,M,35,MEDIUM,1.5,8,626.0,1,5.0
14427,18993,93636.0,7181.59,12764.0,4075.5,296.0,5347.0,2218.0,4.0,23,90,1,8,4,86000,1,1,1.0,1,293418.75,24000.0,6146.0,2921.0,100211.36,151397.0,5.0,78,30086.0,18270.47,44305.5,1,44,62775.0,94280.88,29710.43,3,35,16634.0,Y,129.66,current,M,66,LOW,32.2,5,814.0,1,19.0
14428,4343,89511.0,8600.34,13451.35,5290.5,12319.81,24027.0,2537.74,6.0,29,14,25,9,55,221000,1,1,1.0,1,136000.0,5241.0,8333.0,1332.0,40369.9,49197.0,4.0,3,50417.0,100140.0,114129.0,2,7,50174.0,36267.26,76482.0,3,13,1369.0,Y,2085.99,saving,M,40,MEDIUM,12.0,6,683.0,1,9.0
14429,10183,3094.0,2428.81,2960.13,33256.45,2476.0,9345.0,16682.93,136.0,10,53,42,20,10,47000,1,1,1.0,1,5809950.0,169779.0,1630.0,-5715.49022999999,5536.56,62789.0,42.0,3,20232.0,26009.5,33913.5,1,31,61365.0,160642.43,168150.6,7,80,29471.0,Y,23372.4,current,M,42,MEDIUM,17.6,6,809.0,1,11.0
14430,12575,6603.0,24342.65,4202.0,7258.0,17570.01,18215.8,5808.68,104.0,26,4,22,4,3,397000,1,1,1.0,1,41883.6,399.09,2644.0,14509.0,14524.88,125071.0,4.0,4,15930.0,21822.01,6997.36,1,108,21849.0,163349.76,18397.0,94,7,100183.0,Y,227.13,current,M,51,MEDIUM,6.2,2,746.0,1,14.0
14431,3341,16492.0,3133.15,554.0,3706.0,5528.0,4564.21,8305.0,7.0,99,10,47,7,29,371000,1,1,1.0,1,1053411.2,234459.4,130000.0,-5439.0,16114.41,50542.0,20.0,6,163167.0,57411.16,108406.0,6,18,42344.0,461913.25,51059.36,94,11,17920.0,Y,557.22,current,M,29,MEDIUM,5.4,10,594.0,1,6.0
14432,4022,7972.0,15135.87,14674.0,17240.36,3694.0,40161.27,7792.91,57.0,5,6,48,15,81,525000,1,1,1.0,1,23221.65,14000.0,96497.0,1332.0,146454.15,53773.0,18.0,2,52897.0,8229.69,32412.0,23,20,27884.0,166829.22,52041.0,1,28,21992.84,Y,1324.78,current,F,42,MEDIUM,19.8,4,799.0,0,8.0
14433,11352,14395.0,6292.0,469.42,13198.0,2464.56,438.35,83247.0,6.0,5,27,2,1,8,10000,1,1,1.0,1,2.13,17000.0,68000.0,2351.0,8603.06,88284.0,35.0,3,57417.0,6500.0,11685.0,2,12,35818.0,35992.05,122660.0,36,3,34850.0,Y,1867.28,current,M,34,MEDIUM,11.200000000000001,1,450.0,0,8.0
14434,14219,17719.0,9194.0,1246.0,24304.12,4665.0,28571.03,1594.0,16.0,46,112,20,1,12,375000,1,1,1.0,1,497317.93,159415.3,155205.0,-5942.0,51316.75,24406.85,18.0,4,30578.0,118640.99,88974.0,4,82,12922.0,46503.76,121439.33,12,25,48122.0,Y,855.57,current,F,35,LOW,13.5,2,516.0,1,9.0
14435,4038,30621.0,12781.93,15063.91,7579.88,8537.77,3158.0,7001.0,6.0,20,10,53,3,1,212500,1,1,1.0,1,6264.25,232235.65,1097.0,1332.0,87952.75,1918.0,17.0,26,19398.0,127760.91,38463.0,2,5,189250.0,27774.98,64840.0,6,18,26934.0,Y,17109.61,current,M,32,MEDIUM,4.800000000000001,9,385.0,1,18.0
14436,6625,16419.0,1646.0,1700.9,2634.0,9272.15,2543.475,1466.7,44.0,84,30,2,2,1,139000,1,1,1.0,1,81284.7,11897.0,8333.0,-5439.0,49135.75,202440.69,69.0,26,35990.0,161651.24,37243.36,7,50,12003.0,32122.83,35776.13,117,80,265571.0,Y,11542.58,current,M,66,LOW,41.400000000000006,5,454.0,1,13.0
14437,5616,87907.0,15086.0,16889.78,5458.74,4799.12,3187.0,11199.28,16.0,23,3,1,25,12,147000,1,1,1.0,1,10000.0,17000.0,798.0,2500.0,16444.5,174573.0,46.0,4,39438.0,34168.0,81222.0,0,31,29538.0,147882.45,63619.0,12,3,26403.0,Y,5567.28,current,M,53,MEDIUM,9.9,4,370.0,0,19.0
14438,1837,7651.0,3753.54,1764.56,7121.735,3693.96,18293.0,14881.0,10.0,34,5,6,2,81,47000,1,1,1.0,1,105453.65,71944.5,28985.0,8723.0,12868.0,75820.5,77.0,4,23937.0,6977.0,30247.0,4,84,12675.0,62772.94,71012.0,44,6,15851.0,Y,2351.51,current,M,66,HIGH,18.400000000000002,7,686.0,1,5.0
14439,1573,95872.0,29845.14,5271.0,30214.97,3758.0,379.48,5721.0,18.0,10,38,1,1,56,102000,1,1,1.0,1,117120.0,32000.0,11580.0,10455.0,29383.02,68421.0,18.0,5,37478.0,24151.59,171192.0,4,20,39385.0,278112.23,11047.61,2,15,20736.0,Y,2152.5,current,M,33,MEDIUM,5.2,7,537.0,1,5.0
14440,5765,5309.0,8897.5,27995.0,8331.85,2714.9,2518.2,1017.0,10.0,3,44,18,60,11,255000,1,1,1.0,1,871.5,33668.0,583.0,12415.0,18742.13,205608.5,39.0,19,15452.0,22717.25,298506.0,70,63,22091.0,13021.0,77893.86,49,18,19777.0,Y,237.96,saving,M,64,MEDIUM,13.200000000000001,8,796.0,1,13.0
14441,7157,2909.0,4587.2,10540.2,46677.28,1582.0,8152.0,9682.0,531.0,50,112,3,2,12,567000,1,1,1.0,1,683316.0,3084.5,49975.0,5464.0,21014.75,34087.0,62.0,5,32751.01,335653.67,82009.0,6,8,18185.0,109680.88,55847.57,12,11,18677.0,Y,5243.43,current,M,35,MEDIUM,10.5,9,809.0,1,9.0
14442,6551,19152.0,653.5,3685.0,14879.0,388.22,9499.215,971.02,60.0,3,1,47,44,16,330000,1,1,1.0,1,526.25,93.35,550.0,2008.0,28312.68,100502.0,35.0,29,34356.0,183190.49,6798.0,2,20,45485.0,15838.75,46509.94,12,49,30139.0,Y,5220.73,current,M,53,HIGH,23.1,4,656.0,0,14.0
14443,7124,16255.0,33572.01,9716.0,2547.5,1087.39,19096.105,2768.0,10.0,8,35,4,12,56,198000,1,1,1.0,1,1112.4,51000.0,16004.0,903.0,50286.9,36554.0,42.0,19,31378.0,33952.74,118871.0,6,1,26878.0,98668.43,67880.0,3,107,56387.0,Y,4840.7,current,M,34,MEDIUM,1.4000000000000001,5,554.0,1,4.0
14444,2053,2043.0,3811.0,1991.0,6659.7,426.59,34942.585,1682.77,8.0,15,4,7,21,12,98000,1,1,1.0,1,71191.8,80489.0,73217.0,-5439.0,78416.45,174676.38,18.0,3,606795.0,6558.0,119303.19,2,8,44059.0,66299.95,68042.0,4,50,16551.0,Y,12821.6,current,M,47,MEDIUM,5.4,6,743.0,1,19.0
14445,16409,11861.0,12848.94,960.0,101885.95,27860.0,17355.0,5279.61,2.0,18,49,50,3,29,255000,1,1,1.0,1,111.4,14000.0,48950.0,-5998.43994,45086.91,181924.0,91.0,0,20126.0,46320.64,21189.0,6,9,224007.0,17971.0,17066.6,94,18,176969.0,Y,2162.74,current,M,40,MEDIUM,12.0,8,244.0,0,5.0
14446,19397,125582.0,17281.73,7737.25,277233.88,2579.2,16869.625,5790.0,1.0,5,4,24,1,14,453000,1,1,1.0,1,70310.6,232524.0,100000.0,-5439.0,29267.1,39623.52,52.0,13,111591.0,8380.0,176143.0,9,20,34248.0,30750.5,24505.78,62,68,60164.0,Y,4085.63,current,M,37,LOW,5.1000000000000005,10,582.0,1,9.0
14447,18377,8159.0,24204.0,8762.0,9547.02,3050.9,870.0,9368.0,6.0,5,4,4,3,56,564000,1,1,1.0,1,53530.07,25000.0,23500.0,1411.0,63868.55,8141.0,46.0,4,20351.0,32597.0,32412.0,2,5,32106.0,44259.76,16984.0,4,13,23900.0,Y,2488.23,current,M,64,MEDIUM,13.200000000000001,4,922.0,1,2.0
14448,6519,10914.0,17471.75,6399.0,706.0,12903.05,15720.0,167.0,8.0,23,89,2,12,5,53000,1,1,1.0,1,127004.3,71944.5,678.0,5350.0,243291.91,19017.0,79.0,4,13734.0,21800.35,93691.97,3,8,16604.0,214961.03,12739.0,19,14,24082.0,Y,1002.95,current,M,35,HIGH,6.0,9,708.0,1,15.0
14449,13327,26646.0,22853.49,2171.0,12618.98,7494.0,270.61,566.0,57.0,99,6,2,7,55,256000,1,1,1.0,1,811.0,95081.0,13873.0,0.0,76845.16,25448.5,69.0,36,28935.0,24901.0,718556.0,30,84,41272.0,22141.0,50149.53,94,65,34220.0,Y,1656.29,current,M,37,LOW,5.1000000000000005,10,314.0,1,8.0
14450,4518,2066.0,18399.41,9602.97,10381.89,6755.0,8012.5,6065.0,4.0,46,59,24,27,44,402000,1,1,1.0,1,10006.2,95081.0,56305.0,3735.0,59867.85,85070.0,12.0,4,42002.0,129504.5,35126.0,35,35,141361.0,114438.0,92054.0,2,106,38085.0,Y,11084.29,current,F,31,MEDIUM,5.5,7,233.0,0,3.0
14451,2055,5358.0,57505.0,551.03,4694.0,30072.0,2659.0,676.0,57.0,22,653,48,16,4,46000,1,1,1.0,1,124929.75,189246.0,694.0,2921.0,76103.86,28666.0,77.0,6,20990.0,76394.71,17311.84,70,108,88260.0,40845.65,95833.0,11,25,27503.0,Y,20664.87,current,M,60,MEDIUM,4.0,8,503.0,1,9.0
14452,219,20162.0,8417.05,2579.0,11647.075,1588.41,12652.37,2185.0,2.0,8,59,3,1,81,306000,1,1,1.0,1,184685.28,76157.6,1036.0,1332.0,145760.92,71689.0,40.0,35,28029.0,81456.75,228562.0,43,171,199903.0,14628.78,253919.0,9,21,90012.0,Y,15643.03,current,M,61,MEDIUM,16.400000000000002,9,269.0,0,10.0
14453,17676,14202.0,24464.4,3244.69,7900.0,8195.11,10890.3,3053.62,7.0,6,47,50,4,39,27000,1,1,1.0,1,720551.4,330001.0,500.0,-4324.0,78079.6,43930.0,89.0,6,134772.0,17651.1,20353.0,6,8,25371.0,204386.43,27834.63,12,79,135103.0,Y,471.77,saving,M,49,LOW,8.700000000000001,4,700.0,1,4.0
14454,12164,1837.0,4408.0,5391.22,6613.28,5054.0,7405.0,62.0,44.0,23,59,1,2,58,199999,1,1,1.0,1,13762.5,2625.16,69493.0,2351.0,83864.48,75134.0,22.0,3,37297.0,32014.25,230261.0,43,59,215857.0,10320.0,26468.0,58,63,12251.0,Y,4091.07,current,M,47,MEDIUM,16.2,1,445.0,1,15.0
14455,4803,286316.0,25167.54,199.0,1476.0,1334.0,7724.72,91180.0,1.0,77,44,1,12,1,345000,1,1,1.0,1,747610.0,376600.5,3570.0,173.0,23435.03,20215.0,50.0,26,70500.0,184.25,50343.0,2,7,25843.0,51442.39,93077.0,3,12,22499.0,Y,7034.35,current,M,47,MEDIUM,24.3,6,801.0,0,5.0
14456,7765,12314.0,7836.87,4694.0,15825.59,6946.54,43421.0,4171.9,5.0,3,13,47,44,4,352000,1,1,1.0,1,270.0,280000.0,694.0,-4664.0,155483.5,62899.41,29.0,35,16235.0,13006.0,104291.98,3,4,53491.0,36021.14,18224.0,10,9,8935.0,Y,6445.28,current,M,220,MEDIUM,200.0,8,486.0,0,19.0
14457,2518,6058.0,19779.555,1227.0,7141.46,167.0,3294.105,3314.0,4.0,128,47,20,2,4,104000,1,1,1.0,1,39851.93,118983.0,50000.0,6885.0,7800.92,78814.0,79.0,1,10996.0,29346.45,93773.0,20,43,40704.0,43821.0,49415.0,15,103,9588.0,Y,2247.7,current,M,27,HIGH,5.6000000000000005,6,372.0,0,19.0
14458,8508,96589.0,7750.0,38339.5,552.49,1682.0,8450.0,5513.0,14.0,30,16,17,2,1,329000,1,1,1.0,1,140291.6,82907.34,28985.0,6916.0,26234.63,20568.0,79.0,13,35000.0,77379.0,238039.0,6,108,76920.0,24678.0,56661.0,4,61,128170.0,Y,4506.59,current,M,66,LOW,23.0,1,656.0,1,11.0
14459,19449,10448.0,6242.71,24657.17,6460.15,13997.0,72910.0,2825.0,63.0,26,89,2,2,56,315000,1,1,1.0,1,10008.0,52991.0,8333.0,-6885.0,95810.45,53146.0,11.0,36,47061.91,29250.3,84901.0,4,12,28773.0,183956.07,52887.79,3,79,4253.6,Y,25193.04,current,M,46,LOW,7.800000000000001,9,969.0,0,6.0
14460,15521,13402.0,23322.92,12538.0,35893.3,676.5,1281.56,367.0,104.0,9,49,22,2,68,199999,1,1,1.0,1,443.36,1425000.0,798.0,1444.0,169801.36,54329.0,74.0,19,47964.0,25153.0,48403.8,2,171,26255.0,14109.77,22820.48,12,18,17953.0,Y,2090.17,current,M,42,MEDIUM,2.2,2,249.0,0,20.0
14461,14183,589.0,9272.01,767.0,20883.14,180.0,16228.53,1530.35,6.0,26,44,4,2,68,47000,1,1,1.0,1,45463.0,234459.4,4812.0,-6281.37987999999,21565.88,16551.0,69.0,1,14820.0,84685.73,14182.0,2,108,11397.0,39993.0,122978.0,2,25,1157.0,Y,653.45,current,F,37,MEDIUM,3.4000000000000004,4,656.0,0,16.0
14462,1425,1773.0,50649.77,20266.0,9969.47,8537.77,2556.5,9816.0,5.0,23,89,22,4,68,326000,1,1,1.0,1,961924.8,861640.54,1266.0,-5715.49022999999,97840.93,18219.38,4.0,2,62822.0,25876.55,57661.0,7,108,19675.0,203034.06,19309.0,4,11,35588.0,Y,289.34,current,M,40,MEDIUM,16.0,9,249.0,0,10.0
14463,6593,19977.0,22299.1,4034.75,3355.85,808.0,3328.49,14429.0,1.0,3,86,48,4,42,50900,1,1,1.0,1,13180.0,60040.0,30000.0,-5439.0,48253.22,28501.0,89.0,1,24511.0,35879.12,119168.0,9,12,29622.0,93429.37,11548.0,12,8,27908.0,Y,4580.12,current,M,30,MEDIUM,5.0,4,385.0,1,3.0
14464,4097,130485.0,2572.94,6062.0,5500.76,2159.1,6912.0,7240.0,57.0,10,50,1,9,5,50900,1,1,1.0,1,9832490.0,35421.67,954.0,2921.0,14445.56,51456.0,18.0,23,22230.0,29901.74,31166.0,31,24,36730.0,23938.38,91738.0,3,13,55076.0,Y,68508.13,current,M,118,MEDIUM,58.800000000000004,3,809.0,0,6.0
14465,16371,172050.0,2280.0,2812.0,6689.32,3261.52,5512.8,29748.06,531.0,23,72,42,7,47,523000,1,1,1.0,1,58928.67,3.0,15756.0,5730.0,27421.0,113694.8,63.0,19,33274.0,45606.44,29791.0,1,171,19404.0,23236.89,203969.5,13,10,14715.0,Y,1434.53,saving,M,35,MEDIUM,7.5,3,248.0,0,10.0
14466,12746,5766.0,3596.0,3894.08,22114.5,5245.0,44908.5,1799.0,56.0,9,112,25,18,18,104000,1,1,1.0,1,526.25,330001.0,13873.0,0.0,33486.27,62804.0,79.0,9,265000.0,22052.4,112465.73,3,8,20800.0,61231.32,35740.5,49,73,94927.0,Y,17539.98,current,M,33,LOW,5.2,9,801.0,1,4.0
14467,15415,13260.0,48800.0,95.0,1788.5,7419.85,2581.75,26860.0,43.0,3,74,45,5,25,393000,1,1,1.0,1,493682.5,16000.0,3792.0,0.0,8408.03,19983.0,42.0,7,18774.0,44109.13,21355.36,31,82,15489.0,13960.08,43010.0,5,3,33523.0,Y,1820.51,current,M,32,MEDIUM,12.0,9,445.0,1,3.0
14468,5067,10867.0,4430.0,3262.0,12277.005,7664.0,1369.555,4461.0,2.0,13,89,1,25,3,204000,1,1,1.0,1,1910215.0,165970.9,20887.0,6409.0,13637.9,16157.0,6.0,2,28601.0,276058.32,166879.0,9,12,50967.0,34828.21,90188.0,2,61,19172.0,Y,2366.8,current,M,60,LOW,20.0,6,614.0,1,13.0
14469,1184,328007.0,18941.62,4111.0,6621.61,20168.07,10591.72,1771.0,56.0,26,47,7,2,79,326250,1,1,1.0,1,61186.36,446457.0,4367.0,1079.0,13437.56,13423.0,39.0,9,39979.74,18886.0,32263.0,2,84,45862.0,96493.15,62230.0,94,12,26933.0,Y,35966.64,current,M,47,LOW,5.4,10,464.0,1,15.0
14470,9279,9696.0,11313.0,8230.0,19559.0,3535.0,7836.74,13649.48,7.0,36,87,4,62,44,660000,1,1,1.0,1,7089.7,446457.0,3975.0,5773.0,45092.85,36933.0,42.0,15,145892.0,37230.97,59139.0,2,16,32751.0,49594.5,23088.4,93,103,3537.0,Y,3860.77,current,M,60,HIGH,28.0,5,408.0,1,7.0
14471,4721,18390.0,89985.87,3831.0,14079.0,6403.0,3554.47,8803.0,2.0,9,64,17,2,11,293000,1,1,1.0,1,39851.93,135552.85,3792.0,12415.0,152.6,103708.85,42.0,0,25974.0,118840.39,65265.0,4,5,24269.0,26096.2,6170.0,14,11,16391.0,Y,17100.89,current,F,31,MEDIUM,6.6000000000000005,8,685.0,1,18.0
14472,11369,13090.0,10044.07,3904.14,48748.66,26053.19,2553.355,11355.0,17.0,7,82,8,2,1,218000,1,1,1.0,1,185669.2,3651000.0,30011.0,-6301.0,166263.84,34608.0,5.0,5,62832.0,131185.37,32492.86,47,20,8518.0,21207.0,6477.88,13,63,14492.0,Y,10000.34,saving,M,30,MEDIUM,9.0,4,867.0,1,12.0
14473,12724,9552.0,8483.67,2494.0,5566.0,1005.0,5217.91,4270.0,7.0,3,59,39,2,8,397000,1,1,1.0,1,1865892.0,10767.53,68000.0,20790.0,142.25,52198.27,42.0,3,43126.0,54960.41,40739.0,0,16,158356.0,11272.41,25692.0,6,106,37550.0,Y,2492.74,current,M,34,MEDIUM,12.600000000000001,9,737.0,1,14.0
14474,18465,19001.0,8143.0,632.0,8697.04,7575.45,13473.05,918.93,7.0,6,5,1,2,3,401000,1,1,1.0,1,39851.93,152391.0,825.0,12174.0,52489.06,194651.0,63.0,2,9368.0,36773.63,201064.0,4,20,47546.0,20952.92,138424.78,4,6,84.0,Y,12778.23,current,F,33,MEDIUM,10.4,6,330.0,0,10.0
14475,1906,18236.0,528.5,4750.0,18128.72,1068.08,5373.525,1344.0,17.0,8,30,24,51,58,87000,1,1,1.0,1,754075.0,159415.3,12611.0,20324.0,34914.47,155260.0,11.0,3,159847.0,24393.88,42043.0,9,11,71341.0,23792.65,96189.0,2,12,19904.0,Y,40438.02,saving,M,33,MEDIUM,13.0,9,858.0,1,12.0
14476,9404,13975.0,11434.85,5415.0,2816.72,3139.9,907.0,4928.0,4.0,10,84,2,51,79,519000,1,1,1.0,1,111.0,5350.0,787.0,14509.0,68227.0,28347.82,29.0,7,16804.0,34941.5,72234.0,3,11,42641.8,17082.78,20656.92,4,10,15736.0,Y,1044.96,current,M,42,MEDIUM,4.4,3,582.0,1,15.0
14477,6805,300740.0,167434.74,426.0,10256.5,470.0,4448.0,10542.0,16.0,29,35,18,37,64,202500,1,1,1.0,1,293418.75,470000.0,1097.0,5464.0,32625.7,223164.41,11.0,31,42846.0,10132.0,48140.0,4,67,68170.0,535233.77,9457.71,93,32,62800.0,Y,3416.76,current,M,31,MEDIUM,4.4,5,805.0,0,4.0
14478,19174,4023.0,4832.58,643.85,92391.27,11209.0,5413.0,17939.52,57.0,10,2,3,1,30,104000,1,1,1.0,1,208710.8,784499.0,12016.0,-6281.37987999999,38958.32,110317.02,27.0,4,27050.39,26126.37,38269.61,23,75,4508.41,8845.55,962.0,2,12,15300.0,Y,35712.78,current,M,33,LOW,1.3,2,743.0,1,9.0
14479,4297,17715.0,17655.0,5494.48,6446.92,2639.6,9191.31,221.0,24.0,17,60,1,4,68,329000,1,1,1.0,1,68640.0,7194.0,33330.0,10210.0,8114.25,51117.5,5.0,1,44341.0,16818.0,49202.0,43,7,63212.62,81395.0,31118.0,47,80,13873.0,Y,264.06,current,M,38,LOW,12.600000000000001,9,805.0,1,12.0
14480,5875,206870.0,838.5,331.0,9547.02,7695.0,15366.475,4635.0,44.0,1,16,1,5,39,371000,1,1,1.0,1,199690.5,119445.0,1611.0,5340.0,65418.47,36291.0,17.0,4,17788.0,13582.73,116856.36,9,171,47866.0,236997.5,64479.0,2,68,60449.0,Y,2644.15,current,M,39,LOW,11.4,7,643.0,1,5.0
14481,14080,4640.0,13776.37,7015.0,11964.0,3471.0,2109.75,293.0,63.0,10,7,44,2,20,397000,1,1,1.0,1,1459500.0,470000.0,766.0,12174.0,664028.73,43930.0,3.0,13,33925.0,140676.03,23131.0,4,18,23500.0,37478.91,27324.0,62,10,1731.0,Y,17057.76,current,M,56,MEDIUM,3.6,2,503.0,0,5.0
14482,4794,8392.0,6691.21,14825.95,1350.0,10406.5,25861.55,800.0,9.0,18,5,1,15,58,98000,1,1,1.0,1,471.05,117890.0,155205.0,-5998.43994,44813.34,6027.0,2.0,4,38840.0,32445.75,146428.0,16,28,19975.54,43164.76,54906.95,3,101,268997.0,Y,599.6,current,M,35,MEDIUM,3.0,3,574.0,0,16.0
14483,16052,3710.0,14406.56,3262.93,5206.6,3892.52,15339.78,10970.04,10.0,10,50,2,3,1,46000,1,1,1.0,1,9649.6,76365.24,5797.0,26601.0,32134.31,48257.0,16.0,13,13506.0,3569.49,19192.0,2,50,108273.0,13687.0,11096.0,94,3,16634.0,Y,17.31,saving,M,30,MEDIUM,1.0,3,394.0,0,9.0
14484,1652,21321.0,51414.24,2676.15,7697.48,25584.0,5298.49,7240.0,7.0,26,10,2,3,98,550000,1,1,1.0,1,65887.8,83402.0,14904.0,0.0,16403.0,89311.5,3.0,33,84991.0,7235.21,58186.0,45,5,35718.51,50364.01,70031.0,2,73,17600.0,Y,208.11,current,F,44,LOW,16.8,6,372.0,1,12.0
14485,8223,303334.0,6924.48,7212.0,25889.03,1177.01,3771.515,22839.0,3.0,16,44,5,9,47,240000,1,1,1.0,1,3380.0,730000.0,1209.0,-5439.0,13825.97,35824.74,18.0,3,15676.0,18495.78,92872.0,8,104,175750.0,139409.53,38531.0,12,12,29630.0,Y,8073.63,saving,F,36,MEDIUM,12.8,2,927.0,1,2.0
14486,17152,6780.0,33285.18,1532.0,3392.26,1773.0,4770.5,546.0,44.0,66,44,1,18,9,28000,1,1,1.0,1,38428.6,31730.49,12611.0,6613.0,25436.25,274437.0,11.0,6,12.0,65127.39,10251.0,6,4,14451.0,40264.47,23352.0,8,0,37569.0,Y,8883.7,current,M,46,LOW,23.400000000000002,10,249.0,1,3.0
14487,12683,5305.0,6958.79,1155.0,28874.94,8159.0,720.0,9270.0,2.0,27,35,44,2,10,525000,1,1,1.0,1,58928.67,59306.0,891.0,4889.0,35571.25,52431.11,18.0,3,24070.0,263711.06,93247.33,45,82,80045.0,67987.08,20519.0,40,11,11047.0,Y,7026.99,current,F,42,MEDIUM,6.6000000000000005,2,445.0,1,20.0
14488,6215,3228.0,10619.0,780.46,10095.94,6662.0,15354.135,814.0,92.0,6,4,42,21,31,430000,1,1,1.0,1,12315.0,43397.0,130000.0,4795.0,146656.03,35839.0,11.0,13,40632.0,98863.45,271421.0,6,30,30852.0,11754.05,125349.31,4,83,32044.0,Y,7970.12,current,M,66,MEDIUM,36.800000000000004,10,446.0,0,2.0
14489,4410,2671.0,20267.03,758.42,15596.5,1141.0,9616.31,2537.0,63.0,26,1,24,3,47,528000,1,1,1.0,1,8209320.0,1034285.63,16215.0,5439.0,13338.09,53782.92,3.0,23,5730.0,20099.0,44824.0,9,171,63665.0,62942.7,30272.88,3,87,30800.0,Y,2245.2,current,M,62,LOW,12.600000000000001,4,233.0,1,19.0
14490,18053,14770.0,4035.0,2175.0,17125.54,3483.0,8391.28,11432.0,19.0,42,84,1,3,1,104000,1,1,1.0,1,59703.93,69370.0,24094.0,0.0,41724.01,102134.0,147.0,1,34307.0,33442.5,7687.0,30,82,70086.0,26330.15,395.0,3,58,29734.0,Y,16447.45,current,M,55,MEDIUM,3.5,8,882.0,1,17.0
14491,17994,7883.0,14686.91,1963.0,983.0,4053.5,12726.42,3218.0,2.0,3,87,1,60,98,337000,1,1,1.0,1,47024.8,917881.54,1526.0,7478.0,25132.74,8494.91,23.0,1,28931.0,71817.18,163475.5,10,50,18116.0,65776.66,21423.0,6,42,37505.0,Y,18541.0,current,M,32,MEDIUM,10.8,3,265.0,1,18.0
14492,5907,4182.0,14147.46,326.0,9022.0,5044.0,2949.8,252.0,19.0,10,47,25,4,58,403000,1,1,1.0,1,80163.75,90829.65,12000.0,4795.0,3513.52,567741.0,3.0,31,103278.0,69452.03,44603.0,43,20,16866.0,17966.43,77893.86,4,1,74946.0,Y,13234.22,saving,M,44,MEDIUM,19.200000000000003,7,911.0,0,5.0
14493,4026,9815.0,11907.75,6107.0,28149.13,2344.0,32959.115,6351.84,63.0,30,50,50,6,8,293000,1,1,1.0,1,63073.6,545000.0,11545.0,-3506.17993,477721.57,44183.0,0.0,7,74400.0,97996.56,18759.42,30,8,20083.0,114438.0,20700.0,62,87,15776.0,Y,2025.21,saving,M,44,MEDIUM,2.4000000000000004,1,525.0,1,15.0
14494,10705,4022.0,12477.35,1756.59,7090.01,330.9,6189.0,3649.0,531.0,14,50,5,55,34,575000,1,1,1.0,1,48675.31,41.26,891.0,1500.0,27308.13,31901.0,11.0,31,43753.0,162900.0,22783.0,1,108,2986.68,42895.75,3313.0,40,28,2154.0,Y,6140.92,current,F,60,MEDIUM,36.0,2,684.0,1,13.0
14495,500,600.0,11358.93,9089.0,1933.0,540.33,20065.0,4463.41,29.0,29,5,11,3,1,366000,1,1,1.0,1,204.0,161648.0,23500.0,7478.0,32107.25,118966.0,90.0,2,33887.0,32145.0,17181.96,3,108,11707.0,11861.91,27666.0,2,83,23074.0,Y,168.83,current,M,62,LOW,42.0,2,638.0,1,9.0
14496,731,90996.0,1529.49,3138.6,11229.53,10307.84,9938.625,7531.0,20.0,77,19,57,1,4,595000,1,1,1.0,1,53374.97,202560.0,27809.0,-3625.0,52371.95,88843.0,52.0,6,14807.0,36293.66,21478.0,3,8,26367.0,14628.78,34009.5,47,0,26281.0,Y,656.2,current,M,47,MEDIUM,5.4,6,536.0,1,8.0
14497,19262,125703.0,15980.34,362.0,5272.0,1764.31,7645.68,16335.0,64.0,2,7,6,38,34,25000,1,1,1.0,1,566914.0,500358.79,67696.0,13135.0,58105.31,41454.49,29.0,3,137226.55,36754.0,39317.86,1,70,8550.0,46898.9,37377.0,14,63,55140.0,Y,250.67,current,M,66,MEDIUM,23.0,3,653.0,1,16.0
14498,19728,11861.0,8938.65,1289.0,2700.86,63861.83,8040.05,1361.1,66.0,30,4,2,3,1,359000,1,1,1.0,1,384550.05,11897.0,462.0,4856.0,64312.13,55505.0,42.0,0,33840.0,21307.09,191988.0,2,171,16187.0,65539.66,472779.03,36,83,100.0,Y,2353.85,saving,M,33,MEDIUM,11.700000000000001,10,836.0,0,13.0
14499,19619,1055.0,47668.69,4045.99,3571.5,1037.0,20959.0,5257.0,7.0,10,87,24,1,1,10000,1,1,1.0,1,19957.5,191000.0,18257.0,8572.0,44792.63,83949.65,50.0,31,21150.0,17558.0,42579.4,3,42,74566.56,192845.0,17583.0,18,61,76953.0,Y,4297.86,current,M,46,MEDIUM,23.400000000000002,8,371.0,1,13.0
14500,16612,124702.0,7267.56,5339.9,11721.09,252.0,3185.0,2187.0,1.0,60,44,4,4,34,375000,1,1,1.0,1,199690.5,18300.0,24094.0,1500.0,36818.61,24733.0,70.0,19,22438.0,20230.03,56158.0,5,12,31551.0,137912.22,41095.0,117,120,26234.0,Y,2908.26,current,M,28,MEDIUM,5.6000000000000005,7,945.0,0,15.0
14501,9750,8348.0,13797.0,788.0,2402.92,7052.27,2662.0,38792.9,25.0,26,4,24,1,80,595000,1,1,1.0,1,825.0,429273.4,126001.0,12415.0,125913.54,25972.0,46.0,36,15541.0,115493.07,38661.0,6,13,11473.0,10858.09,350050.75,40,76,29412.0,Y,5589.96,saving,M,118,MEDIUM,98.0,2,233.0,0,10.0
14502,10508,3450.0,27523.01,5494.48,4573.72,3493.0,3404.09,16682.93,9.0,29,653,35,3,54,192000,1,1,1.0,1,743915.3,6.0,925.0,1332.0,54374.25,38909.0,11.0,0,325517.0,14802.1,59001.0,2,44,64663.0,26180.0,73936.0,9,6,15300.0,Y,5560.17,current,F,34,MEDIUM,9.8,2,880.0,1,3.0
14503,17155,9097.0,6143.0,5822.0,5800.51,4376.0,6129.65,5113.0,531.0,1,87,50,2,4,520000,1,1,1.0,1,59703.93,158000.0,28985.0,-4612.00977,7558.85,43091.0,147.0,19,15842.0,29152.0,63695.0,3,2,90000.0,5019.47,56093.04,14,10,47428.0,Y,2488.23,current,M,62,MEDIUM,33.6,7,683.0,1,14.0
14504,5071,299194.0,12012.0,1543.5,21998.99,8212.0,5121.48,42284.0,17.0,1,3,19,62,56,845000,1,1,1.0,1,102494.2,267421.4,50000.0,5439.0,70528.0,229244.08,11.0,7,54792.0,28967.43,92489.0,1,77,27192.0,45888.39,70100.5,9,25,90012.0,Y,12208.19,current,M,53,MEDIUM,26.400000000000002,1,748.0,1,18.0
14505,19404,1436.0,15221.74,3258.0,1540.0,78.0,1462.0,4203.0,17.0,14,30,1,15,1,11000,1,1,1.0,1,747610.0,5351.0,12337.0,-4664.0,46736.37,120750.0,39.0,13,83359.0,73267.54,37783.0,0,82,20309.0,6490.0,54329.0,2,9,16594.0,Y,4418.76,current,M,38,MEDIUM,16.2,2,330.0,1,14.0
14506,17639,12664.0,33118.06,1200.9,20004.98,682.0,2615.83,4938.85,16.0,3,1,2,2,42,510000,1,1,1.0,1,9608.3,105000.0,655.0,12415.0,26141.0,15096.0,6.0,3,13822.0,114359.05,109946.0,47,81,16187.0,57885.36,61092.1,94,50,15922.0,Y,1529.31,current,F,33,MEDIUM,9.1,3,245.0,1,5.0
14507,14929,111924.0,16912.39,2895.1,25523.3,1888.0,12261.7,1462.0,8.0,43,82,25,7,47,326000,1,1,1.0,1,38362.5,12971.0,33774.0,10210.0,33452.5,61055.05,69.0,1,63858.0,27070.44,41699.0,3,70,56712.0,31049.9,65075.0,2,120,200449.0,Y,6603.9,current,M,33,LOW,1.3,6,269.0,0,4.0
14508,19104,20271.0,909.0,16783.18,29873.0,3471.0,12163.63,17167.0,1.0,23,50,5,1,1,49999,1,1,1.0,1,4323.0,244483.3,891.0,-7652.0,23580.0,28666.0,90.0,1,16737.0,25325.79,195231.19,24,59,41283.0,33892.42,92371.0,6,24,41712.0,Y,14711.58,saving,M,36,MEDIUM,8.0,9,858.0,1,4.0
14509,12157,11141.0,6884.32,844.96,26196.37,37483.84,12871.0,3053.0,5.0,34,2,4,9,56,44000,1,1,1.0,1,9255.43,86868.0,3975.0,1992.0,36029.19,76268.05,103.0,4,30514.73,2091.0,28974.0,43,82,70019.87,23630.01,154901.0,22,103,23870.0,Y,23891.74,saving,M,29,LOW,0.9,7,974.0,1,5.0
14510,16593,19373.0,758.41,6495.0,72254.62,2965.6,10212.0,6117.0,52.0,42,112,3,4,3,44000,1,1,1.0,1,101891.25,34120.0,19176.0,553.0,52616.44,37105.0,3.0,2,489.0,10943.86,50121.0,1,8,2900.0,98398.46,128333.5,43,3,16573.0,Y,1801.68,saving,M,63,MEDIUM,25.8,9,858.0,1,15.0
14511,1934,132264.0,7729.0,7223.0,17165.34,518.84,2633.0,2329.0,8.0,18,89,1,44,3,510000,1,1,1.0,1,331.2,38928.0,25524.0,1500.0,118820.43,46141.95,41.0,0,9151.0,530763.81,26162.0,2,13,47641.0,70751.77,369.0,47,50,795.0,Y,6661.36,current,M,40,MEDIUM,16.0,4,693.0,1,11.0
14512,15342,20175.0,1069.0,763.82,39579.0,864.39,2504.21,1176.0,2.0,25,2,12,55,9,0,1,1,1.0,1,41883.6,91747.0,43798.0,-4664.0,26468.43,1334.0,103.0,2,40206.0,26468.0,30540.5,4,8,26788.0,36095.86,237544.52,2,103,18522.0,Y,2825.71,current,F,35,MEDIUM,7.5,4,924.0,1,3.0
14513,10992,36229.0,42007.21,11224.0,7147.08,1451.02,5741.0,3800.79,63.0,2,85,45,3,11,581000,1,1,1.0,1,59703.93,134000.0,12000.0,12174.0,44841.13,51117.5,39.0,3,24166.0,17540.27,27750.0,2,5,31578.0,9799.0,29164.0,4,107,96092.0,Y,3907.5,current,F,30,LOW,7.0,2,508.0,1,17.0
14514,8900,5561.0,4038.0,5296.0,1577.42,4439.0,22617.5,800.0,531.0,4,7,47,7,10,47000,1,1,1.0,1,1377313.45,64491.0,130000.0,5350.0,58130.34,138072.0,12.0,15,58727.0,237284.0,34234.0,5,8,98830.0,25502.05,205938.29,62,22,99031.0,Y,286.67,current,M,44,MEDIUM,24.0,8,354.0,1,18.0
14515,18319,11474.0,97817.84,14521.33,3147.07,23568.58,5929.84,910.0,24.0,10,7,18,44,1,75000,1,1,1.0,1,3950.0,77965.0,565.0,-12179.0,72518.92,123772.63,18.0,26,46598.0,75786.15,7098.0,2,81,18837.0,29780.11,204537.25,13,11,9721.0,Y,3252.65,current,M,33,LOW,2.6,4,887.0,1,8.0
14516,8827,3147.0,13933.26,26644.53,13520.0,44305.59,9379.0,1784.0,26.0,47,30,3,4,5,27000,1,1,1.0,1,12010.0,165970.9,8417.0,1465.0,76699.08,142220.0,3.0,3,26478.0,10372.58,42291.0,70,17,80186.0,19862.0,84773.75,6,21,46258.0,Y,4110.18,current,M,223,LOW,162.4,3,743.0,1,15.0
14517,240,16189.0,10300.0,1939.0,42245.0,2017.2,9856.41,4781.52,17.0,47,70,47,4,8,329000,1,1,1.0,1,720551.4,172678.56,13873.0,10455.0,45301.66,155894.0,3.0,1,19421.0,135087.59,12167.86,16,20,42305.0,5118.0,90588.7,21,15,28901.0,Y,9797.91,saving,F,53,MEDIUM,16.5,6,928.0,1,3.0
14518,6442,16727.0,12002.77,2054.0,17949.78,11640.4,2106.63,2987.61,531.0,77,64,1,2,98,44000,1,1,1.0,1,4230125.0,16000.0,25524.0,0.0,56029.97,111415.0,10.0,9,25318.0,26885.88,302243.0,1,81,126063.0,31451.0,28808.97,93,58,23629.0,Y,9636.17,current,F,64,LOW,35.2,8,256.0,1,11.0
14519,5845,317834.0,2027.5,3087.9,6239.41,4720.0,25593.05,6770.1,7.0,2,49,25,6,10,100000,1,1,1.0,1,19.95,32714.0,54101.0,1444.0,27213.34,85237.0,52.0,2,265000.0,22181.3,101830.0,2,12,65967.0,100649.0,86723.0,2,0,95883.0,Y,4066.18,current,F,44,MEDIUM,4.800000000000001,1,908.0,0,17.0
14520,944,89747.0,14100.9,34247.53,12217.15,2551.0,748.0,7762.6,1.0,9,49,22,4,98,125000,1,1,1.0,1,9649.6,274285.17,13873.0,5773.0,28491.88,68223.0,49.0,26,37010.0,30706.0,4096.0,24,17,57632.0,17409.68,29268.0,7,49,16740.0,Y,70.34,current,M,34,MEDIUM,14.0,6,299.0,0,13.0
14521,15805,13041.0,18352.0,9372.37,1705.0,1152.0,4167.0,1646.0,531.0,1,105,24,21,80,74100,1,1,1.0,1,3938.25,273221.0,825.0,7478.0,15452.75,35439.0,16.0,31,33300.0,458.5,923.0,10,12,77628.0,96272.0,26777.0,5,83,34779.0,Y,11620.66,current,F,49,MEDIUM,2.9000000000000004,7,801.0,0,17.0
14522,16312,2691.0,19453.91,4372.65,6426.59,9436.5,9741.19,3031.0,5.0,3,14,5,55,20,74100,1,1,1.0,1,9220.2,33668.0,48500.0,2351.0,17736.25,221203.0,46.0,13,23193.0,15276.76,75918.0,2,50,20302.0,15411.08,68589.5,47,65,26120.0,Y,1181.49,current,M,33,MEDIUM,11.700000000000001,8,755.0,1,13.0
14523,17824,2171.0,6046.54,5979.58,5664.7,8392.0,9223.0,15428.54,531.0,36,20,2,18,2,293000,1,1,1.0,1,0.35,19000.0,105000.0,0.0,47190.39,88681.0,63.0,18,69995.0,12880.49,338101.0,3,8,33573.0,62048.5,26232.0,21,38,34154.0,Y,1187.97,current,M,50,LOW,6.0,9,626.0,0,13.0
14524,14714,4025.0,3614.6,1360.77,45666.03,182.0,1930.68,11893.12,12.0,29,9,2,51,10,447000,1,1,1.0,1,105453.65,295150.9,96497.0,-4664.0,48380.26,43490.0,7.0,5,39490.0,5350.0,14173.0,5,1,240925.0,202230.17,24954.06,5,107,250455.0,Y,491.07,current,M,27,MEDIUM,4.2,3,974.0,1,14.0
14525,9835,19942.0,6035.99,5666.0,16694.0,362.59,1773.0,2500.0,19.0,3,13,26,2,8,47000,1,1,1.0,1,19957.5,32714.0,6100.0,5773.0,39945.18,11237.37,2.0,1,30435.49,80067.24,33105.57,1,26,22551.0,32445.45,231044.5,10,38,54190.0,Y,82.52,current,M,47,MEDIUM,10.8,6,370.0,1,3.0
14526,7011,15680.0,93533.0,435.0,11487.43,10474.0,15907.24,1014.0,1.0,23,13,8,7,67,461000,1,1,1.0,1,173.8,15395.48,2644.0,1500.0,27078.0,569.5,11.0,26,20263.0,22368.09,37574.0,50,8,32788.0,579218.85,36718.0,8,18,34548.0,Y,171.2,current,M,47,LOW,18.900000000000002,1,809.0,1,6.0
14527,12499,15777.0,11383.0,24988.34,16293.05,1451.02,6233.85,47644.0,100.0,10,23,42,1,2,84000,1,1,1.0,1,36368.7,17000.0,643.0,1245.0,42206.0,126786.0,11.0,18,14454.0,52637.84,61986.0,9,63,140056.0,38637.29,107922.0,22,107,26224.0,Y,10959.16,current,M,60,HIGH,40.0,8,249.0,0,18.0
14528,13968,17067.0,4403.92,3157.0,6654.0,6751.76,9657.2,3535.0,24.0,65,5,21,14,11,520000,1,1,1.0,1,102.95,186474.96,16215.0,2819.0,265442.98,57217.66,5.0,3,5608.4,25177.75,196605.0,20,69,84694.82,21128.29,29710.43,7,58,50553.0,Y,16447.45,current,M,55,MEDIUM,3.5,2,247.0,0,4.0
14529,4595,15741.0,17317.185,2290.0,15923.0,3637.0,38889.77,4629.0,531.0,23,13,2,46,67,232000,1,1,1.0,1,443.36,506383.85,68000.0,2921.0,445288.81,33981.0,67.0,5,13986.0,43375.76,104503.0,50,81,52880.0,20763.12,70482.79,42,14,17752.0,Y,6070.15,saving,M,35,LOW,3.0,5,269.0,0,5.0
14530,10807,11006.0,10930.42,5272.61,13187.65,5759.51,44976.0,1485.0,8.0,1,35,82,55,62,345000,1,1,1.0,1,30382.2,390700.0,28985.0,5730.0,16583.6,46863.38,42.0,14,19255.0,25177.89,3146.0,0,171,7453.0,130901.2,53356.6,117,52,29304.0,Y,3559.31,current,M,51,HIGH,24.8,7,737.0,1,10.0
14531,2544,9193.0,6869.86,13741.0,6368.47,3686.0,4285.0,3188.5,8.0,77,47,1,4,20,53000,1,1,1.0,1,41883.6,169779.0,925.0,8572.0,24150.48,16883.0,36.0,2,22824.0,366960.01,300189.0,0,8,40596.0,102846.28,69641.0,6,83,27036.0,Y,5245.99,current,M,53,MEDIUM,6.6000000000000005,4,374.0,1,6.0
14532,16099,14593.0,8135.7,844.96,19260.9,3031.04,6556.74,2210.0,2.0,36,59,57,18,4,67000,1,1,1.0,1,124929.75,373824.0,126001.0,-5715.49022999999,22138.91,60941.0,11.0,2,23278.0,162307.08,17976.0,70,20,48461.0,44589.76,25018.0,7,32,60378.0,Y,1143.4,current,M,67,HIGH,42.300000000000004,3,508.0,1,13.0
14533,17388,20011.0,24187.0,1579.0,10254.0,10463.0,7968.0,3150.8,17.0,10,7,5,6,5,483000,1,1,1.0,1,17530.7,117890.0,16215.0,5340.0,168541.57,98064.91,39.0,31,110842.0,176623.66,64383.0,50,14,161663.0,69089.68,19268.0,12,83,19373.0,Y,1360.05,saving,M,60,MEDIUM,20.0,8,633.0,0,17.0
14534,7266,11354.0,10312.0,5785.46,3619.1,2782.0,2310.95,2537.0,56.0,37,4,53,1,11,75000,1,1,1.0,1,38566.25,93.35,90525.0,13135.0,113354.0,74141.0,16.0,31,21537.0,48858.24,53321.0,5,171,69594.0,39822.04,128817.0,7,50,59958.0,Y,1715.31,current,M,30,LOW,4.0,3,394.0,1,9.0
14535,6378,380.0,2991.78,1906.0,9341.88,5538.5,2277.21,4027.0,15.0,99,4,1,27,55,581000,1,1,1.0,1,127004.3,169779.0,1515.0,12415.0,30189.25,34689.0,69.0,23,13258.0,23065.52,34180.0,6,13,35741.0,22615.75,68746.29,21,73,23457.0,Y,608.1,current,F,37,MEDIUM,3.4000000000000004,1,698.0,1,13.0
14536,13894,5663.0,12592.59,10544.0,1576.75,16733.55,2363.0,11781.0,124.0,22,59,2,1,54,336000,1,1,1.0,1,60800.0,162288.3,508.0,3897.0,45867.15,91119.0,35.0,1,40356.0,23409.0,5870.0,1,40,41213.0,59913.27,86391.07,22,79,100087.0,Y,1012.79,current,M,30,MEDIUM,1.0,9,445.0,1,3.0
14537,2715,7784.0,6809.9,27848.0,12522.0,695.0,8740.58,232.0,5.0,23,20,4,15,13,268000,1,1,1.0,1,568.8,267421.4,155205.0,1444.0,18762.19,28915.68,62.0,2,22059.0,74332.74,56610.0,1,20,45702.0,88045.0,247780.0,11,50,56289.0,Y,4552.12,current,M,34,LOW,1.4000000000000001,1,880.0,1,16.0
14538,14790,26402.0,11681.36,4561.0,22573.45,52669.95,19322.03,3727.94,5.0,1,16,62,12,47,87000,1,1,1.0,1,10008.0,76365.24,1036.0,3897.0,55211.97,2223.72,35.0,15,26717.0,72248.49,71415.5,42,63,29375.0,41973.58,147684.92,9,58,23008.0,Y,6472.59,current,M,53,LOW,23.1,6,631.0,0,6.0
14539,5621,13075.0,5737.0,1957.0,3128.0,77831.56,10223.87,1359.84,5.0,30,16,5,1,56,272000,1,1,1.0,1,825.0,93.35,105000.0,1992.0,23734.51,49736.0,16.0,4,71985.0,27302.02,139216.0,3,20,16915.0,122674.71,50350.0,40,50,173.64,Y,31994.21,current,M,42,HIGH,2.2,2,799.0,1,14.0
14540,15070,214641.0,3868.2,462.3,28465.09,3172.0,36077.88,1632.0,124.0,43,13,1,25,11,483000,1,1,1.0,1,1665.0,51000.0,12560.0,5464.0,8051.39,123519.4,4.0,2,147194.0,7963.43,69324.0,4,25,183600.0,26691.53,20412.0,3,27,67064.82,Y,12450.07,current,M,120,MEDIUM,70.0,4,966.0,1,3.0
14541,2701,15195.0,35560.0,1165.0,5225.0,5282.0,15668.555,2047.0,2.0,6,16,24,6,56,340000,1,1,1.0,1,88.0,152664.0,27809.0,5439.0,110548.64,196817.0,42.0,1,53549.0,49684.01,219522.0,2,20,16903.0,41843.76,218460.19,2,39,20562.0,Y,5056.54,current,M,47,MEDIUM,16.2,4,966.0,1,19.0
14542,8419,1915.0,8251.49,1645.55,1170.37,11800.54,3938.095,2713.0,10.0,3,4,41,2,25,510000,1,1,1.0,1,185669.2,376694.91,925.0,5730.0,88329.0,30415.0,42.0,5,26720.0,65090.75,36315.0,31,50,24022.0,80287.0,58864.0,8,35,85645.92,Y,9432.43,current,M,29,LOW,6.300000000000001,5,464.0,0,5.0
14543,15834,13857.0,15028.43,49519.45,19723.0,1513.0,20037.92,1773.0,136.0,43,60,48,21,1,184000,1,1,1.0,1,72383.25,536874.6,3570.0,1500.0,158740.0,43417.0,29.0,2,21034.0,104045.68,11162.0,11,8,45348.0,48556.77,29368.36,36,58,2015.97,Y,2337.63,current,M,29,MEDIUM,7.2,10,623.0,1,14.0
14544,19722,15574.0,25654.91,976.01,21177.46,2133.55,201.0,5244.0,1.0,9,10,20,3,47,100000,1,1,1.0,1,80163.75,245000.0,13873.0,10210.0,59644.0,20656.0,103.0,36,27686.0,273202.12,93905.18,5,7,20832.0,57099.65,39378.0,3,11,18885.0,Y,727.03,current,M,69,MEDIUM,4.9,4,249.0,1,15.0
14545,5896,12995.0,20930.0,4843.0,25171.0,180.0,8745.0,3126.0,8.0,85,11,1,4,47,410000,1,1,1.0,1,65640.0,93.35,1526.0,9415.0,41128.4,18830.57,4.0,3,30153.0,224289.51,14182.0,3,42,4501.0,35518.0,15713.0,11,24,31725.0,Y,59.26,current,M,222,MEDIUM,161.60000000000002,7,966.0,1,15.0
14546,14810,11395.0,17985.06,60095.0,5008.56,1656.0,1890.38,3111.0,50.0,9,35,3,1,16,52000,1,1,1.0,1,105453.65,369448.8,25524.0,-4664.0,46996.29,23372.0,39.0,3,26502.0,95527.0,192143.48,23,8,27945.0,45439.13,27923.0,22,12,40604.0,Y,31924.97,saving,M,31,MEDIUM,2.2,6,258.0,1,20.0
14547,10278,567.0,4707.0,808.3,5315.1,332.0,7898.5,3874.0,3.0,56,2,4,14,4,461000,1,1,1.0,1,3786.9,794000.0,96497.0,2921.0,36567.29,133493.0,20.0,1,24471.0,20779.14,103436.0,43,2,36542.0,79741.0,29164.0,117,67,33868.0,Y,170978.53,current,M,27,MEDIUM,5.6000000000000005,1,506.0,0,8.0
14548,15444,2817.0,31014.47,5593.04,9752.44,232.0,48660.63,5246.0,26.0,34,87,2,2,56,127500,1,1,1.0,1,45036.0,118976.0,300500.0,1500.0,50220.5,20297.91,36.0,26,14618.0,28537.02,57746.38,50,81,26138.0,48494.1,80682.27,5,24,286150.0,Y,207.9,current,M,28,MEDIUM,8.0,1,867.0,1,7.0
14549,4984,12021.0,23111.16,542.0,10751.0,11733.7,12589.965,9450.85,8.0,3,47,62,2,2,378000,1,1,1.0,1,19957.5,54388.23,3792.0,9827.0,364089.0,44489.04,4.0,7,37836.0,7861.21,50222.5,1,14,37782.0,35127.68,157908.6,93,13,28437.0,Y,1360.43,current,M,53,MEDIUM,19.8,7,628.0,1,9.0
14550,5389,209912.0,2503.0,2299.0,2884.0,8203.0,27696.22,14611.0,3.0,2,4,2,4,56,369000,1,1,1.0,1,13140.0,110135.86,3975.0,6613.0,38018.04,103442.0,9.0,13,17900.0,34122.27,19835.0,6,23,63372.0,23922.35,13020.0,8,18,21934.0,Y,886.36,current,M,60,LOW,36.0,3,505.0,0,9.0
14551,11577,15126.0,8251.49,239.0,6846.42,24804.75,38543.86,80.37,136.0,47,10,41,27,47,169000,1,1,1.0,1,5383.25,15957.0,230000.0,5439.0,95810.45,1224.0,36.0,3,35381.0,48428.84,28317.0,3,29,143859.0,39822.04,73072.0,10,75,21116.0,Y,3044.03,saving,M,47,MEDIUM,13.5,8,698.0,1,13.0
14552,150,13743.0,19666.28,3126.01,2783.78,2462.98,3065.0,1085.0,101.0,27,72,23,9,56,369000,1,1,1.0,1,41441.27,470000.0,798.0,6885.0,39414.0,30050.0,42.0,1,45347.0,222712.18,60106.0,43,8,14358.0,56415.91,15377.0,2,100,20005.0,Y,1793.96,current,M,33,LOW,11.700000000000001,5,424.0,1,7.0
14553,10610,13073.0,3043.0,12047.0,75580.46,7888.0,8347.0,18946.76,5.0,2,64,1,60,1,581000,1,1,1.0,1,196885.0,330001.0,48500.0,-5942.0,16592.89,107311.0,42.0,26,28039.0,46494.49,33932.0,9,20,14292.0,31588.48,37825.5,3,3,15233.0,Y,824.26,current,M,62,MEDIUM,16.8,5,921.0,1,19.0
14554,8177,19036.0,157378.77,1973.0,44199.0,1548.34,20597.25,2338.0,136.0,15,3,2,1,68,461000,1,1,1.0,1,7089.7,470000.0,13873.0,12174.0,128279.25,100104.0,9.0,36,28666.0,40626.75,148135.36,1,77,28378.0,60155.0,36677.0,8,35,18924.0,Y,3695.9,current,M,222,MEDIUM,20.200000000000003,3,424.0,1,12.0
14555,4704,10232.0,38859.0,4237.0,1187.42,4481.75,27943.0,14701.0,26.0,23,74,1,21,10,381000,1,1,1.0,1,1359.3,38928.0,2644.0,3897.0,8567.4,111930.0,10.0,2,35761.0,14640.15,56218.74,1,20,78089.0,9622.0,41655.61,3,14,134366.0,Y,3944.16,current,M,25,MEDIUM,2.0,3,928.0,1,20.0
14556,9088,336878.0,986.0,15085.0,4069.48,7914.0,15648.0,4262.0,25.0,77,9,57,1,34,301000,1,1,1.0,1,1859872.2,13299.0,3975.0,7478.0,10206.28,183.53,40.0,3,20344.0,32633.71,16349.0,35,82,25927.0,102648.25,59043.94,2,18,29690.0,Y,16310.33,current,F,62,LOW,33.6,8,535.0,1,13.0
14557,5474,17645.0,9876.71,4582.49,16162.4,1849.09,2428.0,1677.0,26.0,1,67,3,31,1,425000,1,1,1.0,1,15079.5,82907.34,24094.0,-6301.0,38900.08,45244.0,32.0,3,26332.0,75865.47,29696.0,4,5,49404.96,221923.43,102908.0,21,103,21226.0,Y,4281.37,current,M,27,MEDIUM,6.300000000000001,10,508.0,0,18.0
14558,9089,2400.0,18680.0,222.0,3441.84,16999.17,8044.79,1113.0,9.0,23,67,2,1,6,100000,1,1,1.0,1,36368.7,15036.0,583.0,10770.0,25117.02,106978.0,42.0,0,66300.0,32597.2,42941.85,2,49,22811.2,62899.94,35244.75,36,0,48122.0,Y,939.96,saving,M,35,LOW,1.5,6,743.0,0,13.0
14559,10292,1266.0,1603.04,5005.92,17526.01,23395.62,16700.23,3208.0,4.0,18,47,35,24,1,302000,1,1,1.0,1,526.25,446457.0,183999.0,1931.0,86688.41,39294.0,10.0,2,25128.0,4078.0,75138.0,23,11,34208.0,113518.96,103222.93,21,2,25396.0,Y,33888.25,current,M,53,MEDIUM,19.8,2,539.0,0,9.0
14560,5814,17587.0,6263.0,4784.0,3798.33,892.0,1072.4,2160.0,7.0,6,72,2,7,2,375000,1,1,1.0,1,123295.4,382191.0,126001.0,6885.0,8620.07,747392.0,11.0,4,20674.0,57182.69,23298.0,23,20,30672.0,25485.82,148510.0,49,73,37445.0,Y,1315.36,current,M,25,LOW,4.0,4,700.0,1,4.0
14561,18834,1370.0,11692.77,14227.05,7956.61,2166.5,19199.0,3291.0,1.0,77,60,24,7,56,371000,1,1,1.0,1,156875.0,235.17,25000.0,6885.0,115230.08,74363.0,72.0,2,142500.0,32590.0,62910.0,43,20,51435.0,541159.41,176128.0,7,3,22055.0,Y,8200.0,current,F,63,MEDIUM,12.9,3,465.0,1,5.0
14562,18783,1245.0,9202.8,3461.59,25200.89,2508.98,1386.51,390.0,57.0,18,117,1,3,22,202500,1,1,1.0,1,265809.85,221000.0,68000.0,8362.0,131506.83,98791.87,62.0,0,28069.0,20847.52,96248.0,5,6,60985.0,46886.0,30320.0,3,13,174265.0,Y,2357.61,saving,M,28,LOW,5.6000000000000005,1,267.0,0,13.0
14563,1366,15197.0,1101.92,4931.6,502.0,10346.0,60544.535,11854.03,10.0,65,4,17,1,3,240000,1,1,1.0,1,45463.0,29479.0,230000.0,10210.0,2074.0,56904.9,55.0,1,37067.14,13660.0,40268.0,2,4,249500.0,50906.91,43956.0,6,1,34812.0,Y,3832.11,saving,M,47,LOW,5.4,3,887.0,1,20.0
14564,11386,4247.0,31405.0,11305.0,6642.01,11760.45,2657.0,1361.1,8.0,93,20,1,2,68,383000,1,1,1.0,1,18418.85,35000.0,24125.0,167.0,130079.27,75030.85,7.0,43,27816.0,106288.0,80827.0,1,108,178243.0,126003.12,35587.5,7,18,16083.0,Y,7849.84,current,M,60,MEDIUM,32.0,1,445.0,1,20.0
14565,3070,16413.0,1441.35,1777.02,19965.84,3773.0,1024.83,5069.0,8.0,1,74,1,1,17,125000,1,1,1.0,1,319201.67,340000.0,1633.0,-12179.0,91832.37,151836.0,11.0,9,33700.0,458.5,14995.0,31,28,21184.0,16826.06,65854.5,2,63,630.67,Y,1418.8,current,M,40,MEDIUM,6.0,6,516.0,1,17.0
14566,15488,16202.0,385.0,2593.52,1350.0,3693.96,4420.0,2091.14,5.0,26,47,1,4,36,461000,1,1,1.0,1,4400.0,159415.3,4000.0,-5715.49022999999,4666.0,197230.0,4.0,5,46078.0,36316.98,98744.0,5,12,143859.0,48324.37,21925.0,4,11,17902.0,Y,11895.11,current,F,35,MEDIUM,3.0,6,887.0,1,4.0
14567,9964,11086.0,26598.64,16453.77,11922.84,13768.0,32295.45,1247.43,12.0,4,61,60,25,3,143000,1,1,1.0,1,8256.6,536874.6,1526.0,6885.0,4984.25,7078.0,46.0,19,24197.0,88140.2,188634.5,2,23,36291.0,23423.0,117744.0,14,50,93448.0,Y,5004.84,current,M,25,MEDIUM,2.5,3,737.0,1,17.0
14568,417,1135.0,18289.16,1405.09,5484.7,808.0,5065.2,91180.0,5.0,22,135,1,1,81,124000,1,1,1.0,1,62217.0,33668.0,130000.0,2351.0,6876.96,52384.0,4.0,3,26388.46,8910.0,189586.0,9,20,67746.0,139144.19,34137.78,5,8,39988.0,Y,4001.6,current,M,66,LOW,46.0,4,394.0,1,13.0
14569,4772,5915.0,3519.74,6007.79,2446.59,1005.0,8606.08,4850.0,4.0,81,74,2,6,2,58000,1,1,1.0,1,1466675.0,41.26,13873.0,5730.0,57911.33,19278.0,6.0,4,330000.0,80589.0,22378.0,43,23,34295.0,24902.48,86160.0,3,38,39938.0,Y,4134.91,saving,F,29,MEDIUM,6.300000000000001,2,958.0,0,2.0
14570,18259,20330.0,31839.26,12701.75,36207.35,726.0,4159.36,492.0,17.0,11,4,2,4,70,19000,1,1,1.0,1,3101.3,1372927.14,100000.0,-3506.17993,69064.77,16861.0,12.0,2,40992.0,13493.17,31660.5,1,42,25790.0,14933.0,22025.1,40,8,22583.0,Y,3953.04,current,M,33,MEDIUM,7.800000000000001,4,814.0,1,9.0
14571,17209,36161.0,12924.61,423.0,2686.94,50457.99,30468.41,1439.7,2.0,26,4,22,6,56,366000,1,1,1.0,1,961924.8,157000.0,2644.0,6916.0,57845.49,51002.0,48.0,5,55885.0,21772.3,176037.0,3,5,33724.0,28575.22,141802.86,4,22,200000.0,Y,886.36,current,M,58,MEDIUM,34.2,9,269.0,0,14.0
14572,5985,16972.0,2291.25,1290.0,17812.55,5699.0,19648.34,6790.0,10.0,5,27,42,6,12,533000,1,1,1.0,1,23669.0,14000.0,25849.0,6885.0,31371.0,120598.0,7.0,2,39458.0,50343.61,43568.0,5,21,19638.0,241037.19,89349.0,2,50,44242.0,Y,1830.86,current,M,33,MEDIUM,10.4,6,928.0,0,14.0
14573,5788,16421.0,1307.26,3746.11,30208.74,16242.0,1790.45,4171.04,44.0,23,64,42,20,70,411000,1,1,1.0,1,40440.4,24703.0,183999.0,3481.0,61932.27,1656422.0,0.0,3,22103.0,93381.32,367.74,6,9,32478.0,22644.0,67119.0,2,100,25830.0,Y,3392.22,saving,M,42,LOW,11.0,10,331.0,1,19.0
14574,7281,5067.0,6474.45,7906.49,11212.25,30044.0,2173.0,7199.0,124.0,128,50,25,11,16,408000,1,1,1.0,1,166331.66,152664.0,16215.0,16455.0,22488.16,48285.0,40.0,1,23368.0,35036.68,8182.0,5,171,15735.0,37224.09,81804.0,49,79,54817.0,Y,1046.38,current,M,30,MEDIUM,2.0,3,801.0,0,8.0
14575,16548,89081.0,5883.71,10816.08,1788.5,5176.0,4328.0,1061.0,3.0,47,3,62,5,80,307000,1,1,1.0,1,15079.5,409168.15,19400.0,-5439.0,78224.0,437892.0,18.0,43,44341.0,10021.17,2715.0,6,4,61365.0,111980.78,58631.0,4,58,60019.0,Y,2502.69,saving,M,44,MEDIUM,14.4,8,595.0,1,18.0
14576,15107,3775.0,23332.51,1359.0,9387.5,22260.0,2405.0,3067.36,6.0,1,5,17,11,29,345000,1,1,1.0,1,127004.3,106398.0,492.0,3897.0,22604.2,159293.0,52.0,13,47095.0,37294.44,5180.0,6,44,20832.0,135345.61,8704.0,9,24,21992.84,Y,168.66,current,M,44,MEDIUM,9.600000000000001,9,750.0,1,11.0
14577,15026,15111.0,70825.08,2155.0,761.0,5609.0,6586.26,1676.0,92.0,18,87,20,21,54,565000,1,1,1.0,1,8256.6,1300000.0,28985.0,3897.0,141022.5,37242.25,69.0,36,66810.0,14695.78,84119.31,2,108,300801.0,33880.94,605341.19,12,32,27151.0,Y,720.28,current,M,40,MEDIUM,4.0,5,969.0,1,5.0
14578,5105,20112.0,935.93,5977.0,5355.5,1586.16,6958.0,4869.0,6.0,36,82,6,3,22,100000,1,1,1.0,1,690.0,470000.0,65000.0,-5439.0,59959.37,111558.46,18.0,0,23616.0,17454.0,392358.81,2,42,20891.0,58982.16,22688.06,3,11,58363.0,Y,10970.78,current,M,44,MEDIUM,19.200000000000003,3,750.0,1,19.0
14579,17843,10666.0,6226.16,5336.89,1168.0,38561.48,1089.0,1148.0,4.0,7,47,2,3,2,330000,1,1,1.0,1,89908.8,205032.06,16004.0,9415.0,37147.25,39303.0,84.0,1,50595.0,81186.52,6023.35,2,26,52158.0,93867.09,18282.22,94,104,22422.0,Y,4866.36,saving,M,53,MEDIUM,19.8,6,653.0,1,12.0
14580,10636,11705.0,1886.98,5857.31,10624.64,1844.0,10362.0,3526.67,9.0,16,74,60,4,4,358000,1,1,1.0,1,15079.5,59306.0,73501.0,35346.0,41118.1,77205.0,46.0,13,21800.0,12963.68,81100.5,43,75,19669.0,93465.72,300630.0,40,10,13492.0,Y,9921.56,current,M,32,MEDIUM,4.800000000000001,9,372.0,1,13.0
14581,9666,6203.0,4599.0,22853.0,25901.63,16828.0,23512.0,1376.52,10.0,19,30,4,4,5,66000,1,1,1.0,1,9118.35,76365.24,48950.0,886.0,26571.61,7202.0,42.0,3,124483.0,103951.91,124420.42,31,35,32409.0,27411.04,63416.13,94,54,34138.0,Y,831.96,current,M,55,LOW,3.5,9,836.0,1,20.0
14582,1230,94805.0,20930.09,1442.69,6278.1,2699.77,1268.19,224.0,60.0,23,50,3,62,54,319000,1,1,1.0,1,140291.6,35421.67,6146.0,9415.0,56723.96,52492.0,43.0,35,39438.0,110239.0,50185.4,2,0,35203.0,11711.78,47150.0,94,18,25580.0,Y,9727.24,current,M,58,LOW,30.400000000000002,2,923.0,0,5.0
14583,6846,20344.0,5545.5,9621.0,2136.97,4008.39,10593.0,3184.0,24.0,20,5,47,26,16,112000,1,1,1.0,1,306.4,1425000.0,1166.0,-5998.43994,23324.74,8178.0,42.0,4,26749.0,30465.29,12448.0,3,6,282367.0,43278.51,17826.79,3,10,28540.0,Y,35696.73,current,M,28,LOW,4.800000000000001,2,296.0,1,5.0
14584,11879,9901.0,3599.99,2661.0,3436.67,1707.04,13861.825,2216.0,6.0,66,4,1,51,2,359000,1,1,1.0,1,13849.4,6.0,54101.0,3983.0,196562.51,48681.0,7.0,3,20903.0,54544.88,51030.0,50,82,15759.0,19983.0,8724.0,3,12,83910.0,Y,10486.46,saving,M,46,MEDIUM,5.2,10,123.0,1,20.0
14585,864,14843.0,4775.12,6452.0,15679.0,4293.5,1188.96,4776.52,4.0,5,112,1,55,79,25000,1,1,1.0,1,146931.8,340000.0,24125.0,1332.0,23136.75,15468.71,48.0,33,46450.0,16897.77,118.0,2,4,99586.0,56540.0,33053.0,47,11,19609.0,Y,81130.69,current,M,38,MEDIUM,9.0,2,708.0,1,8.0
14586,8870,13300.0,10684.49,457.0,4082.3,2188.5,6110.0,3800.79,5.0,13,87,24,36,98,100000,1,1,1.0,1,204585.76,194099.3,15756.0,0.0,45006.98,23603.0,18.0,3,18724.0,41910.5,52750.29,43,25,44421.0,15439.29,141030.0,2,11,223872.0,Y,11868.0,current,M,47,MEDIUM,18.900000000000002,4,864.0,0,6.0
14587,9517,30994.0,3390.69,6220.29,9591.45,4588.0,476.0,7183.0,19.0,19,4,1,36,55,112000,1,1,1.0,1,6494.4,94.05,5797.0,12174.0,35600.0,87252.08,42.0,1,124720.0,3688.0,49145.9,6,5,25484.0,96842.56,81782.8,11,21,46700.0,Y,5193.02,current,M,56,LOW,32.4,10,639.0,1,3.0
14588,7428,238837.0,6941.0,526.0,6258.0,1588.41,28953.295,2826.13,5.0,84,67,7,9,4,125000,1,1,1.0,1,105453.65,138017.0,25639.0,6885.0,38022.9,32437.0,4.0,7,39579.0,27411.67,49241.0,1,171,51021.0,276814.51,5347.0,3,42,30032.0,Y,2262.74,saving,F,67,MEDIUM,42.300000000000004,3,314.0,0,14.0
14589,14731,170958.0,45463.67,4029.0,6195.23,224.0,414.73,1066.2,9.0,84,50,52,1,2,75000,1,1,1.0,1,1831780.84,1034285.63,6000.0,-6281.37987999999,24520.47,1468.62,11.0,4,13703.0,39173.76,19030.0,9,67,12582.38,30621.64,77192.0,11,49,17606.0,Y,26.23,saving,M,67,MEDIUM,14.100000000000001,2,653.0,1,5.0
14590,9237,52396.0,17128.18,15858.0,3102.2,5242.72,44976.0,515.0,531.0,7,20,4,20,1,525000,1,1,1.0,1,111.4,12257.0,96497.0,12965.0,71925.0,74849.0,62.0,13,227800.0,73282.0,30743.81,3,70,8627.0,56390.22,123465.0,21,104,5081.82,Y,2295.55,current,M,55,LOW,17.5,8,863.0,1,10.0
14591,14998,12982.0,1117.0,6719.0,3733.31,15155.02,5072.61,13049.0,53.0,37,11,3,21,36,524000,1,1,1.0,1,144293.83,21577.06,3570.0,2921.0,23368.09,146360.22,43.0,1,199900.0,17948.23,315338.61,6,108,19399.0,242857.12,121205.64,42,83,14680.0,Y,4780.38,current,M,32,MEDIUM,6.0,3,538.0,1,2.0
14592,19770,12173.0,22762.35,441.0,37309.89,3563.1,3696.0,426.0,5.0,3,1,2,37,79,157000,1,1,1.0,1,33145.5,794000.0,3975.0,1465.0,845.25,25963.0,36.0,7,48332.0,1849.78,251618.0,1,24,30613.0,244881.52,130260.0,49,42,14687.0,Y,6289.71,saving,M,34,MEDIUM,4.2,10,966.0,0,19.0
14593,11962,7094.0,19062.0,50607.59,19375.92,8915.8,694.0,5150.0,10.0,5,23,1,2,9,124000,1,1,1.0,1,1417886.15,95658.0,25728.0,6916.0,40466.06,15591.0,35.0,35,36029.0,34876.33,47842.24,9,108,1125.0,31730.57,292433.0,94,11,83578.0,Y,1649.79,saving,M,30,MEDIUM,2.0,2,249.0,1,9.0
14594,13582,17056.0,7776.03,10060.05,5106.2,12238.6,36506.0,3427.56,15.0,83,50,1,60,34,13000,1,1,1.0,1,568.8,202560.0,3000.0,3735.0,16449.0,30923.0,42.0,1,35439.0,65090.75,1646.5,31,11,67048.0,143309.5,59458.93,9,11,36482.0,Y,12407.87,current,M,55,MEDIUM,21.0,3,858.0,0,15.0
14595,15099,18842.0,16099.45,2111.84,42450.02,1495.0,15931.6,40728.0,4.0,85,89,26,12,6,169000,1,1,1.0,1,977377.25,32000.0,4367.0,-3506.17993,30577.25,170847.8,29.0,2,14464.0,76018.0,41755.0,3,42,23483.0,113915.03,53921.58,4,12,20331.0,Y,2157.69,current,M,40,LOW,8.0,2,503.0,1,18.0
14596,17255,7222.0,2777.36,3270.2,2080.72,162.0,5532.39,17511.0,26.0,84,50,1,15,29,147000,1,1,1.0,1,9649.6,794000.0,19400.0,-5715.49022999999,29072.5,68142.0,11.0,19,15806.0,25323.57,28476.0,10,50,141361.0,29440.84,69927.0,5,63,39362.0,Y,2072.75,current,M,37,MEDIUM,8.5,10,606.0,1,7.0
14597,19139,4552.0,12603.35,1143.95,9322.77,151.01,833.0,23669.0,46.0,8,3,1,9,4,67000,1,1,1.0,1,84446.0,446457.0,3570.0,20324.0,145875.75,72270.0,5.0,2,230100.0,66706.0,19970.0,2,75,17486.0,58748.75,44257.0,3,3,24635.0,Y,2406.72,saving,M,28,MEDIUM,5.6000000000000005,7,538.0,1,5.0
14598,3713,17679.0,51593.0,10351.5,24962.62,6515.64,759.0,796.0,52.0,2,1,8,9,1,329000,1,1,1.0,1,161704.0,170989.0,610000.0,0.0,17056.37,37535.5,69.0,2,300311.0,21415.69,10728.0,0,20,1043.76,109550.42,23677.0,5,36,14534.0,Y,26172.65,current,M,44,HIGH,21.6,10,331.0,1,11.0
14599,15414,6644.0,22447.85,1832.92,54176.0,4992.25,106020.0,3092.0,26.0,23,89,1,56,12,520000,1,1,1.0,1,60800.0,205000.0,90525.0,6260.0,39917.0,22653.0,46.0,9,41350.0,23001.84,297.0,1,78,41846.33,123398.25,46353.5,58,36,21719.0,Y,2491.25,current,M,28,LOW,2.4000000000000004,2,683.0,1,19.0
14600,13202,95796.0,5184.0,614.0,3009.2,658.0,11314.0,3121.04,57.0,10,16,1,2,70,124000,1,1,1.0,1,10008.0,210651.4,1266.0,24326.0,42725.88,19739.0,20.0,19,92262.0,152699.93,106526.0,50,78,20000.0,20155.23,27413.38,8,13,275246.89,Y,27044.55,current,M,27,MEDIUM,2.8000000000000003,5,866.0,0,13.0
14601,1655,13775.0,6735.93,2825.28,3045.0,465.86,8948.0,10511.0,26.0,17,9,10,1,75,147000,1,1,1.0,1,6030.65,15300.0,30071.0,20513.0,20367.33,51092.0,46.0,17,27601.0,20125.89,30661.5,2,20,26567.0,34290.65,35459.0,10,52,14676.0,Y,2237.55,current,M,28,MEDIUM,8.0,2,858.0,1,8.0
14602,19677,904.0,20743.54,663.0,4764.53,248.9,859.34,2163.57,44.0,29,20,4,3,10,524000,1,1,1.0,1,497317.93,42723.0,105000.0,-4664.0,223065.0,60842.0,90.0,2,31916.0,135087.59,34563.0,2,87,52877.0,18263.24,93691.0,14,57,28437.0,Y,544.31,current,F,30,MEDIUM,9.0,5,858.0,1,13.0
14603,10019,8557.0,2678.2,349.0,25403.54,6092.0,17153.0,4824.38,104.0,36,18,30,6,1,366000,1,1,1.0,1,272677.25,130660.0,20887.0,2337.0,68429.63,80223.5,52.0,4,22746.0,48321.78,102238.0,2,20,27418.0,10773.0,67238.0,9,6,39940.0,Y,727.33,current,M,42,MEDIUM,2.2,6,254.0,1,16.0
14604,18514,13349.0,11925.2,1754.0,21935.22,5934.98,7772.25,6263.0,44.0,84,89,8,9,30,378000,1,1,1.0,1,471.05,18300.0,24125.0,4150.0,209945.53,83756.5,42.0,1,40078.86,14012.0,88594.0,9,8,24851.61,41793.0,1100.0,44,32,33292.0,Y,1376.83,current,M,34,MEDIUM,4.2,4,511.0,0,10.0
14605,18570,1192.0,5323.27,8230.0,45692.94,2235.0,4042.0,14502.0,52.0,2,27,12,1,1,358000,1,1,1.0,1,1220.0,95000.0,38599.0,-3506.17993,33353.0,180909.0,18.0,2,41496.0,105388.0,187531.0,5,20,9999.0,123493.93,67187.5,4,7,22352.0,Y,4651.09,current,M,222,MEDIUM,181.8,10,911.0,1,5.0
14606,7962,1991.0,3770.86,5507.4,8420.96,3394.5,7619.51,5441.0,16.0,30,17,6,1,47,421000,1,1,1.0,1,36122.87,375000.0,610000.0,6916.0,49385.0,14566.0,24.0,5,17668.0,8914.0,136389.62,2,11,14010.0,165555.47,22254.0,117,63,17308.0,Y,3063.69,current,M,60,MEDIUM,20.0,6,866.0,1,20.0
14607,16306,11246.0,9216.73,2836.0,31470.0,918.0,20661.0,1009.0,2.0,27,47,20,3,80,494000,1,1,1.0,1,27316.5,64309.52,2184.0,1332.0,87913.66,31607.0,55.0,31,46598.0,75018.08,112405.0,5,12,29647.0,14117.58,28968.0,9,79,39129.0,Y,21730.99,current,F,33,LOW,9.1,1,506.0,0,12.0
14608,12720,13604.0,195032.43,26889.0,10302.82,5739.87,2248.615,327.0,12.0,6,135,2,1,3,483000,1,1,1.0,1,39853.9,343342.9,24094.0,0.0,370695.25,144898.0,3.0,1,275606.54,86759.73,151.5,0,171,73532.0,57281.23,197440.76,12,65,38700.0,Y,4521.67,saving,M,118,MEDIUM,78.4,6,454.0,0,14.0
14609,14771,836.0,5766.68,34783.0,7790.4,25572.0,6109.0,1048.66,57.0,39,5,26,2,1,750000,1,1,1.0,1,1910215.0,167870.79,36114.0,7478.0,304239.12,48283.42,16.0,27,32621.0,71003.5,27671.0,5,81,100000.0,69098.09,32838.0,1,18,38740.0,Y,6291.66,current,M,53,MEDIUM,19.8,6,805.0,1,18.0
14610,15208,8584.0,15827.42,5476.03,13330.65,1866.0,8421.835,6069.0,92.0,43,67,18,2,42,345000,1,1,1.0,1,546565.5,375000.0,768.0,7478.0,81999.18,115525.0,42.0,3,20579.0,22564.67,38062.0,3,50,28595.0,60454.05,60285.5,3,57,19771.0,Y,6488.96,current,M,37,MEDIUM,6.800000000000001,4,700.0,0,4.0
14611,13,15442.0,5502.0,703.0,3040.62,6365.76,4679.0,4999.0,7.0,99,87,1,27,8,670000,1,1,1.0,1,3006385.0,141473.07,155205.0,4795.0,47424.97,24385.0,5.0,1,26283.0,2120.0,125800.0,1,29,46369.0,156779.72,238.0,1,12,54365.0,Y,561.59,saving,M,55,MEDIUM,14.0,10,566.0,0,16.0
14612,14295,3600.0,16060.0,4131.5,4635.2,2959.0,9132.415,6219.79,1.0,17,59,1,4,79,75000,1,1,1.0,1,293418.75,82907.34,24619.0,20513.0,50738.09,18420.0,11.0,6,94264.0,76319.54,41582.24,6,42,25066.0,33064.0,21761.0,5,57,31792.0,Y,2789.89,current,M,53,MEDIUM,3.3000000000000003,6,508.0,1,5.0
14613,5703,5620.0,60112.06,4493.71,8249.0,1921.0,4459.52,4133.22,2.0,128,2,3,25,42,319000,1,1,1.0,1,64410.0,1423567.1,49900.0,2000.0,125021.99,37013.7,52.0,26,30514.73,36849.75,38287.0,4,7,165407.0,82722.47,91955.5,8,96,35877.0,Y,1328.57,current,M,30,LOW,2.0,4,325.0,0,4.0
14614,6505,16261.0,8523.18,5117.0,6563.76,5245.0,26203.41,6084.8,5.0,128,82,8,1,5,350000,1,1,1.0,1,158135.2,77000.0,768.0,-5715.49022999999,91366.2,252722.0,42.0,4,35549.0,31790.8,100207.0,4,21,27308.0,72179.83,50515.69,42,104,63448.0,Y,1500.22,current,M,30,HIGH,8.0,6,882.0,1,15.0
14615,6738,19534.0,4164.0,11174.23,60802.37,1426.0,7498.095,4746.0,44.0,2,16,57,9,64,512000,1,1,1.0,1,47299.5,100934.0,90525.0,12299.0,46228.04,62146.41,11.0,14,156049.0,151490.53,34116.0,6,20,17680.0,32593.28,45775.0,3,24,116947.0,Y,2339.71,current,M,53,MEDIUM,23.1,3,908.0,1,20.0
14616,13359,105615.0,7295.53,12643.0,10064.11,44615.69,4159.36,4519.0,6.0,18,7,21,2,30,393000,1,1,1.0,1,510.6,440000.0,1374.0,9415.0,15741.54,25295.0,46.0,35,26345.29,133325.47,55586.0,5,20,14100.0,38991.28,56704.43,5,63,15630.0,Y,22925.13,current,M,28,HIGH,6.4,6,448.0,0,3.0
14617,16587,7915.0,5864.67,1796.76,6526.5,3940.0,3784.69,2638.0,44.0,26,9,50,3,42,26000,1,1,1.0,1,213557.15,255000.0,1515.0,3481.0,45604.6,20373.0,52.0,5,17880.0,36223.02,19653.0,5,82,13543.0,29759.61,107391.0,2,17,60587.0,Y,6950.91,current,M,31,MEDIUM,8.8,6,805.0,1,13.0
14618,11172,311880.0,5184.0,3648.0,5601.2,5430.58,5186.2,2001.0,4.0,2,47,48,4,80,443000,1,1,1.0,1,871.5,482147.0,3570.0,1429.0,65248.02,14841.0,29.0,6,27935.0,42824.31,147363.0,1,20,12712.0,115748.5,69957.0,5,113,21501.0,Y,11470.66,current,F,223,MEDIUM,203.0,6,485.0,0,17.0
14619,17033,5390.0,21650.34,12408.0,11399.2,1754.0,6830.54,426.81,4.0,71,13,2,5,70,326250,1,1,1.0,1,270.0,157624.24,3792.0,1411.0,83317.96,27000.0,16.0,3,15265.0,49760.5,19104.0,4,70,17641.0,35572.61,43011.0,3,10,24626.0,Y,855.62,current,F,37,LOW,6.800000000000001,5,249.0,1,11.0
14620,891,3615.0,3667.7,10091.23,18350.0,9261.3,8836.0,62973.2,2.0,10,13,42,4,41,670000,1,1,1.0,1,161704.0,159308.0,610000.0,6916.0,172700.03,34998.0,36.0,6,71716.0,64351.5,1607.0,6,8,347328.0,47690.19,35204.0,12,18,71283.0,Y,9887.32,current,M,42,MEDIUM,4.4,1,385.0,1,17.0
14621,9537,219874.0,50853.52,362.0,32767.22,360.0,71597.36,4966.0,10.0,46,16,4,1,47,188000,1,1,1.0,1,125811.0,274285.17,12000.0,6916.0,36978.54,44166.0,32.0,3,52120.0,235324.01,170298.0,2,105,22582.0,123595.53,51733.0,4,6,23795.0,Y,91.76,saving,M,53,LOW,13.200000000000001,6,700.0,1,5.0
14622,18229,2883.0,10317.32,7285.0,28429.41,3952.94,13254.0,1884.0,1.0,1,13,3,55,1,408000,1,1,1.0,1,472.0,245000.0,6738.0,-4664.0,62130.13,16135.0,86.0,13,29909.54,19788.9,13341.0,4,5,11370.0,24678.0,49983.0,3,24,24343.0,Y,727.33,current,F,66,LOW,46.0,6,516.0,1,18.0
14623,12291,13140.0,68098.79,3550.0,37810.95,1892.0,5106.8,3906.69,3.0,10,78,5,3,20,326000,1,1,1.0,1,449275.0,176487.6,1526.0,-5715.49022999999,81035.43,419055.81,42.0,14,23528.0,13487.1,8113.0,6,78,29622.0,71426.92,68851.2,16,12,14980.0,Y,11933.35,current,F,62,HIGH,37.800000000000004,6,516.0,1,15.0
14624,17569,8359.0,1151.0,10931.0,2388.83,2357.05,15892.0,10250.0,101.0,36,50,8,2,30,19000,1,1,1.0,1,250631.8,79828.0,25002.0,1931.0,64339.57,72858.0,4.0,35,53434.0,2993.25,42758.0,2,4,34820.0,215801.0,11096.0,4,58,14036.0,Y,1353.73,current,F,63,MEDIUM,4.3,1,958.0,1,18.0
14625,371,805.0,25019.0,1087.0,4412.5,27860.0,15951.57,5762.0,15.0,66,64,1,2,29,329000,1,1,1.0,1,825.0,37000.0,29542.0,12174.0,16070.84,545392.91,63.0,1,14956.0,133400.68,199126.0,4,81,53083.0,233986.35,155936.0,94,79,24058.0,Y,1775.25,current,M,27,HIGH,4.2,10,485.0,1,19.0
14626,10886,15825.0,6717.0,23109.0,47570.0,11276.0,1740.0,14226.23,24.0,128,14,2,37,2,53000,1,1,1.0,1,4941.45,429273.4,130000.0,5730.0,14231.0,89269.0,15.0,2,22599.0,15984.25,42951.0,1,31,41618.0,127194.27,78477.0,3,18,22144.0,Y,6775.12,current,M,55,MEDIUM,31.5,2,766.0,1,6.0
14627,4623,17640.0,6833.0,17900.0,41951.0,6626.31,9469.0,2475.04,7.0,2,5,10,1,9,157000,1,1,1.0,1,63247.65,50034.93,11545.0,2337.0,211744.33,10174.0,42.0,4,18414.0,36370.0,377772.36,1,63,25371.0,52157.63,41280.0,7,68,22850.0,Y,4894.29,current,M,60,MEDIUM,4.0,10,244.0,1,17.0
14628,11259,165896.0,2453.13,2955.0,8832.8,1452.0,1274.0,6504.0,2.0,1,19,8,14,3,59000,1,1,1.0,1,67833.35,95081.0,126001.0,-5998.43994,19573.32,54058.0,59.0,2,99598.0,68413.0,29395.0,3,17,31028.0,41329.26,52.0,93,8,17634.0,Y,2055.04,current,M,42,MEDIUM,15.4,1,249.0,1,5.0
14629,68,11761.0,10757.3,1185.5,10296.09,9436.5,6331.0,940.0,44.0,99,17,10,3,3,119000,1,1,1.0,1,291969.2,134000.0,49000.0,-5942.0,99571.73,73914.0,35.0,33,76374.0,27269.14,44603.0,4,87,510242.0,30284.06,111708.0,6,11,38901.0,Y,2661.69,current,F,66,LOW,18.400000000000002,8,945.0,1,8.0
14630,4140,7416.0,2826.42,6161.96,2206.01,3786.0,10798.0,8691.87,2.0,2,87,3,2,16,255000,1,1,1.0,1,1112.4,330001.0,579.0,-5998.43994,48904.18,115068.0,5.0,11,14818.0,48519.15,38527.0,11,11,16225.0,159904.34,29733.29,42,50,49359.0,Y,2121.76,current,M,40,LOW,12.0,9,799.0,1,18.0
14631,16141,5031.0,5396.37,13353.4,4107.32,1005.0,3833.0,2356.0,6.0,27,135,21,18,4,525000,1,1,1.0,1,9220.2,7051.99,16114.0,553.0,41105.25,3222.0,62.0,35,54560.0,91906.52,14700.0,2,12,11500.0,76202.32,34950.09,94,63,280000.0,Y,3465.52,current,M,56,LOW,10.8,6,866.0,1,6.0
14632,18939,214540.0,9080.45,2197.0,33648.25,2819.0,2324.0,3357.0,136.0,66,27,1,4,47,44000,1,1,1.0,1,137260.8,64491.0,67696.0,2351.0,13904.0,26633.0,40.0,2,13600.0,79172.75,38439.0,42,46,41634.0,48409.45,162805.0,7,103,74209.55,Y,42293.23,current,M,34,MEDIUM,2.8000000000000003,9,535.0,1,16.0
14633,15097,5106.0,2012.5,5489.44,43428.59,13860.0,1041.2,389.0,44.0,18,67,1,15,5,556000,1,1,1.0,1,3618670.8,152664.0,155205.0,8572.0,25348.5,42606.0,77.0,4,45556.0,26975.29,46042.0,7,69,32873.0,14687.25,84446.0,1,63,14022.0,Y,242.72,saving,M,33,MEDIUM,2.6,9,799.0,1,11.0
14634,19372,18557.0,15609.0,3421.0,29058.41,248.9,1731.14,3203.34,59.0,66,1,39,36,26,287000,1,1,1.0,1,3638.25,22400.0,230000.0,2337.0,24686.21,100922.0,16.0,14,441907.77,12914.04,19023.0,70,20,26138.0,49326.79,11324.75,94,8,14928.0,Y,7023.02,current,M,53,LOW,26.400000000000002,8,269.0,1,12.0
14635,10295,180119.0,31691.0,3884.65,1539.0,14556.0,20688.5,9270.0,5.0,23,30,44,2,30,378000,1,1,1.0,1,88.0,159415.3,15654.0,5340.0,72411.25,35500.0,11.0,36,37985.0,3165.0,34696.0,9,5,108709.0,50735.76,141304.0,8,1,15467.0,Y,3539.12,current,M,66,MEDIUM,46.0,6,488.0,0,4.0
14636,16372,12023.0,14824.31,18340.0,16140.02,4983.0,2629.735,1282.0,8.0,10,61,1,2,36,232000,1,1,1.0,1,89104.12,26000.0,126001.0,9827.0,65204.23,94816.0,5.0,2,67140.0,38375.0,87156.0,1,36,25115.0,18608.63,35142.0,8,12,974.0,Y,22903.99,current,M,36,MEDIUM,1.6,3,258.0,1,15.0
14637,8575,397554.0,12385.43,13361.0,8804.0,1530.0,7337.0,6480.0,3.0,2,44,30,1,42,56000,1,1,1.0,1,185669.2,194099.3,579.0,-6885.0,39198.34,40691.0,18.0,35,35506.0,71457.79,16600.0,2,20,1051650.0,26589.0,25405.0,2,18,251377.0,Y,15643.03,saving,M,27,MEDIUM,3.5,6,866.0,1,6.0
14638,5047,10329.0,20447.0,8985.2,3390.0,9447.93,1856.55,17347.0,8.0,10,38,1,1,5,255000,1,1,1.0,1,46962.5,197800.0,25000.0,1500.0,28187.25,26784.0,18.0,6,26819.85,31601.42,33869.0,3,108,25057.0,11664.64,50682.29,2,103,21793.0,Y,4388.67,current,M,40,MEDIUM,6.0,5,710.0,0,9.0
14639,18291,7664.0,1066.74,814.0,26048.0,431.0,3971.0,11923.0,10.0,14,46,10,7,1,324000,1,1,1.0,1,34443.0,274285.17,4367.0,20324.0,40869.86,20476.85,7.0,26,43840.0,56241.31,24216.0,4,8,39628.0,210843.5,110438.0,14,113,16694.0,Y,2025.21,current,M,30,MEDIUM,6.0,10,523.0,0,17.0
14640,9422,6141.0,23010.28,5693.0,29545.54,8244.8,31843.0,14038.0,80.0,77,14,53,2,1,263000,1,1,1.0,1,41070.0,79828.0,1209.0,2921.0,19892.03,39803.0,52.0,1,205235.0,10892.75,38463.0,2,69,9909.0,24166.0,129295.0,22,79,15473.0,Y,23307.48,current,F,37,MEDIUM,3.4000000000000004,6,748.0,0,5.0
14641,189,4892.0,26318.19,139.86,1713.0,573.58,36671.0,4490.0,12.0,3,3,25,4,6,350000,1,1,1.0,1,115818.74,375000.0,694.0,1465.0,13322.5,17107.5,42.0,13,334921.0,13227.0,61721.0,2,8,25134.0,45069.93,42934.0,3,9,57748.0,Y,40.86,current,M,32,LOW,1.2000000000000002,2,445.0,1,19.0
14642,2790,407114.0,19299.0,2099.0,285.6,4362.47,26744.02,6482.0,8.0,1,3,47,4,42,199999,1,1,1.0,1,2984.1,163.14,3975.0,-6885.0,56244.49,9334.0,69.0,17,32382.0,38440.35,26490.0,11,13,27167.0,27297.75,283092.52,58,57,24321.0,Y,1432.88,current,F,33,MEDIUM,2.6,4,595.0,1,2.0
14643,2720,19854.0,2011.0,6123.0,1863.53,253293.0,11803.035,331.82,4.0,77,14,10,51,47,240000,1,1,1.0,1,33784.35,142608.5,583.0,-5998.43994,30105.25,29893.0,42.0,36,173275.0,4492.0,128857.0,4,108,16492.0,46554.26,29381.0,6,104,423.0,Y,78800.7,current,M,30,LOW,9.0,2,554.0,1,15.0
14644,5252,8850.0,61416.13,603.0,2637.0,1638.0,4500.0,20185.0,8.0,2,27,35,51,1,518000,1,1,1.0,1,716556.5,267421.4,4895.0,3735.0,148615.97,78814.0,46.0,7,104000.0,28958.94,151701.74,43,23,69145.93,7895.97,75500.5,2,6,59859.0,Y,1514.41,current,M,66,MEDIUM,46.0,7,859.0,1,11.0
14645,12914,9567.0,9724.9,696.0,13770.08,3140.0,6559.25,959.27,56.0,5,2,52,1,68,382000,1,1,1.0,1,3380.0,254348.9,49975.0,-6301.0,95758.96,7550.0,46.0,2,9515.0,135392.25,28911.58,2,171,107738.0,27553.75,20219.0,58,80,19338.0,Y,2376.0,current,M,29,LOW,1.8,9,249.0,1,11.0
14646,6756,18512.0,1403.68,3612.68,21753.73,2080.0,23423.0,327.59,4.0,16,51,24,27,1,520000,1,1,1.0,1,40440.4,106398.0,33774.0,3897.0,65187.81,9269.0,52.0,2,38913.0,28959.54,17047.47,3,11,88380.0,73886.88,64201.0,21,15,39800.0,Y,2245.2,current,M,50,LOW,24.0,4,537.0,1,5.0
14647,7907,15235.0,4010.5,4002.87,11546.61,23170.0,6841.0,13067.65,531.0,29,4,48,5,34,164000,1,1,1.0,1,89294.6,446457.0,25639.0,1500.0,68911.86,40619.0,46.0,5,57055.0,41183.49,17448.0,47,38,114424.0,40049.46,11270.0,5,83,59820.0,Y,174.94,current,M,47,LOW,8.1,7,799.0,1,19.0
14648,15397,345306.0,21952.9,9008.23,3304.0,7231.0,6919.0,1621.0,5.0,10,7,8,3,1,212500,1,1,1.0,1,18861.8,180151.0,73501.0,6916.0,93942.56,40763.0,8.0,3,48463.0,23630.0,84708.0,4,104,33356.0,20916.54,37096.0,94,8,55454.0,Y,269.78,current,M,60,LOW,24.0,8,538.0,1,19.0
14649,8264,11745.0,1923.52,2277.79,1209.0,5617.0,9573.44,4100.2,26.0,43,50,48,1,3,352000,1,1,1.0,1,19957.5,202560.0,1097.0,6260.0,8533.46,48317.0,3.0,3,36072.0,67996.25,86829.2,0,82,1280000.0,16447.29,25367.58,4,104,29246.0,Y,1100.8,current,M,33,MEDIUM,3.9000000000000004,10,710.0,0,16.0
14650,3722,210692.0,6064.0,15086.0,2587.0,2220.0,12711.62,2727.0,16.0,23,87,20,14,30,565000,1,1,1.0,1,65640.0,136000.0,583.0,3897.0,42778.5,34606.0,43.0,4,17507.0,4447.0,53131.0,1,4,34492.0,69013.46,100308.0,36,18,21059.0,Y,3471.68,current,M,67,MEDIUM,37.6,3,394.0,1,12.0
14651,3793,322497.0,4345.72,1180.0,24164.1,4230.0,6304.805,2829.0,8.0,39,86,4,3,11,784000,1,1,1.0,1,71020.5,232524.0,12000.0,1992.0,63327.0,2562.0,11.0,31,43797.0,22641.63,59663.0,23,13,9750.0,50525.27,58932.0,14,73,45418.0,Y,2157.53,saving,M,55,HIGH,17.5,7,883.0,1,3.0
14652,6699,20127.0,31683.87,5477.0,67382.29,7583.01,10943.98,5680.39,63.0,5,11,24,6,55,581000,1,1,1.0,1,5215.0,760470.3,583.0,5730.0,35451.41,51921.0,42.0,2,19543.0,35830.77,19752.0,9,104,124950.0,20309.64,90185.0,12,8,17440.0,Y,15617.44,current,M,60,LOW,8.0,7,633.0,1,16.0
14653,5489,220926.0,18680.0,739.58,147649.72,26074.84,3272.8,3834.0,14.0,5,47,48,3,34,337000,1,1,1.0,1,331.2,66.0,1209.0,6916.0,172571.89,211905.01,0.0,4,32527.0,131185.37,16840.0,1,12,24061.0,11794.0,218273.0,12,7,105702.0,Y,27091.76,current,M,63,MEDIUM,43.0,10,866.0,1,18.0
14654,7809,4054.0,4408.67,104.0,7284.98,639.0,3811.0,1271.0,4.0,99,13,1,60,1,199999,1,1,1.0,1,12510.0,100000.0,33774.0,-6301.0,13509.0,34184.5,42.0,2,37848.73,10442.0,60300.0,1,18,49365.0,26763.21,25397.0,94,35,66369.0,Y,3500.31,current,M,44,MEDIUM,7.2,6,799.0,1,9.0
14655,10394,96717.0,13512.0,14561.0,1257.0,3279.0,9210.405,5256.0,6.0,10,89,3,3,79,49999,1,1,1.0,1,291969.2,382191.0,2214.0,5340.0,21050.75,125295.0,70.0,0,34262.0,41213.0,66409.99,70,171,41231.0,102846.28,10272.0,36,68,15387.0,Y,998.22,current,M,120,LOW,100.0,4,683.0,1,7.0
14656,2497,2947.0,33572.01,6345.0,8946.36,1458.0,28407.995,376.0,7.0,26,50,24,2,34,191000,1,1,1.0,1,4941.45,22400.0,15477.0,5340.0,42229.1,3449.0,11.0,36,27080.0,15908.75,117335.0,9,27,31803.0,35961.0,54329.0,6,0,58236.0,Y,91.76,current,M,34,MEDIUM,2.8000000000000003,3,485.0,1,2.0
14657,9180,1898.0,26733.5,3726.0,18951.3,9723.0,934.29,3440.53,44.0,18,9,10,1,4,25000,1,1,1.0,1,41883.6,170989.0,50000.0,12415.0,20167.22,52791.0,42.0,13,31914.0,12236.0,102238.0,2,4,14363.0,66065.13,28624.0,21,14,97839.0,Y,2406.72,current,M,60,MEDIUM,28.0,8,753.0,1,9.0
14658,7852,627.0,20779.33,25858.41,2852.425,20838.01,8140.0,8718.0,16.0,18,10,3,6,91,218000,1,1,1.0,1,3950.0,784499.0,48500.0,844.0,48644.9,97149.03,10.0,1,22894.0,10099.63,172104.0,23,20,583384.0,118374.4,59065.29,21,113,20433.0,Y,1760.78,current,F,219,MEDIUM,199.0,2,372.0,0,18.0
14659,19589,20226.0,8594.225,2270.01,20986.97,3880.89,4267.35,4544.0,10.0,1,82,47,3,47,373000,1,1,1.0,1,105453.65,5241.0,49975.0,1500.0,84143.07,28676.0,43.0,1,124728.0,47813.59,27332.81,45,6,2900.0,179279.5,14757.0,47,32,73787.0,Y,3488.51,current,M,30,MEDIUM,6.0,1,243.0,1,8.0
14660,5653,12276.0,15683.89,14977.74,9618.71,894.8,745.0,4751.83,124.0,9,72,42,44,17,519000,1,1,1.0,1,213557.15,295150.9,73217.0,6916.0,12048.36,486.0,42.0,17,81294.4,8364.64,53226.0,2,1,67994.0,55584.54,10400.83,3,83,31069.0,Y,2967.11,current,M,32,MEDIUM,9.600000000000001,10,656.0,1,16.0
14661,3466,8038.0,13399.5,4802.15,1113.0,21768.0,1587.73,171.0,26.0,27,74,2,55,47,28000,1,1,1.0,1,105453.65,82907.34,610000.0,5439.0,28796.0,169063.0,8.0,3,85769.0,18171.7,113253.0,8,63,25538.0,155164.46,589586.0,3,7,323.0,Y,9752.51,current,M,67,HIGH,4.7,4,805.0,1,20.0
14662,13799,19725.0,19291.5,6866.0,3870.89,5855.44,2654.64,11737.0,80.0,3,4,22,2,55,429000,1,1,1.0,1,825.0,633323.83,610000.0,6916.0,64484.09,129960.21,12.0,36,38094.0,70434.54,166912.0,30,8,23448.0,17065.82,20836.34,3,12,17488.0,Y,19833.89,current,M,35,MEDIUM,7.5,1,805.0,1,7.0
14663,12539,28677.0,5387.0,18225.0,1429.59,680.0,1884.0,16846.0,10.0,9,105,42,17,47,186000,1,1,1.0,1,13180.0,5241.0,2841.0,-4664.0,603266.23,9044.0,89.0,3,111963.0,18126.0,3446400.92,3,20,24571.0,170938.77,276893.68,62,38,74780.0,Y,25260.75,current,M,29,MEDIUM,7.2,2,748.0,1,9.0
14664,4846,82365.0,10662.96,1360.0,3916.62,12848.0,5288.75,3081.0,26.0,10,13,8,1,11,528000,1,1,1.0,1,2.13,15395.48,8333.0,5730.0,24174.65,164771.0,11.0,2,18360.0,43840.6,49679.5,4,6,21447.0,25672.7,77015.0,4,11,77750.0,Y,7766.24,current,F,40,MEDIUM,14.0,10,683.0,0,4.0
14665,7153,16580.0,22948.85,95.0,2949.17,2047.0,6463.0,9179.0,531.0,4,86,5,16,98,408000,1,1,1.0,1,2984.1,262556.0,68000.0,2337.0,91447.04,66744.0,46.0,36,26670.0,28759.0,47803.0,2,82,17015.0,10710.88,2597.0,13,72,9784.0,Y,2391.74,current,M,53,MEDIUM,3.3000000000000003,7,299.0,1,8.0
14666,9982,345621.0,10798.98,1462.0,93327.5,20264.0,23581.0,11991.75,5.0,6,72,5,2,39,350000,1,1,1.0,1,158135.2,278360.16,20887.0,3983.0,51648.99,29975.0,18.0,0,31450.0,79172.75,186142.0,70,9,20051.0,229713.92,14733.0,1,58,40379.0,Y,20026.71,current,M,50,MEDIUM,9.0,4,269.0,1,16.0
14667,9163,89845.0,1395.0,40755.2,15589.0,9934.0,34942.585,3331.0,80.0,77,84,52,2,5,450000,1,1,1.0,1,3638.25,25404.0,579.0,1444.0,110909.52,27122.0,35.0,36,16431.0,19110.88,10412.0,45,171,27436.0,36873.0,3209.0,6,106,12866.0,Y,4288.13,current,M,60,LOW,32.0,10,908.0,1,3.0
14668,1194,106050.0,3578.0,729.0,7691.62,2544.52,10335.44,758.0,5.0,7,9,47,27,79,25000,1,1,1.0,1,130319.0,30707.78,500718.0,0.0,3271.69,10712.0,11.0,4,19575.0,21740.0,574.0,2,4,29080.0,74819.89,170123.0,8,21,60227.0,Y,3583.18,current,M,37,MEDIUM,8.5,6,766.0,1,15.0
14669,3338,545.0,22085.7,1227.0,2021.53,22378.16,18601.56,110.5,56.0,8,14,50,1,47,313000,1,1,1.0,1,4435.0,16583.84,12000.0,-3506.17993,28697.0,12061.88,4.0,3,71078.0,27898.0,43859.0,47,8,84836.0,86241.05,277774.49,3,28,34956.0,Y,4329.03,current,F,47,HIGH,8.1,1,249.0,1,12.0
14670,4706,1195.0,7263.48,60095.0,13999.7,9665.0,1957.11,9812.0,10.0,10,64,1,2,67,380000,1,1,1.0,1,99984.83,52000.0,78309.0,1014.0,85228.96,35720.0,46.0,5,72879.6,41944.0,17946.05,9,20,67798.0,77125.58,343.79,13,11,34170.0,Y,608.1,saving,M,38,LOW,14.4,2,536.0,1,6.0
14671,15483,11534.0,2579.68,9716.0,2884.0,986.68,17260.405,841.6,4.0,11,44,7,6,74,20000,1,1,1.0,1,546565.5,376694.91,6000.0,-3506.17993,46999.43,90362.0,20.0,2,25911.0,37005.89,35280.36,6,34,7009.0,106966.68,29550.0,10,104,22774.0,Y,1889.14,current,M,60,MEDIUM,16.0,7,626.0,1,9.0
14672,14403,37140.0,3183.93,4017.0,17892.36,13811.36,6178.55,677.0,25.0,2,1,7,3,1,20000,1,1,1.0,1,325024.6,16000.0,29542.0,6916.0,23885.42,31617.0,15.0,0,20482.0,78634.94,39540.5,5,108,78383.0,115137.65,24773.0,7,65,32003.0,Y,203077.2,current,M,42,MEDIUM,6.6000000000000005,8,640.0,1,15.0
14673,15669,219687.0,8389.97,5347.85,599.9,3172.0,262.0,3899.0,6.0,3,79,8,38,6,184000,1,1,1.0,1,12510.0,385218.7,925.0,20790.0,3703.82,147758.0,55.0,3,43484.44,37560.41,24917.0,3,20,31125.0,343.35,238755.16,4,21,12243.0,Y,4768.81,current,M,37,MEDIUM,6.800000000000001,7,536.0,1,5.0
14674,18264,16263.0,53031.41,1642.12,2057.0,1093.25,10835.17,8713.0,6.0,2,27,24,27,42,453000,1,1,1.0,1,3101.3,385218.7,25000.0,7478.0,129327.78,20920.0,35.0,4,39728.0,61954.63,4404.0,3,59,34442.0,25373.16,70462.0,21,106,9513.0,Y,39834.02,saving,M,62,MEDIUM,25.200000000000003,6,863.0,1,18.0
14675,8805,11665.0,27525.0,1913.0,12785.5,1169.2,8594.55,8629.0,124.0,8,1,19,1,56,519000,1,1,1.0,1,16100.0,235.17,25002.0,0.0,39621.01,291.88,3.0,1,15690.0,70665.62,100655.0,2,50,65339.18,113915.03,40883.33,7,61,73500.0,Y,170.54,saving,M,34,MEDIUM,9.8,8,623.0,1,20.0
14676,4761,234226.0,51595.13,5108.0,18765.11,1775.58,8094.0,15689.0,1.0,5,44,44,21,1,293000,1,1,1.0,1,27730.68,86868.0,583.0,0.0,38435.0,293327.0,24.0,0,22817.0,67294.0,55306.0,5,31,47238.0,22278.47,20742.0,22,106,132307.0,Y,2768.28,current,M,42,LOW,17.6,6,299.0,0,14.0
14677,6155,16777.0,7951.98,846.8,2084.84,1866.0,4093.88,27928.67,57.0,20,50,7,3,25,336000,1,1,1.0,1,47.35,462000.0,248000.0,3897.0,26010.5,293315.04,18.0,3,337.0,51989.13,135268.0,2,8,38546.0,120092.0,171353.33,1,1,54443.0,Y,1426.91,current,F,53,MEDIUM,6.6000000000000005,7,700.0,0,6.0
14678,843,17039.0,67138.08,1427.0,24038.97,3021.0,1124.82,1412.0,44.0,85,14,44,2,2,524000,1,1,1.0,1,27316.5,118983.0,8333.0,-5942.0,27497.0,49410.0,35.0,1,27208.0,20694.0,45164.41,70,108,348255.0,18399.56,11199.0,13,12,19889.0,Y,31745.07,current,M,53,MEDIUM,16.5,10,511.0,0,2.0
14679,8244,7828.0,3540.46,6034.0,3292.28,10310.76,5681.0,12803.75,100.0,5,44,7,9,30,337000,1,1,1.0,1,11878.6,117890.0,34550.0,1465.0,63762.72,106978.0,3.0,3,45841.0,49565.02,58684.0,3,108,11705.0,51467.6,49979.0,7,42,82510.0,Y,13775.96,saving,M,62,MEDIUM,21.0,4,743.0,1,4.0
14680,13551,13534.0,3222.6,2791.0,7389.58,13746.01,1273.0,17939.52,10.0,84,46,4,9,6,87000,1,1,1.0,1,293418.75,71944.5,1526.0,4512.0,36328.79,26068.0,72.0,3,31908.0,26395.95,2168.0,6,59,29647.0,89134.52,5160.0,6,79,25075.0,Y,7700.66,current,M,30,MEDIUM,10.0,10,554.0,1,16.0
14681,8125,10112.0,2452.0,1111.08,2111.62,3664.0,12590.0,999.0,1.0,8,4,19,4,11,40000,1,1,1.0,1,115.45,2300000.0,2644.0,4063.0,28953.13,12635.0,147.0,26,10968.0,93443.9,100448.0,2,35,90579.0,28039.62,672.29,11,22,14870.0,Y,2256.15,current,F,34,MEDIUM,7.0,6,623.0,1,5.0
14682,5286,14688.0,1216.05,1042.0,799.76,2891.0,15825.0,508.0,5.0,85,4,7,1,4,296000,1,1,1.0,1,18861.8,150000.0,4367.0,7478.0,34831.9,37646.41,5.0,3,27735.0,11927.0,96096.0,50,24,52915.0,29328.68,91659.0,3,83,26901.0,Y,2670.0,current,M,30,MEDIUM,2.0,4,325.0,1,3.0
14683,5854,16625.0,7325.49,1109.6,9015.0,8094.0,4796.11,7240.0,4.0,1,2,8,1,11,402000,1,1,1.0,1,30895.44,1425000.0,1036.0,-5439.0,126861.88,199617.0,55.0,25,52.21,57890.97,18759.42,1,104,3368.0,10086.75,74278.0,1,103,49491.0,Y,852877.86,current,M,34,MEDIUM,12.600000000000001,10,454.0,0,6.0
14684,4391,15313.0,3986.88,5418.11,5420.45,465.86,60213.255,2500.0,5.0,10,38,48,37,2,483000,1,1,1.0,1,41883.6,65070.0,78309.0,-6335.0,124442.89,69070.0,90.0,3,37235.0,63509.18,69215.0,2,20,14100.0,101671.75,134610.0,49,7,27036.0,Y,262.79,current,F,42,MEDIUM,22.0,3,355.0,0,11.0
14685,7255,5407.0,8778.86,10291.4,2535.92,7502.0,9126.0,366.0,531.0,42,11,2,4,58,39000,1,1,1.0,1,8556.25,116000.0,462.0,-5998.43994,16348.74,350008.0,11.0,2,19041.0,127980.74,120749.1,11,25,37683.0,79419.77,21179.41,6,38,502.0,Y,86.8,current,M,66,LOW,4.6000000000000005,8,346.0,1,6.0
14686,10801,2833.0,19356.46,3151.5,28874.94,1656.0,38266.0,9307.0,8.0,18,87,4,3,79,435000,1,1,1.0,1,76294.6,12257.0,11580.0,1332.0,31869.28,25383.0,5.0,4,60364.0,13006.8,82418.0,9,20,49316.0,2122.0,82157.59,42,32,35788.26,Y,140757.73,current,M,33,LOW,13.0,1,233.0,1,17.0
14687,8616,32979.0,17423.9,9647.57,1343.0,4644.0,485.0,3250.0,1.0,84,82,22,7,81,84000,1,1,1.0,1,168265.55,43397.0,8060.0,0.0,328.95,74496.0,147.0,0,117230.0,25535.75,79498.03,3,13,48565.0,40287.08,132963.0,21,8,27098.0,Y,1360.05,current,M,27,MEDIUM,1.4000000000000001,6,464.0,1,14.0
14688,18325,4797.0,1235.12,31971.03,2908.68,64496.5,1166.435,33525.02,26.0,9,48,1,9,2,421000,1,1,1.0,1,20049.0,1543.85,73217.0,1500.0,51752.67,41872.0,20.0,5,23526.0,31299.0,26823.0,70,2,47625.0,73080.27,145521.0,36,133,69169.0,Y,12802.48,current,F,62,HIGH,21.0,3,386.0,0,18.0
14689,10561,11122.0,7339.34,1628.0,2580.71,7592.0,36410.6,1955.52,44.0,128,59,1,55,56,519000,1,1,1.0,1,347309.75,64491.0,50000.0,5464.0,13798.0,55925.0,63.0,15,25024.25,23546.48,2922.0,4,2,67994.0,16412.0,247200.75,43,10,52800.0,Y,167.9,saving,M,30,LOW,5.0,10,314.0,1,13.0
14690,16083,334545.0,58228.02,666.0,6268.09,785.0,7805.275,2177.0,1.0,26,67,3,6,26,352000,1,1,1.0,1,2974.75,409808.0,105000.0,12415.0,39010.46,142831.05,37.0,19,30096.0,44741.41,1059.0,4,20,25272.0,149576.73,32669.0,13,76,61500.0,Y,2291.21,current,M,62,MEDIUM,4.2,4,921.0,1,10.0
14691,8216,14889.0,29890.33,3229.0,7903.2,45622.0,25537.74,9335.0,3.0,34,64,3,27,64,378000,1,1,1.0,1,510.6,536874.6,55000.0,10455.0,71314.25,39601.28,42.0,1,24296.0,170925.17,53823.67,43,42,36014.0,118374.4,86391.07,4,103,56660.0,Y,4540.43,current,M,69,LOW,39.2,10,454.0,0,16.0
14692,4142,17651.0,167894.07,5303.05,5217.7,60659.0,105628.0,7974.0,12.0,9,50,22,55,30,147000,1,1,1.0,1,568.8,74599.9,13873.0,20324.0,94620.0,37654.0,24.0,4,25012.0,35518.21,4768.0,8,31,55089.0,7794.76,69821.0,13,107,22547.0,Y,7898.79,current,M,40,MEDIUM,2.0,5,818.0,1,12.0
14693,17633,17487.0,17387.0,7237.0,2056.24,3955.23,3574.55,14433.0,2.0,1,35,1,5,36,523000,1,1,1.0,1,684495.7,43397.0,5591.0,1931.0,32340.12,12730.0,38.0,7,84545.0,48945.91,114189.0,1,108,20920.0,35431.49,40372.0,3,120,50310.0,Y,178.75,current,M,37,MEDIUM,3.4000000000000004,9,511.0,0,8.0
14694,6037,18466.0,15821.0,5926.5,1652.0,2701.06,2245.0,8629.0,26.0,2,5,62,71,34,423000,1,1,1.0,1,15279.79,165970.9,10973.0,6885.0,23885.42,31087.0,94.0,4,15720.0,34423.44,234307.49,42,77,26750.0,27431.75,45285.18,5,75,784.0,Y,287.81,saving,M,33,LOW,3.9000000000000004,10,123.0,1,10.0
14695,18964,5373.0,2617.8,2493.1,11218.5,4116.95,23640.8,31854.92,19.0,36,48,62,60,7,461000,1,1,1.0,1,1664.4,15300.0,15477.0,-4664.0,62124.39,48257.0,36.0,6,26367.0,81747.49,39967.0,3,20,27122.0,27928.0,47003.0,4,106,67064.82,Y,8329.77,current,F,40,LOW,2.0,8,950.0,1,3.0
14696,4351,83598.0,13265.67,20945.08,9531.0,2693.05,5179.0,1109.58,100.0,99,64,2,27,4,315000,1,1,1.0,1,165907.57,64491.0,50000.0,8723.0,139.0,70961.0,16.0,4,40145.0,15627.18,22096.0,9,75,31205.0,50695.69,60282.69,94,1,82655.0,Y,1907.87,current,M,47,MEDIUM,18.900000000000002,6,536.0,1,2.0
14697,11747,8925.0,50444.0,6205.88,10589.79,2133.79,2612.04,649.0,19.0,56,135,52,2,3,371000,1,1,1.0,1,526.25,500358.79,1097.0,5439.0,51881.84,124358.5,46.0,5,15083.0,19919.39,247.0,3,25,48681.0,7974.5,57779.0,14,113,20841.0,Y,57651.97,current,M,33,LOW,10.4,7,372.0,1,9.0
14698,16895,4551.0,8833.3,8591.0,73629.66,3625.92,7656.5,7973.0,100.0,3,4,3,71,10,198000,1,1,1.0,1,10008.0,53750.0,73217.0,-12179.0,25832.99,21019.81,4.0,55,35606.0,133530.99,38393.86,43,13,245433.0,91434.39,34787.0,3,103,55742.0,Y,7728.83,saving,M,30,MEDIUM,6.0,5,908.0,0,11.0
14699,709,9364.0,48378.0,42350.9,2618.88,2512.18,2859.0,2463.0,5.0,13,3,2,1,28,371000,1,1,1.0,1,158135.2,175000.0,4000.0,14509.0,62634.27,42917.37,2.0,1,34313.0,23546.48,31470.0,23,14,15640.0,30793.5,22709.0,9,36,16429.0,Y,16839.22,saving,M,34,LOW,9.8,8,969.0,1,11.0
14700,2515,299061.0,3939.5,788.0,5033.09,7989.0,5897.0,7334.29,7.0,3,53,1,11,2,130000,1,1,1.0,1,41361.3,242827.0,130000.0,5464.0,72719.0,84081.02,91.0,11,60350.0,84585.62,90460.0,6,20,13747.56,63465.57,4502.0,43,12,3177897.0,Y,4061.54,current,M,66,MEDIUM,9.200000000000001,4,755.0,1,18.0
14701,9539,32490.0,3775.2,15279.61,10340.08,9551.0,398.52,795.0,7.0,1,2,47,1,17,300000,1,1,1.0,1,2100.0,105000.0,2130.0,6916.0,5753.74,74849.0,2.0,26,84962.0,12752.0,8613.0,1,20,4501.0,275666.9,55390.2,3,18,17102.0,Y,10272.31,current,F,46,LOW,23.400000000000002,2,723.0,1,18.0
14702,16401,2592.0,6958.79,22656.35,8901.45,2369.5,171480.33,5229.0,3.0,3,1,3,1,1,198000,1,1,1.0,1,961924.8,15300.0,5797.0,9827.0,49315.19,104211.0,5.0,3,17140.0,28910.0,43689.87,7,7,51360.0,124084.75,2204.0,14,26,96452.0,Y,511.05,current,M,56,LOW,14.4,7,737.0,0,12.0
14703,2900,126660.0,20794.25,2651.33,587.54,1075.92,5987.06,74146.0,4.0,31,5,2,5,55,54000,1,1,1.0,1,9649.6,117890.0,565.0,1992.0,77820.0,22768.0,42.0,23,37398.0,43686.8,612.0,6,11,30635.0,59563.26,124724.5,9,36,16002.0,Y,2670.77,current,M,66,LOW,36.800000000000004,2,818.0,1,17.0
14704,3292,133749.0,4713.74,20529.0,5208.85,1875.8,1008.12,1299.0,14.0,84,84,2,1,11,155000,1,1,1.0,1,13849.4,15375.23,25000.0,1992.0,116353.89,38930.0,11.0,2,55561.0,72193.23,105614.0,6,29,17508.0,105648.99,29286.5,3,63,20092.0,Y,279.24,current,M,42,LOW,4.4,6,330.0,1,6.0
14705,5509,6028.0,25302.02,6062.0,7136.0,6438.89,14065.14,3384.37,53.0,85,35,48,2,22,100000,1,1,1.0,1,3950.0,201000.0,1446.0,553.0,66020.25,37970.0,87.0,13,22983.0,28069.0,10790.37,43,81,281169.0,24266.25,59014.75,3,43,13000.0,Y,5734.41,current,M,42,MEDIUM,8.8,2,243.0,1,7.0
14706,14583,13606.0,16094.0,8253.0,14154.58,24202.62,2872.3,3252.0,1.0,50,84,5,3,64,232000,1,1,1.0,1,253302.0,100934.0,25000.0,12415.0,75050.81,62146.41,29.0,1,10564.0,86759.73,20194.0,7,4,55504.0,74983.31,27872.79,9,8,9910.0,Y,614.16,current,F,28,LOW,3.2,2,254.0,0,18.0
14707,2758,13366.0,9402.02,4135.0,24513.03,44371.4,21343.39,1704.52,2.0,30,86,2,17,9,564000,1,1,1.0,1,5324.49,27867.3,3792.0,10455.0,205190.06,35235.0,63.0,4,42523.0,92157.19,69542.98,9,38,16225.0,11174.32,31213.0,4,73,21488.0,Y,19971.71,saving,M,47,MEDIUM,16.2,5,351.0,1,18.0
14708,7411,126882.0,5783.97,35971.0,3233.73,812.0,735.94,1955.52,5.0,18,72,10,24,4,276000,1,1,1.0,1,13279.75,66.0,908.0,-6301.0,71925.0,2411.23,0.0,0,15863.0,41784.02,12874.0,7,6,53000.0,29069.94,211475.0,3,9,21144.0,Y,677.68,current,M,60,LOW,12.0,4,372.0,0,17.0
14709,11170,19222.0,11637.21,196.0,1154.7,3951.0,859.0,7597.0,9.0,1,29,22,55,79,381000,1,1,1.0,1,8758.2,470000.0,5905.0,1992.0,84408.65,108028.0,89.0,2,28300.0,45298.68,20778.0,11,82,24022.0,78939.4,646.0,5,6,41933.0,Y,1602.16,current,M,47,MEDIUM,27.0,3,314.0,1,7.0
14710,9094,4446.0,35505.47,4222.99,74533.07,3828.35,3085.55,6508.58,18.0,99,59,5,5,47,100000,1,1,1.0,1,30382.2,152664.0,4367.0,17397.0,20991.97,78593.0,95.0,2,14300.0,80251.67,258927.38,2,9,137000.0,83379.03,104789.0,3,27,17866.0,Y,2689.1,current,M,37,MEDIUM,11.9,2,700.0,1,2.0
14711,18478,15573.0,17806.65,5928.0,4738.46,190.0,2278.0,807.0,531.0,22,7,4,23,8,232000,1,1,1.0,1,942327.7,100000.0,15477.0,20324.0,39424.4,59730.5,11.0,3,44350.0,19430.47,2785.0,1,8,22280.0,58335.59,49053.5,47,3,31824.0,Y,1634.17,current,M,47,MEDIUM,21.6,2,249.0,1,6.0
14712,19415,12292.0,60725.03,5757.0,9409.54,116.0,4459.52,4019.97,7.0,32,4,24,11,1,172000,1,1,1.0,1,456.1,134000.0,1143.0,-4664.0,25144.72,5169.0,4.0,4,10564.0,132326.0,132898.0,0,5,14501.0,172073.12,43063.0,3,1,39220.0,Y,26.13,current,M,222,HIGH,161.60000000000002,3,809.0,1,20.0
14713,11800,288384.0,9832.0,3659.93,22183.0,2618.0,17831.725,15426.0,531.0,66,13,25,1,4,429000,1,1,1.0,1,3938.25,6.0,50000.0,9415.0,28195.24,30298.0,1.0,4,18940.0,31084.13,33092.44,9,20,26605.0,48284.0,192638.35,6,124,55970.0,Y,3359.77,current,M,66,MEDIUM,4.6000000000000005,9,855.0,1,5.0
14714,5697,9345.0,46591.5,193.0,14220.0,4942.05,800.0,6065.0,1.0,99,35,1,6,68,17000,1,1,1.0,1,8209320.0,14000.0,130000.0,14509.0,62058.5,111913.0,11.0,17,22161.0,28498.1,41710.0,2,20,16000.0,30008.98,41832.25,4,6,19330.0,Y,9376.39,current,M,53,MEDIUM,29.700000000000003,8,743.0,1,4.0
14715,17522,16716.0,1813.04,5286.0,6952.0,3955.23,6414.0,3757.0,12.0,56,47,3,3,8,198000,1,1,1.0,1,8745.3,185097.6,25524.0,35346.0,26262.75,32524.0,0.0,36,39025.0,40740.57,25261.0,11,63,32159.0,9040.0,3525.0,12,103,173268.0,Y,3320.04,saving,M,66,MEDIUM,27.6,4,911.0,1,12.0
14716,12290,10845.0,9579.91,14674.0,12395.35,1498.0,4983.17,34422.0,24.0,22,11,19,1,3,304000,1,1,1.0,1,1238.65,446457.0,1018.0,8362.0,59591.1,26764.0,52.0,1,18661.0,12868.3,25463.0,2,34,23692.0,58847.88,67349.25,62,61,39930.0,Y,3750.0,current,M,223,MEDIUM,101.5,7,836.0,1,8.0
14717,5146,871.0,5774.85,426.0,7971.0,817.0,5036.5,8691.87,15.0,2,64,2,2,13,127500,1,1,1.0,1,48675.31,35000.0,28912.0,-6281.37987999999,41330.04,71210.4,42.0,26,37514.0,31266.0,24141.0,3,50,17633.0,316158.76,30527.29,12,106,95883.0,Y,2045.8,current,M,58,MEDIUM,11.4,4,299.0,0,20.0
14718,4866,4434.0,3219.12,1469.18,6017.31,8379.0,7751.41,11355.0,8.0,7,7,18,5,98,232000,1,1,1.0,1,2014.8,470000.0,12000.0,-5942.0,119489.23,43714.0,40.0,3,21541.0,35812.64,116290.0,5,20,32971.0,106639.2,87182.0,10,1,30781.27,Y,1012.19,current,M,66,HIGH,13.8,7,485.0,1,9.0
14719,18609,10026.0,15784.01,11327.9,2292.53,13469.0,11275.885,3076.5,531.0,9,74,1,60,1,505000,1,1,1.0,1,30895.44,97000.0,3000.0,4314.0,66113.98,99779.0,46.0,7,23881.0,140744.82,100816.0,7,87,26163.5,4239.41,640.0,22,54,29600.0,Y,10870.72,current,M,61,LOW,32.800000000000004,10,296.0,1,9.0
14720,11048,317523.0,21819.59,3726.0,1924.65,6091.0,8741.5,16335.0,5.0,56,64,1,12,68,525000,1,1,1.0,1,41361.3,50034.93,15654.0,0.0,24409.0,28182.93,11.0,30,34664.0,52417.98,78105.0,1,27,63750.0,11664.64,40271.0,49,104,10646.0,Y,9075.47,current,M,42,MEDIUM,13.200000000000001,5,355.0,0,14.0
14721,1371,19384.0,80487.75,11404.01,11628.12,1509.0,38266.0,1296.0,7.0,10,61,4,5,47,371000,1,1,1.0,1,551439.2,67555.67,3975.0,12415.0,5751.5,20233.0,90.0,3,25563.0,17150.94,50122.0,0,13,19107.0,22406.84,114550.0,3,65,580.0,Y,19439.66,current,M,33,MEDIUM,3.9000000000000004,3,966.0,1,3.0
14722,8662,7148.0,7117.69,11709.44,1222.0,8297.25,7394.0,2440.46,60.0,11,30,1,31,55,383000,1,1,1.0,1,71020.5,375000.0,25524.0,3735.0,21285.15,14201.0,67.0,33,82053.0,7094.28,30540.5,3,69,24338.0,25404.12,47292.75,2,27,19850.0,Y,5312.97,current,M,40,LOW,8.0,6,748.0,1,14.0
14723,1238,103060.0,17298.17,2135.0,18583.15,7839.0,23162.055,1574.0,6.0,1,44,62,2,3,53000,1,1,1.0,1,2014.8,100934.0,550.0,6613.0,103519.53,82693.0,11.0,19,56893.02,21965.56,27789.0,3,20,12944.0,82362.72,165158.45,21,73,5400.0,Y,866.93,current,F,53,MEDIUM,29.700000000000003,10,958.0,1,9.0
14724,6710,228740.0,31095.22,4275.53,27398.18,11847.0,13783.0,1602.0,6.0,81,4,24,1,1,53000,1,1,1.0,1,3486840.0,176487.6,2644.0,3735.0,28391.93,26019.0,5.0,43,439764.0,9427.48,157365.0,5,23,45238.34,49714.87,71267.5,6,37,46082.0,Y,104.39,current,M,37,MEDIUM,13.600000000000001,3,233.0,1,15.0
14725,6469,5487.0,2640.0,3897.72,6766.95,777.57,3782.39,17358.0,9.0,13,29,5,3,11,67000,1,1,1.0,1,33784.35,31000.0,20000.0,-6885.0,38286.3,22997.0,35.0,9,33080.0,118948.43,475218.0,43,20,31125.0,4982.73,190682.0,8,50,29529.0,Y,946.17,saving,M,37,MEDIUM,10.200000000000001,7,511.0,1,13.0
14726,12072,4746.0,5675.08,2525.94,23971.63,19192.6,20588.04,1771.0,4.0,23,16,25,3,31,315000,1,1,1.0,1,1417886.15,195506.79,16004.0,0.0,137726.97,55290.0,79.0,1,36468.0,68338.5,533828.5,1,2,19815.0,39524.58,77567.81,40,80,9666.0,Y,27068.39,current,M,53,LOW,29.700000000000003,6,700.0,1,20.0
14727,12392,11693.0,3181.0,9699.0,1120.3,15435.23,4274.375,21126.0,7.0,13,112,26,38,79,421000,1,1,1.0,1,3575.5,992890.32,1052.0,-3506.17993,65922.43,41652.53,43.0,31,23895.0,58007.17,8032.0,6,14,40121.0,16892.28,72378.75,3,21,27010.0,Y,91.76,current,M,32,MEDIUM,9.600000000000001,5,801.0,1,18.0
14728,11443,17766.0,3049.0,5378.0,12607.95,7419.85,19487.0,9917.15,56.0,1,50,24,36,28,367000,1,1,1.0,1,61186.36,410000.0,130000.0,-4664.0,39269.0,8635.0,16.0,11,45671.0,2177.0,80753.53,2,4,6936.0,38256.88,43276.0,3,106,93753.86,Y,1790.48,current,M,63,MEDIUM,43.0,5,593.0,1,15.0
14729,5165,2127.0,596.0,19739.44,38263.66,4859.19,3935.42,3326.0,6.0,3,46,5,11,13,576000,1,1,1.0,1,5045.13,201000.0,51520.0,903.0,58094.16,16130.0,4.0,2,50147.0,52433.14,29321.0,0,2,15769.0,19914.33,20994.0,6,11,32157.0,Y,1861.36,current,M,63,HIGH,38.7,6,324.0,1,13.0
14730,1727,20289.0,48113.72,2773.0,883.59,8682.0,18402.0,1581.0,16.0,77,52,57,18,5,453000,1,1,1.0,1,192478.0,16500.0,130000.0,418.0,40288.0,37986.0,10.0,7,64923.0,77887.89,133840.0,1,69,11500.0,811.5,62104.0,3,104,237058.83,Y,2437.71,current,M,60,MEDIUM,32.0,3,249.0,1,10.0
14731,2695,305267.0,16505.5,3478.35,6561.94,2330.8,12635.0,1594.0,4.0,10,50,48,1,5,523000,1,1,1.0,1,1220.0,201000.0,3570.0,5773.0,29356.5,37433.0,20.0,19,745796.0,258278.04,19873.74,9,34,4405.0,115693.0,161.0,21,11,147250.0,Y,3007.12,current,M,63,MEDIUM,12.9,5,799.0,0,14.0
14732,14538,17002.0,2491.0,6315.95,3355.85,15853.8,3067.0,25078.55,29.0,34,59,57,1,17,550000,1,1,1.0,1,123295.4,262556.0,230000.0,12299.0,45486.8,216051.0,5.0,28,12075.0,14059.41,24739.5,2,75,149000.0,56763.53,121940.0,43,124,32683.53,Y,2917.19,current,F,62,MEDIUM,16.8,4,394.0,1,18.0
14733,7900,222120.0,28247.0,7191.05,10145.87,1226.0,3739.56,15959.0,92.0,84,6,41,36,9,152000,1,1,1.0,1,960000.0,257406.7,550.0,6916.0,494165.25,106268.0,46.0,7,32369.0,150253.71,196557.37,42,5,19723.0,99865.5,18448.0,49,1,28074.0,Y,12496.93,current,M,33,MEDIUM,10.4,4,233.0,1,3.0
14734,14073,10722.0,18879.96,1760.2,49748.8,12366.0,5972.92,1746.0,531.0,10,59,1,8,1,524000,1,1,1.0,1,2014.8,200015.58,768.0,24326.0,49642.75,86960.0,4.0,7,35860.0,86215.45,222162.0,1,13,20611.77,360347.95,11105.0,12,12,238489.0,Y,8511.42,current,M,66,MEDIUM,32.2,9,623.0,1,6.0
14735,19277,95.0,41728.36,6397.09,7802.93,26496.07,16057.26,6234.8,53.0,23,16,1,4,17,47000,1,1,1.0,1,98062.5,97000.0,908.0,12415.0,17755.84,95637.5,42.0,1,19052.0,43350.85,718556.0,1,20,205558.0,24719.75,121439.33,5,52,17606.0,Y,1442.54,current,M,53,MEDIUM,13.200000000000001,10,259.0,1,15.0
14736,11197,974.0,6008.57,482.0,10723.3,2810.0,16036.53,7779.0,2.0,5,13,3,62,67,293000,1,1,1.0,1,8531560.0,237365.38,33774.0,1411.0,61954.94,730252.0,62.0,3,14064.0,47335.0,204782.0,2,50,37683.0,30550.16,19026.25,11,75,71513.0,Y,652.84,current,M,60,HIGH,32.0,1,914.0,1,3.0
14737,9166,398935.0,3843.5,289.0,4790.8,1586.16,14831.13,1773.0,7.0,14,102,8,51,4,58000,1,1,1.0,1,71020.5,11897.0,50000.0,12163.0,10590.75,47041.0,36.0,0,34648.0,12022.57,200245.86,0,59,19316.0,56362.52,49631.0,3,27,29557.0,Y,7051.88,current,M,30,MEDIUM,5.0,1,245.0,1,17.0
14738,17151,18236.0,15288.35,7747.91,2138.38,2570.0,3404.09,1527.0,2.0,17,53,2,55,7,400000,1,1,1.0,1,169.4,132324.01,2841.0,-5942.0,26039.52,20476.85,2.0,26,125229.0,3280.0,29009.0,2,50,21747.0,99544.03,24704.0,13,83,41472.0,Y,46579.26,current,M,60,MEDIUM,28.0,2,507.0,1,2.0
14739,5604,9392.0,10981.16,28030.0,13459.14,17332.82,10278.05,2647.0,5.0,38,1,53,36,54,472000,1,1,1.0,1,67833.35,165970.9,100000.0,5464.0,26450.09,11071.0,32.0,7,18689.0,21911.6,47800.68,2,21,27394.6,48494.1,28299.0,3,58,43012.0,Y,1332.19,saving,M,58,LOW,7.6000000000000005,2,516.0,1,14.0
14740,11702,5225.0,76079.95,1625.14,82906.62,1643.0,5349.0,6394.0,10.0,30,102,1,3,58,193730,1,1,1.0,1,9717.55,19000.0,30011.0,4512.0,66020.25,40374.0,4.0,4,45425.0,42248.5,39923.0,1,25,20504.0,42614.55,228767.69,2,113,247681.0,Y,8601.27,current,F,29,MEDIUM,9.0,5,454.0,1,16.0
14741,16296,17060.0,3424.49,10430.45,3007.38,2374.0,793.08,23865.0,4.0,56,47,18,3,11,375000,1,1,1.0,1,8043.25,38928.0,68000.0,2351.0,29103.07,118594.29,35.0,26,91381.0,4510.96,119639.0,43,20,31260.0,58854.05,93359.0,22,65,15267.0,Y,757.45,saving,M,35,MEDIUM,12.0,4,647.0,1,3.0
14742,1961,8855.0,12547.55,4810.0,3676.45,2485.0,20031.0,26624.0,7.0,25,87,44,31,34,199999,1,1,1.0,1,10006.2,145000.0,14904.0,4150.0,154140.75,14891.0,20.0,5,65866.0,357446.87,89838.55,23,7,33038.0,123493.93,12241.0,3,12,21092.0,Y,207.9,saving,M,42,MEDIUM,11.0,7,300.0,0,4.0
14743,1538,7440.0,12764.8,4093.0,8794.66,8195.11,2887.03,658.0,3.0,85,135,18,31,3,83000,1,1,1.0,1,3413.5,560000.0,2156.0,5730.0,12907.75,39410.0,11.0,4,50960.95,9828.7,196221.0,35,70,43406.0,45364.41,44087.0,8,63,24269.0,Y,29671.47,current,M,38,MEDIUM,1.8,2,506.0,1,5.0
14744,14917,18762.0,13057.21,1408.0,14870.0,4622.23,17025.0,6509.0,32.0,10,72,1,1,53,293000,1,1,1.0,1,3786.9,27000.0,24094.0,-5942.0,25887.83,170897.0,11.0,23,24773.0,47484.14,26756.0,3,12,73808.0,32656.53,40883.33,11,9,115601.0,Y,24666.08,current,M,42,MEDIUM,17.6,2,700.0,0,20.0
14745,17257,4669.0,6006.0,38932.03,4794.0,2942.95,7397.07,26624.0,10.0,26,61,57,51,13,17000,1,1,1.0,1,12315.0,78744.56,38599.0,5439.0,28677.0,1383.0,90.0,0,18435.0,53835.56,94486.0,0,12,110250.0,44140.47,21188.0,21,0,19704.0,Y,3280.84,saving,M,27,LOW,2.1,5,700.0,1,9.0
14746,14817,5706.0,1025.5,34325.0,20448.0,8517.04,2624.0,2402.0,3.0,1,72,52,18,34,430000,1,1,1.0,1,322.02,110175.0,891.0,1332.0,222448.79,98137.0,77.0,4,37341.0,36380.64,5701.0,45,63,145185.0,30002.06,99180.0,3,11,79405.0,Y,11939.38,current,M,40,MEDIUM,6.0,8,355.0,0,12.0
14747,7968,18814.0,19159.64,603.0,15729.68,8458.0,11126.995,841.6,1.0,30,4,11,4,1,102000,1,1,1.0,1,134985.0,5241.0,49975.0,1014.0,19397.38,41877.0,11.0,5,19360.0,154225.55,161199.0,17,12,32452.0,4044.0,18021.0,4,8,38901.0,Y,4097.59,current,M,47,LOW,27.0,3,485.0,0,13.0
14748,16378,388693.0,16375.0,20422.82,24356.195,2337.15,10024.5,4912.0,3.0,46,46,57,9,98,218000,1,1,1.0,1,71191.8,202560.0,508.0,5340.0,163212.29,54342.0,11.0,3,63581.73,30465.29,189444.13,9,6,51360.0,152301.87,49350.25,7,63,27028.0,Y,94590.18,current,M,31,LOW,3.3000000000000003,1,505.0,1,14.0
14749,3843,5403.0,1894.5,1648.0,15089.0,1332.85,7940.0,2297.45,6.0,37,5,18,27,91,402000,1,1,1.0,1,42460.6091,500358.79,10271.0,1931.0,44328.86,419387.0,11.0,3,33405.0,29474.83,90025.0,2,6,25484.0,82555.0,25690.13,3,79,286534.0,Y,1923.16,current,F,66,HIGH,18.400000000000002,7,575.0,1,11.0
14750,10408,5950.0,40891.0,2782.94,22183.0,190.66,3378.76,12888.76,19.0,30,4,53,3,79,453000,1,1,1.0,1,84446.0,158000.0,1633.0,5439.0,51013.22,33373.0,63.0,23,630000.0,11964.0,17295.0,4,77,195732.0,55832.33,43740.0,14,113,33080.0,Y,59699.94,current,M,47,MEDIUM,2.7,1,867.0,1,14.0
14751,1783,290456.0,35669.48,9760.73,1177.54,5314.0,1685.0,802.0,63.0,3,17,1,44,5,125000,1,1,1.0,1,39853.9,191000.0,230000.0,9827.0,7504.25,97149.03,17.0,1,25863.0,36906.75,59889.0,1,82,22551.0,56349.56,89492.0,36,103,36369.0,Y,8008.85,current,M,223,MEDIUM,121.80000000000001,1,370.0,1,7.0
14752,10692,12905.0,57604.77,16117.0,6882.0,621.0,14658.0,1873.0,2.0,5,105,24,25,47,147000,1,1,1.0,1,137553.95,10465.48,12000.0,167.0,21956.76,112720.0,46.0,1,21739.0,27046.0,7064.0,3,108,9750.0,1911.0,167648.0,21,63,37769.0,Y,22219.32,current,M,28,HIGH,7.2,7,643.0,1,20.0
14753,6726,10531.0,11364.55,7737.25,1636.4,7467.0,22248.0,1682.77,63.0,4,84,1,55,5,345000,1,1,1.0,1,293418.75,730000.0,1630.0,0.0,116447.63,71747.37,42.0,17,25833.0,9326.07,61724.52,31,23,30703.0,48680.25,49178.5,5,15,29082.65,Y,6164.32,saving,M,27,LOW,1.4000000000000001,7,447.0,1,5.0
14754,11858,10299.0,37903.51,1295.35,26757.91,2221.92,12208.0,6728.0,1.0,128,27,18,21,10,272000,1,1,1.0,1,13849.4,52000.0,37274.0,0.0,18246.13,42399.23,46.0,31,45840.0,78745.11,158134.0,3,20,7010.0,14926.0,48492.0,6,49,40305.0,Y,3320.04,saving,M,42,MEDIUM,19.8,4,708.0,0,20.0
14755,11200,5057.0,4331.11,6748.0,44515.7,15757.59,7119.1,785.26,44.0,10,10,8,1,41,141000,1,1,1.0,1,95.0,54388.23,300500.0,6885.0,51687.77,98905.0,4.0,2,29711.41,46456.48,183447.98,43,30,21515.0,141903.37,36116.0,3,12,27986.0,Y,801.95,current,M,47,MEDIUM,24.3,6,921.0,0,12.0
14756,13427,295423.0,9721.36,7375.0,15087.2,1763.0,13783.0,2091.14,63.0,71,67,42,1,26,505000,1,1,1.0,1,16387435.0,202560.0,48950.0,5464.0,55235.78,52536.0,46.0,4,26072.0,45724.47,26027.0,1,82,79283.0,61049.14,2217.0,9,15,10189.0,Y,1141.16,current,M,69,HIGH,9.8,1,314.0,0,17.0
14757,1420,7932.0,24410.73,193.0,11527.07,2437.0,8313.5,7610.45,9.0,8,10,4,2,1,480000,1,1,1.0,1,249060.0,48087.25,12000.0,5773.0,30729.39,88076.0,18.0,4,18365.0,24835.63,268638.0,9,8,21510.0,76935.41,63607.0,10,11,19822.0,Y,19485.85,current,M,35,MEDIUM,3.0,6,923.0,1,5.0
14758,17745,17269.0,1652.0,312.46,8994.56,3580.16,8142.22,2138.0,6.0,84,84,5,6,42,173000,1,1,1.0,1,63247.65,76157.6,2156.0,1332.0,5698.25,14661.5,35.0,2,14873.0,57920.36,29763.0,5,5,20031.0,145904.0,48581.26,21,12,29145.0,Y,855.57,current,M,42,LOW,2.2,4,244.0,0,12.0
14759,18748,142522.0,22597.16,2960.13,3447.33,318.0,93327.0,8651.0,10.0,6,10,24,2,1,84000,1,1,1.0,1,204.0,96096.0,3570.0,0.0,18262.76,34268.0,0.0,2,30507.0,41385.0,108406.0,1,82,23480.0,76343.64,30415.0,2,18,4690.0,Y,168.83,current,M,46,MEDIUM,26.0,3,653.0,1,16.0
14760,2977,15555.0,16859.1,16020.0,6120.51,2887.35,23976.01,1634.91,7.0,10,4,4,14,1,397000,1,1,1.0,1,127004.3,190887.4,766.0,7984.0,8373.96,85029.0,90.0,26,38720.26,127435.48,40407.0,2,81,107532.57,36035.5,16774.0,2,120,42575.0,Y,26179.16,current,M,31,MEDIUM,11.0,7,244.0,0,11.0
14761,1660,8694.0,36777.09,10130.61,11835.0,6945.87,7118.51,2973.0,44.0,19,3,2,2,11,104000,1,1,1.0,1,384550.05,16000.0,16068.0,-5942.0,72054.0,290.09,43.0,4,30760.0,315799.0,29852.0,3,82,59500.0,16038.39,26487.0,5,21,26103.0,Y,1100.8,current,M,222,LOW,202.0,7,867.0,1,2.0
14762,12890,8722.0,7417.69,2072.05,3269.32,1014.0,4174.97,3658.83,3.0,16,13,17,60,30,267000,1,1,1.0,1,86865.0,16000.0,731.0,9827.0,61280.4,33307.61,3.0,5,40992.0,13310.5,33105.57,7,104,132413.0,12205.36,64181.0,2,73,22992.0,Y,2295.55,current,M,62,HIGH,8.4,6,748.0,1,19.0
14763,12802,12714.0,1436.0,2067.01,25356.57,11326.0,1463.0,755.31,44.0,10,4,12,6,79,74100,1,1,1.0,1,10006.2,172678.56,73217.0,20324.0,33734.0,25302.0,17.0,1,41260.0,30728.42,25374.36,0,8,41590.0,19760.94,53154.51,4,65,48388.0,Y,399.46,current,M,37,MEDIUM,13.600000000000001,4,737.0,1,14.0
14764,12971,13987.0,4194.47,11044.0,3056.825,3476.14,18791.3,920.0,10.0,1,10,48,36,8,255000,1,1,1.0,1,1581000.0,240000.0,96497.0,5773.0,111808.81,59967.0,82.0,4,243061.0,61592.76,41564.5,47,20,88260.0,53203.35,32572.0,9,63,28170.0,Y,346.8,current,M,53,LOW,29.700000000000003,5,574.0,1,13.0
14765,3846,7102.0,32142.0,693.5,31470.0,6548.0,8526.0,14129.05,19.0,10,87,4,18,3,350000,1,1,1.0,1,173.8,52098.99,694.0,10770.0,243221.35,240122.0,7.0,35,26087.0,39155.0,8705.0,1,59,32851.0,718199.98,640.0,94,7,19667.0,Y,780.6,current,M,62,MEDIUM,21.0,1,802.0,0,16.0
14766,11621,2942.0,6952.0,8239.01,4194.0,12633.0,20023.385,8189.0,7.0,128,23,25,7,3,45000,1,1,1.0,1,46056.7,617203.09,24250.0,173.0,89564.69,50991.0,11.0,19,43127.0,13353.02,39030.0,9,20,92800.0,44417.69,13329.0,11,12,15969.0,Y,1923.16,saving,M,66,LOW,9.200000000000001,10,966.0,1,5.0
14767,16065,6491.0,1239.4,1960.0,4254.11,5297.04,37139.5,4171.04,19.0,10,50,20,2,8,27000,1,1,1.0,1,38566.25,69370.0,6000.0,3421.0,18238.55,322682.0,10.0,4,1049.0,177723.52,126533.46,2,108,35450.0,36924.83,410958.0,2,11,50464.0,Y,57243.38,saving,M,42,MEDIUM,6.6000000000000005,1,270.0,1,15.0
14768,1112,2562.0,1639.0,460.88,2762.23,714.59,19280.0,80603.0,4.0,30,5,18,2,20,256000,1,1,1.0,1,41070.0,65070.0,3975.0,553.0,50594.2,46065.0,82.0,3,23980.0,9414.37,12561.06,2,13,21062.0,55584.54,82157.59,10,38,37550.0,Y,17729.63,current,M,47,LOW,8.1,3,924.0,1,12.0
14769,10377,1482.0,8243.0,1892.0,1933.0,3923.85,22901.44,8637.0,56.0,77,16,2,3,47,58000,1,1,1.0,1,6494.4,157000.0,25728.0,4512.0,222316.24,90759.0,69.0,3,21973.0,30085.46,107571.0,2,14,2328.0,14662.99,29613.0,6,0,15002.0,Y,7568.3,saving,M,32,MEDIUM,10.8,7,485.0,0,10.0
14770,19822,9373.0,4957.09,8989.16,51574.0,351.28,6967.5,6719.58,531.0,23,135,1,48,55,247000,1,1,1.0,1,39851.93,10903.0,12000.0,1992.0,77813.25,34264.0,10.0,2,24274.0,23630.0,100538.0,3,6,27645.0,33978.42,65879.89,4,75,44381.0,Y,8085.51,current,M,47,LOW,8.1,10,683.0,1,7.0
14771,7524,5459.0,29375.39,9917.0,15022.53,1414.0,745.0,1065.0,12.0,1,82,1,2,98,302000,1,1,1.0,1,19265.4,93000.0,54101.0,-5998.43994,10099.25,55177.88,41.0,7,35466.0,134272.88,66269.0,6,20,21050.0,154040.92,930.0,13,0,22672.0,Y,82111.83,current,M,31,MEDIUM,1.1,3,254.0,1,16.0
14772,16571,88711.0,12275.14,562.0,5889.21,772.0,14111.0,1574.0,6.0,128,67,5,38,2,400000,1,1,1.0,1,506688.65,25404.0,12337.0,19453.0,3787.04,61642.88,55.0,36,159993.0,22289.0,20521.0,5,14,44401.0,188764.41,126448.0,5,10,24800.0,Y,135.08,current,M,56,MEDIUM,7.2,2,643.0,1,11.0
14773,17972,14593.0,4932.82,1082.9,7548.39,1226.0,18094.505,1751.0,8.0,3,4,3,2,98,218000,1,1,1.0,1,1982892.29,82907.34,1052.0,-5998.43994,150785.1,49322.0,39.0,2,19360.0,79908.37,86159.86,70,81,39652.0,56705.71,90585.29,4,24,231571.0,Y,1925.19,current,M,42,MEDIUM,13.200000000000001,8,614.0,1,14.0
14774,7256,9110.0,4060.13,47895.69,6605.5,17953.82,1089.0,823.0,25.0,2,23,1,6,5,141000,1,1,1.0,1,370776.0,20098.0,768.0,12163.0,13798.0,23303.5,18.0,17,53399.0,54948.21,70258.0,70,82,66377.0,170352.2,44009.6,36,8,58748.0,Y,1077.58,saving,M,55,MEDIUM,10.5,5,503.0,0,6.0
14775,4768,14224.0,69372.95,469.36,15342.82,666.08,8766.49,4481.14,2.0,99,44,47,4,4,98000,1,1,1.0,1,23669.0,50000.0,678.0,-4679.0,42047.83,34484.0,70.0,7,31068.0,204513.84,35239.0,43,27,37604.0,54654.32,145521.0,14,106,23824.0,Y,1132.69,current,M,27,MEDIUM,4.2,8,638.0,1,6.0
14776,12989,16443.0,29881.3,1407.0,19698.83,35512.0,2981.25,2440.46,8.0,43,50,3,4,6,49999,1,1,1.0,1,1459500.0,861640.54,51520.0,2351.0,137726.97,108826.38,11.0,1,28313.0,145911.23,20615.0,11,34,24301.0,27179.0,58631.0,4,68,16583.0,Y,16545.74,current,F,40,LOW,8.0,2,366.0,0,11.0
14777,4580,11940.0,1661.0,1221.0,3526.99,2563.2,3996.0,1486.0,28.0,84,20,8,2,2,232000,1,1,1.0,1,99984.83,1425000.0,4367.0,2351.0,3205.25,24394.0,32.0,4,29880.0,99504.88,111271.0,6,8,71603.59,45177.68,13732.0,47,24,27608.0,Y,1914.79,current,M,31,LOW,6.6000000000000005,10,385.0,1,18.0
14778,11836,15634.0,16086.63,570.0,23661.96,10765.46,21111.5,654.0,4.0,27,47,2,2,4,574000,1,1,1.0,1,347309.75,440000.0,300500.0,6441.0,34481.65,35439.0,77.0,1,78982.0,63279.17,15403.0,1,9,76666.0,82592.02,15630.0,13,103,37861.0,Y,59368.39,saving,M,27,MEDIUM,3.5,5,882.0,1,12.0
14779,15454,119353.0,2687.85,9251.59,9276.54,394.0,5340.53,12670.16,26.0,18,59,7,6,11,378000,1,1,1.0,1,3299447.136,165970.9,6100.0,6916.0,53207.0,56859.0,11.0,26,29758.0,31560.79,55.0,4,27,43140.0,20746.44,43972.72,6,10,35418.0,Y,5170.83,current,M,221,LOW,140.70000000000002,10,656.0,0,16.0
14780,11650,11939.0,37077.37,53833.64,24037.04,1737.82,17521.0,4505.0,12.0,18,47,25,11,1,381000,1,1,1.0,1,510.6,98110.0,583.0,-5998.43994,35141.0,36989.0,147.0,3,192836.0,51337.25,44565.0,7,20,20840.0,7221.4,7652.0,21,87,32666.0,Y,10003.87,current,M,28,MEDIUM,1.6,8,708.0,1,14.0
14781,1053,19307.0,9464.78,4305.0,2391.24,2489.0,28407.995,2022.55,57.0,29,2,8,2,47,525000,1,1,1.0,1,937.0,39833.19,15756.0,5350.0,28501.61,77787.22,4.0,6,25700.0,20624.64,209618.0,6,16,296000.0,40.89,48581.26,2,80,22758.0,Y,890.99,current,M,32,LOW,7.2,8,538.0,1,2.0
14782,11155,20413.0,16593.5,12309.0,19953.0,712.0,395.0,6728.0,14.0,18,10,20,27,13,369000,1,1,1.0,1,12.19,120000.0,26241.0,277.0,238940.0,56018.0,24.0,4,27117.0,11646.1,55169.0,2,13,36688.0,75634.03,85140.95,21,1,38338.0,Y,16310.33,current,F,47,MEDIUM,27.0,3,766.0,1,14.0
14783,11869,874.0,4286.86,1494.0,5289.87,5430.58,358.0,313.0,1.0,3,52,2,31,54,59000,1,1,1.0,1,3925.0,210651.4,1060.0,3481.0,93921.25,67890.0,87.0,36,38822.0,22460.27,21942.5,3,5,65245.0,7446.75,54046.0,9,58,43470.0,Y,8029.09,current,M,35,LOW,15.0,7,314.0,1,6.0
14784,4912,10095.0,5289.98,3438.0,2109.03,2802.0,17654.195,10569.0,7.0,8,82,10,2,4,104000,1,1,1.0,1,154363.25,42723.0,5797.0,977.0,6202.58,119486.0,4.0,31,31053.0,30146.35,51953.0,1,171,197993.98,78576.38,11716.0,38,106,11705.0,Y,40438.02,current,M,28,MEDIUM,0.8,6,249.0,1,6.0
14785,2738,100390.0,15192.55,20945.08,4748.62,9627.0,2612.0,7581.0,19.0,10,50,4,55,22,98000,1,1,1.0,1,36122.87,409168.15,6100.0,2351.0,36603.16,42205.0,10.0,2,21750.0,285519.75,73823.0,1,82,19821.0,122736.25,51181.83,2,0,138887.0,Y,3172.05,current,M,32,MEDIUM,10.8,5,966.0,0,19.0
14786,2015,13232.0,1741.0,5529.0,4041.15,1643.5,74318.38,7010.0,7.0,13,4,8,51,55,27000,1,1,1.0,1,684495.7,273221.0,60000.0,35346.0,48210.98,41107.92,11.0,36,20100.0,63131.88,42941.85,0,11,14192.0,107523.73,19165.0,6,73,38718.0,Y,107.74,current,M,58,MEDIUM,15.200000000000001,9,883.0,0,6.0
14787,1948,17230.0,12903.96,3416.0,10230.77,7649.59,6189.0,9252.24,5.0,9,47,1,27,86,369000,1,1,1.0,1,16250.2,446457.0,6738.0,167.0,122121.58,73572.0,18.0,36,35506.0,97187.19,129146.0,3,1,35543.0,20295.2,105679.43,8,103,77220.0,Y,2391.74,current,M,34,MEDIUM,7.0,6,911.0,1,13.0
14788,17521,2244.0,2002.25,10176.0,3699.31,781.26,9555.455,20956.0,14.0,43,82,47,7,7,471000,1,1,1.0,1,2002.36,25404.0,2644.0,-4664.0,82481.0,54670.44,24.0,26,17160.0,23432.5,517144.71,6,13,87332.0,235.0,1001.0,12,67,31913.0,Y,1025.87,current,M,27,MEDIUM,0.7000000000000001,8,505.0,1,10.0
14789,10482,9948.0,3739.5,469.42,25737.2,4668.47,14782.06,20956.0,63.0,83,135,25,1,11,402000,1,1,1.0,1,30382.2,43397.0,927.0,6885.0,126627.28,411198.0,89.0,5,18706.0,40740.57,22297.0,9,81,129800.0,26491.68,21187.25,8,106,34309.0,Y,2988.67,current,F,30,MEDIUM,4.0,4,331.0,0,5.0
14790,19271,138012.0,29167.05,1180.0,35830.21,1871.45,2721.55,3018.0,44.0,99,50,1,1,3,302000,1,1,1.0,1,7089.7,93000.0,105000.0,24326.0,354252.38,59778.0,91.0,1,160721.0,26214.0,100386.11,1,11,160060.0,4906.65,59667.37,8,1,73394.0,Y,12030.62,current,M,35,MEDIUM,3.0,6,245.0,1,19.0
14791,13524,12171.0,46893.17,1533.68,4437.77,4923.6,20182.55,634.0,4.0,23,4,24,4,67,395000,1,1,1.0,1,55700.0,760571.3,1266.0,173.0,90755.1,91773.0,2.0,1,17402.0,36573.99,10330.5,10,13,10277.0,32423.5,30574.0,9,13,28676.0,Y,904.65,current,M,219,MEDIUM,99.5,5,446.0,1,14.0
14792,5094,14018.0,10443.76,3708.0,2717.5,4636.52,6897.0,88567.97,16.0,1,4,1,2,10,75000,1,1,1.0,1,1459500.0,118856.1,49975.0,3897.0,173707.43,2009324.0,62.0,26,31000.0,74635.11,131973.0,2,23,25047.0,28856.0,234992.0,94,8,132149.0,Y,15209.96,current,M,29,MEDIUM,2.7,3,685.0,0,12.0
14793,6412,180783.0,10834.65,826.9,7481.58,1023.0,9152.13,668.31,17.0,1,67,1,15,10,16000,1,1,1.0,1,47024.8,257406.7,50000.0,10210.0,82730.74,22768.0,16.0,0,165305.38,70335.93,71126.0,2,20,24280.0,17064.04,47398.5,47,36,2510.0,Y,2072.75,current,M,47,LOW,10.8,9,386.0,1,16.0
14794,5162,1219.0,50860.2,3478.35,156472.17,6154.0,26482.58,2829.0,28.0,6,89,39,4,10,670000,1,1,1.0,1,21220.0,157000.0,27809.0,1332.0,9840.0,60051.0,3.0,0,98713.0,19211.0,52289.0,10,12,48516.0,75812.41,22743.0,11,75,122697.0,Y,1594.25,current,M,36,MEDIUM,16.0,10,244.0,1,4.0
14795,9453,311667.0,15279.0,544.0,156472.17,30843.0,4928.0,24148.83,6.0,1,30,4,4,30,293000,1,1,1.0,1,3101.3,93.35,1166.0,8572.0,4482.0,188620.5,18.0,2,35088.0,76013.5,20840.0,7,13,101657.0,71061.42,54981.46,94,78,41241.0,Y,11040.81,current,M,39,MEDIUM,15.200000000000001,6,700.0,1,14.0
14796,11326,138188.0,10502.17,10830.0,3242.78,2017.2,4150.01,2444.31,44.0,32,19,1,1,3,143000,1,1,1.0,1,47024.8,785115.94,96558.0,-4679.0,17049.28,58953.0,32.0,30,41784.0,23976.77,80813.0,4,42,25950.0,64358.82,58212.0,3,58,123997.0,Y,3525.66,current,M,66,HIGH,18.400000000000002,10,743.0,1,12.0
14797,3098,232487.0,7182.7,1442.69,623.0,8738.85,3986.0,4776.42,4.0,29,29,5,2,8,462000,1,1,1.0,1,241.65,429273.4,13873.0,12299.0,59591.1,90720.0,3.0,1,42443.0,30746.01,91039.0,6,13,5229.54,142579.63,27258.0,4,15,17486.0,Y,3810.78,current,M,27,LOW,4.2,9,710.0,0,10.0
14798,13389,745.0,4255.85,739.91,8062.04,2579.2,5121.48,10086.0,1.0,8,6,18,1,39,523000,1,1,1.0,1,165907.57,101.24,68000.0,173.0,43538.28,23620.0,69.0,0,16696.0,50671.86,271892.72,50,20,22280.0,31466.56,47357.0,3,14,85924.0,Y,1640.92,current,M,47,MEDIUM,2.7,5,503.0,1,17.0
14799,17547,8751.0,17397.92,333.69,4892.0,2024.76,1394.53,5296.0,3.0,2,44,11,12,6,369000,1,1,1.0,1,98062.5,64309.52,25000.0,-6301.0,12504.5,51240.0,40.0,0,16105.0,154676.33,134810.0,2,4,124950.0,12524.0,23245.0,3,11,32616.0,Y,3097.11,current,M,66,HIGH,36.800000000000004,6,299.0,1,7.0
14800,9445,4878.0,10507.56,4721.01,47573.84,1577.0,13771.115,9917.15,12.0,47,102,42,4,4,125000,1,1,1.0,1,417.0,10767.53,36114.0,-6281.37987999999,73032.0,26783.0,20.0,35,34466.0,35057.14,61789.35,2,4,22554.0,12483.77,121306.0,49,68,29010.0,Y,2197.32,current,M,27,LOW,3.5,9,123.0,1,5.0
14801,17793,12423.0,13006.7,4950.77,27081.92,12903.05,7872.45,2922.23,6.0,20,16,3,25,6,42000,1,1,1.0,1,5215.0,245000.0,2500.0,290.0,24482.29,8282.91,52.0,7,30393.0,204073.0,45445.0,70,171,1993.08,145629.35,26917.0,38,73,16169.0,Y,40.86,current,M,34,LOW,1.4000000000000001,2,346.0,1,13.0
14802,11730,4197.0,33086.4,3164.77,48802.77,3578.0,6793.13,944.0,63.0,18,4,2,14,3,27000,1,1,1.0,1,53530.07,116000.0,15477.0,6885.0,314791.74,91098.78,95.0,1,18380.5,11178.0,64471.0,2,11,19194.0,927.0,1094.0,6,18,18730.0,Y,16.73,current,M,69,LOW,9.8,10,710.0,1,3.0
14803,16346,8101.0,1634.5,5749.11,2455.93,676.5,5148.0,18738.0,4.0,83,13,3,18,56,447000,1,1,1.0,1,130319.0,93.35,24000.0,-4679.0,4123.64,171781.0,23.0,5,59186.0,133879.27,84646.0,11,82,67751.0,49037.92,46735.75,2,38,65100.0,Y,1187.97,current,M,33,MEDIUM,9.1,4,511.0,0,7.0
14804,2796,17877.0,1687.88,25448.84,12776.11,3489.0,6162.0,7199.0,6.0,27,10,8,4,4,20000,1,1,1.0,1,9220.2,385218.7,1633.0,6885.0,32029.3,156804.0,11.0,4,44173.0,24848.73,47669.0,6,67,158577.0,50552.0,72324.56,62,80,15543.0,Y,1023.7,current,F,30,HIGH,6.0,6,464.0,1,16.0
14805,13105,10732.0,19375.71,3897.72,1295.43,3151.0,11170.5,1530.35,100.0,10,49,20,7,8,28000,1,1,1.0,1,115.45,150000.0,2156.0,-3506.17993,109281.96,37835.0,11.0,0,40700.0,77701.82,65118.21,43,8,35694.0,7506.4,55458.93,21,49,24671.15,Y,1551.09,current,M,47,MEDIUM,8.1,10,539.0,1,16.0
14806,8840,9509.0,4666.01,3428.0,5259.0,1644.0,1707.04,23332.5,7.0,23,13,62,15,1,329000,1,1,1.0,1,12.19,446457.0,15756.0,-5998.43994,323835.02,47024.0,46.0,35,30945.0,2172.0,10159.0,24,46,15290.0,1570.0,56664.0,4,76,21100.0,Y,4107.3,current,M,29,MEDIUM,5.4,2,923.0,1,3.0
14807,13737,5825.0,4071.0,9251.59,4635.2,992.0,3990.225,627.44,10.0,34,52,4,1,8,186000,1,1,1.0,1,306961.5,90829.65,3570.0,0.0,77903.97,31745.0,11.0,4,22091.0,12046.08,36962.37,47,14,24897.0,131343.16,12209.0,3,79,12048.0,Y,2684.69,saving,M,56,LOW,25.200000000000003,7,921.0,1,9.0
14808,12459,364.0,1406.84,1955.0,20565.0,3787.75,20876.645,13808.0,531.0,46,3,2,46,79,371000,1,1,1.0,1,550.0,24703.0,583.0,5773.0,20481.25,40096.5,7.0,1,26819.85,63729.59,1162.0,4,50,22587.0,36022.43,33024.0,94,36,18078.0,Y,653.45,current,F,47,MEDIUM,16.2,9,446.0,1,10.0
14809,17670,7189.0,3716.89,3746.11,3200.36,18252.45,28385.0,8629.0,10.0,26,49,57,5,98,221000,1,1,1.0,1,7089.7,100000.0,505.0,0.0,50263.64,32708.68,67.0,3,65728.0,26430.5,144748.0,2,40,48928.65,58428.68,20683.0,36,12,49572.0,Y,2337.63,current,M,47,MEDIUM,27.0,2,448.0,0,17.0
14810,3184,16470.0,1878.0,6068.0,26927.04,2061.0,30258.9,1247.43,6.0,10,2,25,55,11,39000,1,1,1.0,1,9542.5,165970.9,14550.0,1444.0,44195.25,50378.0,63.0,4,46281.0,13660.0,237751.0,3,12,9750.0,16441.8,1377.0,94,12,103468.0,Y,748.74,current,M,42,MEDIUM,19.8,9,588.0,1,4.0
14811,7511,12470.0,23204.0,46980.1,897.97,18254.0,3051.75,501.0,12.0,3,44,60,3,98,84000,1,1,1.0,1,233727.15,26000.0,925.0,-3506.17993,362353.14,58301.0,10.0,36,16900.0,47484.14,191777.13,4,20,463086.63,1107156.11,154934.0,3,67,50687.39,Y,1968.97,current,M,32,MEDIUM,6.0,9,233.0,1,17.0
14812,8148,9537.0,9058.0,7222.0,12609.49,1707.04,470.0,5258.0,9.0,71,86,2,3,30,17000,1,1,1.0,1,48675.31,97000.0,536.0,5730.0,106310.38,115116.0,12.0,27,20347.0,49700.22,97732.62,70,4,52971.0,48190.61,38577.0,38,57,174901.0,Y,2793.56,current,M,47,HIGH,13.5,1,799.0,0,20.0
14813,6186,136922.0,111517.24,4299.0,17951.62,6092.0,9469.0,236.0,3.0,14,67,41,16,17,568000,1,1,1.0,1,10006.2,14000.0,13873.0,-6301.0,55692.88,160897.0,70.0,6,738874.0,51558.3,39398.0,17,20,27577.0,20126.09,26517.0,3,24,89355.0,Y,2121.76,current,M,219,HIGH,59.7,2,809.0,0,12.0
14814,18295,1673.0,885.0,12764.0,20282.84,6176.52,2139.25,589.0,3.0,4,35,2,3,2,379000,1,1,1.0,1,96218.53,78050.0,33774.0,-5439.0,30548.61,252890.0,2.0,26,21225.0,7094.28,101445.0,0,11,49164.0,160308.76,4235.0,21,50,32606.0,Y,2093.54,current,M,53,LOW,3.3000000000000003,5,123.0,1,8.0
14815,9779,14020.0,52203.81,12152.84,4117.07,1243.0,50463.0,1654.5,24.0,8,82,2,18,79,124000,1,1,1.0,1,16512.0,784499.0,33950.0,6885.0,128768.25,207971.0,16.0,13,22476.0,42694.75,84141.0,9,23,83255.0,60720.0,72294.0,94,57,24905.0,Y,590.03,current,M,47,MEDIUM,18.900000000000002,7,268.0,1,4.0
14816,17531,223709.0,5516.0,919.0,12891.72,73609.61,10879.75,4275.0,124.0,77,16,41,1,55,44000,1,1,1.0,1,5457.0,25404.0,2644.0,2000.0,576.25,38550.44,11.0,2,16481.0,28950.5,16099.0,2,87,21808.0,24005.0,150509.09,6,52,27894.0,Y,4292.22,current,M,35,MEDIUM,9.0,2,858.0,1,11.0
14817,4238,3177.0,19509.0,14134.39,21060.0,5739.87,7023.0,1257.66,10.0,3,71,47,12,34,293000,1,1,1.0,1,937.0,680956.4,54101.0,-4612.00977,4441.0,72743.0,12.0,43,24879.0,38907.96,29786.3,9,5,25573.35,17492.71,498514.92,58,25,40604.0,Y,90.52,current,M,58,MEDIUM,34.2,9,370.0,1,7.0
14818,7955,3887.0,699.87,2544.65,1856.0,2157.0,4453.63,2860.5,20.0,3,23,1,37,2,555000,1,1,1.0,1,40440.4,446457.0,300500.0,903.0,493197.9,41107.92,4.0,23,27590.0,75237.82,18063.5,7,5,10615.0,39825.14,38057.0,6,63,18085.0,Y,1888.1,saving,F,36,LOW,14.4,3,516.0,1,18.0
14819,339,11164.0,33763.66,6069.0,1664.78,1689.28,3505.0,414.0,26.0,84,87,1,51,3,150000,1,1,1.0,1,47450.2,10701.0,565.0,8572.0,192056.41,68381.0,29.0,3,26245.0,5063.0,231085.0,4,12,99586.0,1018172.01,45309.5,3,8,37883.16,Y,826653.89,current,M,55,MEDIUM,7.0,4,249.0,0,14.0
14820,6226,2574.0,9738.0,3846.0,7564.41,15582.0,3139.65,2123.0,15.0,6,7,50,1,8,53000,1,1,1.0,1,26360.0,76157.6,5540.0,2351.0,117150.3,290009.13,77.0,18,18930.0,37596.36,464456.0,9,82,16063.0,46680.3,32960.0,49,52,21622.0,Y,157.42,current,M,37,MEDIUM,11.9,10,809.0,0,10.0
14821,5748,8483.0,6715.06,2785.0,9579.0,5132.0,14272.855,7421.71,2.0,10,10,48,44,1,58000,1,1,1.0,1,293418.75,257406.7,16215.0,35346.0,48551.77,25721.0,11.0,1,22091.0,131589.72,8872.0,4,20,47356.0,13195.02,19588.0,3,75,28738.0,Y,2565.27,current,M,28,LOW,8.0,7,883.0,0,13.0
14822,721,895.0,574.0,1046.52,18011.0,354.0,10813.0,1090.0,15.0,34,10,1,27,1,233000,1,1,1.0,1,61186.36,45000.0,1526.0,35346.0,6804.25,63093.0,3.0,3,27627.68,18340.0,36863.0,43,8,105.84,25563.11,58508.13,3,104,64354.0,Y,4892.51,saving,M,62,MEDIUM,4.2,8,486.0,0,14.0
14823,9133,1705.0,4422.24,83.0,4170.53,12383.53,7299.0,1331.47,1.0,30,6,4,3,4,116000,1,1,1.0,1,1488748.8,16363.0,798.0,173.0,76808.36,19472.0,18.0,5,17600.0,11265.67,28911.58,0,20,40260.0,208391.16,52887.79,16,100,62677.0,Y,76486.74,current,M,47,MEDIUM,10.8,4,911.0,0,4.0
14824,9876,219951.0,1703.0,763.82,3518.96,2430.77,27260.0,6288.0,1.0,18,47,1,2,56,512000,1,1,1.0,1,116.0,15036.0,105000.0,-4612.00977,422214.55,29235.88,7.0,35,36599.0,1083.74,31654.5,4,63,34531.0,116226.1,7084.0,22,18,513.0,Y,15466.68,current,M,47,MEDIUM,2.7,7,372.0,0,2.0
14825,8070,14003.0,1274.5,11335.3,1487.64,2086.64,26501.74,5258.0,531.0,65,1,47,60,79,461000,1,1,1.0,1,3101.3,1187335.5,98472.0,20513.0,41327.75,37092.0,18.0,5,26783.0,42694.75,41243.0,3,27,1815.0,43836.42,4399.0,3,28,49809.0,Y,11933.35,current,M,33,MEDIUM,3.9000000000000004,4,867.0,1,12.0
14826,14464,12462.0,21569.88,512.49,9288.0,10739.0,4659.0,19048.0,2.0,10,32,2,21,5,184000,1,1,1.0,1,3967.5,157624.24,67696.0,-4664.0,10974.71,95825.0,57.0,1,18997.0,59407.25,45733.0,3,2,14968.0,39654.79,128241.0,4,24,180909.0,Y,1841.3,current,M,53,LOW,9.9,8,710.0,1,6.0
14827,6801,12280.0,6269.7,195.95,30007.92,31607.0,849.16,4032.0,44.0,47,23,3,2,26,533000,1,1,1.0,1,45000.0,33668.0,73501.0,2921.0,23703.13,10300.0,52.0,1,20536.0,22107.82,12078.0,4,78,48649.0,6194.86,108573.93,6,80,690.0,Y,7029.36,current,M,32,MEDIUM,6.0,9,626.0,1,2.0
14828,12232,14336.0,721.0,1360.0,1911.5,4387.0,13195.08,646.0,531.0,30,44,3,2,5,25000,1,1,1.0,1,19866.0,100000.0,25639.0,977.0,87912.38,110128.0,6.0,3,12102.7,145456.17,17667.5,3,20,22746.0,210843.5,55365.0,117,100,54533.14,Y,21332.84,current,M,47,MEDIUM,13.5,10,921.0,0,6.0
14829,11940,8156.0,10322.22,6245.86,4341.05,9242.01,11247.54,1412.0,101.0,9,19,1,12,12,47000,1,1,1.0,1,111.4,343342.9,583.0,-4612.00977,12761.51,399.0,82.0,2,1846.36,54478.45,137144.72,6,18,37397.0,23093.93,59014.75,9,75,9336.0,Y,413.31,current,M,47,MEDIUM,2.7,10,684.0,1,4.0
14830,16600,15242.0,22370.11,1004.0,5931.5,370.0,7354.74,3184.0,1.0,22,2,2,36,47,256000,1,1,1.0,1,1665.0,17000.0,300500.0,12415.0,16824.58,328939.0,2.0,4,142896.0,38785.94,37538.0,2,171,33641.0,16048.0,23145.0,94,65,238851.0,Y,712.23,current,M,32,HIGH,3.6,9,629.0,1,18.0
14831,15084,19575.0,1290.4,5336.89,678.32,1495.0,4126.5,17167.0,25.0,85,35,50,6,17,358000,1,1,1.0,1,750.6,165970.9,2644.0,19765.0,9018.52,231081.0,0.0,5,35467.0,25223.74,70871.0,1,7,21600.0,222750.46,68264.0,4,103,32198.0,Y,10245.86,current,M,63,MEDIUM,34.4,8,614.0,1,16.0
14832,12857,1669.0,11877.63,4897.07,7039.0,2746.17,1274.0,1004.0,57.0,3,70,25,1,14,127500,1,1,1.0,1,299037.15,65070.0,768.0,8723.0,164906.52,25474.38,72.0,3,26283.0,28130.0,137772.0,50,14,19486.0,124562.58,121496.0,4,38,38300.0,Y,4465.71,current,M,35,LOW,13.5,6,448.0,1,19.0
14833,15558,16634.0,18572.0,9089.0,1369.52,6521.05,30165.7,1485.0,4.0,9,6,1,15,1,100000,1,1,1.0,1,1424.5,1475000.0,8417.0,3897.0,1007435.82,43129.0,69.0,2,143699.0,23635.5,20244.0,1,23,69009.0,35524.03,56601.05,94,15,14974.0,Y,774.28,current,M,46,MEDIUM,13.0,4,737.0,0,18.0
14834,16705,3981.0,2459.42,20098.0,1539.0,7067.0,2173.0,9115.6,2.0,4,7,54,1,22,17000,1,1,1.0,1,5809950.0,3.0,30071.0,14509.0,60898.19,16229.0,32.0,36,23962.01,9595.7,50909.0,1,81,83084.0,67179.2,15622.0,40,0,36837.0,Y,2370.58,current,M,27,MEDIUM,0.7000000000000001,3,454.0,1,7.0
14835,6741,304555.0,176584.68,2294.72,11835.0,6585.43,4150.01,30206.0,4.0,10,74,52,15,11,315000,1,1,1.0,1,15079.5,1475000.0,50000.0,1014.0,52047.0,202617.72,10.0,23,218407.61,91592.0,20175.0,1,18,183600.0,59914.07,29710.43,36,6,22733.0,Y,118156.68,current,M,33,MEDIUM,5.2,8,683.0,1,10.0
14836,9804,33613.0,4869.24,4086.0,33353.0,6847.0,3141.0,12108.0,6.0,84,10,24,15,47,472000,1,1,1.0,1,60050.0,11982.0,46000.0,26601.0,33395.72,54126.0,90.0,28,34414.0,35839.0,28416.0,2,108,21574.0,6111.75,54171.0,49,63,84348.0,Y,8275.32,current,M,60,LOW,12.0,9,927.0,0,20.0
14837,11746,39956.0,35104.0,6315.95,45097.89,4724.0,2417.0,4558.0,25.0,10,11,4,12,2,556000,1,1,1.0,1,117168.65,74599.9,12611.0,-3506.17993,75810.13,115324.0,12.0,7,50005.0,41973.4,53783.5,2,89,2689.0,41595.35,112237.0,4,22,3612.0,Y,1383.75,current,M,53,LOW,6.6000000000000005,5,966.0,1,4.0
14838,6579,4524.0,17045.0,1006.0,10926.04,359.86,75189.0,15959.0,56.0,6,4,3,4,55,17000,1,1,1.0,1,77855.0,152664.0,36000.0,8572.0,30642.17,32024.0,42.0,35,81099.0,154644.66,288849.94,9,82,16250.0,33904.0,67425.0,5,37,32293.0,Y,1390.14,current,M,60,MEDIUM,8.0,8,683.0,1,11.0
14839,7616,320101.0,6821.0,6706.23,4897.72,6090.8,1106.28,53481.24,5.0,30,67,11,16,37,489000,1,1,1.0,1,510.6,76365.24,25000.0,12174.0,36503.98,75875.0,84.0,5,9190.0,118131.5,57176.0,1,8,9265.0,196189.93,290641.5,47,0,60535.0,Y,4598.38,current,F,33,MEDIUM,3.9000000000000004,3,448.0,0,12.0
14840,8984,14869.0,17613.73,5050.0,4972.5,10525.0,1380.6,2468.0,1.0,3,5,53,25,80,371000,1,1,1.0,1,937.0,992890.32,15477.0,6885.0,16992.09,48773.72,11.0,36,16400.0,86930.18,48687.73,31,75,270456.0,8251.34,106456.0,4,0,8348.0,Y,3252.65,current,F,42,HIGH,4.4,4,244.0,1,4.0
14841,9954,8734.0,6958.0,1085.0,1910.0,5560.0,3974.49,863.0,26.0,3,64,2,25,5,650000,1,1,1.0,1,568.8,96096.0,25000.0,5350.0,51645.24,41468.0,62.0,23,20480.0,33442.5,2074.0,4,11,18083.0,26307.5,31118.0,18,3,37842.0,Y,9362.14,current,M,33,MEDIUM,3.9000000000000004,3,626.0,0,4.0
14842,2528,8598.0,7327.85,177.0,942.96,3739.0,10123.0,379.0,4.0,18,87,17,4,18,383000,1,1,1.0,1,510.6,43397.0,16215.0,12415.0,48551.77,27532.37,46.0,7,17846.0,7603.05,30426.0,5,12,156000.0,62320.5,82211.0,13,38,21022.0,Y,1887.72,current,M,27,MEDIUM,4.9,5,354.0,1,20.0
14843,2268,1864.0,8189.0,11581.8,2700.86,9308.01,7150.0,6309.67,14.0,18,13,15,51,1,448000,1,1,1.0,1,19265.4,278360.16,1515.0,1444.0,16035.27,44957.0,43.0,15,33324.0,249814.81,46905.0,2,18,107755.0,108559.0,5463.0,62,3,54167.0,Y,758.88,current,M,40,MEDIUM,16.0,1,805.0,1,5.0
14844,17361,14393.0,11677.72,4245.0,1360.0,5204.0,5585.0,5131.0,28.0,84,87,3,3,1,67000,1,1,1.0,1,9255.43,232235.65,1266.0,0.0,93046.13,90807.0,62.0,3,49921.0,49833.0,52241.05,6,20,24122.0,123216.75,12393.0,14,52,14472.0,Y,227.13,current,M,38,LOW,18.0,9,488.0,0,16.0
14845,2226,34567.0,29350.0,2178.96,7686.0,656.67,17930.5,1574.0,6.0,2,3,1,14,1,520000,1,1,1.0,1,1502126.3,25172.0,230000.0,4314.0,16320.25,63367.5,11.0,1,70380.0,67771.6,3861.0,1,23,2555.95,50328.04,15891.0,21,64,38564.0,Y,9027.83,current,M,58,MEDIUM,3.8000000000000003,9,866.0,0,12.0
14846,3065,16558.0,725.28,2024.0,8207.47,422.06,17357.75,1654.0,16.0,10,16,57,3,1,232000,1,1,1.0,1,5383.25,237365.38,26241.0,2557.0,20184.0,54279.0,42.0,1,182931.0,61579.0,30888.0,43,1,25603.0,508553.07,83487.0,47,15,255500.0,Y,161.23,current,M,53,MEDIUM,16.5,7,799.0,1,7.0
14847,16202,392521.0,6008.57,5307.78,3384.46,188.0,6980.0,11080.5,1.0,17,52,1,2,26,86000,1,1,1.0,1,291969.2,2194.0,96497.0,0.0,57099.76,12195.0,39.0,4,18720.0,15052.67,54593.0,1,59,67208.0,91013.0,22518.0,3,80,16000.0,Y,1141.16,current,M,33,MEDIUM,10.4,1,921.0,1,7.0
14848,10700,19427.0,7297.65,3244.69,11347.43,1653.0,22660.71,3365.37,5.0,83,5,48,44,2,750000,1,1,1.0,1,151000.0,455873.9,49975.0,-5998.43994,68615.74,103018.0,18.0,0,26670.0,30066.0,54292.85,43,29,36592.0,59968.68,76268.88,2,58,350442.0,Y,10815.9,current,F,37,HIGH,6.800000000000001,6,743.0,0,20.0
14849,13786,130367.0,4086.5,331.0,33092.32,6045.75,6899.0,1172.0,14.0,10,47,20,16,79,491000,1,1,1.0,1,58834.74,238000.0,20887.0,5773.0,18405.01,31015.0,11.0,19,79777.0,14693.02,93078.0,3,108,47131.0,46335.98,96733.0,4,83,105846.0,Y,75.8,current,M,58,LOW,7.6000000000000005,10,385.0,1,8.0
14850,4057,86003.0,9111.25,5529.0,843.5,180.0,6934.0,1287.0,124.0,65,10,2,3,79,157000,1,1,1.0,1,196885.0,42723.0,768.0,4314.0,40241.66,57206.0,11.0,35,68000.0,63333.0,22727.0,70,8,51975.0,45068.17,175179.0,4,120,35053.0,Y,57243.38,current,M,53,LOW,9.9,10,753.0,1,8.0
14851,8138,19658.0,1180.84,14200.0,6021.18,20587.0,17379.16,3559.0,3.0,23,35,10,60,47,100000,1,1,1.0,1,19265.4,235.17,4699.0,20324.0,46850.24,42942.0,91.0,31,35522.28,71736.11,104930.57,1,12,15941.0,546908.13,17583.0,6,13,8750.0,Y,642.86,current,M,33,MEDIUM,10.4,8,911.0,0,13.0
14852,1309,6957.0,40018.01,5097.46,4075.5,9415.95,94865.54,7898.0,66.0,36,89,1,21,55,147000,1,1,1.0,1,76780.0,338430.0,6000.0,3421.0,17442.25,18151.0,11.0,13,23205.0,22249.76,89906.0,2,14,28010.0,72614.47,49550.0,5,103,3649.0,Y,78800.7,current,M,38,LOW,10.8,8,244.0,0,15.0
14853,4474,3402.0,1007.0,5343.0,4267.99,3043.73,15581.0,1132.04,53.0,5,110,24,15,42,16000,1,1,1.0,1,168.75,470000.0,492.0,8723.0,65720.0,27009.0,52.0,9,45841.0,246.36,53105.0,1,108,26324.0,89572.49,57679.19,53,12,2659.0,Y,18449.14,current,M,53,HIGH,3.3000000000000003,1,330.0,1,11.0
14854,9829,4307.0,884.0,1215.0,12913.0,11110.93,5207.7,3384.37,7.0,128,71,2,2,5,550000,1,1,1.0,1,54860.05,50700.0,2644.0,5464.0,33927.97,54188.0,5.0,15,13025.0,4888.21,2687.0,2,81,29941.0,28811.64,167693.78,14,11,25406.0,Y,1137.39,saving,M,27,LOW,7.0,2,575.0,1,12.0
14855,13123,3796.0,8483.67,416.0,3076.945,411.0,4938.09,9928.8,67.0,1,13,60,11,58,26000,1,1,1.0,1,1727970.9,3.0,100000.0,-6301.0,50123.83,103787.5,11.0,23,29253.0,79526.0,86180.0,6,81,32940.0,26330.15,2029.75,94,49,66688.32,Y,15417.36,current,M,37,LOW,1.7000000000000002,1,270.0,1,14.0
14856,12642,19966.0,70307.73,5612.05,10624.64,990.74,1383.0,2629.84,7.0,26,89,2,15,70,358000,1,1,1.0,1,84446.0,78050.0,5797.0,1014.0,6365.0,39136.0,4.0,1,30512.0,70784.5,200165.1,2,9,281169.0,152000.75,101992.0,1,13,103458.0,Y,20649.46,current,M,46,MEDIUM,7.800000000000001,4,249.0,0,13.0
14857,6704,15219.0,3658.0,13098.21,28187.5,10736.0,7283.385,542.14,17.0,2,50,2,11,7,47000,1,1,1.0,1,34443.0,636413.11,130000.0,9827.0,88193.08,101599.35,46.0,0,26725.0,27676.0,172725.0,1,81,60625.0,7285.06,166164.5,21,3,43052.0,Y,3487.04,current,F,27,HIGH,0.7000000000000001,10,243.0,0,7.0
14858,16507,16939.0,30362.77,1711.0,10399.92,3400.0,1235.0,3278.0,1.0,77,29,1,27,30,48000,1,1,1.0,1,684495.7,157624.24,5797.0,3897.0,66254.5,22466.5,103.0,2,35579.0,46972.29,51832.79,20,81,20343.0,49303.76,48693.0,12,8,41752.0,Y,2215.15,saving,M,61,MEDIUM,24.6,1,538.0,1,9.0
14859,15080,16931.0,47333.98,7856.28,7282.0,3455.04,511.0,6458.0,17.0,26,30,3,27,30,35800,1,1,1.0,1,120285.0,39833.19,925.0,277.0,67444.88,75174.0,90.0,1,20903.0,91850.24,11186.0,1,89,113882.0,14474.4,12351.0,7,104,86377.5,Y,7667.66,current,M,47,MEDIUM,10.8,3,506.0,1,12.0
14860,1145,1464.0,6645.0,2868.09,7579.88,4041.56,9989.0,591.52,100.0,34,87,24,4,1,369000,1,1,1.0,1,65887.8,86000.0,20000.0,8723.0,80664.0,61596.0,79.0,4,24868.0,27676.0,252204.0,31,25,19180.0,4337822.86,35040.0,12,67,15868.0,Y,319598.66,current,M,55,LOW,31.5,6,249.0,0,3.0
14861,14550,18454.0,16323.66,306.8,1856.0,3748.5,1955.48,441.0,14.0,71,20,52,2,5,403000,1,1,1.0,1,33111020.0,189246.0,27809.0,12163.0,99617.25,1008.0,46.0,5,22470.0,35843.5,108371.0,2,6,1280000.0,48822.22,28025.0,42,72,116950.0,Y,4011.83,current,F,28,MEDIUM,0.8,2,270.0,0,9.0
14862,6591,12457.0,23609.0,210.0,3176.5,23395.62,5264.0,7987.0,6.0,11,50,47,2,42,47000,1,1,1.0,1,1482778.95,49000.0,936.0,10455.0,50969.25,26964.0,69.0,4,66443.0,190445.0,57193.0,9,108,87332.0,37854.3,4619.0,4,50,44816.0,Y,3973.22,current,M,35,MEDIUM,10.5,7,623.0,1,2.0
14863,2856,207833.0,99028.81,1442.69,2047.06,3543.61,16570.0,6504.0,7.0,29,35,21,2,2,371000,1,1,1.0,1,825.0,500000.0,12500.0,-6885.0,73682.0,15088.0,18.0,3,54263.0,48818.0,10134.5,43,8,18264.0,17092.0,52213.0,19,39,1912.0,Y,26812.32,current,M,30,LOW,9.0,3,537.0,1,9.0
14864,4854,244657.0,1555.0,13761.43,2617.0,9215.19,2880.44,5861.4,6.0,99,44,47,1,8,47000,1,1,1.0,1,9255.43,64491.0,130000.0,1500.0,72079.19,35015.0,1.0,5,40036.0,51542.86,2241516.0,45,108,161357.0,40795.49,56999.38,36,50,23733.0,Y,6325.0,saving,M,64,HIGH,8.8,6,771.0,0,20.0
14865,9540,10444.0,1417.43,922.02,5620.5,245.52,4344.505,1439.0,26.0,2,30,48,4,13,565000,1,1,1.0,1,48675.31,194099.3,500000.0,886.0,82854.25,234699.07,22.0,4,22534.0,160408.6,53131.0,3,17,22917.0,105394.11,183906.29,6,14,44816.0,Y,4106.03,current,M,61,MEDIUM,16.400000000000002,5,628.0,0,10.0
14866,2451,9008.0,5680.17,3892.0,25958.07,676.5,5164.0,2179.98,10.0,23,67,7,2,8,307000,1,1,1.0,1,19087.6,70164.0,73217.0,1014.0,26412.48,57685.0,11.0,3,33453.0,75353.07,201472.0,1,18,42504.0,6128.0,25405.0,9,124,61694.0,Y,9277.76,current,M,53,LOW,6.6000000000000005,1,653.0,0,19.0
14867,19251,6921.0,2075.93,14521.33,4370.95,1297.84,25626.0,7974.0,26.0,18,44,26,2,11,267000,1,1,1.0,1,181073.75,6.0,24619.0,1465.0,79347.98,5668.74,63.0,0,20363.0,152111.35,99177.85,4,14,30182.0,175301.79,53328.0,12,106,28257.0,Y,1869.37,current,M,66,MEDIUM,4.6000000000000005,1,887.0,0,9.0
14868,19782,12622.0,9022.0,1529.0,6781.0,3483.0,6928.0,2486.2,6.0,23,4,60,6,56,218000,1,1,1.0,1,161704.0,67555.67,3570.0,7478.0,85870.6,47523.0,91.0,4,48703.0,58776.62,42444.82,1,20,12675.0,104847.16,88042.26,6,63,55267.0,Y,11725.95,saving,M,33,HIGH,10.4,10,643.0,1,2.0
14869,14693,18526.0,17014.2,1519.0,18765.11,4118.0,733.28,6509.0,1.0,1,13,22,2,3,381000,1,1,1.0,1,31324.0,1513335.0,6966.0,4512.0,57728.16,28472.41,3.0,7,21730.0,81366.74,28746.0,0,82,152348.0,34754.93,54849.0,47,24,103950.0,Y,3525.66,current,M,33,MEDIUM,7.800000000000001,2,882.0,1,14.0
14870,8116,5645.0,22831.19,152026.44,4427.63,3808.66,2436.3,2861.0,18.0,30,44,24,12,2,595000,1,1,1.0,1,101891.25,106398.0,5540.0,5464.0,63811.6,83756.5,55.0,19,69766.0,19919.39,119639.0,42,8,42990.0,150509.25,777.0,3,68,19119.4,Y,4555.0,saving,M,37,LOW,1.7000000000000002,2,485.0,0,11.0
14871,19727,5581.0,2712.84,10077.0,8986.12,1939.0,513.6,481.0,5.0,9,102,2,1,6,378000,1,1,1.0,1,961924.8,163.14,519.0,0.0,92270.75,298019.0,10.0,13,26493.0,9270.66,41959.37,6,44,44617.17,37093.69,54329.0,21,12,21538.0,Y,10987.61,current,M,37,MEDIUM,6.800000000000001,2,296.0,1,19.0
14872,14770,17589.0,23996.0,2544.0,3242.78,10455.88,11288.78,4784.32,1.0,85,67,1,11,79,273000,1,1,1.0,1,41070.0,390700.0,24125.0,553.0,181.29,5584.0,11.0,7,82126.0,30351.63,330.58,3,24,25153.0,62963.29,55818.54,5,21,28884.0,Y,10108.3,current,M,46,MEDIUM,23.400000000000002,6,243.0,0,17.0
14873,5744,15412.0,1398.0,1165.3,5284.16,16311.0,30341.88,4177.0,6.0,3,27,1,1,34,48000,1,1,1.0,1,3101.3,25404.0,49975.0,-5998.43994,22628.9,27421.0,55.0,3,68140.0,438.0,14840.0,1,63,16878.0,25450.78,74395.0,4,79,63130.0,Y,1875.47,current,M,66,MEDIUM,9.200000000000001,8,606.0,1,3.0
14874,18442,7139.0,16584.54,5614.0,4132.92,9684.76,361.96,6509.0,1.0,4,20,20,24,80,53000,1,1,1.0,1,17829.1,25172.0,15756.0,7478.0,66893.89,22004.91,42.0,19,309453.23,24319.1,40784.5,3,8,27400.0,58038.97,61092.1,12,96,69026.0,Y,316.04,current,M,53,HIGH,16.5,3,269.0,1,10.0
14875,11069,8352.0,7828.0,3076.05,5786.34,6841.3,4423.52,15428.54,26.0,2,49,5,1,53,307000,1,1,1.0,1,10006.2,12257.0,4458.0,5464.0,17945.88,58953.0,55.0,15,135156.0,67228.96,77072.0,2,81,6870.0,144686.93,58805.53,94,11,80853.0,Y,10273.55,current,M,38,MEDIUM,3.6,7,737.0,0,4.0
14876,9415,12361.0,748.0,1187.0,30335.37,9723.0,2245.0,379.0,43.0,50,67,7,15,47,453000,1,1,1.0,1,1859872.2,170989.0,527.0,3735.0,103188.78,41436.0,20.0,31,31174.0,127767.0,65611.0,2,8,38959.95,151886.14,22301.8,6,0,16989.0,Y,132.84,current,M,40,MEDIUM,16.0,1,958.0,1,12.0
14877,6087,2004.0,1402.7,12948.0,777.22,1586.16,4009.0,2897.0,16.0,16,38,20,3,58,406000,1,1,1.0,1,89294.6,65174.0,49975.0,-4679.0,81409.03,18653.0,10.0,1,21826.0,26100.76,20969.37,5,59,29316.0,126400.13,5606.0,7,32,19278.0,Y,2583.17,current,M,46,LOW,15.600000000000001,5,296.0,0,17.0
14878,14690,6752.0,7269.35,20390.17,1689.5,2174.0,5055.48,1784.3,7.0,36,47,57,12,1,406000,1,1,1.0,1,1665.0,52000.0,25524.0,5439.0,74859.67,64852.0,37.0,35,68926.0,18563.0,101543.0,3,5,31551.0,158848.58,48049.0,14,32,20862.0,Y,12481.64,saving,M,37,MEDIUM,17.0,3,574.0,1,14.0
14879,14476,15222.0,19882.25,6348.7,2679.0,8799.0,10245.61,631.0,6.0,23,7,24,71,3,276000,1,1,1.0,1,199690.5,15300.0,51520.0,-5715.49022999999,5156863.79,78165.88,11.0,1,10022.2,29253.44,60992.3,1,84,31462.0,3100.5,165880.0,6,113,22869.0,Y,9631.32,current,M,35,LOW,4.5,10,708.0,0,18.0
14880,13278,1913.0,1334.93,6041.0,17784.44,12423.0,28958.5,2150.0,12.0,10,35,1,44,3,329000,1,1,1.0,1,825.0,19000.0,59414.0,167.0,116182.25,97278.5,18.0,15,22528.0,147580.49,61039.0,7,8,29322.0,43761.27,25006.0,2,67,80927.0,Y,865.26,saving,M,34,MEDIUM,9.8,9,324.0,0,16.0
14881,11805,3420.0,7240.8,3892.0,3059.44,8195.11,6838.98,6375.89,3.0,22,52,3,4,1,98000,1,1,1.0,1,2389800.0,64491.0,1209.0,7478.0,25902.87,19056.0,8.0,26,36300.0,43427.74,105182.0,2,108,25790.0,15266.25,96813.0,6,7,61071.0,Y,19564.21,current,M,32,MEDIUM,4.800000000000001,5,958.0,1,10.0
14882,8834,320906.0,38993.54,2405.0,6418.64,1791.85,190.0,546.0,4.0,10,50,57,1,10,483000,1,1,1.0,1,111.0,385218.7,13873.0,3897.0,49834.26,5132.0,95.0,0,18683.0,159276.73,44052.0,31,81,125912.0,22107.03,25224.0,21,12,15989.0,Y,5072.08,current,M,53,MEDIUM,23.1,5,640.0,0,12.0
14883,13194,11842.0,8920.82,8190.92,8861.16,2930.0,7222.0,4536.0,4.0,10,67,1,2,37,287000,1,1,1.0,1,5809950.0,176487.6,583.0,2921.0,37453.0,70452.38,9.0,2,37646.0,233630.02,22623.0,2,8,18100.0,366073.63,57485.52,58,3,54533.14,Y,720.28,current,M,60,LOW,8.0,1,908.0,1,18.0
14884,13884,297600.0,40164.1,29926.25,8738.0,8699.0,13738.0,7531.0,7.0,2,10,22,1,42,298000,1,1,1.0,1,347309.75,440000.0,28913.0,2921.0,39227.64,42981.0,42.0,2,45583.0,31084.13,14100.0,3,82,35003.0,17052.72,18725.0,10,0,12063.46,Y,3198.54,current,F,38,LOW,18.0,5,538.0,1,20.0
14885,12493,183294.0,9313.52,663.56,1769.69,4115.0,15543.105,7974.0,57.0,36,87,53,26,8,17000,1,1,1.0,1,970271.35,117890.0,508.0,4063.0,32846.9,22475.9,89.0,33,16453.0,10505.11,40509.64,11,12,112976.0,17091.8,32980.5,6,8,54365.0,Y,18502.92,current,M,34,LOW,9.8,2,771.0,0,11.0
14886,14488,15833.0,135469.38,5714.0,25207.93,1403.0,1233.0,6693.0,2.0,77,61,2,1,42,97000,1,1,1.0,1,28844.0,167870.79,851.0,3897.0,38435.0,71436.0,35.0,4,20050.0,8636.0,33158.0,5,8,15803.0,83657.18,77040.0,43,113,20331.0,Y,419.51,current,F,33,MEDIUM,6.5,7,244.0,1,11.0
14887,1304,8032.0,2547.765,100.0,9991.79,411.0,1997.0,4409.0,3.0,66,60,50,3,79,414000,1,1,1.0,1,39851.93,326326.9,183999.0,0.0,63856.65,42852.0,8.0,4,30600.0,48991.52,36423.0,11,20,71341.0,22979.0,150853.0,2,106,200264.0,Y,18101.41,current,M,33,MEDIUM,2.6,6,385.0,1,2.0
14888,3495,6227.0,1147.56,3244.69,728.5,2448.86,1220.27,2185.0,1.0,66,32,2,9,11,100000,1,1,1.0,1,2008232.55,15300.0,4895.0,19765.0,3787.04,35128.0,11.0,13,50747.0,516491.05,18953.01,10,12,75980.0,13201.21,125626.27,42,11,27640.0,Y,6121.8,current,M,35,HIGH,9.0,3,653.0,1,14.0
14889,10182,12855.0,1788.0,997.3,9436.0,4286.0,1483.25,6324.0,1.0,65,29,18,15,55,130000,1,1,1.0,1,811.0,482147.0,1633.0,8723.0,220663.34,144107.0,36.0,3,39790.0,25958.66,30309.0,6,14,86294.0,83525.75,105365.0,4,42,48520.0,Y,10339.5,current,M,47,MEDIUM,24.3,3,503.0,1,7.0
14890,11964,15425.0,3133.15,3079.55,10098.27,1018.77,23288.0,21256.33,2.0,85,10,47,31,3,139000,1,1,1.0,1,3950.0,132324.01,2214.0,-3053.0,17188.0,10018.0,42.0,36,23760.0,25720.94,52489.16,23,8,21152.0,53181.59,51744.0,1,113,36940.0,Y,12.01,current,M,28,MEDIUM,4.0,10,386.0,1,11.0
14891,13872,3798.0,2392.7,1047.07,34072.0,4809.0,5741.0,25269.0,136.0,10,4,12,11,6,375000,1,1,1.0,1,196885.0,6773.96,24250.0,2921.0,70531.93,39601.28,91.0,4,39031.0,18945.88,42213.5,3,87,31450.0,119199.75,20683.0,36,42,1710.0,Y,16749.57,current,M,28,MEDIUM,8.0,5,683.0,1,12.0
14892,14060,18174.0,11069.47,7947.0,2999.78,792.0,2845.0,3933.0,10.0,2,89,3,1,1,85000,1,1,1.0,1,199690.5,280000.0,4699.0,7984.0,15935.23,90850.0,91.0,1,12172.0,78167.85,131990.0,0,2,1199.0,164322.27,16174.0,21,42,29412.0,Y,5884.13,current,M,25,MEDIUM,4.0,4,331.0,1,16.0
14893,17181,349.0,11925.2,15469.0,30202.25,1513.0,25300.0,9530.01,17.0,71,9,4,1,98,53000,1,1,1.0,1,41.4,624742.27,527.0,1992.0,82317.5,73473.52,29.0,36,96303.0,17914.74,1534.0,2,11,16249.0,60144.0,86391.07,5,58,20587.0,Y,17463.35,current,M,33,MEDIUM,11.700000000000001,2,723.0,1,11.0
14894,5789,397646.0,10837.5,5926.42,1554.0,1306.0,3083.86,975.0,16.0,18,35,7,55,70,199999,1,1,1.0,1,146931.8,202560.0,3000.0,10210.0,9121.0,77618.0,9.0,2,40139.0,32650.6,486576.0,3,11,21241.05,75153.71,181399.05,47,28,6158.0,Y,2620.97,current,M,118,MEDIUM,58.800000000000004,5,934.0,0,17.0
14895,10659,327590.0,27116.19,2024.5,9190.0,3043.73,1273.0,7153.0,10.0,18,27,2,1,47,378000,1,1,1.0,1,2173459.0,128314.74,6966.0,-6301.0,39686.25,20179.0,70.0,3,28974.0,59824.57,78024.0,5,7,24191.0,199754.42,140939.0,6,12,74780.0,Y,5138.79,current,M,42,HIGH,2.2,2,638.0,1,19.0
14896,561,210867.0,8050.52,5018.03,1350.0,621.0,934.48,9654.0,1.0,5,30,42,3,22,147000,1,1,1.0,1,10006.2,108788.0,38599.0,3735.0,80178.25,55778.5,42.0,13,26606.0,108895.12,61603.0,70,87,25720.0,50125.7,233290.0,2,79,15417.0,Y,8671.07,current,M,36,LOW,11.200000000000001,7,958.0,1,19.0
14897,10716,6046.0,17234.51,462.0,6843.0,3791.72,11541.52,12528.0,124.0,128,89,24,9,29,523000,1,1,1.0,1,24832.0,337000.0,1446.0,3897.0,28027.22,28839.0,29.0,7,66528.0,28967.43,181203.0,7,36,24216.0,50268.93,30160.0,21,36,74976.0,Y,12583.22,saving,M,120,MEDIUM,10.0,1,708.0,1,14.0
14898,19148,4661.0,11822.43,3994.8,31533.76,628.9,13706.0,7809.0,24.0,23,51,15,1,1,351000,1,1,1.0,1,111.4,589.39,50000.0,5340.0,34289.96,169063.0,77.0,7,135149.22,29437.8,13634.5,1,67,99557.0,25771.26,18021.0,36,103,22733.0,Y,3241.26,current,F,33,MEDIUM,7.800000000000001,10,536.0,1,19.0
14899,19606,298889.0,8619.5,1805.0,19366.0,1356.25,17215.705,928.34,25.0,37,87,2,55,13,358000,1,1,1.0,1,140262.4,29479.0,16215.0,886.0,7663.08,186000.0,4.0,33,25581.0,215799.39,32659.5,9,29,7940.0,7305.0,69539.0,2,22,21346.0,Y,963.72,current,M,32,LOW,3.6,6,486.0,1,11.0
14900,18349,298090.0,12577.0,321.3,21628.26,13449.5,50146.975,3098.0,7.0,9,72,4,62,1,234000,1,1,1.0,1,8758.2,1543.85,583.0,1444.0,25323.78,3423.25,90.0,5,40735.0,22921.88,305.0,3,108,7010.0,66025.91,74372.0,1,21,1536000.0,Y,12481.64,current,M,28,MEDIUM,7.2,8,924.0,1,13.0
14901,2857,13414.0,7732.83,5020.48,1757.06,918.0,19844.195,3667.0,2.0,99,61,48,4,98,341000,1,1,1.0,1,3950.0,83402.0,13533.0,8723.0,168533.0,205608.5,147.0,1,17484.0,11545.0,22281.0,4,30,15807.0,17082.78,40067.0,9,12,26685.0,Y,831.52,saving,M,50,LOW,24.0,2,536.0,0,8.0
14902,10658,142386.0,18700.39,1279.0,17664.0,3464.0,3160.0,2826.0,10.0,71,89,8,7,11,564000,1,1,1.0,1,15939.83,273221.0,1526.0,1992.0,44653.74,19538.5,11.0,1,63350.0,99410.76,32290.0,1,20,44200.0,6784.8,21819.92,21,73,32336.0,Y,19256.84,current,M,33,MEDIUM,1.3,7,937.0,1,20.0
14903,1185,7253.0,3768.65,27995.0,3241.78,3880.89,10783.0,12875.8,1.0,7,2,41,7,53,13000,1,1,1.0,1,1417886.15,42723.0,2158.0,5464.0,150153.76,98720.94,18.0,5,19707.0,13827.5,32682.0,50,6,35944.0,20599.25,15439.0,117,25,21785.0,Y,53506.95,current,M,30,MEDIUM,5.0,4,966.0,1,16.0
14904,14922,10290.0,52035.95,548.0,5310.0,4418.24,819.46,462.0,31.0,4,2,1,1,2,378000,1,1,1.0,1,2216.0,1372927.14,25000.0,-3506.17993,90241.85,71356.0,55.0,4,60228.0,92204.02,13244.0,2,21,33321.0,25771.26,32439.0,2,42,42636.72,Y,2165.93,current,M,46,LOW,18.2,6,314.0,1,12.0
14905,13307,11833.0,12695.83,715.0,697.0,10683.43,960.1,682.0,6.0,77,30,48,60,5,104000,1,1,1.0,1,7089.7,110135.86,56305.0,1500.0,12011.92,75261.0,10.0,43,20667.0,32146.91,80767.0,47,36,31609.12,26693.45,83714.0,2,79,14676.0,Y,4735.69,saving,M,39,MEDIUM,19.0,6,243.0,0,12.0
14906,11433,179183.0,14794.25,6719.0,13207.96,483.0,6794.46,3210.0,19.0,18,44,39,3,8,35000,1,1,1.0,1,124929.75,380000.0,583.0,-4324.0,27377.67,331521.0,69.0,3,17583.0,19911.31,272.74,3,12,40323.0,6972.0,68745.81,9,65,14072.0,Y,13098.46,current,M,35,HIGH,3.0,6,424.0,1,16.0
14907,13216,3559.0,1583.92,7375.0,4792.0,293.0,2519.0,5456.27,50.0,36,74,47,15,34,391000,1,1,1.0,1,22086.05,399.09,508.0,6916.0,141200.75,7726.0,42.0,2,33759.0,35113.88,55124.0,3,20,24571.0,11782.69,65682.0,4,50,28538.0,Y,3291.24,current,M,39,LOW,9.5,1,974.0,0,16.0
14908,11639,139998.0,18442.38,6184.54,1487.64,4010.0,11174.0,2326.0,2.0,6,82,42,9,30,17000,1,1,1.0,1,65640.0,82907.34,33774.0,5350.0,62159.05,31759.0,42.0,7,18496.0,28537.02,50020.0,9,4,30754.0,24239.88,8567.0,3,3,38473.0,Y,1838.41,current,M,32,LOW,3.6,2,882.0,0,17.0
14909,381,10318.0,53941.9,4818.0,29254.88,68297.8,392.0,1573.0,136.0,20,1,8,18,5,199999,1,1,1.0,1,107700.0,96096.0,643.0,20324.0,56244.49,41741.79,11.0,19,36349.0,11114.0,51149.0,43,13,205558.0,110804.8,29710.43,8,58,22729.0,Y,5144.77,current,M,44,MEDIUM,7.2,5,505.0,1,13.0
14910,14184,13794.0,51949.0,4369.5,6345.0,4023.16,51445.85,10865.0,26.0,71,13,4,18,3,429000,1,1,1.0,1,34249.0,100000.0,24094.0,1014.0,58227.36,56689.91,52.0,19,167077.0,13253.75,177424.0,6,11,22025.0,12072.78,56134.0,2,83,20859.0,Y,11413.55,saving,M,37,MEDIUM,6.800000000000001,1,355.0,1,13.0
14911,6714,6248.0,6635.0,3027.0,13863.23,40826.0,1808.0,7262.0,6.0,17,9,4,7,56,46000,1,1,1.0,1,111.0,184514.0,768.0,4063.0,48159.67,34143.0,89.0,3,67904.0,32625.52,51610.0,6,7,60920.0,32731.0,165449.0,5,0,93448.0,Y,591.34,current,F,34,MEDIUM,12.600000000000001,7,369.0,0,18.0
14912,17555,10404.0,1078.29,220.73,24429.87,1615.0,2139.25,13798.34,8.0,22,60,82,37,28,430000,1,1,1.0,1,4941.45,6.0,16215.0,5439.0,207327.26,36510.0,11.0,2,58408.0,44330.98,68985.86,6,8,67060.0,58934.75,15155.0,5,14,5080.0,Y,4298.98,current,M,53,MEDIUM,3.3000000000000003,8,537.0,1,16.0
14913,17295,4590.0,3214.1,633.0,20084.35,431.0,59253.265,8363.88,6.0,3,10,5,23,47,375000,1,1,1.0,1,327324.9,12257.0,2644.0,9827.0,5837.0,22636.0,12.0,13,32228.0,15294.99,264618.37,19,89,7615.0,80977.04,132381.0,3,52,101.0,Y,26179.16,current,M,51,MEDIUM,6.2,3,713.0,0,13.0
14914,4775,8947.0,12217.0,5339.44,1952.5,363.0,759.0,3264.0,12.0,30,50,53,3,98,143000,1,1,1.0,1,977377.25,109000.0,50000.0,20324.0,56922.65,42524.0,36.0,3,20847.03,10900.0,196221.0,2,20,32009.0,54799.57,109429.75,2,75,21941.0,Y,10987.61,current,M,38,LOW,9.0,1,683.0,1,15.0
14915,12215,19256.0,6727.85,34714.0,6133.2,7813.0,4384.395,5541.0,25.0,11,6,2,1,47,579000,1,1,1.0,1,12.19,6.0,2500.0,6916.0,20603.18,40575.0,46.0,36,49801.0,47324.12,62135.0,3,1,13487.0,28740.75,51059.36,6,32,24445.0,Y,1861.35,current,M,34,MEDIUM,8.4,6,374.0,0,10.0
14916,7624,28994.0,46856.51,4225.52,9981.96,3703.0,12931.08,6170.0,6.0,6,35,30,6,68,383000,1,1,1.0,1,207979.75,760470.3,126001.0,-5439.0,36380.54,40158.0,42.0,3,69995.0,31644.4,43568.0,0,20,23195.0,16768.44,45588.0,6,49,50201.0,Y,5959.31,saving,F,66,LOW,18.400000000000002,8,517.0,1,17.0
14917,10414,5961.0,5213.98,1462.0,4407.62,7806.94,16380.9,3779.67,1.0,34,52,1,4,1,192000,1,1,1.0,1,117168.65,35000.0,130000.0,14509.0,4651.0,54178.0,46.0,23,91228.0,35832.78,20244.0,43,86,19631.0,45669.28,31466.0,47,24,15490.35,Y,3004.61,current,F,53,LOW,9.9,2,445.0,1,13.0
14918,5387,10718.0,15320.0,1535.0,3564.7,12392.13,6434.0,6611.7,26.0,4,44,4,24,4,100000,1,1,1.0,1,47.45,360000.0,24619.0,-4679.0,23519.66,38681.81,11.0,3,11150.0,75865.47,25712.0,2,8,26701.0,13764.8,28681.0,3,32,21386.0,Y,401.56,current,F,33,MEDIUM,2.6,2,249.0,1,16.0
14919,4930,9213.0,15934.91,11663.0,848.22,3493.0,2855.0,1296.0,5.0,18,10,2,6,53,87000,1,1,1.0,1,544500.0,237365.38,6100.0,-5715.49022999999,125.75,60378.0,46.0,13,40600.0,14059.41,65427.72,3,59,19931.0,133176.64,65142.01,49,18,3730.0,Y,8845.49,current,M,60,LOW,36.0,4,464.0,1,20.0
14920,17820,6363.0,41757.0,3791.28,6216.19,1168.0,15543.105,25078.55,6.0,10,71,15,4,56,147000,1,1,1.0,1,81284.7,369448.8,50000.0,1500.0,99956.18,212717.0,32.0,36,31829.0,402803.09,37125.0,3,82,575.0,17492.71,27532.0,5,83,22740.0,Y,4085.63,saving,M,27,HIGH,2.8000000000000003,7,700.0,1,15.0
14921,13055,3727.0,3890.93,10130.61,18673.0,3839.0,12032.6,7421.71,7.0,9,69,8,3,8,353000,1,1,1.0,1,11878.6,35000.0,130000.0,-12179.0,22969.63,61140.0,4.0,9,61559.0,26072.72,25132.0,6,27,98988.0,40013.51,185715.0,9,12,11480.0,Y,43.84,current,M,60,MEDIUM,36.0,10,486.0,1,6.0
14922,14342,3250.0,21337.5,544.0,19403.87,16205.74,22693.79,4751.83,2.0,46,2,5,4,1,520000,1,1,1.0,1,7300.0,100934.0,550.0,-6885.0,8534.0,56934.0,55.0,6,23528.0,39708.12,31494.0,9,11,98599.0,100090.55,44257.0,9,54,25142.0,Y,72379.91,current,M,67,MEDIUM,32.9,2,927.0,0,4.0
14923,5784,4560.0,1464.93,2232.0,5847.84,2318.0,8791.195,12776.89,60.0,43,44,47,1,56,87000,1,1,1.0,1,32951.25,1382889.0,25524.0,0.0,56815.08,257457.0,42.0,2,50552.0,8261.7,38269.61,3,27,37388.0,33167.39,72294.0,6,7,94229.06,Y,5312.97,current,M,25,MEDIUM,4.5,6,519.0,0,9.0
14924,1250,19007.0,7697.57,4239.0,11203.84,9621.0,13159.0,6577.0,1.0,71,35,3,62,6,383000,1,1,1.0,1,12.19,1475000.0,73217.0,12174.0,42855.88,40744.0,4.0,36,25626.0,19843.36,66902.0,2,42,60625.0,39617.99,93746.25,4,18,25657.0,Y,2750.96,current,F,33,LOW,13.0,6,594.0,0,11.0
14925,12386,9385.0,9942.97,1360.0,10220.28,3823.0,5092.0,1564.0,9.0,128,13,7,36,1,319000,1,1,1.0,1,58928.67,75925.0,298472.0,8723.0,57250.38,115875.0,29.0,1,90943.0,58487.0,35955.0,2,23,26780.0,70239.48,542503.0,1,79,28676.0,Y,10147.06,current,F,29,MEDIUM,7.2,6,626.0,1,18.0
14926,19704,294849.0,546.03,11171.0,3320.93,5398.0,4225.375,4565.27,10.0,128,30,21,2,39,303000,1,1,1.0,1,138129.4,152664.0,126001.0,5439.0,82846.34,2152.0,3.0,13,77955.0,25284.17,54823.13,17,4,68875.0,31566.92,51354.0,12,7,31645.0,Y,13183.12,current,M,30,LOW,2.0,3,247.0,1,9.0
14927,788,10955.0,3133.15,1774.02,2928.1,1973.42,2755.04,2803.5,1.0,23,27,7,51,1,104000,1,1,1.0,1,140291.6,280000.0,36114.0,173.0,25999.25,44689.24,62.0,36,32422.0,168270.5,7083.0,1,78,33458.68,52856.8,122486.29,13,79,18180.0,Y,1218.63,current,M,46,LOW,2.6,9,818.0,0,13.0
14928,9911,11692.0,10443.76,11474.75,4181.7,1016.0,16028.375,30180.0,80.0,4,49,1,2,80,378000,1,1,1.0,1,31524.4,235.17,768.0,5773.0,134.95,59918.0,7.0,1,20050.0,16097.11,61303.0,7,8,17237.0,39911.06,23800.0,1,113,27596.0,Y,5785.14,current,M,53,LOW,33.0,9,258.0,1,12.0
14929,13044,10984.0,1566.0,1588.0,17162.7,4346.5,16940.535,886.58,43.0,10,112,15,8,47,47000,1,1,1.0,1,61186.36,53750.0,50000.0,5439.0,45601.0,13362.0,62.0,35,22347.0,22566.27,125472.0,4,8,64496.0,32845.8,54981.0,62,58,12462.0,Y,53499.84,current,M,37,LOW,15.3,5,464.0,1,13.0
14930,16502,7061.0,4049.65,8490.2,2597.17,9723.0,10397.97,7332.0,6.0,36,29,30,15,6,39000,1,1,1.0,1,55700.0,17000.0,12000.0,0.0,64270.78,380492.0,62.0,26,34850.0,30871.1,9756.31,3,20,71823.0,7426.04,783.0,10,11,38338.0,Y,1116.81,current,F,219,MEDIUM,59.7,2,575.0,1,11.0
14931,16590,6798.0,32166.17,5347.85,360.0,573.58,7600.27,9934.61,6.0,29,135,52,2,11,461000,1,1,1.0,1,1263221.7,15300.0,583.0,6885.0,12845.69,32296.0,69.0,3,54792.0,24318.96,6366.0,1,18,22060.0,29544.04,4461.65,53,113,167888.0,Y,7201.74,saving,F,29,LOW,4.5,2,766.0,1,12.0
14932,6256,8440.0,4977.71,5947.0,36066.58,364.0,2638.19,544.0,531.0,65,9,53,1,7,47000,1,1,1.0,1,690.0,96096.0,18389.0,2008.0,12191.24,30065.0,22.0,35,17803.0,19767.57,200086.0,43,50,52560.0,49595.15,64567.63,4,10,15626.0,Y,3467.27,current,M,35,MEDIUM,12.0,7,801.0,1,19.0
14933,4400,11693.0,11945.88,35585.94,21323.14,9684.76,4636.0,1545.0,32.0,10,87,1,11,13,670000,1,1,1.0,1,9255.43,96096.0,15756.0,-4679.0,65506.56,68240.0,46.0,43,37434.0,8156.09,69266.0,17,24,42344.0,1988.0,336.0,6,12,79428.0,Y,1584.63,current,F,28,LOW,8.0,3,243.0,1,5.0
14934,4923,17080.0,922.0,10291.4,850.0,1165.0,12053.6,1397.0,14.0,26,49,47,14,3,16000,1,1,1.0,1,67833.35,235.17,2019.0,173.0,17819.83,21343.0,95.0,2,19132.0,26838.76,27295.0,1,81,8125.0,42491.59,198398.0,4,21,37700.0,Y,2374.55,current,F,66,LOW,41.400000000000006,7,270.0,1,4.0
14935,14355,82895.0,16424.36,12557.48,1049.85,21107.0,21417.0,80603.0,20.0,30,64,4,5,80,47000,1,1,1.0,1,34249.0,20077.53,73501.0,167.0,40210.0,386.35,23.0,1,53549.0,38081.8,90534.0,1,11,62910.06,28929.01,120114.09,22,15,586100.0,Y,15117.33,current,M,30,MEDIUM,5.0,7,867.0,1,15.0
14936,4838,401926.0,16590.58,3323.0,64868.66,28274.0,1105.0,62973.2,7.0,23,5,48,56,11,255000,1,1,1.0,1,10008.0,82907.34,10973.0,3735.0,46.25,158666.7,42.0,4,23916.0,13774.75,46484.0,3,38,19021.0,29278.5,3393.75,47,11,50913.0,Y,2393.33,current,M,32,MEDIUM,6.0,5,351.0,1,19.0
14937,2018,8567.0,1926.0,35971.0,666.46,12274.1,2235.1,2575.38,5.0,27,13,1,1,12,352000,1,1,1.0,1,237823.88,189246.0,925.0,-4679.0,84275.64,128116.0,42.0,26,37691.0,1199.38,86479.18,9,8,76920.0,20652.99,96115.0,9,100,53059.0,Y,10388.71,current,M,30,MEDIUM,5.0,8,866.0,0,8.0
14938,17801,322490.0,10420.08,440.0,3675.92,1569.0,2790.08,3485.0,8.0,4,10,24,3,22,267000,1,1,1.0,1,51031.4,253000.0,33774.0,6409.0,49128.41,72208.0,90.0,31,22249.0,13310.5,28142.0,1,63,87752.0,84611.56,65359.29,4,120,4506.0,Y,9409.74,current,M,62,MEDIUM,25.200000000000003,9,594.0,1,17.0
14939,13694,4329.0,6365.48,1425.0,24037.04,10723.0,19848.575,3547.63,60.0,10,32,10,14,42,337000,1,1,1.0,1,111.0,409168.15,130000.0,6885.0,9989.25,21113.0,84.0,3,36131.0,58638.13,30000.0,4,9,27786.0,9345.1,147659.0,8,75,47093.0,Y,1573.44,current,M,33,MEDIUM,11.700000000000001,8,974.0,1,4.0
14940,10247,5152.0,13618.42,3302.0,2179.78,4576.0,3502.0,7881.0,24.0,36,74,1,60,1,193730,1,1,1.0,1,6440.0,41813.0,927.0,35346.0,13613.21,314172.0,4.0,2,106368.0,6211.0,52024.37,3,171,14297.0,41621.38,152696.0,18,120,20682.0,Y,2392.58,current,M,55,LOW,7.0,5,511.0,1,19.0
14941,15330,208457.0,30429.14,201544.79,605.62,2448.86,2181.79,426.81,10.0,85,87,17,51,20,232000,1,1,1.0,1,116.0,12000.0,3570.0,-6335.0,51806.25,26777.0,42.0,5,75622.0,121861.38,3073.0,3,20,36918.0,67070.7,48176.0,94,7,16763.0,Y,106.5,current,M,53,MEDIUM,16.5,2,583.0,1,4.0
14942,13129,225406.0,2421.5,58692.0,14980.58,997.0,5738.0,522.0,1.0,66,47,1,6,9,461000,1,1,1.0,1,604365.0,117890.0,13873.0,-5439.0,57319.58,97811.29,69.0,35,45747.0,46913.4,250289.0,0,20,36968.0,82672.68,39676.53,1,1,19503.0,Y,3477.77,current,M,62,LOW,8.4,10,725.0,1,18.0
14943,19616,1421.0,3492.0,5355.0,7442.82,2056.8,1218.19,1242.0,8.0,11,44,4,14,3,20000,1,1,1.0,1,16250.2,165970.9,126001.0,0.0,11106.94,46234.0,4.0,4,51649.0,103045.81,75949.0,3,7,157688.0,60838.34,67825.0,6,13,11712.0,Y,8185.22,current,M,27,HIGH,3.5,1,710.0,1,17.0
14944,10591,169832.0,12254.45,336.0,526.77,9914.92,52409.0,24148.83,1.0,46,13,1,2,56,124000,1,1,1.0,1,510.6,992890.32,4699.0,6885.0,45568.13,54491.0,8.0,9,36370.0,75841.6,140326.0,1,27,39978.0,73694.21,121516.0,21,8,39850.0,Y,2060.53,current,F,30,MEDIUM,5.0,1,653.0,0,16.0
14945,3718,15684.0,5299.28,27218.52,30447.0,6570.04,2114.3,9530.01,6.0,11,4,1,1,12,225000,1,1,1.0,1,48675.31,100934.0,78309.0,886.0,15358.25,195.0,10.0,5,54276.0,49265.09,59759.0,3,20,255263.08,12453.5,18222.95,94,65,22704.0,Y,103692.09,current,M,60,MEDIUM,8.0,10,537.0,0,4.0
14946,16233,5942.0,16590.58,778.76,2524.31,31087.15,10829.0,1309.0,56.0,39,9,5,17,64,240000,1,1,1.0,1,8554.5,12257.0,50000.0,-6335.0,59278.73,93568.0,23.0,0,101773.0,28650.6,59007.91,3,17,23649.0,144159.92,32256.29,13,21,22027.0,Y,5333.82,current,M,62,MEDIUM,8.4,9,686.0,0,17.0
14947,14970,39610.0,29350.0,7685.0,17812.55,1897.0,2833.6,444.0,5.0,2,44,2,51,2,143000,1,1,1.0,1,245964.0,42723.0,23500.0,-5998.43994,16500.38,19526.02,15.0,13,48044.0,12329.0,97700.0,9,171,104000.0,67511.55,58379.5,5,65,317800.0,Y,2853.1,current,M,46,MEDIUM,20.8,1,503.0,0,9.0
14948,12711,2072.0,3601.63,4771.0,1423.5,7610.0,1202.0,1306.0,7.0,3,59,7,1,47,47000,1,1,1.0,1,21220.0,29479.0,13533.0,0.0,68611.93,61376.5,46.0,13,15763.0,56684.42,46197.0,8,82,38546.0,21227.0,22190.93,2,54,24069.0,Y,16256.92,saving,M,33,MEDIUM,6.5,10,269.0,0,14.0
14949,12246,11415.0,3504.32,7747.91,1960.99,23116.0,11492.0,2104.0,5.0,23,64,60,6,3,198000,1,1,1.0,1,6558.8,15395.48,26241.0,4314.0,29095.63,14282.0,20.0,0,42367.0,16537.49,139256.86,43,2,92775.0,35473.0,11716.0,3,75,14577.0,Y,1892.52,current,F,33,LOW,10.4,3,488.0,1,19.0
14950,17958,12081.0,2360.5,87.0,15650.93,8366.74,69362.9,5171.01,66.0,5,87,1,1,75,184000,1,1,1.0,1,2184.0,115000.0,19400.0,-6885.0,68429.63,120598.0,5.0,5,26774.0,35328.01,62326.0,20,46,33272.0,21941.6,46252.0,62,100,36242.0,Y,34723.41,saving,M,42,LOW,19.8,5,867.0,1,6.0
14951,15826,286406.0,9693.0,83.0,4267.65,1646.0,4033.065,2575.38,101.0,65,17,53,62,22,302000,1,1,1.0,1,34443.0,125090.58,230000.0,-6885.0,27772.94,29492.0,90.0,9,52700.0,28759.0,109217.0,45,38,17445.0,29138.74,28918.25,117,113,39768.0,Y,3544.7,current,M,28,LOW,3.2,2,606.0,1,2.0
14952,11557,12693.0,28212.65,3473.0,15460.07,8537.77,83660.2,7973.0,1.0,10,3,42,21,2,170000,1,1,1.0,1,55700.0,200926.0,68000.0,5730.0,32112.87,73879.0,4.0,1,20934.0,118263.24,16431.0,2,11,101383.0,53367.05,63515.0,94,106,30520.0,Y,3896.44,current,M,30,MEDIUM,5.0,1,506.0,1,14.0
14953,7771,207939.0,15879.76,6137.6,48937.9,2133.79,24221.27,108013.0,19.0,29,84,25,2,55,47000,1,1,1.0,1,21511.8,210651.4,50000.0,1992.0,30595.0,39556.0,11.0,4,172283.0,317350.4,55749.0,8,29,15576.0,59975.75,21718.0,10,8,35918.0,Y,3215.66,current,F,53,MEDIUM,33.0,3,363.0,0,3.0
14954,15974,5902.0,29866.9,9115.25,22398.88,3333.0,11631.19,6301.25,7.0,38,90,30,1,54,423000,1,1,1.0,1,1359.3,760470.3,639.0,-5439.0,22604.2,67125.0,46.0,11,31403.0,18631.89,16559.0,9,11,55250.0,811.5,47675.0,47,32,21974.0,Y,1608.69,current,M,39,MEDIUM,11.4,10,743.0,0,3.0
14955,17784,18619.0,4522.34,8828.9,46926.02,1538.0,4479.81,1276.0,6.0,3,13,3,21,80,27000,1,1,1.0,1,6440.0,152.87,550.0,6260.0,82469.74,130119.41,43.0,1,158645.0,24439.4,34078.49,9,7,32478.0,172934.76,73203.0,3,61,38485.0,Y,2793.56,current,M,66,LOW,41.400000000000006,4,488.0,1,8.0
14956,11387,293700.0,16068.5,938.55,13736.94,2248.0,6189.0,4066.0,10.0,9,102,1,25,55,520000,1,1,1.0,1,39851.93,93.35,50000.0,6613.0,59030.1,64589.0,37.0,2,10837.0,50845.0,27750.0,6,38,27455.0,43950.62,98248.28,40,32,49708.0,Y,68.17,current,M,33,MEDIUM,7.800000000000001,8,233.0,1,16.0
14957,15908,286580.0,29890.33,10291.4,6805.05,1256.25,2139.25,3771.34,44.0,3,47,8,26,25,581000,1,1,1.0,1,153410.0,1187335.5,130000.0,1411.0,169745.0,26674.0,16.0,36,14585.0,177068.5,71214.0,2,69,101383.0,234156.77,19530.0,4,76,9874.0,Y,9862.84,current,M,60,LOW,36.0,4,505.0,1,6.0
14958,14303,8888.0,150282.87,4502.5,61935.42,4585.19,9178.0,659.0,6.0,4,30,4,3,41,300000,1,1,1.0,1,1502126.3,64309.52,25524.0,2921.0,16612.41,39417.0,6.0,3,39705.0,19946.66,678.0,70,44,112525.0,87319.47,50282.0,16,42,99704.0,Y,2171.35,current,M,54,MEDIUM,6.800000000000001,2,488.0,0,12.0
14959,12487,20150.0,7294.08,28035.0,19383.99,9519.88,1756.38,41199.0,6.0,4,5,8,3,1,124000,1,1,1.0,1,1235.85,560000.0,49975.0,2921.0,25639.95,36367.77,16.0,1,55252.0,11122.95,25302.57,3,59,141361.0,18601.92,33311.0,6,0,15794.0,Y,1717.55,current,F,32,MEDIUM,6.0,3,466.0,1,17.0
14960,11181,333785.0,2010.0,6496.05,2988.9,831.0,10521.5,8179.0,92.0,61,74,1,21,1,402000,1,1,1.0,1,185669.2,15300.0,25524.0,-6301.0,49512.61,1072.0,10.0,1,13025.0,20779.0,30888.37,4,108,5773.0,34451.25,19219.65,3,26,197161.0,Y,11933.35,current,M,42,MEDIUM,2.2,6,867.0,1,10.0
14961,8000,1171.0,6798.15,2493.04,11526.61,295.0,5554.0,3789.0,10.0,3,89,1,1,3,300000,1,1,1.0,1,516.8,399.09,54101.0,4150.0,322106.91,37973.0,23.0,1,90930.0,18103.49,220337.26,4,11,53710.0,54327.88,68496.0,12,32,13785.8,Y,580.39,current,M,35,MEDIUM,9.0,6,858.0,1,6.0
14962,1418,433.0,42799.26,4640.8,17605.38,10525.0,46602.0,573.01,44.0,66,61,1,2,9,255000,1,1,1.0,1,1641785.0,16000.0,1018.0,3897.0,52372.78,89394.63,12.0,0,13454.0,7648.87,36315.0,47,6,25150.0,85326.34,1345.21,40,13,29580.0,Y,3996.05,current,M,40,MEDIUM,8.0,3,771.0,1,14.0
14963,10799,127387.0,12222.0,13112.14,2482.15,13842.14,52807.37,1256.49,2.0,26,9,6,18,1,155000,1,1,1.0,1,26502.28,300000.0,16114.0,173.0,20603.18,119569.0,42.0,2,59144.0,44330.98,20366.0,5,5,16450.0,20309.64,70482.79,3,103,18451.33,Y,617.24,current,M,58,MEDIUM,3.8000000000000003,3,963.0,1,2.0
14964,735,16239.0,11137.0,10671.5,889.5,3045.53,28020.0,812.59,2.0,20,19,5,3,98,147000,1,1,1.0,1,144293.83,134000.0,19400.0,6613.0,112927.22,30109.0,5.0,3,40519.0,20813.23,27235.0,9,4,16915.0,89737.18,4019.0,94,72,3379.0,Y,9417.42,current,M,34,LOW,7.0,4,325.0,0,4.0
14965,18460,2943.0,7665.5,17761.0,42009.0,3160.0,15374.0,904.0,2.0,1,50,52,7,5,293000,1,1,1.0,1,9542.5,57345.0,527.0,4314.0,19381.25,279.5,11.0,4,19037.0,67843.95,19846.0,5,5,79283.0,26072.62,22783.0,43,11,37066.0,Y,18261.92,saving,M,32,MEDIUM,1.2000000000000002,3,355.0,0,15.0
14966,15048,308635.0,2959.77,2612.0,17376.3,436.0,14123.3,7256.0,14.0,6,7,47,5,80,114000,1,1,1.0,1,54860.05,117890.0,13873.0,14509.0,92900.96,50281.0,32.0,5,13972.0,196749.01,122173.74,6,16,27479.0,18585.0,27927.0,58,58,292089.0,Y,13170.34,current,M,30,LOW,10.0,10,966.0,1,10.0
14967,2581,15552.0,5086.59,1541.0,869.0,53554.0,33900.0,9682.44,2.0,26,82,3,6,56,252000,1,1,1.0,1,293418.75,37000.0,26241.0,1444.0,20814.88,300222.61,46.0,1,20442.0,29226.0,33152.5,1,8,25032.0,36260.01,25079.0,2,107,15151.0,Y,3704.56,current,M,219,MEDIUM,99.5,2,315.0,1,16.0
14968,10925,16053.0,54669.11,3798.0,7777.97,12917.35,5145.8,1826.0,3.0,32,3,1,9,1,784000,1,1,1.0,1,31454.1,390700.0,30000.0,12174.0,125913.54,36728.0,52.0,2,42002.0,13451.63,40554.0,1,20,121989.0,23003.75,60691.0,9,13,41712.0,Y,25069.07,current,F,35,HIGH,13.5,2,366.0,1,8.0
14969,11284,1008.0,5950.45,40755.2,5262.86,2249.0,7423.0,1654.5,92.0,23,53,1,11,4,68250,1,1,1.0,1,13732.93,2625.16,768.0,6916.0,119238.53,31733.01,24.0,33,38795.0,9232.59,210993.0,23,77,36592.0,19868.39,28240.0,13,80,15543.0,Y,6125.91,current,M,28,MEDIUM,0.8,1,448.0,0,13.0
14970,7199,177330.0,12652.0,8345.0,3301.0,3717.0,635.0,910.0,136.0,3,35,5,1,1,19000,1,1,1.0,1,13643.8,59306.0,15477.0,6885.0,25386.23,58072.0,8.0,5,37308.0,103070.6,13933.0,43,63,122301.0,120102.5,133477.0,7,83,28143.0,Y,10987.61,saving,M,44,MEDIUM,9.600000000000001,5,771.0,1,15.0
14971,16982,2746.0,10162.2,330.78,9134.42,12112.0,9617.0,3121.04,6.0,13,87,2,3,1,124000,1,1,1.0,1,10006.2,280000.0,25002.0,1500.0,128279.25,52400.99,62.0,1,55031.0,62598.75,118189.69,2,25,56458.0,141903.37,99778.4,4,73,62400.0,Y,64469.3,current,M,35,LOW,3.0,1,488.0,1,20.0
14972,16875,335976.0,3318.5,10671.5,13863.23,135662.0,2624.37,15813.3,3.0,5,82,1,62,5,199999,1,1,1.0,1,153935.02,376600.5,130000.0,0.0,20180.0,144898.0,16.0,2,34394.0,37405.0,6574.0,1,5,44972.0,27991.36,74372.0,5,21,22863.0,Y,13980.9,current,M,33,LOW,11.700000000000001,9,656.0,0,12.0
14973,1500,8191.0,42222.0,719.01,12573.87,3037.88,7254.8,3718.67,20.0,5,74,3,15,13,147000,1,1,1.0,1,68640.0,176487.6,50000.0,13135.0,91155.74,53251.0,11.0,7,32790.74,33090.4,141609.5,2,6,62810.0,124928.58,76809.75,8,113,20543.0,Y,2603.11,current,M,62,LOW,21.0,1,883.0,1,15.0
14974,7249,7705.0,6174.68,3822.0,9866.14,5393.67,5663.225,3327.0,12.0,50,4,8,12,58,44000,1,1,1.0,1,60800.0,3.0,50000.0,8723.0,59243.0,1105.0,11.0,19,26774.0,45675.35,38463.0,1,13,27034.09,78592.91,102657.5,40,58,30107.0,Y,2307.1,saving,M,53,MEDIUM,13.200000000000001,2,370.0,1,4.0
14975,10734,17158.0,66305.0,193.0,4876.0,46817.83,26550.81,7659.0,5.0,15,35,1,15,56,74100,1,1,1.0,1,567914.67,10701.0,4458.0,1079.0,121071.15,24917.0,42.0,1,26218.78,20787.71,34791.0,3,8,243528.0,152647.12,129577.0,4,9,25389.0,Y,185.53,current,M,39,MEDIUM,17.1,9,743.0,1,7.0
14976,19837,12419.0,17240.5,4121.43,4139.5,46531.0,802.0,7199.0,24.0,16,60,60,3,68,226000,1,1,1.0,1,1534.0,221000.0,50000.0,10210.0,30993.5,90120.0,4.0,19,20976.0,132375.47,306892.26,30,69,22575.0,77549.32,28631.0,10,11,25299.0,Y,7879.04,current,M,34,LOW,11.200000000000001,5,451.0,0,10.0
14977,9957,5405.0,8625.475,2306.5,24385.42,1524.0,9456.0,17501.0,1.0,77,27,24,3,4,564000,1,1,1.0,1,0.35,186474.96,891.0,2921.0,20815.0,29174.0,70.0,26,36067.46,118952.15,759757.0,0,13,39459.0,278997.73,50500.0,2,10,73787.0,Y,1086.69,current,M,64,LOW,8.8,6,867.0,0,11.0
14978,2875,654.0,6175.0,902.0,25761.69,22946.87,100334.51,27335.12,7.0,6,64,57,7,42,170000,1,1,1.0,1,46962.5,16000.0,33950.0,167.0,77583.58,22511.0,69.0,0,28180.0,53560.98,2195.0,50,86,36725.0,52652.63,78866.79,94,7,30083.0,Y,4140.41,current,M,29,MEDIUM,9.0,7,658.0,1,15.0
14979,14151,20157.0,7952.29,9748.7,3089.88,2853.0,7556.3,616.0,2.0,29,30,21,6,44,289000,1,1,1.0,1,140262.4,116000.0,183999.0,-6281.37987999999,105433.42,23212.0,36.0,35,35280.0,208008.0,593741.0,11,78,33038.0,45851.1,53525.0,21,120,20612.0,Y,2578.6,current,M,49,MEDIUM,5.800000000000001,6,708.0,0,18.0
14980,5045,18349.0,8994.62,546.31,11022.5,3337.94,48587.135,2076.0,100.0,34,74,6,2,42,212500,1,1,1.0,1,73010.0,30436.0,12560.0,-4664.0,99359.32,178689.0,35.0,3,20015.0,65946.0,11160.0,5,29,67367.0,27440.69,157397.5,94,124,73263.0,Y,27113.03,saving,M,40,MEDIUM,8.0,6,626.0,1,20.0
14981,12637,3336.0,27105.74,933.2,4717.0,3876.0,9883.96,1204.12,25.0,18,47,7,14,47,16000,1,1,1.0,1,262584.0,51531.0,15756.0,2337.0,44012.65,23113.0,10.0,1,55539.0,89715.95,76922.36,2,4,24320.0,68356.73,140120.0,6,83,35485.0,Y,2909.8,current,F,37,MEDIUM,6.800000000000001,4,355.0,1,10.0
14982,11794,4810.0,66120.54,1174.0,7895.38,1662.76,8793.0,6719.85,5.0,10,50,82,2,56,393000,1,1,1.0,1,42460.6091,157624.24,16068.0,5439.0,79855.84,127563.0,90.0,33,15970.0,32996.68,5194.0,3,82,53710.0,80855.97,41280.0,4,50,26690.0,Y,161.23,saving,M,34,MEDIUM,7.0,10,448.0,1,8.0
14983,3426,10064.0,1891.58,255.0,3001.95,287.0,13459.965,3176.0,100.0,77,38,18,18,98,330000,1,1,1.0,1,102.95,39833.19,49975.0,1089.0,18541.0,88935.0,20.0,1,29710.0,74493.24,17217.0,1,20,16000.0,62746.0,51494.0,4,104,17003.0,Y,1360.05,current,M,28,MEDIUM,4.800000000000001,7,858.0,1,15.0
14984,9277,18610.0,6726.56,13607.0,1956.74,2186.14,44141.32,631.0,4.0,85,44,1,36,1,375000,1,1,1.0,1,10000.0,376694.91,155205.0,-3625.0,26850.37,65152.0,11.0,1,22357.0,119350.33,48687.73,5,13,226997.0,558395.5,106766.0,9,79,157500.0,Y,31.3,saving,F,38,HIGH,3.6,1,245.0,1,11.0
14985,4365,10537.0,4056.18,1324.6,12544.62,5647.0,15238.92,2179.98,9.0,2,2,4,6,47,228000,1,1,1.0,1,209110.5,278904.9,18389.0,1931.0,44828.92,35775.0,7.0,15,6100.0,17496.34,78917.0,47,23,20709.0,47650.75,56943.0,2,1,43511.0,Y,1337.65,saving,M,58,MEDIUM,22.8,1,454.0,0,6.0
14986,12955,10303.0,3299.72,3552.5,108058.12,20118.0,7893.72,4893.0,63.0,29,50,3,8,4,326000,1,1,1.0,1,27078.09,64491.0,5591.0,1500.0,36348.28,62316.0,4.0,36,22848.0,39384.0,110488.74,2,24,8470.0,29623.97,235283.02,9,32,88907.0,Y,1494.18,current,M,62,LOW,33.6,8,736.0,1,7.0
14987,458,16049.0,94554.32,12302.59,8316.36,6617.78,1093.08,1982.0,124.0,10,60,30,3,6,16000,1,1,1.0,1,516.8,446457.0,3975.0,-3625.0,19731.53,43547.0,3.0,4,22906.0,29780.38,327120.61,70,171,16306.0,49846.26,110703.0,19,25,168640.0,Y,2950.65,current,M,33,HIGH,1.3,9,445.0,0,17.0
14988,4211,8316.0,9880.235,1960.31,42548.0,2930.0,1689.005,4100.2,6.0,23,16,39,51,1,400000,1,1,1.0,1,10006.2,330001.0,5797.0,-6281.37987999999,117150.3,52940.64,77.0,35,24966.0,29640.8,26839.0,3,20,21397.0,241358.75,37502.0,1,14,20287.0,Y,530.29,saving,F,37,MEDIUM,10.200000000000001,9,485.0,0,6.0
14989,13116,12310.0,3844.5,7684.0,4077.09,3337.94,5848.0,1981.0,8.0,10,74,3,1,79,97000,1,1,1.0,1,516.8,35000.0,6100.0,5730.0,22064.67,53106.0,69.0,2,79699.0,28498.1,134896.0,2,35,16187.0,793.0,42396.0,41,36,13070.0,Y,2646.18,current,M,30,LOW,8.0,7,957.0,0,4.0
14990,13397,19629.0,58692.62,142905.29,6739.35,11638.0,1252.66,340.0,124.0,2,35,18,18,47,406000,1,1,1.0,1,2.13,240000.0,678.0,1444.0,84701.93,99885.0,29.0,1,20614.0,60120.31,32551.0,4,87,69052.0,67065.0,10819.0,6,0,13689.0,Y,2200.59,current,M,223,LOW,182.70000000000002,6,801.0,1,5.0
14991,14189,3790.0,4421.5,481.5,5872.98,1178.0,14479.0,577.8,4.0,10,10,24,5,3,505000,1,1,1.0,1,199690.5,470000.0,12000.0,5439.0,15473.24,99885.0,5.0,3,31400.0,348598.75,21574.74,3,5,16187.0,24443.0,358.0,3,58,11846.4,Y,2896.73,current,M,30,LOW,10.0,2,558.0,1,15.0
14992,2096,11780.0,14181.0,15759.0,27766.51,498.0,11139.545,1048.66,5.0,5,84,57,1,22,58000,1,1,1.0,1,52209.5,60000.0,28912.0,886.0,150609.75,3189.0,11.0,26,45950.0,60897.0,26185.29,3,11,31128.0,41973.58,64567.63,19,58,25360.0,Y,6284.72,current,M,66,LOW,18.400000000000002,4,640.0,1,14.0
14993,11967,6768.0,32065.55,10557.0,3548.68,5995.0,16453.46,3272.0,531.0,23,82,60,9,42,232000,1,1,1.0,1,60800.0,470000.0,583.0,-6281.37987999999,48115.25,31440.49,91.0,3,39293.0,23291.88,9145.0,6,27,17454.0,19526.96,114954.0,3,12,23029.0,Y,747.23,current,F,49,MEDIUM,17.400000000000002,4,809.0,0,12.0
14994,5480,1721.0,30347.75,1390.23,2217.46,45480.88,16308.0,1306.0,2.0,99,4,1,17,2,402000,1,1,1.0,1,76780.0,59306.0,643.0,2351.0,5426.25,15214.0,16.0,3,35728.0,13827.5,256.88,12,1,16208.0,297363.0,125022.0,10,67,11846.4,Y,4536.83,current,M,27,MEDIUM,1.4000000000000001,5,445.0,1,16.0
14995,6995,4263.0,10443.76,1218.85,7252.24,3873.0,6633.0,10107.0,3.0,36,3,44,55,29,520000,1,1,1.0,1,186189.0,24000.0,16215.0,977.0,30608.54,31135.0,79.0,2,27608.0,30501.77,23692.0,1,8,6936.0,487751.19,42625.5,14,8,82851.0,Y,78966.76,current,F,53,LOW,13.200000000000001,9,653.0,1,20.0
14996,10376,11019.0,29890.33,6308.0,16025.5,7610.0,2213.08,841.6,1.0,34,4,7,1,2,472000,1,1,1.0,1,24832.0,221000.0,12337.0,-6281.37987999999,39903.0,23797.0,43.0,2,30512.0,57918.69,50023.0,4,20,202639.0,8666.01,34987.55,11,18,118110.47,Y,4762.1,current,M,44,MEDIUM,2.4000000000000004,9,535.0,1,2.0
14997,2181,404227.0,4148.98,948.74,19360.26,494.0,44363.91,1801.77,57.0,23,61,24,3,3,44000,1,1,1.0,1,180615.02,253000.0,25000.0,10210.0,29525.63,95477.27,4.0,1,41085.0,25404.75,35239.0,43,5,44421.0,97896.48,261432.0,4,73,49545.0,Y,2877.33,current,M,37,MEDIUM,3.4000000000000004,9,464.0,1,8.0
14998,18417,28813.0,115574.0,7191.05,44341.13,34817.2,20679.0,1010.0,7.0,128,44,3,9,1,359000,1,1,1.0,1,3299447.136,393982.1,3975.0,-4664.0,119370.54,59644.0,3.0,29,19110.0,46086.9,82193.0,3,25,22409.0,22693.92,33025.29,3,80,16130.0,Y,13006.84,current,M,220,MEDIUM,40.0,10,536.0,1,3.0
14999,4547,16252.0,7375.67,306.8,5859.49,6702.4,33211.65,263.0,28.0,71,10,30,6,47,256000,1,1,1.0,1,58834.74,22400.0,5540.0,-5998.43994,61586.25,836121.5,55.0,5,130849.0,166641.35,30431.0,2,82,8084.0,41328.96,78574.0,47,50,22849.0,Y,1588.6,current,M,66,MEDIUM,4.6000000000000005,2,269.0,0,8.0
